-0.00025
-0.00023
-0.00022
-0.00034
-0.00070
-0.00097
-0.00075
-0.00065
-0.00080
-0.00040
0.00028
0.00026
-0.00034
-0.00129
-0.00183
-0.00117
-0.00034
-0.00069
-0.00040
0.00183
0.00200
-0.00138
-0.00407
-0.00366
-0.00240
-0.00271
-0.00174
-0.00001
-0.00045
-0.00306
-0.00618
-0.00385
0.00153
0.00297
0.00283
0.00606
0.00909
0.00544
0.00440
0.00261
-0.00463
-0.00782
0.00017
0.01034
0.00142
-0.00584
0.00303
0.01128
0.01751
0.02647
0.02784
0.01465
0.00251
-0.00147
-0.00012
0.01094
0.00243
-0.03047
-0.03790
-0.02768
-0.01701
-0.00755
-0.00081
0.00017
-0.01627
-0.02475
-0.01978
-0.01124
0.00280
0.00865
-0.00182
-0.01364
-0.01339
-0.01049
-0.00823
-0.00384
-0.00347
-0.00494
-0.01137
-0.02238
-0.01740
0.02015
0.05501
0.03778
0.00061
-0.01280
0.00616
0.02604
0.01145
-0.01049
-0.02101
-0.02490
-0.01241
-0.00945
-0.00484
0.01177
0.01612
0.02475
0.02939
0.02808
0.03581
0.00761
-0.02129
-0.03535
-0.02386
0.02440
0.01911
0.00841
0.01405
0.01251
0.02329
0.00668
-0.01624
-0.02214
-0.01957
-0.01194
-0.02685
-0.02692
-0.01482
-0.01435
0.00607
0.02115
0.02048
0.01511
-0.00083
-0.00436
0.01521
0.02402
0.01746
0.01605
0.01596
-0.00925
-0.02413
-0.00285
0.03546
0.02810
-0.02172
-0.03985
-0.01353
0.00408
-0.01323
-0.02540
0.01208
0.04170
-0.00001
-0.05978
-0.06968
-0.01382
0.02402
-0.00228
-0.00874
0.02248
0.04522
0.03046
-0.01589
-0.02125
0.04520
0.08764
0.05117
0.01605
0.04371
0.09327
0.08427
0.01580
-0.02329
-0.00146
0.02447
0.01171
-0.00528
0.01045
0.05334
0.11233
0.17313
0.21160
0.23565
0.26785
0.29968
0.32341
0.35146
0.33759
0.22667
0.08411
-0.03411
-0.16119
-0.33379
-0.46239
-0.50634
-0.51364
-0.51998
-0.54480
-0.59750
-0.64112
-0.56664
-0.35697
-0.14028
-0.00371
0.06634
0.13585
0.17983
0.18063
0.17949
0.17441
0.14830
0.09829
0.03174
-0.01014
0.01466
0.06278
0.09810
0.13556
0.16669
0.19292
0.21467
0.23363
0.26612
0.32482
0.39832
0.45857
0.48226
0.47833
0.47202
0.47821
0.48172
0.43216
0.30215
0.12264
-0.05784
-0.20537
-0.29418
-0.34934
-0.40019
-0.45105
-0.52050
-0.60422
-0.68900
-0.77589
-0.83423
-0.82615
-0.71691
-0.53100
-0.35210
-0.21184
-0.09842
-0.01973
0.02270
0.07122
0.15134
0.22850
0.28367
0.33059
0.34360
0.31097
0.26569
0.21061
0.12003
0.00792
-0.07213
-0.10176
-0.12021
-0.14508
-0.15900
-0.16534
-0.18248
-0.19138
-0.17797
-0.13265
-0.03960
0.04501
0.07889
0.11012
0.12946
0.08914
0.02525
-0.00888
-0.00259
0.04254
0.09716
0.12571
0.14624
0.18234
0.22840
0.27180
0.30071
0.30160
0.26940
0.22264
0.18150
0.13996
0.09276
0.05679
0.04752
0.05103
0.03966
0.03344
0.06137
0.08705
0.08904
0.06476
0.04951
0.07946
0.10703
0.07790
0.06379
0.07303
0.00353
-0.10722
-0.13966
-0.09721
-0.04283
-0.02029
-0.00162
0.02969
0.02994
0.03131
0.10765
0.20994
0.26639
0.24956
0.17886
0.10902
0.04266
-0.03093
-0.12648
-0.24546
-0.35994
-0.45018
-0.52017
-0.58947
-0.67263
-0.74184
-0.71338
-0.53585
-0.25841
0.03025
0.22559
0.24743
0.27997
0.39654
0.37137
0.23307
0.10943
-0.02174
-0.17469
-0.29253
-0.33895
-0.32919
-0.25175
-0.11857
0.02766
0.16503
0.27979
0.39870
0.48160
0.52610
0.57173
0.59042
0.55221
0.47840
0.38910
0.29713
0.20642
0.07995
-0.09862
-0.24927
-0.29658
-0.24806
-0.20145
-0.22280
-0.29773
-0.34924
-0.30817
-0.18779
-0.05611
0.01993
0.02558
0.03006
0.03088
0.00246
-0.02907
-0.05649
-0.08793
-0.09967
-0.03497
0.08313
0.16806
0.19918
0.23415
0.33400
0.44447
0.48839
0.42536
0.26683
0.07417
-0.11300
-0.28046
-0.41971
-0.51384
-0.52313
-0.43094
-0.32840
-0.26229
-0.19870
-0.12828
-0.06432
0.00360
0.01345
-0.08728
-0.21425
-0.28031
-0.24365
-0.14886
-0.07717
0.00951
0.14157
0.28089
0.37623
0.40654
0.41108
0.39770
0.37473
0.35030
0.31981
0.28824
0.23362
0.12514
-0.00670
-0.13144
-0.24138
-0.33081
-0.37610
-0.34273
-0.24953
-0.16639
-0.09286
-0.00234
0.05347
0.05558
0.02240
-0.02624
-0.07727
-0.12210
-0.15110
-0.17773
-0.21637
-0.25380
-0.29792
-0.30610
-0.26703
-0.22083
-0.16539
-0.11848
-0.09783
-0.07873
-0.02857
0.04652
0.12712
0.20200
0.25906
0.28746
0.27236
0.21753
0.16326
0.13887
0.12643
0.10804
0.09764
0.10578
0.11417
0.12222
0.13024
0.13232
0.13729
0.14598
0.14531
0.12000
0.06278
-0.02813
-0.13863
-0.23353
-0.27324
-0.24585
-0.19017
-0.13451
-0.08418
-0.05042
-0.01951
0.01661
0.05910
0.09050
0.08797
0.06312
0.05306
0.06498
0.08081
0.10584
0.14117
0.15723
0.12500
0.06080
-0.01160
-0.08608
-0.14789
-0.18568
-0.20395
-0.19419
-0.13780
-0.05369
0.01853
0.06822
0.10575
0.13397
0.14684
0.13982
0.11372
0.06589
0.00850
-0.04179
-0.08367
-0.11602
-0.13892
-0.16168
-0.18742
-0.19108
-0.16006
-0.12185
-0.08681
-0.03862
0.02319
0.08727
0.14748
0.18920
0.20307
0.19030
0.14519
0.08120
0.02897
0.00332
-0.00327
-0.02065
-0.06396
-0.10779
-0.13204
-0.14963
-0.16988
-0.16921
-0.12341
-0.05247
0.01213
0.06040
0.09579
0.12411
0.14885
0.16206
0.15035
0.12333
0.08267
0.02525
-0.01251
-0.02853
-0.03840
-0.04661
-0.04994
-0.02965
0.00468
0.03488
0.06016
0.07718
0.08938
0.09841
0.09090
0.06810
0.04296
0.01893
-0.01343
-0.04798
-0.06793
-0.08559
-0.10645
-0.10499
-0.09230
-0.06824
-0.03021
0.00200
0.02860
0.05275
0.06610
0.06564
0.06626
0.07995
0.08773
0.07715
0.06717
0.06489
0.06492
0.06141
0.05427
0.03802
0.01838
0.00667
-0.01764
-0.04714
-0.05162
-0.05299
-0.06302
-0.05805
-0.05042
-0.05601
-0.06513
-0.07236
-0.07739
-0.07513
-0.07462
-0.08035
-0.07312
-0.05049
-0.03280
-0.02213
-0.00779
0.01901
0.04893
0.07213
0.08349
0.08760
0.08760
0.07126
0.04499
0.02249
-0.00465
-0.04519
-0.07510
-0.08709
-0.09602
-0.09051
-0.06724
-0.04864
-0.03446
-0.01262
0.01153
0.02261
0.03514
0.06280
0.08272
0.08107
0.06476
0.03910
0.00730
-0.01759
-0.03278
-0.04931
-0.06944
-0.08789
-0.09990
-0.10113
-0.08823
-0.06251
-0.03986
-0.02852
-0.01412
0.00857
0.02607
0.02458
0.01580
0.02086
0.03496
0.03813
0.02903
0.02607
0.02348
0.01540
0.01189
0.00884
-0.00409
-0.02483
-0.04100
-0.04865
-0.05438
-0.06195
-0.06981
-0.06170
-0.02810
0.01685
0.05593
0.08612
0.10548
0.10424
0.08661
0.06962
0.05544
0.03446
0.00536
-0.02218
-0.04091
-0.04960
-0.05728
-0.07869
-0.09788
-0.09040
-0.06525
-0.04655
-0.03670
-0.02246
-0.00087
0.00938
-0.00334
-0.02743
-0.04768
-0.05756
-0.06339
-0.07040
-0.07690
-0.08449
-0.08523
-0.07050
-0.04463
-0.01490
0.01892
0.05570
0.09096
0.12685
0.15955
0.17589
0.17876
0.18114
0.18187
0.16631
0.13268
0.09554
0.06153
0.02718
-0.00618
-0.03357
-0.04952
-0.05639
-0.05641
-0.04903
-0.04065
-0.03317
-0.02085
-0.00960
-0.01360
-0.02251
-0.02286
-0.02384
-0.03561
-0.04700
-0.04452
-0.03220
-0.02516
-0.02590
-0.01211
0.02523
0.06860
0.09954
0.11842
0.12864
0.12334
0.10253
0.07113
0.03172
-0.00659
-0.03510
-0.05749
-0.08067
-0.10006
-0.10534
-0.09482
-0.07341
-0.04704
-0.01455
0.01897
0.04735
0.06792
0.07615
0.07904
0.08606
0.08966
0.07920
0.06130
0.04666
0.03622
0.03009
0.03018
0.03055
0.02119
0.00728
-0.00071
-0.00916
-0.02209
-0.03313
-0.04585
-0.06245
-0.07534
-0.08403
-0.08147
-0.05778
-0.03716
-0.03445
-0.03186
-0.02457
-0.01764
-0.01471
-0.02225
-0.03369
-0.03122
-0.01652
0.00029
0.01816
0.02856
0.02829
0.02807
0.02576
0.01492
0.00367
-0.00166
-0.01006
-0.02210
-0.02220
-0.01448
-0.00975
-0.00478
0.00080
0.01083
0.02489
0.03227
0.03257
0.02889
0.01458
-0.00274
-0.01219
-0.02092
-0.02772
-0.02580
-0.02583
-0.03068
-0.02979
-0.02217
-0.01793
-0.01799
-0.01513
-0.00656
-0.00083
-0.00207
-0.00204
-0.00034
-0.00101
-0.00113
-0.00098
-0.00543
-0.01473
-0.02425
-0.02943
-0.03294
-0.03502
-0.02681
-0.00653
0.01561
0.03077
0.03394
0.02180
0.00051
-0.02145
-0.03953
-0.05179
-0.06070
-0.06356
-0.05247
-0.02919
-0.00159
0.03095
0.07023
0.10667
0.13314
0.14909
0.15400
0.14971
0.13769
0.11444
0.08008
0.04220
0.00185
-0.04006
-0.07497
-0.10212
-0.12392
-0.13039
-0.11569
-0.09132
-0.06797
-0.04912
-0.02265
0.01484
0.04750
0.06748
0.07787
0.07086
0.04201
0.00812
-0.02081
-0.04696
-0.06717
-0.08270
-0.09740
-0.10331
-0.09374
-0.07124
-0.03970
-0.00496
0.02383
0.04405
0.05698
0.06015
0.05262
0.04265
0.03133
0.01300
-0.00649
-0.01691
-0.01936
-0.02088
-0.01869
-0.00496
0.01471
0.02886
0.03288
0.03139
0.02779
0.01711
-0.00173
-0.02326
-0.04208
-0.05385
-0.05043
-0.02879
-0.00390
0.00555
0.01110
0.02909
0.04828
0.05524
0.04755
0.03108
0.01349
0.00330
0.00376
0.00711
0.01044
0.01632
0.01965
0.01294
0.00104
-0.00848
-0.01235
-0.01037
-0.01235
-0.02339
-0.03206
-0.03105
-0.02345
-0.01324
-0.00524
-0.00287
0.00040
0.00933
0.01979
0.02958
0.03739
0.03949
0.03712
0.03385
0.02903
0.01900
0.00460
-0.01239
-0.03072
-0.03999
-0.03505
-0.02791
-0.02955
-0.03709
-0.04020
-0.03484
-0.02437
-0.01104
0.00472
0.01728
0.02516
0.03016
0.03187
0.03077
0.02546
0.01659
0.01311
0.01549
0.01390
0.01186
0.01457
0.01512
0.01072
0.00729
0.00969
0.01091
0.00914
0.01034
0.00707
-0.00440
-0.01245
-0.01394
-0.01313
-0.01098
-0.00488
0.00042
-0.00199
-0.00718
-0.00870
-0.00867
-0.00904
-0.00752
-0.00767
-0.01008
-0.00821
-0.00602
-0.00642
-0.00376
-0.00260
-0.00367
-0.00278
-0.00459
-0.01169
-0.01907
-0.02225
-0.02099
-0.01566
-0.00669
0.00630
0.02085
0.03244
0.03826
0.03887
0.03231
0.01939
0.00572
-0.00772
-0.02277
-0.03560
-0.04369
-0.04463
-0.03704
-0.02700
-0.01849
-0.00861
0.00264
0.01139
0.01628
0.01884
0.01905
0.01649
0.00941
-0.00093
-0.00782
-0.01102
-0.01505
-0.01742
-0.01548
-0.01172
-0.00633
0.00112
0.00459
0.00194
-0.00114
-0.00273
-0.00239
-0.00114
-0.00242
-0.00565
-0.00831
-0.00767
-0.00282
0.00374
0.01063
0.01881
0.02682
0.03165
0.03554
0.03838
0.03640
0.02780
0.01508
0.00448
-0.00315
-0.01020
-0.01603
-0.01837
-0.01679
-0.01267
-0.00782
-0.00346
0.00197
0.00993
0.01539
0.01188
0.00151
-0.00947
-0.01785
-0.01923
-0.01526
-0.01221
-0.00898
-0.00260
0.00462
0.00932
0.01036
0.00984
0.00691
-0.00087
-0.00749
-0.00855
-0.00734
-0.00630
-0.00337
0.00042
0.00178
0.00334
0.00566
0.00590
0.00249
-0.00263
-0.00456
-0.00438
-0.00239
0.00380
0.00899
0.00987
0.00713
0.00439
0.00328
0.00282
0.00408
0.00646
0.01055
0.01703
0.02310
0.02689
0.02885
0.02594
0.01610
0.00280
-0.01086
-0.02367
-0.03291
-0.03840
-0.04545
-0.05371
-0.05585
-0.04917
-0.03658
-0.02419
-0.01340
-0.00162
0.00905
0.01801
0.02561
0.02972
0.02836
0.02283
0.01533
0.00725
-0.00028
-0.00730
-0.01104
-0.00952
-0.00447
0.00390
0.01274
0.01561
0.01475
0.01454
0.01314
0.01140
0.00988
0.00591
-0.00010
-0.00534
-0.00757
-0.00608
-0.00232
0.00197
0.00490
0.00735
0.01055
0.01028
0.00505
-0.00220
-0.00903
-0.01483
-0.01781
-0.01476
-0.00635
0.00402
0.01223
0.01567
0.01396
0.00771
-0.00150
-0.01125
-0.01994
-0.02687
-0.03035
-0.02958
-0.02604
-0.01827
-0.00598
0.00512
0.01262
0.01897
0.02293
0.02372
0.02239
0.01775
0.01082
0.00558
0.00546
0.00777
0.00647
0.00125
-0.00430
-0.00610
-0.00360
-0.00080
0.00043
-0.00009
0.00055
0.00391
0.00650
0.00693
0.00668
0.00653
0.00613
0.00561
0.00610
0.00647
0.00570
0.00195
-0.00729
-0.01796
-0.02375
-0.02311
-0.01997
-0.01949
-0.02043
-0.01851
