1.476012e-03
-1.074233e-03
-2.802378e-03
-1.409339e-03
1.386178e-03
-1.458921e-03
-3.394198e-03
5.398866e-03
7.009072e-03
-1.791880e-03
-4.103610e-03
5.829742e-03
1.021019e-02
9.532325e-04
-1.359551e-02
-1.592059e-02
4.071916e-03
1.017200e-02
6.473952e-03
-2.982016e-03
-4.494241e-03
1.312016e-03
1.005279e-02
8.626200e-03
-1.056530e-04
-5.813223e-03
-1.937583e-02
-3.091681e-02
-7.834933e-03
2.816829e-02
3.081852e-02
1.488739e-02
-6.933236e-03
-1.821524e-02
-2.326607e-02
-6.514700e-04
1.735476e-02
5.532095e-03
-1.097766e-03
-4.848183e-03
-1.177490e-02
-6.866565e-03
1.731261e-02
8.957853e-03
-1.627282e-02
-2.216635e-02
-2.544462e-02
-5.769838e-03
1.543085e-02
2.698027e-02
2.557977e-02
9.658531e-03
-1.078948e-02
-1.709623e-02
-1.446168e-02
-1.290731e-02
-7.235232e-03
1.369706e-02
2.219962e-02
8.707902e-03
1.139311e-03
1.840261e-02
1.304636e-02
-2.401148e-02
-2.743690e-02
-9.375552e-04
1.849623e-02
2.770450e-02
1.600276e-02
4.023563e-03
-2.514655e-05
-6.456589e-03
-5.582806e-03
1.443739e-02
3.711058e-02
1.345843e-02
-3.485429e-02
-3.890716e-02
6.282477e-03
2.511428e-02
3.502823e-02
4.128892e-03
-1.651232e-02
-2.272257e-02
-2.409805e-02
2.991607e-03
3.214573e-02
3.048870e-02
1.567058e-03
5.091602e-03
1.144868e-02
-5.920483e-03
-1.034585e-02
1.613783e-02
2.960424e-02
1.726772e-02
-3.990496e-02
-2.952510e-02
2.633256e-04
8.268611e-03
3.151880e-02
6.687843e-02
5.909612e-02
-2.925601e-02
-7.015263e-02
-8.315840e-02
-4.519375e-02
1.613500e-02
4.773686e-02
6.283205e-02
2.228419e-02
-1.585953e-02
-2.997004e-02
-2.988419e-02
3.244546e-03
1.345897e-02
2.647107e-03
1.505656e-02
2.185802e-02
1.062079e-02
-1.623197e-03
4.485665e-03
1.593932e-02
1.836859e-03
-3.730049e-02
-5.596033e-02
-5.104492e-02
-2.652511e-02
8.053918e-03
3.681078e-02
5.589803e-02
2.985945e-02
1.400760e-02
7.307184e-03
1.510503e-02
2.203486e-02
1.929813e-02
2.620550e-02
3.399107e-02
1.479050e-02
-3.959252e-03
-2.205314e-02
-6.764931e-02
-7.974052e-02
-5.934984e-02
-5.272101e-02
-2.793008e-02
2.505774e-02
2.709042e-02
2.434337e-02
3.974619e-02
6.059172e-02
5.997849e-02
6.102683e-02
4.060008e-02
-1.695467e-02
-4.193268e-02
-4.168509e-02
-4.640693e-02
-1.415684e-02
2.388990e-02
2.674255e-02
7.630507e-03
-3.334524e-02
-3.942374e-02
-2.383132e-02
1.208332e-03
1.175275e-02
-4.341155e-03
-2.568603e-02
-7.296813e-03
4.391701e-02
6.240822e-02
1.803885e-02
-1.672926e-02
-4.099005e-03
-1.495324e-02
-4.761303e-02
-6.607240e-02
-6.426233e-02
-6.639354e-02
-7.289955e-02
-7.211562e-02
-7.179070e-02
-7.759394e-02
-8.695701e-02
-9.791332e-02
-1.075150e-01
-1.014150e-01
-6.405284e-02
1.989570e-02
1.181916e-01
1.934181e-01
2.449653e-01
2.719213e-01
2.790454e-01
2.730932e-01
2.493695e-01
1.776854e-01
1.343929e-02
-1.719422e-01
-3.681489e-01
-4.875568e-01
-5.149424e-01
-4.401280e-01
-3.201216e-01
-2.122746e-01
-2.706156e-02
1.324404e-01
2.370814e-01
3.043713e-01
2.503575e-01
1.005566e-01
-5.324576e-02
-2.433469e-01
-2.804950e-01
-2.885383e-01
-2.260344e-01
-1.019256e-01
6.551589e-02
2.362183e-01
3.347200e-01
3.771737e-01
4.316604e-01
5.009003e-01
5.191963e-01
4.512014e-01
2.189252e-01
-3.556343e-02
-3.271975e-01
-5.265848e-01
-5.340906e-01
-4.165518e-01
-2.556322e-01
-1.533530e-02
1.249660e-01
2.277801e-01
2.945843e-01
2.996365e-01
2.758055e-01
2.091854e-01
1.219787e-01
1.555615e-02
-4.783869e-02
-6.961142e-02
-6.589435e-02
-7.998139e-02
-1.145633e-01
-1.500092e-01
-1.764718e-01
-1.792287e-01
-1.557196e-01
-1.279041e-01
-9.180203e-02
-5.580914e-02
-3.697777e-02
-3.800578e-02
-5.809047e-02
-8.898207e-02
-1.242658e-01
-1.683695e-01
-1.999281e-01
-2.420734e-01
-2.927030e-01
-3.746232e-01
-4.253527e-01
-5.266040e-01
-5.829885e-01
-3.089562e-01
9.626333e-02
4.170636e-01
5.313914e-01
5.655828e-01
5.654299e-01
5.329951e-01
4.630883e-01
3.460587e-01
2.611162e-01
2.333774e-01
1.799049e-01
1.569662e-01
1.973368e-01
2.228767e-01
2.460582e-01
1.968544e-01
7.586311e-02
4.760973e-03
-1.128991e-01
-3.220827e-01
-5.063946e-01
-5.128778e-01
-3.439983e-01
-1.084875e-01
9.255854e-02
2.556922e-01
3.018900e-01
1.383606e-01
8.781039e-02
8.076729e-02
6.855785e-02
2.454381e-02
-9.917940e-03
-9.632372e-03
-6.412266e-03
9.728178e-03
8.066914e-02
1.335673e-01
1.263783e-01
1.350146e-01
1.152428e-01
8.806492e-02
5.169063e-02
-7.598650e-04
-6.596445e-02
-1.269901e-01
-2.006321e-01
-2.865131e-01
-3.094407e-01
-2.882616e-01
-2.904373e-01
-2.518742e-01
-9.448424e-02
5.029141e-02
1.060160e-01
1.055772e-01
5.465777e-02
9.015720e-03
-5.698858e-02
-1.356429e-01
-1.535675e-01
-1.605117e-01
-1.338969e-01
-9.992499e-02
-8.121727e-02
9.973671e-03
7.856345e-02
1.312188e-01
1.865313e-01
2.330319e-01
3.118104e-01
3.669801e-01
4.419540e-01
4.419498e-01
2.934356e-01
1.132882e-01
-4.085229e-02
-1.733219e-01
-2.450270e-01
-1.724786e-01
-6.124571e-02
4.098059e-02
7.081441e-02
7.596935e-02
6.622921e-02
1.147403e-01
2.002283e-01
2.423124e-01
2.410463e-01
2.117804e-01
1.850450e-01
1.486115e-01
1.324239e-01
1.281254e-01
1.219839e-01
7.062058e-02
2.131259e-02
-3.213864e-02
-9.623765e-02
-1.775716e-01
-2.192204e-01
-2.057709e-01
-1.731290e-01
-1.448466e-01
-1.274681e-01
-1.137136e-01
-1.251623e-01
-1.582400e-01
-1.831078e-01
-1.803601e-01
-1.683529e-01
-1.499920e-01
-1.334050e-01
-9.463904e-02
-2.699385e-02
7.301413e-03
7.620476e-03
-1.852131e-02
-7.304866e-02
-1.592919e-01
-2.008183e-01
-2.088887e-01
-2.226957e-01
-2.276409e-01
-1.723785e-01
-3.701247e-02
4.906614e-02
1.139746e-01
1.467573e-01
1.650038e-01
1.579483e-01
1.545596e-01
8.756375e-02
-6.586282e-02
-1.959640e-01
-2.816371e-01
-3.111367e-01
-3.335770e-01
-3.273327e-01
-2.843124e-01
-1.537648e-01
-2.653234e-02
1.981522e-02
2.454575e-02
4.451533e-03
-1.825797e-02
-3.801457e-02
-4.854119e-02
-4.086898e-02
1.877427e-02
8.766689e-02
1.257045e-01
1.503087e-01
1.610031e-01
1.585040e-01
1.510546e-01
1.522346e-01
1.527250e-01
1.621954e-01
1.613160e-01
1.274925e-01
1.101635e-01
8.352498e-02
5.802983e-02
4.225224e-02
3.319237e-02
3.459770e-02
2.601620e-02
4.251893e-04
-7.342305e-02
-1.614177e-01
-1.824360e-01
-1.117512e-01
-5.974170e-02
1.075944e-02
8.022120e-02
1.070490e-01
1.362157e-01
1.481351e-01
1.533808e-01
1.376583e-01
1.176100e-01
1.032970e-01
8.581503e-02
4.677326e-02
3.102015e-02
8.920377e-02
7.609449e-02
2.227599e-02
-2.565303e-02
-7.522117e-02
-8.304992e-02
-1.019446e-01
-7.766684e-02
-1.156896e-01
-1.750753e-01
-1.528079e-01
-6.553081e-02
-1.316119e-02
1.178165e-02
3.901030e-02
7.064129e-02
1.324266e-01
1.692748e-01
2.022419e-01
2.096102e-01
1.948761e-01
1.504426e-01
1.024238e-01
3.691206e-02
-1.782852e-02
-3.996275e-02
-1.248521e-02
3.197737e-02
3.274622e-02
2.545821e-03
-3.720790e-02
-6.726957e-02
-8.211999e-02
-6.538916e-02
-4.950596e-02
-5.960521e-02
-8.422825e-02
-1.055036e-01
-1.109088e-01
-9.611297e-02
-8.719229e-02
-9.038308e-02
-1.006251e-01
-1.084304e-01
-1.133970e-01
-1.186747e-01
-1.050417e-01
-8.324141e-02
-6.351179e-02
-3.390040e-02
7.610096e-04
3.002764e-02
5.024891e-02
6.066594e-02
6.801481e-02
7.742918e-02
8.664262e-02
9.370691e-02
9.723078e-02
9.287617e-02
5.916188e-02
-1.518141e-03
-4.273452e-02
-6.073062e-02
-6.381837e-02
-6.228860e-02
-6.497754e-02
-6.449123e-02
-6.056037e-02
-5.563705e-02
-5.163786e-02
-4.957767e-02
-4.660459e-02
-3.378852e-02
-1.421392e-02
3.144224e-03
6.966965e-03
-2.383592e-03
-1.640065e-02
-2.094497e-02
-1.175295e-02
5.359381e-03
1.999616e-02
2.655965e-02
3.433898e-02
4.377172e-02
5.546479e-02
6.692938e-02
7.110811e-02
6.997264e-02
7.436658e-02
8.105657e-02
8.317999e-02
7.235758e-02
4.097809e-02
1.198949e-02
6.185480e-03
1.501337e-02
2.367909e-02
2.630335e-02
1.693036e-02
8.406795e-04
-1.218595e-02
3.029196e-03
2.859937e-02
4.040669e-02
4.060336e-02
2.806736e-02
1.768764e-02
1.325860e-02
1.673660e-02
1.710361e-02
1.060704e-02
4.468480e-03
-7.608513e-03
-2.073406e-02
-2.915027e-02
-3.329473e-02
-2.843054e-02
-2.700987e-02
-3.113391e-02
-4.071905e-02
-5.515733e-02
-7.151117e-02
-8.693276e-02
-9.392911e-02
-9.475857e-02
-8.619686e-02
-6.525440e-02
-4.185987e-02
-2.428034e-02
-1.267496e-02
-1.994726e-03
1.056741e-02
2.497065e-02
3.875986e-02
4.649129e-02
4.843421e-02
3.773016e-02
2.052564e-02
7.889707e-03
6.240751e-04
-5.336977e-03
-1.407038e-02
-1.608302e-02
-7.796705e-03
6.683047e-03
2.014178e-02
2.149005e-02
1.118993e-02
-3.770367e-04
-7.144900e-03
-6.756442e-03
-2.011566e-03
5.115013e-03
1.568919e-02
2.572073e-02
3.292279e-02
3.579700e-02
3.069786e-02
2.288757e-02
1.874009e-02
1.715179e-02
1.726690e-02
1.501867e-02
7.440938e-03
-2.545012e-03
-9.383242e-03
-1.292382e-02
-1.553413e-02
-1.454182e-02
-9.842832e-03
-3.039382e-04
8.995257e-03
1.376056e-02
1.254968e-02
7.243489e-03
6.714989e-03
8.173448e-03
1.803409e-03
-6.922829e-03
-1.690876e-02
-2.220270e-02
-1.609100e-02
-9.469293e-03
-8.442286e-03
-1.262034e-02
-2.116705e-02
-2.420882e-02
-1.111317e-02
1.648280e-02
4.699087e-02
6.799152e-02
7.607388e-02
6.964877e-02
5.377439e-02
3.216862e-02
6.792939e-03
-1.334198e-02
-2.137970e-02
-2.449695e-02
-2.546912e-02
-2.830484e-02
-3.395167e-02
-3.525841e-02
-3.003409e-02
-2.085726e-02
-1.009842e-02
-1.364273e-03
3.016515e-03
5.600064e-03
1.092333e-02
2.532154e-02
4.114367e-02
5.164243e-02
5.026634e-02
3.763966e-02
2.017511e-02
6.555968e-03
1.790425e-03
-1.110557e-03
-7.396917e-03
-1.649032e-02
-1.834376e-02
-3.215215e-03
2.255396e-02
4.255199e-02
5.539165e-02
5.752235e-02
4.750278e-02
2.948745e-02
1.162614e-02
-9.638108e-04
-6.077160e-03
1.125989e-03
1.597098e-02
2.892387e-02
3.798444e-02
4.096276e-02
3.847795e-02
3.378893e-02
2.472003e-02
1.023595e-02
-9.903015e-03
-3.281841e-02
-5.381009e-02
-6.916627e-02
-7.646649e-02
-7.382680e-02
-6.577603e-02
-5.505692e-02
-4.583517e-02
-3.837803e-02
-2.924196e-02
-1.561789e-02
2.239175e-03
1.750340e-02
2.549708e-02
2.593153e-02
2.217888e-02
1.717265e-02
8.411808e-03
-9.887057e-03
-3.480470e-02
-5.581268e-02
-6.966842e-02
-6.553952e-02
-5.657481e-02
-4.840671e-02
-3.371469e-02
-1.720094e-02
-3.199463e-03
1.541441e-03
-3.819735e-03
-1.883521e-02
-3.613242e-02
-3.945053e-02
-2.375585e-02
-8.337580e-03
1.559087e-04
-3.616101e-03
-1.510339e-02
-2.192112e-02
-2.013005e-02
-1.349601e-02
-9.149839e-03
-1.086451e-02
-1.902251e-02
-2.456217e-02
-1.824637e-02
-3.123895e-03
1.109180e-02
1.648756e-02
1.461276e-02
1.002681e-02
7.677708e-03
7.515492e-03
2.451156e-03
-3.644400e-03
-1.222162e-02
-2.019397e-02
-2.144656e-02
-1.725541e-02
-1.614364e-02
-1.610185e-02
-9.408645e-03
1.312544e-03
1.341277e-02
2.558033e-02
4.086398e-02
5.678105e-02
7.186989e-02
7.499822e-02
6.678921e-02
3.637892e-02
-3.692824e-03
-2.469668e-02
-3.692957e-02
-3.751507e-02
-3.041385e-02
-1.858696e-02
-6.927364e-03
3.321578e-03
1.350932e-02
2.265259e-02
2.801675e-02
2.913058e-02
2.562074e-02
1.676101e-02
6.359037e-03
2.052585e-03
3.392854e-03
2.537063e-03
2.213714e-03
5.936704e-03
1.614078e-02
3.226187e-02
4.894498e-02
5.895525e-02
6.419805e-02
6.311378e-02
5.982734e-02
5.054431e-02
3.106334e-02
-7.831308e-03
-4.641893e-02
-6.315815e-02
-6.613757e-02
-5.425763e-02
-3.669935e-02
-1.671653e-02
-2.281487e-03
4.036395e-03
5.266519e-03
6.554283e-05
-1.274565e-02
-2.842610e-02
-3.804368e-02
-3.836804e-02
-3.201547e-02
-2.709192e-02
-2.610455e-02
-3.085673e-02
-3.682983e-02
-4.042838e-02
-4.121275e-02
-3.526920e-02
-3.052721e-02
-3.024874e-02
-3.024056e-02
-2.505487e-02
-1.112880e-02
3.063498e-03
1.422129e-02
2.357165e-02
3.282307e-02
4.187354e-02
5.051091e-02
5.821193e-02
6.153001e-02
5.622399e-02
4.794264e-02
4.218986e-02
3.672064e-02
3.010697e-02
2.157979e-02
1.446327e-02
9.727442e-03
1.098410e-02
1.869532e-02
2.641369e-02
3.324057e-02
3.949117e-02
4.584171e-02
4.556022e-02
3.458606e-02
1.664531e-02
-5.322404e-03
-2.417809e-02
-3.422813e-02
-3.044186e-02
-2.110373e-02
-1.012850e-02
-1.442148e-03
2.519562e-03
1.884134e-03
9.916643e-04
3.039857e-03
7.610510e-03
1.329398e-02
1.545336e-02
1.610721e-02
1.111230e-02
6.409118e-03
4.356914e-03
-7.338704e-04
-1.001380e-02
-1.922436e-02
-2.461298e-02
-2.449055e-02
-1.698433e-02
-9.737189e-03
-1.115801e-02
-2.083370e-02
-3.088575e-02
-3.821135e-02
-4.171501e-02
-4.406913e-02
-4.854383e-02
-5.094589e-02
-4.529505e-02
-3.307540e-02
-1.575984e-02
1.930056e-03
6.189619e-03
4.070102e-03
3.449985e-03
4.267048e-03
6.437652e-03
1.049321e-02
1.450799e-02
1.494051e-02
1.506703e-02
1.298627e-02
7.465064e-03
-2.042310e-03
-1.000234e-02
-1.133442e-02
-7.110550e-03
1.471778e-03
8.862746e-03
9.649213e-03
8.610901e-03
8.751710e-03
1.014202e-02
1.292361e-02
1.265540e-02
9.430207e-03
7.802338e-03
1.317065e-02
2.150716e-02
2.728653e-02
2.543833e-02
1.512925e-02
1.203242e-03
-1.467505e-02
-2.886014e-02
-4.117352e-02
-4.828593e-02
-4.917328e-02
-4.337453e-02
-3.159857e-02
-1.576607e-02
-1.661455e-04
7.980648e-03
1.121512e-02
1.156401e-02
1.183845e-02
1.001270e-02
4.297699e-03
3.085335e-04
6.176484e-04
3.422703e-03
7.878118e-03
1.203773e-02
1.510289e-02
1.707868e-02
1.953796e-02
2.187688e-02
2.609667e-02
2.956677e-02
2.669145e-02
2.125184e-02
1.499012e-02
1.032674e-02
8.474474e-03
8.215450e-03
6.665109e-03
4.955645e-03
3.043202e-03
-2.611620e-03
-1.413654e-02
-2.881530e-02
-4.027290e-02
-4.452217e-02
-3.730051e-02
-2.431993e-02
-1.060087e-02
-1.211715e-03
2.972384e-03
3.293742e-03
2.716480e-03
2.096379e-03
-4.494819e-04
-5.754443e-03
-1.572488e-02
-2.662965e-02
-3.321776e-02
-3.163977e-02
-2.542995e-02
-1.955672e-02
-1.437303e-02
-6.445530e-03
3.042569e-03
8.368048e-03
8.282427e-03
6.287367e-03
3.627267e-03
2.649146e-03
2.990906e-03
8.754846e-04
-1.383756e-03
-3.473676e-03
-4.899576e-03
-5.988877e-03
-1.118266e-02
-1.743621e-02
-1.767688e-02
-9.658599e-03
2.954780e-03
1.185944e-02
1.535504e-02
1.654441e-02
1.866302e-02
2.058883e-02
2.148854e-02
1.899265e-02
1.294003e-02
1.031258e-02
1.382245e-02
1.950391e-02
2.102581e-02
2.079433e-02
1.806895e-02
1.382275e-02
9.322567e-03
3.905406e-03
-3.420176e-03
-1.163315e-02
-1.882512e-02
-2.290404e-02
-2.114448e-02
-1.237140e-02
3.139795e-03
2.251475e-02
3.962735e-02
4.784351e-02
4.801493e-02
4.174606e-02
3.094637e-02
2.078926e-02
1.083615e-02
7.998575e-03
1.079139e-02
1.196037e-02
1.069563e-02
1.097516e-02
1.114760e-02
6.449537e-03
2.030954e-03
-3.666710e-03
-9.546953e-03
-1.411037e-02
-1.631965e-02
-1.638385e-02
-1.629199e-02
-1.594412e-02
-1.339304e-02
-9.858684e-03
-7.289248e-03
-6.522153e-03
-7.379919e-03
-1.055716e-02
-1.491455e-02
-1.868544e-02
-1.897608e-02
-1.701559e-02
-1.106078e-02
-2.849720e-03
1.882113e-03
3.157166e-03
-3.589061e-03
-1.542916e-02
-2.923074e-02
-3.919506e-02
-4.494067e-02
-4.668788e-02
-4.670313e-02
-4.348191e-02
-3.549628e-02
-2.736582e-02
-1.679142e-02
-5.588709e-03
2.834501e-03
6.933931e-03
7.674501e-03
4.804272e-03
-2.632498e-03
-6.875649e-03
-4.638739e-03
2.632890e-03
1.032374e-02
1.444254e-02
1.785144e-02
1.907956e-02
1.721607e-02
1.635932e-02
1.620840e-02
1.441836e-02
1.212034e-02
9.197068e-03
1.051903e-02
1.697976e-02
2.185031e-02
2.306925e-02
1.851907e-02
1.230426e-02
6.243468e-03
-5.201074e-04
-6.225942e-03
-1.212965e-02
-1.337605e-02
-6.582811e-03
4.820832e-03
1.861332e-02
3.033214e-02
3.630020e-02
3.801996e-02
3.768442e-02
3.823323e-02
3.838015e-02
3.858419e-02
3.821397e-02
3.429313e-02
3.081496e-02
2.591595e-02
1.889532e-02
1.199303e-02
3.644368e-03
-3.023333e-03
-8.279356e-03
-9.433957e-03
-7.504079e-03
-6.419781e-03
-5.025404e-03
-5.315046e-03
-8.357671e-03
-1.271609e-02
-1.727035e-02
-1.796290e-02
-1.342590e-02
-5.854412e-03
-5.057766e-05
5.655670e-05
-1.625390e-03
-1.855876e-03
-2.974782e-03
-3.412329e-03
-5.552256e-03
-5.815385e-03
-9.530119e-04
2.680260e-03
4.114411e-03
1.468562e-03
-2.890887e-03
-6.728095e-03
-8.994506e-03
-1.093860e-02
-8.015247e-03
-4.284058e-03
-2.754296e-04
1.762559e-03
1.846466e-04
6.533433e-05
-1.542158e-03
-2.406114e-04
2.637855e-03
3.814962e-03
3.844567e-03
6.661831e-03
8.491738e-03
6.681263e-03
1.438488e-03
-5.821848e-03
-1.410423e-02
-2.099022e-02
-2.423686e-02
-2.308730e-02
-1.713659e-02
-1.072077e-02
-5.826790e-03
-3.633768e-03
-1.732467e-03
-1.229587e-03
-2.125126e-03
-5.338107e-03
-6.873187e-03
-4.348669e-03
-8.306701e-04
3.331681e-04
-3.923274e-03
-8.826396e-03
-1.369994e-02
-1.535436e-02
-1.701388e-02
-2.215671e-02
-2.645599e-02
-2.972100e-02
-3.263206e-02
-3.289929e-02
-3.233419e-02
-3.135498e-02
-2.907833e-02
-2.504830e-02
-1.995032e-02
-1.727587e-02
-1.643028e-02
-1.490638e-02
-1.316625e-02
-9.860426e-03
-9.647235e-03
-9.798185e-03
-5.987455e-03
-1.108786e-03
3.477142e-03
2.664211e-03
2.131590e-04
-4.034113e-03
-6.353585e-03
-8.350740e-03
-6.945173e-03
-1.450426e-03
2.565319e-03
5.692645e-03
4.522709e-03
3.225274e-03
2.661218e-03
3.226302e-03
5.256105e-03
9.680869e-03
1.587227e-02
2.148126e-02
2.590398e-02
2.899560e-02
3.100398e-02
3.125285e-02
3.128549e-02
2.948520e-02
2.784198e-02
2.575709e-02
2.266956e-02
2.184029e-02
2.009813e-02
2.040515e-02
2.172706e-02
2.332438e-02
2.376808e-02
1.974214e-02
1.499710e-02
1.091402e-02
8.992342e-03
8.578216e-03
8.038630e-03
5.182623e-03
1.697277e-03
-8.741503e-04
-3.355817e-03
-4.797086e-03
-6.019054e-03
-6.480102e-03
-6.063951e-03
-5.308141e-03
-5.941571e-03
-5.477481e-03
-4.630891e-03
-6.377143e-03
-7.291074e-03
-9.812526e-03
-1.096616e-02
-9.856410e-03
-6.028363e-03
-2.844957e-03
-3.526330e-03
-3.821124e-03
-5.151219e-03
-5.818313e-03
-9.197588e-03
-1.378964e-02
-1.510648e-02
-1.056750e-02
-2.677812e-03
4.957890e-03
1.114825e-02
1.506401e-02
1.556890e-02
1.198663e-02
9.433560e-03
6.639759e-03
3.403280e-03
2.086200e-04
-3.785720e-03
-6.172541e-03
-5.494262e-03
-8.553238e-04
4.930094e-03
9.641453e-03
1.349090e-02
1.389786e-02
7.058743e-03
-2.120260e-03
-7.717025e-03
-9.320489e-03
-7.404953e-03
-2.860879e-03
1.998375e-03
4.725829e-03
5.788643e-03
2.349176e-03
-3.708631e-03
-6.172977e-03
-5.200945e-03
-6.181134e-04
4.397198e-03
7.442889e-03
1.020094e-02
1.224703e-02
1.258870e-02
7.553950e-03
9.504407e-04
-5.942750e-03
-8.386702e-03
-7.619692e-03
-5.554224e-03
-3.473457e-03
-3.461250e-03
-4.884182e-03
-7.095575e-03
-1.069009e-02
-1.429175e-02
-1.525771e-02
-1.449990e-02
-1.074735e-02
-7.997462e-03
-6.285937e-03
-5.901432e-03
-4.817209e-03
-1.876585e-03
-1.344624e-04
1.294520e-03
1.821823e-03
9.496851e-04
1.269927e-03
1.830888e-03
4.072809e-03
6.163770e-03
6.707391e-03
7.361171e-03
4.945771e-03
3.783951e-03
3.872651e-03
4.989510e-03
6.068629e-03
4.206067e-03
1.606045e-03
-2.028257e-03
-3.993839e-03
-6.292962e-03
-8.208566e-03
-9.190868e-03
-9.528532e-03
-5.676036e-03
-1.420640e-03
1.849435e-03
4.902250e-03
6.426086e-03
3.272200e-03
-2.748905e-03
-9.296331e-03
-1.260627e-02
-1.198514e-02
-1.005433e-02
-7.619637e-03
-6.835305e-03
-3.444873e-03
-1.176440e-03
-9.847288e-04
-1.919097e-03
-2.845306e-03
-2.052815e-03
-1.274604e-03
1.306967e-03
1.155957e-03
6.622269e-04
1.803556e-03
3.705806e-03
4.259616e-03
4.135124e-03
2.522453e-03
2.177641e-03
4.242101e-04
-2.376762e-03
-4.160794e-03
-4.247547e-03
-1.225339e-03
7.136278e-04
4.658935e-03
6.535681e-03
7.551547e-03
7.246513e-03
6.112219e-03
3.471385e-03
2.085151e-03
3.455976e-03
7.278880e-03
1.122928e-02
1.315091e-02
1.300091e-02
1.142904e-02
9.860223e-03
4.752006e-03
7.637501e-04
3.883335e-04
1.681636e-03
6.530659e-03
1.086356e-02
1.005668e-02
6.898706e-03
3.360269e-03
1.016251e-03
-1.640907e-03
-4.362325e-03
-6.411564e-03
-7.692743e-03
-9.110603e-03
-9.895042e-03
-7.545021e-03
-1.363881e-03
5.183439e-03
9.582641e-03
1.165216e-02
1.054132e-02
7.557759e-03
3.162519e-03
-2.015021e-04
-2.515943e-03
-3.197364e-03
-3.384085e-03
-6.187106e-03
-5.975008e-03
-6.037289e-03
-5.730332e-03
-5.300973e-03
-6.337356e-03
-7.687898e-03
-1.161088e-02
-1.395082e-02
-1.450678e-02
-1.338587e-02
-1.217927e-02
-1.161120e-02
-1.057392e-02
-9.511143e-03
-9.875346e-03
-9.454149e-03
-8.002752e-03
-5.106016e-03
-2.157260e-03
-8.262246e-04
-2.472569e-03
-3.218253e-03
-4.348477e-03
-5.599062e-03
-4.123187e-03
-4.064092e-03
-3.711236e-03
-5.057701e-03
-6.852966e-03
-6.790811e-03
-6.886757e-03
-6.376822e-03
-5.641468e-03
-3.004833e-03
-2.355989e-04
2.511195e-03
4.419550e-03
4.609203e-03
4.590778e-03
5.501571e-03
7.429306e-03
7.467999e-03
8.108493e-03
8.549068e-03
7.300520e-03
5.559314e-03
3.579427e-03
2.104441e-03
1.042555e-03
5.641075e-04
1.859441e-03
2.750854e-03
4.610247e-03
4.858040e-03
5.515872e-03
7.167186e-03
7.062059e-03
5.913472e-03
2.843205e-03
3.471979e-04
-2.510909e-03
-3.917557e-03
-2.904764e-03
-1.940930e-03
-1.313698e-03
-1.703406e-03
-4.694113e-03
-7.721540e-03
-9.680008e-03
-9.618875e-03
-6.440622e-03
-1.638530e-03
1.092963e-03
2.593315e-03
4.951487e-03
6.784359e-03
8.524414e-03
8.943565e-03
7.481838e-03
5.751849e-03
5.192822e-03
5.670115e-03
6.732887e-03
7.964980e-03
1.065159e-02
1.265481e-02
1.251193e-02
1.262101e-02
1.200487e-02
1.316453e-02
1.402229e-02
1.354792e-02
1.140585e-02
9.579987e-03
8.165179e-03
7.759152e-03
7.955943e-03
9.203337e-03
1.012943e-02
9.607123e-03
7.283496e-03
3.372749e-03
1.728442e-03
-1.086447e-04
-1.005292e-03
-3.066584e-04
1.715935e-03
2.762388e-03
4.402481e-03
4.030115e-03
2.214448e-03
-9.496583e-04
-5.591745e-03
-9.601431e-03
-1.271862e-02
-1.287271e-02
-1.117243e-02
-8.963177e-03
-7.221082e-03
-4.698688e-03
-3.175894e-03
-1.996840e-03
-7.565858e-04
-6.893314e-04
9.844230e-04
2.823418e-03
5.899671e-03
8.159928e-03
1.045282e-02
1.087198e-02
9.007351e-03
7.753706e-03
5.458640e-03
4.183576e-03
2.900351e-03
2.089387e-03
2.306582e-03
2.165757e-03
2.156512e-03
3.256009e-03
1.930965e-03
5.447204e-04
-1.356624e-03
-2.942788e-03
-3.051991e-03
-1.820915e-03
-1.081479e-03
-3.284742e-03
-7.155705e-03
-1.085735e-02
-1.218443e-02
-1.215389e-02
-1.157052e-02
-8.507521e-03
-4.359244e-03
-1.943946e-03
9.721716e-04
2.562289e-03
3.026327e-03
1.756364e-03
-1.746377e-03
-2.511439e-03
-3.044961e-03
-3.770242e-03
-2.296404e-03
-3.600025e-03
-3.259406e-03
-4.177467e-03
-4.935388e-03
-5.265929e-03
-6.681750e-03
-7.686510e-03
-8.252672e-03
-9.550171e-03
-1.027749e-02
-1.025002e-02
-9.881851e-03
-7.375771e-03
-4.420891e-03
-1.785271e-03
-2.821650e-03
-3.634650e-03
-5.719589e-03
-6.569307e-03
-7.075287e-03
-8.027005e-03
-7.487483e-03
-7.950622e-03
-8.331141e-03
-8.647399e-03
-9.201318e-03
-9.597134e-03
-1.173308e-02
-1.288165e-02
-1.192189e-02
-1.063266e-02
-9.998282e-03
-9.668880e-03
-8.475535e-03
-6.900712e-03
-7.821829e-03
-7.195605e-03
-5.068961e-03
-4.285658e-03
-8.636137e-04
-6.688496e-04
2.858146e-04
1.007919e-03
9.446237e-04
4.049883e-04
-1.327026e-03
-3.519618e-04
1.762443e-03
4.046168e-03
4.330694e-03
2.176399e-03
-2.065834e-03
-4.222169e-03
-4.693463e-03
-6.010336e-03
-4.822091e-03
-4.093864e-03
-2.666937e-03
-5.770108e-04
2.358760e-04
1.773983e-03
2.590950e-03
5.043997e-03
6.420944e-03
7.977412e-03
7.966139e-03
7.209248e-03
8.759597e-03
8.479043e-03
7.502852e-03
7.573180e-03
8.727768e-03
1.182240e-02
1.345435e-02
1.169785e-02
7.269983e-03
3.971252e-03
1.723121e-03
2.410112e-04
4.500607e-04
1.331291e-03
3.705800e-03
5.071529e-03
3.035559e-03
1.167890e-03
7.118999e-04
7.832503e-04
6.016405e-04
-1.211969e-03
-1.539438e-03
-1.680248e-03
-1.553967e-04
1.123634e-03
1.891645e-03
4.795537e-03
5.677787e-03
6.668159e-03
5.576710e-03
2.861422e-03
2.577814e-03
4.115926e-03
5.853957e-03
6.593408e-03
7.118661e-03
6.277113e-03
5.377425e-03
5.725197e-03
4.675570e-03
3.754463e-03
4.004315e-03
3.232128e-03
2.057040e-03
7.911727e-04
1.872326e-03
4.729298e-03
6.376551e-03
6.139864e-03
5.517617e-03
3.816210e-03
3.575443e-03
4.265936e-03
5.737750e-03
8.389704e-03
8.321316e-03
8.491611e-03
7.933623e-03
8.122277e-03
8.209951e-03
9.286004e-03
8.740256e-03
7.837510e-03
6.363564e-03
5.162977e-03
4.186791e-03
2.993344e-03
2.841317e-03
2.456732e-03
2.628045e-03
1.351979e-03
-9.604078e-04
-5.202634e-03
-6.275721e-03
-6.117667e-03
-6.044274e-03
-4.453120e-03
-3.013947e-03
-8.557349e-05
1.429080e-03
6.650532e-04
-5.314535e-04
-2.515400e-03
-4.000567e-03
-6.545513e-03
-7.828720e-03
-6.809787e-03
-4.873875e-03
-2.203562e-03
-3.655691e-04
-4.523164e-04
-1.817124e-03
-2.327171e-03
-3.567538e-03
-4.230586e-03
-4.537654e-03
-2.908761e-03
-1.566490e-03
-7.495178e-04
-5.486261e-04
-1.988914e-03
-3.089543e-03
-6.016991e-03
-7.312440e-03
-9.953269e-03
-1.079073e-02
-1.038687e-02
-9.556637e-03
-8.107266e-03
-7.491235e-03
-5.267685e-03
-4.741415e-03
-3.267565e-03
-2.560755e-03
-1.864146e-03
-2.195697e-03
-1.077828e-03
1.005981e-03
3.294810e-03
4.947158e-03
4.637026e-03
5.365254e-03
6.584102e-03
6.543249e-03
6.688036e-03
7.554983e-03
9.185911e-03
9.857017e-03
9.532602e-03
1.091771e-02
9.502913e-03
7.321079e-03
6.119464e-03
4.228329e-03
3.835573e-03
3.547877e-03
4.100661e-03
4.847244e-03
6.140548e-03
4.058670e-03
4.029326e-04
-1.640185e-03
-3.636384e-03
-3.668063e-03
-5.217368e-03
-6.473075e-03
-6.113951e-03
-4.612698e-03
-5.306947e-03
-5.557852e-03
-5.613743e-03
-5.809321e-03
-6.003761e-03
-6.917095e-03
-5.819939e-03
-3.483181e-03
-2.353637e-03
-4.063488e-03
-6.228889e-03
-7.324211e-03
-6.853271e-03
-6.317900e-03
-8.392196e-03
-9.951308e-03
-1.042752e-02
-6.791383e-03
-2.869826e-03
-5.948132e-04
-1.127190e-04
-1.483588e-03
-2.492035e-03
-3.053968e-03
-3.494496e-03
-4.834347e-03
-5.794684e-03
-6.332025e-03
-6.400551e-03
-5.960527e-03
-5.457188e-03
-4.302174e-03
-3.200042e-03
-2.996413e-03
-2.729245e-03
-1.589349e-03
2.499770e-04
1.234429e-03
1.815494e-03
2.135630e-03
2.345972e-03
2.329773e-03
1.478620e-03
7.901727e-04
-2.446878e-04
-1.438845e-03
-2.456920e-03
-2.995248e-03
-1.377928e-03
1.716986e-03
3.638921e-03
3.164207e-03
3.004203e-03
2.507812e-03
3.102311e-03
2.946029e-03
2.870200e-03
2.742043e-03
2.678611e-03
3.001658e-03
3.262046e-03
3.979145e-03
3.796768e-03
3.268466e-03
2.353025e-03
2.545714e-03
3.024448e-03
3.959636e-03
4.265610e-03
4.189016e-03
4.173653e-03
3.990044e-03
3.516345e-03
2.628267e-03
2.678803e-03
2.769207e-03
2.889714e-03
2.949792e-03
1.895542e-03
9.668086e-04
3.724744e-04
2.716836e-04
1.729455e-04
4.865713e-04
1.014655e-03
1.365753e-03
1.927510e-03
1.404594e-03
6.448540e-04
3.462666e-04
3.634864e-04
2.426883e-04
2.108852e-04
-1.733900e-04
-6.654017e-04
-8.992509e-04
-1.247094e-03
-1.307901e-03
-1.441497e-03
-1.170056e-03
-5.859697e-04
-5.792995e-04
-5.669918e-04
-4.422411e-04
-5.395955e-04
-7.935637e-04
-1.213225e-03
-1.210162e-03
-1.248488e-03
-1.050290e-03
-1.040329e-03
-7.636893e-04
-5.884837e-04
-7.181731e-04
-7.608807e-04
-8.976348e-04
-7.731673e-04
-6.286075e-04
-5.316147e-04
-3.239274e-04
-7.649259e-06
2.598529e-04
5.565982e-04
5.236448e-04
3.882887e-04
3.673066e-04
3.500952e-04
2.551480e-04
1.383789e-04
5.943258e-06
4.877772e-05
-3.856872e-05
1.808750e-05
1.498136e-04
2.217792e-04
2.757470e-04
2.075544e-04
1.920835e-04
2.222905e-04
3.102230e-04
3.556598e-04
3.797110e-04
3.692050e-04
3.616263e-04
3.359013e-04
2.751442e-04
2.247859e-04
1.862594e-04
1.746949e-04
1.429028e-04
1.304258e-04
9.606830e-05
7.483755e-05
6.229638e-05
3.323507e-05
3.029253e-05
1.711909e-05
1.088193e-05
1.207863e-05
8.043367e-06
8.166564e-06
6.048928e-06
-2.558104e-06
-6.275299e-06
-1.500797e-05
-1.690261e-05
-1.496811e-05
-1.631288e-05
-1.884869e-05
-2.610840e-05
-3.304198e-05
-3.537707e-05
-3.636433e-05
-3.857134e-05
-4.032015e-05
-4.129774e-05
-4.240312e-05
-4.275636e-05
-4.202072e-05
-4.111356e-05
-4.006893e-05
-3.933615e-05
-3.900929e-05
-3.866125e-05
-3.843153e-05
-3.824520e-05
-3.822169e-05
-3.832449e-05
-3.860302e-05
-3.906748e-05
-3.972627e-05
-4.055066e-05
-4.150374e-05
-4.254338e-05
-4.362201e-05
-4.469353e-05
