1.647381e-03
5.444729e-03
7.233436e-03
3.403727e-03
6.483949e-04
2.636603e-03
1.008352e-02
9.952604e-03
-3.131424e-03
-6.533212e-03
3.627554e-03
8.480663e-03
5.306325e-03
-3.326139e-03
-9.505391e-04
4.960736e-03
-3.285212e-03
-2.004060e-03
-7.650915e-03
-3.774179e-03
2.850625e-03
3.872003e-03
5.382196e-03
-3.475763e-03
1.343418e-02
1.555600e-02
-8.496438e-03
-5.716532e-03
3.359736e-03
-3.799920e-03
-2.725873e-03
-1.314929e-03
8.666059e-03
7.123844e-03
-3.698387e-04
-5.120582e-03
-1.852437e-02
4.502240e-03
1.478353e-02
4.458532e-04
1.781899e-03
3.503096e-03
6.465362e-03
7.034530e-04
-1.948756e-03
-5.635025e-03
-4.935643e-03
-1.024109e-02
-9.409717e-03
-4.190929e-03
1.505151e-02
1.144280e-02
-8.941101e-03
-2.986969e-03
-1.050297e-02
-7.559057e-03
1.089573e-02
1.563580e-02
-2.032717e-03
-5.635560e-04
1.156228e-02
1.975958e-03
8.344643e-03
1.015691e-02
3.962668e-03
-1.107068e-02
-9.500588e-03
-2.665468e-02
-1.893304e-02
7.087367e-03
1.048101e-03
2.218178e-02
-6.143888e-03
-2.700035e-02
1.545789e-02
5.297085e-03
-1.268532e-02
-9.835788e-03
-1.296166e-02
1.296982e-02
2.175055e-02
2.071632e-02
-2.211736e-02
-2.942426e-02
3.039926e-04
-2.945991e-03
9.604915e-03
-3.955093e-03
-4.654859e-04
-9.202741e-03
-4.456773e-03
1.477921e-03
-3.891309e-03
2.363623e-02
1.426869e-02
1.200339e-02
-2.086682e-02
-5.351897e-02
1.228909e-02
5.542678e-02
3.275013e-02
6.861597e-03
-8.344223e-03
-3.386406e-02
-4.500375e-02
-9.525278e-03
3.852597e-02
1.133066e-02
-4.120557e-02
8.717166e-03
3.035003e-02
-7.590488e-03
-2.165533e-02
-2.146011e-02
-2.575339e-02
-2.098448e-03
1.502793e-02
8.773815e-03
4.318120e-03
-4.180074e-02
-5.001336e-02
-2.191819e-03
3.626415e-02
3.105102e-02
-3.721323e-02
-3.521113e-02
6.686872e-03
-4.396441e-03
3.079214e-04
-8.382213e-03
2.286206e-02
3.443315e-02
2.063672e-02
6.985153e-03
-2.369083e-02
1.644304e-02
2.251927e-02
1.920279e-02
-2.120695e-02
-5.906862e-02
-1.554001e-03
4.833086e-03
-4.148484e-02
-2.420134e-02
2.984844e-03
2.850179e-03
7.249124e-03
2.597308e-02
-1.748611e-02
-4.436953e-02
2.495001e-03
3.477054e-02
1.901293e-02
-3.015559e-02
-4.627523e-02
1.198056e-02
4.919401e-02
2.291469e-03
3.621134e-03
-2.279404e-02
-5.196632e-02
7.828638e-03
9.735224e-03
-6.242112e-03
-8.696172e-03
5.030963e-03
4.546636e-02
2.196511e-02
1.998335e-02
-4.039005e-02
-2.804400e-02
2.248961e-02
-1.157730e-02
-1.510903e-02
-2.578067e-02
-3.308318e-02
-1.756005e-02
4.282854e-02
4.158012e-03
-4.480664e-02
-3.146517e-02
-1.516962e-02
1.131545e-02
1.612975e-02
1.906756e-02
2.320810e-02
1.266057e-02
1.413011e-02
-3.031076e-03
-2.050177e-02
-3.216319e-03
1.727624e-02
2.047520e-02
3.874821e-03
-1.572765e-02
-5.616683e-03
-8.495013e-03
-4.032353e-03
1.895156e-02
2.843594e-02
-1.325592e-03
-4.306722e-03
4.091081e-03
1.530897e-02
-1.248563e-02
-1.981020e-02
3.250081e-02
3.984201e-02
-1.260833e-02
-4.759490e-02
-2.408831e-02
1.574844e-02
1.521249e-02
3.726818e-03
2.376994e-04
-3.437907e-02
-3.054672e-03
4.396144e-02
3.662984e-02
1.945133e-02
3.666610e-02
1.582549e-02
-9.064035e-03
-2.516782e-02
-2.415538e-02
1.095421e-02
7.422541e-03
3.650814e-02
3.747999e-02
-1.048646e-02
-1.766163e-02
-1.189467e-03
1.746923e-02
6.873007e-03
-5.190927e-03
-1.419482e-02
-9.135590e-03
-1.035905e-03
-8.253902e-03
1.812236e-02
3.439538e-02
4.019425e-02
2.773977e-02
1.981679e-02
9.757372e-03
-1.074098e-02
-2.205923e-02
8.009548e-03
2.862435e-02
4.073162e-02
5.174596e-02
3.712742e-02
1.254679e-02
-1.089465e-02
-3.998918e-02
-1.565128e-02
3.306571e-02
3.335635e-02
3.326444e-03
2.431375e-02
3.632658e-02
-1.594109e-02
-3.244682e-02
-8.599726e-03
-1.548055e-02
-2.563300e-02
-1.282859e-02
1.620591e-02
3.320940e-02
3.916544e-02
3.186568e-02
2.581169e-03
-4.958381e-02
-9.100287e-02
-8.170506e-02
-2.812640e-02
4.522891e-02
2.358666e-02
8.227581e-03
1.525774e-02
2.640559e-02
1.264682e-02
-1.098215e-01
-1.556322e-01
-4.647883e-02
4.860261e-02
9.054543e-02
8.791848e-02
-8.098963e-02
-2.472878e-01
-2.833101e-01
-2.022618e-01
-1.517949e-01
-1.397840e-01
-7.225265e-02
-2.191203e-02
2.153031e-02
1.727688e-01
1.965910e-01
8.875494e-02
3.094025e-02
-1.989580e-02
4.508748e-02
1.374721e-01
2.467463e-01
3.055493e-01
1.970094e-01
3.485844e-02
-4.889407e-02
-1.101575e-01
-3.419411e-01
-4.384356e-01
-4.096841e-01
-3.569527e-01
-1.285304e-01
-3.391772e-02
-1.503853e-02
6.393292e-02
1.694953e-01
2.885540e-01
3.205704e-01
3.176403e-01
3.089821e-01
1.936700e-01
-3.640686e-02
-2.532655e-01
-4.042270e-01
-3.676818e-01
-6.092999e-02
2.104664e-01
2.038656e-01
1.646652e-01
4.562823e-02
-7.995949e-02
6.720194e-02
1.307683e-01
8.389002e-02
9.450901e-02
1.477821e-01
1.172669e-01
1.769342e-01
1.979327e-01
1.686279e-01
8.820137e-02
-8.821092e-02
-2.569743e-01
-3.740821e-01
-2.749871e-01
-7.720250e-02
8.764973e-02
4.140850e-02
4.844055e-02
1.107560e-01
-1.043417e-02
4.269893e-02
8.740689e-02
1.033302e-02
-6.037564e-02
1.247810e-01
1.570051e-01
2.152305e-03
8.153688e-03
-9.773280e-02
-1.522118e-01
-1.114915e-01
-8.677784e-02
3.317979e-02
6.288075e-02
4.429955e-02
4.197988e-02
-1.418696e-02
4.647740e-02
-8.959954e-03
-4.976402e-02
1.682096e-02
1.429692e-02
2.602500e-02
3.761819e-02
4.382666e-02
2.485514e-02
3.947924e-02
1.426115e-01
1.561810e-01
6.984973e-02
5.256157e-02
-3.013273e-02
-1.241720e-01
-8.637677e-02
5.407047e-02
7.787811e-02
2.719623e-02
1.029491e-01
7.232696e-02
-4.265431e-02
-2.419990e-03
-2.290623e-02
-1.372175e-01
-1.229647e-01
-2.604950e-02
2.033516e-02
5.307415e-02
7.449912e-02
-2.549660e-02
-1.295917e-01
-6.704105e-02
-4.415553e-02
-3.099570e-02
9.326561e-03
-3.284459e-02
3.482190e-02
1.032161e-01
8.840266e-02
-4.346235e-02
-1.391108e-01
-1.137732e-01
-9.938141e-02
-9.214638e-02
-7.439986e-02
3.278459e-02
4.930123e-02
-5.260035e-02
-8.405655e-02
6.096484e-02
1.460502e-01
-1.220124e-02
-5.328443e-02
1.411257e-03
6.207457e-03
2.020574e-02
-5.048287e-02
-7.941961e-02
-2.511851e-02
-5.194845e-02
-1.293743e-01
-1.369378e-01
-1.012070e-01
1.915729e-01
2.704553e-01
2.746854e-02
-7.394118e-02
-9.855430e-02
-5.884625e-02
7.647532e-02
8.461500e-02
7.598985e-02
2.399491e-01
2.404007e-01
6.718076e-02
-1.166696e-01
-1.400374e-01
-1.138401e-02
1.876417e-01
3.676344e-02
-2.788189e-01
-1.164410e-01
-6.480600e-02
-4.098352e-02
-5.757399e-03
1.583555e-01
3.151813e-01
2.745606e-01
2.896234e-01
2.032737e-01
1.146107e-01
5.687418e-03
-2.412573e-02
-2.025259e-02
-5.660447e-02
-1.205056e-01
-2.655956e-01
-3.119874e-01
-2.567038e-01
8.872238e-02
2.193059e-01
1.729568e-01
3.279278e-01
3.390734e-01
7.709963e-02
-2.340215e-01
-2.391532e-01
3.666418e-02
-7.597812e-02
-1.898858e-01
1.424847e-01
5.878989e-02
1.283905e-01
-4.708743e-03
-2.890806e-01
-1.353570e-02
-2.128425e-01
-2.666516e-01
1.272666e-01
2.139276e-01
1.915891e-01
1.221578e-01
-2.137425e-01
-3.488561e-01
-1.327266e-01
3.371555e-02
3.047427e-01
1.130715e-01
-4.363288e-01
-3.202360e-01
-7.297481e-02
-1.663819e-01
-2.043369e-01
-2.125411e-02
-8.125758e-03
4.264371e-02
1.513757e-01
1.455978e-01
1.362603e-01
2.682441e-02
-2.200340e-01
-2.120701e-01
2.463495e-01
1.149572e-01
-2.032961e-01
-7.141812e-02
-1.391770e-01
4.930915e-02
-4.406646e-02
-1.586623e-01
1.043840e-01
1.247295e-01
-3.326858e-02
-1.863046e-01
-2.546036e-01
-3.468795e-01
-2.908039e-01
-6.652101e-02
7.708748e-02
8.569343e-02
-8.828477e-02
-2.001242e-01
-4.471648e-02
-4.249380e-02
-1.396951e-01
7.394991e-02
1.523070e-01
1.173121e-02
-1.413115e-01
-1.677753e-01
7.750532e-02
3.082632e-01
5.145641e-01
4.852056e-01
1.062753e-01
-1.268331e-01
-2.168071e-01
-3.376479e-01
-1.892256e-01
2.605321e-01
3.594968e-01
2.754992e-01
4.276334e-01
2.893615e-01
-1.564001e-01
-2.787396e-01
-3.093995e-01
-2.929415e-01
7.913653e-02
1.693827e-01
-3.185418e-02
6.292118e-02
-6.901570e-02
-3.254914e-01
-4.180183e-01
-3.551806e-01
-2.964243e-01
-2.786125e-01
8.216169e-02
2.630361e-01
1.141828e-02
1.216715e-01
2.817859e-01
7.011975e-02
-2.455525e-02
1.796226e-01
1.698366e-01
2.009186e-02
2.174499e-01
2.255771e-01
1.109266e-01
1.515569e-01
1.334927e-01
1.787936e-01
1.172351e-01
8.417712e-02
1.052598e-01
9.068310e-02
1.085774e-01
1.028883e-01
7.637065e-02
7.835246e-02
1.454819e-01
8.353750e-02
5.113944e-02
-5.002443e-04
-9.368145e-02
-1.077335e-01
-7.545400e-02
-7.201518e-02
-1.273390e-01
-2.144963e-01
-2.210957e-01
-2.430246e-01
-1.173689e-01
1.780882e-01
2.437670e-01
2.234653e-01
5.195897e-02
-1.887896e-01
-2.857136e-01
-1.038943e-01
8.884539e-02
1.752351e-01
1.716058e-01
1.801826e-01
1.553549e-01
8.436803e-02
6.517919e-02
7.082959e-02
1.660560e-01
7.422457e-02
-5.751445e-02
-1.477752e-01
-1.622940e-01
-1.147508e-02
2.796659e-02
-7.451751e-02
-9.979207e-02
-7.786800e-02
-4.056945e-02
1.413238e-01
1.114428e-01
-1.607920e-01
-2.323719e-01
-2.066085e-01
-2.705474e-01
-2.400748e-01
-7.589573e-02
8.666877e-02
1.225556e-01
7.025178e-02
1.624217e-01
1.937246e-01
1.550557e-01
1.771977e-01
1.819690e-02
-1.084282e-01
-3.139493e-02
-1.282767e-01
-1.651847e-01
-3.435397e-02
-5.940705e-02
-1.052572e-02
2.132924e-02
-3.336723e-02
-3.391245e-02
-1.290130e-01
-1.669867e-01
-1.062643e-01
-8.968023e-02
4.879507e-02
1.346395e-01
8.633921e-02
8.939762e-02
-6.631774e-03
-1.650284e-01
-1.571803e-01
-1.003432e-01
-1.363435e-01
5.212927e-02
2.945076e-01
2.854873e-01
2.269353e-01
3.640133e-01
1.454998e-01
-3.029553e-01
-7.429746e-02
4.900896e-02
-5.353160e-02
5.047787e-02
-7.497191e-02
-1.574488e-01
6.719626e-03
5.585395e-02
1.009667e-01
1.813022e-01
-1.865608e-02
-1.197331e-01
-2.855686e-03
1.226956e-02
-4.095131e-02
-8.178093e-02
-1.352896e-01
-5.974335e-02
-2.998092e-02
-5.233017e-02
6.769254e-02
1.019156e-01
1.132606e-01
1.212324e-01
-4.351926e-04
-3.678126e-02
2.970702e-02
2.011502e-02
9.610233e-02
2.313146e-01
8.092654e-02
-2.790497e-02
-2.713482e-02
-9.191779e-02
-1.003066e-01
-3.795591e-02
2.189467e-02
3.369566e-02
2.897392e-02
2.851027e-02
2.260619e-02
8.156104e-02
1.077181e-01
7.960906e-02
8.058039e-02
3.464713e-02
-1.145035e-02
-3.134086e-02
-6.199914e-02
-9.108734e-02
-7.128884e-02
4.271680e-03
4.620221e-02
2.177704e-02
-7.762638e-02
-1.830839e-01
-2.566211e-01
-2.722584e-01
-1.808491e-01
8.238237e-03
2.417899e-01
2.770448e-01
2.036441e-01
2.620713e-01
2.016165e-01
-6.197499e-02
-1.149964e-01
-2.506198e-02
-9.081141e-02
-5.901498e-02
2.600870e-02
3.390398e-02
6.342255e-03
-5.190732e-02
-1.955256e-02
5.404227e-02
1.017721e-01
2.545130e-02
-1.829884e-01
-4.412259e-03
7.521318e-02
-2.069519e-01
-9.243665e-02
2.827281e-02
-9.487676e-02
-9.521542e-02
-1.299970e-02
-1.293485e-01
-1.685363e-01
-1.441246e-01
-1.390513e-01
8.188059e-02
1.324412e-01
2.154592e-02
-4.290116e-02
-4.438576e-02
1.090444e-02
7.721610e-02
1.131721e-01
6.982874e-02
-2.216066e-02
-7.786680e-02
-3.376880e-02
6.622448e-02
7.306387e-02
5.879147e-02
-9.932263e-03
-6.153960e-02
-1.560184e-02
-2.779768e-02
-6.404089e-02
-7.261475e-02
-3.345627e-02
-4.058701e-03
-3.368922e-02
-4.194138e-02
2.520839e-03
2.212844e-02
8.696895e-03
9.489685e-03
9.632693e-03
3.383135e-02
3.538471e-02
3.305797e-03
-4.188315e-03
-8.468781e-03
-2.329842e-02
-9.250327e-03
-1.160588e-02
-3.206419e-02
8.855190e-04
-7.420373e-03
-4.996114e-02
-3.030618e-02
-1.750146e-02
-2.735115e-02
-4.000422e-03
7.771991e-03
1.920683e-03
4.368539e-03
-1.953445e-02
-4.927400e-02
-4.073610e-02
-2.099586e-02
-2.517171e-02
1.529349e-02
2.871698e-02
3.217513e-02
5.089947e-02
1.126884e-02
3.177521e-02
4.602929e-02
1.505994e-02
-1.694809e-02
-2.243846e-02
3.524899e-02
9.268973e-02
1.014530e-01
9.366165e-02
7.544237e-02
-1.338483e-02
-6.054687e-02
-5.687875e-02
-3.883869e-02
-2.349581e-02
-5.428661e-02
-5.311421e-02
-5.784641e-02
-6.230449e-02
-2.978919e-02
1.153560e-02
2.213287e-02
3.389021e-02
2.200496e-02
7.436211e-03
-3.845571e-03
-2.045073e-02
1.489951e-02
1.505333e-02
-1.325347e-02
-1.075304e-02
-2.863430e-02
-1.746461e-02
-4.035562e-05
2.376560e-03
3.663766e-02
3.430852e-02
2.738477e-03
2.977542e-02
3.867641e-02
2.269499e-02
5.880425e-02
7.086181e-02
2.710785e-02
-2.405772e-02
-4.383329e-02
-2.355034e-02
-1.592822e-02
-2.833824e-02
-1.508830e-02
2.475935e-02
4.951871e-02
1.560484e-02
-3.861059e-02
-4.870306e-02
-1.853682e-02
8.375615e-03
-2.598012e-03
-3.633855e-02
-3.489699e-02
-7.552654e-03
1.453277e-02
-1.161395e-02
-3.040488e-02
-3.159348e-03
2.828180e-03
-9.915944e-03
-5.880190e-03
1.429226e-02
1.257420e-02
3.665105e-03
3.707031e-02
6.485596e-02
7.019695e-02
6.209116e-02
6.497826e-02
4.208024e-02
1.003321e-02
2.436247e-02
4.452404e-02
4.645479e-02
1.359755e-02
-4.637730e-03
1.431034e-02
3.461873e-02
4.117094e-02
2.238081e-02
1.117060e-02
3.012335e-02
1.379586e-02
-5.320944e-03
1.576724e-02
3.269448e-02
1.585247e-02
-2.808316e-02
-4.242819e-02
-4.430869e-02
-6.057650e-02
-5.570094e-02
-3.859596e-02
-1.610947e-02
2.597335e-02
3.680423e-02
3.676936e-02
2.502172e-02
9.607953e-03
-8.540590e-03
-2.557073e-02
-5.074787e-02
-6.090285e-02
-4.040206e-02
-5.102912e-02
-2.657321e-02
-1.454611e-02
-4.252617e-02
-6.634477e-02
-6.240537e-02
-1.592039e-02
3.395634e-02
2.743934e-02
-1.057477e-02
-5.743982e-03
-1.425053e-02
1.988470e-03
2.727514e-02
1.435494e-02
1.036278e-02
-1.147643e-02
-3.765715e-02
-3.545443e-02
-2.505142e-02
2.021378e-03
1.505524e-02
1.633039e-02
4.025011e-02
6.716238e-02
6.047770e-02
3.566037e-02
1.431945e-02
-1.364811e-02
-2.212615e-02
-1.607034e-02
-1.845900e-02
-2.745726e-03
-1.065041e-02
-8.630855e-03
9.248541e-03
1.302192e-02
1.419195e-02
-1.308578e-02
1.118846e-02
6.135041e-02
2.620667e-02
-4.150923e-02
-3.084090e-02
3.179138e-02
3.963527e-02
4.513131e-03
-1.839490e-02
-1.750457e-02
-1.483652e-02
3.520872e-02
4.314997e-02
1.164608e-02
3.218154e-02
1.166497e-02
-8.903808e-03
6.351271e-03
-8.164964e-03
-1.666985e-02
6.640866e-03
2.396306e-02
4.408447e-02
3.198213e-02
-1.453798e-02
-3.460416e-02
-5.735990e-02
-5.934894e-02
-2.095051e-02
1.380317e-02
7.855903e-03
-4.556992e-02
-7.023972e-02
-5.400849e-02
-5.967613e-02
-3.585655e-02
6.182627e-03
-8.362005e-03
-2.488844e-02
-1.636337e-03
-9.313955e-03
-4.035828e-02
-1.078451e-02
4.285986e-03
-2.943544e-02
-4.039773e-02
-2.116390e-02
-5.827729e-04
-1.414727e-02
-3.351238e-02
2.842647e-03
1.360686e-02
-3.733380e-03
1.030757e-02
2.741380e-03
3.257509e-03
1.958592e-02
3.869624e-02
2.473540e-02
3.028413e-03
4.214546e-02
6.354597e-02
5.181280e-02
2.146042e-02
2.121753e-02
3.057554e-02
1.276060e-03
4.358336e-03
4.058850e-02
2.959091e-02
3.195641e-03
9.084534e-03
4.870824e-03
-5.420475e-03
-9.532336e-03
-5.382262e-03
2.645949e-02
5.978513e-02
5.206497e-02
1.597972e-02
5.767457e-03
2.892321e-02
1.957273e-02
-1.893777e-02
-1.476941e-02
2.033526e-02
1.740317e-02
-2.078895e-02
-2.143930e-02
3.895179e-04
-9.992311e-03
3.833634e-03
2.679058e-02
1.230944e-02
2.322455e-03
1.571135e-02
1.039677e-02
-2.386015e-03
1.781281e-02
1.336319e-02
-2.331109e-02
-2.991021e-02
-1.211090e-02
-3.812897e-03
-1.006895e-02
-2.828897e-02
-3.591007e-02
-7.404102e-03
4.614925e-02
5.588809e-02
2.983719e-04
-1.855036e-02
-1.807286e-02
1.467932e-03
6.017580e-02
4.631035e-02
1.137132e-02
-1.428681e-02
-3.555941e-02
-4.263071e-02
-5.619669e-02
-1.752994e-03
4.752168e-02
2.896981e-02
-6.853822e-03
-5.163662e-02
-3.625509e-02
-3.609568e-02
-4.951290e-02
-1.468949e-02
-1.359376e-02
-1.433564e-02
-1.178784e-02
7.456588e-04
-7.114138e-03
-1.488712e-02
1.099000e-02
-7.390344e-03
-1.399591e-02
4.342765e-03
2.959766e-03
-5.068069e-03
-1.370717e-02
-7.907528e-03
2.116332e-03
-1.694294e-02
-1.880816e-02
3.043878e-02
4.965113e-02
1.443699e-02
-3.600054e-02
-3.773982e-02
8.490649e-03
2.080385e-02
3.198173e-02
2.624802e-02
-6.803828e-03
-1.519037e-02
-1.970350e-02
-1.430830e-02
-2.384281e-03
1.980458e-02
3.880342e-02
2.446212e-02
1.141942e-02
-6.246566e-03
-1.380622e-02
-6.220251e-03
-1.042732e-02
-1.206843e-02
-4.083830e-03
3.642593e-02
5.970606e-02
3.379561e-02
-9.541894e-03
-3.286239e-02
-1.891792e-02
-3.763427e-03
1.131775e-02
1.135373e-02
-1.368183e-02
-1.269099e-02
-2.931899e-03
2.898597e-03
-1.254915e-03
-2.445326e-02
-6.947143e-03
1.952212e-02
3.177920e-02
1.930273e-02
-3.254876e-03
-2.243666e-02
-1.889456e-02
2.459023e-03
-9.080255e-03
-6.596783e-03
2.485552e-02
2.169208e-02
-4.370266e-03
-4.941578e-03
-1.531261e-02
-1.713237e-02
1.692399e-02
4.832563e-02
3.340303e-02
-1.584417e-02
-7.261388e-02
-8.806067e-02
-3.366052e-02
3.445151e-03
-7.639193e-03
1.364196e-03
3.349932e-02
2.400628e-02
-1.071529e-02
-1.117113e-02
-1.668956e-02
-3.734037e-02
-6.876288e-02
-7.804652e-02
-3.603222e-02
1.433171e-02
4.876420e-02
4.152538e-02
-4.644900e-03
-1.618486e-02
2.535920e-02
3.260534e-02
-1.555633e-02
-1.989199e-02
2.697573e-02
2.553049e-02
-8.364451e-03
-1.699390e-02
-8.051409e-03
5.310016e-03
1.717545e-02
3.118898e-02
2.341921e-02
1.800648e-03
-9.239753e-03
-3.919182e-02
-5.071226e-02
-1.862419e-02
2.089124e-02
4.545234e-02
2.874965e-02
-1.730764e-02
5.696526e-04
4.338487e-02
2.773575e-02
3.274423e-02
4.224171e-02
1.586004e-02
8.074750e-03
1.374952e-02
2.839560e-02
1.876803e-02
-2.135419e-02
-8.818396e-03
1.284686e-02
-2.092308e-02
-1.161528e-02
3.401433e-02
2.971191e-02
1.859769e-02
4.890377e-02
3.152007e-02
-5.371293e-02
-5.552031e-02
8.526814e-03
4.636873e-02
2.439239e-02
-2.045557e-02
1.174061e-02
-1.158999e-02
-8.126689e-02
-6.667212e-02
-2.789299e-02
-1.196284e-02
-1.675051e-02
-3.814395e-02
-2.346663e-02
2.358613e-02
2.279536e-02
2.760839e-02
2.007906e-02
-2.270983e-02
-1.163736e-02
-7.224054e-03
-3.732142e-02
-6.124948e-02
-5.055979e-02
6.922311e-03
4.055962e-02
3.141268e-02
3.511185e-02
2.627182e-02
1.521222e-02
2.371242e-02
-1.277507e-02
-1.539847e-02
4.164997e-02
2.734254e-02
-1.715621e-02
1.464376e-02
-9.880234e-03
-6.116528e-02
-5.633757e-02
-1.781326e-04
6.419496e-02
-1.007796e-02
-7.063588e-02
-4.978383e-02
2.097521e-02
8.435808e-02
6.002224e-02
7.937513e-03
1.148831e-02
1.726480e-02
-1.642531e-02
-1.625736e-02
-6.462529e-03
-2.513505e-02
-3.059427e-02
4.282703e-03
-9.116567e-03
-3.900878e-02
-6.126064e-04
5.340668e-02
7.061285e-02
-1.010951e-02
-6.095846e-02
-1.522451e-02
3.455323e-02
5.127202e-02
-1.278236e-03
-4.348042e-02
-2.890754e-02
-1.561617e-02
2.139704e-02
4.538726e-02
6.775159e-02
5.977420e-02
-1.640026e-02
-3.187191e-02
1.011942e-02
2.348569e-03
-9.211569e-03
2.709866e-02
4.553992e-02
7.897239e-03
-2.578654e-02
-3.839286e-02
-3.578264e-02
-4.717434e-03
-6.106469e-03
-4.312431e-02
-3.505096e-02
-1.056666e-02
-6.852084e-03
2.405711e-02
1.708843e-02
-3.195467e-02
-1.107085e-02
3.538957e-02
1.208093e-02
2.307918e-03
4.335720e-02
4.845547e-02
-4.756534e-03
-2.425945e-02
1.706756e-02
2.819323e-02
-1.699670e-02
-6.657077e-02
-3.603148e-02
1.751400e-02
2.943979e-03
9.095591e-03
2.478281e-02
3.277542e-02
2.299671e-02
-2.530983e-02
-2.091850e-02
2.635352e-02
5.743748e-03
-6.939079e-02
-7.206349e-02
-7.748706e-03
2.337797e-04
-1.098232e-02
-7.604971e-03
-8.102413e-04
4.578796e-02
5.881239e-02
1.744656e-02
-3.426799e-02
-2.291130e-02
1.387471e-02
7.317761e-03
8.205648e-03
1.793881e-02
1.000294e-03
-1.830016e-02
-1.294236e-02
-2.250627e-02
6.188949e-03
5.939392e-02
8.670045e-02
3.508141e-02
-2.571853e-02
-4.122567e-02
-1.633852e-02
7.544530e-03
-2.238194e-02
-2.537692e-02
-4.101631e-02
-5.934445e-02
4.422836e-03
4.133255e-02
9.553500e-03
4.874093e-03
1.941227e-03
-5.868308e-02
-6.814709e-02
-2.931538e-02
-1.284563e-02
1.206728e-02
1.516239e-02
-1.154765e-02
-3.969730e-02
-2.489185e-02
4.936257e-02
7.683827e-02
4.499426e-02
2.937598e-02
1.179044e-02
-2.827755e-02
-1.227652e-02
3.965096e-02
1.362194e-02
-1.361604e-02
1.388364e-03
1.377707e-02
4.866447e-02
2.823223e-02
-4.798098e-03
1.628104e-02
3.483088e-02
2.856987e-02
5.286204e-03
-1.550431e-02
2.038960e-02
1.799730e-02
-2.107465e-02
-5.590170e-02
-3.937587e-02
1.431659e-02
2.750226e-02
1.595395e-02
-4.967569e-02
-6.211074e-02
-5.320527e-02
-6.508710e-02
-5.857846e-02
-4.724647e-02
-4.448505e-02
-7.605040e-02
-5.172641e-02
-2.136794e-04
9.386442e-03
-4.840327e-03
-2.537718e-02
-1.301940e-02
-5.021705e-03
-1.128869e-02
-6.494265e-03
-1.846480e-03
-3.436992e-03
-2.029684e-02
-1.832510e-02
-7.461693e-03
6.718242e-03
3.066658e-02
5.317016e-02
4.823734e-02
5.042150e-03
-4.240843e-02
-5.665828e-02
-5.077621e-02
-2.418051e-02
4.038142e-02
7.882125e-02
4.604644e-02
2.097188e-02
5.567687e-02
3.970771e-02
-5.849985e-03
-2.646152e-02
-2.316594e-02
2.087302e-02
3.912066e-02
3.878515e-02
6.759519e-02
5.614790e-02
-1.815027e-02
-3.448233e-02
2.823735e-02
4.586226e-02
2.113381e-02
1.003725e-02
-1.357974e-02
-6.236930e-02
-3.744273e-02
2.273037e-02
7.978006e-03
-5.117407e-02
-4.264898e-02
3.495466e-02
2.267472e-02
-2.239355e-02
-2.276288e-02
-1.479025e-02
2.717130e-03
-1.618160e-02
-3.880700e-02
-1.971704e-02
1.861827e-02
3.019903e-02
1.390011e-02
-1.781640e-02
-1.069248e-02
2.590228e-02
6.334368e-02
4.151352e-02
-7.137437e-02
-9.777783e-02
-3.148390e-02
-1.374946e-02
2.629209e-03
6.005804e-02
5.065469e-02
-2.258359e-02
-4.893523e-02
-3.759693e-02
-3.206455e-02
1.898097e-02
6.592398e-02
8.100394e-02
5.841054e-02
-1.314721e-02
-2.109341e-02
1.043812e-02
-1.736119e-02
-1.294642e-02
3.894668e-02
3.171899e-02
-7.336407e-03
-1.414052e-02
4.982901e-03
-9.145109e-03
-4.040915e-02
-2.837569e-02
-2.629437e-02
-5.382020e-02
-3.838472e-02
-6.276371e-03
2.504402e-03
1.355767e-02
-6.448434e-04
-2.381181e-02
-2.921245e-02
-1.284711e-02
1.178421e-02
3.034780e-02
3.479945e-02
3.786312e-02
6.706497e-02
8.023492e-02
7.577585e-02
8.432457e-02
8.112141e-02
7.261312e-02
7.566528e-02
6.962194e-02
6.350127e-02
7.299923e-02
5.467446e-02
-4.978925e-03
-1.165973e-02
3.512507e-02
5.315885e-02
6.424719e-02
6.235324e-02
3.999089e-02
2.028477e-02
-1.331182e-02
-4.208875e-02
-7.031680e-02
-4.614632e-02
4.469707e-02
7.137175e-02
3.460430e-03
-4.210115e-02
1.113423e-03
6.490055e-03
-1.423914e-02
-7.866856e-03
-6.486088e-02
-9.559631e-02
-7.440250e-02
-6.099845e-02
-6.977577e-02
-1.150147e-01
-1.401281e-01
-1.213274e-01
-1.000772e-01
-1.120965e-01
-1.255078e-01
-1.217934e-01
-8.503521e-02
3.064579e-02
1.413055e-01
1.423148e-01
6.361420e-02
1.299742e-02
-4.099214e-03
-3.147716e-03
4.630582e-02
3.561450e-02
2.251036e-02
7.137182e-02
7.925611e-02
1.146492e-01
1.255240e-01
8.896165e-02
5.785352e-02
1.078947e-02
-2.750384e-02
-3.895962e-02
-4.839349e-02
-2.703818e-02
3.605187e-03
2.096984e-02
7.161005e-02
3.849518e-02
-5.759177e-02
-6.026430e-02
-2.196136e-02
1.959340e-02
9.342942e-02
1.268993e-01
7.406288e-02
-1.646034e-02
-2.928677e-02
2.993740e-02
4.735740e-02
7.552791e-03
-1.068519e-03
3.684911e-02
3.440731e-02
2.079861e-02
1.542915e-03
-5.782834e-02
-1.181923e-01
-1.193932e-01
-7.290801e-02
1.179151e-02
1.233334e-01
7.356047e-02
-1.645009e-02
1.602529e-02
6.446528e-03
-5.790870e-02
-4.826904e-02
-4.106590e-02
-7.035843e-02
-5.843128e-02
-2.515847e-02
2.066786e-02
1.980332e-02
-1.495246e-02
-3.138181e-02
5.486829e-03
3.296978e-02
3.241194e-02
-2.262830e-02
-8.197872e-02
3.409243e-03
7.982256e-02
1.216805e-01
1.203725e-01
2.660184e-02
-6.393565e-02
-7.677779e-02
-8.237881e-02
-7.814989e-02
-4.256944e-02
-7.588559e-04
1.016397e-01
1.021160e-01
-1.269163e-02
-5.620901e-02
1.119458e-03
1.888776e-02
-2.399608e-02
-5.225339e-02
-6.705192e-02
-4.372464e-02
-3.593087e-02
-3.301018e-02
2.187887e-03
2.543460e-03
-2.507448e-02
-2.832889e-02
-2.082291e-02
-2.059604e-02
-1.662242e-03
2.098442e-02
2.663524e-02
3.208536e-02
6.251498e-02
9.919176e-02
1.425550e-01
1.201211e-01
3.269967e-02
2.516805e-02
1.716039e-02
-5.439084e-02
-1.064720e-01
-1.474605e-01
-1.961142e-01
-2.369260e-01
-2.311001e-01
-1.577254e-01
-6.675083e-02
1.713310e-02
1.347379e-01
1.518056e-01
8.348106e-02
1.084668e-01
1.179037e-01
1.491698e-01
1.006062e-01
-4.929566e-02
-1.217748e-01
-1.406743e-01
-1.315290e-01
-1.191924e-01
-7.292621e-02
-5.578874e-03
3.460241e-02
3.384232e-02
3.166407e-02
9.224299e-02
1.026481e-01
1.726060e-02
-2.158525e-02
-2.855048e-02
-6.247412e-02
-4.302995e-02
-5.011557e-02
-1.016641e-01
-1.034128e-01
-7.272495e-02
-7.887855e-02
-6.593779e-02
1.238143e-02
2.085495e-02
-1.724054e-04
3.523242e-02
4.179182e-02
1.216927e-02
-1.743575e-03
2.068359e-03
1.715789e-02
1.608394e-02
1.374439e-02
1.965480e-02
-2.755086e-03
-1.687724e-02
-1.036408e-02
-8.070989e-03
-1.450376e-02
-5.872725e-02
-9.777356e-02
-8.609869e-02
-1.948305e-02
6.117363e-03
3.100952e-02
8.971365e-02
6.420663e-02
1.224901e-02
1.614198e-02
2.838174e-02
-3.843253e-03
-1.164288e-03
2.694838e-02
2.465726e-02
-1.829463e-02
-5.042002e-02
-2.918736e-02
5.435583e-03
-5.648930e-03
-1.254622e-02
4.535318e-02
3.940493e-02
-2.851602e-02
-3.577247e-02
-2.656281e-02
-3.264535e-02
-2.026597e-02
-2.831505e-02
-2.722742e-02
-6.336862e-03
2.578326e-02
5.142076e-02
3.243615e-02
2.734688e-03
-5.206903e-04
2.685677e-02
2.155223e-02
-2.925698e-02
-8.126712e-03
4.158561e-02
1.988371e-02
-1.625626e-02
-1.248318e-02
3.388937e-02
6.595856e-02
5.877278e-02
2.971969e-02
7.095153e-03
-8.040477e-03
-1.330225e-02
1.825993e-02
5.034198e-02
2.851235e-02
-1.599768e-02
-4.987471e-02
-6.705473e-02
-1.781311e-02
-1.593338e-02
-4.024962e-02
3.002265e-03
1.388668e-02
1.315435e-02
1.918162e-02
1.499048e-02
4.462836e-03
1.286104e-02
6.466147e-02
7.152567e-02
3.081400e-02
2.942376e-03
-2.408103e-02
-4.227822e-03
2.286936e-02
-1.302720e-03
-2.965318e-02
-1.472520e-02
1.757011e-02
-3.403444e-03
-1.739239e-02
1.096346e-03
2.428705e-02
2.130523e-02
2.136756e-03
2.957146e-02
3.843083e-02
-2.769640e-03
-1.138721e-02
1.656540e-02
3.179954e-02
4.013056e-02
6.041454e-02
7.500385e-02
4.258450e-02
-1.698433e-02
-4.215313e-02
-1.459397e-02
-4.174526e-03
-2.231959e-02
1.725699e-02
6.450313e-02
6.361882e-02
4.387615e-02
1.919402e-02
-1.381511e-03
-3.178949e-02
-4.650994e-02
-2.363180e-02
-2.065832e-02
-3.584485e-02
-3.690842e-02
-1.656059e-02
-1.002480e-02
-2.511999e-02
-1.909707e-02
1.237390e-02
1.731568e-02
1.198197e-02
6.444121e-02
7.685871e-02
4.531028e-02
4.115722e-02
5.745348e-02
4.705911e-02
1.795692e-02
1.844381e-02
3.140963e-02
3.904863e-02
5.236220e-03
-4.151915e-02
-5.668366e-02
-1.297787e-02
1.355039e-02
3.001827e-02
8.585900e-02
9.303421e-02
4.832726e-02
1.998629e-02
1.306860e-02
-2.913263e-02
-2.432124e-02
1.031204e-02
3.295678e-03
4.438313e-02
5.174532e-02
-5.401351e-03
-3.296472e-02
-4.230639e-05
2.957737e-02
-1.310759e-04
-4.076624e-02
-2.472558e-02
4.811445e-02
4.894339e-02
1.250217e-02
-2.241104e-03
-6.015639e-04
2.848796e-02
1.809032e-04
-4.226917e-02
-4.429915e-02
-2.043702e-02
-1.831843e-02
-3.559601e-02
-5.764619e-03
3.785670e-03
-2.082628e-02
-4.471709e-02
-5.142865e-02
-4.375760e-02
-5.194080e-02
-6.713781e-02
-5.645568e-02
-1.926854e-02
5.639849e-03
3.976594e-02
4.426756e-02
-5.107599e-03
-5.751296e-02
-5.753774e-02
-1.181931e-02
1.862644e-02
6.065643e-02
9.811546e-02
7.439518e-02
1.616087e-02
-2.250111e-02
-1.058672e-02
4.542708e-03
-2.773343e-02
-3.227859e-02
-1.730653e-03
-3.034404e-02
-5.311058e-02
-2.253217e-02
2.282248e-02
4.363816e-02
2.005223e-02
1.170639e-02
3.794442e-02
2.688471e-02
-4.231729e-02
-4.658465e-02
-4.387369e-03
4.669420e-03
3.039231e-02
3.407520e-02
-1.235029e-02
-3.768895e-02
-1.044574e-02
2.384288e-02
4.318343e-02
5.185675e-02
4.435717e-02
1.433970e-02
-3.069172e-03
1.648923e-02
2.661044e-02
5.400191e-03
-4.011501e-03
-5.975921e-03
-4.754473e-02
-8.492578e-02
-8.105372e-02
-6.511633e-02
-6.679525e-02
-6.670208e-02
-7.405254e-02
-6.597700e-02
-3.632950e-02
-2.917287e-02
-3.903645e-02
-3.172533e-02
2.008064e-02
3.986536e-02
2.735566e-02
2.745167e-02
3.809507e-02
6.176872e-02
4.179932e-02
8.822474e-03
2.180004e-04
-1.628271e-02
-9.830235e-03
-5.542582e-03
-3.493922e-02
-4.775569e-02
-3.892470e-02
-1.028423e-02
2.013913e-02
2.463758e-02
7.363388e-03
-1.974464e-02
-3.326464e-02
-1.612141e-02
1.027362e-02
2.676282e-02
3.266301e-02
4.591129e-02
3.927517e-02
-1.272500e-02
-1.754874e-02
2.134625e-02
3.220204e-02
9.393773e-03
-2.075918e-03
1.165105e-02
2.594084e-02
2.181941e-02
-1.482642e-02
-3.511722e-02
-2.392540e-04
4.677737e-02
2.473456e-02
-7.173662e-03
-2.531912e-02
-2.101396e-02
-8.807969e-03
-4.297552e-02
-2.822853e-02
1.659180e-02
9.997303e-03
-3.460853e-02
-5.607610e-02
-4.720840e-02
-1.656172e-02
-1.481581e-02
-3.163655e-03
3.957820e-02
8.530679e-03
-2.284144e-02
-6.008430e-03
-1.629777e-02
-2.968941e-02
-8.444411e-03
1.119624e-03
-6.614652e-03
-1.505928e-02
-2.223584e-02
-6.197754e-02
-5.504533e-02
-3.197328e-03
-8.993942e-04
-2.107834e-02
-4.152633e-02
-5.840784e-02
-4.044076e-02
-1.530525e-02
1.947225e-02
2.803206e-02
1.131334e-02
2.309604e-02
-1.130484e-02
-6.932928e-02
-5.345939e-02
2.325025e-02
6.545061e-02
5.245369e-02
3.849436e-02
3.426292e-02
1.508255e-02
-1.718345e-02
-3.659822e-02
1.687019e-02
3.772389e-02
1.321519e-02
2.157706e-02
2.650351e-02
2.457197e-02
3.938537e-03
1.258341e-02
1.655496e-02
-3.031240e-02
-4.252071e-02
1.086905e-02
3.882370e-02
1.009097e-02
-2.332658e-02
-1.732190e-02
2.634903e-03
-1.783261e-02
-1.844337e-02
1.714320e-02
2.334851e-02
1.993009e-03
6.481700e-03
2.679797e-02
1.977897e-02
-2.454696e-03
1.499984e-02
1.914761e-03
-4.520322e-02
-3.094070e-02
-9.145708e-03
-1.699759e-02
-1.966543e-02
2.009073e-02
2.308871e-02
-1.468718e-02
-1.065973e-02
-2.346156e-02
-3.270405e-02
-2.976925e-02
-3.258986e-02
1.127118e-02
5.752978e-02
8.146575e-02
8.750954e-02
6.674591e-02
3.211966e-02
2.396573e-03
-1.626229e-03
3.304286e-02
4.934665e-02
1.465531e-02
-1.350081e-02
-7.104982e-03
3.093154e-03
-1.866054e-03
4.460301e-03
-1.133396e-02
-2.922793e-02
-7.016276e-03
1.150550e-02
1.163843e-02
-1.751440e-02
-4.944138e-02
-2.443537e-02
-1.531473e-02
-2.512657e-02
2.330559e-03
6.281781e-03
4.635362e-03
2.277511e-02
3.932665e-02
4.961526e-02
3.207878e-02
-3.656235e-02
-5.300170e-02
4.592690e-03
3.923570e-02
5.890614e-02
9.503635e-02
7.676966e-02
-3.107518e-02
-7.889271e-02
-4.219055e-02
-9.000613e-03
-1.490807e-02
-5.210071e-02
-4.169713e-02
-1.166992e-02
-7.704579e-03
-4.334980e-02
-4.932011e-02
3.106194e-03
2.519064e-03
-3.014645e-02
-2.031742e-02
-2.303552e-03
-1.626573e-02
-1.045664e-02
2.988726e-02
2.083664e-02
-9.051541e-03
1.767404e-03
1.626651e-02
8.246166e-03
6.255538e-03
3.064338e-02
-1.248541e-02
-6.180075e-02
-2.614440e-02
2.028781e-02
-1.140808e-03
-3.689144e-02
-1.361282e-02
1.595808e-02
3.067466e-02
4.312478e-02
5.733038e-02
5.358553e-02
5.589944e-03
-2.133708e-02
8.305708e-03
1.908958e-02
-4.563893e-03
-6.907749e-03
-5.926332e-03
-2.077523e-02
4.938144e-03
5.536568e-02
4.954917e-02
-1.327515e-02
-4.240008e-02
-1.010726e-02
-4.599403e-03
-2.523390e-02
3.492730e-03
4.840349e-02
5.618551e-02
3.726489e-02
4.085902e-02
3.709254e-02
-1.585149e-02
-4.933311e-02
-4.594673e-02
-2.677700e-02
1.122470e-02
1.535678e-02
1.059616e-02
-9.021966e-03
-2.136636e-02
-9.513037e-03
-1.039392e-02
1.443753e-02
3.338000e-02
1.666807e-02
-1.013221e-02
-1.953512e-02
-1.687597e-02
-2.304526e-02
-1.633899e-02
1.211728e-02
6.402822e-03
-4.131443e-02
-2.529266e-02
1.701599e-02
1.672225e-02
1.149779e-02
7.514119e-03
2.203933e-02
3.737463e-02
4.102564e-02
3.883717e-02
5.606272e-02
5.054742e-02
-1.137257e-02
-3.689351e-02
1.591207e-02
4.452537e-02
2.646912e-02
3.291628e-02
1.587231e-02
-4.039493e-02
-4.111874e-02
-5.322813e-03
-1.686485e-02
-2.215238e-02
1.241331e-02
1.810146e-02
-6.802925e-04
8.014374e-03
3.160895e-02
4.170479e-02
3.621991e-02
-2.373040e-03
-3.477936e-02
4.955214e-03
4.510370e-02
4.626296e-02
1.289102e-02
-4.151136e-02
-2.932080e-02
1.734933e-02
8.294685e-03
1.791833e-02
3.639635e-02
-9.333029e-03
-2.952497e-02
1.464667e-02
1.263794e-02
-1.277070e-02
-2.015729e-02
-1.882938e-02
-2.678388e-02
-2.245574e-02
1.144697e-02
-7.471519e-03
-2.786365e-02
-1.969915e-03
8.047838e-03
-2.168274e-02
-2.858073e-02
8.030814e-03
1.838949e-02
-3.259773e-03
-2.335729e-02
-3.294460e-02
-3.284002e-02
-1.809203e-02
1.197662e-02
1.302240e-02
-2.891458e-02
-2.301277e-02
2.987163e-02
2.840509e-02
-1.291093e-02
-2.449527e-02
-8.464598e-04
2.571379e-03
-1.393018e-02
-2.470063e-02
-3.954242e-02
-4.755669e-02
-3.145249e-02
-3.287368e-03
8.480754e-03
-5.729306e-03
-1.605646e-02
-2.582670e-03
-5.357074e-03
-3.690234e-02
-3.626558e-02
-2.637769e-02
-3.147984e-02
-2.310231e-02
-6.582335e-03
4.508679e-03
1.076770e-02
4.719601e-03
-1.247628e-02
-1.112122e-02
1.329160e-02
3.607371e-02
1.990736e-02
5.965671e-03
9.345655e-03
-1.590736e-02
-3.008955e-02
-2.117358e-02
-1.674005e-02
-3.873957e-02
-4.607717e-02
3.744015e-05
2.846078e-02
4.560680e-02
6.105385e-02
3.408721e-02
5.178478e-03
-1.957587e-02
-3.956792e-02
-1.916329e-02
-7.429783e-03
6.149306e-03
3.574965e-02
3.131057e-02
1.036003e-02
1.773243e-02
4.040193e-02
2.686833e-02
-2.064039e-02
-1.250524e-02
7.637081e-03
2.178127e-03
7.791934e-03
3.657433e-02
5.770686e-02
1.808459e-02
-7.974148e-03
-1.004067e-03
-1.608732e-02
-3.858494e-02
-3.009142e-02
8.370236e-03
2.586458e-02
-2.453982e-03
-3.357686e-02
-2.571935e-02
-1.809219e-02
-3.444720e-02
-3.966292e-02
-6.957787e-03
1.869441e-02
1.050467e-03
-2.128385e-02
-3.274137e-02
-1.837554e-02
-3.131718e-03
3.546274e-03
2.858676e-03
-2.327272e-02
-2.485115e-02
-5.227839e-04
-1.373795e-03
-1.833984e-02
-2.698985e-02
-7.983170e-03
9.390072e-03
-3.131660e-03
-1.878008e-02
-1.934038e-02
5.948269e-03
2.923462e-02
2.666235e-02
1.547163e-02
1.614312e-02
4.765267e-04
-2.621171e-02
-2.766044e-02
6.620420e-03
1.477213e-02
6.497443e-04
1.662136e-02
1.679714e-02
2.438663e-02
4.573459e-02
3.296540e-02
-5.928304e-03
-1.304033e-03
2.569433e-02
3.546839e-02
3.996366e-02
2.652154e-02
1.069287e-02
2.387083e-02
4.237039e-02
3.626549e-02
3.581740e-02
4.947697e-02
3.394812e-02
-6.392248e-04
-2.085674e-02
-1.731713e-02
2.850396e-03
9.707981e-03
1.891212e-02
1.262682e-02
-1.213925e-02
-2.660475e-02
-1.556558e-02
6.882863e-03
6.197812e-03
1.550009e-02
1.264544e-02
-9.965348e-03
1.849832e-02
3.969542e-02
1.023952e-02
-2.062631e-02
-4.455336e-02
-2.744412e-02
-3.390843e-03
-7.177342e-04
9.594855e-03
2.945895e-03
-2.464942e-03
9.404908e-04
-9.118195e-03
-2.039108e-02
-2.772608e-02
-2.712675e-02
-5.889023e-03
2.436158e-02
1.505394e-02
-1.096151e-02
-1.712009e-02
-2.204161e-02
-1.825711e-02
-1.055132e-02
-4.491987e-03
-1.164369e-02
-2.181710e-02
-2.880479e-02
-1.240934e-02
6.306911e-03
1.082120e-02
1.643394e-02
1.513069e-03
-1.015705e-02
-3.182929e-03
-5.771667e-04
-5.837736e-03
3.510571e-03
1.333596e-02
7.216191e-04
-9.483021e-03
1.536054e-02
2.745332e-02
1.428489e-02
-1.274987e-02
-1.999613e-02
4.828395e-03
-1.809267e-02
-3.272247e-02
-5.882796e-03
1.445420e-02
1.673657e-02
-4.863570e-03
-4.289621e-03
1.594257e-02
-1.011215e-02
-2.472751e-02
4.753427e-03
1.203373e-02
-4.990549e-03
-1.715692e-02
-1.873904e-02
-1.118503e-02
-2.964247e-03
9.017922e-04
-8.440039e-03
-1.977311e-02
-1.650772e-02
-9.479163e-03
-5.258219e-03
-4.910168e-03
-1.764621e-03
-2.268278e-03
-4.031934e-03
-7.747279e-04
-1.141628e-02
-2.197989e-02
-1.360154e-02
1.310647e-03
1.882040e-02
1.621936e-02
-1.235463e-02
-1.363416e-02
1.047111e-02
4.137391e-03
-5.637855e-03
-6.277400e-03
-1.289048e-02
2.393038e-03
2.401986e-02
1.999760e-02
-8.696973e-03
8.790182e-04
2.704388e-02
6.833355e-03
-8.140883e-03
4.524632e-03
1.098149e-02
5.561641e-03
1.201174e-02
1.978921e-02
1.214361e-02
6.195855e-03
6.036099e-03
-9.787206e-04
-2.674193e-03
7.506641e-03
1.351237e-02
9.938153e-03
2.914173e-03
3.620269e-03
4.911104e-03
-9.064874e-04
4.855352e-04
5.367606e-03
3.078933e-03
1.519301e-03
2.663780e-03
-3.306814e-04
-1.706595e-03
-4.542932e-03
-6.584969e-03
-1.978166e-03
1.352218e-03
9.081856e-03
9.764238e-03
4.240942e-04
-1.229686e-03
-3.282072e-03
-6.313533e-03
-3.084524e-03
1.738051e-03
2.183058e-03
-1.253642e-03
1.010208e-03
3.335991e-03
-2.285904e-03
-5.173998e-03
-3.045091e-03
-3.136502e-03
5.445488e-04
2.080593e-03
-1.956864e-03
-4.891318e-04
2.221212e-03
7.765332e-04
1.323953e-03
2.225822e-03
-1.861494e-04
7.818464e-04
1.915377e-03
-2.054785e-03
-3.953936e-03
-1.611736e-03
3.721611e-04
1.241485e-03
2.623116e-03
1.814024e-03
1.831143e-03
1.634738e-03
5.214185e-04
4.939520e-04
-9.198790e-04
-9.939785e-04
1.176840e-03
1.772992e-03
4.729283e-04
1.917341e-04
-5.952489e-04
1.374931e-04
2.023874e-03
2.165519e-03
2.238449e-03
1.812144e-03
1.467562e-03
1.069803e-03
5.271167e-05
3.082822e-04
6.937768e-04
3.271820e-04
5.214269e-04
4.855708e-04
-2.107220e-04
-7.725041e-04
-6.112651e-04
-4.363986e-04
-7.416658e-04
-8.904903e-04
-1.018183e-03
-9.308720e-04
-6.812777e-04
-6.523080e-04
-9.892000e-04
-1.316070e-03
-1.256847e-03
-1.248909e-03
-1.312344e-03
-1.328984e-03
-1.213627e-03
-1.153174e-03
-1.166860e-03
-1.149369e-03
-1.050604e-03
-8.960229e-04
-8.367952e-04
-7.659158e-04
-6.844227e-04
-6.588307e-04
-6.126894e-04
-5.392488e-04
-4.882042e-04
-4.369489e-04
-3.673823e-04
-3.060702e-04
-2.599064e-04
