1.401076e-03
1.397611e-03
1.394240e-03
1.390365e-03
1.386397e-03
1.383587e-03
1.379964e-03
1.372591e-03
1.367450e-03
1.366296e-03
1.357148e-03
1.350518e-03
1.359231e-03
1.357644e-03
1.340439e-03
1.334754e-03
1.330711e-03
1.318492e-03
1.314366e-03
1.336050e-03
1.351947e-03
1.320466e-03
1.283892e-03
1.280870e-03
1.334775e-03
1.349517e-03
1.279700e-03
1.274680e-03
1.277800e-03
1.261885e-03
1.264215e-03
1.265173e-03
1.291103e-03
1.235269e-03
1.214770e-03
1.234474e-03
1.230459e-03
1.304041e-03
1.239529e-03
1.150866e-03
1.225207e-03
1.315340e-03
1.367419e-03
1.267291e-03
1.164962e-03
1.298623e-03
1.292495e-03
1.123318e-03
1.158960e-03
1.149787e-03
1.182459e-03
1.236927e-03
1.071562e-03
1.032956e-03
1.025625e-03
1.031427e-03
1.065435e-03
9.580468e-04
1.162577e-03
1.399547e-03
1.152469e-03
9.425216e-04
9.213836e-04
1.049589e-03
1.141791e-03
8.693129e-04
8.054286e-04
9.220863e-04
9.456982e-04
9.498238e-04
9.793183e-04
1.384966e-03
1.345721e-03
9.836572e-04
1.274953e-03
1.223001e-03
7.987236e-04
8.017745e-04
7.483970e-04
6.825671e-04
7.959209e-04
6.530185e-04
8.536981e-04
1.238471e-03
6.396214e-04
5.616998e-04
9.861870e-04
5.693909e-04
8.746663e-04
1.077982e-03
5.523828e-04
6.774748e-04
6.581372e-04
4.762037e-04
6.897887e-04
1.070061e-03
8.798342e-04
3.852612e-04
6.345883e-04
5.174906e-04
4.883524e-04
1.120382e-03
9.778182e-04
7.236915e-04
6.271968e-04
7.506342e-04
9.966641e-04
9.052272e-04
1.325736e-03
1.258724e-03
9.104544e-04
1.200142e-03
1.008950e-03
5.130063e-04
4.179521e-04
5.805775e-04
5.938821e-04
8.387390e-04
9.818319e-04
9.477871e-04
7.953241e-04
1.770271e-04
4.841741e-04
9.570962e-04
6.409347e-04
4.151196e-04
2.716359e-04
1.268597e-04
4.022211e-04
1.197711e-03
1.076348e-03
3.716373e-04
2.451276e-04
2.183206e-05
3.565378e-05
4.269802e-04
5.266170e-04
4.844798e-04
4.954014e-04
9.721865e-04
1.129499e-03
-7.024284e-05
8.046359e-06
4.627321e-04
-5.138040e-04
-5.680582e-05
3.606497e-04
1.468665e-04
9.824502e-04
1.560204e-03
9.628322e-04
1.603639e-04
2.523235e-04
-8.448891e-05
-1.023780e-04
1.081582e-03
1.352866e-03
1.039147e-03
6.845433e-04
-1.434916e-06
4.059722e-05
1.042885e-04
8.601171e-05
1.254203e-03
1.885230e-03
6.538749e-04
-8.136054e-04
-7.673749e-04
-4.011760e-04
-1.742246e-05
9.064011e-04
4.634166e-04
4.583837e-04
1.219188e-03
6.090222e-04
-1.421877e-04
3.393290e-04
1.389624e-03
7.556695e-04
1.274265e-04
1.026800e-03
1.140687e-03
1.323493e-04
-4.713684e-04
2.927973e-04
7.046962e-04
-9.904674e-05
2.743048e-04
1.001785e-03
5.549726e-06
2.008118e-04
1.059684e-03
-1.377039e-04
-8.549864e-05
1.128290e-03
3.779189e-04
-2.557686e-04
4.553617e-04
3.756890e-04
7.662186e-04
1.560844e-03
8.322517e-04
7.128828e-04
1.508002e-04
-1.778286e-04
6.296763e-04
-2.105139e-04
-1.531170e-04
5.059330e-04
1.840264e-04
2.912037e-04
4.134908e-04
5.972071e-04
6.146938e-04
1.195524e-03
8.882916e-04
-3.103378e-04
6.904687e-04
6.915454e-04
-1.732968e-04
1.102852e-03
1.572335e-03
8.265764e-04
3.464939e-04
7.917236e-04
1.636890e-03
2.965337e-04
-7.833004e-04
3.606560e-04
3.037201e-04
-1.403249e-04
1.251974e-03
1.457248e-03
5.245800e-04
6.203416e-04
-3.120664e-04
3.050929e-04
1.746345e-03
1.871068e-04
1.006150e-03
1.745177e-03
-1.285307e-04
3.574670e-05
1.239094e-04
-1.847926e-04
-3.255248e-04
-4.205361e-04
1.343220e-05
-4.872458e-05
2.812373e-05
1.933975e-04
6.745269e-04
6.253569e-04
3.877892e-04
1.169245e-03
6.674704e-04
1.013530e-04
2.336636e-04
-2.048397e-04
-1.739366e-04
2.132207e-04
7.388545e-04
4.214384e-04
4.518348e-04
1.169149e-03
3.274346e-04
1.481665e-04
5.733084e-04
9.479108e-04
1.270907e-03
2.396510e-04
2.611275e-04
3.971582e-04
-1.741977e-04
-2.047027e-04
-5.991064e-04
-2.171659e-04
-3.554832e-04
-1.014000e-03
-1.990293e-04
8.592426e-05
4.114125e-04
8.683118e-04
3.057561e-04
6.107509e-04
7.631172e-04
2.219939e-04
2.324034e-04
9.942392e-05
-1.660150e-04
-1.448432e-04
3.356039e-04
7.140567e-04
5.249752e-04
5.275007e-04
5.558898e-04
-3.156284e-04
-9.209838e-04
-2.040421e-04
5.966386e-04
5.555267e-04
-3.811367e-04
-2.091209e-04
2.994825e-04
-5.336837e-04
-6.006057e-05
6.231347e-04
3.555888e-04
4.323035e-04
-9.153969e-06
-8.632050e-04
-3.575808e-05
6.431899e-04
-8.552630e-04
-6.104265e-04
-1.749977e-04
-3.658926e-04
5.502980e-04
2.345740e-04
3.994894e-04
6.025201e-04
6.659135e-04
4.158620e-04
-8.379130e-04
1.850965e-04
7.862114e-04
5.205801e-04
8.771235e-04
-1.237948e-04
-1.165888e-04
8.400480e-04
1.776462e-04
-4.593049e-04
3.712463e-04
1.265381e-03
2.500858e-03
2.735853e-03
1.381691e-03
2.211605e-03
3.388229e-03
2.929372e-03
1.332718e-03
-5.408797e-04
-9.503722e-04
-1.800814e-03
-2.285633e-03
-3.283672e-03
-5.640145e-03
-5.103256e-03
-2.864294e-03
-7.381985e-04
1.081203e-03
2.237857e-03
3.523285e-03
4.724956e-03
6.366918e-03
7.695073e-03
8.564505e-03
1.030464e-02
1.163806e-02
1.130451e-02
8.912640e-03
5.329592e-03
2.853484e-03
2.649731e-05
-4.620109e-03
-9.606059e-03
-1.603192e-02
-2.299337e-02
-2.810687e-02
-3.067804e-02
-2.725940e-02
-1.882015e-02
-8.953520e-03
9.066742e-04
9.258211e-03
1.861743e-02
2.773047e-02
3.496784e-02
4.003951e-02
4.000208e-02
3.691418e-02
2.778034e-02
1.576374e-02
5.391399e-03
-7.866161e-03
-1.601505e-02
-2.181883e-02
-2.936959e-02
-2.816418e-02
-2.322196e-02
-2.069804e-02
-1.691413e-02
-6.769755e-03
8.006323e-03
1.977525e-02
2.647795e-02
2.619553e-02
2.310129e-02
1.858004e-02
7.560111e-03
-7.132367e-03
-2.342622e-02
-3.673185e-02
-3.955220e-02
-3.166048e-02
-2.380983e-02
-2.453719e-02
-2.766957e-02
-2.578269e-02
-1.115785e-02
1.427037e-02
3.388347e-02
4.061262e-02
3.832672e-02
3.150812e-02
2.405982e-02
1.596847e-02
6.224080e-03
-1.618448e-03
-6.429707e-03
-1.212314e-02
-2.575040e-02
-4.310714e-02
-4.486457e-02
-2.990379e-02
-8.545124e-03
1.339473e-02
2.723301e-02
3.211049e-02
3.375620e-02
3.794408e-02
3.905327e-02
2.323670e-02
-1.644413e-02
-6.284057e-02
-7.436052e-02
-5.447674e-02
-4.875503e-02
-6.730175e-02
-8.830032e-02
-9.303290e-02
-6.843639e-02
-2.131136e-02
1.967046e-02
4.497987e-02
5.429260e-02
5.953503e-02
7.240831e-02
7.081528e-02
5.976426e-02
4.259650e-02
9.751456e-03
-1.630715e-02
-3.954338e-02
-7.192067e-02
-9.382670e-02
-8.587287e-02
-5.611509e-02
-3.329039e-02
-3.079063e-02
-4.310017e-02
-4.950964e-02
-2.694291e-02
1.522577e-02
4.428766e-02
4.924680e-02
3.914782e-02
2.447472e-02
2.030785e-02
1.967141e-02
3.238737e-03
-2.286698e-02
-4.197844e-02
-5.279333e-02
-6.333268e-02
-6.685959e-02
-6.657576e-02
-6.960846e-02
-5.002300e-02
-1.541129e-02
-4.594460e-03
-3.293816e-03
1.160834e-02
2.633821e-02
3.418791e-02
3.229696e-02
1.509102e-02
1.898076e-03
3.650415e-03
8.834939e-03
1.064215e-02
6.103054e-03
-7.771382e-03
-1.943305e-02
-2.284855e-02
-2.434064e-02
-1.067226e-02
3.388949e-03
2.340967e-02
4.109898e-02
4.535303e-02
9.552192e-02
6.846335e-02
-2.872645e-02
2.018523e-04
1.429030e-02
-5.203630e-02
-9.130650e-02
-1.556805e-01
-1.903752e-01
-1.251911e-01
-7.295665e-02
-7.693762e-02
-8.590510e-02
-9.706488e-02
-9.432433e-02
-5.437884e-02
6.364930e-03
5.324507e-02
6.624527e-02
5.495100e-02
1.971838e-02
-3.549747e-02
-8.477742e-02
-8.860320e-02
-5.554087e-02
-4.060230e-02
-4.955085e-02
-7.193812e-02
-8.373903e-02
-5.201080e-02
2.411982e-03
3.887594e-02
5.160459e-02
5.954292e-02
5.153797e-02
2.459288e-02
-9.299861e-03
-4.526564e-02
-7.370555e-02
-1.008707e-01
-9.977783e-02
-7.144817e-02
-6.294162e-02
-6.851971e-02
-7.184026e-02
-6.290426e-02
-3.519061e-02
-2.670556e-03
1.842892e-02
3.320224e-02
4.281709e-02
2.303699e-02
-4.405540e-03
-5.987463e-02
-1.805570e-01
-2.357115e-01
-1.988673e-01
-1.878177e-01
-1.874835e-01
-1.829038e-01
-1.700403e-01
-1.377324e-01
-9.668249e-02
-3.109188e-02
6.868666e-03
2.590038e-03
-9.914313e-03
-3.076121e-02
-5.622044e-02
-1.037750e-01
-1.712577e-01
-2.192760e-01
-2.205366e-01
-2.088001e-01
-1.914904e-01
-1.568513e-01
-1.466252e-01
-1.402115e-01
-1.098567e-01
-6.347540e-02
-1.959156e-02
3.522696e-03
3.380391e-02
5.837137e-02
6.664783e-02
6.276276e-02
3.532653e-02
1.318105e-02
-2.257446e-02
-7.487251e-02
-1.158449e-01
-1.642325e-01
-2.247713e-01
-2.930410e-01
-3.265239e-01
-3.157835e-01
-2.769354e-01
-1.924632e-01
-1.072776e-01
-5.623134e-02
-2.016827e-02
2.645100e-02
7.162858e-02
9.911526e-02
1.243132e-01
1.262672e-01
1.065437e-01
7.541718e-02
2.852671e-02
-5.134344e-03
-3.174960e-02
-6.747806e-02
-8.995680e-02
-1.197738e-01
-1.915748e-01
-2.542245e-01
-2.456029e-01
-1.829269e-01
-1.646090e-01
-1.873265e-01
-1.104776e-01
1.734623e-02
8.679827e-02
1.433267e-01
1.900593e-01
1.893525e-01
1.748538e-01
1.847100e-01
1.768425e-01
1.467592e-01
1.336696e-01
9.668891e-02
4.031800e-02
4.622219e-03
-2.645484e-02
-3.877945e-02
-2.899614e-02
-1.472097e-02
-8.207742e-03
-7.076537e-03
8.297540e-02
1.930132e-01
1.561007e-01
1.022794e-01
9.811434e-02
7.282115e-02
1.149062e-01
1.945383e-01
2.070926e-01
1.845683e-01
1.608222e-01
1.381370e-01
1.050238e-01
6.853024e-02
4.420391e-02
1.394118e-02
-5.233739e-03
-1.368717e-02
-3.631484e-02
-4.877175e-02
-6.836062e-02
-9.687107e-02
-8.465877e-02
-3.089900e-02
3.109195e-02
1.027151e-01
1.667124e-01
1.033879e-01
-1.810660e-02
7.233920e-03
8.861462e-02
1.226512e-01
1.577586e-01
1.010670e-01
1.145105e-02
4.796787e-02
9.177167e-02
1.101924e-01
1.249092e-01
9.229318e-02
6.120376e-02
1.904779e-02
-1.350514e-02
-2.586768e-02
-4.605643e-02
-4.113161e-02
-4.687189e-02
-7.556204e-02
-1.030073e-01
-9.158168e-02
3.311331e-02
1.956003e-01
2.685872e-01
2.898079e-01
3.130895e-01
2.974299e-01
2.467435e-01
2.349106e-01
2.809543e-01
3.091187e-01
2.621674e-01
1.957277e-01
1.622773e-01
1.407914e-01
1.048262e-01
6.409898e-02
3.842526e-02
3.405054e-03
-6.574509e-03
-6.983574e-04
-6.392025e-02
-1.074732e-01
-7.406119e-02
1.851121e-02
1.111878e-01
6.024793e-02
-4.426126e-02
-9.878200e-02
-1.257043e-01
-9.566304e-02
-5.941123e-02
-2.828432e-02
-1.340600e-03
-3.630612e-02
-8.239515e-02
-9.669006e-02
-9.592763e-02
-6.695237e-02
-3.282169e-03
5.338173e-02
6.944650e-02
7.173108e-02
6.859819e-02
6.884842e-02
7.689994e-02
7.091570e-02
7.438918e-02
7.743251e-02
7.346572e-02
6.826413e-02
4.071736e-02
4.075875e-02
1.116504e-01
2.139646e-01
2.897453e-01
3.541144e-01
4.190760e-01
4.445497e-01
4.551442e-01
4.866731e-01
5.380044e-01
5.688032e-01
5.449489e-01
5.058981e-01
4.665316e-01
4.003663e-01
3.265228e-01
3.044422e-01
3.024795e-01
2.503963e-01
1.968407e-01
1.586559e-01
1.118161e-01
6.717507e-02
2.947796e-02
2.580282e-02
2.835704e-02
1.870462e-02
1.847201e-02
1.750536e-02
1.622770e-02
-7.970900e-04
-1.710078e-02
-1.351877e-02
-1.972025e-02
-3.064875e-02
-2.840340e-02
-8.842062e-03
2.400604e-02
5.722336e-02
9.563034e-02
1.282840e-01
1.196046e-01
9.578972e-02
1.068418e-01
1.739354e-01
2.801881e-01
3.343726e-01
3.381170e-01
3.386428e-01
2.941451e-01
2.344046e-01
1.847745e-01
1.331965e-01
9.008504e-02
2.007942e-02
-5.225498e-02
-7.553697e-02
-7.879111e-02
-8.511165e-02
-8.170501e-02
-8.698780e-02
-1.082303e-01
-1.167929e-01
-1.482590e-01
-2.308279e-01
-3.048191e-01
-3.262857e-01
-3.422802e-01
-3.655124e-01
-3.477249e-01
-3.397420e-01
-3.453909e-01
-3.203197e-01
-3.160008e-01
-3.156866e-01
-2.917997e-01
-2.553994e-01
-1.934154e-01
-1.258219e-01
-6.752716e-02
-3.500071e-02
-4.610332e-03
3.590322e-02
4.482236e-02
5.398026e-02
6.948919e-02
6.264304e-02
4.691888e-02
2.987744e-02
3.229155e-02
3.308962e-02
-1.051265e-02
-6.023769e-02
-1.479387e-01
-3.134358e-01
-4.315679e-01
-4.473445e-01
-4.395321e-01
-4.841844e-01
-5.664037e-01
-5.960658e-01
-5.731675e-01
-5.629932e-01
-5.656600e-01
-5.390874e-01
-4.667241e-01
-3.352064e-01
-1.972233e-01
-1.198841e-01
-6.420055e-02
-2.108630e-02
-1.573248e-02
-1.413774e-02
-4.147078e-04
4.665432e-03
5.468260e-04
-1.165088e-02
-2.466138e-02
-2.888007e-02
-1.783159e-02
-6.143574e-03
-1.054956e-03
2.986087e-02
4.106731e-02
1.905257e-02
1.394555e-02
1.867523e-02
1.813343e-03
-5.461545e-02
-8.066435e-02
-8.768586e-02
-1.304932e-01
-1.212118e-01
-8.118620e-02
-8.182886e-02
-7.043683e-02
-4.063086e-02
-2.280923e-02
3.290373e-03
3.475569e-02
3.956727e-02
4.172797e-02
5.355644e-02
5.887902e-02
5.800801e-02
3.247434e-02
1.006543e-02
-1.529841e-02
-8.131376e-02
-1.703586e-01
-2.210758e-01
-1.902309e-01
-1.895612e-01
-2.341830e-01
-2.638312e-01
-2.788727e-01
-2.320528e-01
-1.696846e-01
-1.342204e-01
-1.163804e-01
-4.917319e-02
3.162502e-02
3.573029e-02
7.387949e-02
8.299475e-02
5.928904e-02
8.582406e-02
7.705506e-02
7.881668e-02
7.518095e-02
6.148653e-02
7.051673e-02
5.806062e-02
5.217627e-02
3.559076e-02
3.473581e-02
5.579866e-02
4.955089e-02
5.545333e-02
7.474443e-02
1.017902e-01
1.624928e-01
2.374837e-01
2.814774e-01
2.810488e-01
2.675503e-01
2.721627e-01
2.739168e-01
2.602386e-01
2.586739e-01
2.444182e-01
2.242230e-01
2.231752e-01
2.027466e-01
1.699240e-01
1.352750e-01
9.465734e-02
6.693840e-02
4.612229e-02
3.316984e-02
2.811778e-02
1.837778e-02
7.105688e-03
1.197115e-02
3.537208e-02
6.074259e-02
1.168244e-01
1.937925e-01
2.217110e-01
2.246311e-01
2.075541e-01
1.673602e-01
1.775581e-01
1.708847e-01
1.611158e-01
2.060226e-01
2.350515e-01
2.846863e-01
2.569621e-01
1.688064e-01
1.338006e-01
6.795894e-02
3.057702e-02
1.199145e-03
-2.212979e-02
-3.692161e-03
-3.883743e-02
-4.594554e-02
-2.914014e-02
-7.501418e-02
-7.922372e-02
-5.361890e-02
-7.210908e-02
-6.739477e-02
-6.188898e-02
-7.688813e-02
-5.539234e-02
-3.481173e-02
-3.652112e-02
-4.882225e-03
2.835532e-02
5.564104e-02
1.357860e-01
1.880707e-01
2.009965e-01
2.209552e-01
2.221078e-01
2.166719e-01
2.317820e-01
2.383829e-01
2.029613e-01
2.115952e-01
2.050245e-01
1.710334e-01
1.853423e-01
1.425595e-01
1.201940e-01
1.357984e-01
1.156892e-01
1.149057e-01
1.420403e-01
1.515092e-01
1.555889e-01
2.149711e-01
1.286266e-01
4.974079e-02
2.194658e-01
3.004544e-01
3.076429e-01
3.475252e-01
3.687808e-01
4.149619e-01
4.056690e-01
4.148095e-01
4.454608e-01
4.179016e-01
4.004574e-01
3.775686e-01
3.265904e-01
2.872025e-01
2.376337e-01
1.770140e-01
1.641027e-01
1.580444e-01
1.424125e-01
1.458273e-01
1.436972e-01
1.618055e-01
1.835056e-01
1.938991e-01
2.254441e-01
2.450816e-01
2.581061e-01
2.684778e-01
2.708870e-01
3.058932e-01
3.216053e-01
3.193074e-01
3.192564e-01
2.591239e-01
1.836772e-01
1.227810e-01
9.146650e-02
9.247077e-02
6.575188e-02
3.611005e-02
3.514120e-02
3.047014e-02
-1.268091e-02
-5.634959e-02
-7.365141e-02
-6.580175e-02
-3.645333e-02
-1.470939e-02
2.892442e-02
3.599843e-02
-4.092309e-03
-3.489193e-03
8.002477e-03
1.710562e-02
1.429872e-02
3.093500e-02
5.836218e-02
2.452371e-02
6.066998e-03
1.399155e-03
-1.936865e-02
-8.759927e-03
-8.106916e-03
-1.628772e-02
-1.126013e-02
-3.176435e-03
5.293953e-03
4.447350e-03
9.223956e-03
-1.113783e-02
-4.860515e-02
-8.238261e-02
-1.063436e-01
-7.726261e-02
-6.822639e-02
-7.373832e-02
-6.956811e-02
-1.123133e-01
-1.396711e-01
-1.302095e-01
-1.027156e-01
-8.083923e-02
-7.232857e-02
-6.365089e-02
-8.200833e-02
-9.406868e-02
-9.326099e-02
-9.009636e-02
-7.373622e-02
-5.944636e-02
-3.345756e-02
-1.518949e-02
-1.474833e-03
2.609536e-02
3.297802e-02
3.893587e-02
3.660741e-02
2.045490e-02
1.038286e-02
-3.573602e-02
-1.049834e-01
-1.491135e-01
-1.443223e-01
-1.364266e-01
-1.309569e-01
-9.298627e-02
-1.056296e-01
-1.376152e-01
-1.444912e-01
-1.632937e-01
-1.395866e-01
-9.560251e-02
-8.402755e-02
-9.518562e-02
-1.329423e-01
-1.814894e-01
-2.128502e-01
-2.248579e-01
-2.138271e-01
-1.829674e-01
-1.687541e-01
-1.491428e-01
-1.248034e-01
-1.384434e-01
-1.354790e-01
-1.300086e-01
-1.540118e-01
-1.523673e-01
-1.453058e-01
-1.533707e-01
-1.368720e-01
-1.021247e-01
-9.483298e-02
-8.595544e-02
-7.097973e-02
-8.647037e-02
-8.531211e-02
-1.032514e-01
-1.687354e-01
-2.282954e-01
-2.871078e-01
-3.142480e-01
-3.110399e-01
-3.116295e-01
-3.338848e-01
-4.105448e-01
-4.683871e-01
-4.972301e-01
-5.339150e-01
-5.286748e-01
-5.185900e-01
-5.162798e-01
-5.345784e-01
-5.666084e-01
-5.543766e-01
-5.516976e-01
-5.092160e-01
-4.465403e-01
-4.209351e-01
-3.574358e-01
-3.205713e-01
-2.814984e-01
-2.201992e-01
-1.837559e-01
-1.136423e-01
-5.660939e-02
-7.171389e-03
3.586553e-02
4.505640e-02
6.671929e-02
6.518463e-02
7.482958e-02
9.839651e-02
8.271623e-02
8.090050e-02
6.828614e-02
4.992249e-02
5.442158e-02
4.182171e-02
5.402292e-02
6.110052e-02
1.732958e-02
-2.228060e-02
-6.467104e-02
-1.033236e-01
-1.137711e-01
-1.198108e-01
-1.210866e-01
-1.145854e-01
-1.154431e-01
-1.149204e-01
-1.032434e-01
-9.311207e-02
-7.996541e-02
-6.524783e-02
-6.315979e-02
-6.987988e-02
-7.956442e-02
-1.095170e-01
-1.395924e-01
-1.438921e-01
-1.709137e-01
-2.005014e-01
-2.137729e-01
-2.359410e-01
-2.455805e-01
-2.483976e-01
-2.369698e-01
-2.245136e-01
-2.287315e-01
-2.340819e-01
-2.380125e-01
-2.304195e-01
-2.121225e-01
-1.764226e-01
-1.274782e-01
-8.553591e-02
-6.331837e-02
-5.320613e-02
-5.091377e-02
-4.844021e-02
-2.158798e-02
-1.346759e-02
-2.017602e-02
-3.134047e-03
4.963170e-03
-7.164780e-03
-4.274925e-02
-8.630234e-02
-1.243410e-01
-1.523386e-01
-1.573820e-01
-1.759495e-01
-1.918816e-01
-1.926850e-01
-2.081824e-01
-2.129276e-01
-2.011038e-01
-1.732089e-01
-1.424517e-01
-1.088884e-01
-6.967671e-02
-4.429731e-02
-2.386678e-02
-2.189811e-02
-7.169386e-03
-2.435486e-02
-4.242625e-02
1.867529e-02
-1.195055e-02
-4.335528e-02
7.134737e-03
-1.455353e-02
-2.763226e-02
-3.181965e-02
-4.674912e-02
-4.857737e-02
-8.793674e-02
-1.185850e-01
-1.682280e-01
-2.378487e-01
-2.687861e-01
-2.828332e-01
-2.857516e-01
-2.986846e-01
-3.117710e-01
-2.903445e-01
-2.472062e-01
-1.914153e-01
-1.234787e-01
-5.396300e-02
-6.396356e-03
2.078457e-02
4.800797e-02
6.423499e-02
6.397757e-02
7.551934e-02
8.889457e-02
9.320442e-02
1.011874e-01
9.181594e-02
9.283583e-02
1.004526e-01
7.573919e-02
6.666700e-02
6.018555e-02
2.913960e-02
1.520965e-02
3.202679e-03
-1.587678e-02
-2.461474e-03
3.715256e-02
7.456569e-02
9.352859e-02
9.880368e-02
1.086966e-01
1.051850e-01
1.065825e-01
1.299134e-01
1.461004e-01
1.626355e-01
1.515462e-01
1.202249e-01
9.051180e-02
4.686515e-02
4.737256e-02
5.319388e-02
3.973521e-02
4.833600e-02
3.876652e-02
3.625624e-02
3.267433e-02
1.766922e-02
1.983683e-02
2.255349e-02
3.924613e-02
5.764300e-02
7.270008e-02
7.884710e-02
7.695906e-02
9.355994e-02
1.087580e-01
1.196521e-01
1.234375e-01
1.135348e-01
1.061231e-01
9.909083e-02
8.947413e-02
8.092967e-02
7.978929e-02
8.345002e-02
7.029784e-02
5.213793e-02
4.338225e-02
2.247343e-02
-5.227615e-03
-3.080816e-02
-3.274003e-02
-1.758021e-03
1.480995e-02
2.120771e-02
2.759840e-02
1.947222e-02
2.516721e-02
3.347748e-02
2.873068e-02
4.983393e-02
9.302087e-02
1.168936e-01
1.020591e-01
7.104756e-02
4.829912e-02
2.536091e-02
1.631213e-02
1.450835e-02
4.403323e-03
7.435039e-03
1.098567e-02
1.089191e-02
9.760533e-03
-6.819323e-03
-1.966939e-02
-2.886981e-02
-3.718189e-02
-2.768643e-02
-1.537950e-02
-3.882415e-03
1.050637e-02
2.186176e-02
4.512320e-02
7.403669e-02
9.027603e-02
1.050750e-01
1.165547e-01
1.072928e-01
9.386277e-02
8.605525e-02
6.900260e-02
5.494372e-02
4.929274e-02
4.107223e-02
3.321921e-02
2.443067e-02
2.202963e-02
2.577971e-02
1.526650e-02
5.540327e-04
-1.577346e-02
-2.849180e-02
1.035044e-02
8.383013e-02
1.350141e-01
1.559090e-01
1.624413e-01
1.621349e-01
1.466815e-01
1.288398e-01
1.091638e-01
8.370208e-02
7.030982e-02
6.007840e-02
5.179870e-02
4.886520e-02
3.818688e-02
1.937168e-02
4.538564e-03
-1.118511e-02
-3.138282e-02
-4.745841e-02
-6.094860e-02
-7.103512e-02
-1.065335e-01
-1.188417e-01
-4.658734e-02
1.597821e-02
2.904401e-02
2.148168e-02
-7.656600e-03
-2.946375e-02
-2.562511e-02
-2.719080e-02
-4.355227e-02
-3.426652e-02
-1.907092e-02
-2.061470e-02
-2.084176e-02
-1.569879e-02
-5.400329e-03
-1.249748e-02
-9.766291e-03
8.031991e-03
9.121314e-03
1.498408e-02
1.245439e-02
8.870182e-03
1.953916e-02
2.408267e-02
2.899257e-02
2.887590e-02
2.693991e-02
2.629776e-02
1.800473e-02
1.023565e-02
-8.574582e-04
-1.363067e-02
-2.807951e-02
-5.054836e-02
-7.662224e-02
-1.127732e-01
-1.494304e-01
-1.792266e-01
-2.156330e-01
-2.488531e-01
-2.463174e-01
-1.925962e-01
-1.272114e-01
-8.827941e-02
-7.050762e-02
-5.863769e-02
-5.104024e-02
-4.600230e-02
-2.793867e-02
-6.486464e-03
1.319357e-02
3.479959e-02
4.578067e-02
5.542334e-02
6.689577e-02
6.358991e-02
4.677231e-02
3.348659e-02
2.916195e-02
2.672350e-02
2.399952e-02
1.142251e-02
-1.135278e-02
-3.628281e-02
-6.945681e-02
-8.589177e-02
-9.215733e-02
-1.230306e-01
-1.411330e-01
-1.262181e-01
-8.789269e-02
-4.406199e-02
-3.099234e-02
-3.667898e-02
-3.425221e-02
-1.921697e-02
1.863981e-03
1.757370e-02
3.167795e-02
4.793609e-02
5.772721e-02
6.791137e-02
6.878564e-02
5.629782e-02
6.157429e-02
6.562474e-02
6.212884e-02
6.532192e-02
5.860349e-02
4.677432e-02
2.774506e-02
8.285817e-03
-8.064995e-03
-2.709272e-02
-3.456566e-02
-3.131278e-02
-9.557855e-03
1.520130e-02
2.076885e-02
2.690507e-02
2.626867e-02
2.231014e-02
2.694618e-02
2.815278e-02
4.302083e-02
6.142581e-02
6.306530e-02
5.343176e-02
3.425897e-02
2.055763e-02
1.365273e-02
1.490712e-02
2.352431e-02
3.254576e-02
4.584024e-02
5.052220e-02
5.061671e-02
4.661928e-02
3.036688e-02
1.761580e-02
8.144333e-03
-4.157548e-04
-1.500439e-03
8.001312e-03
1.959284e-02
2.496369e-02
2.721986e-02
2.290178e-02
2.216700e-02
2.745680e-02
3.392818e-02
4.369878e-02
4.736060e-02
4.979298e-02
5.248653e-02
5.042334e-02
4.993537e-02
4.814334e-02
4.234336e-02
3.716293e-02
3.331135e-02
3.293879e-02
3.632648e-02
4.129973e-02
5.381689e-02
6.425951e-02
6.407356e-02
6.780918e-02
6.994322e-02
6.273760e-02
6.179235e-02
6.456650e-02
6.284040e-02
6.589151e-02
6.547259e-02
5.966174e-02
5.677740e-02
4.823037e-02
4.303634e-02
4.016845e-02
3.250314e-02
3.245361e-02
3.543789e-02
4.022565e-02
4.914822e-02
5.526455e-02
6.071829e-02
6.287020e-02
5.721439e-02
5.392865e-02
5.219213e-02
4.576256e-02
4.219019e-02
4.204283e-02
4.351549e-02
4.395068e-02
4.396387e-02
4.273869e-02
3.804815e-02
3.760673e-02
3.336914e-02
2.441023e-02
2.088927e-02
1.898919e-02
2.063498e-02
3.133912e-02
4.591960e-02
5.580390e-02
5.798971e-02
5.112247e-02
4.470876e-02
4.124543e-02
3.502881e-02
3.580958e-02
3.725604e-02
3.633636e-02
3.851828e-02
3.874203e-02
4.032622e-02
3.171199e-02
1.371456e-02
2.196806e-03
-6.729136e-03
-6.986360e-03
2.528504e-03
1.419458e-02
3.195351e-02
4.883904e-02
5.383410e-02
5.341476e-02
5.041872e-02
4.229636e-02
4.547811e-02
6.049434e-02
6.842923e-02
7.080708e-02
7.466638e-02
7.609846e-02
6.771544e-02
5.852273e-02
5.383417e-02
4.592520e-02
4.618968e-02
4.821285e-02
4.076978e-02
4.218501e-02
4.325071e-02
3.192567e-02
3.609158e-02
6.125299e-02
8.429478e-02
1.040656e-01
1.204916e-01
1.262939e-01
1.231530e-01
1.091860e-01
9.643681e-02
9.280974e-02
8.815708e-02
8.446599e-02
8.709274e-02
8.930669e-02
7.605236e-02
6.075972e-02
5.347447e-02
4.288249e-02
4.144863e-02
4.386683e-02
3.911472e-02
3.774601e-02
4.959923e-02
6.654613e-02
7.257968e-02
7.804837e-02
8.160682e-02
7.535245e-02
7.160793e-02
7.762825e-02
8.402383e-02
8.803394e-02
9.700316e-02
9.283288e-02
7.444677e-02
6.331333e-02
6.269824e-02
6.549331e-02
6.633502e-02
7.173645e-02
7.917311e-02
8.446947e-02
8.760128e-02
8.359648e-02
8.021097e-02
7.969785e-02
7.681890e-02
7.335950e-02
7.232995e-02
7.760120e-02
8.158998e-02
8.227929e-02
8.368773e-02
8.315454e-02
8.741515e-02
8.613076e-02
7.905635e-02
7.908939e-02
7.585313e-02
7.241705e-02
7.184412e-02
7.148995e-02
6.700795e-02
5.992485e-02
5.931105e-02
5.342487e-02
4.258527e-02
3.170758e-02
2.043557e-02
9.161227e-03
-1.602357e-03
-1.019615e-02
-2.281559e-02
-3.094513e-02
-3.534131e-02
-3.214748e-02
-1.835199e-02
-1.179774e-02
-8.008909e-03
-7.188099e-03
-9.625364e-03
-1.184611e-02
-1.422626e-02
-1.149298e-02
-8.898578e-03
-5.553866e-03
-2.713843e-03
1.440283e-03
5.849660e-03
2.738490e-03
-6.059536e-03
-2.061798e-02
-2.857640e-02
-2.900438e-02
-2.344984e-02
-1.329178e-02
-1.126190e-02
-7.098185e-03
-2.612867e-03
3.405863e-03
1.256164e-02
1.077182e-02
1.114404e-02
1.210933e-02
4.850660e-03
-2.020608e-03
-7.655845e-03
-7.808722e-03
-4.267100e-03
-3.077945e-03
-3.215784e-03
-4.617355e-03
-5.809715e-03
-7.758467e-03
-7.386062e-03
-1.710338e-03
-1.781834e-04
-1.171534e-03
-2.205480e-03
-1.147324e-02
-2.104773e-02
-2.894352e-02
-3.797189e-02
-4.407032e-02
-5.258827e-02
-5.584643e-02
-5.158400e-02
-4.738557e-02
-3.996989e-02
-3.132819e-02
-2.152399e-02
-1.253429e-02
-7.077775e-03
-6.883977e-03
-1.179792e-02
-1.494963e-02
-1.841866e-02
-2.094133e-02
-2.002056e-02
-1.924144e-02
-1.833052e-02
-1.638733e-02
-1.388881e-02
-1.236855e-02
-9.961567e-03
-6.988786e-03
-4.383082e-03
-2.182265e-03
-3.835544e-03
-8.027428e-03
-1.076415e-02
-1.173952e-02
-1.219725e-02
-9.093543e-03
-4.962442e-03
-3.825808e-03
-8.483523e-05
4.501973e-03
7.126539e-03
1.110099e-02
1.750416e-02
2.265874e-02
2.268863e-02
2.083166e-02
1.686919e-02
1.173538e-02
6.400781e-03
1.222035e-03
1.916002e-04
-1.438889e-03
-2.070743e-03
-2.831900e-03
-7.933007e-03
-1.059376e-02
-1.342490e-02
-1.213912e-02
-3.866652e-03
2.220715e-04
2.884005e-03
4.615673e-03
3.229620e-03
3.040423e-03
2.687240e-03
4.245637e-03
5.654144e-03
5.291534e-03
2.392951e-03
-3.278115e-03
-6.156087e-03
-1.280792e-02
-1.312051e-02
-6.466331e-03
-8.851501e-03
-8.136147e-03
-1.022835e-02
-1.810563e-02
-1.886876e-02
-1.858416e-02
-1.424107e-02
-6.226767e-03
-1.927465e-03
5.693785e-05
-2.508811e-03
-6.265736e-03
-6.397873e-03
-5.697742e-03
-3.677997e-03
-3.177322e-03
-6.735456e-03
-1.136937e-02
-1.686706e-02
-1.973016e-02
-2.031679e-02
-2.246899e-02
-2.210012e-02
-1.962850e-02
-2.149981e-02
-2.649201e-02
-3.015854e-02
-3.445587e-02
-3.857538e-02
-3.961792e-02
-3.895627e-02
-3.648201e-02
-3.687808e-02
-3.864044e-02
-3.465263e-02
-3.034209e-02
-2.361564e-02
-1.515484e-02
-1.492098e-02
-1.425712e-02
-1.099665e-02
-1.370664e-02
-1.564902e-02
-1.424752e-02
-1.375429e-02
-1.304270e-02
-1.245806e-02
-1.314456e-02
-1.508623e-02
-1.797208e-02
-2.266918e-02
-2.399836e-02
-2.034830e-02
-1.789013e-02
-1.455227e-02
-1.353422e-02
-1.591317e-02
-1.692975e-02
-1.757828e-02
-1.526547e-02
-9.408753e-03
-3.704591e-03
-4.408774e-03
-7.585473e-03
-9.590231e-03
-1.680972e-02
-1.913165e-02
-1.430911e-02
-1.038240e-02
-6.166446e-03
-7.217231e-03
-1.033659e-02
-1.148709e-02
-1.548406e-02
-1.681741e-02
-1.471735e-02
-1.325961e-02
-1.212205e-02
-1.249763e-02
-1.678725e-02
-2.452634e-02
-2.778751e-02
-2.840073e-02
-3.017834e-02
-2.812720e-02
-2.484323e-02
-2.267772e-02
-2.301073e-02
-2.466594e-02
-2.625878e-02
-2.833422e-02
-2.778604e-02
-2.630646e-02
-2.332532e-02
-2.175434e-02
-2.387952e-02
-2.572710e-02
-3.028065e-02
-3.577421e-02
-3.944936e-02
-4.166062e-02
-4.192225e-02
-4.484923e-02
-5.016365e-02
-5.372937e-02
-5.875040e-02
-6.462220e-02
-6.402356e-02
-5.766121e-02
-5.111538e-02
-4.798755e-02
-4.843218e-02
-4.930694e-02
-5.004974e-02
-5.017208e-02
-4.662593e-02
-4.234422e-02
-4.099160e-02
-3.944836e-02
-3.771028e-02
-3.495784e-02
-3.270359e-02
-3.445404e-02
-3.523152e-02
-3.484525e-02
-3.502693e-02
-3.569215e-02
-3.779099e-02
-3.954114e-02
-4.251556e-02
-4.634650e-02
-4.916494e-02
-5.215146e-02
-5.375742e-02
-5.549893e-02
-5.732719e-02
-5.733448e-02
-6.020836e-02
-6.281353e-02
-6.261675e-02
-6.255389e-02
-6.034669e-02
-5.774364e-02
-5.538741e-02
-5.330280e-02
-5.234897e-02
-5.201849e-02
-5.160292e-02
-4.956891e-02
-4.848435e-02
-4.804544e-02
-4.818827e-02
-4.807641e-02
-4.762871e-02
-5.053535e-02
-5.203234e-02
-5.141559e-02
-5.104890e-02
-4.899096e-02
-4.687398e-02
-4.498938e-02
-4.234192e-02
-3.886721e-02
-3.560880e-02
-3.251462e-02
-2.932651e-02
-2.757398e-02
-2.673215e-02
-2.750304e-02
-2.861369e-02
-2.781361e-02
-2.776442e-02
-2.691417e-02
-2.446136e-02
-2.379597e-02
-2.268799e-02
-2.025150e-02
-1.803802e-02
-1.613305e-02
-1.473506e-02
-1.292004e-02
-1.149443e-02
-1.049640e-02
-1.041408e-02
-1.232608e-02
-1.404770e-02
-1.492689e-02
-1.368481e-02
-9.902327e-03
-7.610605e-03
-7.212747e-03
-6.644931e-03
-6.143732e-03
-4.820854e-03
-1.081678e-03
3.561174e-03
7.648998e-03
1.163587e-02
1.388418e-02
1.564330e-02
1.701819e-02
1.549822e-02
1.471575e-02
1.525085e-02
1.437791e-02
1.209759e-02
1.072383e-02
1.009370e-02
7.588666e-03
5.575930e-03
4.798765e-03
4.320808e-03
2.826697e-03
7.926891e-04
6.630164e-05
-1.394259e-03
-2.585221e-03
-3.261016e-03
-4.333109e-03
-4.827273e-03
-3.512031e-03
-1.301891e-03
-1.700640e-03
-1.909498e-03
-1.101592e-03
-1.401362e-03
-1.640286e-03
-3.646360e-03
-6.744296e-03
-9.269153e-03
-1.280666e-02
-1.528086e-02
-1.579599e-02
-1.757088e-02
-1.847040e-02
-1.737562e-02
-1.797594e-02
-1.815767e-02
-1.707450e-02
-1.766104e-02
-1.809221e-02
-1.627079e-02
-1.395186e-02
-1.131094e-02
-7.633630e-03
-5.234411e-03
-3.019551e-03
-1.021678e-03
-2.311640e-04
1.987583e-03
2.865632e-03
2.675796e-03
3.938643e-03
4.716549e-03
5.092779e-03
5.418698e-03
6.340225e-03
7.237962e-03
8.443153e-03
1.044437e-02
1.182623e-02
1.332856e-02
1.414182e-02
1.451517e-02
1.567559e-02
1.452647e-02
1.028289e-02
7.451524e-03
6.875137e-03
5.963181e-03
5.533211e-03
6.824939e-03
8.161628e-03
6.859818e-03
5.644949e-03
6.970036e-03
8.557202e-03
1.049387e-02
1.259143e-02
1.446908e-02
1.410124e-02
1.189476e-02
9.962637e-03
7.775152e-03
8.096561e-03
8.798488e-03
9.135056e-03
1.089943e-02
1.210827e-02
1.358170e-02
1.284790e-02
1.079044e-02
9.687897e-03
8.044644e-03
6.937049e-03
5.615117e-03
5.845478e-03
6.018140e-03
2.465724e-03
6.968208e-04
5.747337e-05
-3.379997e-03
-5.930171e-03
-6.946787e-03
-6.465187e-03
-5.105134e-03
-5.394767e-03
-5.091428e-03
-4.572200e-03
-5.511857e-03
-6.539773e-03
-7.429158e-03
-7.468943e-03
-6.757309e-03
-5.032234e-03
-3.776320e-03
-5.535183e-03
-6.996426e-03
-6.121249e-03
-5.092235e-03
-4.804573e-03
-3.009616e-03
4.496380e-04
2.058645e-03
1.670843e-03
1.319256e-03
1.716909e-03
1.587250e-03
2.599108e-03
4.586006e-03
4.400339e-03
4.776813e-03
4.896958e-03
4.145157e-03
3.582333e-03
1.038282e-03
-2.414325e-03
-5.843725e-03
-8.338855e-03
-1.042323e-02
-1.010628e-02
-7.686958e-03
-7.629340e-03
-6.078437e-03
-4.995901e-03
-5.399187e-03
-2.885872e-03
-1.397105e-03
7.413573e-04
4.541990e-03
6.462294e-03
8.690330e-03
1.006841e-02
1.014113e-02
1.187807e-02
1.416585e-02
1.488958e-02
1.436426e-02
1.497705e-02
1.703259e-02
1.874975e-02
1.918521e-02
1.995870e-02
2.190835e-02
2.095588e-02
1.950783e-02
2.074160e-02
2.054505e-02
2.033596e-02
2.124693e-02
2.088622e-02
1.924737e-02
1.710382e-02
1.374701e-02
8.630723e-03
5.933044e-03
4.904510e-03
3.235106e-03
2.106051e-03
2.800395e-04
-1.130648e-03
-2.000775e-03
-2.092419e-03
-8.820694e-04
8.724415e-04
3.441082e-03
4.255435e-03
3.201505e-03
2.629486e-03
1.839748e-03
6.139446e-04
1.224057e-03
2.694176e-03
3.507130e-03
2.878126e-03
-6.678348e-04
-3.358118e-03
-5.347739e-03
-7.867260e-03
-6.883526e-03
-4.229072e-03
-3.513352e-03
-1.980023e-03
-6.051196e-05
-6.566483e-04
2.391522e-04
2.952298e-03
7.306367e-03
1.288772e-02
1.515344e-02
1.670098e-02
1.743838e-02
1.697497e-02
1.737503e-02
1.709935e-02
1.773903e-02
1.802345e-02
1.598597e-02
1.339966e-02
1.101684e-02
8.548851e-03
6.154823e-03
5.918413e-03
6.647119e-03
6.865132e-03
6.923479e-03
6.268050e-03
6.511851e-03
7.294900e-03
8.891943e-03
1.152927e-02
1.284612e-02
1.416693e-02
1.596068e-02
1.733120e-02
1.887773e-02
2.020391e-02
2.070727e-02
2.066718e-02
2.012300e-02
1.896639e-02
1.832591e-02
1.786760e-02
1.735843e-02
1.720221e-02
1.649478e-02
1.688176e-02
1.656460e-02
1.528901e-02
1.695306e-02
1.778387e-02
1.657081e-02
1.580212e-02
1.632492e-02
1.754333e-02
1.743389e-02
1.764255e-02
1.692143e-02
1.514667e-02
1.430622e-02
1.288230e-02
1.081243e-02
8.525461e-03
6.974674e-03
6.126996e-03
5.312266e-03
4.940770e-03
6.112934e-03
7.920418e-03
7.524212e-03
7.121948e-03
8.365078e-03
1.033661e-02
1.335695e-02
1.675404e-02
1.991752e-02
2.061968e-02
1.922800e-02
1.867798e-02
1.759421e-02
1.632756e-02
1.631031e-02
1.489801e-02
1.244009e-02
1.138038e-02
1.083505e-02
1.044124e-02
1.024152e-02
1.040917e-02
1.092519e-02
1.093620e-02
1.212587e-02
1.506810e-02
1.914302e-02
2.293296e-02
2.585367e-02
2.759164e-02
2.566326e-02
2.438225e-02
2.402275e-02
2.022830e-02
1.780933e-02
1.718383e-02
1.498365e-02
1.276179e-02
1.220992e-02
1.308460e-02
1.330053e-02
1.358279e-02
1.495512e-02
1.697481e-02
2.047308e-02
2.329295e-02
2.536957e-02
2.716057e-02
2.620311e-02
2.493924e-02
2.335243e-02
1.960505e-02
1.669673e-02
1.537848e-02
1.431698e-02
1.212132e-02
8.522065e-03
5.090733e-03
2.610387e-03
8.901815e-04
-2.861402e-05
2.656766e-04
1.121292e-03
2.519012e-03
4.100350e-03
5.705754e-03
8.782513e-03
1.198552e-02
1.404573e-02
1.460824e-02
1.393285e-02
1.278839e-02
1.071338e-02
8.778137e-03
7.012952e-03
4.599715e-03
1.975875e-03
2.668146e-04
2.841338e-04
-5.769938e-05
-7.952431e-04
-4.086242e-05
7.305680e-05
-1.313344e-04
1.322545e-03
2.081799e-03
2.284634e-03
1.520453e-03
-3.335661e-04
-2.209437e-03
-5.917132e-03
-6.971187e-03
-6.409568e-03
-7.925881e-03
-7.724174e-03
-8.392040e-03
-9.501343e-03
-8.543162e-03
-7.356901e-03
-5.248238e-03
-2.706641e-03
-9.991308e-04
-4.578260e-04
2.159236e-05
1.289550e-03
1.964524e-03
2.431934e-03
4.416717e-03
6.041450e-03
6.839755e-03
8.137686e-03
7.945789e-03
7.301175e-03
6.398022e-03
5.186840e-03
5.661605e-03
5.749232e-03
6.112215e-03
4.868498e-03
1.506731e-03
1.104725e-03
-5.373764e-04
-2.291834e-03
-6.414476e-04
-6.895211e-04
5.923761e-05
1.498331e-03
1.003147e-03
1.970045e-03
4.212352e-03
6.964957e-03
9.214733e-03
1.050881e-02
1.089820e-02
1.019905e-02
1.115842e-02
1.172290e-02
1.077827e-02
1.189526e-02
1.372137e-02
1.423486e-02
1.419786e-02
1.382222e-02
1.337376e-02
1.403260e-02
1.437662e-02
1.366243e-02
1.386750e-02
1.367185e-02
1.389944e-02
1.494700e-02
1.400332e-02
1.366240e-02
1.387976e-02
1.275994e-02
1.320443e-02
1.399969e-02
1.311034e-02
1.135935e-02
8.284002e-03
5.833368e-03
5.928882e-03
6.032551e-03
5.852234e-03
6.470145e-03
6.403283e-03
5.849536e-03
5.322879e-03
5.788438e-03
7.532239e-03
9.628622e-03
1.140879e-02
1.134393e-02
1.091666e-02
9.818164e-03
7.623390e-03
7.048424e-03
7.046144e-03
7.011880e-03
7.745496e-03
7.997113e-03
7.906182e-03
7.623984e-03
6.035533e-03
5.875825e-03
7.450967e-03
8.334970e-03
9.228210e-03
1.003869e-02
1.115341e-02
1.129431e-02
1.072168e-02
1.142754e-02
1.240644e-02
1.187724e-02
9.719369e-03
9.691595e-03
9.708318e-03
8.195321e-03
7.794107e-03
6.198202e-03
5.273543e-03
6.023360e-03
6.516147e-03
7.881783e-03
9.745338e-03
1.108832e-02
9.816696e-03
6.838579e-03
6.279180e-03
8.061340e-03
9.495123e-03
1.121165e-02
1.298163e-02
1.046510e-02
6.670329e-03
5.374074e-03
5.756670e-03
7.463126e-03
8.330527e-03
9.176566e-03
8.866971e-03
7.998992e-03
9.168434e-03
9.273941e-03
8.866012e-03
9.304332e-03
1.044181e-02
1.135505e-02
1.032366e-02
9.556444e-03
9.453589e-03
7.351956e-03
4.402333e-03
2.938209e-03
1.520173e-03
4.794689e-04
-3.944560e-04
-2.394329e-03
-2.860637e-03
-2.040177e-03
-1.672964e-03
-1.011479e-03
2.371179e-04
-6.550324e-05
-1.359050e-03
-1.264720e-03
-9.396310e-04
-3.180606e-04
-2.374632e-03
-5.746049e-03
-6.158155e-03
-7.499444e-03
-8.637011e-03
-9.197159e-03
-9.649982e-03
-7.193659e-03
-6.071387e-03
-6.222246e-03
-5.573822e-03
-6.249196e-03
-5.600297e-03
-4.642633e-03
-4.922026e-03
-4.249357e-03
-4.649194e-03
-4.367365e-03
-3.056981e-03
-3.429622e-03
-3.790160e-03
-4.673886e-03
-6.443062e-03
-7.803563e-03
-9.207011e-03
-1.100254e-02
-1.210928e-02
-1.324194e-02
-1.530240e-02
-1.707653e-02
-1.829986e-02
-1.849461e-02
-1.766462e-02
-1.625654e-02
-1.505588e-02
-1.436687e-02
-1.376635e-02
-1.323396e-02
-1.252443e-02
-1.234689e-02
-1.069427e-02
-7.923171e-03
-7.540897e-03
-8.201148e-03
-9.731339e-03
-1.263349e-02
-1.500540e-02
-1.624188e-02
-1.707204e-02
-1.800164e-02
-1.892795e-02
-1.983102e-02
-2.087195e-02
-2.184086e-02
-2.042224e-02
-1.762299e-02
-1.634674e-02
-1.397724e-02
-1.020290e-02
-8.193701e-03
-7.042643e-03
-4.355156e-03
-1.288873e-03
4.867418e-04
1.132743e-03
8.886894e-04
1.415310e-03
1.560717e-03
-7.502531e-04
-2.607123e-03
-3.375844e-03
-4.833066e-03
-5.471823e-03
-4.799663e-03
-5.253361e-03
-6.280729e-03
-7.702162e-03
-1.118033e-02
-1.369654e-02
-1.525831e-02
-1.760996e-02
-1.822774e-02
-1.890979e-02
-2.149548e-02
-2.260974e-02
-2.091202e-02
-1.898142e-02
-1.750733e-02
-1.592750e-02
-1.565817e-02
-1.490399e-02
-1.295874e-02
-1.181669e-02
-1.030830e-02
-9.339602e-03
-9.365876e-03
-1.032968e-02
-1.338097e-02
-1.536120e-02
-1.682087e-02
-2.001855e-02
-2.254440e-02
-2.348038e-02
-2.248157e-02
-2.066635e-02
-1.958031e-02
-1.789077e-02
-1.623958e-02
-1.613886e-02
-1.531041e-02
-1.239076e-02
-1.055129e-02
-1.058387e-02
-1.058195e-02
-1.023481e-02
-1.104351e-02
-1.316063e-02
-1.443162e-02
-1.714159e-02
-2.024956e-02
-2.111916e-02
-2.315874e-02
-2.387127e-02
-2.183228e-02
-1.898866e-02
-1.636152e-02
-1.586074e-02
-1.440453e-02
-1.376915e-02
-1.441670e-02
-1.244841e-02
-1.249898e-02
-1.434226e-02
-1.437218e-02
-1.513811e-02
-1.773673e-02
-2.035056e-02
-2.037009e-02
-1.979750e-02
-2.042245e-02
-1.846581e-02
-1.656195e-02
-1.579438e-02
-1.382217e-02
-1.360111e-02
-1.184749e-02
-8.961136e-03
-8.506970e-03
-8.316631e-03
-9.354441e-03
-1.067148e-02
-1.228153e-02
-1.491127e-02
-1.759021e-02
-2.021039e-02
-2.157702e-02
-2.357088e-02
-2.611987e-02
-2.682282e-02
-2.671586e-02
-2.746772e-02
-2.715297e-02
-2.474970e-02
-2.316114e-02
-2.138931e-02
-1.963659e-02
-1.856533e-02
-1.653929e-02
-1.591577e-02
-1.666376e-02
-1.690945e-02
-1.659162e-02
-1.608185e-02
-1.757398e-02
-2.094488e-02
-2.267264e-02
-2.426647e-02
-2.563262e-02
-2.413000e-02
-2.509603e-02
-2.583296e-02
-2.289120e-02
-2.218651e-02
-2.075314e-02
-1.757200e-02
-1.623643e-02
-1.530518e-02
-1.469262e-02
-1.424345e-02
-1.418199e-02
-1.485653e-02
-1.525128e-02
-1.536324e-02
-1.473818e-02
-1.361855e-02
-1.211680e-02
-1.163155e-02
-1.201203e-02
-1.011526e-02
-8.854491e-03
-8.073297e-03
-5.571857e-03
-4.591206e-03
-3.770792e-03
-3.756522e-03
-5.474837e-03
-5.736697e-03
-6.628435e-03
-8.266112e-03
-7.941456e-03
-8.285166e-03
-9.903662e-03
-9.716389e-03
-8.867113e-03
-8.438767e-03
-8.106055e-03
-9.234475e-03
-1.023497e-02
-1.002332e-02
-1.018047e-02
-1.041834e-02
-1.082608e-02
-1.124288e-02
-1.099770e-02
-1.073620e-02
-1.124496e-02
-1.236619e-02
-1.159305e-02
-1.031667e-02
-9.586270e-03
-6.671029e-03
-5.473939e-03
-6.148749e-03
-5.162480e-03
-4.083213e-03
-2.414467e-03
-6.170021e-04
9.703171e-04
3.353323e-03
4.708934e-03
4.772193e-03
4.069120e-03
2.869727e-03
2.946992e-03
3.156988e-03
2.311288e-03
2.278940e-03
2.069596e-03
1.620733e-03
2.125719e-03
2.886581e-03
3.444639e-03
3.269384e-03
3.113159e-03
2.181189e-03
1.068642e-03
3.674105e-04
-2.042997e-03
-3.462112e-03
-3.996634e-03
-5.415346e-03
-5.057058e-03
-3.654897e-03
-2.686919e-03
-2.041094e-03
-1.032920e-03
1.878035e-04
8.687135e-04
2.477344e-03
4.292123e-03
5.025548e-03
4.953334e-03
4.532754e-03
4.609821e-03
4.292925e-03
3.574629e-03
3.058687e-03
2.189186e-03
1.433059e-03
1.431854e-03
4.834434e-04
-1.421108e-03
-1.285856e-03
-2.069671e-03
-4.236102e-03
-3.072953e-03
-2.404900e-03
-3.393061e-03
-2.440501e-03
-2.484796e-03
-3.795361e-03
-3.598854e-03
-3.097199e-03
-2.768094e-03
-1.519754e-03
-3.175084e-04
5.059986e-05
5.563842e-04
1.952169e-03
4.328987e-03
7.027680e-03
9.789092e-03
1.201995e-02
1.160239e-02
9.764456e-03
9.605806e-03
9.058102e-03
7.071828e-03
6.789718e-03
7.369399e-03
7.148835e-03
7.335393e-03
8.487536e-03
1.018093e-02
1.162070e-02
1.292107e-02
1.358598e-02
1.374822e-02
1.474215e-02
1.550352e-02
1.544592e-02
1.432323e-02
1.181015e-02
9.773699e-03
8.566610e-03
7.531664e-03
6.449052e-03
5.150974e-03
4.834390e-03
5.419320e-03
6.181224e-03
7.082116e-03
8.015477e-03
9.969662e-03
1.215492e-02
1.410627e-02
1.591520e-02
1.612518e-02
1.617317e-02
1.556370e-02
1.480842e-02
1.538180e-02
1.439773e-02
1.414759e-02
1.399729e-02
1.240123e-02
1.246129e-02
1.228496e-02
1.167382e-02
1.092154e-02
1.172306e-02
1.377835e-02
1.333489e-02
1.370989e-02
1.450528e-02
1.410432e-02
1.496438e-02
1.619252e-02
1.667545e-02
1.629161e-02
1.615115e-02
1.644528e-02
1.586481e-02
1.560684e-02
1.684708e-02
1.747739e-02
1.635229e-02
1.474609e-02
1.376982e-02
1.460905e-02
1.480667e-02
1.364393e-02
1.393538e-02
1.357893e-02
1.288861e-02
1.325355e-02
1.286163e-02
1.202785e-02
1.129304e-02
1.244089e-02
1.391885e-02
1.394971e-02
1.582782e-02
1.711163e-02
1.646408e-02
1.699654e-02
1.697087e-02
1.662457e-02
1.705529e-02
1.665074e-02
1.694673e-02
1.756264e-02
1.773712e-02
1.897801e-02
1.862944e-02
1.671810e-02
1.607283e-02
1.644879e-02
1.655535e-02
1.521725e-02
1.421965e-02
1.387705e-02
1.270074e-02
1.194233e-02
1.225223e-02
1.263604e-02
1.213772e-02
1.194105e-02
1.333423e-02
1.468574e-02
1.578387e-02
1.785243e-02
1.927612e-02
2.005862e-02
2.059785e-02
1.988866e-02
1.995510e-02
1.982789e-02
1.906238e-02
1.966393e-02
1.967723e-02
1.909031e-02
1.852767e-02
1.745365e-02
1.629224e-02
1.473014e-02
1.429841e-02
1.570060e-02
1.663633e-02
1.657714e-02
1.608821e-02
1.556897e-02
1.616325e-02
1.670617e-02
1.596246e-02
1.711945e-02
1.884329e-02
1.830422e-02
1.795867e-02
1.643552e-02
1.472322e-02
1.529223e-02
1.545124e-02
1.442059e-02
1.379049e-02
1.417420e-02
1.378978e-02
1.343204e-02
1.266475e-02
1.088262e-02
1.224698e-02
1.414198e-02
1.373569e-02
1.347699e-02
1.324246e-02
1.300553e-02
1.220082e-02
1.172200e-02
1.332161e-02
1.329844e-02
1.127651e-02
1.027544e-02
8.180875e-03
4.938256e-03
2.284272e-03
-1.275206e-04
-8.980870e-04
-6.516228e-04
-1.144223e-03
-2.553158e-03
-4.121305e-03
-4.971992e-03
-6.211790e-03
-5.080801e-03
-2.411329e-03
-2.618240e-03
-1.903570e-03
-1.361797e-03
-3.084167e-03
-4.153135e-03
-5.522044e-03
-4.668774e-03
-3.125555e-03
-4.594273e-03
-5.229719e-03
-5.745334e-03
-7.503114e-03
-9.302696e-03
-1.038531e-02
-1.015503e-02
-9.644504e-03
-8.318666e-03
-8.333788e-03
-9.342860e-03
-8.868574e-03
-8.950153e-03
-8.001136e-03
-6.044681e-03
-4.974203e-03
-3.923798e-03
-4.442051e-03
-4.704640e-03
-4.043909e-03
-4.826653e-03
-4.757784e-03
-4.971611e-03
-6.174532e-03
-7.022607e-03
-8.827236e-03
-9.491589e-03
-1.000359e-02
-1.008887e-02
-7.342350e-03
-6.935700e-03
-7.257586e-03
-4.700953e-03
-4.097283e-03
-4.409109e-03
-2.996340e-03
-1.093722e-03
8.392004e-04
1.640217e-03
5.944192e-04
-2.094260e-03
-3.378055e-03
-2.878265e-03
-3.858581e-03
-4.951661e-03
-6.071155e-03
-8.156546e-03
-8.568442e-03
-7.344357e-03
-6.406411e-03
-5.482232e-03
-3.889488e-03
-1.977272e-03
-5.977194e-04
6.556328e-04
1.597493e-03
1.196554e-03
4.253218e-04
-1.827705e-04
-1.298297e-03
-3.017340e-03
-3.984598e-03
-4.350348e-03
-5.940563e-03
-8.319092e-03
-1.075503e-02
-1.160036e-02
-1.080237e-02
-9.885665e-03
-7.787924e-03
-6.037470e-03
-6.223253e-03
-6.922445e-03
-6.655016e-03
-5.097388e-03
-4.743059e-03
-5.705182e-03
-5.913355e-03
-6.485851e-03
-8.367117e-03
-1.049705e-02
-1.116966e-02
-1.127656e-02
-1.265149e-02
-1.237831e-02
-1.156259e-02
-1.327400e-02
-1.436150e-02
-1.508783e-02
-1.515443e-02
-1.282389e-02
-1.078039e-02
-9.558937e-03
-9.471347e-03
-1.061378e-02
-1.223261e-02
-1.336757e-02
-1.260342e-02
-1.221603e-02
-1.309214e-02
-1.312616e-02
-1.271779e-02
-1.306065e-02
-1.283733e-02
-1.194042e-02
-1.098919e-02
-9.502443e-03
-7.945606e-03
-5.950988e-03
-5.808528e-03
-7.474658e-03
-6.650234e-03
-6.085544e-03
-6.926584e-03
-6.091793e-03
-5.447765e-03
-5.568240e-03
-6.067634e-03
-7.389509e-03
-8.186428e-03
-9.337679e-03
-1.012953e-02
-9.608462e-03
-9.873412e-03
-9.119063e-03
-8.207906e-03
-1.026640e-02
-1.093749e-02
-9.506116e-03
-8.942231e-03
-8.698490e-03
-8.901000e-03
-7.633783e-03
-6.584278e-03
-7.213109e-03
-6.510399e-03
-7.118593e-03
-7.220941e-03
-4.785920e-03
-4.583730e-03
-5.446532e-03
-5.558567e-03
-6.224733e-03
-7.188068e-03
-8.101084e-03
-9.198037e-03
-9.272028e-03
-8.609305e-03
-9.293921e-03
-9.187107e-03
-8.452756e-03
-8.822177e-03
-8.788571e-03
-8.661180e-03
-8.630076e-03
-8.529270e-03
-8.075288e-03
-8.569162e-03
-1.026840e-02
-1.102004e-02
-1.217064e-02
-1.331503e-02
-1.430057e-02
-1.527688e-02
-1.473235e-02
-1.390706e-02
-1.245234e-02
-1.228478e-02
-1.303535e-02
-1.178947e-02
-1.114765e-02
-1.046960e-02
-1.023313e-02
-1.149826e-02
-1.070946e-02
-9.322324e-03
-9.921411e-03
-1.034440e-02
-9.407650e-03
-7.914866e-03
-6.570400e-03
-6.089181e-03
-5.076682e-03
-4.225866e-03
-5.580001e-03
-6.391010e-03
-6.698663e-03
-7.930783e-03
-8.302529e-03
-8.209714e-03
-8.224080e-03
-8.741390e-03
-9.436878e-03
-7.805286e-03
-6.352644e-03
-6.134425e-03
-4.051447e-03
-2.979055e-03
-1.907877e-03
9.103233e-04
6.058464e-04
-7.334135e-04
-1.116755e-03
-1.844973e-03
-1.484375e-03
-1.688459e-03
-1.964170e-03
-2.308626e-03
-4.534024e-03
-5.104097e-03
-4.190987e-03
-3.239486e-03
-1.371185e-03
-1.892486e-04
1.357143e-03
3.817415e-03
5.460838e-03
6.111129e-03
6.318662e-03
6.103987e-03
4.269522e-03
2.497169e-03
1.607653e-03
-4.564918e-04
-1.512355e-03
-2.666645e-03
-5.077950e-03
-4.714770e-03
-3.964445e-03
-3.190572e-03
-1.367542e-03
-1.595016e-03
-1.591300e-03
-9.332568e-04
-1.208124e-03
-8.708327e-05
1.462264e-03
1.035531e-03
5.176684e-04
-4.840068e-04
-1.918434e-03
-2.271637e-03
-4.727579e-03
-6.672141e-03
-6.264814e-03
-6.393854e-03
-5.809984e-03
-5.251809e-03
-5.173755e-03
-5.669126e-03
-5.471452e-03
-2.990157e-03
-1.002290e-03
4.272404e-04
1.879006e-04
-1.632653e-03
-2.065239e-03
-3.181191e-03
-4.520626e-03
-5.590952e-03
-8.406942e-03
-1.035478e-02
-9.883630e-03
-9.627967e-03
-1.032520e-02
-8.851202e-03
-7.069917e-03
-6.890852e-03
-4.270068e-03
-2.205402e-03
-2.518529e-03
-1.525487e-03
-5.429378e-04
-3.892442e-04
-9.615394e-04
-1.937487e-03
-2.252035e-03
-1.988771e-03
-1.321196e-03
-1.301223e-03
-1.470284e-03
-2.312997e-03
-3.725852e-03
-3.323620e-03
-3.147807e-03
-2.987586e-03
-1.771229e-03
-1.251275e-03
-4.762778e-04
-8.479824e-04
-1.824681e-03
-1.458513e-03
-1.030004e-03
1.859149e-04
2.101026e-04
-1.296243e-03
-1.074178e-03
-8.609059e-04
-1.363006e-03
-2.889195e-04
7.067807e-04
-1.785645e-04
2.123885e-04
1.603251e-03
1.691354e-03
2.156494e-03
2.215041e-03
1.905967e-03
2.057822e-03
1.661619e-03
1.287444e-03
1.623798e-03
1.847430e-03
3.805029e-04
1.387716e-04
1.036576e-03
6.197084e-04
2.068678e-03
3.299206e-03
3.717600e-03
5.715445e-03
6.768051e-03
7.506707e-03
7.803866e-03
7.086309e-03
7.040734e-03
7.047588e-03
8.055985e-03
9.000903e-03
8.261252e-03
8.328871e-03
7.487947e-03
4.670372e-03
3.634380e-03
3.718984e-03
3.777598e-03
4.019939e-03
3.008436e-03
2.573044e-03
2.751512e-03
1.986519e-03
2.800304e-03
5.014577e-03
6.087781e-03
6.286992e-03
6.307894e-03
5.796904e-03
4.948243e-03
4.304694e-03
4.952423e-03
6.032861e-03
5.647495e-03
5.573923e-03
5.247196e-03
4.586687e-03
5.808615e-03
7.685533e-03
8.624972e-03
8.065060e-03
8.455753e-03
8.401445e-03
6.676989e-03
6.839285e-03
5.749241e-03
4.182580e-03
4.065980e-03
2.374367e-03
6.660823e-04
-4.260537e-04
-2.668366e-04
3.989721e-04
2.567951e-04
1.633186e-03
3.449177e-03
4.799107e-03
6.155099e-03
7.021826e-03
8.308326e-03
9.253035e-03
8.668131e-03
7.096748e-03
6.358049e-03
6.492483e-03
4.691790e-03
2.287694e-03
1.104602e-03
4.240214e-04
3.944193e-04
5.076389e-04
9.279697e-04
1.390811e-03
3.026397e-03
5.110215e-03
5.407404e-03
7.146404e-03
8.730621e-03
9.005614e-03
1.060099e-02
1.006659e-02
8.258588e-03
7.620165e-03
6.546622e-03
5.666402e-03
5.188553e-03
5.065785e-03
5.181253e-03
5.055612e-03
4.566000e-03
4.332457e-03
5.715619e-03
7.253234e-03
7.699058e-03
7.104548e-03
7.050176e-03
7.964181e-03
7.991564e-03
8.628098e-03
7.929366e-03
6.480220e-03
7.018496e-03
6.284530e-03
5.665969e-03
5.262482e-03
4.626622e-03
5.228323e-03
4.629786e-03
4.352363e-03
5.961736e-03
6.839541e-03
6.877032e-03
9.049636e-03
1.074712e-02
1.098329e-02
1.217561e-02
1.011873e-02
8.023408e-03
7.868810e-03
5.821773e-03
5.174555e-03
5.007514e-03
4.108982e-03
3.495507e-03
2.814424e-03
2.623115e-03
2.978282e-03
3.613373e-03
4.048148e-03
6.707516e-03
8.551493e-03
8.428956e-03
9.926436e-03
9.780932e-03
9.937830e-03
1.014511e-02
8.412145e-03
8.408551e-03
8.437799e-03
7.882626e-03
6.500900e-03
5.148689e-03
4.915678e-03
4.191325e-03
4.880053e-03
5.429667e-03
4.630458e-03
3.691710e-03
3.189503e-03
4.867979e-03
5.846851e-03
4.698076e-03
5.211666e-03
6.812897e-03
6.452198e-03
6.477542e-03
6.955358e-03
5.046063e-03
3.824518e-03
4.148620e-03
4.339466e-03
4.918357e-03
5.066790e-03
5.159520e-03
5.095186e-03
4.414789e-03
3.672485e-03
2.244721e-03
1.453207e-03
1.706477e-03
1.607913e-03
1.143361e-03
7.239589e-04
6.607145e-04
1.102398e-03
2.264491e-03
3.013926e-03
4.231339e-03
5.521268e-03
5.614819e-03
7.727296e-03
9.476429e-03
9.853668e-03
1.096391e-02
9.998965e-03
9.184796e-03
9.360867e-03
8.755234e-03
8.044949e-03
5.309254e-03
2.789660e-03
1.806330e-03
-1.828738e-04
-1.365497e-03
-1.745025e-03
-1.987243e-03
-7.653395e-04
2.887771e-04
1.224536e-04
8.157230e-04
2.681192e-03
4.316189e-03
6.974949e-03
9.724110e-03
1.010716e-02
1.031329e-02
1.067430e-02
9.709674e-03
9.121934e-03
8.127345e-03
6.471636e-03
5.661491e-03
3.354480e-03
1.511967e-03
1.878722e-03
1.905530e-03
2.777839e-03
3.170558e-03
2.148092e-03
2.178051e-03
3.553829e-03
5.062427e-03
5.486139e-03
5.438356e-03
5.466897e-03
5.507062e-03
4.703269e-03
2.628414e-03
1.430127e-03
1.789828e-03
1.509930e-03
5.746577e-04
1.065511e-03
1.046216e-03
6.688299e-04
1.735268e-03
1.273565e-03
1.098903e-03
2.874928e-03
3.266747e-03
3.373658e-03
3.460978e-03
4.659855e-03
5.262612e-03
4.439642e-03
2.981387e-03
2.845811e-03
2.738338e-03
2.833491e-03
1.564060e-03
-1.216621e-04
1.496837e-04
2.569098e-04
1.367025e-04
1.153767e-05
1.207307e-04
1.270260e-03
2.083867e-03
2.956406e-03
4.225509e-03
4.619045e-03
4.097574e-03
3.400540e-03
3.289266e-03
4.401192e-03
5.362889e-03
5.168110e-03
4.472378e-03
3.974470e-03
3.440575e-03
2.521615e-03
2.149699e-03
1.476940e-03
1.133518e-03
9.955796e-04
5.096908e-05
-4.043815e-04
-5.204542e-04
-3.499265e-04
-7.705947e-04
-2.281547e-06
1.001431e-03
7.543181e-04
1.844983e-03
1.723124e-03
1.192726e-03
3.424296e-04
-5.771169e-04
9.133063e-04
8.410654e-04
-1.294834e-04
-9.614281e-04
-2.503012e-03
-3.397623e-03
-4.194804e-03
-4.001744e-03
-3.782908e-03
-4.267651e-03
-3.640980e-03
-2.982463e-03
-2.873917e-03
-2.436107e-03
-2.401479e-03
-2.253632e-03
-1.280046e-03
-1.433825e-03
-1.975678e-03
-2.040564e-03
-3.323699e-03
-3.304561e-03
-2.738743e-03
-4.392128e-03
-4.468227e-03
-4.026245e-03
-4.493362e-03
-3.906700e-03
-4.158976e-03
-3.671291e-03
-3.077452e-03
-4.459458e-03
-4.756097e-03
-4.485581e-03
-4.207491e-03
-4.282810e-03
-5.617588e-03
-6.195320e-03
-7.379929e-03
-9.409026e-03
-9.790358e-03
-9.273749e-03
-9.196360e-03
-1.029591e-02
-1.103024e-02
-1.075507e-02
-1.062441e-02
-9.600131e-03
-8.819811e-03
-7.789375e-03
-6.584214e-03
-7.465069e-03
-7.992197e-03
-8.106814e-03
-7.261208e-03
-6.502203e-03
-8.207303e-03
-8.580468e-03
-8.740963e-03
-8.613472e-03
-7.651856e-03
-8.095941e-03
-7.209974e-03
-5.946749e-03
-5.108289e-03
-4.843639e-03
-5.278579e-03
-4.739942e-03
-4.761435e-03
-4.382554e-03
-4.243782e-03
-4.970751e-03
-5.035186e-03
-5.554357e-03
-5.348067e-03
-5.250349e-03
-5.781402e-03
-5.247763e-03
-5.094525e-03
-4.917173e-03
-3.839862e-03
-2.608035e-03
-1.664813e-03
-1.261670e-03
-1.060231e-03
-1.201495e-03
-1.425292e-03
-1.568226e-03
-2.380861e-03
-3.069766e-03
-3.223986e-03
-3.793147e-03
-4.326831e-03
-4.329842e-03
-3.722546e-03
-3.817574e-03
-4.791922e-03
-4.194913e-03
-3.657199e-03
-3.825888e-03
-2.952977e-03
-2.019977e-03
-7.992339e-04
2.903901e-06
-6.000060e-04
-8.068435e-04
-7.283708e-04
-1.377792e-03
-1.552969e-03
-1.639342e-03
-2.076547e-03
-2.229930e-03
-2.953321e-03
-3.441393e-03
-4.073821e-03
-4.987845e-03
-4.783464e-03
-4.595430e-03
-4.361381e-03
-4.634325e-03
-4.732116e-03
-3.655755e-03
-3.689590e-03
-3.423594e-03
-2.234379e-03
-1.806261e-03
-1.085188e-03
-7.090297e-04
-1.367811e-03
-1.546037e-03
-1.562429e-03
-2.304003e-03
-3.326086e-03
-3.627014e-03
-3.316954e-03
-3.719278e-03
-3.756691e-03
-3.424624e-03
-4.392881e-03
-4.788279e-03
-3.945433e-03
-3.562724e-03
-3.138190e-03
-2.116053e-03
-1.415612e-03
-1.383858e-03
-1.532708e-03
-1.217044e-03
-7.954770e-04
-8.445357e-04
-6.439835e-04
-6.331654e-04
-9.251768e-04
-1.039540e-03
-1.820061e-03
-1.960581e-03
-1.469406e-03
-1.617094e-03
-1.019183e-03
-5.218879e-04
-8.057312e-04
-4.811764e-04
-5.405943e-05
-1.298618e-04
1.682991e-04
7.782125e-04
9.099495e-04
1.209319e-03
9.828053e-04
7.406658e-05
7.393054e-05
4.505456e-05
-4.402391e-04
-4.959628e-04
-1.671294e-04
1.831123e-04
2.041362e-04
2.270459e-04
2.756168e-04
4.186840e-04
7.946637e-04
7.688259e-04
6.000708e-04
8.656713e-04
1.085720e-03
9.836475e-04
7.131371e-04
3.477599e-04
3.030217e-04
5.982982e-04
9.555065e-04
1.090037e-03
8.752527e-04
9.331717e-04
9.473937e-04
6.235906e-04
8.430026e-04
1.038132e-03
4.510665e-04
7.484451e-05
1.643317e-04
6.870190e-06
-4.707395e-04
-1.064214e-03
-1.214209e-03
-1.100142e-03
-1.248019e-03
-9.727544e-04
-4.457752e-04
-8.082074e-05
2.431757e-04
5.187630e-04
9.784174e-04
1.002830e-03
9.900135e-04
1.379599e-03
1.261026e-03
1.060056e-03
8.492749e-04
5.116765e-04
3.930159e-04
1.533402e-04
-1.191391e-04
-3.689337e-04
-3.895617e-04
-1.596580e-04
-1.508452e-05
1.475073e-04
2.578792e-04
4.792017e-04
8.128633e-04
9.387498e-04
8.708604e-04
8.407031e-04
8.864964e-04
8.152311e-04
7.098108e-04
5.486716e-04
3.979722e-04
3.099242e-04
1.576920e-04
1.239174e-04
2.556283e-04
3.446027e-04
3.666177e-04
5.222753e-04
7.198580e-04
8.459623e-04
1.008603e-03
1.116139e-03
1.138316e-03
1.134227e-03
1.103998e-03
1.059583e-03
1.005981e-03
9.781552e-04
9.253777e-04
7.868273e-04
6.865824e-04
6.598137e-04
7.062552e-04
8.172377e-04
8.604292e-04
9.032516e-04
9.670043e-04
9.682381e-04
9.768118e-04
9.859361e-04
9.599547e-04
9.626500e-04
9.664333e-04
9.297734e-04
9.054625e-04
8.651076e-04
7.947536e-04
7.359622e-04
7.309151e-04
7.817933e-04
7.976931e-04
7.916235e-04
8.009975e-04
7.915375e-04
7.852093e-04
8.020128e-04
8.154057e-04
8.055657e-04
7.913662e-04
7.858454e-04
7.588591e-04
7.152452e-04
6.995609e-04
6.941041e-04
6.780910e-04
6.617671e-04
6.370709e-04
6.140189e-04
5.933127e-04
5.703597e-04
5.529771e-04
5.389178e-04
5.223885e-04
5.016141e-04
4.863780e-04
4.659587e-04
4.370434e-04
4.189579e-04
4.069445e-04
3.876556e-04
3.632652e-04
3.466041e-04
3.309364e-04
3.081596e-04
2.889744e-04
2.695438e-04
2.461754e-04
2.245415e-04
2.042609e-04
1.830127e-04
1.591041e-04
1.351429e-04
1.124586e-04
8.983572e-05
6.791068e-05
4.615934e-05
2.406337e-05
1.602694e-06
-2.051383e-05
-4.249715e-05
-6.504003e-05
-8.725793e-05
-1.096028e-04
-1.322926e-04
-1.544871e-04
-1.766855e-04
-1.991668e-04
-2.215248e-04
-2.438643e-04
-2.660923e-04
-2.881447e-04
-3.102165e-04
-3.322593e-04
-3.542618e-04
-3.761929e-04
-3.980472e-04
-4.198731e-04
-4.416285e-04
-4.633081e-04
-4.849250e-04
-5.064689e-04
-5.279366e-04
-5.493253e-04
-5.706322e-04
-5.918553e-04
-6.129920e-04
