1 0 0 1
2 0 0 1
3 0 0 1
59 0 1 0
60 0 0 1
61 0 0 1
62 0 0 1
118 0 1 0
119 0 0 1
120 0 0 1
121 0 0 1
177 0 1 0
178 0 0 1
179 0 0 1
180 0 0 1
236 0 1 0
237 0 0 1
238 0 0 1
239 0 0 1
295 0 1 0
296 0 0 1
297 0 0 1
298 0 0 1
354 0 1 0
355 0 0 1
356 0 0 1
357 0 0 1
413 0 1 0
414 0 0 1
415 0 0 1
416 0 0 1
472 0 1 0
473 0 0 1
474 0 0 1
475 0 0 1
531 0 1 0
532 0 0 1
533 0 0 1
534 0 0 1
590 0 1 0
591 0 0 1
592 0 0 1
593 0 0 1
649 0 1 0
650 0 0 1
651 0 0 1
652 0 0 1
708 0 1 0
709 0 0 1
710 0 0 1
711 0 0 1
767 0 1 0
768 0 0 1
769 0 0 1
770 0 0 1
826 0 1 0
827 0 0 1
828 0 0 1
829 0 0 1
885 0 1 0
886 0 0 1
887 0 0 1
888 0 0 1
944 0 1 0
945 0 0 1
946 0 0 1
947 0 0 1
1003 0 1 0
1004 0 0 1
1005 0 0 1
1006 0 0 1
1062 0 1 0
1063 0 0 1
1064 0 0 1
1065 0 0 1
1121 0 1 0
1122 0 0 1
1123 0 0 1
1124 0 0 1
1180 0 1 0
1181 0 0 1
1182 0 0 1
1183 0 0 1
1239 0 1 0
1240 0 0 1
1241 0 0 1
1242 0 0 1
1298 0 1 0
1299 0 0 1
1300 0 0 1
1301 0 0 1
1357 0 1 0
1358 0 0 1
1359 0 0 1
1360 0 0 1
1415 0 0 1
1416 0 0 1
1417 0 0 1
1427 0 1 0
1473 0 0 1
1474 0 0 1
1475 0 0 1
1491 0 1 0
1531 0 0 1
1532 0 0 1
1533 0 0 1
1554 0 1 0
1588 0 0 1
1589 0 0 1
1590 0 0 1
1616 0 1 0
1646 0 0 1
1647 0 0 1
1648 0 0 1
1678 0 1 0
1704 0 0 1
1705 0 0 1
1706 0 0 1
1739 0 1 0
1762 0 0 1
1763 0 0 1
1764 0 0 1
1800 0 1 0
1820 0 0 1
1821 0 0 1
1822 0 0 1
1861 0 1 0
1877 0 0 1
1878 0 0 1
1879 0 0 1
1921 0 1 0
1935 0 0 1
1936 0 0 1
1937 0 0 1
1982 0 1 0
1993 0 0 1
1994 0 0 1
1995 0 0 1
2042 0 1 0
2051 0 0 1
2052 0 0 1
2053 0 0 1
2102 0 1 0
2109 0 0 1
2110 0 0 1
2111 0 0 1
2162 0 1 0
2167 0 0 1
2168 0 0 1
2170 0 0 1
2222 0 1 0
2226 0 0 1
2227 0 0 1
2228 0 0 1
2282 0 1 0
2284 0 0 1
2285 0 0 1
2286 0 0 1
2341 0 0 1
2342 0 0 1
2343 0 0 1
2352 0 1 0
2398 0 0 1
2399 0 0 1
2400 0 0 1
2416 0 1 0
2455 0 0 1
2456 0 0 1
2458 0 0 1
2480 0 1 0
2513 0 0 1
2514 0 0 1
2515 0 0 1
2541 0 1 0
2570 0 0 1
2571 0 0 1
2572 0 0 1
2604 0 1 0
2627 0 0 1
2628 0 0 1
2630 0 0 1
2665 0 1 0
2685 0 0 1
2686 0 0 1
2687 0 0 1
2726 0 1 0
2742 0 0 1
2743 0 0 1
2744 0 0 1
2787 0 1 0
2800 0 0 1
2801 0 0 1
2802 0 0 1
2848 0 1 0
2857 0 0 1
2858 0 0 1
2859 0 0 1
2908 0 1 0
2916 0 0 1
2917 0 0 1
2918 0 0 1
2970 0 1 0
2973 0 0 1
2974 0 0 1
2975 0 0 1
3030 0 1 0
3031 0 0 1
3032 0 0 1
3033 0 0 1
3088 0 0 1
3089 0 0 1
3090 0 0 1
3099 0 1 0
3145 0 0 1
3146 0 0 1
3147 0 0 1
3163 0 1 0
3201 0 0 1
3203 0 0 1
3204 0 0 1
3225 0 1 0
3260 0 0 1
3261 0 0 1
3262 0 0 1
3287 0 1 0
3317 0 0 1
3318 0 0 1
3319 0 0 1
3350 0 1 0
3374 0 0 1
3375 0 0 1
3377 0 0 1
3411 0 1 0
3433 0 0 1
3434 0 0 1
3435 0 0 1
3472 0 1 0
3490 0 0 1
3491 0 0 1
3492 0 0 1
3532 0 1 0
3549 0 0 1
3550 0 0 1
3551 0 0 1
3593 0 1 0
3605 0 0 1
3606 0 0 1
3607 0 0 1
3654 0 1 0
3664 0 0 1
3665 0 0 1
3666 0 0 1
3714 0 1 0
3723 0 0 1
3724 0 0 1
3725 0 0 1
3774 0 1 0
3780 0 0 1
3781 0 0 1
3783 0 0 1
3834 0 1 0
3839 0 0 1
3840 0 0 1
3841 0 0 1
3894 0 1 0
3897 0 0 1
3899 0 0 1
3900 0 0 1
3954 0 1 0
3955 0 0 1
3956 0 0 1
3957 0 0 1
4013 0 0 1
4014 0 0 1
4015 0 0 1
4018 0 1 0
4072 0 0 1
4073 0 0 1
4074 0 0 1
4080 0 1 0
4130 0 0 1
4131 0 0 1
4132 0 0 1
4141 0 1 0
4189 0 0 1
4190 0 0 1
4191 0 0 1
4201 0 1 0
4248 0 0 1
4249 0 0 1
4250 0 0 1
4262 0 1 0
4307 0 0 1
4308 0 0 1
4309 0 0 1
4322 0 1 0
4365 0 0 1
4366 0 0 1
4368 0 0 1
4382 0 1 0
4424 0 0 1
4425 0 0 1
4426 0 0 1
4441 0 1 0
4486 0 0 1
4487 0 0 1
4497 0 1 0
4546 0 0 1
4547 0 0 1
4551 0 1 0
4604 0 1 0
4606 0 0 1
4608 0 0 1
4660 0 1 0
4666 0 0 1
4667 0 0 1
4719 0 1 0
4725 0 0 1
4778 0 1 0
4784 0 0 1
4837 0 1 0
4843 0 0 1
4896 0 1 0
4902 0 0 1
4955 0 1 0
4962 0 0 1
5014 0 1 0
5021 0 0 1
5073 0 1 0
5080 0 0 1
5131 0 1 0
5139 0 0 1
5190 0 1 0
5198 0 0 1
5249 0 1 0
5258 0 0 1
5308 0 1 0
5317 0 0 1
5367 0 1 0
5376 0 0 1
5426 0 1 0
5435 0 0 1
5485 0 1 0
5495 0 0 1
5544 0 1 0
5554 0 0 1
5602 0 1 0
5613 0 0 1
5661 0 1 0
5673 0 0 1
5720 0 1 0
5732 0 0 1
5778 0 1 0
5791 0 0 1
5837 0 1 0
5850 0 0 1
5896 0 1 0
5910 0 0 1
5954 0 1 0
5969 0 0 1
6013 0 1 0
6028 0 0 1
6072 0 1 0
6087 0 0 1
6131 0 1 0
6147 0 0 1
6190 0 1 0
6206 0 0 1
6248 0 1 0
6265 0 0 1
6307 0 1 0
6325 0 0 1
6366 0 1 0
6384 0 0 1
6425 0 1 0
6444 0 0 1
6484 0 1 0
6503 0 0 1
6542 0 1 0
6562 0 0 1
6601 0 1 0
6621 0 0 1
6660 0 1 0
6681 0 0 1
6719 0 1 0
6740 0 0 1
6777 0 1 0
6799 0 0 1
6836 0 1 0
6853 0 0 1
6899 0 1 0
6910 0 0 1
6962 0 1 0
6969 0 0 1
7026 0 1 0
7029 0 0 1
7083 0 1 0
7089 0 0 1
7141 0 1 0
7149 0 0 1
7198 0 1 0
7210 0 0 1
7255 0 1 0
7271 0 0 1
7310 0 1 0
7332 0 0 1
7366 0 1 0
7394 0 0 1
7418 0 1 0
7457 0 0 1
7470 0 1 0
7517 0 1 0
7519 0 0 1
7574 0 1 0
7580 0 0 1
7630 0 1 0
7643 0 0 1
7686 0 1 0
7704 0 0 1
7741 0 1 0
7766 0 0 1
7792 0 1 0
7829 0 0 1
7839 0 1 0
7889 0 1 0
7891 0 0 1
7946 0 1 0
7952 0 0 1
8003 0 1 0
8013 0 0 1
8059 0 1 0
8075 0 0 1
8115 0 1 0
8136 0 0 1
8170 0 1 0
8198 0 0 1
8220 0 1 0
8260 0 0 1
8264 0 1 0
8319 0 1 0
8320 0 0 1
8378 0 1 0
8379 0 0 1
8437 0 1 0
8438 0 0 1
8496 0 1 0
8497 0 0 1
8555 0 1 0
8556 0 0 1
8614 0 1 0
8615 0 0 1
8673 0 1 0
8674 0 0 1
8732 0 1 0
8733 0 0 1
8791 0 1 0
8792 0 0 1
8850 0 1 0
8851 0 0 1
8909 0 1 0
8910 0 0 1
8968 0 1 0
8969 0 0 1
9027 0 1 0
9028 0 0 1
9086 0 1 0
9087 0 0 1
9145 0 1 0
9146 0 0 1
9204 0 1 0
9205 0 0 1
9263 0 1 0
