6.039669e-04
6.070525e-04
6.100851e-04
6.129204e-04
6.150495e-04
6.158141e-04
6.156200e-04
6.142793e-04
6.138485e-04
6.146440e-04
6.221192e-04
6.280091e-04
6.250224e-04
6.200706e-04
6.144162e-04
6.095418e-04
6.090490e-04
6.143121e-04
6.302840e-04
6.383873e-04
6.375831e-04
6.373111e-04
6.352121e-04
6.127072e-04
5.962592e-04
5.990997e-04
6.038460e-04
6.052104e-04
6.389270e-04
6.554755e-04
6.086037e-04
5.890705e-04
6.017253e-04
6.024298e-04
6.007323e-04
6.070374e-04
6.071146e-04
6.058406e-04
6.083810e-04
6.073641e-04
6.113859e-04
6.142480e-04
5.408936e-04
4.953861e-04
5.908006e-04
6.505277e-04
6.451854e-04
6.449904e-04
6.499734e-04
6.284199e-04
4.316686e-04
2.600622e-04
4.342688e-04
7.132712e-04
7.328874e-04
6.637051e-04
5.868423e-04
3.618720e-04
2.197583e-04
2.693924e-04
4.739975e-04
7.525512e-04
8.080711e-04
4.402554e-04
1.794922e-04
2.323097e-04
2.676631e-04
2.432410e-04
2.411242e-04
2.542870e-04
2.657723e-04
2.678999e-04
2.581538e-04
2.449472e-04
-5.474053e-05
-3.155399e-04
7.884813e-05
3.905433e-04
6.268039e-04
1.133762e-03
1.040476e-03
3.771025e-04
-3.780835e-05
-4.340008e-04
-5.831509e-04
-5.210741e-04
-2.138234e-04
3.597701e-04
5.324302e-04
4.747845e-04
3.457161e-04
1.742307e-04
1.734539e-04
4.281600e-04
3.860715e-04
-1.877160e-04
-5.530619e-04
-4.807137e-04
2.065928e-04
7.808864e-04
7.708035e-04
7.038056e-04
7.194350e-04
4.777003e-04
4.163557e-05
-8.720068e-05
-2.620161e-04
-4.187332e-04
-3.830645e-04
2.440385e-04
6.616532e-04
5.991382e-04
5.229817e-04
5.112267e-04
8.440903e-04
5.157372e-04
-2.382278e-04
-3.469125e-04
-3.571587e-04
-2.178914e-04
-8.948085e-05
-4.943940e-05
-8.039242e-06
-1.915480e-06
4.805575e-05
1.161656e-04
1.170956e-04
1.337242e-04
1.738680e-04
-2.849389e-04
-1.049507e-03
-8.256075e-04
3.241591e-05
4.815357e-04
4.657275e-04
4.193877e-04
5.180603e-04
6.032318e-04
6.024519e-04
6.758361e-04
5.662698e-04
-5.646355e-04
-1.544964e-03
-1.432898e-03
-1.008852e-03
-2.212677e-05
1.107358e-03
1.225978e-03
6.864958e-04
-3.411939e-04
-9.795342e-04
-8.951112e-04
-7.583724e-04
-7.371116e-04
-6.935082e-04
-1.079150e-03
-1.750402e-03
-9.776256e-04
-5.246763e-05
1.054858e-03
1.128379e-03
8.863845e-05
-1.488468e-03
-2.622329e-03
-3.083477e-03
-2.880141e-03
-1.916214e-03
-2.964802e-04
2.503976e-04
3.235871e-05
-6.354693e-04
-1.802907e-03
-2.280417e-03
-2.070835e-03
-1.346366e-03
1.683713e-04
7.010304e-04
5.089564e-04
7.870860e-04
9.929398e-04
-3.482061e-04
-2.617362e-03
-3.963216e-03
-3.858722e-03
-2.348208e-03
-3.018840e-04
1.157641e-03
1.109325e-03
-7.226276e-05
-8.086777e-04
-1.073130e-03
-1.031216e-03
-9.738046e-04
-7.799585e-04
5.665881e-04
1.829850e-03
1.909564e-03
1.485025e-03
2.583810e-05
-1.918668e-03
-2.963163e-03
-2.828982e-03
-2.196808e-03
-7.369932e-04
-1.434686e-05
-1.179187e-04
-4.885259e-04
-2.244228e-04
-1.650952e-05
-2.476474e-04
-5.210386e-04
-6.239519e-04
-4.950692e-04
2.522808e-04
5.326894e-04
-5.822486e-04
-2.606833e-03
-4.055474e-03
-3.082922e-03
-9.276774e-04
5.281856e-04
9.679301e-04
9.669251e-04
1.001969e-03
1.028475e-03
8.607363e-04
7.033516e-04
2.248465e-04
-1.456001e-04
-9.835620e-04
-2.510566e-03
-2.226682e-03
-7.932343e-04
-4.422861e-04
-2.590480e-04
5.240674e-04
8.058989e-04
7.970663e-04
6.316082e-04
-7.889082e-05
-7.404162e-04
-8.565841e-04
9.210055e-05
1.292650e-03
1.540540e-03
4.862332e-04
-1.712355e-03
-4.112800e-03
-4.931626e-03
-3.624914e-03
-1.379818e-03
9.206962e-04
2.737112e-03
3.138929e-03
2.967822e-03
2.303917e-03
3.048123e-04
-2.475537e-03
-4.411740e-03
-5.137525e-03
-4.691754e-03
-3.848747e-03
-3.596109e-03
-2.327073e-03
-5.079622e-04
-5.313429e-05
-1.015494e-03
-1.333448e-03
-1.950286e-03
-3.179563e-03
-3.522048e-03
-2.364820e-03
-7.273667e-04
-4.487387e-04
-6.965474e-04
-6.477095e-04
-4.995730e-04
-4.436939e-04
-4.010585e-04
-3.557651e-04
-3.439257e-04
-7.207379e-04
-2.259487e-03
-4.048503e-03
-4.805654e-03
-3.229428e-03
-1.209796e-03
1.910722e-03
4.471533e-03
4.183174e-03
1.677643e-03
-2.926208e-04
-1.646584e-03
-1.868437e-03
-2.116492e-04
8.199700e-04
4.272681e-04
-1.160329e-03
-2.036872e-03
-1.758204e-03
-1.183122e-03
-1.449544e-04
3.246710e-05
6.586679e-04
1.167529e-03
1.619498e-03
2.755971e-03
1.959853e-03
3.382644e-04
-1.118194e-03
-1.307024e-03
-1.257289e-03
-1.223169e-03
-5.128270e-04
1.133219e-03
1.813987e-03
1.057108e-03
9.400336e-04
1.765480e-03
2.027980e-03
1.987823e-03
2.000782e-03
2.055294e-03
1.671298e-03
-5.530855e-05
-2.048115e-03
-3.102145e-03
-2.761407e-03
-1.749206e-03
-2.573034e-04
2.100347e-04
3.809991e-05
4.992358e-05
2.534027e-04
1.783942e-03
4.117981e-03
5.301926e-03
4.538601e-03
2.904992e-03
2.546165e-03
2.808427e-03
3.517725e-03
3.352999e-03
2.064080e-03
8.481200e-04
-3.073822e-04
-1.273363e-03
-2.316598e-03
-1.750025e-03
5.263193e-04
3.222127e-03
4.661849e-03
4.560549e-03
3.293265e-03
5.607671e-04
-2.366271e-03
-3.887850e-03
-3.818703e-03
-2.983591e-03
-2.222507e-03
-9.435000e-04
7.599505e-04
1.437917e-03
1.233819e-03
3.010999e-04
-9.180527e-04
-1.116250e-03
-3.896478e-04
1.698902e-03
3.373130e-03
2.822599e-03
1.424169e-03
5.408348e-04
1.147051e-04
-5.143443e-04
-1.318896e-03
-1.495670e-03
-4.503480e-04
7.075137e-04
2.137305e-03
2.718558e-03
3.156285e-03
4.110449e-03
5.592140e-03
5.921183e-03
5.623909e-03
4.306190e-03
2.536155e-03
1.091292e-03
6.652614e-04
1.123738e-03
1.961618e-03
2.553535e-03
2.460949e-03
1.890929e-03
2.086676e-03
3.362547e-03
4.588457e-03
3.474866e-03
1.521372e-03
3.152369e-04
3.440759e-04
5.153889e-04
5.185964e-04
1.220280e-03
2.718905e-03
3.116209e-03
2.917401e-03
2.884898e-03
2.963109e-03
2.853883e-03
1.130919e-03
-2.920184e-03
-7.206130e-03
-9.227821e-03
-8.928374e-03
-6.124475e-03
-1.858777e-03
2.462268e-03
4.123023e-03
2.288852e-03
-9.080717e-04
-2.030411e-03
-1.171299e-03
5.423919e-04
1.198394e-03
4.862330e-04
-8.763545e-04
-1.537755e-03
-1.082469e-03
1.131228e-04
1.159574e-03
1.180767e-03
1.143720e-03
2.459940e-03
3.644251e-03
3.346350e-03
1.273779e-03
-1.168419e-03
-2.744991e-03
-3.766320e-03
-3.901989e-03
-4.507569e-03
-5.843534e-03
-6.156581e-03
-4.803622e-03
-3.434364e-03
-3.470827e-03
-3.668716e-03
-3.579603e-03
-3.566252e-03
-2.956854e-03
-1.256628e-03
2.985773e-04
1.536210e-03
1.538983e-03
5.893001e-04
-6.776010e-04
-1.086483e-03
-1.145993e-03
-2.157542e-03
-3.499209e-03
-4.630392e-03
-5.525627e-03
-5.693933e-03
-5.530059e-03
-3.695758e-03
6.005354e-05
3.264591e-03
4.392725e-03
4.177622e-03
3.695177e-03
2.266396e-03
6.111051e-05
-2.139351e-03
-4.002628e-03
-5.183465e-03
-4.079224e-03
-9.243902e-04
2.456565e-03
4.301657e-03
4.016514e-03
1.960871e-03
4.840410e-05
-6.141634e-04
-5.329062e-04
-3.181399e-04
2.028864e-04
-4.251465e-04
-2.607949e-03
-4.762076e-03
-6.073973e-03
-5.938967e-03
-5.173698e-03
-4.313660e-03
-3.029582e-03
-2.703345e-03
-3.271710e-03
-4.814502e-03
-5.423898e-03
-4.457886e-03
-1.527985e-03
2.161298e-03
3.601173e-03
1.908122e-03
-1.744459e-03
-6.212918e-03
-7.927878e-03
-4.924770e-03
4.157384e-04
4.354150e-03
4.923888e-03
4.172172e-03
2.360746e-03
-1.210318e-03
-4.265158e-03
-5.256532e-03
-4.101079e-03
-1.486345e-03
-2.719470e-05
-1.265122e-03
-4.382184e-03
-7.259514e-03
-7.696760e-03
-5.869211e-03
-2.684714e-03
7.859569e-04
3.233760e-03
2.899154e-03
3.304563e-04
-2.733254e-03
-4.872666e-03
-5.230618e-03
-5.822575e-03
-6.097828e-03
-4.048222e-03
8.583967e-04
7.243628e-03
1.006440e-02
9.071964e-03
5.588170e-03
2.367097e-03
5.029388e-04
9.083031e-04
2.403383e-03
2.609155e-03
2.372622e-03
2.380220e-03
2.465470e-03
3.365115e-03
6.073145e-03
1.002403e-02
1.429040e-02
1.845815e-02
2.230713e-02
2.485254e-02
2.572649e-02
2.441289e-02
2.149783e-02
1.911341e-02
1.772459e-02
1.527069e-02
1.052110e-02
4.659010e-03
-7.532155e-04
-4.078404e-03
-4.045969e-03
-5.811866e-04
3.125134e-03
4.927670e-03
3.948351e-03
-2.589968e-04
-7.386766e-03
-1.524366e-02
-2.099426e-02
-2.389295e-02
-2.472358e-02
-2.368956e-02
-2.006223e-02
-1.583855e-02
-1.228070e-02
-9.531342e-03
-7.444683e-03
-6.166055e-03
-4.433915e-03
-1.327585e-03
3.347851e-03
7.209713e-03
7.948441e-03
6.704384e-03
3.808576e-03
3.043967e-05
-2.348398e-03
-2.110796e-03
3.917907e-04
3.674205e-03
7.692449e-03
1.052804e-02
1.088655e-02
8.613909e-03
4.696652e-03
2.073221e-04
-3.726924e-03
-3.535354e-03
1.378350e-03
6.175427e-03
9.193170e-03
1.028410e-02
9.381242e-03
7.590756e-03
5.694947e-03
3.636323e-03
2.324361e-03
1.180543e-03
7.045484e-05
-2.378715e-03
-1.106674e-02
-2.765971e-02
-4.602763e-02
-5.526222e-02
-4.995908e-02
-3.139850e-02
-1.927734e-03
2.951403e-02
5.186203e-02
6.210179e-02
6.225639e-02
5.218111e-02
2.984407e-02
-2.558767e-03
-2.960573e-02
-4.097641e-02
-3.937483e-02
-3.192513e-02
-2.153923e-02
-7.473788e-03
8.819984e-03
2.524588e-02
3.433333e-02
3.516724e-02
3.120907e-02
2.525113e-02
1.897822e-02
1.088801e-02
-1.017617e-03
-1.585665e-02
-2.751198e-02
-3.217462e-02
-3.078111e-02
-2.485542e-02
-1.530412e-02
-6.918460e-03
-9.752961e-04
3.867688e-03
7.700652e-03
8.127070e-03
3.070516e-03
-6.994729e-03
-1.638805e-02
-1.913307e-02
-1.634168e-02
-8.511285e-03
1.070640e-03
7.439291e-03
8.167902e-03
4.714880e-03
-1.213070e-03
-5.891545e-03
-5.092018e-03
-1.255352e-03
3.753585e-03
8.842415e-03
1.135977e-02
1.008848e-02
7.439455e-03
6.427834e-03
9.141812e-03
1.431695e-02
1.824153e-02
1.833952e-02
1.454650e-02
1.029238e-02
7.280790e-03
4.769673e-03
8.505556e-04
-5.544707e-03
-1.338135e-02
-1.893311e-02
-2.063893e-02
-1.883986e-02
-1.598610e-02
-1.514772e-02
-1.659732e-02
-1.773497e-02
-1.613724e-02
-9.781334e-03
-1.013785e-03
5.201397e-03
7.031245e-03
6.184513e-03
3.476672e-03
-9.080970e-04
-8.171831e-03
-1.699142e-02
-2.404294e-02
-2.731296e-02
-2.519329e-02
-1.883002e-02
-1.321137e-02
-1.109353e-02
-9.368485e-03
-5.379627e-03
3.688496e-04
4.608917e-03
4.458626e-03
8.909359e-04
-4.179084e-03
-7.397838e-03
-6.373256e-03
-3.493021e-03
-1.088466e-03
3.263675e-04
1.039640e-03
7.841656e-04
-1.214363e-03
-5.213345e-03
-9.800890e-03
-1.417292e-02
-1.846084e-02
-2.311299e-02
-2.684443e-02
-2.661183e-02
-2.121051e-02
-1.039061e-02
7.358687e-03
2.569949e-02
3.619151e-02
3.952793e-02
3.711395e-02
3.128347e-02
2.578927e-02
2.336411e-02
2.518705e-02
2.790605e-02
2.679214e-02
2.068608e-02
1.044677e-02
2.216882e-04
-7.000012e-03
-1.032701e-02
-9.487543e-03
-5.302008e-03
1.449245e-03
8.708987e-03
1.322552e-02
1.380817e-02
1.076394e-02
7.218339e-03
6.697496e-03
9.842489e-03
1.340990e-02
1.396576e-02
1.038269e-02
2.135633e-03
-7.623429e-03
-1.437589e-02
-1.473350e-02
-7.223946e-03
5.959959e-03
1.676252e-02
1.986667e-02
1.685976e-02
8.001006e-03
-6.176449e-03
-1.898888e-02
-2.163500e-02
-1.344043e-02
1.138910e-03
1.665937e-02
2.661679e-02
2.727651e-02
1.993283e-02
8.776387e-03
-1.615066e-03
-8.071309e-03
-9.650247e-03
-9.172896e-03
-9.004335e-03
-9.036085e-03
-9.368378e-03
-1.176570e-02
-1.549365e-02
-1.810548e-02
-1.791711e-02
-1.420902e-02
-7.333893e-03
-6.978184e-04
1.827656e-03
5.812645e-04
-8.046787e-04
1.245084e-03
6.363571e-03
1.268477e-02
1.628610e-02
1.554871e-02
1.144100e-02
6.081232e-03
-1.384250e-03
-1.172974e-02
-1.986697e-02
-2.130683e-02
-1.549945e-02
-6.582056e-03
-5.237432e-04
-5.025217e-04
-3.589710e-03
-4.852804e-03
7.983777e-04
1.646470e-02
3.356892e-02
4.160464e-02
4.112403e-02
3.478572e-02
2.083928e-02
8.106218e-05
-1.695977e-02
-2.177326e-02
-1.543473e-02
-5.092358e-03
2.400053e-03
4.244948e-03
2.949877e-03
3.474744e-03
8.611908e-03
1.767560e-02
2.397781e-02
2.282722e-02
1.523349e-02
-2.736460e-04
-1.699335e-02
-2.513354e-02
-2.428711e-02
-1.910106e-02
-1.293396e-02
-7.922255e-03
-5.494682e-03
-5.406110e-03
-4.913311e-03
-2.837146e-03
8.723776e-04
5.749106e-03
8.851689e-03
7.733846e-03
2.445274e-03
-4.113339e-03
-7.011731e-03
-4.114206e-03
1.955648e-03
5.973503e-03
5.500769e-03
-3.322384e-04
-9.005097e-03
-1.480950e-02
-1.470271e-02
-1.054647e-02
-4.753525e-03
-5.396173e-04
8.600691e-04
-3.656245e-04
-5.999277e-03
-1.732044e-02
-3.094141e-02
-4.359392e-02
-5.176026e-02
-5.377674e-02
-5.010839e-02
-4.032614e-02
-2.764967e-02
-1.459708e-02
-3.262439e-03
4.327592e-03
8.028644e-03
8.591250e-03
7.638686e-03
7.780530e-03
1.185738e-02
1.956554e-02
2.758505e-02
3.122858e-02
2.971267e-02
2.470536e-02
1.641225e-02
7.588443e-03
1.417617e-03
-1.953324e-03
-4.346138e-04
6.408664e-03
1.757533e-02
2.845224e-02
3.277877e-02
2.900108e-02
1.787560e-02
4.272961e-03
-1.978109e-03
6.109824e-04
5.764216e-03
6.155010e-03
-1.509109e-03
-1.694624e-02
-3.084893e-02
-3.425873e-02
-2.926262e-02
-2.186806e-02
-1.625230e-02
-1.572966e-02
-2.021894e-02
-2.641795e-02
-2.850546e-02
-2.208911e-02
-5.220896e-03
1.886573e-02
3.486319e-02
3.705541e-02
2.887596e-02
1.463237e-02
3.919381e-03
2.993255e-03
9.555012e-03
1.843848e-02
2.477562e-02
2.854031e-02
3.025998e-02
3.135661e-02
3.071881e-02
2.795130e-02
2.155271e-02
6.473872e-03
-1.312752e-02
-2.504806e-02
-2.597050e-02
-2.286520e-02
-2.161371e-02
-2.190522e-02
-2.195626e-02
-2.178205e-02
-2.123836e-02
-1.857662e-02
-1.142457e-02
7.358263e-04
1.187778e-02
1.565315e-02
1.046893e-02
-3.173113e-03
-2.132726e-02
-3.140296e-02
-3.053356e-02
-2.350601e-02
-1.515232e-02
-1.171419e-02
-1.432312e-02
-1.974559e-02
-2.234169e-02
-1.964232e-02
-1.294049e-02
-2.085097e-03
1.319470e-02
2.528587e-02
2.803981e-02
2.473777e-02
2.207048e-02
2.417249e-02
3.162809e-02
4.074020e-02
4.287800e-02
3.732098e-02
2.688444e-02
1.464897e-02
5.334897e-03
2.049110e-03
3.797377e-03
8.963677e-03
1.446184e-02
1.610389e-02
1.245548e-02
4.985546e-03
-2.930972e-03
-6.926617e-03
-5.528150e-03
-9.392288e-04
3.104389e-03
3.339759e-03
-1.402254e-03
-7.328471e-03
-9.742924e-03
-4.420456e-03
7.386014e-03
1.992433e-02
2.775114e-02
2.942026e-02
2.538961e-02
1.722362e-02
9.116531e-03
5.368505e-03
7.133775e-03
1.018119e-02
1.010993e-02
5.452815e-03
-5.312497e-03
-1.778957e-02
-2.855539e-02
-3.225666e-02
-2.816053e-02
-1.955383e-02
-1.165254e-02
-8.397470e-03
-8.721611e-03
-1.086049e-02
-1.374846e-02
-1.707014e-02
-1.991572e-02
-1.854743e-02
-9.719959e-03
5.368524e-03
1.976371e-02
2.696314e-02
2.733821e-02
2.217763e-02
1.360958e-02
3.005679e-03
-6.157515e-03
-1.081788e-02
-1.077144e-02
-8.153920e-03
-3.419857e-03
2.770234e-03
8.788127e-03
1.416348e-02
1.827516e-02
2.146012e-02
2.278869e-02
2.340050e-02
2.387326e-02
2.356159e-02
2.226089e-02
1.856145e-02
9.390197e-03
-4.456529e-03
-2.266843e-02
-4.134936e-02
-5.299607e-02
-5.616014e-02
-5.224884e-02
-4.273488e-02
-2.856797e-02
-1.368512e-02
5.879399e-04
1.156847e-02
1.783454e-02
2.161638e-02
2.550302e-02
2.818376e-02
2.832177e-02
2.504416e-02
1.807368e-02
1.139525e-02
9.276977e-03
1.498946e-02
2.766372e-02
4.221862e-02
5.155751e-02
5.620177e-02
5.823714e-02
5.829955e-02
5.688988e-02
5.413799e-02
5.129705e-02
4.967237e-02
4.814059e-02
4.430021e-02
3.577696e-02
2.386932e-02
1.533915e-02
1.333890e-02
1.583327e-02
2.003320e-02
2.388281e-02
2.483711e-02
2.157945e-02
1.463752e-02
5.751705e-03
-4.520928e-03
-1.839192e-02
-3.603915e-02
-5.275295e-02
-6.371835e-02
-6.809350e-02
-6.786968e-02
-6.411586e-02
-5.736042e-02
-4.929744e-02
-4.136549e-02
-3.473877e-02
-3.204406e-02
-3.273749e-02
-3.581083e-02
-4.071307e-02
-4.689779e-02
-5.317190e-02
-6.000245e-02
-6.750047e-02
-7.326364e-02
-7.431805e-02
-7.128839e-02
-6.653567e-02
-6.041232e-02
-5.261582e-02
-4.200226e-02
-2.385259e-02
1.372950e-04
1.955300e-02
2.954801e-02
3.246350e-02
3.190665e-02
2.725866e-02
1.648518e-02
4.292243e-03
-6.843287e-03
-1.869655e-02
-3.033746e-02
-3.927639e-02
-4.398967e-02
-4.346122e-02
-3.600832e-02
-2.020462e-02
-2.364001e-03
8.180962e-03
1.290254e-02
1.782276e-02
2.545487e-02
3.238022e-02
3.283254e-02
2.284487e-02
-1.584978e-03
-3.632210e-02
-5.828589e-02
-5.987595e-02
-4.807773e-02
-2.026289e-02
1.503790e-02
3.965286e-02
4.772759e-02
4.383369e-02
3.207712e-02
1.792240e-02
1.177765e-02
1.975004e-02
4.192912e-02
6.725596e-02
8.135629e-02
8.064005e-02
6.571572e-02
3.127398e-02
-1.393305e-02
-3.330060e-02
-2.308389e-02
2.530506e-03
2.917362e-02
4.582638e-02
5.155655e-02
4.699259e-02
3.001086e-02
-2.021436e-03
-3.401890e-02
-4.838825e-02
-4.801891e-02
-4.532139e-02
-4.563101e-02
-4.884215e-02
-5.420500e-02
-6.005199e-02
-6.580094e-02
-6.938483e-02
-6.807306e-02
-6.146975e-02
-4.986255e-02
-3.277575e-02
-1.370720e-02
1.203685e-03
5.705903e-03
1.750559e-03
-3.803383e-03
-4.643942e-03
1.196340e-03
1.213839e-02
2.193405e-02
2.544830e-02
2.353968e-02
1.961833e-02
1.510603e-02
9.093720e-03
9.288906e-04
-7.191869e-03
-1.186529e-02
-1.193716e-02
-7.610709e-03
9.559584e-04
9.207858e-03
1.101872e-02
4.481582e-03
-7.923051e-03
-1.872332e-02
-2.406062e-02
-2.609399e-02
-2.645330e-02
-2.612224e-02
-2.383977e-02
-1.757950e-02
-2.852326e-03
1.822691e-02
3.592718e-02
4.311602e-02
4.341785e-02
3.937500e-02
3.011431e-02
1.655032e-02
2.652176e-03
-4.598517e-03
3.397515e-04
1.945468e-02
4.692469e-02
6.740374e-02
7.413246e-02
7.033407e-02
5.912750e-02
4.598474e-02
3.821345e-02
3.579536e-02
3.320549e-02
2.379464e-02
4.248213e-03
-1.976763e-02
-3.591767e-02
-4.139559e-02
-3.979818e-02
-3.367002e-02
-2.307814e-02
-7.721029e-03
9.376332e-03
2.213233e-02
2.715968e-02
2.594332e-02
2.179782e-02
1.397239e-02
1.578487e-03
-1.123491e-02
-2.013304e-02
-2.353456e-02
-2.192048e-02
-1.872073e-02
-1.361343e-02
-7.245330e-03
-4.251530e-03
-7.678200e-03
-1.733331e-02
-2.837834e-02
-3.479094e-02
-3.429827e-02
-2.661597e-02
-1.045580e-02
1.119389e-02
3.143447e-02
4.410356e-02
4.821444e-02
4.658122e-02
3.990785e-02
2.822387e-02
1.375184e-02
2.070056e-03
-5.364889e-03
-9.093367e-03
-1.158813e-02
-1.284748e-02
-1.148345e-02
-6.686261e-03
3.223863e-03
1.689840e-02
3.086257e-02
4.068444e-02
4.671555e-02
5.100902e-02
5.312546e-02
5.091054e-02
4.584532e-02
4.105700e-02
3.752440e-02
3.238754e-02
2.122290e-02
4.369199e-04
-2.580494e-02
-4.259895e-02
-4.538117e-02
-3.789805e-02
-2.255433e-02
-4.887883e-03
7.302761e-03
1.245943e-02
1.471855e-02
1.539556e-02
1.201756e-02
2.066089e-03
-1.114522e-02
-1.838148e-02
-1.875995e-02
-1.413448e-02
-3.780558e-03
7.831320e-03
1.552650e-02
1.864105e-02
1.847670e-02
1.677601e-02
1.670525e-02
1.969526e-02
2.326093e-02
2.353543e-02
1.663012e-02
-1.839053e-03
-3.043784e-02
-5.494001e-02
-6.360219e-02
-5.804212e-02
-4.353973e-02
-1.898551e-02
4.913084e-03
1.719060e-02
1.446421e-02
7.431756e-04
-1.670141e-02
-2.716609e-02
-2.455846e-02
-1.090862e-02
7.664870e-03
1.903293e-02
1.713688e-02
5.500322e-03
-7.874381e-03
-1.386559e-02
-9.627689e-03
1.408527e-03
1.304464e-02
1.863837e-02
1.589088e-02
5.696594e-03
-9.714349e-03
-2.418636e-02
-3.401039e-02
-3.730210e-02
-3.393797e-02
-2.398041e-02
-9.200796e-03
2.412249e-03
5.087735e-03
9.785609e-04
-6.157638e-03
-1.394629e-02
-2.003790e-02
-2.273610e-02
-2.134589e-02
-1.676695e-02
-1.179146e-02
-8.842153e-03
-9.251360e-03
-1.312930e-02
-2.019142e-02
-2.816877e-02
-3.334396e-02
-3.419386e-02
-3.199182e-02
-2.872101e-02
-2.224172e-02
-8.418436e-03
1.551267e-02
4.121050e-02
5.420662e-02
5.302124e-02
4.437795e-02
3.298797e-02
2.295543e-02
1.932987e-02
2.328007e-02
3.431045e-02
4.384646e-02
4.510573e-02
3.853577e-02
2.990726e-02
2.454146e-02
2.302586e-02
2.387591e-02
2.460410e-02
2.223938e-02
1.472572e-02
1.195576e-03
-1.426225e-02
-2.550659e-02
-3.269418e-02
-3.924697e-02
-4.570881e-02
-5.042176e-02
-5.230330e-02
-5.080125e-02
-4.564038e-02
-3.611818e-02
-2.273099e-02
-1.383336e-02
-1.291023e-02
-1.701254e-02
-2.109354e-02
-2.077755e-02
-1.515647e-02
-6.634927e-03
1.884175e-03
1.147653e-02
2.150514e-02
2.932280e-02
3.344463e-02
3.328174e-02
2.951725e-02
2.312786e-02
1.741864e-02
1.235705e-02
6.793876e-03
1.927295e-03
-2.768068e-03
-7.267999e-03
-1.088926e-02
-1.327084e-02
-1.431247e-02
-1.570672e-02
-1.853308e-02
-2.191209e-02
-2.307824e-02
-2.077732e-02
-1.856944e-02
-1.833266e-02
-1.967670e-02
-2.176093e-02
-2.110333e-02
-1.377328e-02
1.429411e-03
1.820617e-02
2.905051e-02
3.229263e-02
2.803182e-02
1.691057e-02
5.550821e-03
1.238986e-03
6.304396e-03
1.967837e-02
3.401272e-02
4.254698e-02
4.532655e-02
4.354283e-02
3.837056e-02
3.016768e-02
1.839134e-02
3.633599e-03
-7.627351e-03
-1.244194e-02
-1.267989e-02
-1.086315e-02
-8.119951e-03
-5.655814e-03
-3.419165e-03
-2.220251e-03
-2.061489e-03
-4.581412e-04
2.928878e-03
6.524268e-03
9.106310e-03
8.352877e-03
2.315069e-03
-7.951561e-03
-1.784332e-02
-2.310888e-02
-2.574318e-02
-2.569972e-02
-2.199191e-02
-1.850217e-02
-1.783743e-02
-2.126655e-02
-2.795110e-02
-3.433796e-02
-3.656854e-02
-3.160245e-02
-1.638389e-02
4.162100e-03
1.949603e-02
2.500806e-02
2.209979e-02
1.333163e-02
4.715821e-03
3.599563e-03
1.089891e-02
2.104592e-02
2.796121e-02
2.726993e-02
2.043548e-02
1.071377e-02
2.289446e-03
-1.014441e-03
-5.786822e-04
1.191178e-03
1.974394e-03
3.593184e-04
-4.908032e-03
-1.202688e-02
-1.773712e-02
-1.954317e-02
-1.583767e-02
-9.598338e-03
-5.709568e-03
-6.407779e-03
-1.111194e-02
-1.636445e-02
-1.747111e-02
-1.457864e-02
-6.751911e-03
5.657265e-03
1.645582e-02
1.997191e-02
1.439907e-02
9.646668e-04
-1.479928e-02
-2.810440e-02
-3.292842e-02
-2.799244e-02
-1.309904e-02
5.715157e-03
1.775395e-02
2.042932e-02
1.785947e-02
1.325263e-02
1.042027e-02
1.034614e-02
1.076151e-02
1.071607e-02
1.026299e-02
6.969875e-03
-6.167475e-04
-9.049114e-03
-1.308139e-02
-1.009642e-02
-2.830260e-03
5.402755e-03
1.281846e-02
1.780955e-02
2.082885e-02
2.230566e-02
2.102008e-02
1.798821e-02
1.573832e-02
1.666167e-02
2.167969e-02
2.706368e-02
2.893301e-02
2.690263e-02
2.217451e-02
1.431941e-02
3.736803e-03
-1.104326e-02
-2.532539e-02
-3.073293e-02
-2.679920e-02
-1.850964e-02
-1.231950e-02
-1.162453e-02
-1.602440e-02
-2.371954e-02
-3.061796e-02
-3.305597e-02
-3.073007e-02
-2.363603e-02
-1.468725e-02
-7.093316e-03
-2.284342e-03
9.919790e-04
5.258805e-03
1.021317e-02
1.304724e-02
1.379680e-02
1.239176e-02
9.237133e-03
5.504739e-03
3.297014e-03
3.445747e-03
5.277572e-03
7.710459e-03
9.216401e-03
1.003953e-02
1.116535e-02
1.426018e-02
1.860511e-02
2.062996e-02
1.786516e-02
1.160186e-02
4.066243e-03
-2.522709e-03
-7.635783e-03
-1.191312e-02
-1.597251e-02
-1.782930e-02
-1.764426e-02
-1.623510e-02
-1.409661e-02
-1.042445e-02
-4.598877e-03
2.002365e-03
5.174591e-03
4.433350e-03
-1.203771e-03
-9.045289e-03
-1.653302e-02
-2.236908e-02
-2.503129e-02
-2.265849e-02
-1.223296e-02
4.753455e-03
1.897157e-02
2.518098e-02
2.462955e-02
2.128418e-02
1.653719e-02
1.088544e-02
6.333615e-03
4.088970e-03
3.162175e-03
3.181993e-03
4.247010e-03
4.403205e-03
3.618298e-03
2.716984e-03
1.845771e-03
1.185276e-04
-3.886964e-03
-8.233753e-03
-1.047634e-02
-1.167185e-02
-1.500996e-02
-2.087868e-02
-2.852051e-02
-3.469204e-02
-3.810245e-02
-3.978069e-02
-4.110045e-02
-4.311210e-02
-4.518103e-02
-4.616221e-02
-4.513666e-02
-4.216452e-02
-3.734541e-02
-3.002554e-02
-2.222022e-02
-1.590877e-02
-1.251246e-02
-1.023423e-02
-7.583272e-03
-6.324327e-03
-7.120580e-03
-9.940640e-03
-1.427135e-02
-1.743108e-02
-1.745521e-02
-1.433265e-02
-8.353103e-03
-9.681438e-04
5.626038e-03
1.065953e-02
1.392152e-02
1.609205e-02
1.785445e-02
1.939641e-02
2.147541e-02
2.388230e-02
2.611894e-02
2.759268e-02
2.570602e-02
2.037295e-02
1.303704e-02
3.963758e-03
-3.858433e-03
-7.683561e-03
-6.207783e-03
-1.021311e-05
8.745484e-03
1.741399e-02
2.425149e-02
2.740675e-02
2.693664e-02
2.326209e-02
1.723924e-02
1.075673e-02
5.053442e-03
1.306698e-03
-9.644785e-04
-3.951573e-03
-8.066726e-03
-1.117365e-02
-1.170129e-02
-1.040057e-02
-8.033396e-03
-5.403261e-03
-4.394615e-03
-5.400580e-03
-7.631635e-03
-1.098217e-02
-1.362219e-02
-1.516827e-02
-1.657432e-02
-1.778586e-02
-1.824406e-02
-1.862123e-02
-1.747321e-02
-1.332349e-02
-8.119527e-03
-3.096879e-03
1.285333e-03
4.553792e-03
7.100537e-03
1.116431e-02
1.753852e-02
2.363529e-02
2.639136e-02
2.622763e-02
2.435272e-02
2.246964e-02
2.210353e-02
2.239090e-02
2.247116e-02
2.277335e-02
2.201173e-02
1.883841e-02
1.412971e-02
9.963878e-03
7.829808e-03
7.010254e-03
6.730987e-03
5.528770e-03
2.555924e-03
-6.018489e-04
-3.016221e-03
-3.303842e-03
-4.557667e-04
4.135252e-03
8.059216e-03
9.457112e-03
8.672497e-03
7.300515e-03
6.497651e-03
7.203303e-03
9.912051e-03
1.310873e-02
1.521606e-02
1.632323e-02
1.692925e-02
1.845089e-02
2.315733e-02
3.061741e-02
3.853096e-02
4.486551e-02
4.706649e-02
4.453006e-02
3.887564e-02
3.084783e-02
2.359472e-02
2.088377e-02
2.286256e-02
2.789662e-02
3.388021e-02
3.839935e-02
4.070106e-02
4.045988e-02
3.676628e-02
2.983324e-02
2.081476e-02
1.108670e-02
3.115204e-03
-2.663655e-03
-7.880085e-03
-1.360433e-02
-2.125694e-02
-3.114125e-02
-4.326581e-02
-5.334935e-02
-5.932011e-02
-6.011447e-02
-5.637927e-02
-5.094350e-02
-4.523653e-02
-3.972534e-02
-3.417587e-02
-2.774953e-02
-1.910918e-02
-7.483195e-03
5.848299e-03
1.676626e-02
2.244392e-02
2.346750e-02
2.251867e-02
2.079707e-02
2.040837e-02
2.151535e-02
2.246440e-02
2.150718e-02
1.857243e-02
1.438721e-02
9.121715e-03
3.295942e-03
-9.859994e-04
-1.831684e-03
1.250477e-03
5.768351e-03
8.851896e-03
9.322643e-03
8.797774e-03
8.114776e-03
9.151570e-03
1.376012e-02
2.117521e-02
2.871284e-02
3.489367e-02
3.657152e-02
3.417965e-02
3.084438e-02
2.926002e-02
3.105876e-02
3.740770e-02
4.667958e-02
5.413557e-02
5.759060e-02
5.690183e-02
5.236696e-02
4.491058e-02
3.560367e-02
2.449165e-02
1.106279e-02
-4.736585e-03
-2.055160e-02
-3.333414e-02
-4.292183e-02
-4.953981e-02
-5.255521e-02
-5.281795e-02
-5.193308e-02
-5.200424e-02
-5.360474e-02
-5.579930e-02
-5.761667e-02
-5.849253e-02
-5.905092e-02
-5.937405e-02
-5.782337e-02
-5.412575e-02
-4.734278e-02
-3.865931e-02
-2.986315e-02
-2.384643e-02
-2.096430e-02
-2.066504e-02
-2.207340e-02
-2.305089e-02
-2.340667e-02
-2.264461e-02
-2.094504e-02
-1.982798e-02
-1.919977e-02
-1.849407e-02
-1.686456e-02
-1.379338e-02
-9.947104e-03
-7.627322e-03
-8.056616e-03
-1.161334e-02
-1.803908e-02
-2.513235e-02
-3.076117e-02
-3.397551e-02
-3.393083e-02
-2.974633e-02
-2.217345e-02
-1.561112e-02
-1.118529e-02
-9.033790e-03
-8.522543e-03
-8.139923e-03
-6.212224e-03
-2.652556e-03
2.151857e-03
7.158493e-03
1.147198e-02
1.595785e-02
1.926385e-02
2.140338e-02
2.297286e-02
2.516252e-02
2.850021e-02
3.226595e-02
3.519151e-02
3.571997e-02
3.454365e-02
3.337938e-02
3.260137e-02
3.188325e-02
3.109492e-02
2.834953e-02
2.353352e-02
1.771530e-02
1.224944e-02
8.512337e-03
7.419138e-03
8.753245e-03
1.133942e-02
1.391883e-02
1.606420e-02
1.653519e-02
1.512438e-02
1.120770e-02
5.322639e-03
-2.359390e-04
-4.005024e-03
-7.934378e-03
-1.432318e-02
-2.128754e-02
-2.641221e-02
-2.838071e-02
-2.776714e-02
-2.599385e-02
-2.412348e-02
-2.312047e-02
-2.372922e-02
-2.568740e-02
-2.753391e-02
-2.748945e-02
-2.646836e-02
-2.542814e-02
-2.394404e-02
-2.129669e-02
-1.679909e-02
-1.053285e-02
-2.423886e-03
6.678679e-03
1.560472e-02
2.269352e-02
2.821534e-02
3.102971e-02
3.108245e-02
2.859547e-02
2.403453e-02
1.763506e-02
1.084094e-02
5.184565e-03
1.356500e-04
-4.673674e-03
-9.466022e-03
-1.426648e-02
-1.853572e-02
-2.132623e-02
-2.207717e-02
-2.129574e-02
-2.045772e-02
-2.152786e-02
-2.419953e-02
-2.557483e-02
-2.485870e-02
-2.156684e-02
-1.617775e-02
-1.007856e-02
-4.149712e-03
4.696312e-04
4.834338e-03
1.041727e-02
1.657153e-02
2.191588e-02
2.750534e-02
3.282080e-02
3.608607e-02
3.740278e-02
3.661398e-02
3.343986e-02
2.798037e-02
2.117124e-02
1.518255e-02
1.126967e-02
9.858975e-03
9.702835e-03
8.737977e-03
5.843809e-03
1.346066e-03
-3.560759e-03
-8.354594e-03
-1.256142e-02
-1.622693e-02
-1.934180e-02
-2.210601e-02
-2.509315e-02
-2.730444e-02
-2.728231e-02
-2.527236e-02
-2.236087e-02
-1.852942e-02
-1.464572e-02
-1.121083e-02
-6.543320e-03
-4.194819e-04
4.549288e-03
6.945655e-03
6.535335e-03
2.874319e-03
-2.800967e-03
-7.251756e-03
-1.000199e-02
-1.159325e-02
-1.088727e-02
-7.779539e-03
-4.181345e-03
1.322296e-03
9.226703e-03
1.714510e-02
2.360831e-02
2.797254e-02
3.125916e-02
3.254281e-02
3.165027e-02
2.908203e-02
2.601990e-02
2.237021e-02
1.880541e-02
1.637338e-02
1.467122e-02
1.314617e-02
1.228282e-02
1.203443e-02
1.274082e-02
1.406656e-02
1.583762e-02
1.673265e-02
1.548346e-02
1.326355e-02
1.072892e-02
7.654927e-03
5.136652e-03
3.859368e-03
3.891028e-03
3.720733e-03
2.547071e-03
1.640771e-03
2.219652e-03
5.039987e-03
9.129694e-03
1.303816e-02
1.620433e-02
1.792911e-02
1.842936e-02
1.898765e-02
1.926732e-02
1.970999e-02
2.105210e-02
2.114595e-02
1.895895e-02
1.540126e-02
1.144990e-02
6.480959e-03
6.684642e-04
-4.303662e-03
-7.323638e-03
-9.814272e-03
-1.265708e-02
-1.558005e-02
-1.814167e-02
-1.965161e-02
-1.971138e-02
-1.872586e-02
-1.633944e-02
-1.129236e-02
-5.215277e-03
5.164780e-04
4.667665e-03
7.151078e-03
8.802320e-03
9.518052e-03
9.514080e-03
9.454267e-03
9.204348e-03
7.627366e-03
4.359965e-03
4.955059e-04
-3.031416e-03
-5.480741e-03
-7.088311e-03
-7.058427e-03
-5.645519e-03
-4.102673e-03
-2.418768e-03
-2.412121e-03
-3.861542e-03
-6.900859e-03
-1.049167e-02
-1.380129e-02
-1.696505e-02
-1.958819e-02
-2.093079e-02
-2.041135e-02
-1.799083e-02
-1.421389e-02
-1.132898e-02
-1.056198e-02
-1.055100e-02
-1.131814e-02
-1.230497e-02
-1.317656e-02
-1.406910e-02
-1.428207e-02
-1.255255e-02
-8.278010e-03
-1.453963e-03
6.388076e-03
1.352073e-02
1.766600e-02
1.946142e-02
2.007723e-02
1.927670e-02
1.729003e-02
1.383762e-02
8.932438e-03
3.468363e-03
-2.064085e-03
-6.735441e-03
-1.035025e-02
-1.263449e-02
-1.338771e-02
-1.238509e-02
-1.024533e-02
-8.008577e-03
-6.440700e-03
-6.010998e-03
-6.046285e-03
-5.203305e-03
-4.032585e-03
-3.439525e-03
-3.982826e-03
-5.800501e-03
-8.220222e-03
-1.020394e-02
-9.102294e-03
-3.730482e-03
4.523572e-03
1.424518e-02
2.200088e-02
2.838382e-02
3.263891e-02
3.372230e-02
3.208752e-02
2.743578e-02
1.882310e-02
8.365256e-03
-2.649344e-03
-1.415798e-02
-2.532620e-02
-3.535720e-02
-4.237672e-02
-4.492910e-02
-4.453463e-02
-4.130895e-02
-3.684058e-02
-3.308123e-02
-3.049257e-02
-2.874958e-02
-2.740007e-02
-2.632824e-02
-2.544713e-02
-2.489641e-02
-2.489319e-02
-2.443829e-02
-2.236087e-02
-1.872480e-02
-1.524220e-02
-1.206370e-02
-9.623265e-03
-8.446044e-03
-6.929344e-03
-4.668823e-03
-2.140290e-03
-1.325613e-04
1.037133e-03
2.195769e-03
3.292075e-03
5.168121e-03
7.764451e-03
1.191552e-02
1.690229e-02
2.036334e-02
2.113048e-02
1.943502e-02
1.568013e-02
1.020101e-02
4.963888e-03
2.102954e-03
1.004925e-03
1.649927e-03
3.393337e-03
5.239101e-03
5.920350e-03
5.697559e-03
4.887119e-03
4.203048e-03
3.687627e-03
3.752976e-03
4.214239e-03
5.176330e-03
6.074945e-03
6.226602e-03
5.406337e-03
3.811397e-03
3.538473e-03
4.031142e-03
5.291995e-03
6.498332e-03
6.610787e-03
6.438433e-03
6.506323e-03
6.597750e-03
6.317978e-03
4.943560e-03
3.484744e-03
1.559090e-03
-2.369319e-03
-8.120760e-03
-1.375329e-02
-1.714454e-02
-1.748483e-02
-1.564320e-02
-1.255197e-02
-8.775861e-03
-4.956085e-03
-1.799452e-03
1.656771e-04
1.284312e-03
2.284626e-03
2.636073e-03
3.401842e-03
4.906235e-03
5.299350e-03
5.020659e-03
4.780245e-03
5.460640e-03
8.772872e-03
1.289475e-02
1.603721e-02
1.802746e-02
1.959117e-02
2.131693e-02
2.295987e-02
2.385352e-02
2.375500e-02
2.250246e-02
2.019971e-02
1.786717e-02
1.696945e-02
1.858129e-02
2.208540e-02
2.626455e-02
2.940625e-02
3.160753e-02
3.297519e-02
3.427327e-02
3.663506e-02
3.911212e-02
4.131326e-02
4.282145e-02
4.293466e-02
4.277970e-02
4.137630e-02
3.779868e-02
3.373253e-02
2.921570e-02
2.278780e-02
1.379657e-02
2.693519e-03
-8.953574e-03
-1.942332e-02
-2.667833e-02
-2.998853e-02
-3.142801e-02
-3.215943e-02
-3.212149e-02
-3.189793e-02
-3.179086e-02
-3.099325e-02
-2.908649e-02
-2.756496e-02
-2.682680e-02
-2.761840e-02
-3.027978e-02
-3.323639e-02
-3.498817e-02
-3.523925e-02
-3.490855e-02
-3.354506e-02
-3.234281e-02
-3.225159e-02
-3.210909e-02
-3.221100e-02
-3.231874e-02
-3.224118e-02
-3.218706e-02
-3.199719e-02
-3.064132e-02
-3.026033e-02
-3.161388e-02
-3.218389e-02
-3.192368e-02
-3.122665e-02
-2.957625e-02
-2.722050e-02
-2.454246e-02
-2.320684e-02
-2.377025e-02
-2.483809e-02
-2.625408e-02
-2.670009e-02
-2.481285e-02
-2.078383e-02
-1.550011e-02
-9.824274e-03
-4.036879e-03
5.590726e-04
3.553595e-03
4.461020e-03
4.226371e-03
3.621866e-03
3.773670e-03
4.637579e-03
6.000685e-03
6.933364e-03
6.303337e-03
4.468965e-03
2.907727e-03
2.154514e-03
2.166325e-03
2.684773e-03
4.004140e-03
5.525521e-03
7.234491e-03
8.933712e-03
1.054398e-02
1.217708e-02
1.258552e-02
1.246605e-02
1.361742e-02
1.542258e-02
1.715197e-02
1.808970e-02
1.840898e-02
1.767259e-02
1.653341e-02
1.532830e-02
1.501337e-02
1.522772e-02
1.527497e-02
1.576011e-02
1.761629e-02
2.021147e-02
2.361474e-02
2.728546e-02
2.941308e-02
2.979486e-02
2.816798e-02
2.545368e-02
2.249888e-02
1.937102e-02
1.718397e-02
1.486706e-02
1.201276e-02
9.137110e-03
6.351767e-03
2.941514e-03
-1.348185e-04
-3.007022e-03
-6.982664e-03
-1.114694e-02
-1.427836e-02
-1.687813e-02
-1.884477e-02
-2.027049e-02
-2.079195e-02
-2.024545e-02
-1.934592e-02
-1.797449e-02
-1.845738e-02
-2.005677e-02
-2.122371e-02
-2.165389e-02
-1.951411e-02
-1.546367e-02
-1.073445e-02
-6.291737e-03
-3.284754e-03
-2.081775e-03
-2.119234e-03
-2.539888e-03
-3.696237e-03
-4.596301e-03
-4.558019e-03
-4.441988e-03
-5.277248e-03
-7.664206e-03
-9.954776e-03
-1.189519e-02
-1.343168e-02
-1.132143e-02
-5.428903e-03
2.214698e-03
9.956839e-03
1.581809e-02
1.984694e-02
2.226837e-02
2.323013e-02
2.343724e-02
2.476691e-02
2.635947e-02
2.829031e-02
2.995632e-02
3.075855e-02
3.078464e-02
3.049593e-02
2.973018e-02
2.984318e-02
3.102967e-02
3.259822e-02
3.345625e-02
3.336549e-02
3.297431e-02
3.169678e-02
3.024037e-02
2.901685e-02
2.986198e-02
3.161605e-02
3.286344e-02
3.376342e-02
3.394880e-02
3.331952e-02
3.131457e-02
2.912582e-02
2.814009e-02
2.881325e-02
2.946112e-02
2.917808e-02
2.771035e-02
2.375151e-02
1.736894e-02
9.352962e-03
1.602459e-03
-4.526766e-03
-8.161979e-03
-9.338442e-03
-9.145675e-03
-9.100399e-03
-1.065137e-02
-1.368416e-02
-1.662342e-02
-1.883305e-02
-1.920262e-02
-1.766924e-02
-1.501239e-02
-1.203051e-02
-1.061784e-02
-1.081284e-02
-1.090489e-02
-1.034986e-02
-9.020605e-03
-6.944373e-03
-5.561602e-03
-6.167681e-03
-7.724302e-03
-9.547230e-03
-1.220573e-02
-1.477478e-02
-1.563442e-02
-1.606933e-02
-1.639954e-02
-1.670678e-02
-1.743180e-02
-1.856003e-02
-1.944768e-02
-1.979156e-02
-1.963066e-02
-1.949645e-02
-1.952528e-02
-1.950004e-02
-1.943192e-02
-1.936722e-02
-1.928607e-02
-1.860922e-02
-1.647712e-02
-1.340282e-02
-1.051371e-02
-8.981978e-03
-1.024080e-02
-1.312106e-02
-1.696920e-02
-2.154605e-02
-2.545880e-02
-2.793171e-02
-2.885562e-02
-3.007557e-02
-3.127835e-02
-3.279540e-02
-3.421130e-02
-3.630985e-02
-3.795294e-02
-3.810433e-02
-3.764467e-02
-3.678544e-02
-3.555397e-02
-3.342475e-02
-3.047703e-02
-2.723748e-02
-2.247757e-02
-1.726093e-02
-1.314081e-02
-8.029055e-03
-2.936620e-03
3.138882e-04
2.329666e-03
4.819460e-03
7.234250e-03
9.477995e-03
1.280850e-02
1.695276e-02
2.047813e-02
2.333136e-02
2.518272e-02
2.603124e-02
2.616642e-02
2.638801e-02
2.685840e-02
2.747508e-02
2.761660e-02
2.752255e-02
2.728708e-02
2.654693e-02
2.643361e-02
2.728061e-02
2.771171e-02
2.709396e-02
2.524699e-02
2.294965e-02
2.037327e-02
1.818459e-02
1.704737e-02
1.655243e-02
1.686723e-02
1.824948e-02
1.986737e-02
2.057775e-02
2.084804e-02
2.097947e-02
2.055051e-02
2.003433e-02
2.002989e-02
2.006602e-02
1.919944e-02
1.675223e-02
1.409082e-02
1.250604e-02
1.151987e-02
1.030998e-02
1.006705e-02
1.023451e-02
9.496665e-03
7.817048e-03
5.362401e-03
1.501470e-03
-2.659492e-03
-5.260016e-03
-6.968542e-03
-8.736069e-03
-9.708619e-03
-1.099387e-02
-1.281716e-02
-1.450871e-02
-1.630939e-02
-1.854636e-02
-2.030773e-02
-2.146507e-02
-2.219860e-02
-2.264141e-02
-2.179105e-02
-2.043178e-02
-1.893119e-02
-1.661845e-02
-1.357767e-02
-1.064010e-02
-7.769135e-03
-5.568689e-03
-3.049609e-03
7.812460e-04
4.872002e-03
8.120491e-03
9.759845e-03
9.849186e-03
9.466494e-03
8.153565e-03
7.063118e-03
7.080287e-03
7.532196e-03
8.431239e-03
9.460866e-03
1.053723e-02
1.215876e-02
1.323327e-02
1.273992e-02
1.165864e-02
1.017649e-02
8.376769e-03
5.899728e-03
2.868936e-03
-6.690366e-04
-4.098082e-03
-6.673641e-03
-7.837618e-03
-8.113706e-03
-8.667804e-03
-8.132999e-03
-6.825215e-03
-4.921319e-03
-2.403431e-03
-3.772055e-04
1.405840e-03
2.972423e-03
3.313518e-03
3.098902e-03
2.983817e-03
2.281288e-03
1.691890e-03
1.009580e-03
-5.709814e-04
-2.230058e-03
-4.242921e-03
-5.842269e-03
-6.872990e-03
-8.872308e-03
-1.118259e-02
-1.358075e-02
-1.679691e-02
-2.112774e-02
-2.565770e-02
-2.956023e-02
-3.251841e-02
-3.394209e-02
-3.381392e-02
-3.237423e-02
-3.134372e-02
-3.155846e-02
-3.249651e-02
-3.403436e-02
-3.550099e-02
-3.627890e-02
-3.659735e-02
-3.609858e-02
-3.432140e-02
-3.243472e-02
-3.124275e-02
-3.007024e-02
-2.835141e-02
-2.608830e-02
-2.340517e-02
-1.978292e-02
-1.507147e-02
-1.031894e-02
-4.303903e-03
5.329625e-04
2.797141e-03
3.177365e-03
3.168382e-03
3.347161e-03
3.119419e-03
2.926030e-03
2.287555e-03
1.188034e-03
3.045137e-04
2.201963e-04
7.867643e-04
2.124168e-03
3.831691e-03
5.615772e-03
6.644522e-03
7.237248e-03
6.972539e-03
5.573180e-03
3.952563e-03
2.562837e-03
1.759333e-03
1.335411e-03
1.181660e-03
1.190736e-03
1.766528e-03
2.978195e-03
5.145320e-03
7.245416e-03
9.093619e-03
1.053204e-02
1.088116e-02
1.165558e-02
1.320928e-02
1.547261e-02
1.836212e-02
2.089115e-02
2.176242e-02
2.176589e-02
2.098267e-02
1.871727e-02
1.612382e-02
1.429177e-02
1.333255e-02
1.316803e-02
1.358129e-02
1.361125e-02
1.280990e-02
1.237989e-02
1.289882e-02
1.355411e-02
1.372442e-02
1.451401e-02
1.634419e-02
1.859379e-02
1.996801e-02
2.075216e-02
2.161484e-02
2.197167e-02
2.221696e-02
2.333623e-02
2.423672e-02
2.420781e-02
2.355816e-02
2.287256e-02
2.250537e-02
2.196301e-02
2.075920e-02
1.971951e-02
1.805435e-02
1.576866e-02
1.374924e-02
1.245723e-02
1.172636e-02
1.151021e-02
1.147003e-02
1.134341e-02
1.055590e-02
9.061465e-03
6.522690e-03
4.572455e-03
3.086370e-03
1.833608e-03
7.548186e-04
1.475783e-04
1.629999e-04
2.416866e-04
1.111375e-04
-1.562527e-04
6.972441e-04
2.626738e-03
4.264217e-03
6.124924e-03
8.025370e-03
8.837593e-03
9.468945e-03
1.018306e-02
1.141523e-02
1.295736e-02
1.468922e-02
1.593288e-02
1.570367e-02
1.479606e-02
1.407661e-02
1.276592e-02
1.016473e-02
7.384953e-03
4.674828e-03
2.377372e-03
4.962159e-04
-9.085202e-04
-2.106593e-03
-3.942585e-03
-5.666682e-03
-7.179542e-03
-8.948612e-03
-1.069495e-02
-1.221498e-02
-1.308800e-02
-1.344359e-02
-1.423225e-02
-1.456730e-02
-1.436549e-02
-1.356522e-02
-1.258374e-02
-1.206115e-02
-1.171562e-02
-1.111188e-02
-1.097203e-02
-1.108139e-02
-1.118755e-02
-1.218567e-02
-1.434285e-02
-1.626872e-02
-1.826183e-02
-2.023904e-02
-2.158708e-02
-2.305296e-02
-2.378171e-02
-2.365536e-02
-2.356217e-02
-2.370666e-02
-2.383692e-02
-2.383323e-02
-2.388577e-02
-2.456460e-02
-2.513130e-02
-2.506639e-02
-2.451448e-02
-2.334523e-02
-2.275755e-02
-2.278931e-02
-2.229027e-02
-2.192560e-02
-2.083374e-02
-1.891062e-02
-1.692172e-02
-1.523684e-02
-1.399672e-02
-1.344545e-02
-1.353757e-02
-1.361889e-02
-1.357792e-02
-1.296414e-02
-1.091600e-02
-8.373277e-03
-6.187907e-03
-4.025116e-03
-2.010626e-03
3.371702e-05
2.129143e-03
4.045662e-03
6.259731e-03
8.272898e-03
9.968247e-03
1.099102e-02
1.141438e-02
1.138681e-02
1.127121e-02
1.125005e-02
1.126442e-02
1.126112e-02
1.124383e-02
1.114111e-02
1.077676e-02
9.479708e-03
7.064602e-03
4.605681e-03
2.903890e-03
1.440013e-03
6.948162e-05
-1.232794e-03
-2.107280e-03
-2.785237e-03
-3.005836e-03
-3.657540e-03
-4.177747e-03
-4.401203e-03
-4.163091e-03
-3.709384e-03
-3.062092e-03
-2.291958e-03
-1.059892e-03
1.753508e-04
1.534987e-03
1.893283e-03
2.249525e-03
3.427591e-03
4.025023e-03
3.760890e-03
3.208015e-03
2.516889e-03
2.328734e-03
2.383672e-03
2.431213e-03
2.999824e-03
3.723902e-03
4.719346e-03
5.692932e-03
6.895018e-03
8.848340e-03
1.039107e-02
1.150707e-02
1.244753e-02
1.287496e-02
1.249590e-02
1.155757e-02
1.121740e-02
1.133178e-02
1.086377e-02
9.742817e-03
8.714127e-03
7.356173e-03
5.261598e-03
3.115967e-03
1.174124e-03
-6.568235e-04
-1.954287e-03
-2.576576e-03
-2.077372e-03
-1.520039e-03
-1.103733e-03
9.046734e-04
2.230308e-03
2.886365e-03
4.141693e-03
5.194154e-03
6.585350e-03
8.198656e-03
1.007595e-02
1.109679e-02
1.128383e-02
1.118995e-02
1.114113e-02
1.063737e-02
9.962707e-03
1.023187e-02
1.083388e-02
1.105161e-02
1.086646e-02
1.053049e-02
9.743790e-03
9.222972e-03
9.109509e-03
9.420212e-03
1.000022e-02
1.126728e-02
1.302074e-02
1.411460e-02
1.395375e-02
1.283591e-02
1.086757e-02
8.820563e-03
7.140498e-03
5.539049e-03
5.034693e-03
5.109686e-03
5.039417e-03
5.530957e-03
7.030521e-03
8.335948e-03
9.438649e-03
1.035945e-02
1.177573e-02
1.212489e-02
1.182424e-02
1.112765e-02
9.589781e-03
9.007795e-03
8.733153e-03
7.428880e-03
6.264166e-03
4.828880e-03
3.546631e-03
2.048907e-03
1.348876e-03
1.483337e-03
1.111761e-03
3.497242e-05
-9.857635e-04
-1.287658e-03
-1.854451e-03
-3.189778e-03
-3.886563e-03
-3.808946e-03
-3.993619e-03
-4.336353e-03
-4.489066e-03
-4.258453e-03
-3.638505e-03
-1.966606e-03
3.194035e-04
2.482754e-03
3.300378e-03
3.055860e-03
2.933156e-03
2.943408e-03
2.905161e-03
2.774565e-03
2.690876e-03
2.648849e-03
2.609046e-03
2.256181e-03
7.272683e-04
-6.474051e-04
-1.200300e-03
-6.307066e-04
6.988661e-05
9.966891e-04
1.975240e-03
1.185619e-03
-5.993469e-04
-2.393928e-03
-3.590045e-03
-4.774313e-03
-5.591358e-03
-6.133618e-03
-7.146785e-03
-7.708994e-03
-6.586678e-03
-5.415618e-03
-4.172468e-03
-2.612435e-03
-1.121636e-03
-2.242550e-04
-1.270945e-04
-1.318124e-03
-3.455325e-03
-5.849828e-03
-8.121939e-03
-1.050005e-02
-1.269523e-02
-1.376433e-02
-1.369422e-02
-1.357981e-02
-1.369401e-02
-1.374446e-02
-1.351835e-02
-1.271163e-02
-1.174568e-02
-1.142979e-02
-1.161980e-02
-1.172882e-02
-1.172704e-02
-1.172074e-02
-1.176204e-02
-1.182684e-02
-1.207263e-02
-1.217294e-02
-1.199959e-02
-1.223214e-02
-1.239701e-02
-1.215139e-02
-1.197441e-02
-1.108578e-02
-9.660518e-03
-7.667643e-03
-5.495438e-03
-3.642843e-03
-1.524040e-03
-1.169127e-04
-9.878871e-05
-4.428981e-04
-1.888643e-03
-4.506583e-03
-6.702897e-03
-8.579067e-03
-1.017618e-02
-1.053121e-02
-1.033791e-02
-1.038023e-02
-1.046672e-02
-1.045399e-02
-1.024911e-02
-1.026748e-02
-1.068304e-02
-1.081249e-02
-1.085985e-02
-1.158957e-02
-1.216734e-02
-1.290259e-02
-1.395392e-02
-1.466562e-02
-1.490185e-02
-1.528801e-02
-1.583009e-02
-1.602910e-02
-1.596375e-02
-1.599495e-02
-1.606623e-02
-1.607466e-02
-1.605421e-02
-1.543014e-02
-1.502907e-02
-1.511684e-02
-1.467672e-02
-1.355136e-02
-1.199455e-02
-1.110210e-02
-9.882776e-03
-8.508627e-03
-6.877324e-03
-5.304330e-03
-3.807207e-03
-2.113974e-03
-4.388916e-04
6.961013e-04
1.949798e-03
2.784171e-03
2.708757e-03
2.314681e-03
1.452926e-03
3.903626e-04
-6.415751e-06
1.041149e-04
8.513365e-05
-3.960830e-05
-6.635723e-05
9.596922e-04
2.976186e-03
5.018078e-03
6.825642e-03
8.658205e-03
1.068303e-02
1.256096e-02
1.420732e-02
1.630420e-02
1.921482e-02
2.186314e-02
2.424741e-02
2.624587e-02
2.664438e-02
2.638000e-02
2.627698e-02
2.622361e-02
2.620375e-02
2.624708e-02
2.684176e-02
2.703682e-02
2.602767e-02
2.417394e-02
2.172628e-02
1.920507e-02
1.708789e-02
1.552417e-02
1.398119e-02
1.318041e-02
1.216953e-02
1.124981e-02
1.119062e-02
1.128666e-02
1.114364e-02
1.106612e-02
1.110594e-02
1.157625e-02
1.194702e-02
1.217858e-02
1.204512e-02
1.122341e-02
1.079768e-02
1.137923e-02
1.217345e-02
1.285055e-02
1.325185e-02
1.354309e-02
1.472227e-02
1.569015e-02
1.563993e-02
1.602787e-02
1.761345e-02
1.839122e-02
1.947103e-02
1.996902e-02
1.918909e-02
1.810205e-02
1.685211e-02
1.573155e-02
1.444218e-02
1.266732e-02
1.130486e-02
1.047693e-02
9.080718e-03
7.352126e-03
5.999521e-03
5.436772e-03
4.612575e-03
3.265288e-03
2.789740e-03
1.942241e-03
8.167834e-04
5.827646e-04
1.342959e-04
-1.217591e-03
-1.992144e-03
-1.895204e-03
-1.791140e-03
-1.838031e-03
-2.118424e-03
-3.480234e-03
-4.350078e-03
-4.266363e-03
-4.884359e-03
-5.719212e-03
-5.845597e-03
-6.939511e-03
-8.722272e-03
-1.070412e-02
-1.279937e-02
-1.465457e-02
-1.602231e-02
-1.708344e-02
-1.865616e-02
-2.015728e-02
-2.050683e-02
-2.025990e-02
-2.040288e-02
-2.123258e-02
-2.159966e-02
-2.152104e-02
-2.153223e-02
-2.122050e-02
-2.044354e-02
-2.024532e-02
-1.963717e-02
-1.804322e-02
-1.741929e-02
-1.697294e-02
-1.630538e-02
-1.558444e-02
-1.484902e-02
-1.341542e-02
-1.271968e-02
-1.209433e-02
-1.179402e-02
-1.186319e-02
-1.193400e-02
-1.197598e-02
-1.199021e-02
-1.198759e-02
-1.198728e-02
-1.198955e-02
-1.182936e-02
-1.044716e-02
-8.995060e-03
-7.591950e-03
-6.368925e-03
-4.886861e-03
-3.675062e-03
-2.467950e-03
-1.264287e-03
1.371608e-04
1.014343e-03
1.313695e-03
6.356919e-04
-1.865657e-04
-1.301758e-03
-2.446400e-03
-2.909319e-03
-3.499006e-03
-3.685747e-03
-3.855223e-03
-4.637090e-03
-5.184995e-03
-6.140287e-03
-6.068883e-03
-4.873073e-03
-4.621135e-03
-4.690139e-03
-3.445412e-03
-2.280818e-03
-1.930400e-03
-8.290151e-04
2.422460e-04
1.683690e-03
3.570785e-03
5.181427e-03
6.804540e-03
7.682787e-03
8.853106e-03
9.791611e-03
9.764152e-03
9.298414e-03
8.162584e-03
7.206065e-03
7.154588e-03
7.296677e-03
7.260520e-03
7.165693e-03
7.135507e-03
6.753328e-03
6.074090e-03
5.565728e-03
4.842145e-03
4.379040e-03
3.740286e-03
3.444933e-03
2.690121e-03
1.222773e-03
8.241075e-04
1.056796e-03
1.082609e-03
6.009286e-04
-6.220955e-04
-1.888850e-03
-3.451595e-03
-4.684446e-03
-5.875824e-03
-6.597958e-03
-7.236250e-03
-7.550493e-03
-7.493029e-03
-7.439159e-03
-7.423116e-03
-6.811998e-03
-6.281860e-03
-6.322467e-03
-6.411279e-03
-6.386308e-03
-6.371407e-03
-6.380482e-03
-6.378437e-03
-6.449244e-03
-6.484388e-03
-5.875072e-03
-4.481347e-03
-3.215806e-03
-1.799122e-03
-1.303439e-03
-1.483256e-03
-1.871149e-03
-3.376339e-03
-4.719356e-03
-5.301715e-03
-5.973399e-03
-6.569347e-03
-6.567957e-03
-6.480323e-03
-6.976948e-03
-8.072727e-03
-8.974450e-03
-9.033980e-03
-8.871780e-03
-8.779722e-03
-8.117890e-03
-7.618605e-03
-7.665662e-03
-7.828943e-03
-7.914587e-03
-7.482578e-03
-6.493144e-03
-5.065328e-03
-3.151971e-03
-1.189669e-03
3.588856e-05
6.347462e-04
5.838816e-04
3.395506e-04
-3.209983e-04
-6.530954e-04
8.337307e-05
6.997881e-04
7.199682e-04
1.358829e-03
1.906605e-03
1.819188e-03
1.255391e-03
2.687553e-04
-6.411027e-04
-8.398704e-04
-7.212155e-04
-6.857555e-04
-6.998310e-04
-2.568647e-04
4.000989e-04
9.597213e-04
1.678999e-03
2.800707e-03
4.124387e-03
5.481134e-03
6.855159e-03
8.126697e-03
7.925624e-03
6.758397e-03
6.252027e-03
5.804564e-03
5.215623e-03
4.612606e-03
3.947102e-03
3.981623e-03
4.451402e-03
4.386457e-03
4.216252e-03
3.923254e-03
3.678542e-03
2.681921e-03
1.807313e-03
2.504411e-03
3.791527e-03
4.014466e-03
4.903762e-03
6.183289e-03
6.322813e-03
6.159315e-03
6.218224e-03
6.256030e-03
6.551895e-03
7.432817e-03
8.426893e-03
8.665377e-03
8.527230e-03
8.520338e-03
9.046121e-03
1.034064e-02
1.103083e-02
1.120053e-02
1.266572e-02
1.337782e-02
1.243174e-02
1.184425e-02
1.198501e-02
1.152409e-02
1.061863e-02
9.628444e-03
8.497088e-03
7.760516e-03
6.358853e-03
5.011180e-03
3.791278e-03
3.077588e-03
2.916234e-03
2.527033e-03
1.256763e-03
5.907464e-04
-3.699510e-05
-1.251687e-03
-1.789783e-03
-2.372650e-03
-3.366282e-03
-3.162361e-03
-1.879665e-03
-1.560971e-03
-1.772905e-03
-1.730532e-03
-1.648168e-03
-1.663251e-03
-1.679283e-03
-1.673280e-03
-1.665794e-03
-7.697440e-04
8.123374e-04
2.325639e-03
3.147389e-03
3.095769e-03
2.983518e-03
3.124229e-03
3.913818e-03
4.894266e-03
5.408475e-03
5.566973e-03
6.884393e-03
8.008983e-03
7.944845e-03
7.762214e-03
7.812937e-03
7.811295e-03
7.677195e-03
6.912373e-03
6.230561e-03
6.255203e-03
6.041151e-03
5.105515e-03
3.479370e-03
1.397259e-03
-9.113784e-04
-2.527113e-03
-3.361314e-03
-3.441404e-03
-3.345475e-03
-3.353652e-03
-3.555022e-03
-4.445117e-03
-5.595816e-03
-6.142828e-03
-5.494777e-03
-4.332334e-03
-3.527253e-03
-3.482940e-03
-3.606237e-03
-4.136575e-03
-4.965497e-03
-5.798162e-03
-6.245791e-03
-6.079284e-03
-5.408393e-03
-4.860619e-03
-4.216287e-03
-3.597082e-03
-3.063783e-03
-2.185164e-03
-9.758349e-04
4.226109e-04
1.430025e-03
2.244750e-03
3.193465e-03
3.573378e-03
3.465219e-03
3.400577e-03
3.370469e-03
3.349433e-03
3.351175e-03
3.355770e-03
3.355843e-03
3.356098e-03
3.357407e-03
3.327919e-03
2.645767e-03
1.480632e-03
7.185273e-04
6.903810e-04
7.935972e-04
7.761147e-04
6.587349e-04
-6.699519e-04
-1.925479e-03
-2.234717e-03
-3.195478e-03
-4.263985e-03
-4.291338e-03
-3.438021e-03
-2.434285e-03
-1.786473e-03
-1.761190e-03
-1.727126e-03
-9.257557e-04
1.470703e-04
6.022786e-04
5.060927e-04
3.330685e-04
-6.193784e-04
-6.623982e-04
4.535772e-04
1.396525e-03
2.757383e-03
4.369119e-03
6.771532e-03
8.999145e-03
1.109549e-02
1.248313e-02
1.273261e-02
1.250952e-02
1.263741e-02
1.364626e-02
1.467378e-02
1.506094e-02
1.531632e-02
1.517250e-02
1.497358e-02
1.493447e-02
1.442223e-02
1.310649e-02
1.219598e-02
1.141383e-02
1.014785e-02
8.474818e-03
6.834989e-03
5.083922e-03
3.089688e-03
1.107795e-03
2.481726e-05
1.303674e-04
3.053448e-04
2.543607e-04
2.262558e-04
2.163102e-04
-4.240289e-04
-1.849603e-03
-3.034006e-03
-4.186233e-03
-5.235044e-03
-5.829995e-03
-5.346318e-03
-5.637544e-03
-6.470755e-03
-7.207476e-03
-7.677100e-03
-8.840306e-03
-1.041681e-02
-1.171562e-02
-1.261867e-02
-1.330954e-02
-1.340063e-02
-1.332569e-02
-1.340212e-02
-1.275983e-02
-1.162863e-02
-1.093904e-02
-1.094438e-02
-1.103406e-02
-1.098968e-02
-1.098630e-02
-1.171688e-02
-1.252034e-02
-1.281977e-02
-1.356406e-02
-1.377684e-02
-1.299130e-02
-1.183173e-02
-1.056445e-02
-9.229089e-03
-8.281143e-03
-7.151819e-03
-6.348101e-03
-6.214726e-03
-5.460830e-03
-5.109377e-03
-5.698262e-03
-6.289416e-03
-6.297079e-03
-5.168073e-03
-3.793356e-03
-3.357802e-03
-2.666777e-03
-1.585106e-03
-1.147580e-03
-1.264943e-03
-1.319002e-03
-1.402484e-03
-2.129985e-03
-2.711111e-03
-2.647918e-03
-2.854759e-03
-3.591869e-03
-4.626398e-03
-5.935307e-03
-6.206273e-03
-6.040298e-03
-5.500601e-03
-3.763019e-03
-1.462871e-03
5.334191e-04
2.042483e-03
3.557488e-03
4.695247e-03
5.796813e-03
6.180527e-03
6.042443e-03
5.984492e-03
6.008923e-03
5.998761e-03
6.010572e-03
6.278708e-03
7.013035e-03
7.887624e-03
8.196391e-03
8.064297e-03
7.990494e-03
7.986706e-03
7.328586e-03
5.812619e-03
4.300083e-03
2.494089e-03
7.787657e-04
-6.465800e-04
-2.033576e-03
-3.441831e-03
-3.777184e-03
-4.774011e-03
-5.834886e-03
-5.802509e-03
-4.671472e-03
-3.378135e-03
-3.188529e-03
-2.888163e-03
-1.396930e-03
-4.504064e-04
7.159898e-05
6.162286e-04
1.120551e-03
1.159829e-03
1.120583e-03
1.747378e-03
2.743821e-03
3.433905e-03
3.529001e-03
4.118218e-03
5.251303e-03
5.598372e-03
5.295903e-03
4.342038e-03
3.232461e-03
2.946814e-03
2.189644e-03
9.490775e-04
2.696729e-04
-8.632437e-04
-1.426336e-03
-1.871313e-03
-2.242742e-03
-2.211830e-03
-2.121311e-03
-2.110779e-03
-2.097909e-03
-1.856997e-03
-1.879824e-03
-2.120310e-03
-2.116303e-03
-2.021213e-03
-1.944151e-03
-1.906573e-03
-1.688933e-03
-9.054522e-04
3.067936e-04
1.641739e-03
2.307163e-03
2.921187e-03
3.811465e-03
4.075800e-03
3.976034e-03
4.557734e-03
5.649628e-03
5.799751e-03
5.574604e-03
5.543664e-03
5.523131e-03
5.475987e-03
5.898945e-03
6.645573e-03
7.138275e-03
7.114728e-03
7.807155e-03
8.618063e-03
8.547075e-03
8.268298e-03
8.162114e-03
7.996315e-03
7.057444e-03
6.012540e-03
5.276574e-03
4.149586e-03
3.771041e-03
3.690668e-03
2.573856e-03
1.443404e-03
4.429873e-04
-5.108914e-04
-1.766252e-03
-2.999393e-03
-4.090418e-03
-5.140401e-03
-6.194506e-03
-6.746838e-03
-7.473316e-03
-8.051303e-03
-8.123970e-03
-8.640880e-03
-8.467828e-03
-7.613285e-03
-7.345173e-03
-7.373964e-03
-7.270819e-03
-7.126416e-03
-7.038072e-03
-6.974163e-03
-6.868267e-03
-6.745658e-03
-6.630900e-03
-6.562654e-03
-7.205242e-03
-7.799334e-03
-7.625528e-03
-7.395944e-03
-7.870368e-03
-8.642098e-03
-8.577310e-03
-8.240983e-03
-8.075846e-03
-8.089760e-03
-7.940535e-03
-7.583019e-03
-7.349672e-03
-6.553748e-03
-5.643808e-03
-5.339079e-03
-4.533591e-03
-3.374924e-03
-2.472375e-03
-2.240934e-03
-2.065926e-03
-1.582097e-03
-1.165111e-03
-7.885002e-04
-6.353157e-04
-5.912994e-04
-5.341051e-04
-4.667731e-04
-4.133454e-04
-3.867328e-04
-3.384235e-04
-4.530059e-05
6.299682e-04
1.255519e-03
1.992473e-03
2.422967e-03
2.887248e-03
3.358689e-03
3.414196e-03
3.724931e-03
4.342104e-03
4.442054e-03
4.699529e-03
5.281212e-03
5.335617e-03
5.122973e-03
4.995893e-03
4.923084e-03
4.831587e-03
4.513196e-03
3.779678e-03
3.463803e-03
3.515717e-03
3.484554e-03
3.245941e-03
2.821970e-03
2.599609e-03
2.701576e-03
2.716582e-03
2.525940e-03
2.395775e-03
2.503621e-03
2.716476e-03
2.865253e-03
2.812115e-03
2.925588e-03
3.370274e-03
3.809434e-03
4.101977e-03
4.178748e-03
4.306191e-03
4.445711e-03
4.370524e-03
4.199685e-03
4.241351e-03
4.423758e-03
4.491563e-03
4.336550e-03
4.142611e-03
3.992570e-03
3.811668e-03
3.627063e-03
3.351940e-03
2.874203e-03
2.503077e-03
2.102831e-03
1.744033e-03
1.608342e-03
1.293561e-03
9.039865e-04
7.800868e-04
7.599199e-04
6.933710e-04
5.918722e-04
3.768562e-04
2.283461e-04
7.915905e-05
-2.639090e-04
-4.202637e-04
-4.560306e-04
-7.317819e-04
-8.996531e-04
-8.676749e-04
-8.041594e-04
-6.813503e-04
-7.223264e-04
-8.787109e-04
-9.046704e-04
-8.758724e-04
-8.739084e-04
-8.782216e-04
-8.961425e-04
-9.847643e-04
-1.031802e-03
-1.077420e-03
-1.178718e-03
-1.269444e-03
-1.259379e-03
-1.213597e-03
-1.196676e-03
-1.267958e-03
-1.363108e-03
-1.441203e-03
-1.508690e-03
-1.541475e-03
-1.566409e-03
-1.587424e-03
-1.585652e-03
-1.513103e-03
-1.376564e-03
-1.255386e-03
-1.145190e-03
-1.073365e-03
-9.759299e-04
-8.397892e-04
-7.229242e-04
-6.121944e-04
-5.238434e-04
-4.640077e-04
-4.109483e-04
-3.916088e-04
-4.164106e-04
-4.135411e-04
-4.243130e-04
-4.508303e-04
-4.527852e-04
-4.452780e-04
-4.509812e-04
-4.312133e-04
-4.039100e-04
-3.821018e-04
-3.280955e-04
-2.504729e-04
-2.069457e-04
-1.767860e-04
-1.594642e-04
-1.513238e-04
-1.409650e-04
-1.160134e-04
-8.724225e-05
-6.331345e-05
-3.893914e-05
-1.635688e-05
7.045401e-06
1.826909e-05
1.543306e-05
2.079448e-05
2.393598e-05
1.857026e-05
1.377130e-05
1.426626e-05
1.973613e-05
1.733448e-05
1.530178e-05
1.505639e-05
9.966108e-06
4.197168e-06
-2.601702e-07
-4.990115e-06
-1.355418e-05
-2.050580e-05
-2.431666e-05
-3.025212e-05
-3.287803e-05
-3.289188e-05
-3.562167e-05
-3.774321e-05
-3.666251e-05
-3.419946e-05
-3.162583e-05
-3.102941e-05
-3.088045e-05
-3.028461e-05
-2.957320e-05
-2.972599e-05
-3.108695e-05
-3.045456e-05
-2.891584e-05
-2.781212e-05
-2.665025e-05
-2.541957e-05
-2.379171e-05
-2.184697e-05
-2.044506e-05
-1.925595e-05
-1.746800e-05
-1.554224e-05
-1.385627e-05
-1.232021e-05
-1.088966e-05
-9.600589e-06
-8.528423e-06
-7.593849e-06
-6.690095e-06
-5.910888e-06
-5.218995e-06
-4.646113e-06
-4.143132e-06
-3.730140e-06
-3.472437e-06
-3.334611e-06
-3.313112e-06
-3.403255e-06
-3.602337e-06
-3.898402e-06
-4.279328e-06
-4.740464e-06
-5.279675e-06
-5.894847e-06
-6.585106e-06
-7.350606e-06
-8.191178e-06
-9.106464e-06
