-3.834407e-03
-3.824144e-03
-3.813812e-03
-3.803831e-03
-3.794623e-03
-3.786275e-03
-3.778131e-03
-3.768995e-03
-3.757941e-03
-3.745275e-03
-3.731761e-03
-3.717720e-03
-3.703070e-03
-3.688496e-03
-3.676336e-03
-3.666927e-03
-3.656930e-03
-3.646061e-03
-3.638063e-03
-3.634517e-03
-3.632343e-03
-3.626260e-03
-3.617024e-03
-3.613098e-03
-3.619715e-03
-3.632249e-03
-3.636399e-03
-3.621082e-03
-3.589801e-03
-3.558084e-03
-3.545640e-03
-3.561912e-03
-3.601610e-03
-3.646650e-03
-3.674283e-03
-3.665958e-03
-3.618055e-03
-3.548186e-03
-3.481687e-03
-3.416067e-03
-3.332504e-03
-3.248609e-03
-3.190132e-03
-3.150274e-03
-3.124157e-03
-3.129057e-03
-3.183541e-03
-3.276257e-03
-3.360082e-03
-3.408387e-03
-3.435541e-03
-3.436123e-03
-3.402787e-03
-3.369984e-03
-3.356756e-03
-3.321280e-03
-3.215589e-03
-3.041574e-03
-2.867454e-03
-2.762980e-03
-2.744047e-03
-2.830899e-03
-3.043464e-03
-3.337521e-03
-3.618494e-03
-3.809308e-03
-3.878971e-03
-3.822008e-03
-3.589876e-03
-3.174071e-03
-2.687249e-03
-2.258950e-03
-1.955365e-03
-1.825169e-03
-1.898953e-03
-2.179736e-03
-2.644228e-03
-3.238397e-03
-3.859970e-03
-4.375262e-03
-4.710686e-03
-4.872836e-03
-4.899643e-03
-4.770383e-03
-4.439832e-03
-3.945490e-03
-3.379937e-03
-2.783088e-03
-2.157181e-03
-1.503588e-03
-8.413212e-04
-2.173878e-04
2.941570e-04
6.190104e-04
6.392904e-04
8.446081e-05
-1.230176e-03
-3.079353e-03
-4.949628e-03
-6.306851e-03
-6.741259e-03
-6.187455e-03
-5.036201e-03
-3.920791e-03
-3.310719e-03
-3.375069e-03
-3.919985e-03
-4.473484e-03
-4.498802e-03
-3.727383e-03
-2.226966e-03
-3.592707e-04
1.425742e-03
2.652536e-03
2.980563e-03
2.457444e-03
1.489959e-03
3.126493e-04
-9.809917e-04
-2.174960e-03
-3.017539e-03
-3.418054e-03
-3.521792e-03
-3.635870e-03
-3.921332e-03
-4.325456e-03
-4.669335e-03
-4.836393e-03
-4.793800e-03
-4.380155e-03
-3.410443e-03
-1.845248e-03
2.220185e-04
2.524698e-03
4.578588e-03
5.796573e-03
5.738164e-03
4.144912e-03
1.047640e-03
-3.020102e-03
-6.940817e-03
-9.585221e-03
-1.028001e-02
-9.108702e-03
-6.761499e-03
-4.407821e-03
-3.049443e-03
-3.010342e-03
-3.636683e-03
-3.751455e-03
-2.267741e-03
1.160943e-03
5.925643e-03
1.071051e-02
1.377721e-02
1.350962e-02
9.208585e-03
1.615751e-03
-7.540746e-03
-1.588328e-02
-2.123846e-02
-2.298830e-02
-2.228749e-02
-2.054089e-02
-1.840314e-02
-1.523905e-02
-9.937035e-03
-2.038224e-03
7.736491e-03
1.749653e-02
2.499162e-02
2.859081e-02
2.789732e-02
2.330136e-02
1.615933e-02
8.168353e-03
6.645738e-04
-5.775591e-03
-1.127639e-02
-1.615012e-02
-2.000641e-02
-2.162746e-02
-1.952247e-02
-1.310459e-02
-3.570528e-03
6.736002e-03
1.477268e-02
1.791324e-02
1.549940e-02
9.321253e-03
1.689262e-03
-5.021048e-03
-9.198334e-03
-1.100920e-02
-1.198145e-02
-1.268802e-02
-1.281629e-02
-1.217061e-02
-1.097304e-02
-9.610215e-03
-7.781801e-03
-4.709033e-03
-1.804937e-05
5.897607e-03
1.189644e-02
1.654014e-02
1.870366e-02
1.825569e-02
1.617301e-02
1.402438e-02
1.318161e-02
1.411897e-02
1.590260e-02
1.657490e-02
1.441223e-02
9.180866e-03
2.545364e-03
-3.268932e-03
-6.057592e-03
-4.537213e-03
2.894271e-04
4.985783e-03
6.189454e-03
2.384106e-03
-5.287152e-03
-1.410960e-02
-2.116142e-02
-2.344927e-02
-1.895793e-02
-8.328050e-03
5.082916e-03
1.710833e-02
2.522669e-02
2.910093e-02
2.886055e-02
2.510109e-02
1.880599e-02
1.090198e-02
2.338704e-03
-5.820923e-03
-1.243793e-02
-1.668773e-02
-1.800088e-02
-1.635449e-02
-1.289480e-02
-9.587375e-03
-7.268695e-03
-5.229262e-03
-1.878088e-03
3.669384e-03
1.073071e-02
1.764706e-02
2.285827e-02
2.579382e-02
2.626926e-02
2.424559e-02
1.998102e-02
1.444325e-02
8.940066e-03
4.160722e-03
1.444103e-06
-3.485562e-03
-6.187716e-03
-8.543907e-03
-1.149085e-02
-1.574186e-02
-2.055936e-02
-2.395084e-02
-2.411328e-02
-1.964341e-02
-9.886542e-03
3.708911e-03
1.736858e-02
2.770692e-02
3.315800e-02
3.434755e-02
3.269724e-02
2.940808e-02
2.469144e-02
1.834040e-02
1.030416e-02
1.042886e-03
-8.064040e-03
-1.477939e-02
-1.649238e-02
-1.156067e-02
-1.444495e-03
9.212712e-03
1.679257e-02
2.056118e-02
2.236248e-02
2.514926e-02
3.068261e-02
3.782780e-02
4.255110e-02
4.033001e-02
2.900553e-02
1.063922e-02
-9.630238e-03
-2.568969e-02
-3.404695e-02
-3.434201e-02
-2.792130e-02
-1.695524e-02
-4.102033e-03
8.099823e-03
1.748239e-02
2.319801e-02
2.555943e-02
2.525664e-02
2.250027e-02
1.756861e-02
1.139785e-02
5.425930e-03
7.050382e-04
-2.952277e-03
-6.480793e-03
-9.638968e-03
-1.083483e-02
-8.111864e-03
-7.529252e-04
9.619818e-03
2.013367e-02
2.767410e-02
3.055723e-02
2.906213e-02
2.501773e-02
2.014459e-02
1.583099e-02
1.281002e-02
1.047919e-02
7.085288e-03
1.689975e-03
-4.936379e-03
-1.090180e-02
-1.379665e-02
-1.190723e-02
-5.913839e-03
1.047970e-03
6.373586e-03
8.809062e-03
8.366616e-03
5.666975e-03
1.801979e-03
-1.399128e-03
-1.602838e-03
2.886193e-03
1.216787e-02
2.414111e-02
3.520820e-02
4.189737e-02
4.338006e-02
4.074505e-02
3.529690e-02
2.795222e-02
1.988326e-02
1.266989e-02
7.287728e-03
3.288199e-03
1.571050e-04
-1.845944e-03
-1.864566e-03
7.068376e-04
5.495857e-03
1.113235e-02
1.558612e-02
1.719895e-02
1.532755e-02
1.023992e-02
2.009269e-03
-9.578087e-03
-2.341137e-02
-3.701439e-02
-4.877225e-02
-5.804394e-02
-6.451019e-02
-6.762097e-02
-6.678587e-02
-6.147893e-02
-5.176874e-02
-3.843437e-02
-2.304376e-02
-8.205025e-03
3.366216e-03
9.833986e-03
1.120235e-02
9.199045e-03
6.412963e-03
4.262004e-03
3.017634e-03
2.500571e-03
2.378740e-03
2.375850e-03
2.411131e-03
2.439543e-03
2.288320e-03
1.819377e-03
1.277788e-03
1.538697e-03
3.804800e-03
8.610919e-03
1.465218e-02
1.879919e-02
1.848481e-02
1.334387e-02
4.553446e-03
-5.616367e-03
-1.504600e-02
-2.233258e-02
-2.709147e-02
-3.003045e-02
-3.234380e-02
-3.430210e-02
-3.519597e-02
-3.407305e-02
-3.083570e-02
-2.654741e-02
-2.246276e-02
-1.960958e-02
-1.844604e-02
-1.855088e-02
-1.852964e-02
-1.649065e-02
-1.024601e-02
1.829353e-03
1.865453e-02
3.591435e-02
4.943708e-02
5.689594e-02
5.847367e-02
5.573221e-02
5.013820e-02
4.178174e-02
3.007465e-02
1.459940e-02
-4.105282e-03
-2.395418e-02
-4.150507e-02
-5.287179e-02
-5.582759e-02
-5.138148e-02
-4.347097e-02
-3.603950e-02
-3.119742e-02
-2.823635e-02
-2.527999e-02
-2.162283e-02
-1.778079e-02
-1.463577e-02
-1.245477e-02
-1.115088e-02
-1.115133e-02
-1.303987e-02
-1.701980e-02
-2.289329e-02
-2.991843e-02
-3.693220e-02
-4.175792e-02
-4.146433e-02
-3.450133e-02
-2.237594e-02
-8.815885e-03
2.093848e-03
8.361358e-03
1.064868e-02
1.150334e-02
1.280912e-02
1.509494e-02
1.753316e-02
1.869351e-02
1.788523e-02
1.627931e-02
1.588418e-02
1.733970e-02
1.989687e-02
2.223305e-02
2.347012e-02
2.329254e-02
2.151119e-02
1.813889e-02
1.326963e-02
6.524992e-03
-2.083749e-03
-1.092028e-02
-1.754659e-02
-2.020577e-02
-1.796231e-02
-1.111866e-02
-1.132178e-03
9.493219e-03
1.844665e-02
2.457914e-02
2.784464e-02
2.805863e-02
2.545984e-02
2.127481e-02
1.687129e-02
1.304890e-02
1.025507e-02
8.588999e-03
7.841027e-03
8.420400e-03
1.181039e-02
1.921006e-02
3.040375e-02
4.409168e-02
5.788725e-02
6.918836e-02
7.681552e-02
8.161640e-02
8.507699e-02
8.847245e-02
9.195467e-02
9.480076e-02
9.613284e-02
9.544814e-02
9.277464e-02
8.829454e-02
8.239230e-02
7.568256e-02
6.873601e-02
6.209450e-02
5.628315e-02
5.215444e-02
5.097596e-02
5.366632e-02
6.010674e-02
6.951380e-02
8.015905e-02
8.979328e-02
9.685278e-02
1.007774e-01
1.011380e-01
9.809209e-02
9.268999e-02
8.643028e-02
8.107245e-02
7.845025e-02
7.962082e-02
8.396791e-02
8.995507e-02
9.608015e-02
1.010907e-01
1.039708e-01
1.042454e-01
1.023677e-01
9.948441e-02
9.625176e-02
9.264696e-02
8.846164e-02
8.333833e-02
7.670378e-02
6.827997e-02
5.809246e-02
4.553121e-02
3.022000e-02
1.325600e-02
-2.596826e-03
-1.389489e-02
-1.872698e-02
-1.730682e-02
-1.057581e-02
-9.169179e-05
1.224667e-02
2.516697e-02
3.732233e-02
4.661132e-02
5.148404e-02
5.224051e-02
5.023393e-02
4.698496e-02
4.277516e-02
3.753485e-02
3.188585e-02
2.657753e-02
2.181988e-02
1.694163e-02
1.069978e-02
2.090060e-03
-8.940409e-03
-2.128992e-02
-3.354895e-02
-4.470216e-02
-5.477228e-02
-6.417566e-02
-7.275720e-02
-7.954494e-02
-8.324538e-02
-8.309088e-02
-7.973513e-02
-7.521574e-02
-7.148364e-02
-6.958273e-02
-6.939774e-02
-6.962600e-02
-6.813868e-02
-6.273397e-02
-5.218674e-02
-3.699824e-02
-1.934496e-02
-1.531352e-03
1.455189e-02
2.787012e-02
3.877124e-02
4.827677e-02
5.631656e-02
6.217590e-02
6.553341e-02
6.683413e-02
6.721925e-02
6.720669e-02
6.600097e-02
6.177219e-02
5.378441e-02
4.345931e-02
3.277672e-02
2.382769e-02
1.805432e-02
1.505232e-02
1.295476e-02
1.114583e-02
1.000069e-02
9.495149e-03
9.399671e-03
9.584079e-03
9.821652e-03
9.611117e-03
8.289259e-03
5.477906e-03
1.379538e-03
-3.584804e-03
-8.858994e-03
-1.395404e-02
-1.874021e-02
-2.357577e-02
-2.870565e-02
-3.379993e-02
-3.808167e-02
-4.111332e-02
-4.335855e-02
-4.520133e-02
-4.656199e-02
-4.772444e-02
-4.901882e-02
-4.988402e-02
-4.942982e-02
-4.731688e-02
-4.409586e-02
-4.117969e-02
-4.006546e-02
-4.168269e-02
-4.598320e-02
-5.210751e-02
-5.855687e-02
-6.396599e-02
-6.716514e-02
-6.743211e-02
-6.534538e-02
-6.255170e-02
-5.960210e-02
-5.617826e-02
-5.226962e-02
-4.887323e-02
-4.784676e-02
-5.053855e-02
-5.716033e-02
-6.699795e-02
-7.782935e-02
-8.660408e-02
-9.236300e-02
-9.650606e-02
-1.006183e-01
-1.060974e-01
-1.139716e-01
-1.241240e-01
-1.351026e-01
-1.452340e-01
-1.534298e-01
-1.595759e-01
-1.636507e-01
-1.651464e-01
-1.630470e-01
-1.566483e-01
-1.460793e-01
-1.324967e-01
-1.180169e-01
-1.046755e-01
-9.385099e-02
-8.559753e-02
-7.873297e-02
-7.159195e-02
-6.328237e-02
-5.395909e-02
-4.435771e-02
-3.553791e-02
-2.849907e-02
-2.364340e-02
-2.050477e-02
-1.835110e-02
-1.684867e-02
-1.666277e-02
-1.869602e-02
-2.321598e-02
-2.984775e-02
-3.752609e-02
-4.497122e-02
-5.091003e-02
-5.456025e-02
-5.638819e-02
-5.772801e-02
-5.929762e-02
-6.120554e-02
-6.324380e-02
-6.481244e-02
-6.498860e-02
-6.286933e-02
-5.822455e-02
-5.190315e-02
-4.545171e-02
-4.043518e-02
-3.723564e-02
-3.506134e-02
-3.277754e-02
-2.975604e-02
-2.613092e-02
-2.223397e-02
-1.847510e-02
-1.519532e-02
-1.201556e-02
-7.717509e-03
-1.317904e-03
6.979465e-03
1.558419e-02
2.237660e-02
2.596065e-02
2.631379e-02
2.479815e-02
2.284463e-02
2.123035e-02
1.978365e-02
1.822060e-02
1.682742e-02
1.639414e-02
1.766691e-02
2.074677e-02
2.503592e-02
2.950497e-02
3.345629e-02
3.663514e-02
3.904869e-02
4.071095e-02
4.141271e-02
4.066185e-02
3.807456e-02
3.374210e-02
2.843089e-02
2.329927e-02
1.908683e-02
1.591826e-02
1.364678e-02
1.180748e-02
9.611377e-03
6.224265e-03
9.162643e-04
-6.941758e-03
-1.730441e-02
-2.902207e-02
-3.988805e-02
-4.717831e-02
-4.890769e-02
-4.456501e-02
-3.500865e-02
-2.296493e-02
-1.226985e-02
-4.937900e-03
-1.242554e-03
-1.681373e-03
-6.016601e-03
-1.257727e-02
-1.993802e-02
-2.727871e-02
-3.401442e-02
-3.965537e-02
-4.397574e-02
-4.729951e-02
-5.042343e-02
-5.376506e-02
-5.724811e-02
-6.043663e-02
-6.265701e-02
-6.342371e-02
-6.299397e-02
-6.229054e-02
-6.197311e-02
-6.178990e-02
-6.055785e-02
-5.718480e-02
-5.158852e-02
-4.479240e-02
-3.800603e-02
-3.178568e-02
-2.666486e-02
-2.328575e-02
-2.172821e-02
-2.113934e-02
-2.003052e-02
-1.716712e-02
-1.229975e-02
-6.241550e-03
-4.187456e-04
4.157690e-03
7.203617e-03
9.005457e-03
9.841209e-03
1.008789e-02
1.038683e-02
1.154324e-02
1.416636e-02
1.830440e-02
2.382751e-02
3.156785e-02
4.271962e-02
5.767826e-02
7.525356e-02
9.269111e-02
1.075376e-01
1.179653e-01
1.227762e-01
1.220222e-01
1.172486e-01
1.098859e-01
1.011250e-01
9.160787e-02
8.188372e-02
7.268265e-02
6.423240e-02
5.607639e-02
4.749477e-02
3.819073e-02
2.878821e-02
2.059668e-02
1.510987e-02
1.340526e-02
1.566855e-02
2.125336e-02
2.913498e-02
3.782915e-02
4.574437e-02
5.127198e-02
5.327205e-02
5.175024e-02
4.795083e-02
4.301297e-02
3.799633e-02
3.379506e-02
3.061104e-02
2.786923e-02
2.499496e-02
2.160514e-02
1.746060e-02
1.276545e-02
8.291665e-03
4.879734e-03
2.835833e-03
1.528160e-03
-2.099762e-04
-3.159905e-03
-7.047441e-03
-1.026817e-02
-1.048270e-02
-5.921940e-03
3.214262e-03
1.447131e-02
2.391064e-02
2.859915e-02
2.771749e-02
2.226747e-02
1.369669e-02
2.733128e-03
-1.063209e-02
-2.589252e-02
-4.131422e-02
-5.450930e-02
-6.355132e-02
-6.769220e-02
-6.786406e-02
-6.588401e-02
-6.393223e-02
-6.349513e-02
-6.454282e-02
-6.553299e-02
-6.454984e-02
-6.052727e-02
-5.413760e-02
-4.720294e-02
-4.169807e-02
-3.870421e-02
-3.823161e-02
-3.971997e-02
-4.229459e-02
-4.506095e-02
-4.749030e-02
-4.931871e-02
-5.029655e-02
-5.007984e-02
-4.830213e-02
-4.498864e-02
-4.083332e-02
-3.677825e-02
-3.379524e-02
-3.258970e-02
-3.332100e-02
-3.540736e-02
-3.784939e-02
-3.949116e-02
-3.950859e-02
-3.749108e-02
-3.345640e-02
-2.782389e-02
-2.169495e-02
-1.652021e-02
-1.317151e-02
-1.157930e-02
-1.170623e-02
-1.375947e-02
-1.778223e-02
-2.251080e-02
-2.509098e-02
-2.304549e-02
-1.564655e-02
-3.725181e-03
1.015232e-02
2.257402e-02
3.101073e-02
3.489122e-02
3.540659e-02
3.515044e-02
3.691021e-02
4.306668e-02
5.466585e-02
7.025737e-02
8.623523e-02
9.942272e-02
1.080620e-01
1.119388e-01
1.117265e-01
1.090141e-01
1.056343e-01
1.031486e-01
1.022704e-01
1.028710e-01
1.041176e-01
1.048493e-01
1.037495e-01
9.962883e-02
9.182293e-02
8.087446e-02
6.871631e-02
5.833835e-02
5.201048e-02
4.955235e-02
4.834417e-02
4.628502e-02
4.273430e-02
3.841896e-02
3.545961e-02
3.689176e-02
4.529211e-02
6.116400e-02
8.249007e-02
1.047141e-01
1.223021e-01
1.311897e-01
1.299282e-01
1.184905e-01
9.922689e-02
7.632436e-02
5.377661e-02
3.448282e-02
2.014448e-02
1.121037e-02
7.121391e-03
6.525988e-03
7.595668e-03
8.940087e-03
9.726269e-03
9.811970e-03
8.960640e-03
6.363945e-03
1.464761e-03
-5.627660e-03
-1.475710e-02
-2.545049e-02
-3.688188e-02
-4.845553e-02
-5.937393e-02
-6.758836e-02
-7.053305e-02
-6.680410e-02
-5.740625e-02
-4.593599e-02
-3.599535e-02
-2.985033e-02
-2.756390e-02
-2.819884e-02
-3.105652e-02
-3.576610e-02
-4.193887e-02
-4.952897e-02
-5.878104e-02
-6.993425e-02
-8.263485e-02
-9.553100e-02
-1.068847e-01
-1.153352e-01
-1.204291e-01
-1.221478e-01
-1.209435e-01
-1.176756e-01
-1.137005e-01
-1.102623e-01
-1.082405e-01
-1.080507e-01
-1.096982e-01
-1.129994e-01
-1.180443e-01
-1.244618e-01
-1.309908e-01
-1.362726e-01
-1.388010e-01
-1.363222e-01
-1.261437e-01
-1.065844e-01
-7.960045e-02
-5.125082e-02
-2.707644e-02
-1.074936e-02
-3.656695e-03
-4.722907e-03
-1.077550e-02
-1.938397e-02
-2.874110e-02
-3.757060e-02
-4.481963e-02
-4.916109e-02
-4.893756e-02
-4.324733e-02
-3.281546e-02
-1.982557e-02
-7.103649e-03
3.227422e-03
1.049621e-02
1.558507e-02
1.937839e-02
2.145831e-02
2.132056e-02
1.931918e-02
1.602913e-02
1.215595e-02
8.265750e-03
4.496100e-03
7.902253e-04
-2.563969e-03
-5.453313e-03
-8.751741e-03
-1.383854e-02
-2.141785e-02
-3.036047e-02
-3.832028e-02
-4.364786e-02
-4.499003e-02
-4.107692e-02
-3.207114e-02
-2.021017e-02
-8.063409e-03
2.277514e-03
9.760278e-03
1.418728e-02
1.610291e-02
1.627106e-02
1.530586e-02
1.314515e-02
9.514801e-03
4.710354e-03
-2.349474e-04
-3.973715e-03
-5.724280e-03
-5.219652e-03
-2.627280e-03
1.419575e-03
5.659123e-03
8.945402e-03
1.149450e-02
1.520156e-02
2.171530e-02
3.146495e-02
4.391743e-02
5.680067e-02
6.638838e-02
7.020941e-02
6.808355e-02
6.032072e-02
4.864669e-02
3.653502e-02
2.729055e-02
2.244830e-02
2.131508e-02
2.175915e-02
2.199388e-02
2.033810e-02
1.507217e-02
5.486383e-03
-7.589280e-03
-2.250151e-02
-3.698188e-02
-4.895433e-02
-5.804275e-02
-6.534793e-02
-7.138497e-02
-7.618856e-02
-7.962168e-02
-8.078846e-02
-7.870053e-02
-7.372121e-02
-6.748728e-02
-6.164200e-02
-5.753171e-02
-5.576638e-02
-5.552531e-02
-5.510724e-02
-5.351278e-02
-5.067034e-02
-4.689302e-02
-4.187938e-02
-3.459217e-02
-2.377718e-02
-9.012092e-03
8.725029e-03
2.782024e-02
4.648248e-02
6.356580e-02
7.838438e-02
9.037475e-02
9.932699e-02
1.054945e-01
1.087189e-01
1.089900e-01
1.069583e-01
1.041551e-01
1.025378e-01
1.028805e-01
1.048605e-01
1.080397e-01
1.115853e-01
1.142131e-01
1.151090e-01
1.140298e-01
1.106850e-01
1.049504e-01
9.710554e-02
8.773162e-02
7.791175e-02
6.896154e-02
6.211308e-02
5.827293e-02
5.826056e-02
6.247954e-02
7.053125e-02
8.066433e-02
9.049436e-02
9.825954e-02
1.031763e-01
1.045115e-01
1.021327e-01
9.712736e-02
9.108010e-02
8.533450e-02
8.101342e-02
7.884822e-02
7.868323e-02
7.964080e-02
8.078576e-02
8.177929e-02
8.298470e-02
8.514603e-02
8.880077e-02
9.365343e-02
9.833176e-02
1.010101e-01
1.010502e-01
9.915344e-02
9.627477e-02
9.273634e-02
8.806557e-02
8.170102e-02
7.337428e-02
6.286167e-02
5.022605e-02
3.615674e-02
2.201602e-02
9.533255e-03
-2.533196e-04
-7.290561e-03
-1.215721e-02
-1.533167e-02
-1.740762e-02
-1.937896e-02
-2.183216e-02
-2.391241e-02
-2.422999e-02
-2.165316e-02
-1.527785e-02
-5.539227e-03
5.127000e-03
1.338694e-02
1.673641e-02
1.495632e-02
1.006507e-02
4.258740e-03
-8.473547e-04
-4.529992e-03
-6.857025e-03
-8.221422e-03
-8.524822e-03
-7.033101e-03
-2.970032e-03
2.942630e-03
8.539349e-03
1.275197e-02
1.547082e-02
1.646572e-02
1.539484e-02
1.178481e-02
4.563890e-03
-6.796333e-03
-2.115685e-02
-3.580378e-02
-4.750564e-02
-5.442526e-02
-5.638380e-02
-5.347039e-02
-4.583772e-02
-3.390270e-02
-1.877269e-02
-2.795103e-03
1.151510e-02
2.200517e-02
2.739211e-02
2.757994e-02
2.386843e-02
1.774662e-02
1.079804e-02
4.245257e-03
-1.082739e-03
-4.618773e-03
-6.114163e-03
-5.918287e-03
-4.778431e-03
-3.165884e-03
-9.457381e-04
2.187378e-03
6.369226e-03
1.162975e-02
1.772315e-02
2.403932e-02
2.976443e-02
3.407998e-02
3.653535e-02
3.749367e-02
3.796773e-02
3.846697e-02
3.846037e-02
3.681513e-02
3.274598e-02
2.658985e-02
1.957147e-02
1.317692e-02
8.181493e-03
4.483984e-03
1.518268e-03
-1.276095e-03
-4.256196e-03
-7.884224e-03
-1.276019e-02
-1.925795e-02
-2.708855e-02
-3.542517e-02
-4.389504e-02
-5.244045e-02
-6.034739e-02
-6.660978e-02
-7.076219e-02
-7.306665e-02
-7.459233e-02
-7.663387e-02
-7.993473e-02
-8.403405e-02
-8.821410e-02
-9.198029e-02
-9.434858e-02
-9.434582e-02
-9.200576e-02
-8.790519e-02
-8.271238e-02
-7.743381e-02
-7.281182e-02
-6.798905e-02
-6.171059e-02
-5.365399e-02
-4.372676e-02
-3.229114e-02
-2.086980e-02
-1.099555e-02
-2.696297e-03
4.730159e-03
1.198094e-02
1.957880e-02
2.799291e-02
3.755750e-02
4.792690e-02
5.802139e-02
6.702082e-02
7.487929e-02
8.208219e-02
8.847571e-02
9.279063e-02
9.411701e-02
9.253814e-02
8.835948e-02
8.263978e-02
7.710707e-02
7.245605e-02
6.805161e-02
6.323687e-02
5.770388e-02
5.135436e-02
4.408339e-02
3.596894e-02
2.773589e-02
2.035529e-02
1.409086e-02
8.501082e-03
3.061234e-03
-1.867279e-03
-5.449366e-03
-7.468816e-03
-8.324330e-03
-8.433403e-03
-7.561074e-03
-5.128592e-03
-1.032207e-03
4.127000e-03
9.472196e-03
1.462615e-02
1.976473e-02
2.507022e-02
3.104734e-02
3.892878e-02
4.991854e-02
6.411189e-02
8.010721e-02
9.553074e-02
1.086076e-01
1.182973e-01
1.241080e-01
1.259435e-01
1.242548e-01
1.194663e-01
1.123196e-01
1.041110e-01
9.625658e-02
8.992295e-02
8.531773e-02
8.164300e-02
7.763425e-02
7.237028e-02
6.555936e-02
5.712877e-02
4.700130e-02
3.485837e-02
2.037709e-02
3.808334e-03
-1.384232e-02
-3.098130e-02
-4.630107e-02
-5.891941e-02
-6.853124e-02
-7.567020e-02
-8.164488e-02
-8.734686e-02
-9.279981e-02
-9.738258e-02
-1.008968e-01
-1.038092e-01
-1.063245e-01
-1.084004e-01
-1.099279e-01
-1.105831e-01
-1.101093e-01
-1.088423e-01
-1.075177e-01
-1.066058e-01
-1.062549e-01
-1.065433e-01
-1.078039e-01
-1.101961e-01
-1.131574e-01
-1.157347e-01
-1.171117e-01
-1.168744e-01
-1.149717e-01
-1.113972e-01
-1.066359e-01
-1.016212e-01
-9.645570e-02
-9.027367e-02
-8.215351e-02
-7.136238e-02
-5.746566e-02
-4.113224e-02
-2.466614e-02
-1.089331e-02
-1.552724e-03
3.982362e-03
7.299245e-03
9.483043e-03
1.055996e-02
1.007334e-02
7.644072e-03
3.150986e-03
-3.252656e-03
-1.125019e-02
-2.018934e-02
-2.927688e-02
-3.755028e-02
-4.411624e-02
-4.872903e-02
-5.182178e-02
-5.365112e-02
-5.471164e-02
-5.607412e-02
-5.874526e-02
-6.349025e-02
-7.128008e-02
-8.227533e-02
-9.494933e-02
-1.070027e-01
-1.166087e-01
-1.232592e-01
-1.274328e-01
-1.292612e-01
-1.284781e-01
-1.250413e-01
-1.199078e-01
-1.150260e-01
-1.118078e-01
-1.108548e-01
-1.120036e-01
-1.141314e-01
-1.154364e-01
-1.146445e-01
-1.109005e-01
-1.034913e-01
-9.273591e-02
-8.031763e-02
-6.771536e-02
-5.576473e-02
-4.444155e-02
-3.320391e-02
-2.162389e-02
-9.814778e-03
1.947576e-03
1.408334e-02
2.765209e-02
4.354858e-02
6.120408e-02
7.856954e-02
9.379371e-02
1.056041e-01
1.133271e-01
1.172391e-01
1.186643e-01
1.186721e-01
1.179877e-01
1.168587e-01
1.150985e-01
1.124817e-01
1.091144e-01
1.054317e-01
1.016652e-01
9.737390e-02
9.165837e-02
8.424549e-02
7.545539e-02
6.510053e-02
5.269411e-02
3.799789e-02
2.126102e-02
3.319889e-03
-1.506247e-02
-3.304650e-02
-4.957841e-02
-6.368433e-02
-7.479211e-02
-8.263799e-02
-8.744374e-02
-8.980152e-02
-9.099732e-02
-9.295913e-02
-9.698548e-02
-1.035951e-01
-1.127627e-01
-1.233310e-01
-1.331127e-01
-1.405292e-01
-1.446500e-01
-1.443720e-01
-1.395401e-01
-1.315869e-01
-1.219781e-01
-1.118071e-01
-1.015183e-01
-9.040055e-02
-7.652423e-02
-5.847666e-02
-3.670994e-02
-1.295980e-02
9.936833e-03
2.922774e-02
4.384251e-02
5.482615e-02
6.345976e-02
7.072204e-02
7.674071e-02
8.088864e-02
8.234741e-02
8.074554e-02
7.629995e-02
6.902752e-02
5.944291e-02
4.894397e-02
3.877841e-02
2.969361e-02
2.202760e-02
1.562335e-02
9.930009e-03
4.461084e-03
-8.565954e-04
-5.519990e-03
-9.250158e-03
-1.272305e-02
-1.678056e-02
-2.148615e-02
-2.588157e-02
-2.877591e-02
-2.987986e-02
-2.925685e-02
-2.669336e-02
-2.195586e-02
-1.493391e-02
-5.133732e-03
7.704884e-03
2.314302e-02
4.039215e-02
5.813723e-02
7.466802e-02
8.827758e-02
9.792981e-02
1.035927e-01
1.062295e-01
1.066268e-01
1.056062e-01
1.038380e-01
1.011789e-01
9.694305e-02
9.126114e-02
8.511495e-02
7.909148e-02
7.327495e-02
6.740573e-02
6.094531e-02
5.333766e-02
4.439848e-02
3.456328e-02
2.467375e-02
1.522060e-02
6.314071e-03
-1.646081e-03
-8.140262e-03
-1.288573e-02
-1.575279e-02
-1.675299e-02
-1.583868e-02
-1.319487e-02
-9.231041e-03
-4.461960e-03
8.469994e-04
7.268651e-03
1.533770e-02
2.428656e-02
3.258396e-02
3.903839e-02
4.330800e-02
4.569812e-02
4.611614e-02
4.417887e-02
3.971181e-02
3.332599e-02
2.633703e-02
1.933202e-02
1.275750e-02
7.658794e-03
4.749712e-03
3.869468e-03
4.759805e-03
6.959130e-03
9.764528e-03
1.238765e-02
1.399989e-02
1.365212e-02
1.023782e-02
2.695830e-03
-8.595581e-03
-2.118656e-02
-3.222714e-02
-3.959488e-02
-4.245721e-02
-4.058015e-02
-3.353143e-02
-2.179113e-02
-7.801881e-03
5.481926e-03
1.572563e-02
2.232958e-02
2.559371e-02
2.610815e-02
2.471771e-02
2.250791e-02
1.998565e-02
1.702050e-02
1.317973e-02
8.166763e-03
2.165593e-03
-4.203622e-03
-9.943258e-03
-1.399388e-02
-1.578386e-02
-1.561989e-02
-1.433338e-02
-1.281692e-02
-1.148757e-02
-1.053494e-02
-1.015942e-02
-1.050664e-02
-1.168857e-02
-1.389870e-02
-1.726712e-02
-2.157928e-02
-2.618654e-02
-3.004950e-02
-3.229596e-02
-3.292503e-02
-3.286544e-02
-3.283778e-02
-3.312837e-02
-3.391357e-02
-3.530879e-02
-3.743209e-02
-4.058997e-02
-4.516398e-02
-5.130971e-02
-5.829850e-02
-6.436477e-02
-6.773497e-02
-6.750821e-02
-6.375037e-02
-5.772882e-02
-5.123246e-02
-4.546572e-02
-4.065441e-02
-3.669883e-02
-3.350595e-02
-3.109003e-02
-2.944932e-02
-2.843333e-02
-2.781604e-02
-2.735810e-02
-2.689881e-02
-2.579918e-02
-2.286571e-02
-1.766742e-02
-1.111191e-02
-4.397875e-03
1.537026e-03
6.352619e-03
9.912795e-03
1.164840e-02
1.003585e-02
3.794585e-03
-6.767022e-03
-1.983787e-02
-3.269771e-02
-4.298892e-02
-4.914245e-02
-5.063381e-02
-4.851216e-02
-4.513500e-02
-4.240673e-02
-4.114714e-02
-4.113385e-02
-4.200448e-02
-4.391099e-02
-4.666879e-02
-4.935078e-02
-5.114078e-02
-5.172605e-02
-5.131960e-02
-5.016931e-02
-4.840941e-02
-4.617236e-02
-4.278993e-02
-3.627713e-02
-2.581425e-02
-1.333651e-02
-1.574885e-03
7.178590e-03
1.197921e-02
1.301892e-02
1.102582e-02
6.879252e-03
1.513724e-03
-4.856983e-03
-1.221032e-02
-2.003186e-02
-2.725171e-02
-3.244381e-02
-3.448426e-02
-3.332827e-02
-3.025240e-02
-2.715238e-02
-2.546873e-02
-2.476952e-02
-2.291208e-02
-1.748330e-02
-7.422463e-03
6.047763e-03
2.042169e-02
3.289533e-02
4.214867e-02
4.901040e-02
5.546785e-02
6.188802e-02
6.695770e-02
6.999324e-02
7.166444e-02
7.333884e-02
7.558000e-02
7.788562e-02
7.991486e-02
8.147203e-02
8.206386e-02
8.125586e-02
7.913478e-02
7.637345e-02
7.393349e-02
7.226550e-02
7.104848e-02
6.963633e-02
6.810782e-02
6.683586e-02
6.526085e-02
6.261875e-02
5.880172e-02
5.388448e-02
4.796792e-02
4.125037e-02
3.423097e-02
2.764561e-02
2.200857e-02
1.745677e-02
1.412801e-02
1.236813e-02
1.257964e-02
1.403279e-02
1.482694e-02
1.416148e-02
1.271061e-02
1.170342e-02
1.233120e-02
1.522034e-02
2.016078e-02
2.618841e-02
3.236048e-02
3.778711e-02
4.170165e-02
4.390133e-02
4.490113e-02
4.534392e-02
4.560031e-02
4.546670e-02
4.454314e-02
4.287273e-02
4.122917e-02
4.042955e-02
4.037994e-02
4.059117e-02
4.066850e-02
4.021338e-02
3.885988e-02
3.646015e-02
3.315835e-02
2.938934e-02
2.567385e-02
2.227768e-02
1.874391e-02
1.432238e-02
8.580563e-03
1.504441e-03
-6.343052e-03
-1.401220e-02
-2.083905e-02
-2.698834e-02
-3.267123e-02
-3.770760e-02
-4.188090e-02
-4.516285e-02
-4.766952e-02
-4.961997e-02
-5.119665e-02
-5.221144e-02
-5.230899e-02
-5.131475e-02
-4.929747e-02
-4.625876e-02
-4.160793e-02
-3.480655e-02
-2.648732e-02
-1.835288e-02
-1.213738e-02
-8.404196e-03
-6.190866e-03
-4.073347e-03
-7.923433e-04
4.136177e-03
1.029135e-02
1.661600e-02
2.218053e-02
2.633096e-02
2.871526e-02
2.953043e-02
2.933745e-02
2.815511e-02
2.589815e-02
2.316897e-02
2.090996e-02
1.968346e-02
1.930976e-02
1.917844e-02
1.919173e-02
1.972618e-02
2.112929e-02
2.322496e-02
2.545581e-02
2.782573e-02
3.045447e-02
3.286364e-02
3.435288e-02
3.438366e-02
3.258235e-02
2.919218e-02
2.510443e-02
2.096348e-02
1.650607e-02
1.092044e-02
3.651242e-03
-4.871205e-03
-1.332382e-02
-2.025165e-02
-2.517414e-02
-2.903145e-02
-3.349135e-02
-3.995493e-02
-4.858473e-02
-5.829948e-02
-6.741941e-02
-7.501080e-02
-8.053381e-02
-8.317433e-02
-8.267867e-02
-7.997091e-02
-7.629064e-02
-7.280397e-02
-7.006805e-02
-6.839589e-02
-6.801428e-02
-6.847460e-02
-6.895390e-02
-6.933093e-02
-6.963265e-02
-6.921683e-02
-6.692885e-02
-6.198227e-02
-5.484404e-02
-4.658021e-02
-3.785127e-02
-2.959189e-02
-2.324236e-02
-1.966151e-02
-1.839127e-02
-1.773969e-02
-1.578701e-02
-1.106622e-02
-2.505128e-03
1.016596e-02
2.622831e-02
4.390628e-02
6.065404e-02
7.411640e-02
8.287478e-02
8.675786e-02
8.628968e-02
8.206890e-02
7.530109e-02
6.808259e-02
6.189769e-02
5.754070e-02
5.535068e-02
5.522530e-02
5.673874e-02
5.978201e-02
6.397015e-02
6.836280e-02
7.241321e-02
7.609785e-02
7.865727e-02
7.890316e-02
7.627461e-02
7.062540e-02
6.218074e-02
5.223541e-02
4.313524e-02
3.671487e-02
3.375336e-02
3.398916e-02
3.649944e-02
3.997576e-02
4.351100e-02
4.591316e-02
4.525548e-02
4.009719e-02
3.071566e-02
1.887878e-02
7.231772e-03
-2.380109e-03
-9.432386e-03
-1.452968e-02
-1.861389e-02
-2.268456e-02
-2.725461e-02
-3.178373e-02
-3.465659e-02
-3.419883e-02
-2.968402e-02
-2.161380e-02
-1.167534e-02
-2.065566e-03
5.268530e-03
8.997564e-03
8.445400e-03
3.611249e-03
-4.982343e-03
-1.561300e-02
-2.539904e-02
-3.243672e-02
-3.613551e-02
-3.668288e-02
-3.485403e-02
-3.188713e-02
-2.900099e-02
-2.700235e-02
-2.566930e-02
-2.434360e-02
-2.268945e-02
-2.074044e-02
-1.890987e-02
-1.796738e-02
-1.869561e-02
-2.133471e-02
-2.511949e-02
-2.857815e-02
-3.102162e-02
-3.253909e-02
-3.339195e-02
-3.376212e-02
-3.359217e-02
-3.247578e-02
-3.021389e-02
-2.728432e-02
-2.433632e-02
-2.163593e-02
-1.894936e-02
-1.557611e-02
-1.061109e-02
-3.703563e-03
4.543895e-03
1.320911e-02
2.097880e-02
2.604396e-02
2.739557e-02
2.573017e-02
2.210406e-02
1.736526e-02
1.216786e-02
7.070071e-03
2.478857e-03
-8.821197e-04
-2.068758e-03
-8.559033e-04
1.983009e-03
5.514506e-03
9.495558e-03
1.437046e-02
2.006715e-02
2.578843e-02
3.101264e-02
3.580925e-02
4.068648e-02
4.594346e-02
5.121218e-02
5.547502e-02
5.782727e-02
5.807119e-02
5.616326e-02
5.202130e-02
4.563374e-02
3.780684e-02
3.024502e-02
2.448118e-02
2.117654e-02
2.040042e-02
2.133580e-02
2.252784e-02
2.317677e-02
2.368576e-02
2.438216e-02
2.517372e-02
2.606807e-02
2.690070e-02
2.726142e-02
2.727050e-02
2.771132e-02
2.916867e-02
3.136670e-02
3.309063e-02
3.324394e-02
3.143052e-02
2.758592e-02
2.257412e-02
1.836887e-02
1.667079e-02
1.773296e-02
2.052543e-02
2.341589e-02
2.552905e-02
2.677472e-02
2.736719e-02
2.732986e-02
2.628818e-02
2.347970e-02
1.836408e-02
1.130913e-02
3.795674e-03
-2.180268e-03
-5.789563e-03
-7.235084e-03
-6.940542e-03
-5.621756e-03
-4.379774e-03
-4.084456e-03
-5.181079e-03
-7.644128e-03
-1.115051e-02
-1.514622e-02
-1.885774e-02
-2.155827e-02
-2.318943e-02
-2.444308e-02
-2.616341e-02
-2.819688e-02
-2.961144e-02
-2.996080e-02
-2.911375e-02
-2.695907e-02
-2.409214e-02
-2.185743e-02
-2.107640e-02
-2.132618e-02
-2.111307e-02
-1.945587e-02
-1.669634e-02
-1.359551e-02
-1.086602e-02
-8.771363e-03
-6.929412e-03
-4.545032e-03
-1.126988e-03
3.318335e-03
8.575829e-03
1.432408e-02
2.030808e-02
2.662980e-02
3.358547e-02
4.128218e-02
4.945667e-02
5.732170e-02
6.330191e-02
6.546331e-02
6.255597e-02
5.451283e-02
4.206435e-02
2.658809e-02
1.021969e-02
-4.908868e-03
-1.722270e-02
-2.622302e-02
-3.156274e-02
-3.254048e-02
-2.888663e-02
-2.186622e-02
-1.384795e-02
-7.293512e-03
-3.567033e-03
-2.515552e-03
-2.709943e-03
-2.570934e-03
-4.660861e-04
5.095160e-03
1.451227e-02
2.637688e-02
3.822894e-02
4.743863e-02
5.250158e-02
5.319520e-02
5.031080e-02
4.473948e-02
3.764701e-02
3.010438e-02
2.259057e-02
1.529873e-02
9.314758e-03
5.776080e-03
3.945322e-03
2.045910e-03
-1.224308e-03
-6.440533e-03
-1.359170e-02
-2.252769e-02
-3.276667e-02
-4.340127e-02
-5.335215e-02
-6.154662e-02
-6.715898e-02
-6.992125e-02
-7.005110e-02
-6.796521e-02
-6.443931e-02
-6.087729e-02
-5.925940e-02
-6.127931e-02
-6.767351e-02
-7.789705e-02
-9.054095e-02
-1.032039e-01
-1.131864e-01
-1.182104e-01
-1.167914e-01
-1.078138e-01
-9.120630e-02
-6.799584e-02
-4.101222e-02
-1.409675e-02
9.618639e-03
2.886750e-02
4.440317e-02
5.753892e-02
6.801437e-02
7.518422e-02
7.920698e-02
8.016630e-02
7.871668e-02
7.636436e-02
7.439445e-02
7.272822e-02
6.994867e-02
6.438887e-02
5.579827e-02
4.591971e-02
3.786148e-02
3.433406e-02
3.637955e-02
4.334902e-02
5.307587e-02
6.294150e-02
7.066785e-02
7.463556e-02
7.409245e-02
6.969923e-02
6.327558e-02
5.674071e-02
5.131059e-02
4.729105e-02
4.449981e-02
4.287410e-02
4.219985e-02
4.195065e-02
4.184360e-02
4.184125e-02
4.183310e-02
4.144702e-02
4.004941e-02
3.700621e-02
3.173259e-02
2.331916e-02
1.124192e-02
-3.957447e-03
-2.064460e-02
-3.673070e-02
-5.146917e-02
-6.517257e-02
-7.802311e-02
-8.980686e-02
-9.996715e-02
-1.076848e-01
-1.119588e-01
-1.116138e-01
-1.068082e-01
-9.971560e-02
-9.260903e-02
-8.717732e-02
-8.426848e-02
-8.345726e-02
-8.320488e-02
-8.222061e-02
-8.013464e-02
-7.723401e-02
-7.377500e-02
-6.939442e-02
-6.374633e-02
-5.704097e-02
-4.978278e-02
-4.316114e-02
-3.900396e-02
-3.822922e-02
-3.974682e-02
-4.140993e-02
-4.114586e-02
-3.856866e-02
-3.517101e-02
-3.327414e-02
-3.407676e-02
-3.705392e-02
-4.101177e-02
-4.444027e-02
-4.610043e-02
-4.593619e-02
-4.498770e-02
-4.382828e-02
-4.220367e-02
-3.926722e-02
-3.438948e-02
-2.779318e-02
-2.025343e-02
-1.287868e-02
-6.566575e-03
-1.778060e-03
1.372932e-03
2.759398e-03
2.671371e-03
2.128456e-03
2.198282e-03
3.255075e-03
5.233401e-03
7.850842e-03
1.080779e-02
1.384360e-02
1.674196e-02
1.915140e-02
2.055224e-02
2.042784e-02
1.823394e-02
1.347327e-02
6.719562e-03
-1.144186e-04
-5.401359e-03
-8.169168e-03
-8.013895e-03
-5.613689e-03
-2.695040e-03
-7.084982e-04
-3.934584e-04
-1.829459e-03
-4.552577e-03
-7.842440e-03
-1.102782e-02
-1.335808e-02
-1.390952e-02
-1.217979e-02
-8.417734e-03
-2.788415e-03
4.671444e-03
1.348228e-02
2.271150e-02
3.161037e-02
3.953504e-02
4.600925e-02
5.111947e-02
5.514076e-02
5.767948e-02
5.841619e-02
5.768670e-02
5.576736e-02
5.292439e-02
4.971245e-02
4.708443e-02
4.612530e-02
4.738713e-02
5.036064e-02
5.374043e-02
5.602215e-02
5.616521e-02
5.326259e-02
4.667926e-02
3.668519e-02
2.513553e-02
1.476844e-02
7.435711e-03
3.245259e-03
1.732044e-03
2.041008e-03
3.155348e-03
4.219923e-03
4.694423e-03
4.081629e-03
1.689747e-03
-3.433717e-03
-1.201025e-02
-2.407814e-02
-3.887684e-02
-5.442227e-02
-6.806257e-02
-7.754462e-02
-8.226169e-02
-8.312443e-02
-8.207831e-02
-8.063364e-02
-7.932005e-02
-7.730863e-02
-7.342739e-02
-6.742718e-02
-6.033589e-02
-5.396078e-02
-4.945195e-02
-4.694768e-02
-4.569078e-02
-4.445793e-02
-4.220788e-02
-3.902438e-02
-3.565717e-02
-3.271160e-02
-3.059669e-02
-2.940497e-02
-2.872814e-02
-2.801684e-02
-2.693608e-02
-2.467557e-02
-1.978317e-02
-1.107280e-02
1.446475e-03
1.647287e-02
3.191648e-02
4.571669e-02
5.676675e-02
6.483571e-02
6.977920e-02
7.181551e-02
7.171482e-02
7.027737e-02
6.831014e-02
6.628681e-02
6.420285e-02
6.170733e-02
5.882225e-02
5.611024e-02
5.386239e-02
5.169294e-02
4.864637e-02
4.408130e-02
3.821646e-02
3.171551e-02
2.571605e-02
2.169511e-02
2.084792e-02
2.348560e-02
2.898210e-02
3.565415e-02
4.160156e-02
4.535011e-02
4.635145e-02
4.494737e-02
4.197164e-02
3.770318e-02
3.246084e-02
2.723160e-02
2.312955e-02
2.100778e-02
2.135350e-02
2.379373e-02
2.698382e-02
2.927717e-02
2.949202e-02
2.764538e-02
2.534094e-02
2.520992e-02
2.932701e-02
3.779344e-02
4.878448e-02
5.897023e-02
6.531537e-02
6.629114e-02
6.240958e-02
5.550446e-02
4.790003e-02
4.059959e-02
3.373709e-02
2.737978e-02
2.137552e-02
1.526473e-02
8.571919e-03
9.514893e-04
-7.669134e-03
-1.693125e-02
-2.602499e-02
-3.403080e-02
-4.033249e-02
-4.501499e-02
-4.885103e-02
-5.283357e-02
-5.734767e-02
-6.218974e-02
-6.712068e-02
-7.180107e-02
-7.562284e-02
-7.787605e-02
-7.809731e-02
-7.631227e-02
-7.329211e-02
-7.004163e-02
-6.655258e-02
-6.163286e-02
-5.417616e-02
-4.391889e-02
-3.153207e-02
-1.856653e-02
-7.030385e-03
1.673431e-03
7.152795e-03
9.756358e-03
1.029197e-02
9.596729e-03
8.051387e-03
5.811871e-03
2.981460e-03
-3.482752e-04
-4.095794e-03
-7.991722e-03
-1.171322e-02
-1.541096e-02
-1.934420e-02
-2.338163e-02
-2.733516e-02
-3.097894e-02
-3.360397e-02
-3.471866e-02
-3.487926e-02
-3.490168e-02
-3.510355e-02
-3.536082e-02
-3.523583e-02
-3.411302e-02
-3.154902e-02
-2.739914e-02
-2.145236e-02
-1.374284e-02
-4.878017e-03
4.296128e-03
1.323955e-02
2.151892e-02
2.871140e-02
3.457484e-02
3.888300e-02
4.121407e-02
4.153128e-02
4.045844e-02
3.843884e-02
3.585840e-02
3.318939e-02
3.077006e-02
2.857503e-02
2.620734e-02
2.335640e-02
2.040776e-02
1.811527e-02
1.689710e-02
1.642983e-02
1.599934e-02
1.566510e-02
1.632685e-02
1.904049e-02
2.387622e-02
2.949395e-02
3.433149e-02
3.724748e-02
3.802038e-02
3.733096e-02
3.621744e-02
3.496733e-02
3.360622e-02
3.260700e-02
3.194485e-02
3.065263e-02
2.808282e-02
2.451349e-02
2.077000e-02
1.747774e-02
1.453535e-02
1.159475e-02
8.385665e-03
4.744607e-03
6.784127e-04
-3.738620e-03
-8.726141e-03
-1.468831e-02
-2.161100e-02
-2.870431e-02
-3.464686e-02
-3.841527e-02
-3.991478e-02
-3.971979e-02
-3.874632e-02
-3.745654e-02
-3.579410e-02
-3.352232e-02
-3.068021e-02
-2.769677e-02
-2.501354e-02
-2.298334e-02
-2.190926e-02
-2.212256e-02
-2.348143e-02
-2.488708e-02
-2.519215e-02
-2.436867e-02
-2.298522e-02
-2.155724e-02
-2.011486e-02
-1.835412e-02
-1.605746e-02
-1.350859e-02
-1.149370e-02
-1.066132e-02
-1.129459e-02
-1.354030e-02
-1.751894e-02
-2.310681e-02
-2.937600e-02
-3.476052e-02
-3.815316e-02
-3.864521e-02
-3.499531e-02
-2.602113e-02
-1.189390e-02
5.334384e-03
2.208264e-02
3.506643e-02
4.285398e-02
4.620480e-02
4.636340e-02
4.479510e-02
4.259654e-02
4.006836e-02
3.688019e-02
3.269650e-02
2.784998e-02
2.338591e-02
2.004322e-02
1.755084e-02
1.541365e-02
1.345638e-02
1.193447e-02
1.073573e-02
8.977189e-03
6.177318e-03
2.674812e-03
-1.167816e-03
-4.847679e-03
-7.669931e-03
-9.516720e-03
-1.099977e-02
-1.247141e-02
-1.388760e-02
-1.504253e-02
-1.569982e-02
-1.553156e-02
-1.386031e-02
-1.022783e-02
-5.108218e-03
4.343322e-04
5.470207e-03
9.645033e-03
1.311512e-02
1.609097e-02
1.867603e-02
2.093416e-02
2.323798e-02
2.616145e-02
2.972355e-02
3.335798e-02
3.645384e-02
3.898540e-02
4.134171e-02
4.315359e-02
4.361600e-02
4.245826e-02
3.994416e-02
3.652671e-02
3.237899e-02
2.775757e-02
2.332986e-02
1.942667e-02
1.561926e-02
1.173441e-02
8.045545e-03
4.620158e-03
1.471766e-03
-1.149910e-03
-3.053567e-03
-4.586557e-03
-6.763316e-03
-1.030528e-02
-1.466649e-02
-1.897651e-02
-2.283996e-02
-2.619238e-02
-2.887598e-02
-3.031901e-02
-3.008976e-02
-2.840250e-02
-2.578827e-02
-2.276329e-02
-1.925524e-02
-1.489727e-02
-9.472810e-03
-2.986950e-03
4.170300e-03
1.129808e-02
1.753762e-02
2.210112e-02
2.433486e-02
2.391015e-02
2.078720e-02
1.556132e-02
9.229154e-03
2.646539e-03
-3.876489e-03
-1.077117e-02
-1.850496e-02
-2.665625e-02
-3.405747e-02
-3.971605e-02
-4.398508e-02
-4.803902e-02
-5.193438e-02
-5.495030e-02
-5.653220e-02
-5.651798e-02
-5.513066e-02
-5.248465e-02
-4.880488e-02
-4.448072e-02
-3.957902e-02
-3.387320e-02
-2.736215e-02
-2.046375e-02
-1.370742e-02
-7.276457e-03
-9.825193e-04
5.117881e-03
1.062736e-02
1.520307e-02
1.910225e-02
2.316799e-02
2.774936e-02
3.244814e-02
3.662885e-02
3.963745e-02
4.094461e-02
4.032160e-02
3.801296e-02
3.444449e-02
3.024177e-02
2.602279e-02
2.214443e-02
1.856047e-02
1.482631e-02
1.054982e-02
5.919739e-03
1.466709e-03
-2.292301e-03
-4.987092e-03
-6.425414e-03
-6.498123e-03
-5.390251e-03
-3.532371e-03
-9.902821e-04
2.655856e-03
8.008227e-03
1.480159e-02
2.142628e-02
2.625394e-02
2.862904e-02
2.899114e-02
2.863264e-02
2.878064e-02
2.968165e-02
3.071653e-02
3.163745e-02
3.248404e-02
3.301918e-02
3.317459e-02
3.331338e-02
3.373663e-02
3.446982e-02
3.538149e-02
3.654415e-02
3.818830e-02
3.988495e-02
4.081078e-02
4.097283e-02
4.089166e-02
4.085297e-02
4.093071e-02
4.109158e-02
4.117644e-02
4.085647e-02
3.964513e-02
3.710858e-02
3.282275e-02
2.593653e-02
1.601988e-02
3.957112e-03
-8.344693e-03
-1.887400e-02
-2.675494e-02
-3.229641e-02
-3.592144e-02
-3.775684e-02
-3.753920e-02
-3.492779e-02
-3.023279e-02
-2.447990e-02
-1.898633e-02
-1.455289e-02
-1.121016e-02
-8.569642e-03
-6.700562e-03
-5.790727e-03
-5.657366e-03
-6.107297e-03
-6.997183e-03
-7.874508e-03
-8.112591e-03
-7.413170e-03
-5.781336e-03
-3.388235e-03
-4.619029e-04
2.705852e-03
5.867494e-03
8.653663e-03
1.053839e-02
1.120710e-02
1.088382e-02
1.016452e-02
9.513288e-03
8.861731e-03
8.197256e-03
7.681279e-03
6.983595e-03
5.565817e-03
3.308470e-03
4.649357e-04
-2.583365e-03
-5.676842e-03
-8.788324e-03
-1.177116e-02
-1.425559e-02
-1.574600e-02
-1.590026e-02
-1.446599e-02
-1.087570e-02
-4.911127e-03
2.709459e-03
1.071851e-02
1.779197e-02
2.336758e-02
2.734938e-02
2.960114e-02
3.033958e-02
3.015286e-02
2.900826e-02
2.679370e-02
2.401120e-02
2.132639e-02
1.912486e-02
1.746862e-02
1.629641e-02
1.565721e-02
1.541091e-02
1.508028e-02
1.437059e-02
1.351041e-02
1.324279e-02
1.421624e-02
1.651891e-02
2.006823e-02
2.460405e-02
2.946752e-02
3.346398e-02
3.524308e-02
3.422461e-02
3.115479e-02
2.738485e-02
2.426929e-02
2.231774e-02
2.131892e-02
2.070643e-02
1.987289e-02
1.851511e-02
1.697768e-02
1.582870e-02
1.524589e-02
1.479139e-02
1.369224e-02
1.153666e-02
8.377981e-03
4.568421e-03
6.260960e-04
-2.982219e-03
-6.244744e-03
-9.288260e-03
-1.194119e-02
-1.397763e-02
-1.559818e-02
-1.764078e-02
-2.076825e-02
-2.453321e-02
-2.836076e-02
-3.222397e-02
-3.596022e-02
-3.931474e-02
-4.248986e-02
-4.587723e-02
-4.961797e-02
-5.352352e-02
-5.736137e-02
-6.129254e-02
-6.538353e-02
-6.914193e-02
-7.203906e-02
-7.382152e-02
-7.427865e-02
-7.340038e-02
-7.137313e-02
-6.828394e-02
-6.410575e-02
-5.888851e-02
-5.316190e-02
-4.794426e-02
-4.425120e-02
-4.249952e-02
-4.226812e-02
-4.255116e-02
-4.264647e-02
-4.198587e-02
-3.994250e-02
-3.623729e-02
-3.110132e-02
-2.477149e-02
-1.736068e-02
-8.819711e-03
7.460953e-04
1.069437e-02
2.003005e-02
2.788959e-02
3.408302e-02
3.886377e-02
4.250454e-02
4.477368e-02
4.527577e-02
4.390557e-02
4.104789e-02
3.748668e-02
3.379985e-02
3.005322e-02
2.568668e-02
2.030810e-02
1.424281e-02
7.896034e-03
1.604272e-03
-4.061642e-03
-8.303153e-03
-1.037478e-02
-1.007750e-02
-7.957162e-03
-4.516551e-03
-2.880843e-04
4.158503e-03
8.253235e-03
1.147656e-02
1.358364e-02
1.476553e-02
1.545072e-02
1.580230e-02
1.573977e-02
1.578955e-02
1.671356e-02
1.819597e-02
1.919650e-02
1.889971e-02
1.720589e-02
1.467343e-02
1.171334e-02
8.424237e-03
4.719357e-03
7.436266e-04
-3.028059e-03
-6.293717e-03
-8.825956e-03
-1.028332e-02
-1.073022e-02
-1.078136e-02
-1.080205e-02
-1.084495e-02
-1.093536e-02
-1.119634e-02
-1.185601e-02
-1.311471e-02
-1.514951e-02
-1.819813e-02
-2.200332e-02
-2.561053e-02
-2.830060e-02
-3.000167e-02
-3.092554e-02
-3.143492e-02
-3.179943e-02
-3.190039e-02
-3.132424e-02
-2.988497e-02
-2.820786e-02
-2.766342e-02
-2.898473e-02
-3.154903e-02
-3.451240e-02
-3.726425e-02
-3.960833e-02
-4.173205e-02
-4.386207e-02
-4.572137e-02
-4.682945e-02
-4.728855e-02
-4.738986e-02
-4.701189e-02
-4.590743e-02
-4.425420e-02
-4.285585e-02
-4.233516e-02
-4.225601e-02
-4.184413e-02
-4.073912e-02
-3.917972e-02
-3.778543e-02
-3.702937e-02
-3.694698e-02
-3.714288e-02
-3.717921e-02
-3.668410e-02
-3.539571e-02
-3.342140e-02
-3.110639e-02
-2.824267e-02
-2.442650e-02
-2.012361e-02
-1.631818e-02
-1.352676e-02
-1.130945e-02
-8.617391e-03
-5.053673e-03
-9.811621e-04
3.035738e-03
6.740366e-03
1.021635e-02
1.335882e-02
1.621777e-02
1.940154e-02
2.311963e-02
2.677047e-02
3.006532e-02
3.319145e-02
3.620235e-02
3.893761e-02
4.118740e-02
4.292283e-02
4.427792e-02
4.521100e-02
4.567554e-02
4.575559e-02
4.537122e-02
4.429302e-02
4.243298e-02
3.989526e-02
3.674403e-02
3.288563e-02
2.831485e-02
2.352363e-02
1.912717e-02
1.520542e-02
1.202936e-02
1.028329e-02
9.884654e-03
9.942082e-03
9.939500e-03
9.754249e-03
9.423162e-03
9.183387e-03
9.478217e-03
1.081146e-02
1.329587e-02
1.642992e-02
1.961653e-02
2.238186e-02
2.426970e-02
2.505115e-02
2.487873e-02
2.391475e-02
2.235074e-02
2.085423e-02
2.011289e-02
1.994255e-02
1.987035e-02
1.981929e-02
1.995622e-02
2.034670e-02
2.060297e-02
1.979537e-02
1.686934e-02
1.165382e-02
5.236219e-03
-1.063491e-03
-6.365441e-03
-1.056225e-02
-1.366942e-02
-1.571890e-02
-1.727285e-02
-1.888932e-02
-2.036688e-02
-2.182758e-02
-2.404216e-02
-2.694433e-02
-2.956006e-02
-3.111148e-02
-3.155653e-02
-3.152688e-02
-3.150641e-02
-3.159945e-02
-3.173501e-02
-3.179591e-02
-3.172735e-02
-3.160558e-02
-3.166651e-02
-3.222464e-02
-3.345032e-02
-3.521552e-02
-3.727589e-02
-3.929402e-02
-4.082099e-02
-4.178368e-02
-4.284100e-02
-4.437925e-02
-4.580615e-02
-4.607100e-02
-4.427658e-02
-4.005733e-02
-3.340100e-02
-2.452595e-02
-1.418006e-02
-3.730196e-03
5.706011e-03
1.341433e-02
1.901762e-02
2.241064e-02
2.399876e-02
2.455038e-02
2.482003e-02
2.492285e-02
2.458587e-02
2.365786e-02
2.236730e-02
2.115762e-02
2.020716e-02
1.936224e-02
1.849341e-02
1.812651e-02
1.904057e-02
2.130070e-02
2.428702e-02
2.712222e-02
2.907479e-02
2.989912e-02
2.999929e-02
2.997131e-02
3.002900e-02
3.012579e-02
3.018232e-02
3.018454e-02
3.019582e-02
3.028598e-02
3.041575e-02
3.035794e-02
2.974589e-02
2.832780e-02
2.621807e-02
2.382629e-02
2.154388e-02
1.931542e-02
1.694592e-02
1.469478e-02
1.286674e-02
1.137230e-02
1.002341e-02
8.628054e-03
6.928854e-03
4.742526e-03
2.253292e-03
2.635323e-04
-2.188479e-04
9.152499e-04
2.736050e-03
4.078541e-03
4.555789e-03
4.670648e-03
4.608532e-03
4.018838e-03
2.514172e-03
3.008349e-04
-1.775786e-03
-3.264299e-03
-4.314564e-03
-5.227711e-03
-6.428614e-03
-8.195113e-03
-9.951000e-03
-1.071547e-02
-1.059632e-02
-1.062704e-02
-1.183948e-02
-1.471864e-02
-1.879321e-02
-2.284280e-02
-2.590545e-02
-2.823379e-02
-3.009777e-02
-3.116671e-02
-3.148766e-02
-3.154736e-02
-3.157840e-02
-3.161602e-02
-3.168698e-02
-3.181013e-02
-3.194678e-02
-3.193524e-02
-3.152581e-02
-3.055827e-02
-2.923463e-02
-2.803768e-02
-2.714540e-02
-2.626643e-02
-2.491692e-02
-2.315357e-02
-2.149502e-02
-1.983208e-02
-1.802522e-02
-1.676755e-02
-1.647903e-02
-1.662365e-02
-1.657857e-02
-1.593568e-02
-1.456515e-02
-1.286932e-02
-1.146975e-02
-1.010386e-02
-7.988704e-03
-5.211378e-03
-2.428784e-03
-7.038817e-05
1.792508e-03
3.220496e-03
3.980093e-03
3.848374e-03
3.094211e-03
2.503955e-03
3.010524e-03
4.912984e-03
7.937478e-03
1.178957e-02
1.611236e-02
2.042996e-02
2.443479e-02
2.802749e-02
3.118559e-02
3.366769e-02
3.499181e-02
3.496281e-02
3.381030e-02
3.164433e-02
2.857779e-02
2.491916e-02
2.113645e-02
1.765502e-02
1.440866e-02
1.117630e-02
8.145823e-03
5.858432e-03
4.770274e-03
4.718779e-03
4.999459e-03
4.945953e-03
3.986714e-03
1.837595e-03
-1.033930e-03
-3.618235e-03
-5.305153e-03
-6.205457e-03
-6.833322e-03
-7.183674e-03
-6.905964e-03
-6.202834e-03
-5.476737e-03
-4.818617e-03
-4.500163e-03
-4.868250e-03
-5.554334e-03
-5.939294e-03
-5.979703e-03
-5.885221e-03
-5.783646e-03
-5.752354e-03
-5.843041e-03
-6.049211e-03
-6.215646e-03
-5.986099e-03
-4.908884e-03
-2.795588e-03
2.749999e-05
3.135024e-03
6.390215e-03
9.640952e-03
1.242315e-02
1.402148e-02
1.400445e-02
1.268523e-02
1.088622e-02
9.372569e-03
7.996264e-03
6.461455e-03
5.190112e-03
4.287511e-03
3.165081e-03
1.720603e-03
4.127570e-04
-3.937549e-04
-6.924326e-04
-7.716692e-04
-7.468318e-04
-4.901081e-04
1.345342e-04
9.938991e-04
1.691824e-03
2.057022e-03
2.107179e-03
1.499204e-03
-2.659917e-04
-3.359752e-03
-7.328599e-03
-1.122214e-02
-1.444534e-02
-1.659478e-02
-1.719888e-02
-1.638952e-02
-1.496333e-02
-1.312175e-02
-1.050317e-02
-6.793621e-03
-1.986927e-03
3.482664e-03
8.882857e-03
1.351965e-02
1.735002e-02
2.092910e-02
2.491932e-02
2.944383e-02
3.402488e-02
3.815385e-02
4.150135e-02
4.388722e-02
4.514464e-02
4.515743e-02
4.397446e-02
4.219882e-02
4.085990e-02
4.045264e-02
4.059397e-02
4.092313e-02
4.120512e-02
4.101604e-02
3.977505e-02
3.714155e-02
3.362307e-02
3.019830e-02
2.701569e-02
2.376979e-02
2.053441e-02
1.790620e-02
1.669115e-02
1.719167e-02
1.857811e-02
1.913589e-02
1.786273e-02
1.500230e-02
1.075005e-02
5.307700e-03
-7.666542e-04
-6.729824e-03
-1.175094e-02
-1.492195e-02
-1.556007e-02
-1.353331e-02
-9.404874e-03
-4.221987e-03
1.151562e-03
6.188598e-03
1.074962e-02
1.469126e-02
1.764924e-02
1.954915e-02
2.071328e-02
2.118095e-02
2.099015e-02
2.035559e-02
1.895958e-02
1.611674e-02
1.196533e-02
7.314760e-03
2.636009e-03
-1.758267e-03
-5.382914e-03
-7.624418e-03
-7.940381e-03
-6.042499e-03
-2.249856e-03
2.521042e-03
7.421694e-03
1.158950e-02
1.393917e-02
1.377614e-02
1.142145e-02
7.947942e-03
4.567924e-03
1.423957e-03
-1.928370e-03
-5.500862e-03
-8.632817e-03
-1.048516e-02
-1.107491e-02
-1.095214e-02
-1.012202e-02
-8.403094e-03
-6.006405e-03
-3.519247e-03
-1.700611e-03
-9.944338e-04
-1.457473e-03
-2.811637e-03
-4.480448e-03
-5.987836e-03
-7.630347e-03
-9.505478e-03
-1.070547e-02
-1.058562e-02
-9.456058e-03
-7.876010e-03
-6.475511e-03
-5.796894e-03
-6.092095e-03
-7.236678e-03
-8.863449e-03
-1.037841e-02
-1.113275e-02
-1.059439e-02
-8.551215e-03
-5.244957e-03
-1.359210e-03
2.507350e-03
6.037354e-03
9.069899e-03
1.112861e-02
1.159587e-02
1.041759e-02
8.313252e-03
6.328051e-03
5.029231e-03
4.340048e-03
4.186331e-03
4.781003e-03
6.525138e-03
9.266605e-03
1.201567e-02
1.388463e-02
1.460055e-02
1.458815e-02
1.446221e-02
1.458539e-02
1.516746e-02
1.627958e-02
1.777755e-02
1.944691e-02
2.109776e-02
2.235519e-02
2.262460e-02
2.137167e-02
1.850852e-02
1.457012e-02
1.050193e-02
7.330475e-03
5.546802e-03
4.929090e-03
4.830666e-03
4.750004e-03
4.617265e-03
4.553695e-03
4.621508e-03
4.680966e-03
4.385624e-03
3.357170e-03
1.519015e-03
-8.000776e-04
-3.205295e-03
-5.532710e-03
-7.824860e-03
-9.721490e-03
-1.062514e-02
-1.065172e-02
-1.048176e-02
-1.071548e-02
-1.174958e-02
-1.355249e-02
-1.540064e-02
-1.644276e-02
-1.648688e-02
-1.548964e-02
-1.334444e-02
-1.050657e-02
-7.967047e-03
-6.405388e-03
-5.842330e-03
-5.840157e-03
-6.309683e-03
-7.521741e-03
-9.565277e-03
-1.210428e-02
-1.447197e-02
-1.603276e-02
-1.624129e-02
-1.442363e-02
-1.026711e-02
-4.236526e-03
2.662963e-03
9.263042e-03
1.493953e-02
1.943259e-02
2.242546e-02
2.375162e-02
2.362655e-02
2.241417e-02
2.056158e-02
1.835010e-02
1.628182e-02
1.515873e-02
1.527539e-02
1.627579e-02
1.787625e-02
1.991326e-02
2.210035e-02
2.367897e-02
2.370186e-02
2.196445e-02
1.877375e-02
1.423294e-02
8.577795e-03
2.421263e-03
-3.771754e-03
-9.524982e-03
-1.418145e-02
-1.731193e-02
-1.899159e-02
-1.949336e-02
-1.945057e-02
-1.971505e-02
-2.053564e-02
-2.122889e-02
-2.133462e-02
-2.107579e-02
-2.090134e-02
-2.139394e-02
-2.310921e-02
-2.611100e-02
-2.995086e-02
-3.447665e-02
-3.981636e-02
-4.596544e-02
-5.208672e-02
-5.667545e-02
-5.906780e-02
-5.960278e-02
-5.874255e-02
-5.696686e-02
-5.489526e-02
-5.324594e-02
-5.251476e-02
-5.244930e-02
-5.251425e-02
-5.248579e-02
-5.231742e-02
-5.193483e-02
-5.114897e-02
-4.970909e-02
-4.715686e-02
-4.240178e-02
-3.473457e-02
-2.574090e-02
-1.826137e-02
-1.374518e-02
-1.195116e-02
-1.166200e-02
-1.214334e-02
-1.311845e-02
-1.433902e-02
-1.547793e-02
-1.613416e-02
-1.592125e-02
-1.452125e-02
-1.167891e-02
-7.553355e-03
-2.841695e-03
1.723280e-03
5.527620e-03
8.131104e-03
9.657613e-03
1.072753e-02
1.126432e-02
1.043023e-02
8.001047e-03
4.744041e-03
1.710218e-03
-6.922625e-04
-2.792729e-03
-4.522143e-03
-5.545601e-03
-5.971437e-03
-5.933307e-03
-5.265398e-03
-4.011406e-03
-2.970239e-03
-3.516899e-03
-6.059162e-03
-9.257096e-03
-1.201820e-02
-1.394597e-02
-1.415416e-02
-1.204260e-02
-8.256272e-03
-3.813454e-03
5.086070e-04
4.312223e-03
7.482960e-03
1.005157e-02
1.198268e-02
1.302885e-02
1.277982e-02
1.137696e-02
9.933549e-03
9.437824e-03
9.892678e-03
1.103896e-02
1.251730e-02
1.378778e-02
1.490735e-02
1.684553e-02
2.002762e-02
2.372725e-02
2.708688e-02
2.974827e-02
3.198383e-02
3.382907e-02
3.491381e-02
3.536969e-02
3.564698e-02
3.567610e-02
3.495956e-02
3.308992e-02
3.029498e-02
2.734426e-02
2.478660e-02
2.287149e-02
2.176893e-02
2.181486e-02
2.312516e-02
2.513821e-02
2.727933e-02
2.962717e-02
3.211885e-02
3.419254e-02
3.535914e-02
3.527440e-02
3.365987e-02
3.059981e-02
2.665741e-02
2.230421e-02
1.782818e-02
1.329130e-02
8.706451e-03
4.230919e-03
1.625492e-04
-3.227361e-03
-5.872267e-03
-7.817090e-03
-8.997919e-03
-9.128464e-03
-8.159855e-03
-6.683954e-03
-5.191848e-03
-3.515596e-03
-2.109254e-03
-2.158686e-03
-3.977844e-03
-7.044217e-03
-1.084677e-02
-1.480910e-02
-1.822292e-02
-2.061229e-02
-2.166491e-02
-2.088073e-02
-1.757658e-02
-1.153817e-02
-4.017859e-03
2.740363e-03
7.616887e-03
1.049692e-02
1.152392e-02
1.090942e-02
9.073762e-03
6.429159e-03
3.322763e-03
1.658351e-05
-2.919162e-03
-4.439968e-03
-3.510909e-03
5.030805e-05
5.186262e-03
1.039457e-02
1.452938e-02
1.723175e-02
1.860667e-02
1.859409e-02
1.726783e-02
1.512885e-02
1.272163e-02
1.045021e-02
8.397321e-03
6.664569e-03
5.409754e-03
4.035125e-03
1.498392e-03
-2.183553e-03
-5.967070e-03
-8.744561e-03
-1.019220e-02
-1.085830e-02
-1.110916e-02
-1.079366e-02
-9.355293e-03
-6.585081e-03
-3.095906e-03
1.847325e-04
2.101162e-03
1.565118e-03
-1.380173e-03
-5.434093e-03
-9.868199e-03
-1.442214e-02
-1.819993e-02
-2.038776e-02
-2.103157e-02
-2.028986e-02
-1.828705e-02
-1.537919e-02
-1.215284e-02
-9.184838e-03
-7.112134e-03
-6.429967e-03
-6.922903e-03
-7.667670e-03
-7.708082e-03
-6.679376e-03
-4.851226e-03
-2.390979e-03
4.295351e-04
2.705132e-03
3.247123e-03
1.296331e-03
-2.917171e-03
-8.284659e-03
-1.387894e-02
-1.851388e-02
-2.061712e-02
-1.968368e-02
-1.686406e-02
-1.360606e-02
-1.092182e-02
-9.041617e-03
-8.282472e-03
-9.034955e-03
-1.049749e-02
-1.132417e-02
-1.122888e-02
-1.049398e-02
-9.421623e-03
-8.578662e-03
-8.577589e-03
-9.438982e-03
-1.056473e-02
-1.112752e-02
-1.069482e-02
-9.434999e-03
-7.808446e-03
-6.397680e-03
-5.710462e-03
-6.038568e-03
-7.392777e-03
-9.618531e-03
-1.222534e-02
-1.444420e-02
-1.566376e-02
-1.569794e-02
-1.465213e-02
-1.304151e-02
-1.154842e-02
-1.025212e-02
-8.653818e-03
-6.998907e-03
-6.061103e-03
-5.882603e-03
-6.062103e-03
-6.299336e-03
-6.273598e-03
-5.601062e-03
-4.102840e-03
-2.233462e-03
-9.845544e-04
-7.025198e-04
-8.042495e-04
-8.771136e-04
-8.388542e-04
-7.364950e-04
-6.643777e-04
-6.840641e-04
-7.810495e-04
-8.476977e-04
-7.166415e-04
-2.745750e-04
3.660973e-04
7.708462e-04
5.547215e-04
-1.224660e-04
-1.159460e-03
-2.886382e-03
-5.157051e-03
-7.261703e-03
-8.910820e-03
-1.009952e-02
-1.073472e-02
-1.089662e-02
-1.091157e-02
-1.093794e-02
-1.098265e-02
-1.103743e-02
-1.109513e-02
-1.114254e-02
-1.113870e-02
-1.103751e-02
-1.085662e-02
-1.076824e-02
-1.110861e-02
-1.221118e-02
-1.404885e-02
-1.609039e-02
-1.795505e-02
-1.989003e-02
-2.206303e-02
-2.403226e-02
-2.491245e-02
-2.432611e-02
-2.304408e-02
-2.197254e-02
-2.143173e-02
-2.125120e-02
-2.118975e-02
-2.139881e-02
-2.225382e-02
-2.385561e-02
-2.561326e-02
-2.669107e-02
-2.688793e-02
-2.616628e-02
-2.428608e-02
-2.139697e-02
-1.817096e-02
-1.517623e-02
-1.288509e-02
-1.163907e-02
-1.123799e-02
-1.108012e-02
-1.108254e-02
-1.159850e-02
-1.288795e-02
-1.465029e-02
-1.624551e-02
-1.775706e-02
-1.941329e-02
-2.069545e-02
-2.130295e-02
-2.164606e-02
-2.177704e-02
-2.114969e-02
-1.911299e-02
-1.568959e-02
-1.173682e-02
-7.829000e-03
-4.280032e-03
-1.805536e-03
-8.668235e-04
-1.111312e-03
-2.181203e-03
-3.771941e-03
-5.177088e-03
-5.837952e-03
-6.013124e-03
-6.037563e-03
-5.820567e-03
-5.145943e-03
-4.111242e-03
-3.326595e-03
-3.434307e-03
-4.656505e-03
-6.814332e-03
-9.233372e-03
-1.094685e-02
-1.125173e-02
-1.003769e-02
-7.405620e-03
-3.801087e-03
-1.411411e-04
2.631774e-03
4.143300e-03
4.517938e-03
4.043718e-03
2.622304e-03
3.993525e-04
-1.683415e-03
-2.633599e-03
-2.037820e-03
-1.462930e-05
2.861074e-03
5.922660e-03
8.532656e-03
1.018848e-02
1.073620e-02
1.048440e-02
9.891937e-03
8.989501e-03
7.309072e-03
4.960112e-03
2.827770e-03
1.617866e-03
1.802994e-03
3.726211e-03
7.190205e-03
1.119962e-02
1.454671e-02
1.625753e-02
1.604779e-02
1.427879e-02
1.177843e-02
9.380954e-03
7.754809e-03
7.160933e-03
7.489338e-03
8.358438e-03
9.226666e-03
9.605165e-03
9.439378e-03
8.929166e-03
8.307291e-03
7.988783e-03
8.296796e-03
8.920951e-03
9.521852e-03
1.039194e-02
1.174461e-02
1.327733e-02
1.453170e-02
1.497848e-02
1.404244e-02
1.129208e-02
6.906316e-03
2.038739e-03
-1.670474e-03
-3.310543e-03
-2.634590e-03
1.839360e-04
4.503338e-03
9.269303e-03
1.371108e-02
1.717813e-02
1.909840e-02
1.959727e-02
1.940314e-02
1.872994e-02
1.758534e-02
1.630095e-02
1.528602e-02
1.475877e-02
1.461972e-02
1.462596e-02
1.469159e-02
1.478508e-02
1.474110e-02
1.422687e-02
1.291438e-02
1.072944e-02
7.889995e-03
4.782515e-03
1.707092e-03
-1.099914e-03
-3.386484e-03
-5.017804e-03
-6.034561e-03
-6.425449e-03
-5.999154e-03
-4.381771e-03
-1.736308e-03
7.953947e-04
1.938469e-03
1.308859e-03
-1.144647e-04
-1.021633e-03
-1.309635e-03
-1.312582e-03
-9.158863e-04
2.688989e-04
2.342867e-03
4.722090e-03
6.644447e-03
7.663924e-03
7.461000e-03
6.183734e-03
4.791591e-03
4.093181e-03
3.910796e-03
4.000397e-03
4.554321e-03
5.831696e-03
7.603441e-03
9.041856e-03
9.663112e-03
9.558475e-03
8.424181e-03
5.822980e-03
1.876615e-03
-2.723802e-03
-6.913388e-03
-9.714737e-03
-1.079336e-02
-1.080358e-02
-1.072959e-02
-1.115405e-02
-1.229076e-02
-1.395768e-02
-1.559652e-02
-1.699596e-02
-1.861084e-02
-2.032202e-02
-2.132390e-02
-2.153757e-02
-2.147745e-02
-2.145855e-02
-2.158106e-02
-2.180882e-02
-2.194796e-02
-2.168618e-02
-2.076683e-02
-1.931492e-02
-1.790607e-02
-1.705323e-02
-1.684642e-02
-1.682740e-02
-1.628666e-02
-1.476332e-02
-1.238041e-02
-9.609219e-03
-6.569259e-03
-3.627308e-03
-1.727202e-03
-1.064926e-03
-8.691593e-04
-9.628152e-04
-1.719680e-03
-3.268827e-03
-4.836303e-03
-5.001910e-03
-3.212825e-03
1.231172e-04
4.485148e-03
9.059559e-03
1.284414e-02
1.555413e-02
1.712550e-02
1.659032e-02
1.343961e-02
8.680327e-03
3.426927e-03
-1.407990e-03
-4.762309e-03
-6.131202e-03
-6.046472e-03
-4.949603e-03
-3.000514e-03
-8.743083e-04
4.290556e-04
4.235070e-04
-7.071013e-04
-2.363770e-03
-4.163308e-03
-5.764691e-03
-6.493875e-03
-5.566093e-03
-2.623396e-03
1.754205e-03
6.148569e-03
9.385392e-03
1.086659e-02
1.054318e-02
8.702666e-03
5.932064e-03
2.861239e-03
2.769065e-04
-9.612486e-04
-4.019790e-04
1.711196e-03
4.787195e-03
7.945040e-03
1.024600e-02
1.080603e-02
9.084194e-03
5.362859e-03
9.045761e-04
-2.701662e-03
-4.038378e-03
-2.521182e-03
9.886015e-04
4.752719e-03
8.005397e-03
1.048887e-02
1.162859e-02
1.093063e-02
8.374246e-03
4.271411e-03
-5.365633e-04
-4.958312e-03
-8.500907e-03
-1.128366e-02
-1.304712e-02
-1.345024e-02
-1.276694e-02
-1.176494e-02
-1.132593e-02
-1.187886e-02
-1.328109e-02
-1.503790e-02
-1.644454e-02
-1.678690e-02
-1.564626e-02
-1.322414e-02
-1.033290e-02
-7.986005e-03
-6.741046e-03
-6.391683e-03
-6.295528e-03
-6.370782e-03
-6.995632e-03
-8.393261e-03
-1.009587e-02
-1.119602e-02
-1.160273e-02
-1.177623e-02
-1.171065e-02
-1.095700e-02
-9.114336e-03
-6.359832e-03
-3.333928e-03
-3.640175e-04
2.546975e-03
5.516336e-03
8.659471e-03
1.194396e-02
1.507742e-02
1.754450e-02
1.888985e-02
1.923748e-02
1.925693e-02
1.925682e-02
1.921193e-02
1.911458e-02
1.913342e-02
1.961802e-02
2.083348e-02
2.253723e-02
2.393018e-02
2.459777e-02
2.488248e-02
2.485643e-02
2.413042e-02
2.245064e-02
2.039879e-02
1.938428e-02
2.026598e-02
2.270369e-02
2.571474e-02
2.815846e-02
2.937271e-02
2.954422e-02
2.945026e-02
2.946398e-02
2.953885e-02
2.955937e-02
2.952368e-02
2.963881e-02
3.021510e-02
3.138553e-02
3.287499e-02
3.419135e-02
3.488260e-02
3.465149e-02
3.335794e-02
3.091481e-02
2.752812e-02
2.390995e-02
2.110179e-02
1.984031e-02
1.967536e-02
1.952998e-02
1.877517e-02
1.734476e-02
1.545946e-02
1.316880e-02
1.053112e-02
7.841317e-03
5.313609e-03
2.816046e-03
-2.861735e-05
-3.289503e-03
-6.328504e-03
-8.756758e-03
-1.098008e-02
-1.322818e-02
-1.548004e-02
-1.799312e-02
-2.086102e-02
-2.361141e-02
-2.572185e-02
-2.709053e-02
-2.807230e-02
-2.880557e-02
-2.868386e-02
-2.725865e-02
-2.473170e-02
-2.124723e-02
-1.688152e-02
-1.172806e-02
-5.957632e-03
1.573595e-04
6.423794e-03
1.254027e-02
1.790282e-02
2.181409e-02
2.388005e-02
2.428732e-02
2.365358e-02
2.225856e-02
2.057429e-02
1.951036e-02
1.930871e-02
1.937488e-02
1.934098e-02
1.920463e-02
1.911418e-02
1.922782e-02
1.952096e-02
1.963554e-02
1.891182e-02
1.674260e-02
1.324942e-02
9.247165e-03
4.976034e-03
3.708946e-04
-4.140958e-03
-8.282490e-03
-1.225292e-02
-1.568435e-02
-1.775596e-02
-1.827268e-02
-1.775376e-02
-1.685407e-02
-1.569960e-02
-1.416942e-02
-1.276118e-02
-1.202106e-02
-1.173395e-02
-1.164927e-02
-1.198639e-02
-1.313449e-02
-1.511708e-02
-1.736089e-02
-1.934373e-02
-2.092410e-02
-2.180739e-02
-2.160288e-02
-2.030587e-02
-1.852928e-02
-1.715713e-02
-1.632366e-02
-1.558516e-02
-1.500839e-02
-1.479484e-02
-1.466259e-02
-1.417599e-02
-1.310629e-02
-1.158927e-02
-9.983328e-03
-8.568675e-03
-7.534083e-03
-6.942505e-03
-6.645852e-03
-6.501730e-03
-6.722073e-03
-7.645730e-03
-9.245331e-03
-1.080711e-02
-1.153575e-02
-1.168075e-02
-1.203279e-02
-1.300714e-02
-1.440562e-02
-1.565353e-02
-1.646856e-02
-1.710109e-02
-1.809495e-02
-1.955047e-02
-2.092609e-02
-2.172810e-02
-2.191248e-02
-2.196284e-02
-2.248371e-02
-2.371213e-02
-2.525963e-02
-2.631011e-02
-2.626845e-02
-2.524964e-02
-2.399514e-02
-2.292375e-02
-2.186782e-02
-2.046421e-02
-1.887877e-02
-1.786964e-02
-1.746477e-02
-1.679843e-02
-1.544516e-02
-1.391525e-02
-1.322376e-02
-1.344257e-02
-1.354356e-02
-1.310107e-02
-1.203321e-02
-9.922749e-03
-6.993495e-03
-4.550433e-03
-3.811552e-03
-5.001274e-03
-7.185257e-03
-9.483718e-03
-1.183165e-02
-1.408558e-02
-1.580566e-02
-1.680995e-02
-1.716175e-02
-1.692861e-02
-1.604897e-02
-1.459959e-02
-1.303822e-02
-1.161356e-02
-9.967725e-03
-8.273347e-03
-7.349636e-03
-7.170428e-03
-6.964031e-03
-6.185865e-03
-4.798759e-03
-3.167786e-03
-1.589879e-03
-1.756484e-04
1.108059e-03
2.469908e-03
4.274905e-03
6.882621e-03
1.029011e-02
1.395779e-02
1.740921e-02
2.071571e-02
2.388785e-02
2.652740e-02
2.810103e-02
2.857019e-02
2.873694e-02
2.959353e-02
3.165265e-02
3.466790e-02
3.793067e-02
4.091108e-02
4.319656e-02
4.443019e-02
4.448117e-02
4.326210e-02
4.028107e-02
3.521265e-02
2.862777e-02
2.206467e-02
1.755764e-02
1.628027e-02
1.790868e-02
2.102446e-02
2.460402e-02
2.823386e-02
3.137990e-02
3.346252e-02
3.422021e-02
3.347243e-02
3.124800e-02
2.817021e-02
2.546652e-02
2.426643e-02
2.496413e-02
2.688444e-02
2.869896e-02
2.909794e-02
2.774412e-02
2.511759e-02
2.187171e-02
1.828160e-02
1.445042e-02
1.075743e-02
7.649566e-03
5.309969e-03
3.845500e-03
3.432342e-03
4.427706e-03
7.018290e-03
1.094613e-02
1.555564e-02
1.983983e-02
2.277565e-02
2.374774e-02
2.286295e-02
2.059913e-02
1.762238e-02
1.494681e-02
1.351179e-02
1.332157e-02
1.414046e-02
1.609107e-02
1.888944e-02
2.157874e-02
2.333507e-02
2.380084e-02
2.305183e-02
2.117383e-02
1.818857e-02
1.419566e-02
9.677285e-03
5.270663e-03
8.948074e-04
-4.107371e-03
-9.465343e-03
-1.410783e-02
-1.734716e-02
-1.911782e-02
-1.975968e-02
-1.944543e-02
-1.819613e-02
-1.604015e-02
-1.327377e-02
-1.051306e-02
-8.371469e-03
-7.178286e-03
-6.889745e-03
-7.484242e-03
-9.248270e-03
-1.202630e-02
-1.488917e-02
-1.696954e-02
-1.771274e-02
-1.684069e-02
-1.415890e-02
-9.766491e-03
-4.498560e-03
3.434215e-04
4.038198e-03
6.402380e-03
7.578634e-03
8.033536e-03
8.307309e-03
8.334512e-03
7.678107e-03
6.155085e-03
4.330574e-03
3.177722e-03
2.903834e-03
3.257751e-03
4.205432e-03
5.606684e-03
7.003785e-03
8.010234e-03
8.422262e-03
8.189415e-03
7.274631e-03
5.779466e-03
4.257374e-03
3.208394e-03
2.259667e-03
9.817895e-04
-3.694590e-04
-1.379605e-03
-1.897738e-03
-2.112923e-03
-2.231220e-03
-2.103122e-03
-1.305417e-03
4.973066e-04
3.240594e-03
6.710519e-03
1.088360e-02
1.541432e-02
1.939399e-02
2.200292e-02
2.313840e-02
2.354493e-02
2.382114e-02
2.372613e-02
2.259558e-02
2.014476e-02
1.704986e-02
1.455707e-02
1.368541e-02
1.460942e-02
1.649253e-02
1.817160e-02
1.890325e-02
1.871191e-02
1.761147e-02
1.548611e-02
1.265455e-02
9.768283e-03
7.313435e-03
5.580272e-03
4.792286e-03
5.220015e-03
6.574640e-03
7.752942e-03
8.101829e-03
8.072313e-03
8.133326e-03
8.310447e-03
8.274767e-03
7.556349e-03
5.972667e-03
4.080631e-03
2.829329e-03
2.525529e-03
3.190370e-03
5.049984e-03
7.904316e-03
1.090116e-02
1.334893e-02
1.488211e-02
1.542308e-02
1.515823e-02
1.449223e-02
1.379097e-02
1.315020e-02
1.226530e-02
1.103769e-02
9.874511e-03
9.026365e-03
8.199644e-03
6.684339e-03
4.130799e-03
1.008530e-03
-2.113828e-03
-4.889939e-03
-7.148491e-03
-8.995516e-03
-1.074792e-02
-1.246581e-02
-1.376418e-02
-1.408921e-02
-1.325624e-02
-1.173901e-02
-1.014306e-02
-8.840568e-03
-8.026862e-03
-7.672185e-03
-7.509031e-03
-7.371540e-03
-7.429459e-03
-8.002231e-03
-9.199521e-03
-1.067678e-02
-1.187065e-02
-1.243622e-02
-1.248413e-02
-1.246188e-02
-1.262323e-02
-1.289135e-02
-1.288766e-02
-1.205351e-02
-1.003012e-02
-7.077877e-03
-3.872880e-03
-9.280126e-04
1.356244e-03
2.679310e-03
3.041963e-03
2.522881e-03
8.767788e-04
-1.772920e-03
-4.517033e-03
-6.473705e-03
-7.315335e-03
-7.388128e-03
-7.249211e-03
-7.169999e-03
-7.281104e-03
-7.716787e-03
-8.519558e-03
-9.422480e-03
-9.876827e-03
-9.653784e-03
-9.063593e-03
-8.383981e-03
-7.455953e-03
-5.672324e-03
-2.963289e-03
-2.332317e-04
1.664234e-03
2.501199e-03
2.703232e-03
2.733849e-03
2.583768e-03
2.032430e-03
1.099061e-03
2.802273e-04
1.828302e-04
1.072297e-03
2.935323e-03
5.515383e-03
8.486342e-03
1.152971e-02
1.443856e-02
1.704358e-02
1.920297e-02
2.091374e-02
2.219213e-02
2.290175e-02
2.308280e-02
2.311297e-02
2.327074e-02
2.356291e-02
2.368829e-02
2.308890e-02
2.126227e-02
1.830940e-02
1.495700e-02
1.185839e-02
9.561447e-03
8.435433e-03
8.189669e-03
7.956726e-03
7.284993e-03
6.309681e-03
5.437774e-03
4.768650e-03
4.029396e-03
3.233602e-03
2.528725e-03
1.780850e-03
9.777638e-04
3.312105e-04
-3.479506e-04
-1.481119e-03
-3.052656e-03
-4.728321e-03
-6.149446e-03
-7.016634e-03
-7.296061e-03
-7.421068e-03
-8.024892e-03
-9.422169e-03
-1.128840e-02
-1.302164e-02
-1.468299e-02
-1.624827e-02
-1.681639e-02
-1.592445e-02
-1.414616e-02
-1.187852e-02
-9.412920e-03
-7.321455e-03
-6.030748e-03
-5.481843e-03
-5.367824e-03
-5.343414e-03
-5.296070e-03
-5.263415e-03
-5.258983e-03
-5.217233e-03
-5.002130e-03
-4.502296e-03
-3.761174e-03
-2.900062e-03
-1.689830e-03
1.939938e-04
2.314693e-03
3.928859e-03
4.918677e-03
5.596073e-03
6.188893e-03
6.402832e-03
5.955095e-03
5.273354e-03
4.875739e-03
4.884313e-03
5.475949e-03
6.863800e-03
8.961651e-03
1.135043e-02
1.353854e-02
1.538208e-02
1.693565e-02
1.785544e-02
1.758873e-02
1.588078e-02
1.311429e-02
1.023171e-02
7.829601e-03
6.005712e-03
4.566716e-03
3.393619e-03
2.590590e-03
2.267599e-03
2.522903e-03
3.524749e-03
5.053559e-03
6.249354e-03
6.162368e-03
4.411975e-03
1.548769e-03
-1.593790e-03
-4.659372e-03
-7.572725e-03
-1.026445e-02
-1.264186e-02
-1.469950e-02
-1.649848e-02
-1.779746e-02
-1.804905e-02
-1.687446e-02
-1.448200e-02
-1.162278e-02
-9.034189e-03
-7.003292e-03
-5.369789e-03
-3.836695e-03
-2.406965e-03
-1.279344e-03
-5.201852e-04
1.769648e-04
1.259656e-03
2.728380e-03
4.296951e-03
5.742421e-03
6.894069e-03
7.627658e-03
7.857424e-03
7.344706e-03
5.664155e-03
2.854704e-03
-3.503697e-04
-3.323739e-03
-5.665131e-03
-7.231145e-03
-8.447495e-03
-1.001853e-02
-1.181317e-02
-1.322852e-02
-1.423579e-02
-1.478005e-02
-1.438525e-02
-1.307753e-02
-1.152651e-02
-1.016740e-02
-9.103110e-03
-8.197073e-03
-7.067560e-03
-5.478650e-03
-3.914500e-03
-2.848119e-03
-1.952707e-03
-1.002803e-03
-3.183596e-04
-1.085163e-04
-4.240432e-04
-1.367765e-03
-2.738471e-03
-3.896479e-03
-4.307545e-03
-3.943677e-03
-3.286418e-03
-2.618294e-03
-1.648857e-03
-3.076467e-04
9.949074e-04
1.886221e-03
2.258543e-03
2.233253e-03
1.829788e-03
9.390960e-04
-4.447548e-04
-2.263594e-03
-4.516396e-03
-6.971348e-03
-9.159239e-03
-1.090424e-02
-1.220202e-02
-1.285053e-02
-1.273853e-02
-1.210400e-02
-1.129961e-02
-1.053470e-02
-9.666254e-03
-8.749834e-03
-8.337764e-03
-8.731956e-03
-9.622744e-03
-1.045968e-02
-1.085081e-02
-1.079213e-02
-1.030248e-02
-9.321312e-03
-7.946222e-03
-6.381332e-03
-4.737907e-03
-3.174760e-03
-2.015344e-03
-1.611082e-03
-1.986293e-03
-2.701814e-03
-3.482044e-03
-4.434138e-03
-5.282152e-03
-5.407266e-03
-4.612263e-03
-3.265368e-03
-2.057184e-03
-1.543382e-03
-1.802437e-03
-2.439400e-03
-3.262433e-03
-4.784580e-03
-7.328918e-03
-1.062298e-02
-1.451943e-02
-1.871036e-02
-2.239151e-02
-2.478800e-02
-2.566888e-02
-2.536170e-02
-2.459251e-02
-2.387560e-02
-2.322402e-02
-2.238129e-02
-2.157488e-02
-2.141704e-02
-2.206968e-02
-2.309607e-02
-2.376688e-02
-2.359529e-02
-2.247207e-02
-2.033263e-02
-1.720835e-02
-1.335002e-02
-9.322808e-03
-5.891105e-03
-3.442566e-03
-1.922128e-03
-1.052679e-03
-4.074645e-04
3.946565e-04
1.292086e-03
2.089515e-03
2.944000e-03
3.897751e-03
4.581665e-03
4.780916e-03
4.528494e-03
3.756623e-03
2.533203e-03
1.230779e-03
1.561130e-04
-6.640760e-04
-1.389391e-03
-1.965960e-03
-1.961901e-03
-1.354139e-03
-6.475907e-04
1.565112e-04
1.295175e-03
2.571436e-03
3.652680e-03
4.464420e-03
5.232723e-03
6.122791e-03
6.817531e-03
7.031484e-03
6.966926e-03
6.954833e-03
7.255770e-03
7.978313e-03
8.902225e-03
9.556946e-03
9.794944e-03
9.856549e-03
9.789206e-03
9.428662e-03
8.674746e-03
7.772599e-03
7.209471e-03
7.080044e-03
7.153597e-03
7.283962e-03
7.359112e-03
7.189338e-03
6.554629e-03
5.408491e-03
4.036542e-03
2.813817e-03
1.896920e-03
1.201221e-03
6.900656e-04
7.099553e-04
1.325999e-03
1.878223e-03
1.943663e-03
1.746482e-03
1.634121e-03
1.938222e-03
2.882428e-03
4.297428e-03
5.633527e-03
6.505350e-03
6.914126e-03
7.144063e-03
7.320796e-03
7.114255e-03
5.981517e-03
3.719505e-03
8.497022e-04
-1.842235e-03
-3.961452e-03
-5.626466e-03
-7.202165e-03
-8.749390e-03
-1.001787e-02
-1.073102e-02
-1.092279e-02
-1.096005e-02
-1.104172e-02
-1.113027e-02
-1.105918e-02
-1.064694e-02
-9.883124e-03
-9.035418e-03
-8.353970e-03
-7.682068e-03
-6.894279e-03
-6.126311e-03
-5.284440e-03
-4.250593e-03
-3.471806e-03
-3.514570e-03
-4.470629e-03
-6.000301e-03
-7.476278e-03
-8.361848e-03
-8.380097e-03
-7.558960e-03
-6.147366e-03
-4.513052e-03
-2.895570e-03
-1.558343e-03
-9.020926e-04
-1.188535e-03
-2.292227e-03
-3.796662e-03
-5.089436e-03
-5.695024e-03
-5.511210e-03
-4.839649e-03
-4.069992e-03
-3.357576e-03
-2.404683e-03
-1.104897e-03
-5.115301e-05
5.145024e-05
-9.310177e-04
-2.359370e-03
-3.743771e-03
-5.504444e-03
-7.691707e-03
-9.519972e-03
-1.060200e-02
-1.110199e-02
-1.123942e-02
-1.095778e-02
-9.928644e-03
-7.965725e-03
-5.280764e-03
-2.336628e-03
3.738027e-04
2.561408e-03
4.229685e-03
5.509732e-03
6.331065e-03
6.668185e-03
6.753245e-03
6.783727e-03
6.817998e-03
6.856462e-03
6.886133e-03
6.893771e-03
6.872194e-03
6.828721e-03
6.794137e-03
6.814967e-03
6.913812e-03
7.022223e-03
6.938399e-03
6.386867e-03
5.234830e-03
3.674196e-03
2.051845e-03
6.622823e-04
-2.620998e-04
-6.654688e-04
-7.816777e-04
-8.940451e-04
-1.026125e-03
-1.001182e-03
-6.337549e-04
4.450344e-05
6.099687e-04
4.636929e-04
-3.333054e-04
-9.832980e-04
-1.101102e-03
-7.654528e-04
-6.550236e-05
7.905174e-04
1.538036e-03
2.300285e-03
3.266512e-03
4.051710e-03
4.091845e-03
3.154541e-03
1.259462e-03
-1.334384e-03
-4.293957e-03
-7.321526e-03
-1.024426e-02
-1.291007e-02
-1.514481e-02
-1.681622e-02
-1.774241e-02
-1.769893e-02
-1.697843e-02
-1.640127e-02
-1.628162e-02
-1.644882e-02
-1.674291e-02
-1.694550e-02
-1.666027e-02
-1.543210e-02
-1.315535e-02
-1.036442e-02
-7.737040e-03
-5.468747e-03
-3.278960e-03
-8.724857e-04
1.439179e-03
3.118887e-03
3.994153e-03
4.176028e-03
3.881776e-03
3.184673e-03
2.283519e-03
1.655456e-03
1.539476e-03
1.698128e-03
1.830318e-03
1.642027e-03
8.433047e-04
-5.992424e-04
-2.347407e-03
-3.968704e-03
-5.000025e-03
-5.032975e-03
-4.111489e-03
-2.781094e-03
-1.329271e-03
4.003473e-04
2.612659e-03
5.139128e-03
7.339464e-03
8.677594e-03
9.045596e-03
8.504160e-03
7.300521e-03
5.791586e-03
4.277473e-03
2.970432e-03
2.051926e-03
1.593919e-03
1.496591e-03
1.736772e-03
2.481825e-03
3.821267e-03
5.683574e-03
8.008036e-03
1.046402e-02
1.241126e-02
1.356273e-02
1.423626e-02
1.489865e-02
1.576455e-02
1.663948e-02
1.746243e-02
1.837579e-02
1.908661e-02
1.916152e-02
1.864155e-02
1.787362e-02
1.705798e-02
1.580621e-02
1.365303e-02
1.083034e-02
7.814320e-03
4.770001e-03
1.664413e-03
-1.507109e-03
-4.555832e-03
-7.067732e-03
-8.597511e-03
-9.076261e-03
-8.746002e-03
-7.458346e-03
-5.126844e-03
-2.199264e-03
8.301028e-04
3.676501e-03
6.145414e-03
8.148114e-03
9.719358e-03
1.079765e-02
1.126568e-02
1.133943e-02
1.158046e-02
1.241587e-02
1.383891e-02
1.537656e-02
1.648037e-02
1.678560e-02
1.621475e-02
1.493589e-02
1.318942e-02
1.115307e-02
9.096694e-03
7.497859e-03
6.548116e-03
5.786662e-03
4.911976e-03
4.076057e-03
3.234394e-03
2.315465e-03
1.633279e-03
1.383729e-03
1.343355e-03
1.337321e-03
1.358262e-03
1.434275e-03
1.516307e-03
1.414089e-03
8.633077e-04
-2.521371e-04
-1.712287e-03
-3.167610e-03
-4.492402e-03
-5.830132e-03
-7.514664e-03
-9.869365e-03
-1.283810e-02
-1.578793e-02
-1.791696e-02
-1.883449e-02
-1.895994e-02
-1.920629e-02
-2.009435e-02
-2.150860e-02
-2.290436e-02
-2.390482e-02
-2.458003e-02
-2.530909e-02
-2.623576e-02
-2.699661e-02
-2.731335e-02
-2.715085e-02
-2.637499e-02
-2.501641e-02
-2.352478e-02
-2.246281e-02
-2.220025e-02
-2.271957e-02
-2.363720e-02
-2.452137e-02
-2.524940e-02
-2.588010e-02
-2.603952e-02
-2.531502e-02
-2.396822e-02
-2.246526e-02
-2.097275e-02
-1.947469e-02
-1.794655e-02
-1.645646e-02
-1.519073e-02
-1.437314e-02
-1.408441e-02
-1.429590e-02
-1.513402e-02
-1.653014e-02
-1.790692e-02
-1.853156e-02
-1.799760e-02
-1.656390e-02
-1.488596e-02
-1.340548e-02
-1.238370e-02
-1.194747e-02
-1.193018e-02
-1.197196e-02
-1.184804e-02
-1.146079e-02
-1.080046e-02
-9.987977e-03
-9.037818e-03
-7.573915e-03
-5.507827e-03
-3.424629e-03
-1.643990e-03
2.995572e-06
1.523521e-03
2.682476e-03
3.260390e-03
3.404524e-03
3.654352e-03
4.348418e-03
5.360079e-03
6.175796e-03
6.429156e-03
6.168877e-03
5.490359e-03
4.602274e-03
3.928395e-03
3.677520e-03
3.628804e-03
3.632729e-03
3.798106e-03
4.348226e-03
5.400790e-03
6.911691e-03
8.952400e-03
1.160889e-02
1.463104e-02
1.747991e-02
1.966712e-02
2.098057e-02
2.153981e-02
2.152765e-02
2.113624e-02
2.054914e-02
2.016818e-02
2.044828e-02
2.114896e-02
2.163860e-02
2.182582e-02
2.186697e-02
2.169332e-02
2.108820e-02
1.996869e-02
1.861311e-02
1.744581e-02
1.664356e-02
1.600875e-02
1.523706e-02
1.444972e-02
1.383649e-02
1.318544e-02
1.232334e-02
1.126290e-02
9.802823e-03
8.005089e-03
6.649318e-03
6.196065e-03
6.207644e-03
6.263218e-03
6.236388e-03
6.138380e-03
6.044156e-03
6.028330e-03
6.118772e-03
6.250048e-03
6.244367e-03
5.876288e-03
5.053348e-03
4.061397e-03
3.429353e-03
3.333717e-03
3.701131e-03
4.491600e-03
5.450777e-03
6.108431e-03
6.292815e-03
6.015522e-03
5.140298e-03
3.711569e-03
2.193287e-03
1.136506e-03
9.493639e-04
1.723602e-03
3.163815e-03
4.687508e-03
5.714421e-03
5.867302e-03
5.128130e-03
3.854002e-03
2.558993e-03
1.569045e-03
8.513320e-04
1.110648e-04
-7.700976e-04
-1.431194e-03
-1.649749e-03
-1.674828e-03
-1.733132e-03
-1.860715e-03
-1.914062e-03
-1.607968e-03
-6.928276e-04
7.757524e-04
2.442984e-03
3.989586e-03
5.140534e-03
5.701946e-03
5.787149e-03
5.771594e-03
5.849888e-03
5.993446e-03
6.029581e-03
5.689000e-03
4.756233e-03
3.241471e-03
1.314419e-03
-8.552134e-04
-2.882293e-03
-4.289058e-03
-5.144821e-03
-5.716409e-03
-5.743162e-03
-5.139464e-03
-4.402157e-03
-3.725125e-03
-3.005389e-03
-2.394836e-03
-1.903263e-03
-1.083879e-03
3.500025e-04
2.282231e-03
4.510489e-03
6.614624e-03
8.029239e-03
8.787322e-03
9.512090e-03
1.032393e-02
1.105219e-02
1.181214e-02
1.263142e-02
1.335472e-02
1.418715e-02
1.541235e-02
1.673179e-02
1.755528e-02
1.756423e-02
1.697404e-02
1.612644e-02
1.467662e-02
1.227191e-02
9.250617e-03
6.076394e-03
3.109002e-03
7.239624e-04
-8.204820e-04
-1.557518e-03
-1.759796e-03
-1.798402e-03
-1.814786e-03
-1.820805e-03
-1.902525e-03
-2.237334e-03
-2.968711e-03
-3.993073e-03
-5.045436e-03
-5.907539e-03
-6.007584e-03
-4.557768e-03
-1.808127e-03
8.989902e-04
2.594223e-03
3.138191e-03
3.008146e-03
2.536482e-03
1.705781e-03
4.649400e-04
-1.258281e-03
-3.624319e-03
-5.735023e-03
-8.667508e-03
-1.121055e-02
-1.321077e-02
-1.473211e-02
-1.579478e-02
-1.633495e-02
-1.651010e-02
-1.666978e-02
-1.692108e-02
-1.706080e-02
-1.669879e-02
-1.552526e-02
-1.374237e-02
-1.220498e-02
-1.157596e-02
-1.158814e-02
-1.176254e-02
-1.183617e-02
-1.165210e-02
-1.114473e-02
-1.044203e-02
-9.985548e-03
-1.022374e-02
-1.088402e-02
-1.136822e-02
-1.161814e-02
-1.172510e-02
-1.144914e-02
-1.033129e-02
-8.139761e-03
-5.223734e-03
-2.148194e-03
7.539451e-04
3.294042e-03
5.374027e-03
7.017891e-03
8.198147e-03
8.762309e-03
8.845722e-03
9.010609e-03
9.718011e-03
1.103804e-02
1.257360e-02
1.374950e-02
1.413702e-02
1.363677e-02
1.248576e-02
1.100486e-02
9.417574e-03
7.834627e-03
6.427940e-03
5.481390e-03
5.194266e-03
5.347279e-03
5.447270e-03
5.682540e-03
6.603464e-03
7.880227e-03
9.104546e-03
1.072679e-02
1.288113e-02
1.496520e-02
1.669549e-02
1.800631e-02
1.860031e-02
1.825052e-02
1.712037e-02
1.566528e-02
1.449031e-02
1.394155e-02
1.383540e-02
1.352020e-02
1.243716e-02
1.054999e-02
8.368877e-03
6.268475e-03
4.009155e-03
1.394704e-03
-1.467068e-03
-4.560984e-03
-7.885073e-03
-1.121881e-02
-1.405069e-02
-1.599846e-02
-1.752640e-02
-1.916268e-02
-2.043051e-02
-2.088106e-02
-2.077260e-02
-2.026242e-02
-1.932114e-02
-1.794672e-02
-1.605214e-02
-1.352635e-02
-1.064711e-02
-8.128328e-03
-6.571997e-03
-6.031720e-03
-5.978066e-03
-5.968804e-03
-5.891158e-03
-5.771659e-03
-5.653895e-03
-5.557942e-03
-5.498335e-03
-5.502247e-03
-5.589937e-03
-5.707479e-03
-5.667844e-03
-5.195915e-03
-4.137258e-03
-2.732103e-03
-1.537246e-03
-9.376268e-04
-8.656497e-04
-8.117842e-04
-2.796134e-04
8.764212e-04
2.330701e-03
3.518201e-03
4.046539e-03
3.951862e-03
3.683319e-03
3.714141e-03
4.414992e-03
5.869471e-03
7.516686e-03
8.455429e-03
8.590241e-03
8.453356e-03
8.353568e-03
8.345188e-03
8.383451e-03
8.406587e-03
8.383465e-03
8.320824e-03
8.247222e-03
8.193399e-03
8.174301e-03
8.176886e-03
8.157673e-03
8.065730e-03
7.895632e-03
7.751666e-03
7.858502e-03
8.450438e-03
9.522028e-03
1.070070e-02
1.154421e-02
1.185502e-02
1.180130e-02
1.173943e-02
1.182567e-02
1.193689e-02
1.172196e-02
1.075085e-02
8.859508e-03
6.376481e-03
3.749293e-03
1.154937e-03
-1.353937e-03
-3.675798e-03
-5.651212e-03
-7.198308e-03
-8.375975e-03
-9.182285e-03
-9.587214e-03
-9.724513e-03
-9.770079e-03
-9.669615e-03
-9.224941e-03
-8.339142e-03
-7.212808e-03
-6.206738e-03
-5.428314e-03
-4.628846e-03
-3.472069e-03
-2.090922e-03
-8.125253e-04
5.318509e-04
1.942049e-03
2.828603e-03
3.018458e-03
2.983911e-03
3.027756e-03
3.155736e-03
3.183708e-03
2.831932e-03
1.941479e-03
7.040148e-04
-4.023255e-04
-9.292625e-04
-6.794861e-04
1.916459e-04
1.323968e-03
2.274146e-03
2.775905e-03
2.866298e-03
2.810653e-03
2.785570e-03
2.812863e-03
2.856483e-03
2.871480e-03
2.835017e-03
2.755869e-03
2.680527e-03
2.674753e-03
2.777163e-03
2.923419e-03
2.905270e-03
2.441390e-03
1.425492e-03
2.485640e-04
-2.585780e-04
2.799881e-04
1.478654e-03
3.107198e-03
5.080748e-03
7.064634e-03
8.571884e-03
9.274665e-03
9.302156e-03
9.133262e-03
9.045708e-03
9.102484e-03
9.250768e-03
9.287884e-03
8.887148e-03
7.758528e-03
5.988053e-03
4.136450e-03
2.698995e-03
1.686189e-03
6.799036e-04
-5.748189e-04
-1.627208e-03
-2.014036e-03
-1.746071e-03
-8.979517e-04
2.716342e-04
1.175204e-03
1.473480e-03
1.413670e-03
1.271933e-03
1.161884e-03
1.177573e-03
1.439661e-03
2.030817e-03
2.828369e-03
3.537158e-03
4.029056e-03
4.421585e-03
4.913399e-03
5.410309e-03
5.527951e-03
5.138653e-03
4.496744e-03
3.978812e-03
3.764818e-03
3.738158e-03
3.771792e-03
3.789567e-03
3.689035e-03
3.342906e-03
2.686947e-03
1.860780e-03
1.138863e-03
6.009513e-04
5.433044e-05
-7.794687e-04
-1.831752e-03
-2.772585e-03
-3.641031e-03
-4.509719e-03
-5.081683e-03
-5.327105e-03
-5.685474e-03
-6.324514e-03
-6.874291e-03
-6.732186e-03
-5.920303e-03
-5.240632e-03
-5.048527e-03
-5.075276e-03
-5.048619e-03
-4.814799e-03
-4.351385e-03
-3.813149e-03
-3.381721e-03
-2.994875e-03
-2.538883e-03
-2.049857e-03
-1.483650e-03
-7.453392e-04
8.193946e-06
6.883512e-04
1.579693e-03
2.723395e-03
3.673142e-03
4.112341e-03
4.032370e-03
3.603041e-03
3.117898e-03
2.838332e-03
2.728343e-03
2.539005e-03
2.150992e-03
1.684237e-03
1.375985e-03
1.246173e-03
1.070010e-03
7.070135e-04
2.397311e-04
-9.299717e-05
-1.923268e-04
-1.877103e-04
-1.884376e-04
-2.375842e-04
-3.320356e-04
-4.108274e-04
-3.660023e-04
-9.604924e-05
3.889440e-04
9.191443e-04
1.315092e-03
1.554773e-03
1.792501e-03
2.188211e-03
2.662258e-03
3.027123e-03
3.225479e-03
3.395795e-03
3.730656e-03
4.189868e-03
4.565267e-03
4.701531e-03
4.605790e-03
4.425666e-03
4.260212e-03
4.141057e-03
4.062693e-03
3.975350e-03
3.787579e-03
3.403784e-03
2.815663e-03
2.162669e-03
1.633448e-03
1.329996e-03
1.209279e-03
1.135205e-03
1.031968e-03
8.899882e-04
7.356445e-04
6.247031e-04
6.217529e-04
7.541870e-04
9.483742e-04
1.047725e-03
9.945979e-04
8.756465e-04
7.484997e-04
6.196434e-04
4.909468e-04
3.846336e-04
3.471932e-04
4.132191e-04
5.457701e-04
6.275755e-04
5.921339e-04
4.909359e-04
3.589106e-04
1.710417e-04
-1.038306e-04
-4.395576e-04
-7.560408e-04
-1.042739e-03
-1.337415e-03
-1.578967e-03
-1.708815e-03
-1.808690e-03
-2.002965e-03
-2.342356e-03
-2.755327e-03
-3.098715e-03
-3.284428e-03
-3.343355e-03
-3.404223e-03
-3.566712e-03
-3.837342e-03
-4.138111e-03
-4.392884e-03
-4.608337e-03
-4.856630e-03
-5.164380e-03
-5.406378e-03
-5.488736e-03
-5.509225e-03
-5.582408e-03
-5.709567e-03
-5.789291e-03
-5.729592e-03
-5.567622e-03
-5.432173e-03
-5.430062e-03
-5.514217e-03
-5.559979e-03
-5.524365e-03
-5.404051e-03
-5.190982e-03
-4.909364e-03
-4.615963e-03
-4.354128e-03
-4.159511e-03
-4.058590e-03
-4.034664e-03
-4.031617e-03
-4.009239e-03
-3.945010e-03
-3.831584e-03
-3.696520e-03
-3.580850e-03
-3.476759e-03
-3.375236e-03
-3.315710e-03
-3.307743e-03
-3.295084e-03
-3.226235e-03
-3.094320e-03
-2.942173e-03
-2.825843e-03
-2.774978e-03
-2.783951e-03
-2.832638e-03
-2.923124e-03
-3.054999e-03
-3.205893e-03
-3.358852e-03
-3.504908e-03
-3.629315e-03
-3.711615e-03
-3.740011e-03
-3.734580e-03
-3.738503e-03
-3.763464e-03
-3.778465e-03
-3.739154e-03
-3.652195e-03
-3.578381e-03
-3.540273e-03
-3.516472e-03
-3.484660e-03
-3.430812e-03
-3.353567e-03
-3.269150e-03
-3.193496e-03
-3.117459e-03
-3.038195e-03
-2.980405e-03
-2.958091e-03
-2.961207e-03
-2.975882e-03
-2.979507e-03
-2.946921e-03
-2.888517e-03
-2.842773e-03
-2.812975e-03
-2.774848e-03
-2.715990e-03
-2.650570e-03
-2.610079e-03
-2.608929e-03
-2.636570e-03
-2.672595e-03
-2.699006e-03
-2.708486e-03
-2.704660e-03
-2.700749e-03
-2.711490e-03
-2.730328e-03
-2.726506e-03
-2.687038e-03
-2.625764e-03
-2.553142e-03
-2.478368e-03
-2.413990e-03
-2.362738e-03
-2.316553e-03
-2.272327e-03
-2.232482e-03
-2.198629e-03
-2.166909e-03
-2.131434e-03
-2.096263e-03
-2.068613e-03
-2.044455e-03
-2.013130e-03
-1.966428e-03
-1.903076e-03
-1.828951e-03
-1.751236e-03
-1.675095e-03
-1.602166e-03
-1.533078e-03
-1.469316e-03
-1.412362e-03
-1.361461e-03
-1.313714e-03
-1.268882e-03
-1.230293e-03
-1.200053e-03
-1.173397e-03
-1.139008e-03
-1.090632e-03
-1.032813e-03
-9.727712e-04
-9.162007e-04
-8.646798e-04
-8.158780e-04
-7.665123e-04
-7.168837e-04
-6.696152e-04
-6.248344e-04
-5.813875e-04
-5.391771e-04
-4.984955e-04
-4.587277e-04
-4.179756e-04
-3.749293e-04
-3.305050e-04
-2.858783e-04
-2.411788e-04
-1.959515e-04
-1.499015e-04
-1.035464e-04
-5.834771e-05
-1.536879e-05
2.702886e-05
7.168711e-05
1.190394e-04
1.670150e-04
2.129841e-04
2.564732e-04
2.989526e-04
3.414541e-04
3.843499e-04
4.277058e-04
4.713289e-04
5.147621e-04
5.574408e-04
5.993422e-04
6.412296e-04
6.835742e-04
7.261619e-04
7.687407e-04
8.112077e-04
8.535433e-04
8.957658e-04
9.378918e-04
9.799280e-04
1.021877e-03
1.063744e-03
1.105523e-03
1.147179e-03
1.188643e-03
1.229843e-03
1.270780e-03
1.311583e-03
1.352438e-03
1.393349e-03
1.434156e-03
1.474756e-03
1.515123e-03
1.555279e-03
1.595267e-03
1.635112e-03
1.674781e-03
1.714227e-03
1.753445e-03
1.792436e-03
1.831199e-03
1.869735e-03
1.908049e-03
1.946137e-03
1.983999e-03
2.021640e-03
2.059057e-03
2.096245e-03
2.133203e-03
2.169930e-03
2.206417e-03
2.242664e-03
2.278667e-03
2.314427e-03
2.349940e-03
2.385206e-03
2.420221e-03
2.454984e-03
2.489493e-03
2.523746e-03
