1.046476e-03
1.228728e-03
1.398745e-03
2.067405e-03
1.136132e-03
5.841956e-04
-1.584262e-04
-1.016274e-03
7.669442e-04
-2.999420e-04
-7.641744e-04
-2.158270e-04
-1.207249e-03
-1.330891e-03
-7.386906e-04
1.251542e-03
3.763745e-04
-1.381866e-03
-1.049686e-03
2.094171e-04
-1.130578e-04
-9.433495e-04
2.657924e-04
4.460426e-04
5.375791e-04
-6.689813e-04
-7.497736e-04
-3.349822e-04
-7.314661e-05
7.505541e-04
9.267368e-04
6.175362e-04
-1.699097e-04
1.327226e-04
-8.678407e-04
1.761282e-04
1.190527e-03
-1.465379e-04
-6.749663e-04
-9.525431e-04
-2.042841e-04
6.622636e-04
4.591307e-04
-4.547428e-04
2.313197e-04
-1.196674e-04
-1.739158e-04
1.909408e-04
-8.371334e-04
2.330812e-05
-3.327702e-04
-1.386332e-03
3.051818e-04
4.065701e-03
2.619693e-04
-1.705253e-03
-3.563572e-04
-1.232481e-03
-5.183493e-05
-8.688118e-04
-5.702177e-04
6.318460e-04
7.184197e-05
-2.567361e-03
1.326692e-04
4.934729e-04
-2.051913e-03
-1.421575e-04
1.879768e-03
-1.177512e-03
-4.934505e-04
2.921411e-03
-4.063810e-03
-5.885188e-03
1.548379e-03
2.597505e-03
-2.931997e-06
-1.662169e-03
1.143932e-03
-9.524516e-06
-3.809142e-03
8.457076e-04
1.920335e-03
1.080958e-03
-2.772699e-03
1.476309e-03
4.136600e-03
-2.340494e-04
2.121350e-03
-6.764600e-03
-4.179762e-03
9.878922e-03
2.577615e-03
-4.165906e-03
-2.238780e-03
8.226429e-03
6.527447e-03
-1.011446e-02
-2.662500e-03
1.382210e-02
3.040509e-03
-5.954535e-03
-6.602182e-03
7.828713e-03
5.251765e-03
-9.147769e-03
-1.144940e-02
1.201084e-03
1.721152e-02
1.949315e-03
-7.138513e-03
2.593540e-03
7.463588e-03
-6.358778e-03
-5.748083e-03
6.632178e-03
2.402231e-02
5.399119e-03
-1.058096e-02
-7.265972e-03
-5.693677e-03
-1.193776e-03
-4.709862e-03
-1.135860e-03
1.470634e-02
8.819422e-03
2.862141e-03
-8.667888e-03
-9.844738e-03
1.449783e-02
1.654124e-02
4.208699e-03
-5.682641e-03
1.232981e-03
-4.645774e-03
-3.756673e-03
-8.668735e-03
-1.213891e-02
5.559186e-03
-2.465047e-03
-9.225849e-03
-1.112975e-02
1.068016e-03
2.710695e-03
-9.487231e-03
-9.604578e-03
1.452386e-02
1.486131e-02
-1.547124e-02
-2.111442e-02
1.145522e-02
2.291880e-02
-2.083321e-02
-1.089819e-02
9.317608e-03
1.692666e-02
-1.755409e-02
-1.502424e-02
2.576127e-02
2.681970e-03
-2.108767e-02
-8.186295e-03
3.056488e-02
2.069907e-02
-2.262057e-02
-2.277460e-02
1.756734e-02
1.708189e-02
-9.413448e-03
1.399612e-02
2.326833e-02
1.147832e-02
-1.880016e-02
-1.506092e-02
1.929530e-02
9.179663e-03
-1.027555e-02
-2.200744e-02
2.019346e-02
2.227465e-02
-1.650928e-02
-1.405691e-02
1.429115e-02
1.988527e-02
-1.675216e-02
-1.130794e-02
3.465664e-03
-8.304961e-03
-1.190970e-02
1.207296e-02
3.857432e-02
2.437066e-02
1.575883e-03
-3.931641e-03
-3.791780e-02
-3.891818e-02
-5.422109e-02
-7.126874e-02
-6.755905e-02
-5.280582e-02
2.694817e-02
1.085519e-01
7.814499e-02
-6.028520e-03
-3.782635e-02
-4.745046e-02
-5.896045e-03
-1.104428e-03
9.863612e-03
6.969631e-03
6.997137e-03
3.043121e-02
6.506481e-02
8.102437e-03
-6.766758e-02
-6.121383e-02
-4.064312e-02
5.322604e-03
-3.359896e-02
-1.304354e-02
2.066298e-04
-3.859868e-02
-6.988522e-03
5.304112e-02
5.767266e-02
1.794961e-02
1.138975e-02
2.197541e-02
-9.264619e-03
6.531266e-04
3.977962e-02
-2.962527e-04
-6.773009e-02
-3.803077e-03
6.508689e-02
3.420988e-02
-2.096099e-03
1.152017e-02
1.435497e-02
-1.248295e-02
-2.379058e-02
-6.935705e-03
1.117547e-02
3.854921e-03
4.164912e-03
2.565994e-03
-1.837141e-03
3.960343e-04
1.127742e-02
7.045601e-03
1.977064e-02
6.510250e-03
-2.179768e-03
1.906907e-02
-9.732801e-03
-7.968837e-02
-9.596304e-02
-2.805861e-03
1.228752e-01
1.114789e-01
5.526087e-02
3.861809e-02
2.216293e-02
6.216622e-03
-1.517916e-03
1.633935e-02
2.384549e-02
6.108757e-02
9.662775e-02
1.040330e-01
1.159167e-01
1.204851e-01
1.123131e-01
8.148400e-02
2.181023e-02
-2.764905e-02
-9.780243e-02
-1.691162e-01
-2.033511e-01
-2.119147e-01
-1.767549e-01
-8.719527e-02
2.406596e-02
2.049290e-02
-5.114928e-02
-7.914659e-02
-8.933353e-02
-1.077516e-01
-1.426800e-01
-1.612917e-01
-1.028936e-01
7.616138e-02
1.648022e-01
2.647018e-01
1.906052e-01
-3.366092e-02
-2.654940e-02
-3.231894e-02
9.055050e-03
8.064933e-02
1.533041e-01
1.794659e-01
1.512444e-01
9.390472e-02
5.310388e-02
1.718369e-03
-6.329972e-02
-8.961754e-02
-1.962034e-01
-3.000828e-01
-2.190265e-01
-1.587807e-01
-3.326789e-02
1.235074e-01
3.353376e-02
-7.487222e-02
-1.133012e-01
-1.135653e-01
-1.295809e-01
-1.561068e-01
-1.090386e-01
-1.550364e-03
3.393171e-02
6.845024e-03
5.096613e-02
1.362847e-01
1.248528e-01
5.378472e-02
4.694859e-02
5.464034e-02
7.894837e-02
7.904119e-02
8.535009e-03
2.442936e-02
5.218912e-02
3.819356e-02
3.792439e-02
1.088590e-01
1.405813e-01
1.360722e-01
3.269238e-02
-4.405549e-02
-3.424374e-02
1.208914e-02
5.851583e-02
1.039037e-02
-3.130782e-02
-5.459095e-02
-5.045596e-02
4.574822e-04
5.137501e-02
9.090027e-02
8.284352e-02
-1.621879e-02
-8.663217e-02
-5.509027e-02
-6.800558e-03
5.552045e-02
1.230797e-01
1.374792e-01
1.463456e-01
-1.220892e-02
-1.154918e-01
-7.108315e-02
-1.124005e-02
1.570701e-02
-2.923183e-02
-6.699186e-02
-9.974407e-02
-7.184154e-02
1.896218e-02
1.799655e-02
-2.684541e-02
-9.026252e-02
-1.110004e-01
-3.802544e-02
-1.046042e-02
-2.072789e-02
-1.331757e-02
1.232120e-02
7.137607e-02
1.051603e-01
1.402448e-01
5.519231e-02
-6.280817e-02
-5.972041e-02
-1.837292e-02
-2.213970e-02
-6.904965e-02
-2.669144e-03
1.349647e-02
-4.252260e-02
-6.563850e-02
-6.264048e-02
-3.857206e-02
-2.739898e-02
-3.925109e-02
-4.721197e-02
1.221203e-02
9.569217e-02
1.393320e-01
1.714571e-01
1.421363e-01
3.346319e-02
-8.533266e-02
-1.957831e-01
-2.367053e-01
-2.325958e-01
-1.712680e-01
-6.668688e-02
-5.384248e-02
-2.870541e-02
4.331617e-02
7.958650e-02
6.699408e-02
6.139386e-02
1.018012e-01
1.291378e-01
9.131760e-02
1.244873e-02
3.445834e-02
3.549239e-02
2.577455e-02
3.217740e-02
2.297555e-04
-3.633893e-03
1.144369e-02
2.742371e-02
4.244010e-02
6.689704e-02
8.984783e-02
3.559594e-02
-4.548876e-02
-6.382523e-02
-1.772790e-02
4.315737e-02
2.097350e-02
-2.730183e-02
-7.714448e-02
-9.857070e-02
-6.252265e-02
-3.623635e-02
-3.493215e-03
2.239845e-02
2.135330e-02
4.122199e-03
1.661683e-03
5.019819e-02
7.332949e-02
6.140295e-02
5.062562e-02
3.643939e-02
-1.293010e-02
-2.315983e-02
-2.260403e-02
-3.794662e-02
-3.594383e-02
-3.309978e-02
-1.604599e-02
-3.988815e-03
3.462687e-02
3.344814e-02
-1.068307e-02
-2.254434e-02
-4.195458e-02
-5.661294e-02
-5.430220e-02
-3.844658e-02
-4.012750e-03
2.069605e-02
3.682904e-02
4.913707e-02
5.093591e-02
3.923269e-02
2.700840e-02
8.133508e-03
-8.144158e-03
-3.695413e-02
-7.463462e-02
-6.067567e-02
-3.191859e-02
1.130825e-02
5.284542e-02
5.420527e-03
-5.895816e-02
-4.453932e-02
-2.374317e-02
1.125558e-02
7.690802e-02
1.038336e-01
4.827757e-02
8.192599e-03
1.083169e-02
1.268355e-02
1.266322e-02
7.057900e-03
-1.761203e-02
-3.575884e-02
-3.932473e-02
-2.974137e-02
1.712688e-02
4.217334e-03
-2.075443e-02
-2.150591e-02
-6.878014e-03
-2.083685e-02
-2.762299e-02
2.566947e-02
4.291497e-02
1.976849e-02
-3.611499e-03
6.144185e-03
1.126832e-02
8.792509e-03
-4.545316e-03
-1.068089e-02
-6.860970e-03
-5.668861e-03
-1.106310e-02
-3.330531e-03
3.804482e-03
-6.700572e-03
2.566667e-03
4.670403e-03
-2.057668e-02
-1.327342e-02
2.360671e-02
7.734890e-03
-4.337468e-03
-3.679690e-03
-1.404198e-02
-6.640825e-03
1.465804e-02
1.255545e-02
7.934155e-03
7.808790e-03
-7.549092e-03
-2.032811e-02
-3.155016e-03
2.767718e-02
7.891688e-03
-2.081529e-02
-1.597260e-02
-9.700274e-03
-1.058532e-02
1.839302e-02
3.252023e-02
3.836694e-03
-1.623126e-02
-1.637600e-02
1.396877e-02
2.812656e-02
1.785808e-02
1.318071e-02
-2.005864e-03
-2.097354e-02
-9.147838e-03
-6.019290e-03
-1.907261e-02
-2.162491e-02
-2.942466e-02
-2.179712e-02
-1.728584e-02
-1.033336e-02
-9.345192e-03
7.029465e-03
1.583477e-02
1.850241e-02
3.351574e-02
1.638050e-02
3.001877e-03
-6.700621e-04
3.983979e-03
6.804572e-03
-8.008786e-03
-1.447679e-02
-4.312199e-03
1.110087e-02
2.443167e-02
3.169006e-02
1.112857e-02
-8.477453e-03
-1.094919e-02
-1.263778e-02
1.964609e-03
1.581955e-02
6.657456e-03
-1.406719e-02
-4.144244e-02
-2.918438e-02
-6.995695e-04
5.867459e-03
2.402356e-02
1.127819e-02
-1.647681e-03
-2.237022e-03
1.187386e-02
1.943818e-02
1.190252e-02
1.725201e-02
6.114730e-03
-3.364495e-03
-5.638406e-03
-2.185796e-02
-2.559821e-02
-1.146392e-03
1.206612e-02
8.875486e-03
2.674648e-03
2.443226e-03
1.527575e-03
6.729201e-03
2.512595e-02
3.152268e-02
2.710431e-02
1.201562e-02
-7.486392e-03
-1.412163e-02
-8.074661e-03
-6.914170e-03
-1.100114e-02
-7.295438e-03
-3.553027e-03
-1.692961e-02
-2.429293e-02
1.560453e-02
3.131332e-02
7.260305e-03
3.192710e-03
3.887188e-03
-6.377221e-03
-1.138193e-02
-9.582086e-03
-3.567748e-03
1.579671e-02
1.483823e-02
-9.089357e-03
-1.758354e-02
-1.600089e-02
-1.228193e-02
-1.391751e-02
-1.320977e-02
-8.854365e-04
5.446030e-03
8.269675e-03
4.803710e-03
-1.198280e-02
-2.404599e-02
-2.783011e-02
-2.440891e-02
-2.031164e-02
-1.328167e-02
-7.557960e-03
-4.229558e-03
8.423127e-03
1.272943e-02
7.841986e-03
1.170982e-02
6.891708e-03
-1.688496e-02
-3.381628e-02
-3.184410e-02
-6.549997e-03
7.949394e-03
1.710038e-02
2.094169e-02
2.820619e-02
1.483471e-02
-1.591377e-02
-1.661019e-02
-8.687963e-03
-1.035006e-02
2.634037e-03
1.303417e-02
1.014026e-02
2.340885e-02
6.563187e-03
-4.635289e-03
1.038620e-02
1.904261e-02
1.729915e-03
-6.538917e-03
1.137142e-02
1.321511e-02
1.832088e-02
1.303267e-02
8.880432e-03
2.309124e-02
8.727564e-03
-3.410073e-03
-2.000781e-03
-1.316866e-02
-2.160371e-02
-2.085214e-02
-4.265396e-03
4.044313e-03
-4.682374e-03
-3.590216e-03
2.635193e-03
2.307907e-03
-1.865749e-03
-4.525126e-03
3.616329e-03
5.081703e-03
3.624985e-04
1.071243e-03
-2.302956e-03
-5.171376e-03
-1.026176e-02
6.706590e-04
1.736549e-02
1.646309e-02
1.571363e-02
-1.270275e-02
-3.228636e-02
-1.935326e-02
1.090991e-02
2.889264e-02
1.708539e-02
7.202342e-03
2.178239e-03
7.162651e-03
1.340845e-02
2.429351e-04
-1.103203e-02
7.059814e-03
6.342992e-03
-7.021369e-03
4.632128e-05
-1.535220e-03
-9.052529e-03
1.223187e-03
5.744645e-03
6.818442e-03
1.503637e-02
4.632245e-03
-4.555359e-03
3.114982e-03
3.392381e-03
5.183038e-03
5.479811e-03
-1.052358e-02
-1.150247e-02
-1.169924e-02
-1.786747e-02
-1.251698e-02
-1.089560e-02
-4.833349e-03
1.345835e-02
1.926872e-02
3.647734e-03
-5.021858e-03
-3.429028e-03
-1.122268e-02
-1.321926e-02
-4.789228e-03
1.004257e-02
1.270917e-02
7.186417e-03
7.562725e-03
1.392374e-02
2.911962e-04
-2.577577e-02
-2.575637e-02
-2.612445e-02
-9.498968e-03
2.903869e-03
6.898128e-03
2.191151e-03
-1.018817e-02
-1.427720e-02
-8.642219e-03
1.637552e-02
1.298602e-02
1.344972e-03
-1.696810e-03
-1.230770e-03
3.762810e-03
9.774066e-03
3.278504e-03
-1.241387e-02
-1.359365e-02
-3.355681e-03
2.392487e-03
3.688575e-03
4.949993e-03
4.529898e-03
1.187298e-03
-3.692015e-03
-2.258266e-03
-2.543759e-03
-4.553528e-04
1.292437e-02
3.864220e-03
-2.334688e-02
-3.291688e-02
-1.683899e-02
7.146793e-03
7.567962e-03
2.240992e-03
-5.328334e-03
-1.008018e-02
-8.866696e-03
7.166324e-03
2.321566e-02
3.386560e-02
3.933335e-02
3.488129e-02
2.594860e-02
1.415663e-02
3.557725e-03
-3.207047e-03
-8.728784e-03
-1.512544e-02
-1.193473e-02
-1.043061e-02
-2.927525e-03
4.960002e-03
-2.458409e-03
-1.198253e-02
-1.112085e-02
-5.089207e-03
-2.307400e-03
-5.425668e-03
-1.162756e-02
-8.409807e-04
6.817109e-03
-6.037410e-03
-4.234530e-03
8.469113e-03
2.008982e-02
1.610071e-02
-4.319081e-03
-9.850001e-03
-1.022829e-02
1.404403e-02
1.814229e-02
-3.569488e-03
-9.471584e-03
-1.176592e-02
-5.628235e-03
3.477849e-03
1.135314e-02
8.445945e-03
6.328988e-04
-1.027295e-02
-9.420443e-03
-5.648496e-03
-1.179328e-02
-1.935548e-02
-1.418041e-02
-6.804781e-03
1.123529e-03
1.827823e-02
2.178913e-02
2.007194e-02
1.344483e-02
4.959787e-03
-8.328115e-03
-3.788323e-03
8.562493e-03
-1.015948e-02
-2.064724e-02
-1.295040e-02
-1.051633e-02
-1.991487e-03
3.355919e-03
-6.061143e-03
-1.645510e-02
-1.657642e-02
1.424145e-02
2.047397e-02
1.296683e-02
1.380098e-02
-6.571916e-03
-1.274832e-02
4.373743e-03
1.579763e-02
2.379019e-02
9.032867e-03
-1.286757e-02
-1.024790e-02
8.517950e-03
6.923127e-03
-1.430836e-02
-8.310386e-03
-4.061216e-03
-3.719599e-03
1.936778e-03
5.330405e-03
-2.014598e-03
-1.120937e-02
-1.111554e-02
-1.065666e-02
1.026487e-02
2.082710e-02
1.858679e-02
1.577851e-02
1.258780e-03
-1.144483e-02
-2.551486e-02
-2.073239e-02
2.680305e-03
1.981970e-02
1.504030e-02
7.852335e-03
9.712999e-04
-1.883361e-02
-3.009943e-02
-1.247566e-02
-2.643557e-03
-9.211540e-03
1.430312e-02
3.665123e-02
3.724573e-02
2.660296e-02
7.310961e-03
-2.494621e-03
-4.617662e-03
-2.032842e-02
-2.522916e-02
-1.653812e-02
-3.493905e-03
-6.009638e-04
-1.132429e-02
-1.676957e-02
-2.059757e-02
-1.780457e-02
-5.232482e-03
4.337559e-03
7.378359e-03
1.659252e-02
8.205360e-03
-8.374759e-04
4.148941e-03
1.078628e-02
1.894810e-02
1.273293e-02
7.217287e-03
6.186359e-03
7.031708e-03
3.091529e-03
-9.704883e-03
-3.494808e-03
1.293282e-02
1.485601e-02
4.104127e-03
-1.532859e-03
-4.359509e-03
-1.562533e-02
-1.415592e-02
-4.919323e-03
-9.384657e-03
-4.590968e-03
9.410756e-03
7.971939e-03
5.005586e-03
3.354669e-03
-8.934947e-03
-2.005698e-02
-1.493597e-02
3.178266e-03
7.137824e-03
1.420279e-03
9.889021e-03
1.448999e-02
-7.568114e-04
-2.181191e-02
-2.705834e-02
-1.489415e-02
-8.234386e-03
-9.030784e-03
3.892079e-03
2.377756e-02
2.068170e-02
8.133078e-03
5.140211e-03
5.483854e-03
1.396381e-02
7.532463e-03
-7.591965e-03
-6.793115e-04
1.180201e-02
1.091690e-02
1.966849e-03
-2.315960e-03
-7.165731e-03
-1.443835e-02
-1.348185e-02
-1.134147e-02
-1.031768e-02
-3.649759e-03
4.250243e-04
4.853649e-03
7.012386e-03
7.187774e-03
3.839024e-03
3.377090e-03
3.768658e-03
-7.809201e-03
-7.403357e-03
1.161129e-02
2.680097e-02
2.250083e-02
5.755046e-03
-8.518944e-03
-2.116954e-02
-2.049245e-02
-1.699094e-03
5.095269e-03
6.878749e-03
6.709472e-03
-4.887763e-03
-8.173293e-03
-3.119585e-03
-4.945901e-03
-1.740887e-02
-1.864682e-02
-2.410902e-03
1.743175e-02
2.357145e-02
1.278999e-02
8.052383e-03
-6.203253e-03
-2.730832e-02
-2.093612e-02
1.989128e-03
1.756018e-02
1.629267e-02
-2.202943e-03
-1.703676e-02
-4.869514e-03
8.053342e-03
1.613828e-03
5.763045e-03
-5.517060e-03
-7.498375e-03
8.408168e-03
-3.052427e-03
5.154240e-03
1.298361e-02
-1.523895e-03
-4.723772e-03
-1.668711e-03
-2.585443e-03
2.645692e-03
6.803067e-03
-3.007629e-03
-1.706480e-03
-3.589904e-03
-2.048762e-02
-1.444276e-02
-6.706181e-03
-6.674579e-03
3.414483e-03
8.910743e-03
1.384004e-02
1.480877e-02
9.577610e-03
2.171630e-02
2.592568e-02
7.396410e-03
7.452485e-03
-5.329666e-03
-2.151461e-02
-1.618354e-02
-1.821871e-03
2.234549e-03
-6.235222e-03
-6.564601e-03
-1.502112e-02
-2.099156e-02
-7.904539e-03
8.201411e-04
1.812314e-03
5.362955e-03
2.917665e-03
5.465924e-03
5.754493e-03
-1.112285e-03
-9.557585e-03
-1.889514e-02
-2.384383e-02
-1.047944e-02
2.367288e-02
4.726298e-02
4.277723e-02
3.277501e-03
-1.471336e-02
-1.532214e-02
-2.439864e-02
-1.429021e-02
-1.549225e-04
9.755685e-03
2.030770e-02
1.471352e-02
-1.636619e-03
-4.904821e-03
-8.882746e-03
-1.056631e-02
3.586316e-03
2.031236e-03
-7.614270e-03
-5.560574e-03
9.200822e-03
1.068959e-02
-5.079207e-04
4.414236e-03
6.914566e-03
2.375797e-03
-4.651457e-04
3.820707e-03
1.373132e-02
8.156512e-03
-5.014152e-03
-1.307910e-02
-1.228068e-02
1.488535e-03
8.544956e-03
4.284568e-03
-1.587625e-02
-1.826240e-02
-2.384417e-03
6.710416e-03
7.771926e-03
5.994547e-03
4.687257e-03
-1.484080e-03
1.712716e-03
5.964917e-03
8.805982e-04
-2.153071e-03
-7.872673e-03
-1.512593e-02
-1.113070e-02
-3.996778e-03
-4.767330e-04
-4.348610e-03
-9.471678e-03
-1.274090e-02
-9.225958e-03
1.794098e-03
5.723049e-03
1.317512e-02
2.026213e-02
2.663534e-02
1.077058e-02
-1.059861e-02
-1.244736e-02
-7.411002e-03
7.619596e-03
1.429566e-02
2.425131e-03
-8.247233e-03
-5.017808e-03
-6.659568e-03
-7.669102e-03
2.139530e-03
6.415183e-03
-2.436987e-03
9.097040e-04
1.145049e-02
1.649501e-02
1.264659e-02
9.698016e-04
-3.454763e-03
-4.763075e-03
-3.926925e-03
-2.859299e-03
2.549259e-03
-3.518501e-04
-7.113604e-03
3.299719e-03
1.476437e-02
-5.274087e-03
-1.365311e-02
-1.939649e-03
2.353339e-03
2.858081e-03
-6.342834e-03
-1.464640e-02
-1.586804e-02
-6.873138e-03
-9.231123e-04
1.703815e-02
1.029475e-02
-9.589730e-03
-9.860993e-03
-1.921997e-02
-2.633657e-02
-8.015359e-03
2.004517e-02
3.034836e-02
2.096900e-02
-5.062403e-04
-6.329857e-03
1.633089e-03
5.571214e-03
1.971599e-03
-6.640941e-03
-1.611718e-02
-4.454705e-03
1.252967e-02
1.184236e-02
1.533487e-02
3.372564e-03
-1.149288e-02
-7.491527e-03
5.272241e-03
1.204314e-02
4.781721e-03
-1.028970e-02
-2.246002e-02
-3.763648e-02
-2.793186e-02
1.906989e-02
3.056105e-02
2.287849e-02
1.469424e-02
9.177553e-03
1.330739e-02
3.987162e-03
-1.889325e-02
-1.492656e-02
-1.042556e-02
-9.934076e-03
3.520040e-03
5.416693e-03
-1.976266e-03
-2.667652e-03
3.523025e-03
2.654209e-03
1.064453e-03
1.695639e-03
-1.096362e-03
2.766303e-03
5.599056e-03
3.717661e-03
8.250281e-03
3.546008e-04
-4.959158e-03
1.373260e-03
5.017706e-03
-5.385455e-03
-6.502063e-03
-5.194806e-03
-1.385629e-02
-9.290023e-03
-3.676505e-03
-3.074891e-03
-1.152745e-03
1.071237e-03
-8.525330e-03
-1.667899e-02
1.419924e-03
1.624046e-02
1.729176e-02
1.726319e-02
1.821151e-02
9.969129e-03
-1.116223e-03
1.155686e-03
6.273622e-03
-8.423564e-03
-1.722883e-02
-3.926654e-03
-3.128235e-03
-4.501811e-03
-5.676543e-03
5.010062e-03
1.841013e-02
1.605049e-02
2.356956e-04
-1.265863e-02
-7.785429e-03
-2.309572e-03
-5.534952e-03
4.076872e-03
1.011867e-02
-7.952812e-05
2.537045e-03
1.287898e-02
9.691335e-03
-5.467783e-03
-1.535089e-02
-2.761095e-02
-2.223197e-02
-3.691512e-03
1.359673e-02
2.620346e-02
1.633361e-02
-9.587480e-04
5.442947e-04
-2.599509e-03
-1.115494e-02
4.426298e-03
1.791406e-02
1.700343e-02
9.196473e-03
-6.588749e-03
-1.764147e-02
-1.884985e-02
-1.219724e-02
4.965579e-03
7.689222e-03
2.535558e-03
2.428470e-03
1.201732e-03
-9.852007e-03
-1.185679e-02
-9.591008e-04
-2.023702e-03
-6.073013e-03
-1.423891e-02
-1.273077e-02
1.909268e-03
1.456392e-02
1.241638e-02
3.164171e-04
-4.412025e-03
-1.210580e-02
-1.700963e-02
-2.658168e-03
7.530817e-03
1.376127e-02
6.234722e-03
-3.548453e-03
-7.590625e-03
-4.262290e-03
1.850184e-02
2.857661e-02
2.283967e-02
-3.227350e-03
-1.598096e-02
-1.690687e-02
-1.645516e-02
-1.725667e-02
-1.098238e-02
2.208649e-03
-2.209799e-03
1.964901e-03
1.448700e-02
1.322967e-02
8.284028e-03
1.177450e-02
1.721263e-02
2.786686e-03
-6.964876e-03
-6.679373e-03
-3.528469e-03
-1.515566e-03
-1.149045e-02
-9.629481e-03
5.947683e-03
1.928759e-02
1.322740e-02
3.660407e-03
-7.289320e-03
-1.402762e-02
-1.414898e-02
-1.292126e-02
-8.315273e-04
2.128303e-02
2.008792e-02
-1.565774e-03
-1.198015e-02
-1.615386e-02
-7.273176e-03
5.451844e-03
9.028990e-03
-1.171245e-03
-1.499555e-02
-1.341908e-02
-6.710393e-03
-6.716515e-04
8.238611e-03
8.397669e-03
6.029873e-03
1.137521e-02
8.851394e-03
5.447565e-03
1.034015e-02
1.225822e-02
1.971304e-03
-9.559660e-03
-1.711271e-02
-7.077704e-03
1.350321e-02
9.886258e-03
2.519814e-03
5.539177e-03
4.825360e-03
5.755325e-03
7.298141e-03
-6.082590e-03
-2.197896e-02
-2.205953e-02
-1.296062e-02
8.738501e-04
1.542009e-02
1.189695e-02
-1.507234e-03
-3.089848e-03
2.401307e-03
2.184092e-03
2.600122e-03
3.316966e-03
-6.958728e-03
-2.066576e-02
-1.790847e-02
-8.377197e-03
-3.348993e-03
8.505191e-03
1.070572e-02
3.120041e-03
6.227410e-04
1.172353e-03
2.251198e-03
7.318153e-03
1.232472e-03
-8.236626e-03
-8.355409e-04
6.437059e-03
8.572330e-03
8.053281e-03
-3.589852e-03
-1.431524e-02
-1.117759e-02
3.858112e-03
1.841046e-02
2.101481e-02
1.035875e-02
-6.047466e-03
-8.918999e-03
3.539877e-03
5.601729e-03
2.855619e-03
-5.716598e-04
-6.796020e-03
-2.389841e-03
-1.651580e-03
-8.109456e-03
-1.071077e-02
-1.516388e-02
-1.824139e-02
-1.324990e-02
-8.102383e-03
-4.277441e-03
4.192307e-03
9.176666e-03
1.104681e-02
1.403865e-02
1.852742e-02
1.933707e-02
9.899581e-03
7.569517e-03
1.123879e-03
-1.294006e-02
-1.524768e-02
-1.751146e-02
-1.815900e-02
-9.404750e-03
2.272006e-03
7.886549e-03
6.891294e-03
8.739007e-03
8.198546e-03
2.606412e-03
-2.561520e-03
-6.672007e-03
-1.327367e-05
5.602291e-03
3.605676e-03
3.164127e-03
-1.938544e-03
-8.634010e-03
3.249748e-03
2.228273e-02
1.519060e-02
-3.583402e-03
-8.251673e-03
-6.652769e-03
-8.826815e-03
-8.674888e-03
-2.052863e-03
-3.141931e-03
-6.226582e-03
-5.992058e-03
-6.718106e-03
2.124860e-03
3.612616e-03
3.878752e-03
1.044775e-02
5.324689e-03
-3.576423e-03
-8.202884e-03
-8.465981e-03
3.777739e-03
7.489496e-03
6.130204e-03
9.727753e-03
7.826992e-03
1.650563e-03
-7.320908e-03
-1.036783e-02
-4.573812e-03
2.187916e-03
3.487025e-03
1.800405e-03
2.729357e-03
7.457772e-03
5.667141e-03
1.161008e-03
3.402335e-03
-1.880823e-03
-1.676358e-02
-1.250526e-02
1.359809e-03
4.397535e-03
2.684403e-03
4.823759e-03
3.981833e-04
-5.818014e-03
-6.379885e-03
-2.853715e-03
2.511003e-03
2.076596e-03
2.939268e-03
2.300918e-03
1.061956e-03
1.659501e-03
5.038833e-03
7.606470e-03
5.053094e-03
2.165735e-04
-2.488741e-03
-3.760334e-03
-8.126765e-03
-1.162439e-02
-1.188443e-02
-4.653633e-03
7.891928e-03
1.501260e-02
7.700207e-03
-3.831768e-03
-7.755642e-03
-7.516015e-03
-6.832264e-06
-1.597959e-04
-4.157089e-03
4.652777e-04
-1.384001e-04
-6.929715e-03
-3.440091e-05
9.283760e-03
8.712712e-03
8.632149e-03
2.198755e-03
-8.991483e-04
6.331653e-03
2.030485e-03
-9.208830e-03
-6.075248e-03
-4.028683e-03
-1.115854e-02
-6.234339e-03
4.720465e-03
4.466551e-03
6.675251e-03
8.202782e-03
3.880201e-03
-1.025657e-03
-2.557276e-03
-4.013434e-03
-6.873742e-03
-6.433229e-03
-6.575992e-03
-3.822419e-04
1.230098e-02
1.340635e-02
1.351264e-03
-6.729990e-03
-6.953137e-04
7.227877e-03
1.037472e-02
9.337661e-03
3.520179e-03
2.254708e-03
-4.363259e-04
-3.869713e-03
-3.101870e-03
1.805932e-04
3.702576e-04
-7.669186e-03
-1.172765e-02
-4.587610e-03
3.208117e-03
6.731001e-04
-4.528474e-03
-6.659682e-03
1.231721e-05
1.122785e-03
-6.066215e-03
-6.426176e-03
-4.183823e-03
-8.741954e-03
1.603063e-03
1.698752e-02
1.115780e-02
8.739030e-03
1.058369e-02
2.660500e-03
-8.521707e-03
-7.718662e-04
1.370556e-03
-2.821497e-03
-6.761681e-03
-2.069968e-03
6.210124e-03
1.662190e-03
-2.680781e-03
-1.047549e-02
-9.419066e-03
2.122080e-03
1.039707e-02
1.080904e-02
8.438200e-03
2.295431e-03
-7.296018e-03
-8.367740e-03
-3.486924e-04
3.007193e-03
-2.535983e-03
-5.969366e-03
-2.973440e-03
2.176126e-03
4.351181e-03
1.144175e-03
-2.893900e-03
-6.869772e-03
-3.175340e-03
2.725758e-03
-2.878600e-03
-5.590024e-03
1.029973e-03
2.883819e-03
3.054112e-03
4.251261e-03
4.145138e-06
-8.218232e-04
1.089126e-03
5.807354e-03
7.352226e-03
-4.152208e-03
-1.295745e-02
-1.066717e-02
2.065006e-03
6.166307e-03
-4.085916e-03
-5.520654e-03
5.061961e-03
5.721720e-03
5.880799e-03
8.717651e-03
9.619083e-03
3.338654e-03
-4.923082e-03
-3.931915e-03
-4.372429e-03
-3.245639e-03
-3.448559e-03
4.566411e-03
6.686405e-03
-3.544403e-03
-7.357117e-03
-8.855077e-03
-7.838416e-03
7.414786e-04
1.033122e-03
-4.771098e-03
1.163653e-03
7.176922e-03
5.173185e-03
1.591946e-03
-3.271075e-03
1.267685e-03
9.554922e-03
1.120687e-02
9.313258e-03
7.988651e-03
-2.108799e-04
-7.027677e-03
-9.323053e-03
-7.110263e-03
-3.148710e-04
5.835039e-04
-3.863473e-03
-5.076929e-03
-1.806695e-03
3.974082e-03
9.435685e-03
7.150799e-04
-6.029317e-03
-4.945353e-03
-6.450447e-03
-3.589118e-03
7.818451e-03
1.094184e-02
5.737223e-03
7.434036e-03
9.745740e-03
5.927928e-03
-2.240121e-04
-5.984381e-03
-1.284706e-02
-1.515161e-02
-3.280074e-03
4.005804e-03
-2.399027e-03
-3.238972e-04
-8.153933e-04
-6.425864e-03
-1.560791e-03
2.271309e-03
-2.828284e-03
-9.617547e-03
-9.108700e-03
-1.472040e-03
1.755369e-03
2.530362e-03
7.071166e-04
-2.102193e-03
1.399520e-03
1.301635e-03
-4.441398e-03
-9.906709e-04
1.423268e-02
1.486389e-02
3.274826e-03
-3.506277e-03
-1.554533e-03
3.874444e-03
4.056981e-03
1.915587e-03
8.419345e-03
1.304683e-02
-7.040375e-04
-5.855634e-03
1.352067e-04
-7.577916e-03
-9.780493e-03
-5.912702e-03
-7.576869e-03
-6.594873e-03
-4.236261e-03
-8.793461e-04
-4.447323e-03
-2.056079e-03
5.376640e-03
1.145110e-02
5.727442e-03
-9.388818e-03
5.507204e-03
1.504768e-02
-3.418351e-03
-7.356484e-03
-2.428186e-03
-2.332323e-03
8.808123e-04
1.297887e-03
-1.910130e-03
-3.889389e-03
-3.777209e-03
2.781616e-03
9.908421e-03
1.714229e-02
1.507942e-02
-5.885928e-03
-1.466262e-02
-4.600044e-03
-2.108866e-03
-4.535779e-03
3.886066e-03
7.085947e-03
-2.849136e-03
-5.675777e-03
5.903891e-04
2.100600e-03
3.790281e-03
4.619322e-03
-3.409911e-03
-1.781412e-03
3.375691e-04
-2.850051e-03
-3.976224e-04
1.795489e-04
-3.343760e-04
-1.790519e-03
-3.067190e-03
-4.454888e-04
-2.123929e-03
-3.495435e-03
-1.899567e-03
-6.418936e-03
-5.166713e-03
1.208565e-03
3.697704e-03
3.840477e-03
5.722886e-03
8.820797e-03
1.167500e-02
7.918373e-03
-1.783193e-03
-6.391277e-03
-1.042118e-02
-9.068005e-03
-2.423498e-04
3.126805e-03
2.311046e-03
6.768355e-05
-1.053991e-03
-1.691299e-03
1.036454e-03
5.701668e-03
6.938597e-03
2.911753e-03
-3.214688e-03
-9.345893e-04
1.470935e-03
-4.524982e-03
-2.941349e-03
5.242906e-03
2.596757e-03
-4.195495e-04
-5.704724e-03
-7.751280e-03
-3.214549e-03
1.338498e-03
-8.399222e-05
1.954434e-03
3.192384e-03
2.363369e-03
5.497990e-03
1.027570e-03
-2.515929e-03
3.413303e-04
4.007224e-03
5.901703e-04
2.376728e-03
-1.403346e-03
-5.560713e-03
-1.159603e-03
-6.134783e-03
-8.878824e-03
-1.237057e-03
1.446851e-03
3.751440e-04
8.941946e-04
-3.590213e-04
-2.090484e-03
-4.748869e-03
-6.507863e-03
-2.637006e-03
1.101288e-03
3.759704e-03
6.175426e-03
4.422550e-03
1.825348e-03
1.234580e-04
2.600364e-03
5.986768e-04
-6.266036e-03
-4.691579e-03
-1.554916e-03
-3.889030e-03
-6.713629e-03
-5.040259e-03
3.957732e-03
1.036768e-02
1.166274e-02
7.839839e-03
-9.908863e-04
-2.412354e-03
-1.319203e-03
1.247313e-04
2.398714e-03
7.936974e-04
5.306977e-03
6.873277e-03
-3.576757e-03
4.796899e-04
6.266595e-03
2.824049e-03
-1.391440e-03
-4.312910e-03
-4.548448e-03
-3.766309e-03
1.948196e-03
5.832310e-03
2.880250e-03
-3.240069e-03
-3.861060e-03
-2.973890e-03
-4.250558e-03
-2.855570e-03
8.490757e-04
-5.443575e-03
-6.414328e-03
1.651643e-03
3.624810e-03
2.437877e-03
-1.453342e-03
-4.425798e-03
-3.338763e-03
9.297854e-04
4.544695e-03
1.957693e-03
-2.548414e-03
-9.352070e-04
1.477459e-03
1.161545e-04
6.659690e-03
1.078344e-02
5.046532e-03
6.750277e-04
1.683544e-03
3.308988e-03
-1.001333e-03
8.202544e-06
-1.585596e-03
-9.661730e-03
-1.092310e-02
-6.696361e-03
-5.469625e-03
-5.507337e-03
3.632396e-03
1.200530e-02
8.870711e-03
5.406753e-03
1.201461e-03
-3.772695e-03
-8.182948e-03
-8.279805e-03
-4.809993e-04
5.978919e-03
4.675740e-03
-1.265109e-03
-3.883721e-03
-5.513210e-03
-3.568594e-03
9.691602e-04
5.730232e-03
9.741812e-03
7.689142e-03
3.689834e-03
4.798282e-03
1.953020e-04
-3.980417e-03
-2.282572e-03
-4.690105e-03
-7.437202e-03
-5.341667e-03
-6.264827e-04
2.386796e-03
3.059826e-03
-4.337029e-04
2.518705e-05
-1.450877e-04
-2.443510e-03
-4.244311e-03
-4.310574e-03
1.207127e-03
4.357048e-03
1.834288e-03
5.586860e-03
1.294922e-02
5.997842e-03
-4.735671e-03
-4.660194e-03
-2.589133e-03
-2.764507e-03
-1.853882e-03
-1.867121e-03
-2.684915e-03
1.173708e-03
-1.053333e-03
-3.441490e-03
1.973219e-03
6.904342e-04
-6.759673e-04
2.613655e-03
2.520878e-03
-1.211264e-03
1.398768e-04
5.820732e-03
4.336044e-03
-2.055518e-03
-2.464406e-03
-2.674451e-03
-3.680893e-03
3.327277e-04
1.757091e-04
-4.570032e-03
-7.979944e-03
-3.427914e-03
5.531329e-03
5.707757e-03
1.384179e-03
-2.032872e-03
-2.181732e-03
-3.393138e-03
-3.530781e-03
5.166395e-03
7.440379e-03
1.075329e-03
-7.254719e-04
2.268432e-03
1.906451e-03
-3.933446e-03
-4.426971e-03
3.019014e-03
5.069679e-03
3.207696e-03
9.745352e-04
-6.270529e-03
-7.669563e-03
-1.035272e-03
-4.305636e-04
-1.735778e-04
2.577795e-04
-1.256163e-04
4.354014e-03
2.980474e-03
6.198482e-04
4.048151e-03
1.422399e-03
-3.986158e-03
-4.943654e-03
-4.143159e-03
1.223303e-04
3.966677e-03
1.518356e-03
-1.722285e-03
1.662170e-03
3.387547e-03
-2.488040e-03
-4.808896e-03
-4.388757e-03
-4.238841e-03
-4.604902e-03
-1.320380e-03
3.586510e-03
3.725208e-03
8.203818e-03
8.414916e-03
8.143689e-03
2.726974e-03
-4.221355e-03
-1.137717e-03
-7.277740e-04
9.078671e-04
2.792319e-03
3.396008e-03
4.862375e-03
5.649614e-03
-6.114270e-04
-7.130454e-03
-7.907462e-03
-6.007715e-03
-3.248347e-03
-4.495443e-03
-2.795561e-03
9.182616e-04
-3.308743e-04
4.573824e-04
5.153191e-03
1.568905e-03
-1.131287e-03
8.061895e-04
5.818680e-04
-1.331104e-03
-1.975548e-03
6.940845e-04
-4.103663e-03
-7.390192e-03
-2.271203e-03
2.512301e-03
2.918164e-03
1.924976e-03
7.274422e-03
6.444389e-03
-7.303407e-03
-7.289115e-03
1.993375e-03
1.418270e-03
4.584504e-03
2.703143e-03
-1.549058e-03
-1.982422e-03
-1.425641e-03
-9.127094e-04
-4.562258e-03
-8.158063e-04
4.738602e-03
5.094498e-03
4.283932e-05
-6.699274e-04
2.751235e-03
1.863077e-03
-2.238207e-03
-4.849685e-03
-2.163738e-03
2.157833e-03
5.506594e-03
2.786007e-03
2.698325e-03
2.277198e-03
-5.630686e-03
-6.641210e-03
-1.578307e-03
-1.514051e-03
5.361909e-03
9.841535e-03
1.317743e-03
-1.973886e-03
-2.065647e-03
-2.877327e-03
-3.718580e-03
-3.917410e-03
-3.045540e-03
1.035378e-03
4.233220e-03
9.293541e-04
-5.153239e-03
-6.480896e-03
-4.261980e-03
3.444027e-03
6.623514e-03
-1.800179e-04
-2.018553e-03
-2.651784e-03
-1.842116e-03
-3.720606e-05
2.890411e-03
3.962146e-03
-2.343765e-03
-8.019493e-03
-8.299901e-03
-5.078607e-03
1.970702e-03
6.456446e-03
7.083583e-03
8.376596e-03
6.980616e-03
4.924881e-03
-1.094491e-03
-4.632894e-03
-5.326040e-04
3.604395e-03
2.780477e-03
1.170357e-03
-5.906813e-04
1.619055e-03
4.386575e-03
4.535422e-04
-1.236116e-03
-3.790493e-03
-2.219100e-03
-1.000528e-03
-4.295220e-03
-2.696294e-03
-3.899548e-03
-2.898177e-03
7.391613e-04
3.785064e-03
9.332329e-03
5.728663e-03
4.098349e-04
4.404366e-04
-2.215914e-03
-1.833510e-03
3.463925e-03
1.834429e-03
-2.212815e-03
-1.446998e-03
-1.410278e-03
-1.903811e-03
-2.982661e-03
-1.038053e-03
4.787594e-03
3.997653e-04
-7.749796e-03
-9.225316e-03
-6.525099e-03
1.102026e-04
3.708789e-03
3.276439e-03
2.635046e-03
4.105485e-03
2.058924e-03
-2.849981e-03
-5.122919e-03
-2.981507e-03
7.221096e-04
7.904388e-04
-1.294872e-03
3.876670e-04
6.047099e-03
7.298299e-03
3.392793e-03
3.234561e-04
9.597664e-04
1.166776e-03
1.888742e-03
3.933281e-03
1.078083e-03
2.508752e-03
-1.138766e-03
-1.007759e-02
-9.636046e-03
-8.551061e-03
-8.691775e-03
-5.420519e-03
-3.124112e-03
-2.928320e-03
-1.010229e-03
5.937914e-04
2.468036e-03
6.879333e-03
9.530602e-03
6.944606e-03
5.528226e-03
2.324285e-03
-4.449684e-03
-3.987746e-03
-6.257371e-04
5.007180e-03
9.008551e-03
4.555456e-03
9.915531e-04
-6.756778e-04
-2.134886e-03
-1.027471e-03
-1.900343e-03
-7.716799e-03
-5.236844e-03
-7.299818e-05
7.692914e-04
1.249582e-03
-1.828936e-03
-8.099167e-03
-5.244978e-03
4.527984e-03
1.087266e-02
1.052392e-02
4.957295e-03
2.550769e-03
5.725230e-04
-3.584746e-04
7.764724e-04
-9.386871e-04
-4.655550e-03
-5.224547e-03
-5.745621e-03
-5.734401e-03
-1.534188e-03
6.184347e-04
7.764929e-04
1.666707e-03
4.039589e-03
6.083101e-03
2.319331e-03
-2.183733e-03
-2.568164e-03
-1.335327e-03
-6.643522e-04
3.019883e-03
4.684061e-03
6.123358e-04
-1.514791e-03
-5.642601e-03
-7.034512e-03
-5.460587e-04
-4.338894e-04
-2.118460e-03
2.598747e-03
1.934911e-03
-3.655675e-04
-4.654997e-04
3.472138e-04
-1.342456e-03
-3.396164e-03
1.551497e-03
3.086170e-03
1.861490e-03
3.493034e-03
6.378830e-03
7.561147e-04
-4.520917e-03
-3.153478e-03
-5.590602e-03
-5.942405e-03
-5.025682e-03
-4.260897e-03
-5.256787e-04
1.931835e-03
3.981801e-04
-2.141934e-03
6.867553e-04
7.939993e-03
9.065756e-03
5.847531e-03
-5.764767e-05
-3.096404e-03
-4.362895e-03
-6.998864e-03
-5.699748e-03
-6.949855e-04
1.022515e-02
1.092671e-02
3.515411e-03
3.575571e-03
2.265231e-03
-3.329954e-03
-6.224932e-03
-3.022008e-03
-5.237081e-04
3.515382e-03
9.342035e-03
9.611235e-03
6.389948e-03
1.397413e-03
-2.079823e-03
-3.696078e-03
-6.137283e-03
-4.730082e-03
-9.642752e-04
-2.608064e-03
-5.492845e-03
-9.911281e-03
-9.049626e-03
-4.797417e-03
-2.581581e-03
-1.446643e-03
3.225580e-04
5.280410e-03
7.774629e-03
8.504740e-03
4.973456e-03
1.757265e-03
-1.598089e-04
-2.913050e-03
-3.810407e-03
-1.639439e-03
5.804750e-04
5.396786e-04
2.082630e-04
5.886091e-04
1.860187e-03
-2.290066e-03
-4.218357e-03
-1.178592e-03
2.744247e-03
5.632074e-03
3.285698e-03
3.356511e-04
3.085816e-03
7.198321e-03
2.581038e-03
8.781029e-04
3.762870e-03
1.764217e-03
-2.915404e-04
-1.248044e-03
-3.174298e-03
-3.477164e-03
9.004670e-04
2.029708e-04
-4.043137e-03
-5.008819e-03
-4.921134e-03
-6.193751e-03
-5.301511e-03
-5.057969e-04
1.877268e-03
5.964934e-04
-1.096247e-03
-2.911353e-03
-2.658476e-03
1.306169e-03
7.789638e-04
-6.670075e-03
-9.146977e-03
-2.546367e-03
3.842141e-03
5.455320e-03
3.571891e-03
3.482143e-03
2.999805e-03
7.492784e-04
-2.009066e-03
-4.014862e-03
-5.142681e-03
-3.663446e-04
5.516384e-03
4.597606e-03
5.358300e-03
5.774330e-03
6.482031e-04
-4.246449e-03
-4.190378e-03
-2.092837e-03
-3.450584e-04
-7.688785e-05
-2.338633e-03
-1.756390e-03
1.742241e-03
6.633656e-04
-2.035838e-03
-1.483594e-04
7.979215e-04
6.153765e-04
5.225497e-03
3.766267e-03
-4.498547e-03
-1.007056e-03
7.025231e-03
6.570421e-03
4.048647e-03
3.783503e-03
1.889874e-03
3.358099e-04
-1.600648e-03
-6.132283e-03
-6.038487e-03
1.437034e-03
3.257210e-03
-3.199650e-03
-4.019520e-03
-1.522253e-03
-1.675229e-03
-1.603866e-03
1.093264e-03
3.461026e-03
3.773041e-03
2.460648e-03
7.729992e-04
-1.027838e-03
-1.779388e-03
1.121430e-05
1.048246e-03
-2.453478e-03
-1.942619e-03
1.993465e-03
-2.323013e-03
-1.070822e-03
4.531479e-03
5.359467e-03
5.653126e-03
2.947799e-03
1.324391e-03
3.688961e-04
-9.203607e-05
-9.715538e-05
-2.593111e-04
2.342105e-04
-1.886820e-03
-2.434428e-03
-8.100422e-04
-1.133314e-03
-1.466783e-03
9.570610e-04
4.411837e-03
6.964164e-03
8.468223e-03
5.686416e-03
6.316617e-04
-2.316359e-03
-2.359210e-03
-3.091388e-03
-5.081897e-03
-7.537396e-03
-7.860669e-03
-7.792371e-03
-4.947386e-03
-3.274056e-03
-3.752325e-03
-2.241130e-03
3.009986e-04
1.914166e-03
-4.291654e-04
1.585770e-03
5.005330e-05
-3.643382e-03
-1.784464e-03
-6.434261e-04
-9.932131e-04
-7.678803e-04
-8.606991e-04
3.866577e-05
2.090309e-03
1.598781e-03
-4.427149e-04
-2.222678e-06
1.487557e-03
1.924990e-03
1.673095e-03
-1.365684e-03
-2.021388e-03
-4.826271e-05
1.313033e-03
6.388134e-03
8.409184e-03
6.340154e-03
2.901529e-04
-4.569840e-03
-3.919287e-03
-1.832975e-03
1.318940e-03
-6.664733e-04
-1.909534e-03
-7.032368e-04
-1.029573e-03
5.907288e-04
3.447946e-03
4.820456e-03
4.381951e-03
1.164514e-04
-3.182357e-03
-2.514471e-03
-4.423407e-03
-7.699782e-03
-6.118231e-03
-4.180465e-04
3.790294e-03
3.369122e-03
2.310629e-03
2.329975e-03
5.442120e-03
6.545425e-03
9.869235e-04
-1.158588e-03
-4.346182e-04
-2.429405e-04
-2.854462e-03
-4.283113e-03
-3.339906e-03
-3.941567e-03
-1.195501e-03
2.903727e-03
2.125655e-03
8.152904e-04
2.309635e-04
-3.733722e-03
-4.548505e-03
-1.410869e-03
2.110181e-03
5.972835e-03
3.646833e-03
-3.848110e-03
-7.025575e-03
-4.780192e-03
-1.681305e-03
3.295446e-04
2.079347e-03
1.010654e-03
-7.065789e-04
-9.125923e-04
-2.324727e-04
1.518349e-03
1.897653e-03
1.755881e-03
2.584878e-03
1.736443e-03
8.665945e-04
4.065413e-03
4.012355e-03
6.656163e-04
-5.590943e-04
-9.160265e-04
3.993755e-04
3.636537e-04
-3.369230e-04
1.579091e-03
1.900270e-03
1.034499e-03
-5.950391e-04
5.541488e-04
3.376691e-03
4.636008e-03
4.631897e-03
1.057759e-03
-6.287287e-03
-9.920567e-03
-9.473965e-03
-4.377457e-03
-2.675583e-03
-2.395143e-04
5.742108e-03
4.820252e-03
3.394655e-03
4.044182e-03
3.329328e-03
7.891822e-04
1.700775e-03
2.205501e-03
1.616073e-03
7.626850e-05
6.258623e-04
6.931303e-04
-1.058775e-03
-8.140764e-04
1.649524e-03
1.926854e-03
-2.548714e-03
-4.292461e-03
-2.510032e-03
-6.184915e-04
-8.928286e-04
3.022450e-04
-2.402775e-04
2.471131e-04
7.375629e-04
-6.299101e-04
-6.054706e-04
-3.648337e-03
-4.418256e-03
2.458910e-04
2.048715e-03
2.611190e-04
-3.894937e-04
-1.855843e-04
-1.139052e-03
-3.977531e-04
-1.122805e-03
-6.456120e-04
-8.189977e-04
-1.684770e-03
2.252319e-03
4.838285e-03
4.278427e-03
6.518709e-03
6.369796e-03
-1.505505e-03
-6.812141e-03
-1.062999e-02
-1.024560e-02
-5.099121e-03
7.754294e-04
1.636036e-03
1.046606e-03
-1.164173e-03
-2.395005e-03
1.517612e-03
1.429882e-03
-1.302991e-03
-8.237584e-04
1.892731e-03
3.614998e-03
3.915780e-03
3.923903e-03
3.872884e-03
8.616276e-04
-1.383821e-03
-1.351225e-03
-3.196945e-03
-3.307108e-03
-1.765331e-03
-1.883652e-03
-8.221617e-04
1.931037e-03
4.038756e-03
5.657013e-03
2.641679e-03
-2.314176e-03
-2.261184e-03
1.170126e-03
2.470230e-03
1.733962e-03
3.879029e-04
8.834512e-04
1.087361e-03
-2.574473e-03
-8.970738e-04
-1.457951e-03
-4.535488e-03
-1.528379e-03
1.315576e-03
3.985159e-03
5.256712e-03
-2.151178e-04
-5.012915e-03
-6.832121e-03
-5.016040e-03
-1.042240e-03
2.438018e-03
1.709908e-03
4.658207e-04
2.269666e-03
2.813141e-03
4.105225e-03
2.068731e-03
2.580657e-03
2.540100e-03
-1.068831e-03
-9.706969e-04
1.203210e-03
-1.613029e-04
-1.818284e-03
1.285124e-03
1.409330e-03
-2.484656e-03
-2.401816e-03
-1.549208e-03
-1.768001e-03
-1.870155e-03
-4.946943e-04
-3.166227e-04
5.759397e-04
1.198615e-03
-1.070822e-03
-2.956567e-03
-4.120552e-03
-3.216393e-03
-2.959499e-03
-2.903881e-03
2.690985e-04
3.735017e-03
3.113625e-03
2.218050e-03
1.310440e-04
-1.342041e-03
-1.899457e-03
-7.879792e-04
9.894424e-04
1.022611e-03
-3.010067e-04
-1.489485e-03
-1.629309e-03
3.820832e-04
4.738468e-03
6.336680e-03
7.565796e-03
5.156998e-03
-3.067420e-04
-3.069259e-03
-3.162905e-03
-2.276440e-03
-6.888183e-04
1.083795e-03
3.041461e-03
8.443962e-04
-6.834476e-05
2.897758e-03
2.914737e-03
2.022923e-03
2.334601e-03
8.541735e-04
-3.050683e-03
-2.515137e-03
-1.841075e-03
-3.541345e-03
-3.057286e-03
-8.372666e-04
-6.070458e-04
2.630376e-04
-4.799886e-04
-2.657957e-03
-4.583294e-03
-5.082107e-03
-4.678428e-03
-4.102745e-04
5.648989e-03
8.450083e-03
7.335429e-03
1.334952e-03
6.897566e-04
4.155375e-04
-8.250423e-04
-3.326761e-03
-3.691565e-03
-2.373058e-03
-1.196060e-03
-2.235045e-03
-2.294538e-03
1.036560e-03
3.241681e-03
3.721225e-03
-3.795189e-04
-3.677118e-03
-7.684476e-04
3.691280e-03
4.944347e-03
4.761154e-03
3.174274e-03
-1.407470e-03
-3.388802e-03
-1.470791e-03
3.394630e-05
8.660597e-04
9.414836e-05
-4.094137e-03
-6.078547e-03
-2.483094e-03
1.278116e-03
8.913307e-04
-2.037019e-03
-3.081967e-03
-3.030711e-03
-3.129558e-03
-2.690644e-03
-1.341217e-03
-9.679608e-04
1.456276e-03
2.859906e-03
1.731601e-03
9.779488e-04
-1.071896e-03
-2.242355e-03
4.654206e-04
2.801312e-03
4.057344e-03
3.909654e-03
1.876883e-03
-4.415053e-04
-4.275826e-05
2.003601e-03
8.809418e-04
-1.480103e-03
-2.630917e-03
-1.421504e-03
1.331786e-03
2.299968e-03
1.337527e-03
-3.483365e-04
-1.583720e-03
-2.588800e-03
-3.786941e-03
-9.283512e-04
2.742661e-03
3.284087e-03
2.465406e-03
2.300217e-03
1.116021e-03
-3.802781e-04
-8.491870e-04
-5.173059e-04
2.167284e-04
7.435465e-04
1.531040e-03
1.430606e-03
3.204930e-04
-1.247279e-04
-4.082679e-05
-5.081797e-04
-2.984293e-04
-2.680389e-04
6.628758e-04
1.342147e-03
2.355905e-04
5.898130e-04
1.215305e-03
2.971614e-04
-3.386621e-04
-1.133549e-03
-1.980237e-03
-7.402845e-04
4.033506e-04
-1.124160e-04
-5.111433e-05
-1.034393e-03
-6.602167e-04
1.061384e-03
1.447622e-03
7.038993e-04
-3.173461e-04
-6.280166e-04
-1.114166e-03
-1.533540e-03
-1.250575e-03
-4.981006e-04
-5.923447e-04
-9.067854e-04
-2.050239e-06
2.518330e-04
-6.822948e-04
-4.906479e-04
-6.394571e-04
-1.475620e-03
-9.324747e-04
-1.489421e-04
1.924177e-04
2.229160e-04
2.563966e-04
2.051506e-04
-2.229730e-06
5.636461e-04
3.038956e-04
-1.857985e-04
-3.571900e-04
-4.584118e-04
-1.529521e-04
-6.043486e-05
1.021209e-04
3.420626e-04
2.112886e-04
2.587233e-04
5.608827e-04
5.364281e-04
5.749088e-04
7.927967e-04
2.995112e-04
-5.625159e-05
-6.460760e-05
-3.541122e-04
-6.022944e-05
4.248643e-04
2.964792e-04
-3.328967e-04
-5.284155e-04
-1.656343e-04
1.447528e-04
6.520794e-04
9.969653e-04
4.785841e-04
3.554220e-05
-2.097693e-04
-1.875066e-04
1.449762e-04
3.142391e-04
1.638070e-04
-2.721903e-05
-9.979035e-05
-2.892247e-04
-3.465779e-04
-6.072860e-05
2.716017e-04
1.300072e-04
-1.043816e-05
-1.258179e-04
-1.267203e-04
-1.286596e-04
3.623564e-05
3.938931e-04
4.634389e-04
2.864433e-04
9.656705e-05
-6.291255e-05
-1.753037e-04
-2.274578e-04
-1.013775e-04
1.463688e-04
1.286985e-04
-3.520473e-05
-1.461266e-04
-2.931663e-04
-2.655112e-04
-4.336482e-05
4.059385e-05
3.994108e-05
9.794101e-07
-7.554776e-05
-2.588748e-05
7.047029e-05
3.911397e-05
-6.268657e-05
-6.008283e-05
-2.169351e-05
-6.953952e-05
-1.076630e-04
-1.288433e-04
-5.560841e-05
6.954182e-05
1.120681e-04
9.115377e-05
8.103170e-05
6.807687e-05
1.452875e-05
-4.282052e-05
-5.689538e-05
-5.815378e-05
-8.187757e-05
-8.705616e-05
-5.042967e-05
-1.397280e-05
1.160036e-05
2.226905e-05
1.706121e-05
2.068496e-05
1.999921e-05
1.283830e-05
6.462072e-06
4.034060e-06
5.549910e-06
6.949671e-06
9.391283e-06
1.008479e-05
9.478642e-06
8.562014e-06
6.553905e-06
