9.004721e-04
9.054497e-04
9.107958e-04
9.162613e-04
9.230104e-04
9.308759e-04
9.400359e-04
9.483104e-04
9.551344e-04
9.596449e-04
9.632669e-04
9.689584e-04
9.793674e-04
9.951849e-04
1.016723e-03
1.040911e-03
1.063798e-03
1.081981e-03
1.091219e-03
1.090972e-03
1.087436e-03
1.090277e-03
1.104297e-03
1.131995e-03
1.166729e-03
1.186846e-03
1.176693e-03
1.140865e-03
1.104695e-03
1.065993e-03
1.030765e-03
1.031224e-03
1.094403e-03
1.199094e-03
1.315867e-03
1.432378e-03
1.508566e-03
1.527907e-03
1.505666e-03
1.464298e-03
1.429602e-03
1.423089e-03
1.480665e-03
1.603772e-03
1.776804e-03
1.964604e-03
2.123948e-03
2.205435e-03
2.168964e-03
2.007374e-03
1.747123e-03
1.454962e-03
1.242114e-03
1.206127e-03
1.330876e-03
1.567482e-03
1.826341e-03
2.025408e-03
2.106109e-03
1.997822e-03
1.686118e-03
1.262237e-03
8.494639e-04
6.572260e-04
8.054968e-04
1.297025e-03
2.055619e-03
2.928313e-03
3.721161e-03
4.321410e-03
4.667402e-03
4.745314e-03
4.516606e-03
3.984548e-03
3.185517e-03
2.144155e-03
1.016581e-03
-9.295094e-05
-1.110067e-03
-1.931381e-03
-2.457572e-03
-2.610502e-03
-2.379676e-03
-1.851138e-03
-1.081113e-03
-7.326485e-05
1.131369e-03
2.374306e-03
3.523812e-03
4.432790e-03
4.816168e-03
4.483035e-03
3.394954e-03
1.907228e-03
4.718115e-04
-3.660229e-04
-3.816061e-04
4.893949e-04
1.632308e-03
2.730776e-03
3.717871e-03
4.368287e-03
4.353573e-03
3.423762e-03
1.749502e-03
-4.043702e-04
-2.982717e-03
-5.360815e-03
-7.147175e-03
-8.099356e-03
-7.718410e-03
-5.766729e-03
-2.584714e-03
1.703835e-03
6.410398e-03
1.075562e-02
1.424113e-02
1.653300e-02
1.724643e-02
1.598900e-02
1.318943e-02
9.546698e-03
5.883659e-03
3.147595e-03
1.560276e-03
8.069496e-04
7.927346e-04
1.274513e-03
1.955361e-03
2.833056e-03
3.776074e-03
4.631221e-03
5.513720e-03
6.610258e-03
8.225497e-03
1.028387e-02
1.253817e-02
1.464860e-02
1.616515e-02
1.699061e-02
1.707245e-02
1.623742e-02
1.438809e-02
1.165089e-02
8.658853e-03
6.139929e-03
4.498419e-03
3.582002e-03
3.077292e-03
2.695502e-03
2.403616e-03
2.464141e-03
2.870818e-03
3.452197e-03
4.034909e-03
4.511624e-03
4.735056e-03
4.758890e-03
4.697312e-03
4.572015e-03
4.436365e-03
4.465822e-03
4.842622e-03
5.812643e-03
7.707638e-03
1.102531e-02
1.577339e-02
2.128214e-02
2.675069e-02
3.112796e-02
3.332878e-02
3.252276e-02
2.749665e-02
1.817630e-02
4.949663e-03
-8.201122e-03
-1.711568e-02
-2.120240e-02
-2.165560e-02
-1.907750e-02
-1.374020e-02
-6.214219e-03
3.692809e-03
1.469152e-02
2.558492e-02
3.519774e-02
4.210812e-02
4.703370e-02
4.970422e-02
4.926602e-02
4.516462e-02
3.626010e-02
2.125794e-02
2.325125e-03
-1.456574e-02
-2.346633e-02
-2.532827e-02
-2.270139e-02
-1.663193e-02
-9.048421e-03
-1.167108e-03
6.365318e-03
1.394631e-02
2.088197e-02
2.738132e-02
3.320354e-02
3.737835e-02
3.803618e-02
3.373366e-02
2.558666e-02
1.472624e-02
2.608693e-03
-7.710027e-03
-1.498014e-02
-1.961161e-02
-2.178368e-02
-2.038690e-02
-1.555574e-02
-1.006459e-02
-5.401069e-03
-1.707412e-03
7.563477e-04
2.441265e-03
4.266910e-03
6.868052e-03
1.016589e-02
1.322142e-02
1.473042e-02
1.351936e-02
1.075266e-02
8.355581e-03
6.565487e-03
5.763628e-03
6.764334e-03
9.618200e-03
1.333963e-02
1.706472e-02
1.970911e-02
1.965069e-02
1.606519e-02
1.127111e-02
6.087591e-03
8.361938e-04
-2.998997e-03
-2.726948e-03
3.995591e-03
1.559300e-02
3.085498e-02
4.717474e-02
6.003874e-02
6.838724e-02
7.160046e-02
6.826348e-02
5.970206e-02
4.872428e-02
3.696512e-02
2.599836e-02
1.739152e-02
1.072177e-02
5.052001e-03
8.157381e-04
-3.277065e-04
2.489724e-03
8.354166e-03
1.554019e-02
2.358521e-02
3.153027e-02
3.724843e-02
4.029153e-02
3.920179e-02
3.491895e-02
3.028155e-02
2.581096e-02
2.241914e-02
2.244418e-02
2.678766e-02
3.258025e-02
3.857856e-02
4.423576e-02
4.727233e-02
4.398909e-02
3.238439e-02
1.299454e-02
-1.227310e-02
-3.493099e-02
-4.946410e-02
-5.390120e-02
-5.204222e-02
-4.679819e-02
-3.847639e-02
-2.888039e-02
-1.877931e-02
-9.332272e-03
-6.314233e-04
7.325505e-03
1.463311e-02
2.154613e-02
2.793813e-02
3.396209e-02
3.916992e-02
4.360989e-02
4.794949e-02
5.186255e-02
5.400745e-02
5.329033e-02
5.086358e-02
4.841322e-02
4.604309e-02
4.350481e-02
4.117206e-02
3.911073e-02
3.780578e-02
3.842688e-02
4.085285e-02
4.464109e-02
5.036650e-02
5.792852e-02
6.486553e-02
6.789446e-02
6.372914e-02
5.388438e-02
4.255516e-02
3.290104e-02
2.653736e-02
2.366468e-02
2.403241e-02
2.782714e-02
3.309108e-02
3.716497e-02
3.912943e-02
3.756128e-02
3.260069e-02
2.646818e-02
1.963021e-02
1.286935e-02
6.704397e-03
1.471138e-03
-1.671303e-03
-8.176325e-04
3.893538e-03
1.131554e-02
2.135630e-02
3.384800e-02
4.768447e-02
5.971147e-02
6.714653e-02
6.784553e-02
6.119574e-02
4.907097e-02
3.417368e-02
1.636063e-02
-2.707178e-03
-2.144569e-02
-3.702956e-02
-4.753314e-02
-5.144447e-02
-5.116027e-02
-4.547979e-02
-3.403149e-02
-1.859853e-02
-2.229725e-03
1.290230e-02
2.748401e-02
4.203175e-02
5.671351e-02
7.108481e-02
8.437127e-02
9.495896e-02
1.021466e-01
1.043045e-01
1.014847e-01
9.517570e-02
8.672921e-02
7.683409e-02
6.623566e-02
5.575182e-02
4.752659e-02
4.213747e-02
3.987397e-02
4.156707e-02
4.604597e-02
4.982713e-02
5.044636e-02
4.689204e-02
3.972103e-02
2.967908e-02
1.585996e-02
2.899829e-04
-1.359807e-02
-2.256370e-02
-2.437820e-02
-1.905227e-02
-8.351932e-03
5.460213e-03
2.062530e-02
3.596046e-02
4.980218e-02
6.104714e-02
6.821348e-02
6.787299e-02
5.824113e-02
3.927023e-02
1.409108e-02
-1.124396e-02
-3.307217e-02
-4.688466e-02
-5.298097e-02
-5.319659e-02
-4.880732e-02
-4.167836e-02
-3.375250e-02
-2.583252e-02
-2.004775e-02
-1.729094e-02
-1.931918e-02
-2.558052e-02
-3.393861e-02
-4.264670e-02
-5.082570e-02
-5.699316e-02
-6.055876e-02
-5.952534e-02
-5.328558e-02
-4.323648e-02
-2.923424e-02
-1.222230e-02
2.947375e-03
1.333931e-02
1.940418e-02
2.049180e-02
1.641439e-02
9.174715e-03
3.861026e-03
3.849073e-03
1.041332e-02
2.149653e-02
3.431702e-02
4.809075e-02
5.913099e-02
6.562254e-02
6.686447e-02
6.216534e-02
5.198784e-02
3.765984e-02
2.148973e-02
6.118028e-03
-6.719108e-03
-1.630742e-02
-2.293286e-02
-2.811431e-02
-3.056001e-02
-2.954197e-02
-2.515597e-02
-1.651099e-02
-8.399883e-04
2.096075e-02
4.491966e-02
6.842781e-02
8.487551e-02
9.352874e-02
9.551336e-02
9.291075e-02
8.664908e-02
7.779419e-02
6.686055e-02
5.327119e-02
3.814889e-02
2.181950e-02
5.290158e-03
-9.210506e-03
-2.216663e-02
-3.351155e-02
-4.289900e-02
-4.872094e-02
-4.949146e-02
-4.456659e-02
-3.487108e-02
-2.116341e-02
-4.429074e-03
1.144602e-02
2.612406e-02
4.209017e-02
5.976819e-02
7.703889e-02
9.133869e-02
1.011140e-01
1.047060e-01
9.941010e-02
8.536986e-02
6.451253e-02
3.977870e-02
1.544989e-02
-7.917110e-03
-2.644928e-02
-3.657120e-02
-3.463936e-02
-2.141911e-02
-1.220323e-03
2.304147e-02
4.941983e-02
7.516112e-02
9.541411e-02
1.104627e-01
1.168859e-01
1.167877e-01
1.119642e-01
1.047938e-01
9.703645e-02
8.794203e-02
7.777367e-02
6.622383e-02
5.308455e-02
3.879075e-02
2.245858e-02
5.073518e-03
-1.294479e-02
-3.055193e-02
-4.636932e-02
-5.931392e-02
-6.903101e-02
-7.391752e-02
-7.363159e-02
-6.760831e-02
-5.485896e-02
-3.190664e-02
1.221818e-03
3.699980e-02
6.871824e-02
9.171135e-02
1.019334e-01
9.977649e-02
8.603196e-02
6.416688e-02
3.921962e-02
1.816662e-02
3.526435e-03
-3.608152e-03
-7.342670e-03
-1.061500e-02
-1.404326e-02
-1.855251e-02
-2.506518e-02
-3.500069e-02
-5.055736e-02
-7.255815e-02
-9.969782e-02
-1.253748e-01
-1.448894e-01
-1.528044e-01
-1.490316e-01
-1.344342e-01
-1.139509e-01
-9.007616e-02
-6.284368e-02
-3.530721e-02
-1.392372e-02
-1.786045e-03
2.258149e-03
-4.769769e-03
-2.451360e-02
-5.614152e-02
-9.441724e-02
-1.262082e-01
-1.543070e-01
-1.788459e-01
-1.948567e-01
-2.043100e-01
-2.092574e-01
-2.113212e-01
-2.099340e-01
-2.068819e-01
-2.032883e-01
-1.996463e-01
-1.961535e-01
-1.935560e-01
-1.900914e-01
-1.856703e-01
-1.806788e-01
-1.777665e-01
-1.787780e-01
-1.835233e-01
-1.902837e-01
-1.978476e-01
-2.075529e-01
-2.177788e-01
-2.254009e-01
-2.304146e-01
-2.336875e-01
-2.370804e-01
-2.410890e-01
-2.452289e-01
-2.499084e-01
-2.562113e-01
-2.643219e-01
-2.738747e-01
-2.827113e-01
-2.883379e-01
-2.888838e-01
-2.832463e-01
-2.735380e-01
-2.620954e-01
-2.491872e-01
-2.396786e-01
-2.351932e-01
-2.374705e-01
-2.450337e-01
-2.590467e-01
-2.818838e-01
-3.161774e-01
-3.574082e-01
-3.939397e-01
-4.169233e-01
-4.279956e-01
-4.267998e-01
-4.161496e-01
-3.998501e-01
-3.791119e-01
-3.556471e-01
-3.325693e-01
-3.112108e-01
-2.939595e-01
-2.839139e-01
-2.811054e-01
-2.859202e-01
-2.985433e-01
-3.198979e-01
-3.499944e-01
-3.825834e-01
-4.130546e-01
-4.362241e-01
-4.496280e-01
-4.523656e-01
-4.411259e-01
-4.166188e-01
-3.788256e-01
-3.341872e-01
-2.909155e-01
-2.481491e-01
-2.039122e-01
-1.581777e-01
-1.127020e-01
-7.155330e-02
-3.890475e-02
-1.412370e-02
1.111470e-02
3.657889e-02
6.280934e-02
8.763800e-02
1.105393e-01
1.325975e-01
1.546114e-01
1.753986e-01
1.943493e-01
2.128628e-01
2.314329e-01
2.486312e-01
2.631794e-01
2.727206e-01
2.752192e-01
2.691479e-01
2.554874e-01
2.347040e-01
2.090268e-01
1.798271e-01
1.464721e-01
1.082856e-01
6.780513e-02
2.707790e-02
-1.166750e-02
-4.503492e-02
-7.400715e-02
-9.516987e-02
-1.108246e-01
-1.207439e-01
-1.231684e-01
-1.166465e-01
-1.035565e-01
-8.775780e-02
-6.881752e-02
-4.997772e-02
-3.156957e-02
-1.455036e-02
2.350555e-03
1.665810e-02
2.835479e-02
3.770839e-02
4.285296e-02
4.267320e-02
3.807514e-02
3.013941e-02
2.021651e-02
1.038701e-02
-2.762895e-04
-1.222876e-02
-2.660664e-02
-4.291506e-02
-5.893322e-02
-7.305081e-02
-8.378081e-02
-9.132278e-02
-9.414024e-02
-9.141458e-02
-8.430169e-02
-7.528327e-02
-6.714884e-02
-5.886994e-02
-5.003856e-02
-3.905184e-02
-2.509939e-02
-6.119712e-03
1.681899e-02
4.133893e-02
6.420323e-02
8.470894e-02
1.030715e-01
1.181837e-01
1.315670e-01
1.433271e-01
1.555907e-01
1.660977e-01
1.738720e-01
1.784388e-01
1.789665e-01
1.768886e-01
1.745428e-01
1.724310e-01
1.702201e-01
1.681303e-01
1.663367e-01
1.647485e-01
1.624629e-01
1.584648e-01
1.513354e-01
1.394198e-01
1.217908e-01
9.949213e-02
7.719147e-02
5.718209e-02
3.795929e-02
1.889293e-02
-2.263155e-03
-2.627174e-02
-5.133143e-02
-7.787059e-02
-1.053465e-01
-1.335789e-01
-1.631587e-01
-1.923865e-01
-2.200671e-01
-2.475419e-01
-2.725586e-01
-2.867501e-01
-2.945112e-01
-2.982331e-01
-2.942810e-01
-2.763447e-01
-2.408455e-01
-1.926075e-01
-1.438894e-01
-9.626639e-02
-4.837099e-02
-2.710382e-03
3.560402e-02
6.233854e-02
8.046783e-02
9.404883e-02
1.042313e-01
1.107236e-01
1.117450e-01
1.077808e-01
9.938459e-02
8.739081e-02
7.284054e-02
5.779710e-02
4.590876e-02
3.761015e-02
3.277569e-02
3.303390e-02
4.110433e-02
5.703520e-02
8.142840e-02
1.131237e-01
1.496175e-01
1.848894e-01
2.194076e-01
2.518475e-01
2.803068e-01
3.050274e-01
3.235476e-01
3.350285e-01
3.365949e-01
3.264618e-01
3.044872e-01
2.703293e-01
2.265700e-01
1.820684e-01
1.442098e-01
1.180732e-01
1.019083e-01
9.488196e-02
9.511734e-02
1.002872e-01
1.071473e-01
1.128863e-01
1.168722e-01
1.175405e-01
1.154650e-01
1.113896e-01
1.060189e-01
1.007988e-01
9.525956e-02
8.897053e-02
8.238138e-02
7.542796e-02
6.819165e-02
6.105048e-02
5.464840e-02
4.971027e-02
4.851554e-02
5.308269e-02
6.179074e-02
7.316490e-02
8.684744e-02
1.005012e-01
1.121927e-01
1.207355e-01
1.254775e-01
1.262716e-01
1.228705e-01
1.168782e-01
1.103280e-01
1.036772e-01
9.623435e-02
8.828518e-02
8.082997e-02
7.470072e-02
7.071412e-02
6.872135e-02
6.828377e-02
6.960994e-02
7.415865e-02
8.410225e-02
1.010024e-01
1.228631e-01
1.478664e-01
1.729699e-01
1.972398e-01
2.207620e-01
2.429350e-01
2.623693e-01
2.763516e-01
2.832204e-01
2.791103e-01
2.614048e-01
2.270089e-01
1.760948e-01
1.236803e-01
8.393469e-02
5.669176e-02
4.483644e-02
4.294775e-02
4.644432e-02
5.763592e-02
7.694983e-02
1.029338e-01
1.308792e-01
1.570747e-01
1.782587e-01
1.924077e-01
1.987258e-01
1.964772e-01
1.851415e-01
1.627642e-01
1.283248e-01
8.674724e-02
4.667260e-02
1.421924e-02
-8.495473e-03
-2.065403e-02
-2.477042e-02
-2.627876e-02
-2.611214e-02
-2.289441e-02
-1.516449e-02
-2.891326e-03
1.331197e-02
3.231007e-02
5.426290e-02
7.717316e-02
1.012154e-01
1.258966e-01
1.508718e-01
1.740483e-01
1.943985e-01
2.095842e-01
2.176377e-01
2.178407e-01
2.118815e-01
1.999428e-01
1.839059e-01
1.682230e-01
1.555730e-01
1.469292e-01
1.404648e-01
1.348398e-01
1.295771e-01
1.262102e-01
1.262783e-01
1.290756e-01
1.332089e-01
1.363074e-01
1.359009e-01
1.318380e-01
1.268272e-01
1.219452e-01
1.165620e-01
1.094847e-01
1.004194e-01
8.909569e-02
7.462405e-02
5.763914e-02
3.844823e-02
1.813435e-02
-1.864513e-03
-2.002950e-02
-3.388042e-02
-4.317875e-02
-4.896393e-02
-5.231780e-02
-5.535510e-02
-5.941730e-02
-6.532056e-02
-7.288046e-02
-8.134954e-02
-8.980013e-02
-9.760778e-02
-1.046721e-01
-1.112309e-01
-1.163717e-01
-1.182862e-01
-1.157500e-01
-1.097823e-01
-1.029236e-01
-9.597950e-02
-8.834773e-02
-8.115010e-02
-7.494297e-02
-6.886042e-02
-6.237907e-02
-5.540201e-02
-4.792723e-02
-4.086722e-02
-3.417841e-02
-2.815316e-02
-2.262884e-02
-1.709984e-02
-1.124849e-02
-6.163907e-03
-3.928288e-03
-5.553209e-03
-1.047613e-02
-1.567780e-02
-1.769669e-02
-1.474373e-02
-6.913792e-03
3.269602e-03
1.388313e-02
2.567579e-02
3.853717e-02
5.144504e-02
6.490400e-02
7.974142e-02
9.538060e-02
1.105928e-01
1.239819e-01
1.351214e-01
1.443808e-01
1.524324e-01
1.609964e-01
1.702076e-01
1.801712e-01
1.898142e-01
1.983700e-01
2.046272e-01
2.079558e-01
2.078033e-01
2.045538e-01
1.993204e-01
1.924906e-01
1.829979e-01
1.692303e-01
1.517737e-01
1.307227e-01
1.080976e-01
8.612746e-02
6.682688e-02
5.087164e-02
3.830004e-02
2.923253e-02
2.321134e-02
2.009375e-02
1.866963e-02
1.892571e-02
2.072970e-02
2.413750e-02
2.957100e-02
3.680663e-02
4.484015e-02
5.196161e-02
5.599510e-02
5.587824e-02
5.086909e-02
4.300150e-02
3.284403e-02
1.993129e-02
3.909182e-03
-1.551502e-02
-3.847735e-02
-6.252846e-02
-8.340417e-02
-1.008961e-01
-1.155682e-01
-1.287724e-01
-1.414611e-01
-1.539199e-01
-1.642937e-01
-1.714586e-01
-1.745128e-01
-1.736888e-01
-1.700679e-01
-1.668535e-01
-1.663454e-01
-1.685758e-01
-1.733222e-01
-1.813477e-01
-1.938611e-01
-2.109718e-01
-2.292038e-01
-2.430373e-01
-2.480942e-01
-2.414315e-01
-2.223247e-01
-1.942093e-01
-1.602127e-01
-1.240006e-01
-8.748932e-02
-5.624387e-02
-2.695144e-02
-1.367183e-03
2.358865e-02
4.621578e-02
6.472585e-02
7.971129e-02
9.007970e-02
9.585822e-02
9.590543e-02
9.095331e-02
8.211966e-02
7.015585e-02
5.375643e-02
3.512560e-02
1.593294e-02
-5.020521e-03
-2.506858e-02
-4.280490e-02
-5.840622e-02
-6.894713e-02
-7.537440e-02
-7.675622e-02
-7.222906e-02
-6.382837e-02
-5.250880e-02
-3.750592e-02
-1.880527e-02
1.253247e-03
2.359494e-02
4.751804e-02
7.154091e-02
9.360474e-02
1.129169e-01
1.285457e-01
1.395267e-01
1.439534e-01
1.407202e-01
1.310689e-01
1.160742e-01
9.763382e-02
7.605593e-02
5.387566e-02
3.188104e-02
1.154529e-02
-7.795813e-03
-2.838849e-02
-4.996924e-02
-7.363364e-02
-9.865569e-02
-1.253350e-01
-1.550929e-01
-1.857449e-01
-2.125464e-01
-2.317258e-01
-2.433917e-01
-2.482557e-01
-2.498616e-01
-2.477522e-01
-2.406022e-01
-2.290008e-01
-2.168012e-01
-2.045911e-01
-1.919426e-01
-1.796586e-01
-1.662334e-01
-1.511624e-01
-1.344026e-01
-1.172399e-01
-9.748105e-02
-7.467506e-02
-4.959118e-02
-2.257333e-02
4.760599e-03
3.103068e-02
5.466371e-02
7.565173e-02
9.358084e-02
1.086614e-01
1.189180e-01
1.251732e-01
1.280907e-01
1.299204e-01
1.314397e-01
1.332856e-01
1.363649e-01
1.417283e-01
1.496428e-01
1.588259e-01
1.670047e-01
1.726444e-01
1.751080e-01
1.751863e-01
1.719641e-01
1.629777e-01
1.460297e-01
1.214037e-01
8.922767e-02
5.484278e-02
2.095995e-02
-9.972161e-03
-3.878914e-02
-6.470242e-02
-8.724620e-02
-1.078457e-01
-1.280644e-01
-1.491376e-01
-1.702563e-01
-1.910401e-01
-2.117882e-01
-2.288148e-01
-2.441533e-01
-2.629395e-01
-2.842538e-01
-3.068046e-01
-3.243302e-01
-3.337174e-01
-3.313298e-01
-3.192442e-01
-3.017864e-01
-2.800537e-01
-2.544432e-01
-2.308344e-01
-2.081739e-01
-1.837086e-01
-1.633169e-01
-1.469249e-01
-1.360009e-01
-1.293581e-01
-1.280048e-01
-1.316611e-01
-1.371740e-01
-1.431423e-01
-1.499195e-01
-1.579336e-01
-1.667470e-01
-1.760770e-01
-1.849946e-01
-1.940179e-01
-2.044140e-01
-2.163013e-01
-2.291484e-01
-2.418771e-01
-2.534457e-01
-2.616482e-01
-2.667976e-01
-2.697907e-01
-2.699908e-01
-2.658266e-01
-2.566298e-01
-2.414913e-01
-2.224023e-01
-1.996020e-01
-1.743220e-01
-1.493492e-01
-1.248957e-01
-1.030112e-01
-8.499208e-02
-6.983581e-02
-5.721228e-02
-4.479707e-02
-3.282996e-02
-2.104972e-02
-1.073099e-02
-1.485459e-03
7.841971e-03
1.686213e-02
2.450892e-02
2.960971e-02
3.230571e-02
3.263581e-02
2.956953e-02
2.255530e-02
1.239102e-02
9.819475e-04
-1.130416e-02
-2.200397e-02
-3.100578e-02
-4.007560e-02
-4.913269e-02
-5.793953e-02
-6.515350e-02
-6.835066e-02
-6.640466e-02
-6.228592e-02
-6.059240e-02
-6.291309e-02
-6.817747e-02
-7.598128e-02
-8.703348e-02
-1.017041e-01
-1.206796e-01
-1.430213e-01
-1.679940e-01
-1.911387e-01
-2.097306e-01
-2.218012e-01
-2.276493e-01
-2.324987e-01
-2.360218e-01
-2.365158e-01
-2.347302e-01
-2.319148e-01
-2.300481e-01
-2.297627e-01
-2.285244e-01
-2.229783e-01
-2.123522e-01
-1.980754e-01
-1.786076e-01
-1.553581e-01
-1.297942e-01
-1.034019e-01
-7.675122e-02
-4.949782e-02
-2.231228e-02
6.654268e-03
3.585479e-02
6.497414e-02
9.430774e-02
1.234610e-01
1.525360e-01
1.823338e-01
2.122868e-01
2.416803e-01
2.696836e-01
2.951926e-01
3.179451e-01
3.390293e-01
3.576800e-01
3.734906e-01
3.857011e-01
3.961248e-01
4.042177e-01
4.095758e-01
4.119127e-01
4.130753e-01
4.143086e-01
4.158916e-01
4.181109e-01
4.206194e-01
4.224702e-01
4.218002e-01
4.169586e-01
4.068875e-01
3.916525e-01
3.702714e-01
3.416558e-01
3.084724e-01
2.698845e-01
2.288797e-01
1.895868e-01
1.549210e-01
1.271806e-01
1.050467e-01
8.547833e-02
6.768079e-02
5.108753e-02
3.358781e-02
1.512259e-02
-3.964453e-03
-2.421855e-02
-4.465428e-02
-6.536059e-02
-8.620253e-02
-1.056892e-01
-1.243740e-01
-1.416412e-01
-1.572892e-01
-1.720146e-01
-1.848702e-01
-1.961285e-01
-2.067913e-01
-2.158693e-01
-2.227683e-01
-2.280416e-01
-2.317695e-01
-2.339323e-01
-2.351683e-01
-2.352061e-01
-2.322116e-01
-2.247032e-01
-2.108898e-01
-1.886147e-01
-1.556300e-01
-1.164031e-01
-7.046000e-02
-1.756751e-02
4.248117e-02
1.052082e-01
1.635715e-01
2.137414e-01
2.629939e-01
3.117177e-01
3.466455e-01
3.579251e-01
3.583278e-01
3.497740e-01
3.349147e-01
3.155216e-01
2.918374e-01
2.632343e-01
2.359461e-01
2.188139e-01
2.147356e-01
2.249362e-01
2.428505e-01
2.606425e-01
2.700917e-01
2.662000e-01
2.448490e-01
2.075505e-01
1.532229e-01
8.537099e-02
1.456544e-02
-4.918873e-02
-1.035653e-01
-1.528877e-01
-1.925872e-01
-2.207356e-01
-2.407708e-01
-2.577934e-01
-2.707239e-01
-2.803113e-01
-2.848920e-01
-2.844972e-01
-2.797491e-01
-2.718038e-01
-2.619160e-01
-2.497445e-01
-2.382376e-01
-2.276929e-01
-2.165966e-01
-2.060470e-01
-1.978739e-01
-1.913565e-01
-1.847353e-01
-1.774179e-01
-1.709714e-01
-1.666051e-01
-1.645695e-01
-1.654117e-01
-1.693117e-01
-1.748440e-01
-1.799009e-01
-1.848782e-01
-1.890255e-01
-1.903248e-01
-1.881853e-01
-1.828399e-01
-1.748262e-01
-1.623611e-01
-1.432145e-01
-1.177609e-01
-8.935593e-02
-5.883570e-02
-2.739944e-02
6.123618e-03
3.985011e-02
7.180918e-02
1.013031e-01
1.296830e-01
1.581027e-01
1.860767e-01
2.130094e-01
2.368844e-01
2.599130e-01
2.814189e-01
3.046260e-01
3.272834e-01
3.524424e-01
3.782248e-01
4.051074e-01
4.309794e-01
4.589439e-01
4.855732e-01
5.108032e-01
5.326847e-01
5.499877e-01
5.624891e-01
5.702187e-01
5.712087e-01
5.661763e-01
5.562751e-01
5.420128e-01
5.235928e-01
4.997766e-01
4.732610e-01
4.460217e-01
4.146353e-01
3.798534e-01
3.454757e-01
3.154021e-01
2.897601e-01
2.658677e-01
2.423553e-01
2.206128e-01
2.005203e-01
1.817276e-01
1.638260e-01
1.450997e-01
1.255016e-01
1.058141e-01
8.641533e-02
6.746495e-02
4.861306e-02
2.988433e-02
1.192229e-02
-5.228484e-03
-2.088014e-02
-3.561957e-02
-5.009196e-02
-6.367512e-02
-7.629860e-02
-8.859245e-02
-9.950026e-02
-1.087234e-01
-1.155326e-01
-1.203177e-01
-1.233481e-01
-1.247367e-01
-1.237644e-01
-1.192750e-01
-1.102353e-01
-9.720686e-02
-8.239462e-02
-6.734369e-02
-5.245446e-02
-3.802768e-02
-2.404634e-02
-1.017651e-02
4.364594e-03
1.818874e-02
3.146120e-02
4.312978e-02
5.285207e-02
6.038150e-02
6.516529e-02
6.737955e-02
6.631519e-02
6.056737e-02
4.946323e-02
3.378758e-02
1.459402e-02
-3.936715e-03
-2.006009e-02
-3.426170e-02
-4.601258e-02
-5.646417e-02
-6.570020e-02
-7.389940e-02
-8.148101e-02
-8.785058e-02
-9.326134e-02
-9.860570e-02
-1.053714e-01
-1.147587e-01
-1.272163e-01
-1.402299e-01
-1.501537e-01
-1.532635e-01
-1.488645e-01
-1.395113e-01
-1.276879e-01
-1.139192e-01
-9.877264e-02
-8.424141e-02
-7.042922e-02
-5.817357e-02
-4.792719e-02
-4.305473e-02
-4.387370e-02
-4.865164e-02
-5.621215e-02
-6.610969e-02
-7.905014e-02
-9.290740e-02
-1.060213e-01
-1.171967e-01
-1.269436e-01
-1.346715e-01
-1.408113e-01
-1.460991e-01
-1.506511e-01
-1.543220e-01
-1.568700e-01
-1.585323e-01
-1.589812e-01
-1.570549e-01
-1.524111e-01
-1.454923e-01
-1.368029e-01
-1.262637e-01
-1.141466e-01
-1.009831e-01
-8.763205e-02
-7.503607e-02
-6.257575e-02
-4.912358e-02
-3.322966e-02
-1.534810e-02
4.991264e-03
2.647177e-02
4.881368e-02
7.125117e-02
9.310848e-02
1.138938e-01
1.342502e-01
1.528451e-01
1.686126e-01
1.810729e-01
1.895459e-01
1.947601e-01
1.974825e-01
1.985039e-01
1.978222e-01
1.957141e-01
1.925858e-01
1.887148e-01
1.850839e-01
1.824853e-01
1.808323e-01
1.797876e-01
1.790969e-01
1.780999e-01
1.761647e-01
1.719562e-01
1.637920e-01
1.504446e-01
1.327196e-01
1.116541e-01
8.912209e-02
6.530075e-02
4.192509e-02
1.894599e-02
-5.653454e-03
-3.227950e-02
-5.865021e-02
-8.471863e-02
-1.109988e-01
-1.343108e-01
-1.539842e-01
-1.716798e-01
-1.858786e-01
-1.972959e-01
-2.062076e-01
-2.131005e-01
-2.185658e-01
-2.226173e-01
-2.258898e-01
-2.278527e-01
-2.288574e-01
-2.293865e-01
-2.295149e-01
-2.292811e-01
-2.284241e-01
-2.265725e-01
-2.235861e-01
-2.194614e-01
-2.145823e-01
-2.078160e-01
-1.981026e-01
-1.857126e-01
-1.705926e-01
-1.520224e-01
-1.311739e-01
-1.075187e-01
-8.157552e-02
-5.453271e-02
-2.901839e-02
-6.013515e-03
1.446588e-02
3.325133e-02
4.945669e-02
6.260777e-02
7.320190e-02
8.096119e-02
8.570360e-02
8.654037e-02
8.431717e-02
8.048450e-02
7.633994e-02
7.216062e-02
6.805221e-02
6.428008e-02
6.071329e-02
5.780532e-02
5.687682e-02
5.849928e-02
6.129246e-02
6.312891e-02
6.275555e-02
6.018856e-02
5.549771e-02
4.786803e-02
3.635518e-02
2.200475e-02
3.852139e-03
-1.630830e-02
-3.710131e-02
-5.907918e-02
-8.150012e-02
-1.043715e-01
-1.276449e-01
-1.503622e-01
-1.707749e-01
-1.887078e-01
-2.048043e-01
-2.181738e-01
-2.299775e-01
-2.380339e-01
-2.422376e-01
-2.424077e-01
-2.367743e-01
-2.238485e-01
-2.026235e-01
-1.765979e-01
-1.495058e-01
-1.230512e-01
-9.765555e-02
-7.365120e-02
-5.067980e-02
-2.760438e-02
-5.388172e-03
1.377478e-02
2.860702e-02
3.930131e-02
4.608967e-02
4.879657e-02
4.814001e-02
4.438573e-02
3.783497e-02
2.919026e-02
2.061108e-02
1.412382e-02
1.081507e-02
9.817819e-03
1.000772e-02
1.094526e-02
1.238509e-02
1.394207e-02
1.483283e-02
1.446319e-02
1.275624e-02
9.491225e-03
4.901740e-03
-7.914030e-04
-7.157728e-03
-1.388840e-02
-2.034834e-02
-2.634481e-02
-3.132681e-02
-3.510896e-02
-3.778623e-02
-3.907082e-02
-3.814893e-02
-3.365757e-02
-2.443970e-02
-1.012169e-02
6.534196e-03
2.251056e-02
3.798256e-02
5.357147e-02
6.972114e-02
8.661488e-02
1.038858e-01
1.200404e-01
1.323962e-01
1.384243e-01
1.389034e-01
1.342971e-01
1.239935e-01
1.088856e-01
9.307592e-02
7.789232e-02
6.270206e-02
4.724450e-02
3.151841e-02
1.559458e-02
-5.262080e-04
-1.688652e-02
-3.332326e-02
-4.922392e-02
-6.347060e-02
-7.518881e-02
-8.538775e-02
-9.668478e-02
-1.087401e-01
-1.206890e-01
-1.324477e-01
-1.440362e-01
-1.555115e-01
-1.669695e-01
-1.785404e-01
-1.903859e-01
-2.024981e-01
-2.144572e-01
-2.251712e-01
-2.332336e-01
-2.382575e-01
-2.418036e-01
-2.441686e-01
-2.450200e-01
-2.436988e-01
-2.398532e-01
-2.333254e-01
-2.223488e-01
-2.059018e-01
-1.855411e-01
-1.627839e-01
-1.408919e-01
-1.180717e-01
-9.365192e-02
-6.922034e-02
-4.493555e-02
-2.062887e-02
4.127382e-03
2.970379e-02
5.580719e-02
8.057515e-02
1.004439e-01
1.120524e-01
1.172704e-01
1.214787e-01
1.250429e-01
1.277265e-01
1.293348e-01
1.297040e-01
1.291246e-01
1.279163e-01
1.265569e-01
1.250630e-01
1.232367e-01
1.208132e-01
1.178544e-01
1.147152e-01
1.117885e-01
1.088589e-01
1.052193e-01
1.001261e-01
9.292888e-02
8.348225e-02
7.272660e-02
6.068248e-02
4.847486e-02
3.622132e-02
2.363657e-02
1.112249e-02
-1.574778e-04
-8.536371e-03
-1.340939e-02
-1.580333e-02
-1.564568e-02
-1.240856e-02
-6.249205e-03
2.642201e-03
1.380125e-02
2.566752e-02
3.747980e-02
4.959469e-02
6.182280e-02
7.304543e-02
8.143913e-02
8.583898e-02
8.675399e-02
8.519170e-02
8.153589e-02
7.546068e-02
6.705190e-02
5.672566e-02
4.541284e-02
3.393038e-02
2.227334e-02
1.042247e-02
-1.062869e-03
-1.093177e-02
-1.801741e-02
-2.270399e-02
-2.586083e-02
-2.749097e-02
-2.784238e-02
-2.717988e-02
-2.530807e-02
-2.216275e-02
-1.846947e-02
-1.486598e-02
-1.186855e-02
-9.215240e-03
-6.987932e-03
-5.246901e-03
-3.980705e-03
-3.200852e-03
-2.798407e-03
-2.284454e-03
-1.898456e-03
-1.245572e-03
-2.391920e-04
1.331540e-03
4.005618e-03
8.281397e-03
1.436520e-02
2.210923e-02
3.115736e-02
4.130405e-02
5.160910e-02
6.143952e-02
7.078377e-02
7.979245e-02
8.844471e-02
9.580751e-02
1.019041e-01
1.068304e-01
1.105587e-01
1.132467e-01
1.148666e-01
1.151655e-01
1.139136e-01
1.110755e-01
1.059970e-01
9.792673e-02
8.666078e-02
7.355317e-02
6.041881e-02
4.760799e-02
3.464731e-02
2.121038e-02
7.361137e-03
-6.179765e-03
-1.797180e-02
-2.648492e-02
-3.190098e-02
-3.631500e-02
-4.050422e-02
-4.367615e-02
-4.554725e-02
-4.622437e-02
-4.623581e-02
-4.589031e-02
-4.506389e-02
-4.381001e-02
-4.206391e-02
-3.947709e-02
-3.573969e-02
-3.046774e-02
-2.360098e-02
-1.552533e-02
-6.826174e-03
1.878589e-03
1.064467e-02
1.999374e-02
2.990531e-02
3.990449e-02
4.952629e-02
5.806059e-02
6.472223e-02
6.941670e-02
7.214814e-02
7.255971e-02
7.063815e-02
6.591104e-02
5.833790e-02
4.804447e-02
3.562958e-02
2.293612e-02
1.039823e-02
-1.645700e-03
-1.205292e-02
-1.971946e-02
-2.497276e-02
-2.781562e-02
-2.875118e-02
-2.805773e-02
-2.545636e-02
-2.091831e-02
-1.537874e-02
-9.228952e-03
-2.600887e-03
4.386789e-03
1.182212e-02
1.912310e-02
2.595811e-02
3.187661e-02
3.675948e-02
4.016013e-02
4.173006e-02
4.132401e-02
3.898634e-02
3.445850e-02
2.762113e-02
1.835276e-02
6.870110e-03
-5.138131e-03
-1.681839e-02
-2.852973e-02
-4.057661e-02
-5.296511e-02
-6.520394e-02
-7.619830e-02
-8.464498e-02
-9.038966e-02
-9.434863e-02
-9.618554e-02
-9.590697e-02
-9.370477e-02
-8.944678e-02
-8.205434e-02
-7.057090e-02
-5.545646e-02
-3.657633e-02
-1.519502e-02
6.038991e-03
2.619421e-02
4.544224e-02
6.238773e-02
7.812060e-02
9.394325e-02
1.092756e-01
1.223070e-01
1.335857e-01
1.414483e-01
1.456749e-01
1.479664e-01
1.483058e-01
1.465102e-01
1.426299e-01
1.365659e-01
1.283306e-01
1.187187e-01
1.083070e-01
9.816058e-02
8.812800e-02
7.677048e-02
6.373550e-02
4.902349e-02
3.441844e-02
2.017811e-02
5.839564e-03
-8.831023e-03
-2.387888e-02
-3.860193e-02
-5.152265e-02
-6.082136e-02
-6.626222e-02
-6.858190e-02
-6.782056e-02
-6.324443e-02
-5.452669e-02
-4.304415e-02
-3.112979e-02
-1.929986e-02
-7.146133e-03
5.436380e-03
1.771790e-02
2.809417e-02
3.488519e-02
3.846888e-02
4.034011e-02
4.086881e-02
4.010477e-02
3.863223e-02
3.669321e-02
3.393679e-02
3.007895e-02
2.500198e-02
1.926440e-02
1.369932e-02
7.533344e-03
1.100725e-03
-4.667264e-03
-9.234249e-03
-1.289841e-02
-1.673214e-02
-2.151731e-02
-2.823538e-02
-3.702373e-02
-4.735264e-02
-5.726380e-02
-6.456239e-02
-6.936772e-02
-7.296617e-02
-7.601918e-02
-7.884024e-02
-8.154090e-02
-8.401015e-02
-8.651306e-02
-8.907926e-02
-9.134028e-02
-9.305308e-02
-9.400966e-02
-9.351062e-02
-9.134993e-02
-8.779622e-02
-8.287212e-02
-7.698882e-02
-7.002909e-02
-6.173298e-02
-5.228023e-02
-4.245884e-02
-3.292646e-02
-2.332852e-02
-1.355200e-02
-3.655862e-03
6.057427e-03
1.501794e-02
2.256694e-02
2.875102e-02
3.445550e-02
3.933466e-02
4.285801e-02
4.490949e-02
4.532792e-02
4.446608e-02
4.211867e-02
3.846222e-02
3.351892e-02
2.746303e-02
2.095552e-02
1.502776e-02
1.027623e-02
6.607030e-03
3.591399e-03
1.517442e-03
4.284886e-04
5.257771e-05
3.142285e-04
9.243974e-04
1.569829e-03
1.861413e-03
2.050464e-03
2.833240e-03
4.080605e-03
5.403985e-03
6.637295e-03
7.627411e-03
8.253723e-03
8.403467e-03
8.102634e-03
7.328305e-03
6.046165e-03
4.465129e-03
2.648896e-03
5.373804e-04
-1.754931e-03
-4.058165e-03
-6.437274e-03
-8.695119e-03
-1.067172e-02
-1.257729e-02
-1.432403e-02
-1.565823e-02
-1.657126e-02
-1.720896e-02
-1.760285e-02
-1.811392e-02
-1.901023e-02
-2.023087e-02
-2.173511e-02
-2.341443e-02
-2.519084e-02
-2.669918e-02
-2.789307e-02
-2.901245e-02
-3.039365e-02
-3.210277e-02
-3.382326e-02
-3.534108e-02
-3.638516e-02
-3.673159e-02
-3.607795e-02
-3.393449e-02
-3.003447e-02
-2.441551e-02
-1.745184e-02
-1.005519e-02
-2.551728e-03
5.341693e-03
1.289129e-02
1.956236e-02
2.490397e-02
2.905964e-02
3.209000e-02
3.400970e-02
3.462761e-02
3.371981e-02
3.079653e-02
2.560996e-02
1.815356e-02
9.667071e-03
1.492044e-03
-6.199619e-03
-1.327688e-02
-1.919484e-02
-2.393664e-02
-2.723694e-02
-2.909445e-02
-2.926434e-02
-2.794647e-02
-2.563452e-02
-2.232764e-02
-1.811402e-02
-1.370145e-02
-9.485458e-03
-5.432222e-03
-1.750392e-03
9.635034e-04
2.747856e-03
4.015371e-03
5.068101e-03
5.773602e-03
5.928081e-03
5.074419e-03
3.334677e-03
7.566008e-04
-2.900389e-03
-7.382308e-03
-1.249022e-02
-1.800337e-02
-2.324918e-02
-2.771799e-02
-3.105554e-02
-3.317805e-02
-3.436325e-02
-3.507133e-02
-3.528943e-02
-3.496164e-02
-3.414465e-02
-3.293688e-02
-3.164245e-02
-3.016077e-02
-2.840308e-02
-2.667751e-02
-2.538473e-02
-2.475518e-02
-2.503965e-02
-2.635109e-02
-2.854229e-02
-3.182843e-02
-3.631162e-02
-4.191428e-02
-4.841911e-02
-5.572061e-02
-6.361528e-02
-7.174990e-02
-7.875291e-02
-8.442462e-02
-8.884896e-02
-9.213714e-02
-9.378168e-02
-9.378740e-02
-9.218441e-02
-8.899703e-02
-8.405063e-02
-7.737001e-02
-6.950419e-02
-6.118880e-02
-5.222634e-02
-4.340363e-02
-3.544995e-02
-2.763386e-02
-1.881916e-02
-9.631640e-03
-5.053607e-04
7.955056e-03
1.499679e-02
2.116934e-02
2.629561e-02
3.041645e-02
3.375952e-02
3.660655e-02
3.894607e-02
4.085517e-02
4.217374e-02
4.313521e-02
4.372239e-02
4.389972e-02
4.387835e-02
4.353421e-02
4.259958e-02
4.114375e-02
3.922792e-02
3.688525e-02
3.399836e-02
3.015570e-02
2.458874e-02
1.674612e-02
6.341878e-03
-5.369165e-03
-1.638501e-02
-2.727471e-02
-3.834081e-02
-4.922192e-02
-5.925186e-02
-6.770527e-02
-7.369858e-02
-7.790771e-02
-8.081171e-02
-8.221345e-02
-8.153073e-02
-7.799105e-02
-7.115298e-02
-6.108965e-02
-4.938452e-02
-3.800291e-02
-2.693483e-02
-1.564874e-02
-3.945787e-03
8.073570e-03
1.975837e-02
2.997886e-02
3.764181e-02
4.310604e-02
4.763435e-02
5.129772e-02
5.355405e-02
5.433118e-02
5.342678e-02
5.090471e-02
4.681971e-02
4.162267e-02
3.604705e-02
3.123183e-02
2.720154e-02
2.365984e-02
2.055099e-02
1.772377e-02
1.527947e-02
1.326481e-02
1.181455e-02
1.097408e-02
1.075934e-02
1.140334e-02
1.273274e-02
1.460816e-02
1.707608e-02
2.052034e-02
2.528015e-02
3.116608e-02
3.781491e-02
4.514479e-02
5.304211e-02
6.194391e-02
7.124840e-02
8.035411e-02
8.926868e-02
9.745005e-02
1.040793e-01
1.091988e-01
1.131238e-01
1.160414e-01
1.176978e-01
1.181388e-01
1.176470e-01
1.161536e-01
1.135652e-01
1.098081e-01
1.050999e-01
9.949486e-02
9.367154e-02
8.840161e-02
8.380443e-02
8.012594e-02
7.712953e-02
7.432060e-02
7.166888e-02
6.926155e-02
6.714999e-02
6.524408e-02
6.360917e-02
6.239785e-02
6.148146e-02
6.074760e-02
6.009201e-02
5.942833e-02
5.866042e-02
5.798931e-02
5.732493e-02
5.655261e-02
5.565948e-02
5.460658e-02
5.349669e-02
5.228992e-02
5.101819e-02
4.976556e-02
4.838058e-02
4.647351e-02
4.364419e-02
3.992434e-02
3.594873e-02
3.223851e-02
2.851478e-02
2.444386e-02
1.983323e-02
1.473565e-02
9.683278e-03
4.703309e-03
-2.278080e-04
-5.331038e-03
-1.070506e-02
-1.615087e-02
-2.196166e-02
-2.794441e-02
-3.352390e-02
-3.877041e-02
-4.404779e-02
-4.918657e-02
-5.354231e-02
-5.680767e-02
-5.905184e-02
-6.035629e-02
-6.087398e-02
-6.083966e-02
-6.029893e-02
-5.894401e-02
-5.702791e-02
-5.485294e-02
-5.248272e-02
-4.993341e-02
-4.715135e-02
-4.434976e-02
-4.166873e-02
-3.927210e-02
-3.735921e-02
-3.545255e-02
-3.344353e-02
-3.156079e-02
-2.988920e-02
-2.826418e-02
-2.657280e-02
-2.463729e-02
-2.224471e-02
-1.949652e-02
-1.695445e-02
-1.498386e-02
-1.383083e-02
-1.346038e-02
-1.375271e-02
-1.467823e-02
-1.617988e-02
-1.801853e-02
-2.021701e-02
-2.257846e-02
-2.498496e-02
-2.742832e-02
-2.968638e-02
-3.152096e-02
-3.296858e-02
-3.386371e-02
-3.397790e-02
-3.333219e-02
-3.196161e-02
-2.996946e-02
-2.736271e-02
-2.420999e-02
-2.082334e-02
-1.767209e-02
-1.489566e-02
-1.266363e-02
-1.118516e-02
-1.014037e-02
-8.947841e-03
-7.692997e-03
-6.326754e-03
-4.830323e-03
-3.296439e-03
-1.866233e-03
-6.547727e-04
6.523662e-04
2.141864e-03
3.755670e-03
5.388651e-03
6.808634e-03
7.795927e-03
8.240348e-03
8.159781e-03
7.811276e-03
7.292411e-03
6.331079e-03
5.113597e-03
3.731681e-03
2.216276e-03
3.671209e-04
-1.724950e-03
-3.795668e-03
-6.241876e-03
-9.222761e-03
-1.277277e-02
-1.667292e-02
-2.037685e-02
-2.371085e-02
-2.644342e-02
-2.871223e-02
-3.047210e-02
-3.152093e-02
-3.169322e-02
-3.091092e-02
-2.938009e-02
-2.728178e-02
-2.446146e-02
-2.080934e-02
-1.645755e-02
-1.171784e-02
-6.801456e-03
-2.066828e-03
2.427890e-03
6.501165e-03
1.019529e-02
1.378684e-02
1.746294e-02
2.094362e-02
2.422691e-02
2.734356e-02
3.016528e-02
3.257241e-02
3.446457e-02
3.619629e-02
3.744388e-02
3.828735e-02
3.887827e-02
3.906890e-02
3.846217e-02
3.735392e-02
3.592455e-02
3.408754e-02
3.194336e-02
2.939628e-02
2.647853e-02
2.355852e-02
2.057485e-02
1.788627e-02
1.580199e-02
1.425433e-02
1.318994e-02
1.258508e-02
1.230897e-02
1.238977e-02
1.309759e-02
1.450218e-02
1.662937e-02
1.928760e-02
2.218728e-02
2.537003e-02
2.868854e-02
3.203275e-02
3.546771e-02
3.895078e-02
4.224878e-02
4.538140e-02
4.820770e-02
5.079414e-02
5.286817e-02
5.433220e-02
5.532132e-02
5.580112e-02
5.559442e-02
5.450785e-02
5.229992e-02
4.899163e-02
4.434629e-02
3.843713e-02
3.201932e-02
2.627552e-02
2.073098e-02
1.518602e-02
9.695291e-03
4.756954e-03
6.936823e-04
-2.459679e-03
-4.959108e-03
-6.754184e-03
-7.643955e-03
-8.063476e-03
-8.254949e-03
-8.271348e-03
-7.805882e-03
-7.080815e-03
-6.219757e-03
-5.441164e-03
-4.807819e-03
-4.439644e-03
-4.111130e-03
-3.925797e-03
-3.499287e-03
-2.856605e-03
-2.652144e-03
-3.376077e-03
-5.097613e-03
-7.581160e-03
-1.065907e-02
-1.446568e-02
-1.898419e-02
-2.399034e-02
-2.937712e-02
-3.495847e-02
-4.029605e-02
-4.527051e-02
-4.951401e-02
-5.264880e-02
-5.488428e-02
-5.637493e-02
-5.710988e-02
-5.722669e-02
-5.669722e-02
-5.578101e-02
-5.486412e-02
-5.427472e-02
-5.396157e-02
-5.374567e-02
-5.341694e-02
-5.257897e-02
-5.138854e-02
-4.985783e-02
-4.765576e-02
-4.474528e-02
-4.087516e-02
-3.601139e-02
-3.045993e-02
-2.430360e-02
-1.781959e-02
-1.133469e-02
-5.334041e-03
-2.690929e-04
3.558295e-03
5.941708e-03
6.849512e-03
6.413499e-03
4.429532e-03
1.052329e-03
-3.425589e-03
-8.057612e-03
-1.189204e-02
-1.510270e-02
-1.818362e-02
-2.127611e-02
-2.453830e-02
-2.791082e-02
-3.142884e-02
-3.491764e-02
-3.831968e-02
-4.160655e-02
-4.465629e-02
-4.737003e-02
-4.943347e-02
-5.083038e-02
-5.125810e-02
-5.052848e-02
-4.887008e-02
-4.665979e-02
-4.397519e-02
-4.135701e-02
-3.906332e-02
-3.718568e-02
-3.603312e-02
-3.533580e-02
-3.512236e-02
-3.532419e-02
-3.568996e-02
-3.648766e-02
-3.762051e-02
-3.884395e-02
-3.981684e-02
-4.036392e-02
-4.064408e-02
-4.112277e-02
-4.202780e-02
-4.310317e-02
-4.407737e-02
-4.477282e-02
-4.541759e-02
-4.603528e-02
-4.668066e-02
-4.721520e-02
-4.761989e-02
-4.769859e-02
-4.746320e-02
-4.693768e-02
-4.612361e-02
-4.506648e-02
-4.397568e-02
-4.285104e-02
-4.186879e-02
-4.071150e-02
-3.906138e-02
-3.742043e-02
-3.592120e-02
-3.459129e-02
-3.313619e-02
-3.103109e-02
-2.784244e-02
-2.362209e-02
-1.873725e-02
-1.329127e-02
-7.446355e-03
-1.110022e-03
6.039840e-03
1.382576e-02
2.148764e-02
2.813205e-02
3.404804e-02
3.884284e-02
4.227496e-02
4.432623e-02
4.492676e-02
4.383327e-02
4.069349e-02
3.566510e-02
2.911099e-02
2.192495e-02
1.529776e-02
1.029810e-02
6.774732e-03
4.371062e-03
2.961526e-03
2.774578e-03
4.185756e-03
7.215371e-03
1.196707e-02
1.824359e-02
2.564273e-02
3.363069e-02
4.204296e-02
5.014609e-02
5.794749e-02
6.463274e-02
6.960524e-02
7.308881e-02
7.536859e-02
7.652414e-02
7.639684e-02
7.490016e-02
7.228749e-02
6.861882e-02
6.391072e-02
5.847761e-02
5.235685e-02
4.589096e-02
3.994745e-02
3.485192e-02
3.055588e-02
2.689052e-02
2.382527e-02
2.163638e-02
2.015731e-02
1.927658e-02
1.922243e-02
2.004018e-02
2.135708e-02
2.289844e-02
2.436843e-02
2.561577e-02
2.642185e-02
2.669167e-02
2.626001e-02
2.507204e-02
2.300978e-02
2.004250e-02
1.636930e-02
1.216658e-02
7.610231e-03
2.871920e-03
-1.196240e-03
-4.558123e-03
-7.576897e-03
-1.038741e-02
-1.315494e-02
-1.548384e-02
-1.734571e-02
-1.903247e-02
-2.027328e-02
-2.103026e-02
-2.144497e-02
-2.132812e-02
-2.053083e-02
-1.917508e-02
-1.736134e-02
-1.531714e-02
-1.304990e-02
-1.091937e-02
-9.204263e-03
-8.054426e-03
-7.596393e-03
-7.980690e-03
-9.145379e-03
-1.078981e-02
-1.310169e-02
-1.632080e-02
-2.007163e-02
-2.346278e-02
-2.566643e-02
-2.658125e-02
-2.644869e-02
-2.524914e-02
-2.266515e-02
-1.841911e-02
-1.257722e-02
-5.983787e-03
1.279466e-03
8.888603e-03
1.704734e-02
2.512384e-02
3.188626e-02
3.703315e-02
4.127950e-02
4.421979e-02
4.582620e-02
4.625560e-02
4.552433e-02
4.389178e-02
4.155802e-02
3.876611e-02
3.572015e-02
3.277895e-02
3.025777e-02
2.842734e-02
2.697304e-02
2.592015e-02
2.522590e-02
2.498011e-02
2.507712e-02
2.524231e-02
2.527081e-02
2.476253e-02
2.368757e-02
2.189931e-02
1.962128e-02
1.693039e-02
1.325075e-02
8.159420e-03
2.391902e-03
-3.583015e-03
-9.473331e-03
-1.548053e-02
-2.203400e-02
-2.895941e-02
-3.578470e-02
-4.142946e-02
-4.548866e-02
-4.830387e-02
-4.995681e-02
-5.066724e-02
-5.048434e-02
-4.951105e-02
-4.797953e-02
-4.594700e-02
-4.317909e-02
-3.974224e-02
-3.564560e-02
-3.113367e-02
-2.628213e-02
-2.116656e-02
-1.574105e-02
-9.892886e-03
-3.268913e-03
3.630533e-03
1.031902e-02
1.640423e-02
2.152377e-02
2.530252e-02
2.786004e-02
2.962780e-02
3.102287e-02
3.214464e-02
3.293787e-02
3.334904e-02
3.369605e-02
3.440434e-02
3.528028e-02
3.656832e-02
3.786757e-02
3.881036e-02
3.929914e-02
3.940206e-02
3.889704e-02
3.784433e-02
3.624023e-02
3.425041e-02
3.209647e-02
2.961906e-02
2.687103e-02
2.388921e-02
2.049503e-02
1.686649e-02
1.336004e-02
9.971062e-03
6.329184e-03
2.080569e-03
-2.696634e-03
-7.418526e-03
-1.137148e-02
-1.418123e-02
-1.588824e-02
-1.681374e-02
-1.718948e-02
-1.678312e-02
-1.569637e-02
-1.407063e-02
-1.200840e-02
-9.792231e-03
-7.785302e-03
-6.328858e-03
-5.330463e-03
-4.742228e-03
-4.535696e-03
-4.608333e-03
-5.104160e-03
-6.250961e-03
-7.721942e-03
-9.211014e-03
-1.052108e-02
-1.132501e-02
-1.170957e-02
-1.158035e-02
-1.106328e-02
-1.035155e-02
-9.463707e-03
-8.658197e-03
-7.927854e-03
-7.191151e-03
-6.316574e-03
-5.278519e-03
-4.161863e-03
-3.150288e-03
-2.309735e-03
-1.601791e-03
-9.869145e-04
-4.228909e-04
1.827353e-04
9.608184e-04
1.680370e-03
1.990515e-03
1.888605e-03
1.667963e-03
1.194857e-03
4.373516e-05
-2.040091e-03
-4.751378e-03
-7.657228e-03
-1.002557e-02
-1.184132e-02
-1.309553e-02
-1.360271e-02
-1.349278e-02
-1.300429e-02
-1.212190e-02
-1.053276e-02
-8.438456e-03
-5.970023e-03
-3.068889e-03
2.298512e-05
2.886299e-03
5.426253e-03
7.575988e-03
9.092611e-03
9.994345e-03
1.049810e-02
1.053919e-02
1.013400e-02
9.127844e-03
7.681920e-03
6.112405e-03
4.827257e-03
3.887697e-03
3.147124e-03
2.432779e-03
1.556618e-03
6.172253e-04
-4.007535e-04
-1.562472e-03
-2.843877e-03
-4.311647e-03
-6.100038e-03
-8.139333e-03
-1.018876e-02
-1.213407e-02
-1.398124e-02
-1.556304e-02
-1.705025e-02
-1.859773e-02
-2.021365e-02
-2.173584e-02
-2.282474e-02
-2.377567e-02
-2.450997e-02
-2.488179e-02
-2.463876e-02
-2.395268e-02
-2.319599e-02
-2.229805e-02
-2.083892e-02
-1.870824e-02
-1.620715e-02
-1.355498e-02
-1.087223e-02
-8.655594e-03
-6.691041e-03
-4.955144e-03
-3.672537e-03
-2.722945e-03
-2.070639e-03
-1.691084e-03
-1.527272e-03
-1.266481e-03
-4.382352e-04
8.521261e-04
2.140313e-03
2.962445e-03
3.113987e-03
3.041300e-03
2.923290e-03
2.409776e-03
1.256707e-03
-3.028200e-04
-2.274532e-03
-4.692201e-03
-7.202205e-03
-9.474857e-03
-1.154344e-02
-1.371928e-02
-1.625300e-02
-1.863611e-02
-2.076852e-02
-2.304545e-02
-2.592852e-02
-2.955639e-02
-3.361527e-02
-3.806251e-02
-4.247357e-02
-4.681566e-02
-5.081346e-02
-5.414383e-02
-5.652087e-02
-5.768890e-02
-5.787199e-02
-5.739091e-02
-5.633552e-02
-5.486659e-02
-5.276634e-02
-5.006802e-02
-4.678205e-02
-4.313553e-02
-3.914453e-02
-3.477908e-02
-3.007265e-02
-2.546488e-02
-2.141222e-02
-1.774630e-02
-1.434486e-02
-1.095236e-02
-7.727174e-03
-5.031549e-03
-3.062173e-03
-1.763371e-03
-9.191475e-04
-4.709352e-04
-1.535548e-04
4.951331e-04
1.302166e-03
2.266062e-03
3.542706e-03
5.256673e-03
7.506249e-03
1.026142e-02
1.334361e-02
1.601943e-02
1.836373e-02
2.051747e-02
2.239691e-02
2.411777e-02
2.539482e-02
2.624955e-02
2.672396e-02
2.662524e-02
2.601773e-02
2.492235e-02
2.354153e-02
2.175813e-02
1.952950e-02
1.702111e-02
1.441060e-02
1.152769e-02
8.426628e-03
5.362086e-03
2.918229e-03
1.053428e-03
-2.863057e-04
-1.204670e-03
-1.967749e-03
-2.391919e-03
-2.255124e-03
-1.686642e-03
-7.060173e-04
2.916271e-04
1.206080e-03
1.990850e-03
2.426224e-03
2.686768e-03
2.403945e-03
1.616027e-03
6.911545e-04
-3.531279e-04
-1.526007e-03
-2.821094e-03
-4.033736e-03
-4.994746e-03
-5.842518e-03
-6.762392e-03
-7.634540e-03
-8.223450e-03
-8.580723e-03
-8.546687e-03
-7.905427e-03
-7.080391e-03
-6.186007e-03
-5.247195e-03
-4.258688e-03
-2.928742e-03
-1.365496e-03
1.238859e-04
1.660352e-03
3.379425e-03
5.132494e-03
6.873447e-03
8.574725e-03
1.039237e-02
1.249376e-02
1.489364e-02
1.753276e-02
2.029850e-02
2.316611e-02
2.637108e-02
3.013685e-02
3.406825e-02
3.781273e-02
4.134875e-02
4.436778e-02
4.652769e-02
4.795028e-02
4.878754e-02
4.891740e-02
4.830987e-02
4.719063e-02
4.584923e-02
4.418929e-02
4.208722e-02
3.970493e-02
3.720952e-02
3.469188e-02
3.195984e-02
2.879488e-02
2.522612e-02
2.137581e-02
1.752144e-02
1.402292e-02
1.106411e-02
8.369722e-03
6.221944e-03
4.618954e-03
3.410924e-03
2.563548e-03
2.123996e-03
2.282947e-03
2.886786e-03
3.763188e-03
4.766855e-03
5.955161e-03
7.136019e-03
8.392170e-03
9.852994e-03
1.144377e-02
1.300299e-02
1.453295e-02
1.594741e-02
1.713070e-02
1.801129e-02
1.839230e-02
1.818623e-02
1.739162e-02
1.586229e-02
1.390425e-02
1.176080e-02
9.528634e-03
7.387818e-03
5.665846e-03
4.516722e-03
3.947067e-03
3.524690e-03
3.288706e-03
3.176912e-03
3.253880e-03
3.631209e-03
4.526601e-03
5.819336e-03
7.406516e-03
9.373118e-03
1.168604e-02
1.427666e-02
1.688096e-02
1.956370e-02
2.238964e-02
2.562701e-02
2.950065e-02
3.335986e-02
3.674185e-02
3.966058e-02
4.170475e-02
4.256654e-02
4.206221e-02
4.065847e-02
3.844292e-02
3.567554e-02
3.266387e-02
2.973225e-02
2.686833e-02
2.426073e-02
2.156919e-02
1.880035e-02
1.588959e-02
1.285183e-02
9.615460e-03
6.224711e-03
2.699132e-03
-7.097354e-04
-3.926965e-03
-6.733480e-03
-8.796563e-03
-1.014696e-02
-1.091442e-02
-1.151703e-02
-1.180254e-02
-1.155084e-02
-1.038853e-02
-8.632843e-03
-6.591578e-03
-4.428555e-03
-2.445554e-03
-6.544720e-04
9.631634e-04
2.256539e-03
3.454016e-03
4.494197e-03
5.366961e-03
6.125662e-03
6.699880e-03
7.066320e-03
6.940516e-03
6.459736e-03
5.549465e-03
4.311408e-03
2.558748e-03
2.959204e-04
-2.308495e-03
-4.886206e-03
-7.306785e-03
-9.522850e-03
-1.154064e-02
-1.368989e-02
-1.628380e-02
-1.918562e-02
-2.225158e-02
-2.542329e-02
-2.845810e-02
-3.092059e-02
-3.306510e-02
-3.512424e-02
-3.718191e-02
-3.919104e-02
-4.110514e-02
-4.282715e-02
-4.429578e-02
-4.529291e-02
-4.574212e-02
-4.586957e-02
-4.560315e-02
-4.519759e-02
-4.461403e-02
-4.362766e-02
-4.242032e-02
-4.115412e-02
-3.989629e-02
-3.859691e-02
-3.717524e-02
-3.562810e-02
-3.388369e-02
-3.187850e-02
-2.963150e-02
-2.739460e-02
-2.529983e-02
-2.306354e-02
-2.053945e-02
-1.782459e-02
-1.488824e-02
-1.185266e-02
-9.215583e-03
-7.145422e-03
-5.502402e-03
-4.596139e-03
-4.501464e-03
-5.137033e-03
-6.360375e-03
-8.060326e-03
-1.008043e-02
-1.246509e-02
-1.472861e-02
-1.662643e-02
-1.839187e-02
-2.022568e-02
-2.182635e-02
-2.299362e-02
-2.370806e-02
-2.355781e-02
-2.266208e-02
-2.150098e-02
-1.983997e-02
-1.782364e-02
-1.554630e-02
-1.299239e-02
-1.042958e-02
-7.916176e-03
-5.546915e-03
-3.485045e-03
-1.820867e-03
-7.815405e-04
-2.479502e-04
-1.545234e-04
-6.064710e-04
-1.623670e-03
-3.214032e-03
-5.478781e-03
-7.945117e-03
-1.011501e-02
-1.185895e-02
-1.340527e-02
-1.474676e-02
-1.595203e-02
-1.693555e-02
-1.749639e-02
-1.765841e-02
-1.759456e-02
-1.705944e-02
-1.568922e-02
-1.368518e-02
-1.135655e-02
-8.763729e-03
-6.189279e-03
-3.768667e-03
-1.701951e-03
-1.976991e-04
9.047397e-04
1.569685e-03
1.784359e-03
1.715314e-03
1.452766e-03
8.815677e-04
1.277981e-04
-9.191417e-04
-2.249195e-03
-3.816452e-03
-5.504583e-03
-7.393539e-03
-9.456107e-03
-1.138211e-02
-1.283673e-02
-1.382766e-02
-1.496568e-02
-1.609380e-02
-1.708247e-02
-1.783224e-02
-1.833446e-02
-1.860099e-02
-1.852689e-02
-1.847642e-02
-1.859725e-02
-1.898535e-02
-1.968634e-02
-2.050169e-02
-2.139155e-02
-2.229525e-02
-2.318742e-02
-2.391316e-02
-2.419662e-02
-2.409562e-02
-2.361254e-02
-2.241813e-02
-2.060989e-02
-1.833896e-02
-1.564339e-02
-1.279696e-02
-9.669377e-03
-5.936138e-03
-1.989720e-03
1.916522e-03
5.635362e-03
8.853590e-03
1.137414e-02
1.351299e-02
1.505557e-02
1.581523e-02
1.591801e-02
1.563911e-02
1.474764e-02
1.342134e-02
1.203069e-02
1.048860e-02
8.850374e-03
7.010466e-03
4.796115e-03
2.721239e-03
9.580904e-04
-4.483392e-05
-1.941508e-04
4.126156e-04
1.707858e-03
3.496889e-03
5.759295e-03
8.472000e-03
1.139972e-02
1.432589e-02
1.691111e-02
1.942864e-02
2.193819e-02
2.417616e-02
2.594233e-02
2.722476e-02
2.829005e-02
2.914609e-02
2.965223e-02
2.963886e-02
2.905878e-02
2.834366e-02
2.774340e-02
2.741384e-02
2.739438e-02
2.767846e-02
2.799316e-02
2.829788e-02
2.889478e-02
2.959409e-02
3.032691e-02
3.113500e-02
3.206309e-02
3.281021e-02
3.340494e-02
3.398649e-02
3.418932e-02
3.393254e-02
3.325894e-02
3.241595e-02
3.138660e-02
2.985025e-02
2.793668e-02
2.573872e-02
2.330944e-02
2.092699e-02
1.894095e-02
1.732855e-02
1.592286e-02
1.463263e-02
1.356348e-02
1.266652e-02
1.197432e-02
1.176525e-02
1.234672e-02
1.325170e-02
1.389353e-02
1.435688e-02
1.473118e-02
1.480756e-02
1.476478e-02
1.479398e-02
1.484432e-02
1.485852e-02
1.481804e-02
1.476497e-02
1.481952e-02
1.515358e-02
1.584215e-02
1.661907e-02
1.732489e-02
1.803158e-02
1.889984e-02
1.989415e-02
2.085768e-02
2.160790e-02
2.221788e-02
2.254425e-02
2.202851e-02
2.062676e-02
1.851393e-02
1.588071e-02
1.284837e-02
9.667358e-03
6.253430e-03
2.172916e-03
-2.135007e-03
-6.694664e-03
-1.141650e-02
-1.596064e-02
-2.046526e-02
-2.482897e-02
-2.870640e-02
-3.207825e-02
-3.481323e-02
-3.656515e-02
-3.749497e-02
-3.783888e-02
-3.794015e-02
-3.797990e-02
-3.764738e-02
-3.670153e-02
-3.535581e-02
-3.380160e-02
-3.217314e-02
-3.044562e-02
-2.844393e-02
-2.610635e-02
-2.373129e-02
-2.157083e-02
-1.935208e-02
-1.683280e-02
-1.431005e-02
-1.182565e-02
-9.298782e-03
-6.832439e-03
-4.526685e-03
-2.395794e-03
-5.102995e-04
8.443443e-04
1.609062e-03
1.962869e-03
1.956503e-03
1.898949e-03
1.789593e-03
1.409571e-03
6.055514e-04
-2.898950e-04
-1.147962e-03
-1.959500e-03
-2.501257e-03
-2.462511e-03
-2.036983e-03
-1.155016e-03
1.664103e-04
1.891312e-03
4.010917e-03
6.471553e-03
8.892905e-03
1.098359e-02
1.276401e-02
1.416452e-02
1.500095e-02
1.540967e-02
1.523369e-02
1.450941e-02
1.367338e-02
1.279003e-02
1.168642e-02
1.028737e-02
8.691624e-03
6.742052e-03
4.543352e-03
2.560783e-03
9.324352e-04
-8.026905e-04
-2.575531e-03
-4.443072e-03
-6.510302e-03
-8.605514e-03
-1.033434e-02
-1.164596e-02
-1.241470e-02
-1.297174e-02
-1.345425e-02
-1.362632e-02
-1.343683e-02
-1.318805e-02
-1.297032e-02
-1.251506e-02
-1.200956e-02
-1.185622e-02
-1.176703e-02
-1.176048e-02
-1.151531e-02
-1.097287e-02
-1.018371e-02
-8.921189e-03
-7.559646e-03
-6.266115e-03
-4.610660e-03
-2.158094e-03
5.785111e-04
3.441120e-03
6.751068e-03
1.023648e-02
1.349872e-02
1.636882e-02
1.922671e-02
2.183548e-02
2.403443e-02
2.581578e-02
2.720383e-02
2.817130e-02
2.873350e-02
2.891720e-02
2.902028e-02
2.893425e-02
2.825074e-02
2.683837e-02
2.522372e-02
2.385966e-02
2.286382e-02
2.211883e-02
2.160306e-02
2.147542e-02
2.148074e-02
2.153560e-02
2.179512e-02
2.226038e-02
2.260963e-02
2.290556e-02
2.339501e-02
2.364096e-02
2.359053e-02
2.347846e-02
2.318519e-02
2.263617e-02
2.195536e-02
2.079055e-02
1.917102e-02
1.728604e-02
1.532478e-02
1.368169e-02
1.243645e-02
1.123398e-02
9.614695e-03
7.724171e-03
5.764562e-03
3.797804e-03
1.890177e-03
4.182934e-05
-1.665903e-03
-3.201505e-03
-4.527426e-03
-5.648455e-03
-6.339201e-03
-6.717274e-03
-6.824169e-03
-6.715584e-03
-6.354092e-03
-5.797846e-03
-5.225482e-03
-5.002948e-03
-5.277501e-03
-5.873589e-03
-6.791301e-03
-8.160621e-03
-9.852329e-03
-1.171446e-02
-1.383166e-02
-1.624889e-02
-1.880672e-02
-2.085233e-02
-2.202806e-02
-2.250519e-02
-2.246403e-02
-2.205298e-02
-2.145202e-02
-2.050360e-02
-1.893333e-02
-1.712853e-02
-1.516566e-02
-1.299186e-02
-1.085356e-02
-8.823746e-03
-6.974016e-03
-5.482658e-03
-3.988502e-03
-2.561678e-03
-1.304880e-03
-1.537394e-04
8.047927e-04
1.326184e-03
1.517133e-03
1.566016e-03
1.493145e-03
1.055372e-03
2.794581e-05
-1.770238e-03
-3.759729e-03
-5.520179e-03
-6.771277e-03
-7.450836e-03
-7.587400e-03
-7.222668e-03
-6.131175e-03
-4.034549e-03
-1.121088e-03
2.314157e-03
6.095484e-03
9.662540e-03
1.290863e-02
1.569211e-02
1.799656e-02
1.998650e-02
2.153150e-02
2.254333e-02
2.255244e-02
2.169802e-02
2.030016e-02
1.860307e-02
1.685667e-02
1.506350e-02
1.306693e-02
1.110434e-02
9.023867e-03
7.024172e-03
5.257428e-03
3.864695e-03
2.760931e-03
1.920666e-03
1.415328e-03
1.251031e-03
1.461290e-03
1.850104e-03
2.244345e-03
2.487692e-03
2.785614e-03
3.087325e-03
2.922686e-03
2.400223e-03
2.192333e-03
2.277612e-03
2.147407e-03
1.648431e-03
8.359944e-04
-3.904020e-04
-2.044085e-03
-3.864397e-03
-5.864701e-03
-8.224448e-03
-1.086042e-02
-1.367162e-02
-1.672846e-02
-1.990197e-02
-2.312155e-02
-2.637665e-02
-2.963257e-02
-3.259803e-02
-3.528844e-02
-3.777757e-02
-3.977747e-02
-4.141222e-02
-4.244973e-02
-4.287493e-02
-4.270674e-02
-4.203426e-02
-4.121023e-02
-4.026177e-02
-3.922363e-02
-3.798966e-02
-3.609457e-02
-3.321544e-02
-2.953851e-02
-2.530329e-02
-2.104992e-02
-1.682167e-02
-1.251885e-02
-8.468466e-03
-4.562714e-03
-1.087482e-03
1.416420e-03
3.033843e-03
4.232192e-03
4.930094e-03
5.094461e-03
4.879873e-03
4.439253e-03
4.131918e-03
3.795255e-03
3.390375e-03
3.047298e-03
2.868825e-03
2.895434e-03
3.193465e-03
3.764024e-03
4.226445e-03
4.246422e-03
3.502406e-03
2.604295e-03
1.717505e-03
7.106593e-04
-4.142583e-04
-1.648598e-03
-3.033900e-03
-4.599728e-03
-5.975280e-03
-7.167650e-03
-8.188284e-03
-8.868563e-03
-9.295204e-03
-9.506510e-03
-9.551778e-03
-9.546524e-03
-9.382230e-03
-9.021335e-03
-8.718956e-03
-9.068024e-03
-1.021320e-02
-1.151717e-02
-1.275076e-02
-1.398719e-02
-1.540746e-02
-1.714106e-02
-1.920297e-02
-2.159357e-02
-2.401911e-02
-2.623123e-02
-2.842187e-02
-3.066743e-02
-3.263671e-02
-3.419364e-02
-3.530593e-02
-3.605048e-02
-3.628396e-02
-3.573668e-02
-3.473660e-02
-3.369930e-02
-3.254748e-02
-3.129260e-02
-2.982998e-02
-2.775716e-02
-2.501375e-02
-2.200295e-02
-1.883361e-02
-1.573439e-02
-1.280955e-02
-1.029618e-02
-8.315286e-03
-6.557313e-03
-4.981279e-03
-3.772858e-03
-2.745397e-03
-1.847805e-03
-1.054257e-03
-3.526458e-04
4.481186e-04
1.352662e-03
2.318450e-03
3.364590e-03
4.426259e-03
5.556712e-03
6.644101e-03
7.538542e-03
8.166621e-03
8.285738e-03
7.779641e-03
6.690605e-03
4.912347e-03
2.631133e-03
2.642652e-06
-2.796479e-03
-5.284491e-03
-7.067401e-03
-8.031326e-03
-8.289480e-03
-7.830555e-03
-6.674877e-03
-4.845428e-03
-2.320431e-03
8.163689e-04
4.230495e-03
7.812380e-03
1.176156e-02
1.597616e-02
2.033154e-02
2.451405e-02
2.862111e-02
3.235425e-02
3.547199e-02
3.764645e-02
3.922838e-02
4.036137e-02
4.100188e-02
4.123425e-02
4.116913e-02
4.072077e-02
3.966349e-02
3.789627e-02
3.581861e-02
3.382148e-02
3.197218e-02
3.061697e-02
2.962690e-02
2.862641e-02
2.758908e-02
2.686895e-02
2.640395e-02
2.623046e-02
2.624228e-02
2.627704e-02
2.648453e-02
2.697480e-02
2.771849e-02
2.868063e-02
2.977569e-02
3.065564e-02
3.143601e-02
3.205653e-02
3.267507e-02
3.340064e-02
3.448519e-02
3.579520e-02
3.710462e-02
3.822310e-02
3.900786e-02
3.931508e-02
3.957803e-02
3.985996e-02
3.968433e-02
3.940281e-02
3.897707e-02
3.823121e-02
3.705943e-02
3.571219e-02
3.431680e-02
3.280295e-02
3.106186e-02
2.901353e-02
2.667888e-02
2.396033e-02
2.119003e-02
1.874790e-02
1.708865e-02
1.608061e-02
1.537869e-02
1.475513e-02
1.439722e-02
1.433061e-02
1.456207e-02
1.522475e-02
1.620491e-02
1.722476e-02
1.821597e-02
1.930120e-02
2.049770e-02
2.149283e-02
2.224552e-02
2.276907e-02
2.298476e-02
2.311405e-02
2.324462e-02
2.315043e-02
2.304440e-02
2.286929e-02
2.233500e-02
2.137633e-02
2.014756e-02
1.868444e-02
1.708880e-02
1.521984e-02
1.305395e-02
1.098140e-02
9.173288e-03
7.652625e-03
6.184774e-03
4.582985e-03
2.750406e-03
8.844278e-04
-1.093801e-03
-3.162221e-03
-5.132982e-03
-7.099109e-03
-9.209458e-03
-1.110153e-02
-1.256970e-02
-1.389237e-02
-1.521811e-02
-1.637659e-02
-1.726845e-02
-1.781569e-02
-1.816298e-02
-1.809396e-02
-1.763765e-02
-1.667273e-02
-1.537118e-02
-1.383578e-02
-1.234956e-02
-1.110368e-02
-1.027167e-02
-9.896827e-03
-9.735198e-03
-9.762021e-03
-1.003938e-02
-1.097253e-02
-1.230249e-02
-1.409557e-02
-1.638794e-02
-1.865908e-02
-2.074353e-02
-2.269019e-02
-2.423549e-02
-2.544902e-02
-2.626727e-02
-2.649468e-02
-2.606710e-02
-2.539222e-02
-2.481688e-02
-2.396805e-02
-2.271126e-02
-2.084616e-02
-1.822549e-02
-1.508719e-02
-1.147402e-02
-7.617082e-03
-3.621696e-03
3.399125e-04
4.117203e-03
7.660771e-03
1.084503e-02
1.336183e-02
1.538565e-02
1.682637e-02
1.780328e-02
1.841483e-02
1.858362e-02
1.850767e-02
1.817097e-02
1.749389e-02
1.663379e-02
1.546736e-02
1.455730e-02
1.404322e-02
1.370776e-02
1.344947e-02
1.321154e-02
1.258382e-02
1.161919e-02
1.049583e-02
9.079374e-03
7.446475e-03
5.652686e-03
3.684065e-03
1.548078e-03
-7.054770e-04
-2.924141e-03
-4.459026e-03
-5.210659e-03
-5.328430e-03
-4.893010e-03
-3.692924e-03
-1.875381e-03
2.449340e-04
2.573327e-03
4.964377e-03
7.190910e-03
9.180047e-03
1.084901e-02
1.202733e-02
1.272145e-02
1.297247e-02
1.277987e-02
1.238008e-02
1.231254e-02
1.247244e-02
1.238342e-02
1.181069e-02
1.074802e-02
9.555379e-03
8.132920e-03
6.485054e-03
4.866054e-03
3.464581e-03
2.302479e-03
1.323057e-03
5.541231e-04
1.640741e-04
-4.868403e-05
-5.877088e-05
1.205704e-04
1.388559e-04
-9.901267e-05
-5.515011e-04
-1.151170e-03
-1.768882e-03
-2.428773e-03
-3.026152e-03
-3.815231e-03
-4.815723e-03
-5.726124e-03
-6.042908e-03
-6.061340e-03
-5.978770e-03
-5.688193e-03
-5.350941e-03
-4.927534e-03
-4.854579e-03
-5.386247e-03
-6.211726e-03
-7.156793e-03
-8.407717e-03
-9.746199e-03
-1.117136e-02
-1.252035e-02
-1.339413e-02
-1.400277e-02
-1.469859e-02
-1.559610e-02
-1.639177e-02
-1.687188e-02
-1.677585e-02
-1.617424e-02
-1.524802e-02
-1.418245e-02
-1.311216e-02
-1.199675e-02
-1.093652e-02
-1.019034e-02
-9.777763e-03
-9.681846e-03
-9.918109e-03
-1.037726e-02
-1.096355e-02
-1.170906e-02
-1.239079e-02
-1.310031e-02
-1.394302e-02
-1.501894e-02
-1.647761e-02
-1.841936e-02
-2.065300e-02
-2.276034e-02
-2.429920e-02
-2.532410e-02
-2.604080e-02
-2.664050e-02
-2.704406e-02
-2.705404e-02
-2.662788e-02
-2.604985e-02
-2.539548e-02
-2.470793e-02
-2.395605e-02
-2.321660e-02
-2.250949e-02
-2.181947e-02
-2.128350e-02
-2.087330e-02
-2.064177e-02
-2.042318e-02
-2.017251e-02
-1.984762e-02
-1.942970e-02
-1.898276e-02
-1.857639e-02
-1.804042e-02
-1.746780e-02
-1.711656e-02
-1.701447e-02
-1.715927e-02
-1.779855e-02
-1.868465e-02
-1.959182e-02
-2.028406e-02
-2.090025e-02
-2.164226e-02
-2.246971e-02
-2.321604e-02
-2.385706e-02
-2.440683e-02
-2.461322e-02
-2.463861e-02
-2.438748e-02
-2.399947e-02
-2.333022e-02
-2.248632e-02
-2.145536e-02
-2.030011e-02
-1.883832e-02
-1.715726e-02
-1.535503e-02
-1.347784e-02
-1.173276e-02
-9.813352e-03
-7.569338e-03
-5.112564e-03
-2.709984e-03
-8.235470e-04
3.104725e-04
9.037923e-04
1.372509e-03
1.773424e-03
2.103595e-03
2.244543e-03
1.574781e-03
1.230782e-04
-1.510220e-03
-3.104354e-03
-4.543130e-03
-5.916377e-03
-7.185027e-03
-8.265284e-03
-9.215387e-03
-1.004932e-02
-1.055427e-02
-1.086843e-02
-1.142455e-02
-1.233723e-02
-1.327475e-02
-1.404334e-02
-1.451527e-02
-1.474016e-02
-1.472532e-02
-1.462848e-02
-1.439537e-02
-1.383997e-02
-1.304576e-02
-1.207998e-02
-1.106850e-02
-1.008823e-02
-8.928047e-03
-7.630023e-03
-6.266545e-03
-5.105170e-03
-4.149531e-03
-3.332782e-03
-2.693248e-03
-2.482778e-03
-2.966233e-03
-4.042432e-03
-5.446477e-03
-7.131498e-03
-8.788963e-03
-1.021190e-02
-1.162716e-02
-1.324653e-02
-1.490906e-02
-1.650926e-02
-1.791767e-02
-1.895551e-02
-1.952250e-02
-1.972670e-02
-1.962961e-02
-1.929276e-02
-1.859792e-02
-1.764266e-02
-1.628543e-02
-1.462446e-02
-1.265622e-02
-1.033144e-02
-7.781429e-03
-4.882467e-03
-1.589121e-03
2.062045e-03
5.700912e-03
9.194434e-03
1.240005e-02
1.519342e-02
1.777110e-02
2.021727e-02
2.223102e-02
2.368790e-02
2.509973e-02
2.690647e-02
2.897419e-02
3.083804e-02
3.245607e-02
3.387019e-02
3.507185e-02
3.625781e-02
3.731675e-02
3.805088e-02
3.858339e-02
3.884693e-02
3.887964e-02
3.849467e-02
3.781490e-02
3.670272e-02
3.522956e-02
3.335555e-02
3.123069e-02
2.897925e-02
2.670898e-02
2.479730e-02
2.310894e-02
2.174365e-02
2.078723e-02
2.005236e-02
1.903732e-02
1.764571e-02
1.625913e-02
1.489454e-02
1.345587e-02
1.170743e-02
9.481687e-03
7.017437e-03
4.374701e-03
1.796868e-03
-7.324621e-04
-3.111383e-03
-4.961238e-03
-6.271811e-03
-7.020795e-03
-6.985812e-03
-6.214940e-03
-4.827399e-03
-2.984494e-03
-1.400098e-03
-9.509145e-05
1.034911e-03
2.195007e-03
3.354951e-03
4.395784e-03
5.342823e-03
6.220483e-03
7.176762e-03
8.121558e-03
9.101139e-03
1.007290e-02
1.098896e-02
1.183714e-02
1.228131e-02
1.225839e-02
1.166072e-02
1.039062e-02
8.475865e-03
6.049394e-03
3.248745e-03
1.692988e-04
-3.101435e-03
-5.996552e-03
-7.979661e-03
-9.092704e-03
-9.313435e-03
-8.766820e-03
-7.710661e-03
-6.388651e-03
-4.951969e-03
-3.635498e-03
-2.330798e-03
-1.217499e-03
-6.455333e-04
-5.574467e-04
-9.033284e-04
-1.361223e-03
-1.807248e-03
-2.842157e-03
-4.578096e-03
-6.571190e-03
-8.593899e-03
-1.067046e-02
-1.282716e-02
-1.490518e-02
-1.692293e-02
-1.866252e-02
-1.993546e-02
-2.083822e-02
-2.141838e-02
-2.178565e-02
-2.192850e-02
-2.196979e-02
-2.180343e-02
-2.120357e-02
-2.020422e-02
-1.915693e-02
-1.811364e-02
-1.707103e-02
-1.594958e-02
-1.466832e-02
-1.319074e-02
-1.204703e-02
-1.087926e-02
-9.517982e-03
-8.047960e-03
-6.523122e-03
-5.043536e-03
-3.625444e-03
-2.421819e-03
-1.481944e-03
-8.317490e-04
-3.289648e-04
2.455344e-04
8.019767e-04
1.418967e-03
2.377203e-03
3.803454e-03
5.372150e-03
6.573390e-03
7.526525e-03
8.565268e-03
9.715161e-03
1.071778e-02
1.136900e-02
1.192480e-02
1.212694e-02
1.198081e-02
1.153152e-02
1.058592e-02
8.986076e-03
6.735649e-03
3.894387e-03
8.686269e-04
-2.371435e-03
-5.556837e-03
-8.356313e-03
-1.086561e-02
-1.346488e-02
-1.607332e-02
-1.839403e-02
-2.020357e-02
-2.154481e-02
-2.246906e-02
-2.304760e-02
-2.322842e-02
-2.288469e-02
-2.230908e-02
-2.171204e-02
-2.094111e-02
-2.007156e-02
-1.906617e-02
-1.812714e-02
-1.728602e-02
-1.650221e-02
-1.596949e-02
-1.555315e-02
-1.547026e-02
-1.552475e-02
-1.571749e-02
-1.619227e-02
-1.691204e-02
-1.792333e-02
-1.896679e-02
-1.956407e-02
-1.976039e-02
-1.972767e-02
-1.985785e-02
-2.015246e-02
-2.072527e-02
-2.142567e-02
-2.196514e-02
-2.228900e-02
-2.259085e-02
-2.268980e-02
-2.230523e-02
-2.188269e-02
-2.165151e-02
-2.106868e-02
-2.011559e-02
-1.873737e-02
-1.690153e-02
-1.476095e-02
-1.222317e-02
-9.459314e-03
-6.746874e-03
-4.099132e-03
-1.185615e-03
1.916852e-03
4.732612e-03
7.326202e-03
9.315519e-03
1.069975e-02
1.181145e-02
1.303433e-02
1.449000e-02
1.603669e-02
1.763915e-02
1.906577e-02
2.018252e-02
2.128872e-02
2.224129e-02
2.300372e-02
2.362226e-02
2.404661e-02
2.431534e-02
2.450267e-02
2.451345e-02
2.450355e-02
2.452924e-02
2.456813e-02
2.464993e-02
2.475506e-02
2.483066e-02
2.483847e-02
2.507285e-02
2.521407e-02
2.536450e-02
2.554577e-02
2.572413e-02
2.566662e-02
2.539703e-02
2.493139e-02
2.439295e-02
2.370893e-02
2.264757e-02
2.131030e-02
1.977418e-02
1.792666e-02
1.573587e-02
1.352651e-02
1.164966e-02
9.974621e-03
8.876142e-03
8.156773e-03
7.651210e-03
7.747870e-03
8.489770e-03
9.351068e-03
1.006614e-02
1.072997e-02
1.149182e-02
1.231355e-02
1.323074e-02
1.407584e-02
1.478151e-02
1.552391e-02
1.622190e-02
1.673311e-02
1.711448e-02
1.725167e-02
1.745213e-02
1.755118e-02
1.730808e-02
1.672345e-02
1.605197e-02
1.520065e-02
1.400639e-02
1.235883e-02
1.033521e-02
8.057956e-03
5.524567e-03
2.970919e-03
6.878476e-04
-1.093986e-03
-2.127447e-03
-2.475924e-03
-2.362213e-03
-1.915093e-03
-1.215183e-03
-3.703570e-05
1.464257e-03
3.232838e-03
5.287206e-03
7.455231e-03
9.557776e-03
1.149336e-02
1.315459e-02
1.443214e-02
1.529401e-02
1.566670e-02
1.570594e-02
1.560521e-02
1.535901e-02
1.480118e-02
1.400146e-02
1.308468e-02
1.201738e-02
1.103471e-02
1.023034e-02
9.516085e-03
8.675326e-03
7.651672e-03
6.837102e-03
6.686557e-03
7.495517e-03
8.938414e-03
1.064349e-02
1.241842e-02
1.418369e-02
1.605005e-02
1.832756e-02
2.048277e-02
2.228445e-02
2.388215e-02
2.506022e-02
2.577771e-02
2.611450e-02
2.608100e-02
2.575832e-02
2.539784e-02
2.501991e-02
2.450239e-02
2.381956e-02
2.328256e-02
2.292756e-02
2.295633e-02
2.331229e-02
2.378597e-02
2.405818e-02
2.402760e-02
2.398549e-02
2.399844e-02
2.404802e-02
2.423786e-02
2.427084e-02
2.385706e-02
2.318591e-02
2.219909e-02
2.100114e-02
1.958298e-02
1.811998e-02
1.648585e-02
1.484951e-02
1.339239e-02
1.227467e-02
1.156392e-02
1.108643e-02
1.071515e-02
1.005795e-02
9.128709e-03
8.150627e-03
7.427464e-03
6.980910e-03
6.567592e-03
6.200733e-03
5.831901e-03
5.384792e-03
4.747165e-03
3.955720e-03
3.230794e-03
2.461246e-03
1.543612e-03
5.827252e-04
-4.196694e-04
-1.535830e-03
-2.925736e-03
-4.602128e-03
-6.362168e-03
-8.119237e-03
-9.971648e-03
-1.189585e-02
-1.390777e-02
-1.593721e-02
-1.748764e-02
-1.839498e-02
-1.890850e-02
-1.913696e-02
-1.909877e-02
-1.889858e-02
-1.838624e-02
-1.762735e-02
-1.666654e-02
-1.555352e-02
-1.438009e-02
-1.337718e-02
-1.249586e-02
-1.197991e-02
-1.173029e-02
-1.174839e-02
-1.175820e-02
-1.173354e-02
-1.172213e-02
-1.167241e-02
-1.151234e-02
-1.118308e-02
-1.081410e-02
-1.065302e-02
-1.045548e-02
-1.028351e-02
-1.015150e-02
-1.014076e-02
-1.024445e-02
-1.047570e-02
-1.058154e-02
-1.049972e-02
-1.046689e-02
-1.056384e-02
-1.084650e-02
-1.125831e-02
-1.158397e-02
-1.188077e-02
-1.236108e-02
-1.287147e-02
-1.329551e-02
-1.372554e-02
-1.368617e-02
-1.328141e-02
-1.278680e-02
-1.237406e-02
-1.189372e-02
-1.124806e-02
-1.053398e-02
-9.753471e-03
-9.157460e-03
-8.643843e-03
-8.185827e-03
-7.742367e-03
-7.343417e-03
-7.332674e-03
-7.603423e-03
-7.864808e-03
-7.805831e-03
-7.336895e-03
-6.654631e-03
-5.764890e-03
-4.680278e-03
-3.290728e-03
-1.708267e-03
-7.578509e-05
1.806551e-03
3.786062e-03
5.708722e-03
7.516579e-03
9.066077e-03
1.025999e-02
1.105857e-02
1.159832e-02
1.152031e-02
1.088222e-02
9.719923e-03
8.373631e-03
7.024875e-03
5.928768e-03
5.143956e-03
4.556798e-03
4.163008e-03
4.103415e-03
4.052183e-03
3.986763e-03
4.044264e-03
4.030076e-03
4.021979e-03
4.051765e-03
4.082980e-03
4.041254e-03
3.833497e-03
3.422205e-03
2.991698e-03
2.804407e-03
2.407252e-03
1.694014e-03
9.456346e-04
3.839668e-05
-7.333328e-04
-1.157603e-03
-1.442434e-03
-1.805029e-03
-2.360163e-03
-2.785297e-03
-3.249475e-03
-3.708148e-03
-4.003121e-03
-4.046699e-03
-3.864005e-03
-3.693474e-03
-3.636060e-03
-3.638719e-03
-3.754019e-03
-3.838605e-03
-3.865795e-03
-4.172308e-03
-4.686347e-03
-5.473159e-03
-6.094591e-03
-6.567840e-03
-7.149846e-03
-7.824734e-03
-8.425792e-03
-8.854970e-03
-9.158174e-03
-9.495307e-03
-9.939483e-03
-1.058126e-02
-1.103778e-02
-1.109196e-02
-1.091904e-02
-1.074447e-02
-1.069621e-02
-1.087311e-02
-1.111907e-02
-1.127289e-02
-1.148420e-02
-1.159759e-02
-1.155019e-02
-1.153986e-02
-1.156893e-02
-1.157550e-02
-1.147559e-02
-1.118746e-02
-1.073171e-02
-1.015162e-02
-9.304725e-03
-8.152580e-03
-6.825506e-03
-5.298086e-03
-3.544524e-03
-1.912287e-03
-5.430065e-04
5.181770e-04
8.561700e-04
3.698709e-04
-7.128023e-04
-2.022132e-03
-3.525137e-03
-5.565335e-03
-8.169176e-03
-1.108659e-02
-1.390364e-02
-1.664928e-02
-1.907785e-02
-2.112342e-02
-2.277771e-02
-2.399698e-02
-2.457138e-02
-2.437802e-02
-2.329573e-02
-2.152786e-02
-1.935660e-02
-1.693338e-02
-1.440455e-02
-1.208984e-02
-9.752146e-03
-7.575079e-03
-5.679033e-03
-4.165082e-03
-3.138655e-03
-2.758043e-03
-3.195557e-03
-4.106969e-03
-5.350674e-03
-6.824746e-03
-8.453584e-03
-1.013518e-02
-1.163139e-02
-1.294533e-02
-1.374108e-02
-1.391927e-02
-1.328503e-02
-1.196212e-02
-1.062797e-02
-9.588314e-03
-8.710589e-03
-7.376338e-03
-4.858942e-03
-1.789007e-03
1.032730e-03
3.287147e-03
4.984886e-03
6.199467e-03
7.106046e-03
7.602943e-03
7.374816e-03
6.339647e-03
4.534812e-03
2.159523e-03
-1.021563e-03
-4.738839e-03
-8.483795e-03
-1.189561e-02
-1.473528e-02
-1.691778e-02
-1.853548e-02
-1.946145e-02
-1.972171e-02
-1.925254e-02
-1.783104e-02
-1.538377e-02
-1.191194e-02
-7.537843e-03
-3.264510e-03
7.648463e-04
4.476403e-03
7.503650e-03
1.004974e-02
1.238514e-02
1.439905e-02
1.566801e-02
1.619069e-02
1.607353e-02
1.557668e-02
1.494783e-02
1.420628e-02
1.345615e-02
1.263178e-02
1.185956e-02
1.095218e-02
9.863585e-03
8.682317e-03
7.451857e-03
6.355574e-03
5.322906e-03
4.206616e-03
2.937933e-03
1.539304e-03
-7.759793e-05
-1.916011e-03
-3.670223e-03
-5.268982e-03
-6.978534e-03
-8.981653e-03
-1.112512e-02
-1.301368e-02
-1.446688e-02
-1.534147e-02
-1.580144e-02
-1.595092e-02
-1.585138e-02
-1.552674e-02
-1.519385e-02
-1.469265e-02
-1.398755e-02
-1.349885e-02
-1.329446e-02
-1.336367e-02
-1.339104e-02
-1.334588e-02
-1.328376e-02
-1.324458e-02
-1.328153e-02
-1.341953e-02
-1.359829e-02
-1.359097e-02
-1.311440e-02
-1.232036e-02
-1.118875e-02
-9.930350e-03
-8.463604e-03
-6.808309e-03
-5.093382e-03
-3.416053e-03
-1.947993e-03
-8.515104e-04
-1.656043e-04
1.901771e-04
9.453757e-05
-3.047465e-04
-1.072029e-03
-2.003460e-03
-3.002029e-03
-4.077259e-03
-5.240040e-03
-6.236585e-03
-6.846823e-03
-6.920913e-03
-6.578023e-03
-6.115225e-03
-5.477792e-03
-4.863385e-03
-4.107027e-03
-3.257804e-03
-2.417734e-03
-1.610608e-03
-9.531647e-04
-4.551837e-04
3.616176e-05
5.097185e-04
9.897458e-04
1.324396e-03
1.442834e-03
1.606074e-03
1.665546e-03
1.738446e-03
1.621259e-03
1.045971e-03
3.102918e-04
-4.695674e-04
-1.447447e-03
-2.639217e-03
-4.017304e-03
-5.705272e-03
-7.554370e-03
-9.533266e-03
-1.154711e-02
-1.332802e-02
-1.464336e-02
-1.563163e-02
-1.645219e-02
-1.725382e-02
-1.791232e-02
-1.860370e-02
-1.932011e-02
-1.987607e-02
-2.027484e-02
-2.071741e-02
-2.086805e-02
-2.090510e-02
-2.101699e-02
-2.099003e-02
-2.054360e-02
-1.974643e-02
-1.879801e-02
-1.765759e-02
-1.649969e-02
-1.524456e-02
-1.380007e-02
-1.191964e-02
-9.767493e-03
-7.512374e-03
-5.355012e-03
-3.430918e-03
-1.557448e-03
5.014393e-04
2.965178e-03
5.479995e-03
7.786242e-03
9.823215e-03
1.176245e-02
1.311796e-02
1.405287e-02
1.491326e-02
1.577127e-02
1.623484e-02
1.627752e-02
1.595091e-02
1.547468e-02
1.511664e-02
1.484115e-02
1.446612e-02
1.357280e-02
1.233576e-02
1.091436e-02
9.409925e-03
7.962884e-03
6.795511e-03
5.760070e-03
4.834407e-03
4.051033e-03
3.093530e-03
2.129755e-03
1.510003e-03
1.125813e-03
8.111259e-04
4.784488e-04
6.178027e-05
-3.098731e-04
-5.787881e-04
-6.274000e-04
-6.079915e-04
-7.442706e-04
-1.001732e-03
-1.635243e-03
-2.502956e-03
-3.246767e-03
-3.768583e-03
-3.919566e-03
-3.843481e-03
-3.535246e-03
-3.255842e-03
-2.880771e-03
-2.227474e-03
-1.231836e-03
2.674672e-04
1.980029e-03
3.935478e-03
6.141435e-03
8.503520e-03
1.078056e-02
1.294928e-02
1.535255e-02
1.779552e-02
1.973189e-02
2.147285e-02
2.302725e-02
2.417466e-02
2.481032e-02
2.501604e-02
2.491361e-02
2.451077e-02
2.370717e-02
2.259685e-02
2.124939e-02
1.971137e-02
1.814011e-02
1.683519e-02
1.599833e-02
1.575142e-02
1.588224e-02
1.598797e-02
1.601038e-02
1.580884e-02
1.554180e-02
1.533079e-02
1.509696e-02
1.470773e-02
1.408568e-02
1.311486e-02
1.211747e-02
1.114442e-02
1.002740e-02
8.893772e-03
7.863530e-03
6.891783e-03
6.044896e-03
5.230814e-03
4.437745e-03
3.829804e-03
3.567777e-03
3.696012e-03
3.776144e-03
3.563008e-03
3.056908e-03
2.811956e-03
2.848824e-03
2.953144e-03
3.192197e-03
3.578041e-03
3.935337e-03
4.253574e-03
4.664288e-03
5.168669e-03
5.721168e-03
6.243878e-03
6.842175e-03
7.559741e-03
8.666072e-03
1.002134e-02
1.140434e-02
1.263998e-02
1.349664e-02
1.399842e-02
1.426660e-02
1.451119e-02
1.484071e-02
1.508159e-02
1.527328e-02
1.536126e-02
1.561692e-02
1.608740e-02
1.649197e-02
1.681462e-02
1.726588e-02
1.760381e-02
1.793477e-02
1.839525e-02
1.848842e-02
1.813754e-02
1.745248e-02
1.680772e-02
1.608129e-02
1.522388e-02
1.419645e-02
1.313147e-02
1.229942e-02
1.187337e-02
1.196193e-02
1.239451e-02
1.290270e-02
1.359787e-02
1.459747e-02
1.579347e-02
1.706066e-02
1.832572e-02
1.963233e-02
2.099294e-02
2.232505e-02
2.342877e-02
2.431097e-02
2.492031e-02
2.520391e-02
2.519823e-02
2.484053e-02
2.415263e-02
2.329199e-02
2.227626e-02
2.101629e-02
1.960119e-02
1.805870e-02
1.648189e-02
1.503961e-02
1.356167e-02
1.190752e-02
1.002926e-02
8.041171e-03
6.280405e-03
5.138713e-03
4.443442e-03
3.834843e-03
3.082104e-03
2.440950e-03
1.944899e-03
1.797601e-03
1.855942e-03
1.848323e-03
1.761801e-03
1.593212e-03
1.205045e-03
6.728514e-04
1.281895e-04
-4.205053e-04
-1.122555e-03
-1.942053e-03
-2.956822e-03
-3.908107e-03
-4.753842e-03
-5.443782e-03
-5.957717e-03
-6.170339e-03
-6.382985e-03
-7.057216e-03
-8.086969e-03
-9.280733e-03
-1.058152e-02
-1.177335e-02
-1.293841e-02
-1.420786e-02
-1.521739e-02
-1.602304e-02
-1.660928e-02
-1.685376e-02
-1.685119e-02
-1.665555e-02
-1.634589e-02
-1.610675e-02
-1.582345e-02
-1.535397e-02
-1.468537e-02
-1.389069e-02
-1.331127e-02
-1.300174e-02
-1.281663e-02
-1.260459e-02
-1.216710e-02
-1.154782e-02
-1.010380e-02
-9.288950e-03
-8.510257e-03
-7.459391e-03
-6.407140e-03
-5.517175e-03
-4.590631e-03
-3.675391e-03
-2.833081e-03
-2.055996e-03
-1.565641e-03
-1.242563e-03
-7.893556e-04
-5.716101e-04
-5.799813e-04
-5.742689e-04
-6.433429e-04
-9.252528e-04
-1.427357e-03
-1.863957e-03
-2.048086e-03
-2.290344e-03
-2.472802e-03
-2.691232e-03
-2.856346e-03
-2.941075e-03
-3.178479e-03
-3.498414e-03
-3.593256e-03
-3.541928e-03
-3.499361e-03
-3.255536e-03
-2.698174e-03
-1.923539e-03
-9.707948e-04
7.909497e-05
1.149186e-03
2.119986e-03
3.072493e-03
4.081527e-03
4.880867e-03
5.320891e-03
5.450554e-03
5.522390e-03
5.459961e-03
5.297127e-03
4.888770e-03
4.231871e-03
3.492981e-03
2.638203e-03
1.756035e-03
9.007542e-04
4.954190e-05
-1.066090e-03
-2.590581e-03
-4.618159e-03
-6.778665e-03
-9.104546e-03
-1.124192e-02
-1.305991e-02
-1.487103e-02
-1.671600e-02
-1.847822e-02
-1.998017e-02
-2.116253e-02
-2.199748e-02
-2.251710e-02
-2.271508e-02
-2.259449e-02
-2.236291e-02
-2.206745e-02
-2.127386e-02
-2.001098e-02
-1.855731e-02
-1.694791e-02
-1.537064e-02
-1.403947e-02
-1.279412e-02
-1.132905e-02
-9.638599e-03
-7.977416e-03
-6.440051e-03
-5.051580e-03
-3.906042e-03
-3.127044e-03
-2.617956e-03
-2.340845e-03
-2.235049e-03
-2.516428e-03
-3.061934e-03
-3.855173e-03
-4.720987e-03
-5.341776e-03
-5.726009e-03
-6.129436e-03
-6.768490e-03
-7.553677e-03
-8.145051e-03
-8.382388e-03
-8.174573e-03
-7.617496e-03
-7.109799e-03
-6.320287e-03
-5.284929e-03
-4.287872e-03
-3.162735e-03
-1.962970e-03
-6.549663e-04
5.343692e-04
1.580862e-03
2.415646e-03
2.990731e-03
3.198303e-03
3.000503e-03
2.584707e-03
1.967023e-03
9.865558e-04
-1.605898e-04
-1.583189e-03
-2.936655e-03
-3.600487e-03
-3.713377e-03
-3.533582e-03
-3.107706e-03
-2.540820e-03
-1.709539e-03
-7.338711e-04
3.203384e-04
1.329503e-03
2.344087e-03
3.288832e-03
4.015895e-03
4.832947e-03
5.698108e-03
6.260502e-03
6.556426e-03
6.637731e-03
6.571418e-03
6.493622e-03
6.248061e-03
5.647472e-03
4.838542e-03
4.048582e-03
3.280148e-03
2.550625e-03
1.937401e-03
1.478828e-03
9.851484e-04
5.285587e-04
1.911891e-04
1.461843e-04
6.603507e-04
1.582728e-03
2.458459e-03
3.095517e-03
3.629949e-03
4.075874e-03
4.607042e-03
5.107089e-03
5.483545e-03
5.713261e-03
5.794081e-03
5.883802e-03
6.079348e-03
6.417040e-03
6.650584e-03
6.662171e-03
6.488322e-03
6.171053e-03
5.748017e-03
5.445730e-03
5.310822e-03
5.152834e-03
5.068251e-03
5.029026e-03
4.761371e-03
4.156907e-03
3.361093e-03
2.611786e-03
2.112447e-03
1.584433e-03
1.030354e-03
4.855064e-04
1.451549e-04
-1.823210e-05
-3.170215e-04
-6.087702e-04
-4.900466e-04
-2.262139e-04
5.385119e-05
5.799207e-04
1.455207e-03
2.596352e-03
3.827759e-03
4.755563e-03
5.202919e-03
5.402947e-03
5.348650e-03
5.134159e-03
4.688232e-03
4.005009e-03
3.191635e-03
2.199961e-03
1.153689e-03
1.387029e-04
-7.474134e-04
-1.513566e-03
-2.097990e-03
-2.509411e-03
-2.801073e-03
-2.864316e-03
-2.713297e-03
-2.401310e-03
-1.889056e-03
-1.371166e-03
-6.815169e-04
2.651080e-04
1.237275e-03
2.085032e-03
2.985839e-03
4.100548e-03
5.212096e-03
6.130917e-03
6.605230e-03
6.757889e-03
6.614658e-03
6.123863e-03
5.498851e-03
4.786926e-03
4.016580e-03
3.293757e-03
2.658550e-03
2.102493e-03
1.640598e-03
1.271696e-03
9.070599e-04
5.843074e-04
2.096043e-04
-1.289924e-04
-5.744170e-04
-9.182978e-04
-1.140269e-03
-1.242689e-03
-1.412843e-03
-1.566511e-03
-1.604274e-03
-1.534582e-03
-1.385240e-03
-1.283285e-03
-1.218380e-03
-1.074745e-03
-6.590701e-04
-9.539078e-05
3.566579e-04
6.007431e-04
6.191736e-04
5.693254e-04
5.485362e-04
4.686878e-04
2.463736e-04
-8.877538e-05
-3.510762e-04
-5.059240e-04
-5.627358e-04
-5.762749e-04
-4.903793e-04
-2.453357e-04
6.709293e-06
1.900965e-04
4.085242e-04
7.082545e-04
1.025064e-03
1.300672e-03
1.535371e-03
1.687289e-03
1.607082e-03
1.284384e-03
9.035938e-04
5.278728e-04
2.256299e-04
-3.503594e-05
-3.830110e-04
-8.296642e-04
-1.335060e-03
-1.780541e-03
-2.232735e-03
-2.731054e-03
-3.236308e-03
-3.687191e-03
-4.003570e-03
-4.179101e-03
-4.184256e-03
-4.157948e-03
-4.128557e-03
-4.073742e-03
-3.974622e-03
-3.747110e-03
-3.432042e-03
-3.109591e-03
-2.719067e-03
-2.214156e-03
-1.743738e-03
-1.288473e-03
-8.972598e-04
-5.705178e-04
-3.075425e-04
-1.421585e-04
-3.030759e-05
1.037697e-05
-2.339952e-05
-8.116324e-05
-1.568548e-04
-2.564718e-04
-2.769396e-04
-2.703137e-04
-2.289179e-04
-2.286682e-04
-3.727874e-04
-5.061314e-04
-4.498525e-04
-2.448571e-04
-3.167855e-05
3.855110e-05
-8.850962e-07
-1.179709e-04
-3.188609e-04
-5.984623e-04
-9.099453e-04
-1.275343e-03
-1.674007e-03
-2.057230e-03
-2.462515e-03
-2.796482e-03
-3.120822e-03
-3.379009e-03
-3.513925e-03
-3.540212e-03
-3.469309e-03
-3.325564e-03
-3.124232e-03
-2.850878e-03
-2.560005e-03
-2.254301e-03
-1.921788e-03
-1.651400e-03
-1.430984e-03
-1.281077e-03
-1.193031e-03
-1.131477e-03
-1.121464e-03
-1.214490e-03
-1.304757e-03
-1.351053e-03
-1.407623e-03
-1.492713e-03
-1.611210e-03
-1.729176e-03
-1.816586e-03
-1.844911e-03
-1.803912e-03
-1.728944e-03
-1.632220e-03
-1.555824e-03
-1.514677e-03
-1.504111e-03
-1.472029e-03
-1.446664e-03
-1.487905e-03
-1.547901e-03
-1.664258e-03
-1.813486e-03
-1.939058e-03
-2.043598e-03
-2.113963e-03
-2.176814e-03
-2.259338e-03
-2.346783e-03
-2.438427e-03
-2.478195e-03
-2.444859e-03
-2.377932e-03
-2.246178e-03
-2.094793e-03
-1.933999e-03
-1.764154e-03
-1.593611e-03
-1.450305e-03
-1.346395e-03
-1.273122e-03
-1.265766e-03
-1.304405e-03
-1.343938e-03
-1.379890e-03
-1.417952e-03
-1.462626e-03
-1.546853e-03
-1.666236e-03
-1.767303e-03
-1.836545e-03
-1.848247e-03
-1.806788e-03
-1.755141e-03
-1.713815e-03
-1.669616e-03
-1.604361e-03
-1.512552e-03
-1.414781e-03
-1.362305e-03
-1.314649e-03
-1.239284e-03
-1.150634e-03
-1.084766e-03
-1.032355e-03
-9.635214e-04
-8.852692e-04
-8.106354e-04
-7.237167e-04
-6.524273e-04
-5.961564e-04
-5.525516e-04
-4.784924e-04
-3.799618e-04
-2.910843e-04
-2.038494e-04
-1.160191e-04
-4.032792e-05
1.474822e-05
6.176755e-05
9.841731e-05
1.243233e-04
1.365023e-04
1.523883e-04
1.599293e-04
1.530960e-04
1.355353e-04
9.094754e-05
3.902082e-05
-1.526446e-05
-7.554516e-05
-1.332225e-04
-1.960210e-04
-2.584740e-04
-3.224544e-04
-3.862779e-04
-4.390864e-04
-4.807452e-04
-5.119257e-04
-5.376191e-04
-5.599509e-04
-5.791819e-04
-5.863657e-04
-5.600886e-04
-5.159894e-04
-4.707502e-04
-4.252437e-04
-3.817091e-04
-3.364193e-04
-2.896460e-04
-2.432421e-04
-1.956057e-04
-1.486802e-04
-1.048898e-04
-6.913920e-05
-3.133726e-05
-1.133154e-07
1.967689e-05
3.347000e-05
4.184348e-05
4.528396e-05
4.186617e-05
3.720729e-05
3.160773e-05
2.589961e-05
2.482148e-05
3.000039e-05
3.738904e-05
4.580339e-05
5.499764e-05
6.413300e-05
7.659758e-05
9.723290e-05
1.226311e-04
1.480260e-04
1.747877e-04
2.034104e-04
2.319492e-04
2.599745e-04
2.858001e-04
3.099397e-04
3.311208e-04
3.491587e-04
3.641521e-04
3.789904e-04
3.949154e-04
4.095103e-04
4.235210e-04
4.352375e-04
4.470897e-04
4.597899e-04
4.719606e-04
4.839519e-04
4.974842e-04
5.130463e-04
5.295177e-04
5.456900e-04
5.609171e-04
5.752601e-04
5.883317e-04
5.996681e-04
6.093379e-04
6.179775e-04
6.249491e-04
6.303486e-04
6.343441e-04
6.372302e-04
6.387875e-04
6.395349e-04
6.401167e-04
6.409546e-04
6.417961e-04
6.427171e-04
6.442252e-04
6.463432e-04
6.487392e-04
6.511019e-04
6.535198e-04
6.558924e-04
6.579602e-04
6.598296e-04
6.616127e-04
6.633764e-04
6.649917e-04
6.665523e-04
6.680284e-04
6.694182e-04
6.707506e-04
6.719978e-04
6.731967e-04
6.743635e-04
6.754521e-04
6.764641e-04
6.774003e-04
6.782804e-04
6.791060e-04
6.798633e-04
6.805689e-04
6.812210e-04
6.818058e-04
6.823263e-04
6.827895e-04
6.831936e-04
6.835263e-04
6.837935e-04
6.839963e-04
6.841263e-04
6.841682e-04
6.841178e-04
6.839706e-04
6.837257e-04
6.833824e-04
6.829399e-04
6.823970e-04
6.817527e-04
6.810052e-04
6.801544e-04
6.791989e-04
6.781382e-04
6.769717e-04
6.756988e-04
6.743190e-04
6.728321e-04
6.712379e-04
