2.951824e-04
2.890334e-04
2.733316e-04
2.497889e-04
2.215103e-04
1.912767e-04
1.591794e-04
1.234264e-04
8.110295e-05
3.006673e-05
-3.041791e-05
-9.934657e-05
-1.756298e-04
-2.577046e-04
-3.450013e-04
-4.359618e-04
-5.294223e-04
-6.238725e-04
-7.180479e-04
-8.109020e-04
-9.029170e-04
-9.940913e-04
-1.085163e-03
-1.175772e-03
-1.266290e-03
-1.356142e-03
-1.445705e-03
-1.534386e-03
-1.622556e-03
-1.708472e-03
-1.790646e-03
-1.864859e-03
-1.926704e-03
-1.970565e-03
-1.995203e-03
-2.003106e-03
-1.999652e-03
-1.986307e-03
-1.966968e-03
-1.942243e-03
-1.910854e-03
-1.871674e-03
-1.824980e-03
-1.768373e-03
-1.705292e-03
-1.640385e-03
-1.580734e-03
-1.535270e-03
-1.513401e-03
-1.512807e-03
-1.527140e-03
-1.549818e-03
-1.575871e-03
-1.598456e-03
-1.617097e-03
-1.631172e-03
-1.640328e-03
-1.646506e-03
-1.655304e-03
-1.667737e-03
-1.683092e-03
-1.700386e-03
-1.720434e-03
-1.739980e-03
-1.760051e-03
-1.779687e-03
-1.797878e-03
-1.812940e-03
-1.825790e-03
-1.833719e-03
-1.839796e-03
-1.847543e-03
-1.861195e-03
-1.879041e-03
-1.902675e-03
-1.930061e-03
-1.955822e-03
-1.972078e-03
-1.970074e-03
-1.936519e-03
-1.867581e-03
-1.768827e-03
-1.653096e-03
-1.531567e-03
-1.415135e-03
-1.308240e-03
-1.212730e-03
-1.122344e-03
-1.028352e-03
-9.236825e-04
-8.088157e-04
-6.862487e-04
-5.640045e-04
-4.508305e-04
-3.588343e-04
-2.962008e-04
-2.659153e-04
-2.581213e-04
-2.650714e-04
-2.800784e-04
-2.994113e-04
-3.170088e-04
-3.334032e-04
-3.487181e-04
-3.634610e-04
-3.787671e-04
-3.970557e-04
-4.153418e-04
-4.334576e-04
-4.473771e-04
-4.517433e-04
-4.415653e-04
-4.169118e-04
-3.776900e-04
-3.287984e-04
-2.755214e-04
-2.216477e-04
-1.671362e-04
-1.150287e-04
-6.327249e-05
-1.137213e-05
4.014153e-05
9.084372e-05
1.409842e-04
1.858852e-04
2.250561e-04
2.573909e-04
2.817668e-04
2.943557e-04
2.987763e-04
2.962261e-04
2.876542e-04
2.735389e-04
2.584743e-04
2.420786e-04
2.252730e-04
2.089067e-04
1.931428e-04
1.765367e-04
1.620948e-04
1.489277e-04
1.380625e-04
1.302323e-04
1.247889e-04
1.166435e-04
1.049746e-04
9.060379e-05
7.469698e-05
5.681085e-05
4.082540e-05
2.637356e-05
1.460832e-05
6.362375e-06
8.235350e-07
-7.080205e-06
-1.820185e-05
-3.187649e-05
-4.723243e-05
-6.521118e-05
-8.260712e-05
-1.005669e-04
-1.182929e-04
-1.344868e-04
-1.479893e-04
-1.596815e-04
-1.668057e-04
-1.723039e-04
-1.795480e-04
-1.922299e-04
-2.082639e-04
-2.291102e-04
-2.526716e-04
-2.746760e-04
-2.891827e-04
-2.905048e-04
-2.686736e-04
-2.222631e-04
-1.553843e-04
-7.561895e-05
9.101633e-06
9.141450e-05
1.716084e-04
2.493052e-04
3.274273e-04
4.034863e-04
4.770947e-04
5.490238e-04
6.224288e-04
6.990921e-04
7.801408e-04
8.647926e-04
9.564374e-04
1.052836e-03
1.151081e-03
1.244456e-03
1.321929e-03
1.367979e-03
1.373842e-03
1.336850e-03
1.278755e-03
1.243275e-03
1.258594e-03
1.324008e-03
1.426968e-03
1.549306e-03
1.678172e-03
1.805054e-03
1.929220e-03
2.052419e-03
2.179283e-03
2.310369e-03
2.442330e-03
2.561899e-03
2.650714e-03
2.684200e-03
2.648588e-03
2.553003e-03
2.421153e-03
2.272654e-03
2.123456e-03
1.979710e-03
1.844283e-03
1.713357e-03
1.583549e-03
1.449437e-03
1.309539e-03
1.163769e-03
1.019326e-03
8.863628e-04
7.822468e-04
7.220991e-04
7.160563e-04
7.562915e-04
8.286190e-04
9.143805e-04
1.000841e-03
1.082119e-03
1.158638e-03
1.232241e-03
1.304773e-03
1.376316e-03
1.451353e-03
1.530206e-03
1.613030e-03
1.691422e-03
1.756236e-03
1.798803e-03
1.814280e-03
1.804102e-03
1.779356e-03
1.748924e-03
1.721102e-03
1.695988e-03
1.672278e-03
1.647923e-03
1.621312e-03
1.591008e-03
1.563241e-03
1.544597e-03
1.544624e-03
1.565324e-03
1.603535e-03
1.649623e-03
1.698513e-03
1.745113e-03
1.786613e-03
1.823396e-03
1.860881e-03
1.901104e-03
1.944094e-03
1.989608e-03
2.038521e-03
2.086480e-03
2.132995e-03
2.174992e-03
2.208771e-03
2.232280e-03
2.248578e-03
2.259672e-03
2.269296e-03
2.278207e-03
2.288297e-03
2.298902e-03
2.310494e-03
2.322016e-03
2.333829e-03
2.344965e-03
2.356280e-03
2.366685e-03
2.377480e-03
2.387606e-03
2.398133e-03
2.408139e-03
2.418677e-03
2.428488e-03
2.438822e-03
2.448499e-03
2.458523e-03
2.467939e-03
2.477756e-03
2.486974e-03
2.496597e-03
2.505493e-03
2.514827e-03
2.523630e-03
2.532741e-03
2.541245e-03
2.550185e-03
2.558525e-03
2.567125e-03
2.575162e-03
2.583518e-03
2.591092e-03
2.599227e-03
2.606625e-03
2.614552e-03
2.621773e-03
2.629481e-03
2.636487e-03
2.643897e-03
2.650750e-03
2.657872e-03
2.664500e-03
2.671434e-03
2.677690e-03
2.684390e-03
2.690459e-03
2.696815e-03
2.702341e-03
2.708072e-03
2.712980e-03
2.718351e-03
2.723366e-03
2.729486e-03
2.735912e-03
2.743464e-03
2.750296e-03
2.755604e-03
2.755750e-03
2.748609e-03
2.731033e-03
2.705270e-03
2.674799e-03
2.642772e-03
2.609736e-03
2.579871e-03
2.552292e-03
2.527581e-03
2.505224e-03
2.483752e-03
2.457368e-03
2.426030e-03
2.392283e-03
2.361121e-03
2.337083e-03
2.329433e-03
2.340484e-03
2.367836e-03
2.402167e-03
2.438991e-03
2.473369e-03
2.502291e-03
2.526534e-03
2.551579e-03
2.579736e-03
2.611331e-03
2.646334e-03
2.685319e-03
2.723243e-03
2.757816e-03
2.783167e-03
2.792746e-03
2.782449e-03
2.756218e-03
2.720599e-03
2.681144e-03
2.640207e-03
2.602703e-03
2.568129e-03
2.537382e-03
2.510344e-03
2.485848e-03
2.458542e-03
2.427422e-03
2.393124e-03
2.356861e-03
2.317709e-03
2.279066e-03
2.239792e-03
2.200653e-03
2.163014e-03
2.127755e-03
2.094097e-03
2.064765e-03
2.036918e-03
2.007266e-03
1.972315e-03
1.934496e-03
1.892234e-03
1.847106e-03
1.802194e-03
1.761552e-03
1.728805e-03
1.712492e-03
1.714559e-03
1.732928e-03
1.759393e-03
1.790160e-03
1.821211e-03
1.849382e-03
1.873352e-03
1.894331e-03
1.910232e-03
1.924330e-03
1.939892e-03
1.959880e-03
1.981595e-03
2.005757e-03
2.031406e-03
2.056954e-03
2.082082e-03
2.107724e-03
2.130437e-03
2.151559e-03
2.169783e-03
2.184484e-03
2.196481e-03
2.210896e-03
2.228833e-03
2.249494e-03
2.272323e-03
2.297930e-03
2.322102e-03
2.344613e-03
2.362222e-03
2.371626e-03
2.370755e-03
2.362569e-03
2.349064e-03
2.334069e-03
2.318412e-03
2.304107e-03
2.290102e-03
2.277317e-03
2.264139e-03
2.250858e-03
2.236082e-03
2.220466e-03
2.203272e-03
2.186396e-03
2.170749e-03
2.159951e-03
2.155869e-03
2.161546e-03
2.174901e-03
2.192380e-03
2.211182e-03
2.231307e-03
2.249420e-03
2.266962e-03
2.283635e-03
2.298925e-03
2.312610e-03
2.325837e-03
2.335826e-03
2.343995e-03
2.351842e-03
2.358966e-03
2.359672e-03
2.352982e-03
2.338928e-03
2.320885e-03
2.300121e-03
2.279326e-03
2.258501e-03
2.238934e-03
2.219142e-03
2.199778e-03
2.179037e-03
2.157462e-03
2.134175e-03
2.111227e-03
2.089452e-03
2.072772e-03
2.063176e-03
2.063608e-03
2.071759e-03
2.083671e-03
2.095800e-03
2.107843e-03
2.115850e-03
2.122089e-03
2.127499e-03
2.133841e-03
2.143291e-03
2.159110e-03
2.175995e-03
2.180800e-03
2.155760e-03
2.084310e-03
1.953877e-03
1.773109e-03
1.560788e-03
1.338420e-03
1.120001e-03
9.116351e-04
7.087401e-04
5.072836e-04
3.023762e-04
9.055737e-05
-1.335343e-04
-3.705709e-04
-6.093103e-04
-8.213826e-04
-9.695234e-04
-1.014257e-03
-9.384264e-04
-7.609443e-04
-5.218768e-04
-2.555887e-04
1.430219e-05
2.754419e-04
5.220435e-04
7.596930e-04
9.983463e-04
1.246989e-03
1.506657e-03
1.775055e-03
2.040226e-03
2.277519e-03
2.448995e-03
2.520659e-03
2.477961e-03
2.338949e-03
2.133214e-03
1.894628e-03
1.649434e-03
1.415446e-03
1.197122e-03
9.903273e-04
7.825606e-04
5.665881e-04
3.397865e-04
1.077133e-04
-1.205322e-04
-3.299551e-04
-5.051386e-04
-6.237164e-04
-6.717902e-04
-6.525871e-04
-5.820835e-04
-4.764447e-04
-3.545325e-04
-2.375697e-04
-1.545858e-04
-1.322565e-04
-1.934645e-04
-3.438983e-04
-5.648403e-04
-8.215853e-04
-1.087042e-03
-1.344040e-03
-1.588738e-03
-1.824709e-03
-2.063202e-03
-2.315003e-03
-2.588495e-03
-2.881477e-03
-3.185249e-03
-3.475234e-03
-3.707929e-03
-3.818628e-03
-3.739968e-03
-3.431956e-03
-2.918967e-03
-2.256876e-03
-1.507295e-03
-7.258576e-04
2.812241e-05
6.872989e-04
1.169865e-03
1.398000e-03
1.334865e-03
1.027102e-03
5.650389e-04
4.224010e-05
-4.755965e-04
-9.533394e-04
-1.387531e-03
-1.802805e-03
-2.244556e-03
-2.756236e-03
-3.361281e-03
-4.038169e-03
-4.697385e-03
-5.158465e-03
-5.169348e-03
-4.471820e-03
-2.942703e-03
-7.186705e-04
1.873305e-03
4.418267e-03
6.479231e-03
7.688908e-03
7.883393e-03
7.213062e-03
5.988450e-03
4.518227e-03
3.021707e-03
1.611466e-03
3.096840e-04
-9.159247e-04
-2.122683e-03
-3.367986e-03
-4.689391e-03
-6.077467e-03
-7.461524e-03
-8.699256e-03
-9.601905e-03
-9.976378e-03
-9.722740e-03
-8.920412e-03
-7.745762e-03
-6.372229e-03
-4.931875e-03
-3.509771e-03
-2.175295e-03
-1.001038e-03
-7.517780e-05
5.130417e-04
7.268607e-04
6.398034e-04
3.730609e-04
2.982368e-05
-3.425951e-04
-7.618739e-04
-1.307774e-03
-2.082622e-03
-3.148455e-03
-4.460748e-03
-5.883544e-03
-7.214522e-03
-8.219855e-03
-8.681311e-03
-8.498287e-03
-7.764692e-03
-6.676421e-03
-5.419944e-03
-4.127912e-03
-2.862531e-03
-1.635559e-03
-4.301353e-04
7.655964e-04
1.939337e-03
3.038404e-03
3.978223e-03
4.663765e-03
5.046466e-03
5.168999e-03
5.127411e-03
5.012446e-03
4.887108e-03
4.770634e-03
4.645040e-03
4.462306e-03
4.169683e-03
3.735725e-03
3.182251e-03
2.565804e-03
1.956185e-03
1.415158e-03
9.803861e-04
6.484504e-04
3.952985e-04
1.891668e-04
6.402291e-07
-2.043535e-04
-4.725975e-04
-8.665848e-04
-1.446333e-03
-2.239305e-03
-3.208443e-03
-4.289564e-03
-5.417846e-03
-6.544465e-03
-7.643252e-03
-8.712680e-03
-9.772221e-03
-1.085472e-02
-1.198812e-02
-1.319042e-02
-1.443780e-02
-1.565213e-02
-1.668850e-02
-1.735188e-02
-1.744533e-02
-1.687767e-02
-1.574804e-02
-1.425136e-02
-1.256476e-02
-1.079812e-02
-8.994874e-03
-7.165799e-03
-5.331097e-03
-3.577908e-03
-2.087951e-03
-1.126960e-03
-9.745275e-04
-1.776952e-03
-3.407655e-03
-5.609318e-03
-8.144377e-03
-1.085183e-02
-1.363616e-02
-1.641347e-02
-1.904283e-02
-2.126519e-02
-2.270256e-02
-2.295093e-02
-2.179737e-02
-1.942673e-02
-1.623901e-02
-1.264540e-02
-8.972586e-03
-5.459406e-03
-2.280607e-03
4.153521e-04
2.505855e-03
3.963070e-03
4.930559e-03
5.621197e-03
6.215718e-03
6.807835e-03
7.396420e-03
7.898953e-03
8.184927e-03
8.126710e-03
7.679521e-03
6.935442e-03
6.044638e-03
5.110704e-03
4.130301e-03
2.969355e-03
1.393434e-03
-8.414646e-04
-3.831719e-03
-7.316800e-03
-1.056852e-02
-1.267384e-02
-1.301718e-02
-1.164551e-02
-9.049722e-03
-5.885096e-03
-2.823748e-03
-4.790896e-04
6.711730e-04
4.254232e-04
-1.024085e-03
-3.290765e-03
-5.985850e-03
-8.787385e-03
-1.142232e-02
-1.362055e-02
-1.509291e-02
-1.558317e-02
-1.503154e-02
-1.374285e-02
-1.229824e-02
-1.140544e-02
-1.175260e-02
-1.376278e-02
-1.737805e-02
-2.225920e-02
-2.796042e-02
-3.395367e-02
-3.958001e-02
-4.409825e-02
-4.683750e-02
-4.749379e-02
-4.638611e-02
-4.414242e-02
-4.136959e-02
-3.850493e-02
-3.578023e-02
-3.326353e-02
-3.091564e-02
-2.866093e-02
-2.641817e-02
-2.413444e-02
-2.178561e-02
-1.937892e-02
-1.694115e-02
-1.452641e-02
-1.220456e-02
-1.006682e-02
-8.206202e-03
-6.735333e-03
-5.768987e-03
-5.356717e-03
-5.408746e-03
-5.766723e-03
-6.275560e-03
-6.818184e-03
-7.310652e-03
-7.688476e-03
-7.892952e-03
-7.886187e-03
-7.675055e-03
-7.340882e-03
-7.009724e-03
-6.816081e-03
-6.858240e-03
-7.152909e-03
-7.583230e-03
-7.917895e-03
-7.846832e-03
-7.060751e-03
-5.389481e-03
-2.925016e-03
1.058231e-04
3.472011e-03
6.993390e-03
1.052068e-02
1.389156e-02
1.687637e-02
1.918722e-02
2.053305e-02
2.078890e-02
2.013876e-02
1.890361e-02
1.734649e-02
1.557636e-02
1.354923e-02
1.112902e-02
8.211011e-03
4.845618e-03
1.173997e-03
-2.646820e-03
-6.494275e-03
-1.029691e-02
-1.404304e-02
-1.776918e-02
-2.154732e-02
-2.545654e-02
-2.953768e-02
-3.373887e-02
-3.785904e-02
-4.151740e-02
-4.419059e-02
-4.534168e-02
-4.470690e-02
-4.254712e-02
-3.939735e-02
-3.578347e-02
-3.208764e-02
-2.850883e-02
-2.510202e-02
-2.181509e-02
-1.855924e-02
-1.524933e-02
-1.185251e-02
-8.411727e-03
-5.074995e-03
-2.081870e-03
2.598128e-04
1.685353e-03
2.060377e-03
1.279128e-03
-7.986707e-04
-4.215351e-03
-8.753607e-03
-1.407057e-02
-1.982969e-02
-2.570382e-02
-3.133593e-02
-3.626816e-02
-3.994441e-02
-4.180962e-02
-4.161194e-02
-3.967826e-02
-3.660147e-02
-3.291040e-02
-2.893159e-02
-2.477560e-02
-2.043476e-02
-1.590376e-02
-1.118495e-02
-6.287301e-03
-1.249301e-03
3.847050e-03
8.843233e-03
1.349741e-02
1.751430e-02
2.063133e-02
2.278025e-02
2.421342e-02
2.527934e-02
2.618107e-02
2.682001e-02
2.674993e-02
2.528994e-02
2.185782e-02
1.650283e-02
1.024579e-02
4.288317e-03
-7.939530e-04
-4.976215e-03
-8.477869e-03
-1.153671e-02
-1.425888e-02
-1.658895e-02
-1.837217e-02
-1.952218e-02
-2.017024e-02
-2.062235e-02
-2.124845e-02
-2.239951e-02
-2.427159e-02
-2.680170e-02
-2.975188e-02
-3.280798e-02
-3.563301e-02
-3.789412e-02
-3.924330e-02
-3.934842e-02
-3.807453e-02
-3.565165e-02
-3.247086e-02
-2.889200e-02
-2.516978e-02
-2.146790e-02
-1.791185e-02
-1.465196e-02
-1.188891e-02
-9.843268e-03
-8.621359e-03
-8.088296e-03
-7.921291e-03
-7.701684e-03
-6.973382e-03
-5.330583e-03
-2.563116e-03
1.192517e-03
5.564277e-03
1.005854e-02
1.412567e-02
1.721862e-02
1.888774e-02
1.882173e-02
1.703177e-02
1.404373e-02
1.071880e-02
8.009384e-03
6.753529e-03
7.389003e-03
9.731942e-03
1.319861e-02
1.706664e-02
2.058964e-02
2.307484e-02
2.396085e-02
2.303882e-02
2.062084e-02
1.727287e-02
1.352888e-02
9.768383e-03
6.181618e-03
2.797682e-03
-4.668708e-04
-3.741229e-03
-7.147108e-03
-1.074195e-02
-1.447998e-02
-1.816105e-02
-2.141618e-02
-2.373735e-02
-2.460347e-02
-2.375346e-02
-2.143162e-02
-1.813166e-02
-1.432374e-02
-1.034071e-02
-6.365668e-03
-2.486786e-03
1.207905e-03
4.565243e-03
7.339702e-03
9.253827e-03
1.016142e-02
1.019651e-02
9.643016e-03
8.786341e-03
7.855039e-03
7.009035e-03
6.349919e-03
5.937491e-03
5.784261e-03
5.839993e-03
5.937696e-03
5.784465e-03
5.119383e-03
3.883590e-03
2.187554e-03
2.326446e-04
-1.744854e-03
-3.500135e-03
-4.807385e-03
-5.493497e-03
-5.529223e-03
-5.086562e-03
-4.408033e-03
-3.645983e-03
-2.779621e-03
-1.579842e-03
3.408428e-04
3.393967e-03
7.744437e-03
1.308382e-02
1.876280e-02
2.401490e-02
2.812694e-02
3.069907e-02
3.180114e-02
3.172246e-02
3.069557e-02
2.882248e-02
2.615858e-02
2.285263e-02
1.903276e-02
1.470476e-02
9.764706e-03
4.118900e-03
-2.169541e-03
-8.853141e-03
-1.550082e-02
-2.149187e-02
-2.608778e-02
-2.861980e-02
-2.888175e-02
-2.745283e-02
-2.539375e-02
-2.381663e-02
-2.355255e-02
-2.481053e-02
-2.698846e-02
-2.903740e-02
-2.997133e-02
-2.936134e-02
-2.765533e-02
-2.582120e-02
-2.482712e-02
-2.514609e-02
-2.643102e-02
-2.782097e-02
-2.842595e-02
-2.778801e-02
-2.620298e-02
-2.442874e-02
-2.324972e-02
-2.304559e-02
-2.353356e-02
-2.406042e-02
-2.406842e-02
-2.338635e-02
-2.208336e-02
-2.022418e-02
-1.774521e-02
-1.444209e-02
-1.017409e-02
-5.193544e-03
-3.661744e-04
3.184863e-03
4.685698e-03
4.162524e-03
2.130415e-03
-8.060232e-04
-4.139661e-03
-7.490999e-03
-1.057510e-02
-1.313997e-02
-1.494099e-02
-1.573286e-02
-1.519587e-02
-1.299379e-02
-9.047380e-03
-3.832896e-03
1.706470e-03
6.347903e-03
8.805001e-03
8.086599e-03
4.113113e-03
-1.838427e-03
-7.884730e-03
-1.255358e-02
-1.540550e-02
-1.673940e-02
-1.711233e-02
-1.703018e-02
-1.678910e-02
-1.647996e-02
-1.617491e-02
-1.614572e-02
-1.702960e-02
-1.981550e-02
-2.550236e-02
-3.441315e-02
-4.561695e-02
-5.744690e-02
-6.822085e-02
-7.687471e-02
-8.337069e-02
-8.830377e-02
-9.242577e-02
-9.633549e-02
-1.003375e-01
-1.044174e-01
-1.082876e-01
-1.114974e-01
-1.135075e-01
-1.138180e-01
-1.122381e-01
-1.091174e-01
-1.049176e-01
-9.978033e-02
-9.338164e-02
-8.499529e-02
-7.386661e-02
-5.988342e-02
-4.409864e-02
-2.811119e-02
-1.317349e-02
3.693229e-04
1.284772e-02
2.486414e-02
3.696691e-02
4.941058e-02
6.197640e-02
7.396172e-02
8.448860e-02
9.302212e-02
9.976404e-02
1.053644e-01
1.104944e-01
1.156750e-01
1.211250e-01
1.268252e-01
1.326751e-01
1.385757e-01
1.444957e-01
1.505262e-01
1.568262e-01
1.635278e-01
1.705878e-01
1.776270e-01
1.837772e-01
1.876874e-01
1.878076e-01
1.829475e-01
1.730779e-01
1.591583e-01
1.430786e-01
1.276784e-01
1.158087e-01
1.090086e-01
1.065589e-01
1.063689e-01
1.060791e-01
1.039795e-01
9.943786e-02
9.249659e-02
8.341595e-02
7.245798e-02
6.000633e-02
4.679223e-02
3.373856e-02
2.173856e-02
1.143072e-02
3.004195e-03
-3.629502e-03
-8.754671e-03
-1.287998e-02
-1.655297e-02
-2.020785e-02
-2.410995e-02
-2.833278e-02
-3.274860e-02
-3.707051e-02
-4.089545e-02
-4.379242e-02
-4.534530e-02
-4.490035e-02
-4.147335e-02
-3.407542e-02
-2.231220e-02
-6.820896e-03
1.011797e-02
2.435208e-02
3.150745e-02
2.952263e-02
2.083596e-02
1.149899e-02
7.332182e-03
1.016707e-02
1.714228e-02
2.320235e-02
2.438867e-02
2.009676e-02
1.226502e-02
3.765671e-03
-2.942756e-03
-6.700338e-03
-7.209908e-03
-4.438840e-03
1.629938e-03
1.077717e-02
2.221253e-02
3.491649e-02
4.800871e-02
6.084263e-02
7.300698e-02
8.427895e-02
9.466026e-02
1.043852e-01
1.137458e-01
1.228459e-01
1.316060e-01
1.397060e-01
1.467365e-01
1.523867e-01
1.563869e-01
1.586471e-01
1.593180e-01
1.586182e-01
1.566979e-01
1.536483e-01
1.496685e-01
1.448588e-01
1.390889e-01
1.319693e-01
1.231197e-01
1.123402e-01
9.943700e-02
8.411749e-02
6.624959e-02
4.618102e-02
2.453092e-02
1.997817e-03
-2.060294e-02
-4.219987e-02
-6.139488e-02
-7.659484e-02
-8.657908e-02
-9.109419e-02
-9.038224e-02
-8.492639e-02
-7.562260e-02
-6.345280e-02
-4.938855e-02
-3.455975e-02
-2.004752e-02
-6.647700e-03
5.373953e-03
1.642538e-02
2.729379e-02
3.876562e-02
5.130884e-02
6.488868e-02
7.920209e-02
9.395394e-02
1.090113e-01
1.244012e-01
1.402319e-01
1.564019e-01
1.723821e-01
1.870222e-01
1.985530e-01
2.050232e-01
2.051839e-01
1.995341e-01
1.902159e-01
1.804861e-01
1.731447e-01
1.692149e-01
1.684048e-01
1.700350e-01
1.735048e-01
1.783549e-01
1.840853e-01
1.898655e-01
1.947752e-01
1.983354e-01
2.007056e-01
2.024059e-01
2.039359e-01
2.054662e-01
2.067169e-01
2.069173e-01
2.049666e-01
1.998470e-01
1.912371e-01
1.800676e-01
1.678974e-01
1.561079e-01
1.453680e-01
1.353185e-01
1.243981e-01
1.103086e-01
9.237654e-02
7.352792e-02
5.932761e-02
5.573175e-02
6.601772e-02
8.806396e-02
1.149385e-01
1.369889e-01
1.463491e-01
1.416597e-01
1.282196e-01
1.134201e-01
1.020901e-01
9.510653e-02
9.106314e-02
8.838361e-02
8.594054e-02
8.311704e-02
7.965184e-02
7.536337e-02
6.987145e-02
6.246598e-02
5.222063e-02
3.853426e-02
2.167305e-02
2.391612e-03
-1.847358e-02
-4.003307e-02
-6.119157e-02
-8.045123e-02
-9.591750e-02
-1.056673e-01
-1.087478e-01
-1.061177e-01
-1.001080e-01
-9.356883e-02
-8.875352e-02
-8.650128e-02
-8.660978e-02
-8.839760e-02
-9.100869e-02
-9.351751e-02
-9.489449e-02
-9.400443e-02
-8.973373e-02
-8.147871e-02
-6.960656e-02
-5.495655e-02
-3.837257e-02
-2.070951e-02
-3.097557e-03
1.270283e-02
2.420613e-02
2.892445e-02
2.541756e-02
1.382099e-02
-3.791563e-03
-2.424668e-02
-4.413475e-02
-6.031860e-02
-7.080399e-02
-7.538299e-02
-7.489904e-02
-7.057307e-02
-6.381321e-02
-5.583427e-02
-4.751728e-02
-3.950429e-02
-3.208038e-02
-2.509141e-02
-1.776422e-02
-9.347751e-03
-9.729162e-04
5.874509e-03
1.137100e-02
1.627595e-02
2.083410e-02
2.543700e-02
2.934308e-02
3.092793e-02
3.372898e-02
4.620664e-02
7.361054e-02
1.125433e-01
1.523442e-01
1.814045e-01
1.937345e-01
1.909649e-01
1.799653e-01
1.683255e-01
1.608656e-01
1.590857e-01
1.618060e-01
1.663663e-01
1.700360e-01
1.710662e-01
1.693666e-01
1.660468e-01
1.627969e-01
1.612470e-01
1.623782e-01
1.660484e-01
1.715271e-01
1.779774e-01
1.847771e-01
1.916674e-01
1.986071e-01
2.056475e-01
2.127077e-01
2.193182e-01
2.245776e-01
2.271781e-01
2.258082e-01
2.199289e-01
2.103985e-01
1.986093e-01
1.854896e-01
1.711403e-01
1.555294e-01
1.392801e-01
1.235696e-01
1.095805e-01
9.814572e-02
8.981848e-02
8.479612e-02
8.253087e-02
8.130520e-02
7.785324e-02
6.741487e-02
4.532918e-02
9.140779e-03
-4.029905e-02
-9.816936e-02
-1.573477e-01
-2.104481e-01
-2.516577e-01
-2.781988e-01
-2.901686e-01
-2.902093e-01
-2.818592e-01
-2.684705e-01
-2.525902e-01
-2.361103e-01
-2.209699e-01
-2.105904e-01
-2.100098e-01
-2.221900e-01
-2.435095e-01
-2.641110e-01
-2.746009e-01
-2.724506e-01
-2.616606e-01
-2.481012e-01
-2.356610e-01
-2.258010e-01
-2.184708e-01
-2.129316e-01
-2.086413e-01
-2.057012e-01
-2.047008e-01
-2.060814e-01
-2.095311e-01
-2.144014e-01
-2.200412e-01
-2.255028e-01
-2.295428e-01
-2.317918e-01
-2.323217e-01
-2.306420e-01
-2.255820e-01
-2.167019e-01
-2.056620e-01
-1.952823e-01
-1.878223e-01
-1.837819e-01
-1.815919e-01
-1.779321e-01
-1.700923e-01
-1.598523e-01
-1.506322e-01
-1.426728e-01
-1.349927e-01
-1.288824e-01
-1.282522e-01
-1.349922e-01
-1.449222e-01
-1.507422e-01
-1.469123e-01
-1.347027e-01
-1.240925e-01
-1.237822e-01
-1.317020e-01
-1.398324e-01
-1.443522e-01
-1.471425e-01
-1.495823e-01
-1.505333e-01
-1.504332e-01
-1.518227e-01
-1.554725e-01
-1.591027e-01
-1.602627e-01
-1.602927e-01
-1.626827e-01
-1.683431e-01
-1.751031e-01
-1.813029e-01
-1.870929e-01
-1.922533e-01
-1.960534e-01
-1.977236e-01
-1.960637e-01
-1.910047e-01
-1.849147e-01
-1.802443e-01
-1.766942e-01
-1.714645e-01
-1.638944e-01
-1.593344e-01
-1.639340e-01
-1.744047e-01
-1.796546e-01
-1.754947e-01
-1.715743e-01
-1.814848e-01
-2.102743e-01
-2.513651e-01
-2.933450e-01
-3.256590e-01
-3.349697e-01
-3.085269e-01
-2.520575e-01
-1.951968e-01
-1.709468e-01
-1.898760e-01
-2.356460e-01
-2.819765e-01
-3.104670e-01
-3.159264e-01
-3.012470e-01
-2.724872e-01
-2.389577e-01
-2.103072e-01
-1.918274e-01
-1.842376e-01
-1.852877e-01
-1.921168e-01
-2.029869e-01
-2.178369e-01
-2.377570e-01
-2.627567e-01
-2.875169e-01
-3.035578e-01
-3.070782e-01
-3.020077e-01
-2.952381e-01
-2.898285e-01
-2.841389e-01
-2.762288e-01
-2.676292e-01
-2.606504e-01
-2.547808e-01
-2.466395e-01
-2.337201e-01
-2.176298e-01
-2.025603e-01
-1.922598e-01
-1.876902e-01
-1.869304e-01
-1.860909e-01
-1.816303e-01
-1.725109e-01
-1.598308e-01
-1.459814e-01
-1.338709e-01
-1.257214e-01
-1.220014e-01
-1.220719e-01
-1.259911e-01
-1.351717e-01
-1.495314e-01
-1.643322e-01
-1.709720e-01
-1.619330e-01
-1.357332e-01
-9.650621e-02
-5.056956e-02
-4.221167e-03
3.666936e-02
6.760906e-02
8.661179e-02
9.426661e-02
9.354273e-02
8.797153e-02
8.014246e-02
7.125029e-02
6.135353e-02
5.012841e-02
3.760554e-02
2.408845e-02
9.869951e-03
-4.952114e-03
-2.053847e-02
-3.717258e-02
-5.496363e-02
-7.358075e-02
-9.237182e-02
-1.105730e-01
-1.275336e-01
-1.428739e-01
-1.564435e-01
-1.682038e-01
-1.784940e-01
-1.881344e-01
-1.979943e-01
-2.085148e-01
-2.193452e-01
-2.295357e-01
-2.378954e-01
-2.435460e-01
-2.463164e-01
-2.464071e-01
-2.439871e-01
-2.391980e-01
-2.317789e-01
-2.212698e-01
-2.072186e-01
-1.892697e-01
-1.672993e-01
-1.421002e-01
-1.157896e-01
-9.180347e-02
-7.305105e-02
-6.010879e-02
-5.203506e-02
-4.753484e-02
-4.539735e-02
-4.419514e-02
-4.192372e-02
-3.681267e-02
-2.850228e-02
-1.875416e-02
-1.033058e-02
-5.649202e-03
-5.708092e-03
-8.082710e-03
-8.246090e-03
-2.966362e-03
9.863235e-03
3.229752e-02
6.660181e-02
1.120446e-01
1.620255e-01
2.078348e-01
2.428961e-01
2.620058e-01
2.613486e-01
2.423984e-01
2.125571e-01
1.818367e-01
1.598466e-01
1.522060e-01
1.571258e-01
1.690952e-01
1.831957e-01
1.950051e-01
2.005050e-01
1.998646e-01
1.976049e-01
1.981443e-01
2.020543e-01
2.078237e-01
2.152047e-01
2.282640e-01
2.514835e-01
2.801230e-01
3.030534e-01
3.144032e-01
3.146033e-01
3.059531e-01
2.932740e-01
2.846036e-01
2.841331e-01
2.852030e-01
2.794533e-01
2.686531e-01
2.582431e-01
2.481828e-01
2.390738e-01
2.355034e-01
2.379023e-01
2.415919e-01
2.455018e-01
2.544514e-01
2.710312e-01
2.901708e-01
3.026317e-01
3.016115e-01
2.894709e-01
2.760308e-01
2.673209e-01
2.630306e-01
2.649503e-01
2.750699e-01
2.883209e-01
2.978708e-01
3.006097e-01
2.991896e-01
3.054596e-01
3.314392e-01
3.693291e-01
3.904697e-01
3.755508e-01
3.358113e-01
2.973804e-01
2.737905e-01
2.574305e-01
2.320108e-01
1.939303e-01
1.604601e-01
1.516701e-01
1.687598e-01
1.917085e-01
2.000185e-01
1.943482e-01
1.892682e-01
1.912375e-01
1.945275e-01
1.937776e-01
1.906175e-01
1.895267e-01
1.922968e-01
1.970065e-01
2.015065e-01
2.063661e-01
2.127560e-01
2.197365e-01
2.246966e-01
2.251156e-01
2.206659e-01
2.128756e-01
2.041858e-01
1.972251e-01
1.941354e-01
1.957852e-01
2.011254e-01
2.075147e-01
2.114450e-01
2.090749e-01
1.980255e-01
1.811149e-01
1.658853e-01
1.588054e-01
1.598956e-01
1.633343e-01
1.622250e-01
1.526745e-01
1.342551e-01
1.107744e-01
8.819397e-02
6.903835e-02
5.016696e-02
2.685509e-02
-2.563816e-03
-3.625413e-02
-6.949980e-02
-9.621892e-02
-1.123268e-01
-1.177982e-01
-1.172781e-01
-1.177785e-01
-1.252881e-01
-1.423389e-01
-1.678885e-01
-1.974493e-01
-2.238993e-01
-2.407610e-01
-2.446215e-01
-2.345421e-01
-2.095527e-01
-1.717437e-01
-1.300938e-01
-9.674904e-02
-8.187251e-02
-9.073838e-02
-1.209940e-01
-1.627836e-01
-2.046333e-01
-2.396639e-01
-2.627141e-01
-2.685244e-01
-2.580046e-01
-2.382057e-01
-2.204157e-01
-2.175353e-01
-2.342453e-01
-2.601059e-01
-2.782660e-01
-2.810565e-01
-2.734868e-01
-2.661280e-01
-2.652080e-01
-2.684676e-01
-2.714177e-01
-2.741682e-01
-2.799484e-01
-2.897985e-01
-3.008287e-01
-3.088098e-01
-3.111302e-01
-3.064100e-01
-2.951903e-01
-2.849608e-01
-2.872209e-01
-3.044010e-01
-3.252615e-01
-3.390533e-01
-3.470339e-01
-3.569324e-01
-3.715631e-01
-3.849834e-01
-3.880144e-01
-3.752644e-01
-3.469854e-01
-3.080360e-01
-2.678969e-01
-2.361260e-01
-2.153366e-01
-2.033263e-01
-2.009371e-01
-2.084766e-01
-2.174575e-01
-2.190280e-01
-2.180690e-01
-2.252881e-01
-2.361493e-01
-2.310896e-01
-1.958715e-01
-1.301212e-01
-4.401792e-02
4.506003e-02
1.200074e-01
1.712585e-01
1.972882e-01
2.017897e-01
1.913695e-01
1.727803e-01
1.525697e-01
1.405608e-01
1.456900e-01
1.658695e-01
1.854590e-01
1.872297e-01
1.693094e-01
1.458094e-01
1.312489e-01
1.284192e-01
1.302186e-01
1.300286e-01
1.278080e-01
1.266283e-01
1.275677e-01
1.291478e-01
1.302073e-01
1.327379e-01
1.405372e-01
1.543469e-01
1.701465e-01
1.812369e-01
1.812767e-01
1.673369e-01
1.411767e-01
1.104568e-01
8.907202e-02
9.153839e-02
1.225844e-01
1.715645e-01
2.178542e-01
2.412249e-01
2.337849e-01
2.090162e-01
1.886056e-01
1.785347e-01
1.746639e-01
1.826938e-01
2.114428e-01
2.560128e-01
3.023721e-01
3.391933e-01
3.610632e-01
3.772526e-01
4.139822e-01
4.850131e-01
5.533042e-01
5.468858e-01
4.325883e-01
2.494794e-01
7.620071e-02
-3.560463e-02
-8.030744e-02
-6.995147e-02
-1.357355e-02
8.226843e-02
2.093778e-01
3.553991e-01
4.895498e-01
5.560711e-01
5.183132e-01
4.093547e-01
3.182642e-01
3.006634e-01
3.350128e-01
3.723055e-01
3.927059e-01
3.961933e-01
3.794839e-01
3.473533e-01
3.135537e-01
2.890727e-01
2.802227e-01
2.870625e-01
3.025627e-01
3.186316e-01
3.291222e-01
3.302221e-01
3.229328e-01
3.075723e-01
2.849229e-01
2.643930e-01
2.555835e-01
2.582620e-01
2.665626e-01
2.752521e-01
2.800531e-01
2.765226e-01
2.592038e-01
2.214940e-01
1.613655e-01
8.637644e-02
7.944726e-03
-6.370495e-02
-1.218154e-01
-1.673269e-01
-2.058867e-01
-2.397491e-01
-2.658591e-01
-2.815392e-01
-2.871393e-01
-2.849804e-01
-2.783304e-01
-2.711109e-01
-2.680409e-01
-2.738020e-01
-2.890020e-01
-3.058322e-01
-3.096027e-01
-2.898437e-01
-2.515441e-01
-2.137142e-01
-1.957939e-01
-2.041845e-01
-2.285944e-01
-2.486842e-01
-2.519344e-01
-2.456149e-01
-2.445449e-01
-2.531750e-01
-2.677750e-01
-2.872758e-01
-3.104262e-01
-3.306262e-01
-3.392570e-01
-3.319479e-01
-3.136287e-01
-2.941190e-01
-2.762697e-01
-2.568111e-01
-2.362817e-01
-2.208099e-01
-2.196602e-01
-2.412996e-01
-2.880102e-01
-3.510400e-01
-4.075414e-01
-4.266134e-01
-3.840263e-01
-2.735462e-01
-1.130888e-01
5.968815e-02
2.076614e-01
3.127334e-01
3.758236e-01
4.065570e-01
4.151673e-01
4.101873e-01
3.977777e-01
3.808987e-01
3.598889e-01
3.347092e-01
3.070894e-01
2.801802e-01
2.572701e-01
2.401796e-01
2.280296e-01
2.183298e-01
2.088797e-01
1.996497e-01
1.919396e-01
1.867703e-01
1.844901e-01
1.845892e-01
1.857391e-01
1.877090e-01
1.922189e-01
1.995986e-01
2.079186e-01
2.135391e-01
2.122092e-01
2.007389e-01
1.777490e-01
1.510788e-01
1.415481e-01
1.647174e-01
2.103770e-01
2.533781e-01
2.759285e-01
2.735982e-01
2.589082e-01
2.531783e-01
2.631082e-01
2.767681e-01
2.872480e-01
3.021288e-01
3.263888e-01
3.510288e-01
3.653991e-01
3.673803e-01
3.586609e-01
3.438916e-01
3.300219e-01
3.212054e-01
3.128957e-01
2.977716e-01
2.788120e-01
2.658308e-01
2.653011e-01
2.774198e-01
2.998201e-01
3.294901e-01
3.616707e-01
3.888993e-01
4.034600e-01
4.008999e-01
3.823409e-01
3.547800e-01
3.285009e-01
3.124210e-01
3.088220e-01
3.106201e-01
3.075413e-01
2.925207e-01
2.605923e-01
2.072911e-01
1.311229e-01
3.741776e-02
-6.164296e-02
-1.519583e-01
-2.226974e-01
-2.689393e-01
-2.915287e-01
-2.950700e-01
-2.866895e-01
-2.746418e-01
-2.653512e-01
-2.619707e-01
-2.661900e-01
-2.780910e-01
-2.950202e-01
-3.125607e-01
-3.270402e-01
-3.353217e-01
-3.348913e-01
-3.272913e-01
-3.176410e-01
-3.097119e-01
-3.045816e-01
-3.037818e-01
-3.065615e-01
-3.060232e-01
-2.960229e-01
-2.785924e-01
-2.591423e-01
-2.368127e-01
-2.085123e-01
-1.844722e-01
-1.859814e-01
-2.238320e-01
-2.832814e-01
-3.333316e-01
-3.558915e-01
-3.586226e-01
-3.582523e-01
-3.655129e-01
-3.862525e-01
-4.239154e-01
-4.712854e-01
-5.048136e-01
-5.054539e-01
-4.781642e-01
-4.385945e-01
-3.956241e-01
-3.515045e-01
-3.081149e-01
-2.658753e-01
-2.210144e-01
-1.695146e-01
-1.205542e-01
-9.676187e-02
-1.131733e-01
-1.603527e-01
-2.109535e-01
-2.462636e-01
-2.680230e-01
-2.795129e-01
-2.729134e-01
-2.482234e-01
-2.313629e-01
-2.548723e-01
-3.237527e-01
-4.060328e-01
-4.604726e-01
-4.752031e-01
-4.695240e-01
-4.622546e-01
-4.527246e-01
-4.350253e-01
-4.175369e-01
-4.162574e-01
-4.345551e-01
-4.598759e-01
-4.739859e-01
-4.665772e-01
-4.401867e-01
-3.988883e-01
-3.370586e-01
-2.408707e-01
-1.026295e-01
6.172083e-02
2.158109e-01
3.271704e-01
3.853324e-01
4.000226e-01
3.892454e-01
3.696953e-01
3.529050e-01
3.445548e-01
3.446857e-01
3.489557e-01
3.514261e-01
3.477762e-01
3.373276e-01
3.223378e-01
3.065074e-01
2.937275e-01
2.865882e-01
2.852183e-01
2.877486e-01
2.912889e-01
2.926011e-01
2.888815e-01
2.788795e-01
2.640800e-01
2.493796e-01
2.394900e-01
2.339995e-01
2.278801e-01
2.171802e-01
2.038208e-01
1.936600e-01
1.904805e-01
1.930104e-01
1.964211e-01
1.948508e-01
1.839916e-01
1.637819e-01
1.390427e-01
1.156718e-01
9.622771e-02
7.808729e-02
5.544833e-02
2.293984e-02
-2.101901e-02
-7.372973e-02
-1.299059e-01
-1.833564e-01
-2.283957e-01
-2.612570e-01
-2.817164e-01
-2.930572e-01
-2.998469e-01
-3.058588e-01
-3.130385e-01
-3.217175e-01
-3.312272e-01
-3.405275e-01
-3.482672e-01
-3.528573e-01
-3.527172e-01
-3.470081e-01
-3.363982e-01
-3.230575e-01
-3.102875e-01
-3.008077e-01
-2.953876e-01
-2.934772e-01
-2.942472e-01
-2.971282e-01
-3.018981e-01
-3.083671e-01
-3.159670e-01
-3.237871e-01
-3.308969e-01
-3.364869e-01
-3.401768e-01
-3.422076e-01
-3.431377e-01
-3.433869e-01
-3.431171e-01
-3.421675e-01
-3.402376e-01
-3.371376e-01
-3.330279e-01
-3.282896e-01
-3.232897e-01
-3.182276e-01
-3.126078e-01
-3.051074e-01
-2.947677e-01
-2.820269e-01
-2.679871e-01
-2.531172e-01
-2.374273e-01
-2.236862e-01
-2.184263e-01
-2.276458e-01
-2.519956e-01
-2.863752e-01
-3.228553e-01
-3.539163e-01
-3.765369e-01
-3.942254e-01
-4.109260e-01
-4.250461e-01
-4.314270e-01
-4.256163e-01
-4.056177e-01
-3.705082e-01
-3.200794e-01
-2.576280e-01
-1.928592e-01
-1.381780e-01
-9.975182e-02
-7.482947e-02
-5.702322e-02
-4.135724e-02
-2.498800e-02
-6.159516e-03
1.665225e-02
4.416040e-02
7.543649e-02
1.085235e-01
1.411228e-01
1.710944e-01
1.968038e-01
2.175946e-01
2.340442e-01
2.472155e-01
2.578952e-01
2.664662e-01
2.730758e-01
2.777278e-01
2.804276e-01
2.815475e-01
2.816973e-01
2.815884e-01
2.819281e-01
2.833687e-01
2.863186e-01
2.906899e-01
2.956199e-01
2.991800e-01
2.985801e-01
2.923013e-01
2.818713e-01
2.705621e-01
2.613121e-01
2.553346e-01
2.525745e-01
2.525328e-01
2.547028e-01
2.586229e-01
2.636029e-01
2.680928e-01
2.694329e-01
2.657436e-01
2.577038e-01
2.476235e-01
2.380436e-01
2.304840e-01
2.251241e-01
2.230941e-01
2.280640e-01
2.439251e-01
2.708850e-01
3.034945e-01
3.323947e-01
3.476555e-01
3.433761e-01
3.208262e-01
2.875568e-01
2.531174e-01
2.247175e-01
2.048571e-01
1.926574e-01
1.861475e-01
1.835478e-01
1.838078e-01
1.862880e-01
1.901290e-01
1.941992e-01
1.971885e-01
1.978288e-01
1.957389e-01
1.925891e-01
1.924390e-01
1.992791e-01
2.137197e-01
2.318899e-01
2.485897e-01
2.609999e-01
2.695504e-01
2.760209e-01
2.814510e-01
2.857915e-01
2.884027e-01
2.885333e-01
2.852725e-01
2.775732e-01
2.649035e-01
2.478844e-01
2.278141e-01
2.061249e-01
1.842151e-01
1.633559e-01
1.445754e-01
1.284860e-01
1.150459e-01
1.037565e-01
9.375929e-02
8.377501e-02
7.251310e-02
5.916287e-02
4.373125e-02
2.672301e-02
8.742167e-03
-9.657492e-03
-2.800986e-02
-4.592416e-02
-6.307860e-02
-7.925088e-02
-9.437905e-02
-1.084904e-01
-1.216909e-01
-1.342702e-01
-1.466704e-01
-1.593999e-01
-1.730207e-01
-1.880402e-01
-2.046498e-01
-2.224192e-01
-2.400597e-01
-2.559992e-01
-2.692393e-01
-2.799290e-01
-2.887998e-01
-2.964497e-01
-3.029792e-01
-3.078491e-01
-3.101295e-01
-3.090698e-01
-3.046696e-01
-2.973697e-01
-2.876111e-01
-2.758611e-01
-2.625297e-01
-2.480898e-01
-2.332794e-01
-2.187797e-01
-2.048790e-01
-1.912693e-01
-1.774392e-01
-1.631695e-01
-1.489285e-01
-1.359086e-01
-1.256982e-01
-1.196683e-01
-1.184278e-01
-1.227778e-01
-1.334777e-01
-1.488780e-01
-1.672770e-01
-1.879176e-01
-2.039175e-01
-2.005987e-01
-1.639985e-01
-9.238995e-02
-1.140551e-03
8.709422e-02
1.574914e-01
2.070214e-01
2.394631e-01
2.603331e-01
2.747944e-01
2.871046e-01
3.000676e-01
3.148477e-01
3.313763e-01
3.488165e-01
3.658771e-01
3.810473e-01
3.926975e-01
3.993579e-01
4.000492e-01
3.937998e-01
3.797094e-01
3.577101e-01
3.291607e-01
2.974514e-01
2.670112e-01
2.420817e-01
2.252923e-01
2.162526e-01
2.120118e-01
2.102722e-01
2.116222e-01
2.177826e-01
2.285324e-01
2.408228e-01
2.511935e-01
2.582740e-01
2.621137e-01
2.629242e-01
2.611547e-01
2.597252e-01
2.627052e-01
2.709156e-01
2.817870e-01
2.972075e-01
3.260063e-01
3.747866e-01
4.409371e-01
5.112682e-01
5.631387e-01
5.699612e-01
5.106533e-01
3.816362e-01
2.065552e-01
3.028504e-02
-1.074847e-01
-1.923142e-01
-2.313259e-01
-2.397255e-01
-2.334575e-01
-2.263466e-01
-2.277065e-01
-2.410556e-01
-2.641763e-01
-2.917254e-01
-3.179359e-01
-3.386753e-01
-3.525268e-01
-3.604365e-01
-3.647464e-01
-3.679560e-01
-3.716270e-01
-3.758367e-01
-3.794072e-01
-3.805671e-01
-3.776496e-01
-3.691096e-01
-3.539575e-01
-3.323677e-01
-3.060474e-01
-2.782475e-01
-2.517268e-01
-2.272368e-01
-2.045267e-01
-1.839965e-01
-1.672156e-01
-1.568054e-01
-1.550449e-01
-1.610146e-01
-1.722041e-01
-1.890738e-01
-2.129442e-01
-2.415441e-01
-2.726632e-01
-3.071232e-01
-3.419434e-01
-3.652240e-01
-3.675339e-01
-3.527748e-01
-3.294454e-01
-3.004564e-01
-2.654554e-01
-2.253965e-01
-1.803861e-01
-1.276874e-01
-6.471243e-02
6.860305e-03
8.096027e-02
1.506640e-01
2.119349e-01
2.643247e-01
3.079263e-01
3.409964e-01
3.612576e-01
3.689779e-01
3.685498e-01
3.661600e-01
3.650302e-01
3.645105e-01
3.626716e-01
3.576420e-01
3.484025e-01
3.358730e-01
3.227846e-01
3.117549e-01
3.046942e-01
3.027945e-01
3.060649e-01
3.128254e-01
3.197455e-01
3.226961e-01
3.198273e-01
3.140377e-01
3.109375e-01
3.140679e-01
3.209987e-01
3.247595e-01
3.205501e-01
3.108609e-01
3.013037e-01
2.954443e-01
2.963016e-01
3.079921e-01
3.330215e-01
3.685624e-01
4.053218e-01
4.281031e-01
4.202440e-01
3.720657e-01
2.869046e-01
1.819364e-01
8.197658e-02
6.668531e-03
-3.818139e-02
-5.830646e-02
-6.426254e-02
-6.629751e-02
-7.207691e-02
-8.598879e-02
-1.089734e-01
-1.387422e-01
-1.713328e-01
-2.026417e-01
-2.298929e-01
-2.524021e-01
-2.707122e-01
-2.855515e-01
-2.972723e-01
-3.060117e-01
-3.120822e-01
-3.158716e-01
-3.179435e-01
-3.192229e-01
-3.208018e-01
-3.235212e-01
-3.276915e-01
-3.328110e-01
-3.378309e-01
-3.416204e-01
-3.433712e-01
-3.429310e-01
-3.406604e-01
-3.371201e-01
-3.328105e-01
-3.280502e-01
-3.229600e-01
-3.176298e-01
-3.121708e-01
-3.067307e-01
-3.016094e-01
-2.971893e-01
-2.938693e-01
-2.918591e-01
-2.909387e-01
-2.906185e-01
-2.902990e-01
-2.893590e-01
-2.872581e-01
-2.837482e-01
-2.789782e-01
-2.732983e-01
-2.670682e-01
-2.605481e-01
-2.539793e-01
-2.476194e-01
-2.418275e-01
-2.369975e-01
-2.333769e-01
-2.308070e-01
-2.285663e-01
-2.257763e-01
-2.220263e-01
-2.178164e-01
-2.146454e-01
-2.140856e-01
-2.163052e-01
-2.191754e-01
-2.193550e-01
-2.141452e-01
-2.029455e-01
-1.870860e-01
-1.690946e-01
-1.513550e-01
-1.350343e-01
-1.201847e-01
-1.063339e-01
-9.287628e-02
-7.934773e-02
-6.554904e-02
-5.156816e-02
-3.776449e-02
-2.463275e-02
-1.266607e-02
-2.263805e-03
6.396444e-03
1.369126e-02
2.075301e-02
2.905964e-02
3.973132e-02
5.302705e-02
6.844672e-02
8.490036e-02
1.008791e-01
1.152101e-01
1.278699e-01
1.404303e-01
1.550101e-01
1.727709e-01
1.928107e-01
2.123115e-01
2.275114e-01
2.362130e-01
2.398132e-01
2.420330e-01
2.467830e-01
2.565937e-01
2.728037e-01
2.957540e-01
3.243743e-01
3.551556e-01
3.814264e-01
3.944866e-01
3.863579e-01
3.537291e-01
3.010003e-01
2.388504e-01
1.789011e-01
1.292715e-01
9.307184e-02
6.844667e-02
5.130008e-02
3.800067e-02
2.671410e-02
1.759678e-02
1.201917e-02
1.099498e-02
1.374341e-02
1.810328e-02
2.148879e-02
2.151478e-02
1.586945e-02
2.422945e-03
-1.989985e-02
-4.943715e-02
-8.050172e-02
-1.051668e-01
-1.163766e-01
-1.121070e-01
-9.898668e-02
-8.907362e-02
-9.035215e-02
-1.007063e-01
-1.119860e-01
-1.188158e-01
-1.223956e-01
-1.271057e-01
-1.356654e-01
-1.470454e-01
-1.577052e-01
-1.640961e-01
-1.644760e-01
-1.589353e-01
-1.489053e-01
-1.363251e-01
-1.229851e-01
-1.103447e-01
-9.948770e-02
-9.115256e-02
-8.552745e-02
-8.210796e-02
-8.010983e-02
-7.884065e-02
-7.781753e-02
-7.673724e-02
-7.543418e-02
-7.383416e-02
-7.190714e-02
-6.966758e-02
-6.716554e-02
-6.438131e-02
-6.115631e-02
-5.719993e-02
-5.221501e-02
-4.612079e-02
-3.926978e-02
-3.227740e-02
-2.580036e-02
-2.029701e-02
-1.588300e-02
-1.246756e-02
-9.908768e-03
-8.023819e-03
-6.550215e-03
-5.217789e-03
-3.830409e-03
-2.285108e-03
-5.799482e-04
1.239775e-03
3.116259e-03
5.004876e-03
6.875890e-03
8.723674e-03
1.055299e-02
1.237331e-02
1.419435e-02
1.602364e-02
1.786071e-02
1.970108e-02
2.153612e-02
2.335635e-02
2.515344e-02
2.692876e-02
2.868685e-02
3.043608e-02
3.217423e-02
3.389563e-02
3.559574e-02
3.728196e-02
3.897007e-02
4.069041e-02
4.247049e-02
4.432976e-02
4.624491e-02
4.812844e-02
4.979660e-02
5.098066e-02
5.137087e-02
5.076314e-02
4.916136e-02
4.661156e-02
4.304585e-02
3.830412e-02
3.232341e-02
2.534349e-02
1.774077e-02
9.838602e-03
1.824309e-03
-6.241636e-03
-1.437360e-02
-2.256954e-02
-3.071637e-02
-3.850629e-02
-4.543415e-02
-5.087411e-02
-5.434412e-02
-5.573297e-02
-5.507800e-02
-5.238802e-02
-4.779711e-02
-4.177784e-02
-3.493496e-02
-2.775476e-02
-2.053582e-02
-1.338659e-02
-6.293073e-03
8.120762e-04
7.979194e-03
1.523902e-02
2.259701e-02
3.004438e-02
3.755038e-02
4.505671e-02
5.246167e-02
5.963014e-02
6.640313e-02
7.266234e-02
7.837238e-02
8.349980e-02
8.794590e-02
9.157418e-02
9.434029e-02
9.642990e-02
9.808807e-02
9.944598e-02
1.004241e-01
1.007345e-01
1.000196e-01
9.806174e-02
9.501494e-02
9.124135e-02
8.711357e-02
8.293856e-02
7.892177e-02
7.517699e-02
7.172019e-02
6.849232e-02
6.539956e-02
6.235890e-02
5.931013e-02
5.621998e-02
5.307421e-02
4.986529e-02
4.659854e-02
4.329765e-02
4.001686e-02
3.685701e-02
3.395121e-02
3.144619e-02
2.941141e-02
2.778044e-02
2.641767e-02
2.518872e-02
2.399095e-02
2.275205e-02
2.142526e-02
1.996826e-02
1.834450e-02
1.653857e-02
1.457684e-02
1.251187e-02
1.038916e-02
8.252064e-03
6.131376e-03
4.052586e-03
2.032670e-03
7.571303e-05
-1.842703e-03
-3.794214e-03
-5.915880e-03
-8.395235e-03
-1.142784e-02
-1.511268e-02
-1.936146e-02
-2.399146e-02
-2.882224e-02
-3.371819e-02
-3.858796e-02
-4.336506e-02
-4.799483e-02
-5.242173e-02
-5.660158e-02
-6.053163e-02
-6.428851e-02
-6.796247e-02
-7.157939e-02
-7.504762e-02
-7.814560e-02
-8.056031e-02
-8.200832e-02
-8.233830e-02
-8.142635e-02
-7.912723e-02
-7.541829e-02
-7.055741e-02
-6.490143e-02
-5.870115e-02
-5.206924e-02
-4.503807e-02
-3.767018e-02
-3.004800e-02
-2.225212e-02
-1.437994e-02
-6.574104e-03
9.574378e-04
7.948927e-03
1.414262e-02
1.942664e-02
2.395889e-02
2.800188e-02
3.175614e-02
3.526413e-02
3.841536e-02
4.101633e-02
4.294060e-02
4.426357e-02
4.518172e-02
4.589368e-02
4.655703e-02
4.726006e-02
4.803309e-02
4.886118e-02
4.969848e-02
5.049653e-02
5.122875e-02
5.190778e-02
5.260704e-02
5.347099e-02
5.469903e-02
5.649295e-02
5.895817e-02
6.199513e-02
6.540537e-02
6.898235e-02
7.258106e-02
7.612010e-02
7.958374e-02
8.299873e-02
8.641287e-02
8.987986e-02
9.343893e-02
9.708498e-02
1.007472e-01
1.042474e-01
1.073173e-01
1.095774e-01
1.107476e-01
1.106778e-01
1.092878e-01
1.064780e-01
1.022685e-01
9.697175e-02
9.102643e-02
8.480465e-02
7.855465e-02
7.239586e-02
6.634878e-02
6.037497e-02
5.442301e-02
4.844819e-02
4.242600e-02
3.636225e-02
3.028922e-02
2.425143e-02
1.829533e-02
1.245454e-02
6.726693e-03
1.053024e-03
-4.651184e-03
-1.045826e-02
-1.637432e-02
-2.229324e-02
-2.794530e-02
-3.289427e-02
-3.661047e-02
-3.867356e-02
-3.896954e-02
-3.750560e-02
-3.425765e-02
-2.932173e-02
-2.310474e-02
-1.613683e-02
-8.852966e-03
-1.538775e-03
5.674773e-03
1.275621e-02
1.973137e-02
2.663829e-02
3.351739e-02
4.040829e-02
4.735960e-02
5.443654e-02
6.171765e-02
6.925759e-02
7.703691e-02
8.489898e-02
9.255014e-02
9.960723e-02
1.056810e-01
1.105511e-01
1.143107e-01
1.171709e-01
1.192210e-01
1.204212e-01
1.206512e-01
1.198914e-01
1.181318e-01
1.153421e-01
1.115219e-01
1.069221e-01
1.018621e-01
9.659641e-02
9.134126e-02
8.619542e-02
8.119156e-02
7.630276e-02
7.148037e-02
6.667860e-02
6.186245e-02
5.701576e-02
5.213654e-02
4.722979e-02
4.230472e-02
3.736899e-02
3.243078e-02
2.750406e-02
2.260686e-02
1.776113e-02
1.298895e-02
8.296658e-03
3.665856e-03
-9.266280e-04
-5.483712e-03
-9.973836e-03
-1.433808e-02
-1.850587e-02
-2.244004e-02
-2.617088e-02
-2.976819e-02
-3.329604e-02
-3.679816e-02
-4.030302e-02
-4.382428e-02
-4.737613e-02
-5.096930e-02
-5.461715e-02
-5.832163e-02
-6.206349e-02
-6.578055e-02
-6.934743e-02
-7.259670e-02
-7.535463e-02
-7.753775e-02
-7.923876e-02
-8.064414e-02
-8.195110e-02
-8.331422e-02
-8.481121e-02
-8.642657e-02
-8.802366e-02
-8.934304e-02
-9.002713e-02
-8.969836e-02
-8.813239e-02
-8.541536e-02
-8.173147e-02
-7.716525e-02
-7.168041e-02
-6.525317e-02
-5.804834e-02
-5.032833e-02
-4.235548e-02
-3.436325e-02
-2.657042e-02
-1.917731e-02
-1.236246e-02
-6.191803e-03
-5.551654e-04
4.751965e-03
9.915056e-03
1.506561e-02
2.027149e-02
2.554662e-02
3.087144e-02
3.622152e-02
4.156745e-02
4.689561e-02
5.220849e-02
5.752345e-02
6.286940e-02
6.828554e-02
7.379046e-02
7.938651e-02
8.502848e-02
9.061095e-02
9.594899e-02
1.008105e-01
1.049506e-01
1.082507e-01
1.108108e-01
1.127506e-01
1.140207e-01
1.143410e-01
1.133411e-01
1.107308e-01
1.066410e-01
1.012910e-01
9.482428e-02
8.721706e-02
7.847333e-02
6.881234e-02
5.854260e-02
4.793314e-02
3.717343e-02
2.640216e-02
1.575742e-02
5.429894e-03
-4.328666e-03
-1.325896e-02
-2.124180e-02
-2.843212e-02
-3.512493e-02
-4.160030e-02
-4.804516e-02
-5.452951e-02
-6.102133e-02
-6.741810e-02
-7.359399e-02
-7.946985e-02
-8.505574e-02
-9.038300e-02
-9.544689e-02
-1.001901e-01
-1.045200e-01
-1.084003e-01
-1.119604e-01
-1.153404e-01
-1.186303e-01
-1.218206e-01
-1.247808e-01
-1.272409e-01
-1.289309e-01
-1.297215e-01
-1.297517e-01
-1.292714e-01
-1.284714e-01
-1.273816e-01
-1.258518e-01
-1.236718e-01
-1.207119e-01
-1.170723e-01
-1.129825e-01
-1.086723e-01
-1.043225e-01
-1.000127e-01
-9.579383e-02
-9.161784e-02
-8.742501e-02
-8.314742e-02
-7.874856e-02
-7.425520e-02
-6.980535e-02
-6.565434e-02
-6.216149e-02
-5.970238e-02
-5.847351e-02
-5.832663e-02
-5.894275e-02
-6.002461e-02
-6.135281e-02
-6.276491e-02
-6.409407e-02
-6.513510e-02
-6.563933e-02
-6.535460e-02
-6.416585e-02
-6.221866e-02
-5.980389e-02
-5.720698e-02
-5.464017e-02
-5.220814e-02
-4.990340e-02
-4.760753e-02
-4.509874e-02
-4.208071e-02
-3.825902e-02
-3.349005e-02
-2.790435e-02
-2.177635e-02
-1.537260e-02
-8.891187e-03
-2.448835e-03
3.893670e-03
1.009500e-02
1.611504e-02
2.190677e-02
2.745780e-02
3.281058e-02
3.804066e-02
4.321043e-02
4.836541e-02
5.352715e-02
5.871123e-02
6.392003e-02
6.916403e-02
7.444683e-02
7.976615e-02
8.508898e-02
9.033672e-02
9.537158e-02
9.999865e-02
1.039416e-01
1.069114e-01
1.086914e-01
1.093417e-01
1.089716e-01
1.075614e-01
1.049913e-01
1.012214e-01
9.646047e-02
9.105234e-02
8.526238e-02
7.923461e-02
7.299370e-02
6.652717e-02
5.986324e-02
5.305303e-02
4.615314e-02
3.920882e-02
3.224891e-02
2.529670e-02
1.836478e-02
1.146147e-02
4.587047e-03
-2.275037e-03
-9.166758e-03
-1.615697e-02
-2.333990e-02
-3.081234e-02
-3.861725e-02
-4.670144e-02
-5.496240e-02
-6.330575e-02
-7.166271e-02
-7.999595e-02
-8.828398e-02
-9.647153e-02
-1.044316e-01
-1.119417e-01
-1.187718e-01
-1.247823e-01
-1.300224e-01
-1.346228e-01
-1.386629e-01
-1.421442e-01
-1.450643e-01
-1.475337e-01
-1.496439e-01
-1.514241e-01
-1.527943e-01
-1.536243e-01
-1.538446e-01
-1.535751e-01
-1.530552e-01
-1.524851e-01
-1.520254e-01
-1.516757e-01
-1.512961e-01
-1.505762e-01
-1.490466e-01
-1.462472e-01
-1.419677e-01
-1.364172e-01
-1.300678e-01
-1.233278e-01
-1.165384e-01
-1.098082e-01
-1.031286e-01
-9.635791e-02
-8.933739e-02
-8.196012e-02
-7.424064e-02
-6.625567e-02
-5.809718e-02
-4.984111e-02
-4.155361e-02
-3.330861e-02
-2.520509e-02
-1.736982e-02
-9.934970e-03
-2.955138e-03
3.656772e-03
1.010451e-02
1.664704e-02
2.356922e-02
3.111471e-02
3.939974e-02
4.831723e-02
5.764744e-02
6.716695e-02
7.672002e-02
8.623159e-02
9.570311e-02
1.051766e-01
1.147264e-01
1.243961e-01
1.342463e-01
1.443160e-01
1.545959e-01
1.649756e-01
1.752262e-01
1.848960e-01
1.933958e-01
2.001156e-01
2.047661e-01
2.075960e-01
2.091262e-01
2.096562e-01
2.091978e-01
2.074978e-01
2.043560e-01
1.999460e-01
1.945957e-01
1.886857e-01
1.825152e-01
1.763452e-01
1.704552e-01
1.651252e-01
1.606145e-01
1.570446e-01
1.541243e-01
1.510045e-01
1.463941e-01
1.388544e-01
1.274644e-01
1.123547e-01
9.426783e-02
7.420610e-02
5.332458e-02
3.278879e-02
1.365317e-02
-3.252518e-03
-1.761128e-02
-2.985812e-02
-4.079268e-02
-5.116854e-02
-6.151619e-02
-7.210406e-02
-8.298964e-02
-9.409052e-02
-1.052496e-01
-1.163095e-01
-1.270996e-01
-1.375296e-01
-1.475701e-01
-1.573301e-01
-1.669205e-01
-1.763906e-01
-1.855914e-01
-1.943015e-01
-2.022315e-01
-2.092017e-01
-2.153424e-01
-2.209126e-01
-2.262230e-01
-2.314931e-01
-2.368945e-01
-2.425046e-01
-2.483443e-01
-2.543045e-01
-2.601851e-01
-2.656554e-01
-2.702756e-01
-2.736260e-01
-2.755169e-01
-2.761875e-01
-2.760172e-01
-2.753079e-01
-2.741183e-01
-2.722191e-01
-2.690194e-01
-2.636202e-01
-2.551319e-01
-2.431326e-01
-2.275412e-01
-2.087520e-01
-1.878418e-01
-1.662428e-01
-1.453623e-01
-1.262632e-01
-1.094231e-01
-9.442493e-02
-8.033342e-02
-6.613136e-02
-5.093810e-02
-3.412306e-02
-1.548578e-02
4.610933e-03
2.556170e-02
4.682674e-02
6.812201e-02
8.945803e-02
1.111135e-01
1.335226e-01
1.570229e-01
1.816720e-01
2.072429e-01
2.332921e-01
2.591023e-01
2.836516e-01
3.056726e-01
3.240221e-01
3.380625e-01
3.475022e-01
3.526242e-01
3.545041e-01
3.545227e-01
3.537824e-01
3.529826e-01
3.524324e-01
3.521821e-01
3.522419e-01
3.526026e-01
3.533326e-01
3.545217e-01
3.561016e-01
3.577019e-01
3.586319e-01
3.579516e-01
3.546519e-01
3.481828e-01
3.388830e-01
3.276316e-01
3.155019e-01
3.035017e-01
2.918520e-01
2.795114e-01
2.649819e-01
2.474619e-01
2.277822e-01
2.079012e-01
1.899014e-01
1.751008e-01
1.632811e-01
1.532904e-01
1.437407e-01
1.335709e-01
1.222812e-01
1.097594e-01
9.607685e-02
8.130296e-02
6.557329e-02
4.915139e-02
3.229873e-02
1.514088e-02
-2.327990e-03
-2.018365e-02
-3.842635e-02
-5.685329e-02
-7.505205e-02
-9.246592e-02
-1.085337e-01
-1.229551e-01
-1.359249e-01
-1.478953e-01
-1.593052e-01
-1.705062e-01
-1.816960e-01
-1.930167e-01
-2.045266e-01
-2.162279e-01
-2.280379e-01
-2.397282e-01
-2.509684e-01
-2.613294e-01
-2.703695e-01
-2.778903e-01
-2.841604e-01
-2.896025e-01
-2.945129e-01
-2.989520e-01
-3.027124e-01
-3.054429e-01
-3.069233e-01
-3.072734e-01
-3.066839e-01
-3.051750e-01
-3.025555e-01
-2.984253e-01
-2.925760e-01
-2.852466e-01
-2.769371e-01
-2.681272e-01
-2.592280e-01
-2.504889e-01
-2.420196e-01
-2.338189e-01
-2.257896e-01
-2.176798e-01
-2.090906e-01
-1.995306e-01
-1.884914e-01
-1.757419e-01
-1.615227e-01
-1.463424e-01
-1.307132e-01
-1.150033e-01
-9.941014e-02
-8.399104e-02
-6.870979e-02
-5.346897e-02
-3.814868e-02
-2.262419e-02
-6.804803e-03
9.329471e-03
2.567948e-02
4.207769e-02
5.834198e-02
7.432531e-02
8.996770e-02
1.053327e-01
1.204921e-01
1.354424e-01
1.500418e-01
1.639919e-01
1.769714e-01
1.887822e-01
1.994717e-01
2.091112e-01
2.175109e-01
2.241511e-01
2.282608e-01
2.291308e-01
2.265907e-01
2.213112e-01
2.148809e-01
2.091703e-01
2.054601e-01
2.039502e-01
2.039999e-01
2.046997e-01
2.051695e-01
2.048104e-01
2.034602e-01
2.014490e-01
1.993989e-01
1.979086e-01
1.972486e-01
1.971380e-01
1.968081e-01
1.951581e-01
1.910584e-01
1.837976e-01
1.734679e-01
1.603876e-01
1.445478e-01
1.256074e-01
1.033975e-01
7.857921e-02
5.291923e-02
2.916624e-02
9.742226e-03
-4.416208e-03
-1.288797e-02
-1.503379e-02
-1.120201e-02
-4.342606e-03
5.297576e-04
-6.627118e-04
-8.230032e-03
-1.897585e-02
-2.913399e-02
-3.692977e-02
-4.277892e-02
-4.851410e-02
-5.587025e-02
-6.516423e-02
-7.555933e-02
-8.575986e-02
-9.471108e-02
-1.021015e-01
-1.081918e-01
-1.134526e-01
-1.184027e-01
-1.234630e-01
-1.288632e-01
-1.346438e-01
-1.405742e-01
-1.461445e-01
-1.505649e-01
-1.528959e-01
-1.523764e-01
-1.487563e-01
-1.419870e-01
-1.320274e-01
-1.191080e-01
-1.041281e-01
-8.834776e-02
-7.300909e-02
-5.910659e-02
-4.709559e-02
-3.674311e-02
-2.744728e-02
-1.859176e-02
-9.711358e-03
-5.720829e-04
8.838552e-03
1.832912e-02
2.756494e-02
3.613950e-02
4.370042e-02
5.012096e-02
5.565185e-02
6.068745e-02
6.551439e-02
7.015805e-02
7.431378e-02
7.740945e-02
7.878836e-02
7.808711e-02
7.555487e-02
7.173162e-02
6.708759e-02
6.187836e-02
5.616284e-02
4.996759e-02
4.345825e-02
3.692403e-02
3.071766e-02
2.517043e-02
2.046110e-02
1.650285e-02
1.309840e-02
1.010110e-02
7.473992e-03
5.271917e-03
3.537020e-03
2.198779e-03
1.142927e-03
2.851286e-04
-3.875245e-04
-8.155827e-04
-8.936646e-04
-5.494516e-04
2.110903e-04
1.422239e-03
3.271798e-03
6.093603e-03
1.024444e-02
1.581202e-02
2.238473e-02
2.925532e-02
3.571904e-02
4.132866e-02
4.605660e-02
5.013725e-02
5.388081e-02
5.756250e-02
6.136027e-02
6.533795e-02
6.944961e-02
7.353535e-02
7.734322e-02
8.056304e-02
8.289461e-02
8.420144e-02
8.460728e-02
8.425408e-02
8.305580e-02
8.063170e-02
7.644271e-02
7.016258e-02
6.204191e-02
5.269488e-02
4.284441e-02
3.321930e-02
2.449870e-02
1.722653e-02
1.161303e-02
7.384132e-03
4.027494e-03
1.063428e-03
-1.836510e-03
-4.833022e-03
-7.960304e-03
-1.118930e-02
-1.446585e-02
-1.774104e-02
-2.098652e-02
-2.419670e-02
-2.737720e-02
-3.053939e-02
-3.369986e-02
-3.686798e-02
-4.005659e-02
-4.327985e-02
-4.655828e-02
-4.990348e-02
-5.332412e-02
-5.681638e-02
-6.034197e-02
-6.380831e-02
-6.705626e-02
-6.987464e-02
-7.205165e-02
-7.349798e-02
-7.433741e-02
-7.478474e-02
-7.498403e-02
-7.494338e-02
-7.453090e-02
-7.354732e-02
-7.187053e-02
-6.958298e-02
-6.688139e-02
-6.396782e-02
-6.099412e-02
-5.804653e-02
-5.515804e-02
-5.232343e-02
-4.952057e-02
-4.672700e-02
-4.392733e-02
-4.111080e-02
-3.827408e-02
-3.541949e-02
-3.254187e-02
-2.963229e-02
-2.668552e-02
-2.370798e-02
-2.070928e-02
-1.770367e-02
-1.470596e-02
-1.173338e-02
-8.794870e-03
-5.887544e-03
-3.001349e-03
-1.288239e-04
2.739805e-03
5.606736e-03
8.476347e-03
1.135408e-02
1.424981e-02
1.717037e-02
2.012310e-02
2.309669e-02
2.605545e-02
2.893210e-02
3.162983e-02
3.403049e-02
3.604835e-02
3.766703e-02
3.886767e-02
3.957140e-02
3.966913e-02
3.911386e-02
3.802952e-02
3.662423e-02
3.510291e-02
3.360366e-02
3.217923e-02
3.078301e-02
2.927469e-02
2.744845e-02
2.509808e-02
2.211691e-02
1.858961e-02
1.470143e-02
1.063991e-02
6.548315e-03
2.504190e-03
-1.467789e-03
-5.379263e-03
-9.260586e-03
-1.314906e-02
-1.708526e-02
-2.108868e-02
-2.514389e-02
-2.917438e-02
-3.303065e-02
-3.650113e-02
-3.935044e-02
-4.143404e-02
-4.279039e-02
-4.350970e-02
-4.363306e-02
-4.312751e-02
-4.199083e-02
-4.034722e-02
-3.839358e-02
-3.629903e-02
-3.418037e-02
-3.209967e-02
-3.006803e-02
-2.806442e-02
-2.605479e-02
-2.400215e-02
-2.188946e-02
-1.973089e-02
-1.759423e-02
-1.560145e-02
-1.392681e-02
-1.274811e-02
-1.215343e-02
-1.205476e-02
-1.227712e-02
-1.264943e-02
-1.305380e-02
-1.342810e-02
-1.375545e-02
-1.404878e-02
-1.433214e-02
-1.462143e-02
-1.490881e-02
-1.515417e-02
-1.529850e-02
-1.528080e-02
-1.506616e-02
-1.467848e-02
-1.417480e-02
-1.361608e-02
-1.304542e-02
-1.248276e-02
-1.193608e-02
-1.140236e-02
-1.087369e-02
-1.034005e-02
-9.795486e-03
-9.230756e-03
-8.643530e-03
-8.034583e-03
-7.401348e-03
-6.728565e-03
-5.991193e-03
-5.158870e-03
-4.218517e-03
-3.189141e-03
-2.110140e-03
-1.018158e-03
5.552728e-05
1.098510e-03
2.119848e-03
3.149677e-03
4.232248e-03
5.415994e-03
6.717696e-03
8.092306e-03
9.395947e-03
1.036500e-02
1.063775e-02
9.854828e-03
7.853399e-03
4.829579e-03
1.147674e-03
-2.871177e-03
-7.052298e-03
-1.138322e-02
-1.596646e-02
-2.090881e-02
-2.622208e-02
-3.183449e-02
-3.762371e-02
-4.341633e-02
-4.898664e-02
-5.407776e-02
-5.845408e-02
-6.202447e-02
-6.495179e-02
-6.751608e-02
-6.997033e-02
-7.244984e-02
-7.493223e-02
-7.722645e-02
-7.901486e-02
-7.993829e-02
-7.977079e-02
-7.855013e-02
-7.640657e-02
-7.338412e-02
-6.942964e-02
-6.453365e-02
-5.888813e-02
-5.277838e-02
-4.646184e-02
-4.010996e-02
-3.380945e-02
-2.757870e-02
-2.139623e-02
-1.521739e-02
-8.998058e-03
-2.713038e-03
3.623438e-03
9.954200e-03
1.616274e-02
2.208072e-02
2.751434e-02
3.233813e-02
3.655572e-02
4.019757e-02
4.321721e-02
4.551202e-02
4.703366e-02
4.791761e-02
4.836031e-02
4.850703e-02
4.840270e-02
4.801554e-02
4.730924e-02
4.632799e-02
4.515770e-02
4.388062e-02
4.255835e-02
4.122993e-02
3.991565e-02
3.863039e-02
3.738013e-02
3.616680e-02
3.498350e-02
3.381333e-02
3.261409e-02
3.131880e-02
2.983856e-02
2.808734e-02
2.602008e-02
2.368475e-02
2.117945e-02
1.860419e-02
1.602495e-02
1.347759e-02
1.096330e-02
8.461908e-03
5.935681e-03
3.345969e-03
6.736786e-04
-2.055787e-03
-4.755002e-03
-7.253315e-03
-9.317413e-03
-1.070757e-02
-1.130196e-02
-1.120840e-02
-1.065996e-02
-9.883320e-03
-9.053689e-03
-8.280753e-03
-7.629069e-03
-7.134331e-03
-6.819010e-03
-6.677912e-03
-6.667575e-03
-6.729285e-03
-6.813480e-03
-6.886973e-03
-6.941636e-03
-6.981604e-03
-7.022420e-03
-7.077291e-03
-7.157688e-03
-7.264911e-03
-7.382917e-03
-7.467992e-03
-7.448464e-03
-7.233089e-03
-6.742861e-03
-5.952305e-03
-4.928569e-03
-3.751122e-03
-2.431282e-03
-8.659448e-04
1.148208e-03
3.852038e-03
7.371706e-03
1.159245e-02
1.625907e-02
2.110789e-02
2.592752e-02
3.060127e-02
3.510590e-02
3.950271e-02
4.387436e-02
4.826108e-02
5.261377e-02
5.676768e-02
6.045639e-02
6.337409e-02
6.530586e-02
6.624280e-02
6.620663e-02
6.509646e-02
6.271333e-02
5.896047e-02
5.406236e-02
4.839590e-02
4.230383e-02
3.603556e-02
2.977141e-02
2.367505e-02
1.795689e-02
1.288659e-02
8.747244e-03
5.672291e-03
3.494775e-03
1.897019e-03
5.772545e-04
-6.752780e-04
-1.972920e-03
-3.361457e-03
-4.862644e-03
-6.500341e-03
-8.313923e-03
-1.033353e-02
-1.255471e-02
-1.495303e-02
-1.749623e-02
-2.010960e-02
-2.266184e-02
-2.493008e-02
-2.661737e-02
-2.741968e-02
-2.719196e-02
-2.608321e-02
-2.440355e-02
-2.245497e-02
-2.045525e-02
-1.851732e-02
-1.667864e-02
-1.492187e-02
-1.320713e-02
-1.149828e-02
-9.772126e-03
-8.016555e-03
-6.241645e-03
-4.471837e-03
-2.746444e-03
-1.113583e-03
3.674967e-04
1.633772e-03
2.567435e-03
2.973242e-03
2.615534e-03
1.358361e-03
-7.148356e-04
-3.421081e-03
-6.609171e-03
-1.017300e-02
-1.402023e-02
-1.805454e-02
-2.216476e-02
-2.618498e-02
-2.986128e-02
-3.285759e-02
-3.483891e-02
-3.564120e-02
-3.543053e-02
-3.451100e-02
-3.312431e-02
-3.137141e-02
-2.923276e-02
-2.666698e-02
-2.373331e-02
-2.054850e-02
-1.722988e-02
-1.386111e-02
-1.049447e-02
-7.149731e-03
-3.828761e-03
-5.229699e-04
2.774569e-03
6.069487e-03
9.362354e-03
1.265502e-02
1.594369e-02
1.922949e-02
2.252119e-02
2.584310e-02
2.922381e-02
3.269268e-02
3.625544e-02
3.986840e-02
4.339717e-02
4.660697e-02
4.918074e-02
5.080365e-02
5.133746e-02
5.096835e-02
5.001618e-02
4.872742e-02
4.715624e-02
4.516664e-02
4.251248e-02
3.902422e-02
3.477002e-02
2.998574e-02
2.496458e-02
2.002236e-02
1.546516e-02
1.159591e-02
8.746308e-03
7.258661e-03
7.290821e-03
8.637381e-03
1.094976e-02
1.396961e-02
1.758539e-02
2.175412e-02
2.636988e-02
3.130473e-02
3.643545e-02
4.164426e-02
4.677804e-02
5.162000e-02
5.590079e-02
5.936251e-02
6.189534e-02
6.366525e-02
6.493707e-02
6.590087e-02
6.656974e-02
6.679280e-02
6.633173e-02
6.503925e-02
6.301613e-02
6.050390e-02
5.774082e-02
5.489749e-02
5.204643e-02
4.918626e-02
4.626616e-02
4.323983e-02
4.009879e-02
3.686956e-02
3.358847e-02
3.028617e-02
2.698212e-02
2.368691e-02
2.039882e-02
1.710649e-02
1.379444e-02
1.045516e-02
7.095876e-03
3.744197e-03
4.521728e-04
-2.702758e-03
-5.637339e-03
-8.307721e-03
-1.074897e-02
-1.303628e-02
-1.524241e-02
-1.741866e-02
-1.959577e-02
-2.179219e-02
-2.402231e-02
-2.630539e-02
-2.866951e-02
-3.112572e-02
-3.363979e-02
-3.609900e-02
-3.828912e-02
-3.991345e-02
-4.065256e-02
-4.032274e-02
-3.901388e-02
-3.692414e-02
-3.419229e-02
-3.086447e-02
-2.697770e-02
-2.266189e-02
-1.808510e-02
-1.337719e-02
-8.608676e-03
-3.807048e-03
1.018101e-03
5.845003e-03
1.060503e-02
1.515892e-02
1.930479e-02
2.282865e-02
2.561954e-02
2.775344e-02
2.933435e-02
3.032726e-02
3.052413e-02
2.962914e-02
2.749211e-02
2.431280e-02
2.047780e-02
1.636258e-02
1.223158e-02
8.196083e-03
4.217927e-03
1.273501e-04
-4.284798e-03
-9.085918e-03
-1.422113e-02
-1.958340e-02
-2.504046e-02
-3.044165e-02
-3.560874e-02
-4.033814e-02
-4.440523e-02
-4.751735e-02
-4.933247e-02
-4.963671e-02
-4.853186e-02
-4.623605e-02
-4.291515e-02
-3.871245e-02
-3.385660e-02
-2.864871e-02
-2.344383e-02
-1.867597e-02
-1.485109e-02
-1.244321e-02
-1.166430e-02
-1.225346e-02
-1.371154e-02
-1.555159e-02
-1.742368e-02
-1.914284e-02
-2.066995e-02
-2.204703e-02
-2.335710e-02
-2.467630e-02
-2.606239e-02
-2.753346e-02
-2.907255e-02
-3.064673e-02
-3.222283e-02
-3.377397e-02
-3.528704e-02
-3.677332e-02
-3.826744e-02
-3.981842e-02
-4.147053e-02
-4.324265e-02
-4.509281e-02
-4.687087e-02
-4.830103e-02
-4.901225e-02
-4.862541e-02
-4.695741e-02
-4.419359e-02
-4.068672e-02
-3.674890e-02
-3.254997e-02
-2.812214e-02
-2.343728e-02
-1.851046e-02
-1.341735e-02
-8.285728e-03
-3.297740e-03
1.316221e-03
5.330746e-03
8.635752e-03
1.133519e-02
1.363905e-02
1.575201e-02
1.782388e-02
1.994390e-02
2.214180e-02
2.441272e-02
2.673864e-02
2.909574e-02
3.145762e-02
3.379449e-02
3.607039e-02
3.823941e-02
4.025331e-02
4.209129e-02
4.379021e-02
4.545729e-02
4.719626e-02
4.901912e-02
5.076112e-02
5.203715e-02
5.225521e-02
5.077018e-02
4.719725e-02
4.171638e-02
3.482542e-02
2.706210e-02
1.894617e-02
1.100803e-02
3.760288e-03
-2.378513e-03
-7.237276e-03
-1.101223e-02
-1.406020e-02
-1.666734e-02
-1.896834e-02
-2.095249e-02
-2.258450e-02
-2.389764e-02
-2.497064e-02
-2.585389e-02
-2.656288e-02
-2.707494e-02
-2.737494e-02
-2.749505e-02
-2.748803e-02
-2.739814e-02
-2.726212e-02
-2.711525e-02
-2.700628e-02
-2.700928e-02
-2.722826e-02
-2.776838e-02
-2.867839e-02
-2.990147e-02
-3.132947e-02
-3.285568e-02
-3.440668e-02
-3.594062e-02
-3.744259e-02
-3.891568e-02
-4.036168e-02
-4.178673e-02
-4.319872e-02
-4.460585e-02
-4.603788e-02
-4.753686e-02
-4.915886e-02
-5.095699e-02
-5.295203e-02
-5.509509e-02
-5.730510e-02
-5.950136e-02
-6.164342e-02
-6.373826e-02
-6.585128e-02
-6.808437e-02
-7.055043e-02
-7.330040e-02
-7.624348e-02
-7.904172e-02
-8.106791e-02
-8.145881e-02
-7.934106e-02
-7.430718e-02
-6.683443e-02
-5.789344e-02
-4.847765e-02
-3.935084e-02
-3.092195e-02
-2.321946e-02
-1.606165e-02
-9.220814e-03
-2.523234e-03
4.134217e-03
1.080544e-02
1.751764e-02
2.429151e-02
3.116064e-02
3.816045e-02
4.530868e-02
5.255355e-02
5.972970e-02
6.653059e-02
7.254304e-02
7.733696e-02
8.070289e-02
8.282183e-02
8.401100e-02
8.445602e-02
8.411904e-02
8.279810e-02
8.036139e-02
7.696545e-02
7.293330e-02
6.857241e-02
6.411252e-02
5.968364e-02
5.533462e-02
5.106571e-02
4.686191e-02
4.270700e-02
3.859180e-02
3.449890e-02
3.039786e-02
2.625000e-02
2.203994e-02
1.778906e-02
1.357607e-02
9.542837e-03
5.894378e-03
2.846738e-03
5.194154e-04
-1.169182e-03
-2.386843e-03
-3.277396e-03
-3.925126e-03
-4.383259e-03
-4.712148e-03
-4.973612e-03
-5.210478e-03
-5.450589e-03
-5.703497e-03
-5.969924e-03
-6.238488e-03
-6.489451e-03
-6.700714e-03
-6.862168e-03
-6.988989e-03
-7.139197e-03
-7.421302e-03
-7.984929e-03
-8.977601e-03
-1.047118e-02
-1.238806e-02
-1.457996e-02
-1.690394e-02
-1.925583e-02
-2.157580e-02
-2.385269e-02
-2.609672e-02
-2.833360e-02
-3.058554e-02
-3.286645e-02
-3.516346e-02
-3.744038e-02
-3.963737e-02
-4.168327e-02
-4.351239e-02
-4.511235e-02
-4.653819e-02
-4.785111e-02
-4.903811e-02
-4.997508e-02
-5.044400e-02
-5.019502e-02
-4.909306e-02
-4.725103e-02
-4.489985e-02
-4.224685e-02
-3.941079e-02
-3.642181e-02
-3.327772e-02
-3.000073e-02
-2.663274e-02
-2.321271e-02
-1.976949e-02
-1.632145e-02
-1.287230e-02
-9.421637e-03
-5.960856e-03
-2.486288e-03
1.003288e-03
4.494589e-03
7.964443e-03
1.137516e-02
1.468634e-02
1.786933e-02
2.093245e-02
2.393043e-02
2.692970e-02
2.994676e-02
3.291985e-02
3.568592e-02
3.800117e-02
3.961628e-02
4.041447e-02
4.052359e-02
4.020483e-02
3.971295e-02
3.923195e-02
3.883505e-02
3.848522e-02
3.804135e-02
3.730049e-02
3.605966e-02
3.421801e-02
3.185712e-02
2.916196e-02
2.631310e-02
2.344116e-02
2.060329e-02
1.780133e-02
1.499450e-02
1.214554e-02
9.250490e-03
6.372629e-03
3.652696e-03
1.294342e-03
-4.909180e-04
-1.594576e-03
-2.112250e-03
-2.247504e-03
-2.206446e-03
-2.144444e-03
-2.150128e-03
-2.240925e-03
-2.383414e-03
-1.889473e-03
-1.918698e-03
-1.836420e-03
-1.673834e-03
-1.554370e-03
-1.713684e-03
-2.472157e-03
-4.158005e-03
-6.929549e-03
-1.062771e-02
-1.492378e-02
-1.949760e-02
-2.412454e-02
-2.869287e-02
-3.318093e-02
-3.761566e-02
-4.203124e-02
-4.642677e-02
-5.073392e-02
-5.481509e-02
-5.847294e-02
-6.146508e-02
-6.354465e-02
-6.461666e-02
-6.486506e-02
-6.457980e-02
-6.396178e-02
-6.304434e-02
-6.169051e-02
-5.967753e-02
-5.686575e-02
-5.335723e-02
-4.938581e-02
-4.519329e-02
-4.095760e-02
-3.677067e-02
-3.264164e-02
-2.851256e-02
-2.428637e-02
-1.986722e-02
-1.520240e-02
-1.032657e-02
-5.319911e-03
-2.632028e-04
4.787451e-03
9.806477e-03
1.480262e-02
1.979832e-02
2.482220e-02
2.986578e-02
3.487102e-02
3.971291e-02
4.421192e-02
4.817258e-02
5.147702e-02
5.416247e-02
5.631722e-02
5.798117e-02
5.913980e-02
5.978835e-02
6.003007e-02
6.001258e-02
5.986803e-02
5.968527e-02
5.951048e-02
5.935990e-02
5.923743e-02
5.914333e-02
5.908044e-02
5.904762e-02
5.902659e-02
5.896682e-02
5.877768e-02
5.833436e-02
5.750776e-02
5.623819e-02
5.459508e-02
5.271085e-02
5.071879e-02
4.871487e-02
4.674705e-02
4.482687e-02
4.294320e-02
4.107264e-02
3.919689e-02
3.730181e-02
3.538962e-02
3.348312e-02
3.163334e-02
2.990286e-02
2.835701e-02
2.702482e-02
2.587322e-02
2.483532e-02
2.384905e-02
2.287137e-02
2.188319e-02
2.087957e-02
1.986617e-02
1.885604e-02
1.786724e-02
1.690537e-02
1.596386e-02
1.501701e-02
1.402372e-02
1.292438e-02
1.165976e-02
1.020461e-02
8.595326e-03
6.897451e-03
5.174091e-03
3.466068e-03
1.789508e-03
1.346617e-04
-1.521813e-03
-3.208456e-03
-4.941487e-03
-6.701599e-03
-8.411950e-03
-9.927766e-03
-1.104927e-02
-1.157448e-02
-1.140722e-02
-1.065430e-02
-9.523489e-03
-8.221627e-03
-6.895915e-03
-5.627794e-03
-4.438603e-03
-3.314699e-03
-2.222808e-03
-1.132971e-03
-2.881331e-05
1.086147e-03
2.190450e-03
3.246044e-03
4.209635e-03
5.046202e-03
5.754463e-03
6.378547e-03
6.996915e-03
7.695176e-03
8.546381e-03
9.574798e-03
1.073233e-02
1.194607e-02
1.317154e-02
1.441684e-02
1.574390e-02
1.724038e-02
1.894242e-02
2.073679e-02
2.228508e-02
2.304946e-02
2.266714e-02
2.127712e-02
1.931326e-02
1.719587e-02
1.516223e-02
1.325996e-02
1.141947e-02
9.532567e-03
7.541429e-03
5.452495e-03
3.334624e-03
1.309491e-03
-4.711194e-04
-1.865884e-03
-2.811674e-03
-3.378454e-03
-3.704969e-03
-3.928596e-03
-4.150753e-03
-4.427516e-03
-4.762304e-03
-5.111896e-03
-5.388475e-03
-5.477998e-03
-5.265114e-03
-4.692978e-03
-3.805745e-03
-2.702107e-03
-1.483742e-03
-2.430832e-04
9.388783e-04
1.975631e-03
2.771853e-03
3.238694e-03
3.344333e-03
3.150887e-03
2.766233e-03
2.298084e-03
1.826802e-03
1.403046e-03
1.047838e-03
7.598676e-04
5.132280e-04
2.482365e-04
-1.283455e-04
-7.346983e-04
-1.682234e-03
-3.017364e-03
-4.668105e-03
-6.504602e-03
-8.405460e-03
-1.028618e-02
-1.210246e-02
-1.384750e-02
-1.553537e-02
-1.718775e-02
-1.882382e-02
-2.045142e-02
-2.206131e-02
-2.362303e-02
-2.507925e-02
-2.636637e-02
-2.742361e-02
-2.823926e-02
-2.887223e-02
-2.941503e-02
-2.994057e-02
-3.047402e-02
-3.096400e-02
-3.128041e-02
-3.123357e-02
-3.063329e-02
-2.939136e-02
-2.761545e-02
-2.551031e-02
-2.327139e-02
-2.103868e-02
-1.888519e-02
-1.682591e-02
-1.484091e-02
-1.289445e-02
-1.094878e-02
-8.978591e-03
-6.984551e-03
-4.974020e-03
-2.958447e-03
-9.491563e-04
1.031642e-03
2.943635e-03
4.718034e-03
6.267352e-03
7.506666e-03
8.406977e-03
9.029907e-03
9.481963e-03
9.858225e-03
1.021806e-02
1.057161e-02
1.088301e-02
1.108240e-02
1.109517e-02
1.088315e-02
1.047760e-02
9.947334e-03
9.363762e-03
8.779192e-03
8.221214e-03
7.692562e-03
7.179422e-03
6.659577e-03
6.110971e-03
5.521428e-03
4.900467e-03
4.272871e-03
3.670953e-03
3.129454e-03
2.679514e-03
2.332225e-03
2.071227e-03
1.864437e-03
1.684747e-03
1.510540e-03
1.329623e-03
1.138483e-03
9.411703e-04
7.458941e-04
5.595931e-04
3.839952e-04
2.182990e-04
5.286869e-05
-1.296359e-04
-3.544739e-04
-6.455422e-04
-1.012211e-03
-1.437702e-03
-1.895445e-03
-2.360796e-03
-2.815926e-03
-3.249691e-03
-3.656204e-03
-4.032907e-03
-4.381518e-03
-4.708925e-03
-5.031442e-03
-5.377695e-03
-5.786282e-03
-6.293545e-03
-6.912853e-03
-7.616452e-03
-8.358971e-03
-9.098988e-03
-9.807957e-03
-1.047029e-02
-1.108377e-02
-1.165399e-02
-1.218934e-02
-1.269645e-02
-1.317919e-02
-1.363670e-02
-1.405986e-02
-1.443137e-02
-1.472972e-02
-1.493688e-02
-1.504820e-02
-1.508130e-02
-1.506327e-02
-1.502051e-02
-1.497010e-02
-1.491495e-02
-1.484296e-02
-1.472581e-02
-1.452649e-02
-1.420542e-02
-1.374254e-02
-1.314830e-02
-1.243922e-02
-1.161633e-02
-1.066820e-02
-9.597703e-03
-8.446848e-03
-7.274764e-03
-6.138658e-03
-5.083992e-03
-4.140541e-03
-3.315193e-03
-2.592250e-03
-1.944275e-03
-1.346581e-03
-7.812138e-04
-2.378674e-04
2.873655e-04
7.932447e-04
1.274938e-03
1.723684e-03
2.127700e-03
2.473905e-03
2.752835e-03
2.964707e-03
3.124825e-03
3.254246e-03
3.372477e-03
3.489956e-03
3.604932e-03
3.701198e-03
3.748895e-03
3.710032e-03
3.551609e-03
3.266701e-03
2.889899e-03
2.474136e-03
2.069042e-03
1.709079e-03
1.408451e-03
1.162302e-03
9.563824e-04
7.750375e-04
6.066811e-04
4.449217e-04
2.889168e-04
1.421504e-04
1.118884e-05
-9.692467e-05
-1.766107e-04
-2.270459e-04
-2.537946e-04
-2.650633e-04
-2.678826e-04
-2.670839e-04
-2.651435e-04
-2.630270e-04
-2.604464e-04
-2.567754e-04
-2.514661e-04
-2.444346e-04
-2.357268e-04
-2.261215e-04
-2.163097e-04
-2.064999e-04
-1.956384e-04
-1.812425e-04
-1.591723e-04
-1.248419e-04
-7.429803e-05
-7.270358e-06
7.133496e-05
1.547378e-04
2.374963e-04
3.162585e-04
3.894752e-04
4.560195e-04
5.144461e-04
5.621403e-04
5.958558e-04
6.129138e-04
6.136319e-04
6.026818e-04
5.862239e-04
5.690363e-04
5.538891e-04
5.417618e-04
5.327058e-04
5.265736e-04
5.235274e-04
5.242902e-04
5.300941e-04
5.420436e-04
5.601607e-04
5.826250e-04
6.068651e-04
6.302997e-04
6.507562e-04
6.665044e-04
6.766209e-04
6.814595e-04
6.828932e-04
6.831370e-04
6.838306e-04
6.858227e-04
6.892780e-04
6.938919e-04
6.991876e-04
7.048694e-04
7.109963e-04
7.180737e-04
7.269852e-04
7.386932e-04
7.538002e-04
7.718839e-04
7.912851e-04
8.100682e-04
8.268220e-04
8.408182e-04
8.519408e-04
8.604498e-04
8.667867e-04
8.714018e-04
8.746343e-04
8.766154e-04
8.772650e-04
8.764441e-04
8.740803e-04
8.701957e-04
8.649000e-04
8.583654e-04
8.507973e-04
8.423882e-04
8.333018e-04
8.236536e-04
8.134991e-04
8.028305e-04
7.916015e-04
7.797887e-04
7.674619e-04
7.548473e-04
7.423148e-04
7.301802e-04
7.186105e-04
7.076381e-04
6.972093e-04
6.872449e-04
6.776760e-04
6.684563e-04
6.595504e-04
6.509190e-04
6.425150e-04
6.342809e-04
6.261524e-04
6.180652e-04
6.099717e-04
6.018425e-04
5.936633e-04
5.854276e-04
5.771328e-04
5.687773e-04
5.603603e-04
5.518820e-04
5.433429e-04
5.347443e-04
5.260877e-04
5.173747e-04
5.086069e-04
4.997863e-04
4.909151e-04
4.819957e-04
4.730302e-04
4.640200e-04
