  -1.1939695e-03	
  -1.2142048e-03	
  -1.2335783e-03	
  -1.2543079e-03	
  -1.2793442e-03	
  -1.2948908e-03	
  -1.3081580e-03	
  -1.3227583e-03	
  -1.3181507e-03	
  -1.3159388e-03	
  -1.3343192e-03	
  -1.3848428e-03	
  -1.4271746e-03	
  -1.4401659e-03	
  -1.4527341e-03	
  -1.4725477e-03	
  -1.4857784e-03	
  -1.4320357e-03	
  -1.3526719e-03	
  -1.3001177e-03	
  -1.1840870e-03	
  -1.1138628e-03	
  -1.1058995e-03	
  -1.0870560e-03	
  -1.0629519e-03	
  -1.1755728e-03	
  -1.3316037e-03	
  -1.3338825e-03	
  -1.2912235e-03	
  -1.3200779e-03	
  -1.6528362e-03	
  -2.1866227e-03	
  -2.3653720e-03	
  -2.0265763e-03	
  -1.3902799e-03	
  -9.6751554e-04	
  -6.3345202e-04	
  -4.7921559e-04	
  -4.5935011e-04	
  -4.1709295e-04	
  -3.4868702e-04	
  -2.8862043e-04	
  -2.7836551e-04	
  -7.1917477e-04	
  -1.5476831e-03	
  -2.4130070e-03	
  -3.0025811e-03	
  -3.0749246e-03	
  -3.0492913e-03	
  -3.2575798e-03	
  -3.7643520e-03	
  -4.2558425e-03	
  -4.3658291e-03	
  -3.7529120e-03	
  -3.4962828e-03	
  -1.9819522e-03	
  -1.5678664e-03	
  -2.0500504e-03	
  -2.1295217e-03	
  -2.6231146e-03	
  -3.8242165e-03	
  -4.1620272e-03	
  -3.7731792e-03	
  -2.2469496e-03	
   6.1397430e-04	
   2.1216659e-03	
   1.8869823e-03	
   2.1866153e-04	
  -3.3986150e-03	
  -6.5720085e-03	
  -7.0146830e-03	
  -6.6756183e-03	
  -6.8357390e-03	
  -6.9558980e-03	
  -5.3231397e-03	
  -1.7270637e-03	
   2.3257415e-03	
   3.7101435e-03	
   3.3282029e-03	
   2.9678780e-03	
   1.9816129e-03	
  -1.3337311e-03	
  -1.9387477e-03	
   3.0471308e-03	
   4.9389053e-03	
   4.1304269e-03	
   4.0469396e-03	
   4.4327186e-03	
   4.5581342e-03	
   4.5882729e-03	
   2.7144003e-03	
  -1.6123526e-03	
  -4.8375574e-03	
  -6.9574731e-03	
  -8.3596796e-03	
  -7.4518657e-03	
  -3.2006714e-05	
   5.5731961e-03	
   2.0719089e-03	
  -3.9216524e-03	
  -5.8200855e-03	
  -3.3999738e-04	
   5.4556769e-03	
   6.9601771e-03	
   6.7791443e-03	
   6.8295266e-03	
   5.5003626e-03	
  -1.0585132e-03	
  -9.3890789e-03	
  -1.3438035e-02	
  -2.0351980e-02	
  -2.5393609e-02	
  -2.1097216e-02	
  -1.1670930e-02	
  -2.2588790e-03	
   6.9126476e-03	
   1.2522697e-02	
   2.0745331e-02	
   2.7855891e-02	
   2.2523752e-02	
   1.1037106e-02	
   6.3380712e-03	
   7.3468424e-03	
   9.0572102e-03	
   8.2188418e-03	
   7.0406955e-03	
   4.6934910e-03	
  -1.9670572e-03	
  -4.4380414e-03	
   2.6661690e-03	
   1.0701432e-02	
   1.1229874e-02	
   1.0031901e-02	
   1.0344983e-02	
   1.2727167e-02	
   1.8115063e-02	
   2.4778699e-02	
   2.1844021e-02	
   1.1454529e-02	
   4.6812770e-03	
  -7.8575671e-03	
  -2.2437920e-02	
  -3.8272396e-02	
  -5.1317992e-02	
  -6.4942042e-02	
  -7.0045092e-02	
  -5.9633529e-02	
  -3.5625666e-02	
  -1.2139175e-02	
   4.7811324e-03	
   2.2514281e-02	
   4.0426842e-02	
   4.0212137e-02	
   2.3798634e-02	
   1.0770519e-02	
   4.5484065e-04	
  -1.2413841e-02	
  -1.6675906e-02	
  -1.2120572e-02	
   3.0152865e-03	
   1.4841850e-02	
   1.5048416e-02	
   1.2103645e-02	
   3.8438543e-03	
  -3.7556593e-03	
   1.9375512e-03	
   1.8120538e-02	
   3.7075125e-02	
   4.6772447e-02	
   4.4529181e-02	
   3.6028779e-02	
   1.8974502e-02	
   1.0903961e-02	
   5.4416425e-03	
  -1.6232626e-03	
  -8.7776640e-03	
  -1.5440110e-02	
  -1.6754254e-02	
  -1.3622495e-02	
  -4.1053744e-03	
   1.1947692e-03	
   1.0281020e-04	
  -6.3750052e-03	
  -1.5833549e-02	
  -1.7459701e-02	
  -1.5595800e-02	
  -8.0146019e-03	
   4.4920369e-03	
   7.0201924e-03	
   4.3476514e-03	
   5.0712547e-03	
   1.0663014e-02	
   1.5236405e-02	
   1.5046841e-02	
   4.8506049e-03	
  -1.5235789e-02	
  -2.4487728e-02	
  -2.1108208e-02	
  -1.5761447e-02	
  -1.5660980e-02	
  -1.5942351e-02	
  -6.3934823e-03	
   9.3438140e-03	
   1.6968459e-02	
   1.4337527e-02	
  -2.4440888e-03	
  -1.8244023e-02	
  -2.0554726e-02	
  -1.3696977e-02	
   5.7982190e-03	
   2.4204701e-02	
   3.1478123e-02	
   3.1570755e-02	
   2.5730703e-02	
   1.7029968e-02	
   1.0173394e-02	
  -3.6167230e-03	
  -9.3500196e-03	
   6.9816874e-03	
   2.5349608e-02	
   4.0790083e-02	
   4.9642986e-02	
   5.0200436e-02	
   4.8614385e-02	
   4.6398024e-02	
   4.4310009e-02	
   3.5753816e-02	
   2.1000359e-02	
   4.7623206e-03	
  -1.4665103e-02	
  -3.2058658e-02	
  -3.6414281e-02	
  -2.9251176e-02	
  -2.4235452e-02	
  -3.6336217e-02	
  -5.1384396e-02	
  -5.3589616e-02	
  -4.6832043e-02	
  -3.3631865e-02	
  -9.1240193e-03	
   1.3589986e-02	
   1.9490236e-02	
   1.7459897e-02	
   2.6101563e-02	
   4.5784446e-02	
   5.6458337e-02	
   6.5854933e-02	
   7.4537315e-02	
   6.9430338e-02	
   4.9060024e-02	
   2.3714830e-02	
  -6.1313944e-03	
  -2.0466955e-02	
  -1.5259848e-02	
  -4.7853229e-04	
   1.5874880e-02	
   2.8694706e-02	
   3.6970677e-02	
   3.6182826e-02	
   2.2518250e-02	
   5.8988963e-03	
  -1.5232416e-02	
  -4.7258470e-02	
  -7.6260033e-02	
  -8.0868866e-02	
  -6.4882514e-02	
  -3.8197948e-02	
  -1.6483611e-02	
  -1.0035004e-02	
  -1.2046286e-02	
  -1.2612767e-02	
  -1.3698505e-02	
  -2.5818468e-02	
  -3.9007127e-02	
  -3.1648420e-02	
  -7.9662274e-03	
   1.4107775e-02	
   2.2339833e-02	
   3.1331681e-02	
   4.9436029e-02	
   6.3422820e-02	
   6.6308292e-02	
   5.1997474e-02	
   2.5000244e-02	
  -2.4636049e-04	
  -1.1239899e-02	
   2.4141292e-03	
   1.5906057e-02	
  -5.1251778e-03	
  -4.5039541e-02	
  -7.4136041e-02	
  -7.7674698e-02	
  -7.0483748e-02	
  -6.1812656e-02	
  -6.3873929e-02	
  -6.4743751e-02	
  -5.3110596e-02	
  -3.0753572e-02	
  -3.8460885e-03	
   1.9693178e-02	
   2.7838755e-02	
   2.6276796e-02	
   2.4149214e-02	
   2.3012182e-02	
   2.3110588e-02	
   2.3293723e-02	
   2.3344497e-02	
   2.6921842e-02	
   3.6223108e-02	
   4.6862179e-02	
   5.6293190e-02	
   5.6476400e-02	
   3.7778084e-02	
  -2.7442457e-03	
  -4.6521076e-02	
  -7.0921256e-02	
  -7.2358634e-02	
  -5.5849518e-02	
  -3.4905699e-02	
  -1.7336588e-02	
  -5.6475332e-03	
  -1.0809368e-02	
  -3.1472775e-02	
  -4.2686277e-02	
  -3.8505575e-02	
  -3.0599667e-02	
  -1.2322054e-02	
  -2.8525077e-03	
  -1.4272239e-02	
  -3.6833462e-02	
  -5.1709991e-02	
  -4.6701805e-02	
  -2.8563461e-02	
  -1.0544349e-02	
  -1.6762840e-03	
   6.1957313e-03	
   1.7893220e-02	
   2.9709855e-02	
   5.0855074e-02	
   6.4619699e-02	
   6.2761584e-02	
   4.6656033e-02	
   1.8866254e-02	
  -4.6132809e-03	
  -1.9840100e-02	
  -2.3693334e-02	
  -2.0600640e-02	
  -1.3261491e-02	
  -1.1630316e-02	
  -1.5485470e-02	
  -6.9516392e-03	
   4.5378136e-03	
   1.3506933e-02	
   9.0025218e-03	
  -5.4897345e-03	
  -2.4253934e-02	
  -3.1330964e-02	
  -1.5537225e-02	
   1.1937220e-02	
   3.8786446e-02	
   5.7091107e-02	
   5.0834220e-02	
   2.4438847e-02	
  -5.0900907e-03	
  -2.7260004e-02	
  -3.3116584e-02	
  -3.0887819e-02	
  -2.9035789e-02	
  -1.4265425e-02	
   1.2706191e-02	
   3.5676272e-02	
   4.4005876e-02	
   3.6783289e-02	
   2.6812540e-02	
   1.3396650e-02	
   1.1047949e-03	
  -5.7831043e-03	
  -1.2542355e-02	
  -1.1156812e-02	
  -3.0873420e-03	
   2.1091085e-03	
   7.6643934e-04	
  -1.3854573e-03	
  -6.4801029e-03	
  -2.2615688e-02	
  -3.9875212e-02	
  -5.2447291e-02	
  -6.2201031e-02	
  -6.8057449e-02	
  -6.5595741e-02	
  -4.6446142e-02	
  -4.1647867e-03	
   3.1498119e-02	
   3.8166683e-02	
   2.0515816e-02	
  -5.9766140e-03	
  -2.0081019e-02	
  -6.8793343e-03	
   1.3987109e-02	
   2.6735327e-02	
   1.7499227e-02	
   3.0780714e-03	
  -2.9451921e-03	
  -7.2638836e-03	
  -7.3451050e-03	
  -3.9158382e-03	
  -3.2376520e-03	
  -3.7062261e-03	
  -3.2457647e-03	
  -2.6491338e-03	
   1.9450981e-03	
   1.7292479e-02	
   3.7665706e-02	
   4.9032639e-02	
   4.7518102e-02	
   4.1296894e-02	
   3.4461297e-02	
   2.3304796e-02	
   9.0087140e-03	
  -5.4805977e-03	
  -2.2962064e-02	
  -2.9812107e-02	
  -2.6604108e-02	
  -1.6749407e-02	
  -2.6006031e-04	
   2.4074969e-02	
   5.0540998e-02	
   6.3801549e-02	
   6.2144126e-02	
   5.1656790e-02	
   3.1999744e-02	
   1.0223804e-02	
   3.0478886e-03	
   4.4101158e-03	
   4.5357768e-03	
  -6.2643811e-05	
  -1.7005098e-03	
  -2.5514478e-03	
  -1.2302848e-02	
  -2.3141238e-02	
  -3.2142718e-02	
  -4.9752579e-02	
  -6.6696411e-02	
  -8.1500926e-02	
  -8.4609782e-02	
  -6.7981737e-02	
  -3.8907903e-02	
  -1.4509765e-02	
  -4.6776172e-03	
  -6.9878931e-03	
  -5.3387857e-03	
   8.1791741e-04	
  -7.8465821e-03	
  -3.3354192e-02	
  -5.3787137e-02	
  -5.8304642e-02	
  -4.4100131e-02	
  -2.2812762e-02	
  -3.3607583e-03	
   1.0329280e-02	
   2.4518290e-02	
   4.1338975e-02	
   5.4331486e-02	
   5.4839101e-02	
   4.5830704e-02	
   5.0128537e-02	
   6.3591219e-02	
   7.6490008e-02	
   9.6615678e-02	
   1.2030556e-01	
   1.3330652e-01	
   1.3384739e-01	
   1.3079059e-01	
   1.1486998e-01	
   8.6620882e-02	
   5.0631697e-02	
   1.3197027e-02	
  -6.6367010e-03	
  -2.0171847e-02	
  -2.5972326e-02	
  -2.2537968e-02	
  -1.2946225e-02	
  -5.6874138e-03	
  -1.1558714e-02	
  -2.4618230e-02	
  -3.5364088e-02	
  -4.7469734e-02	
  -5.9621206e-02	
  -7.5700440e-02	
  -8.6786232e-02	
  -8.5701522e-02	
  -7.7889666e-02	
  -7.4982393e-02	
  -7.4165447e-02	
  -6.7844847e-02	
  -6.0104627e-02	
  -5.4326186e-02	
  -4.7038291e-02	
  -3.8254867e-02	
  -3.2745683e-02	
  -1.7616743e-02	
   7.1671345e-03	
   2.7384638e-02	
   4.4598241e-02	
   6.4401797e-02	
   7.6117127e-02	
   7.6213795e-02	
   7.0445757e-02	
   6.5084266e-02	
   6.3644663e-02	
   6.0195610e-02	
   5.8090438e-02	
   5.8523267e-02	
   5.3415086e-02	
   3.6584302e-02	
   1.8219721e-02	
   2.4233965e-03	
  -4.8589839e-03	
  -5.8926602e-03	
  -6.9322313e-03	
  -1.8549224e-02	
  -3.3177235e-02	
  -5.1811736e-02	
  -6.5634523e-02	
  -6.9231526e-02	
  -6.8380577e-02	
  -6.6452294e-02	
  -6.2442823e-02	
  -4.9870426e-02	
  -2.0741958e-02	
   1.6915920e-02	
   4.9930631e-02	
   6.7000178e-02	
   6.6349116e-02	
   4.7730778e-02	
   1.9511219e-02	
   7.0669784e-04	
   3.1367874e-03	
   2.5782234e-02	
   6.1427910e-02	
   9.1648700e-02	
   9.9900024e-02	
   8.9747112e-02	
   6.0606401e-02	
   2.7339448e-02	
   4.9266414e-03	
  -1.8789508e-03	
  -5.8882635e-03	
  -2.4553794e-02	
  -4.5556140e-02	
  -5.8433474e-02	
  -5.4137507e-02	
  -4.9895966e-02	
  -5.8049756e-02	
  -7.2185173e-02	
  -7.7253077e-02	
  -6.5410754e-02	
  -3.9621888e-02	
   3.9534312e-04	
   3.9641215e-02	
   6.1855616e-02	
   6.1984840e-02	
   4.6369693e-02	
   2.8167899e-02	
   1.3063916e-02	
  -3.7752991e-03	
  -1.9679516e-02	
  -2.7068703e-02	
  -2.6567679e-02	
  -2.5941507e-02	
  -2.7924803e-02	
  -2.0066445e-02	
   4.0502939e-03	
   5.0813947e-02	
   1.1637455e-01	
   1.6321398e-01	
   1.7493420e-01	
   1.5085778e-01	
   9.6573292e-02	
   3.5374789e-02	
  -8.9700265e-03	
  -3.8309096e-02	
  -7.0353686e-02	
  -1.2289274e-01	
  -1.7673493e-01	
  -1.9833887e-01	
  -1.7894862e-01	
  -1.4270232e-01	
  -1.0829398e-01	
  -7.9533496e-02	
  -5.4719672e-02	
  -3.2066547e-02	
  -1.2756451e-02	
   6.8119168e-03	
   2.7766457e-02	
   4.4514938e-02	
   5.4740885e-02	
   5.3637416e-02	
   3.9477203e-02	
   1.9796667e-02	
  -5.6462434e-04	
  -1.2092991e-02	
  -1.4633805e-02	
  -1.4121309e-02	
  -1.6034544e-02	
  -1.5134538e-02	
   1.2106673e-03	
   4.1651909e-02	
   8.3643035e-02	
   9.8624952e-02	
   9.6800766e-02	
   8.8593788e-02	
   7.4441390e-02	
   4.6345789e-02	
   6.0079250e-03	
  -3.2649225e-02	
  -6.1608328e-02	
  -9.1486460e-02	
  -1.0879199e-01	
  -1.0779300e-01	
  -1.0480048e-01	
  -1.0154095e-01	
  -9.0426627e-02	
  -7.3651214e-02	
  -5.1431459e-02	
  -2.9905848e-02	
  -1.9186698e-02	
  -2.0410069e-02	
  -1.9899736e-02	
  -1.0035788e-02	
   1.1427401e-02	
   3.2401782e-02	
   5.2291311e-02	
   6.5748740e-02	
   7.0916794e-02	
   6.8111867e-02	
   7.0813839e-02	
   7.8763937e-02	
   7.0979527e-02	
   5.4866675e-02	
   3.4328835e-02	
   1.2219511e-03	
  -3.2268110e-02	
  -5.7891809e-02	
  -7.8201505e-02	
  -8.9385925e-02	
  -9.2324632e-02	
  -8.4579836e-02	
  -7.8648679e-02	
  -7.9486514e-02	
  -8.0681546e-02	
  -7.8330621e-02	
  -6.2143200e-02	
  -4.3891916e-02	
  -2.9008951e-02	
  -1.7055973e-02	
  -5.4793870e-03	
   7.5206352e-03	
   1.3797261e-02	
   1.3605980e-02	
   6.9674238e-03	
  -1.5982120e-04	
   6.3158775e-03	
   2.3546446e-02	
   5.4537726e-02	
   7.7976330e-02	
   7.8585203e-02	
   6.3512329e-02	
   3.5679936e-02	
   1.4740984e-02	
   2.7606806e-02	
   5.7832611e-02	
   8.7534834e-02	
   1.1210405e-01	
   1.2177478e-01	
   1.0988481e-01	
   8.4179238e-02	
   5.1917841e-02	
   1.7585883e-02	
   4.0784006e-03	
   1.3298509e-02	
   3.3136837e-02	
   4.1704813e-02	
   3.6877186e-02	
   1.7021971e-02	
  -6.4464333e-03	
  -1.9407034e-02	
  -2.5427902e-02	
  -2.5347965e-02	
  -2.6090477e-02	
  -2.7269691e-02	
  -3.0381745e-02	
  -3.7197441e-02	
  -3.5698249e-02	
  -2.8541808e-02	
  -2.6864382e-02	
  -1.8521406e-02	
  -1.4490682e-03	
  -1.6006173e-03	
  -1.0939208e-02	
  -2.6017307e-03	
   1.8781166e-02	
   3.1636658e-02	
   1.2128299e-02	
  -2.6876989e-02	
  -6.6473453e-02	
  -1.0350405e-01	
  -1.3936200e-01	
  -1.7408643e-01	
  -2.0777678e-01	
  -2.2888495e-01	
  -2.3058968e-01	
  -2.0831298e-01	
  -1.5007822e-01	
  -5.4749010e-02	
   5.3100266e-02	
   1.1871709e-01	
   1.3298752e-01	
   1.2394007e-01	
   1.0441949e-01	
   8.8452572e-02	
   8.4335935e-02	
   7.4543399e-02	
   5.7456350e-02	
   3.1977294e-02	
  -1.0284238e-04	
  -2.2489594e-02	
  -1.6442253e-02	
   1.4548953e-02	
   4.8260039e-02	
   7.1939109e-02	
   8.8142018e-02	
   9.0431968e-02	
   8.5426661e-02	
   7.0336042e-02	
   5.5296847e-02	
   5.7364684e-02	
   7.4475055e-02	
   7.9592172e-02	
   6.0923675e-02	
   3.5480522e-02	
   9.4924055e-03	
  -4.7953527e-03	
   1.0575925e-02	
   2.5085454e-02	
   1.3870391e-02	
  -1.8954344e-02	
  -5.3491752e-02	
  -8.4178292e-02	
  -1.0641254e-01	
  -1.1049943e-01	
  -1.0794402e-01	
  -1.0741971e-01	
  -1.0038715e-01	
  -8.1185166e-02	
  -5.4208190e-02	
  -2.1488965e-02	
   7.9745422e-03	
   2.4463595e-02	
   3.1546135e-02	
   2.5965322e-02	
   1.5062950e-02	
  -1.8019470e-03	
  -1.4996506e-02	
  -2.1745169e-02	
  -3.8938472e-02	
  -5.8606685e-02	
  -7.4851452e-02	
  -7.4886063e-02	
  -5.0954102e-02	
  -1.0805319e-02	
   2.8368266e-02	
   6.0361899e-02	
   8.2804119e-02	
   9.4854360e-02	
   9.0733464e-02	
   6.6302445e-02	
   7.1649578e-03	
  -7.0184754e-02	
  -1.4087218e-01	
  -1.8297644e-01	
  -1.9681929e-01	
  -1.8724227e-01	
  -1.5776326e-01	
  -1.1320492e-01	
  -4.9316715e-02	
   1.3794706e-02	
   6.9607585e-02	
   1.2508582e-01	
   1.7464744e-01	
   2.0283522e-01	
   2.0796653e-01	
   1.9791252e-01	
   1.7588499e-01	
   1.5750658e-01	
   1.4298387e-01	
   1.3848428e-01	
   1.3966126e-01	
   1.2890434e-01	
   9.6378131e-02	
   5.7610741e-02	
   1.8044157e-02	
  -1.6136951e-02	
  -3.8483497e-02	
  -5.6321988e-02	
  -7.8870745e-02	
  -1.0107113e-01	
  -1.1739727e-01	
  -1.2767977e-01	
  -1.2437717e-01	
  -1.0501667e-01	
  -7.3550963e-02	
  -3.4092498e-02	
   1.1546202e-02	
   4.9431547e-02	
   5.7147296e-02	
   3.6177546e-02	
  -2.5953769e-03	
  -2.5621502e-02	
  -2.3106836e-02	
  -2.8443403e-03	
   1.6862975e-02	
   3.3436920e-02	
   3.9113901e-02	
   3.1485315e-02	
   2.0392128e-02	
   9.4427060e-03	
  -7.0105864e-03	
  -2.4155271e-02	
  -2.5461243e-02	
  -1.5504790e-02	
   1.5100184e-02	
   5.8062837e-02	
   9.3326329e-02	
   1.0739653e-01	
   9.4097916e-02	
   6.9909284e-02	
   4.8447967e-02	
   3.8850497e-02	
   4.0028745e-02	
   4.1185976e-02	
   3.5587668e-02	
   1.8252108e-02	
   5.5229315e-03	
  -8.7535916e-03	
  -2.5576960e-02	
  -4.3492461e-02	
  -6.6050784e-02	
  -9.1604760e-02	
  -1.1702702e-01	
  -1.2999128e-01	
  -1.3202915e-01	
  -1.2475053e-01	
  -1.0936477e-01	
  -7.8981204e-02	
  -4.0963444e-02	
  -8.7814293e-03	
   1.3878834e-02	
   2.3532844e-02	
   1.5327543e-02	
  -5.1317262e-03	
  -3.0817366e-02	
  -5.3831056e-02	
  -6.1617258e-02	
  -5.7217438e-02	
  -4.2164621e-02	
  -9.3302331e-03	
   3.5270415e-02	
   6.9876160e-02	
   8.7413492e-02	
   9.2383174e-02	
   8.0722580e-02	
   5.9396564e-02	
   4.2875915e-02	
   3.7841851e-02	
   3.8904118e-02	
   4.0097177e-02	
   4.0352941e-02	
   4.0261215e-02	
   4.0258524e-02	
   4.0308805e-02	
   4.5171077e-02	
   5.9786806e-02	
   7.8539505e-02	
   9.8747444e-02	
   1.0744709e-01	
   1.0516140e-01	
   9.5349597e-02	
   7.4915334e-02	
   5.1242970e-02	
   3.8246870e-02	
   3.6329396e-02	
   2.2723010e-02	
  -2.3019172e-03	
  -3.8298827e-02	
  -8.3180583e-02	
  -1.1458944e-01	
  -1.2269441e-01	
  -1.2031144e-01	
  -1.1144381e-01	
  -9.0629698e-02	
  -7.2598412e-02	
  -5.6989828e-02	
  -5.2309752e-02	
  -5.4072111e-02	
  -5.5603731e-02	
  -6.5230755e-02	
  -7.9956469e-02	
  -8.1152042e-02	
  -6.7632313e-02	
  -4.5428991e-02	
  -1.1352291e-02	
   2.2893092e-02	
   4.2224758e-02	
   4.6875713e-02	
   5.9938737e-02	
   7.6909196e-02	
   9.6167963e-02	
   1.1868769e-01	
   1.3695185e-01	
   1.4148619e-01	
   1.3918854e-01	
   1.3058819e-01	
   1.1087678e-01	
   8.4842597e-02	
   5.3080311e-02	
   2.0845555e-02	
   5.7869670e-04	
  -1.0298901e-02	
  -1.9581793e-02	
  -2.1541653e-02	
  -2.0156556e-02	
  -1.9999318e-02	
  -2.1675027e-02	
  -3.7215375e-02	
  -5.3503325e-02	
  -5.9648536e-02	
  -6.6621950e-02	
  -6.4145525e-02	
  -4.8068535e-02	
  -2.2256617e-02	
   8.5609722e-03	
   3.3997831e-02	
   4.9814548e-02	
   6.2699737e-02	
   7.3956022e-02	
   7.7741960e-02	
   6.8967075e-02	
   4.2767275e-02	
   3.3538922e-03	
  -4.3704238e-02	
  -7.8685251e-02	
  -9.1219643e-02	
  -8.5882758e-02	
  -6.8530041e-02	
  -4.9973131e-02	
  -4.5548684e-02	
  -5.0268462e-02	
  -6.1403000e-02	
  -7.4281381e-02	
  -8.0345101e-02	
  -7.9279996e-02	
  -8.5752763e-02	
  -1.0444998e-01	
  -1.2116097e-01	
  -1.3879889e-01	
  -1.4479190e-01	
  -1.3551076e-01	
  -1.1206532e-01	
  -6.5886428e-02	
   6.0016125e-03	
   7.7877093e-02	
   1.1585302e-01	
   1.2000284e-01	
   1.1206349e-01	
   9.0010482e-02	
   5.6243389e-02	
   2.7034065e-02	
   1.8739829e-02	
   2.8712438e-02	
   4.8553308e-02	
   5.6756426e-02	
   5.6213882e-02	
   5.5149304e-02	
   5.2342396e-02	
   3.4090748e-02	
   4.8274302e-03	
  -1.1651577e-02	
  -5.8069536e-03	
   2.4158361e-02	
   7.2289818e-02	
   1.2870912e-01	
   1.5975232e-01	
   1.5658371e-01	
   1.2697098e-01	
   7.2765316e-02	
   1.1085393e-02	
  -4.1064032e-02	
  -7.9132763e-02	
  -1.1960901e-01	
  -1.5577893e-01	
  -1.6879328e-01	
  -1.6622191e-01	
  -1.6241995e-01	
  -1.4687952e-01	
  -1.1852294e-01	
  -9.1000146e-02	
  -7.0357877e-02	
  -6.5144640e-02	
  -5.7992492e-02	
  -3.7640667e-02	
  -1.3961752e-02	
   1.1182466e-02	
   4.3191418e-02	
   7.8230708e-02	
   1.0583990e-01	
   1.1908146e-01	
   1.0851537e-01	
   7.1269531e-02	
   3.0260207e-02	
  -4.4583789e-03	
  -2.1331667e-02	
  -2.2759338e-02	
  -1.7413753e-02	
   7.4521294e-03	
   4.2437529e-02	
   7.3681972e-02	
   9.4915673e-02	
   1.0331038e-01	
   8.9053942e-02	
   5.3942231e-02	
   6.1015226e-03	
  -5.3842940e-02	
  -1.1960096e-01	
  -1.8421514e-01	
  -2.4284712e-01	
  -2.7975712e-01	
  -2.9489243e-01	
  -2.9876057e-01	
  -2.8166750e-01	
  -2.2266554e-01	
  -1.3993268e-01	
  -6.3930834e-02	
  -1.0745290e-02	
   2.0628397e-02	
   3.9694524e-02	
   5.2511132e-02	
   5.8643095e-02	
   6.4792038e-02	
   6.6135852e-02	
   6.9222738e-02	
   8.3507970e-02	
   1.1156832e-01	
   1.5577859e-01	
   2.0508427e-01	
   2.5010932e-01	
   2.8329321e-01	
   2.9957467e-01	
   3.0400464e-01	
   2.9678611e-01	
   2.7793774e-01	
   2.3972582e-01	
   1.8788697e-01	
   1.2740775e-01	
   7.2260614e-02	
   3.6904861e-02	
   1.9743574e-02	
   5.9339503e-03	
  -1.3513172e-02	
  -6.0419089e-02	
  -1.4778847e-01	
  -2.5679239e-01	
  -3.5811580e-01	
  -4.0873772e-01	
  -4.0790563e-01	
  -3.8223737e-01	
  -3.4222635e-01	
  -2.8432810e-01	
  -2.2727059e-01	
  -1.8283576e-01	
  -1.4769816e-01	
  -1.0401585e-01	
  -4.2958279e-02	
   3.5281535e-02	
   1.0676223e-01	
   1.7602033e-01	
   2.4674784e-01	
   2.9438414e-01	
   3.1776097e-01	
   3.2627039e-01	
   3.2667781e-01	
   3.2292817e-01	
   3.1159064e-01	
   2.9621941e-01	
   2.8058813e-01	
   2.5759365e-01	
   2.2683667e-01	
   1.8507751e-01	
   1.2355009e-01	
   3.0526436e-02	
  -7.3035784e-02	
  -1.6280243e-01	
  -2.3110655e-01	
  -2.7943927e-01	
  -3.0962720e-01	
  -3.1940763e-01	
  -3.1625024e-01	
  -3.0816481e-01	
  -2.9248296e-01	
  -2.7023147e-01	
  -2.4718643e-01	
  -2.3314388e-01	
  -2.2728323e-01	
  -2.2668700e-01	
  -2.1208682e-01	
  -1.7802899e-01	
  -1.1960238e-01	
  -4.9297178e-02	
   1.5737381e-02	
   7.9117147e-02	
   1.4403241e-01	
   2.0762786e-01	
   2.5630357e-01	
   2.8936112e-01	
   3.1796309e-01	
   3.4124994e-01	
   3.7086388e-01	
   4.0258720e-01	
   4.3274667e-01	
   4.5461284e-01	
   4.5244362e-01	
   4.2333925e-01	
   3.7064350e-01	
   2.9664813e-01	
   1.9257645e-01	
   7.8241457e-02	
  -2.2679962e-02	
  -9.6437416e-02	
  -1.5307723e-01	
  -1.9439475e-01	
  -2.2688953e-01	
  -2.5830447e-01	
  -2.7175639e-01	
  -2.5961368e-01	
  -2.2760893e-01	
  -1.8866646e-01	
  -1.6051911e-01	
  -1.4814080e-01	
  -1.4407291e-01	
  -1.3886203e-01	
  -1.3050315e-01	
  -1.1211000e-01	
  -8.6256721e-02	
  -6.7509396e-02	
  -7.7941583e-02	
  -1.0814533e-01	
  -1.2913364e-01	
  -1.1271178e-01	
  -4.8894147e-02	
   3.5930164e-02	
   1.0789460e-01	
   1.4550630e-01	
   1.4731716e-01	
   1.0998804e-01	
   5.0820727e-02	
   4.4688994e-03	
  -2.5392081e-02	
  -3.1709822e-02	
  -1.4333228e-02	
   1.4529478e-03	
  -7.2282720e-03	
  -2.8109128e-02	
  -3.7672534e-02	
  -4.7030084e-02	
  -5.4594253e-02	
  -6.1741574e-02	
  -7.2982650e-02	
  -9.4880994e-02	
  -1.1840735e-01	
  -1.2893051e-01	
  -1.2701296e-01	
  -1.1625638e-01	
  -9.2000558e-02	
  -5.7677625e-02	
  -2.9455571e-02	
  -2.0714100e-02	
  -1.5624077e-02	
  -8.5051210e-03	
  -1.6314726e-03	
   3.6555660e-03	
   1.1663481e-02	
   2.0139926e-02	
   2.2948841e-02	
   2.8883479e-02	
   4.3716454e-02	
   7.2749700e-02	
   1.0316213e-01	
   1.2754782e-01	
   1.4927358e-01	
   1.6837010e-01	
   1.8711004e-01	
   1.9354380e-01	
   1.6735387e-01	
   1.1332674e-01	
   3.1105694e-02	
  -6.6582099e-02	
  -1.5255184e-01	
  -2.0713877e-01	
  -2.3478163e-01	
  -2.4766977e-01	
  -2.5691786e-01	
  -2.6534156e-01	
  -2.6777746e-01	
  -2.6073786e-01	
  -2.3674845e-01	
  -1.9232511e-01	
  -1.3210095e-01	
  -6.9124786e-02	
  -4.9358566e-03	
   4.9584647e-02	
   8.4577470e-02	
   1.0371821e-01	
   1.1814986e-01	
   1.3242036e-01	
   1.4735468e-01	
   1.5642762e-01	
   1.6104679e-01	
   1.6196027e-01	
   1.6853606e-01	
   1.8283373e-01	
   2.0143671e-01	
   2.2519946e-01	
   2.4595178e-01	
   2.6503439e-01	
   2.8186996e-01	
   2.8841371e-01	
   2.8228300e-01	
   2.5257266e-01	
   1.8782518e-01	
   9.4642907e-02	
   9.5556183e-03	
  -4.7839188e-02	
  -9.7253686e-02	
  -1.4969074e-01	
  -2.1159206e-01	
  -2.7585180e-01	
  -3.2044773e-01	
  -3.2534014e-01	
  -2.9872697e-01	
  -2.6559114e-01	
  -2.3512693e-01	
  -2.0779916e-01	
  -1.8160388e-01	
  -1.5449595e-01	
  -1.2349993e-01	
  -9.1563321e-02	
  -5.7407150e-02	
  -1.6639280e-02	
   2.5134241e-02	
   6.5643277e-02	
   9.5706120e-02	
   1.2165627e-01	
   1.5580705e-01	
   1.9700594e-01	
   2.4989117e-01	
   3.0953709e-01	
   3.5377926e-01	
   3.6515424e-01	
   3.5178459e-01	
   3.2869878e-01	
   3.0352380e-01	
   2.8000711e-01	
   2.5773920e-01	
   2.2984399e-01	
   1.8310055e-01	
   1.1856188e-01	
   3.6709477e-02	
  -3.1443437e-02	
  -8.2211943e-02	
  -1.1890232e-01	
  -1.3577791e-01	
  -1.2791272e-01	
  -1.1393304e-01	
  -1.0428084e-01	
  -1.0989387e-01	
  -1.3388248e-01	
  -1.5682118e-01	
  -1.7185482e-01	
  -1.8325664e-01	
  -1.8544999e-01	
  -1.8383766e-01	
  -1.8328118e-01	
  -1.7873582e-01	
  -1.5713627e-01	
  -1.2709091e-01	
  -1.1582827e-01	
  -1.1878658e-01	
  -1.1561412e-01	
  -1.1167141e-01	
  -1.1781497e-01	
  -1.1938525e-01	
  -1.0256962e-01	
  -7.6791572e-02	
  -4.2709646e-02	
  -1.7330024e-03	
   3.7046808e-02	
   6.7054853e-02	
   8.7033851e-02	
   1.0334985e-01	
   1.1046530e-01	
   1.0633494e-01	
   8.7147148e-02	
   4.1462352e-02	
  -1.2381704e-02	
  -5.6190796e-02	
  -9.2040848e-02	
  -1.2686255e-01	
  -1.5231889e-01	
  -1.5571153e-01	
  -1.4762954e-01	
  -1.2460532e-01	
  -7.9097340e-02	
  -2.6744122e-02	
   2.3338136e-02	
   8.3091554e-02	
   1.4362600e-01	
   2.0345261e-01	
   2.4857277e-01	
   2.7546425e-01	
   2.8285104e-01	
   2.6662258e-01	
   2.3948226e-01	
   2.0837720e-01	
   1.7654822e-01	
   1.4343307e-01	
   1.0802703e-01	
   7.5021466e-02	
   4.8024176e-02	
   1.5864537e-02	
  -1.9285651e-02	
  -5.8830326e-02	
  -9.9320624e-02	
  -1.1938390e-01	
  -1.1880423e-01	
  -1.1552245e-01	
  -9.9845876e-02	
  -6.4529412e-02	
  -2.5467773e-02	
  -2.5063092e-03	
   1.5784586e-03	
  -7.7022832e-03	
  -2.0958954e-02	
  -3.9681301e-02	
  -5.4124900e-02	
  -5.3473824e-02	
  -4.1481990e-02	
  -2.5061882e-02	
  -1.8595503e-02	
  -2.0231619e-02	
  -2.1015535e-02	
  -2.0345984e-02	
  -1.2129056e-02	
   4.5442451e-03	
   1.3054256e-02	
   1.0090422e-02	
  -1.3696943e-02	
  -6.1440220e-02	
  -1.1419127e-01	
  -1.6691238e-01	
  -2.1453698e-01	
  -2.4173436e-01	
  -2.4750233e-01	
  -2.4381677e-01	
  -2.3127298e-01	
  -2.1387322e-01	
  -2.0976888e-01	
  -2.0888001e-01	
  -2.0260673e-01	
  -1.9016015e-01	
  -1.6351095e-01	
  -1.1709821e-01	
  -6.8095170e-02	
  -4.8942549e-02	
  -6.4364569e-02	
  -9.5403069e-02	
  -1.1715263e-01	
  -1.1724787e-01	
  -1.0359463e-01	
  -8.1125746e-02	
  -5.5399403e-02	
  -3.2637192e-02	
  -1.4159205e-02	
   6.0681309e-03	
   1.4879463e-02	
   1.1719677e-02	
  -6.0080669e-03	
  -3.3169894e-02	
  -5.1810296e-02	
  -5.2595943e-02	
  -5.0060004e-02	
  -5.0533636e-02	
  -4.9097873e-02	
  -2.6304052e-02	
   2.8018787e-02	
   9.4808324e-02	
   1.5727302e-01	
   2.1028940e-01	
   2.3883492e-01	
   2.4058333e-01	
   2.3051228e-01	
   2.0756242e-01	
   1.6559343e-01	
   1.1553131e-01	
   6.5484269e-02	
   3.3191938e-02	
   1.6651780e-02	
   1.6858284e-02	
   3.7950552e-02	
   7.1618820e-02	
   1.1790542e-01	
   1.6836219e-01	
   2.0735935e-01	
   2.2275322e-01	
   2.1621306e-01	
   1.9150762e-01	
   1.4061327e-01	
   8.6631428e-02	
   5.3909459e-02	
   4.0205411e-02	
   3.2580212e-02	
   3.4998115e-02	
   4.4584762e-02	
   4.4875996e-02	
   3.5089673e-02	
   2.4250892e-02	
   1.7036268e-02	
   2.5518425e-02	
   3.2847644e-02	
   2.3842763e-02	
   7.9505239e-05	
  -2.5020078e-02	
  -3.9671614e-02	
  -3.4842561e-02	
  -1.8836044e-02	
  -1.2957534e-02	
  -1.5458477e-02	
  -2.8138703e-02	
  -5.6758258e-02	
  -9.2984408e-02	
  -1.2129488e-01	
  -1.3679009e-01	
  -1.3091463e-01	
  -1.1193526e-01	
  -9.0237144e-02	
  -6.1703725e-02	
  -1.8493291e-02	
   2.8816535e-02	
   7.5479997e-02	
   1.2402707e-01	
   1.7190099e-01	
   2.0635900e-01	
   2.2804542e-01	
   2.4148282e-01	
   2.5008241e-01	
   2.6319026e-01	
   2.7947057e-01	
   3.0058191e-01	
   3.2539726e-01	
   3.4694760e-01	
   3.6804387e-01	
   3.7894437e-01	
   3.7872548e-01	
   3.6652301e-01	
   3.3530715e-01	
   2.8094986e-01	
   2.1518047e-01	
   1.5924769e-01	
   1.1534771e-01	
   7.9743596e-02	
   4.8070853e-02	
   2.2236702e-02	
   4.7257396e-03	
  -1.2500159e-02	
  -3.4205086e-02	
  -5.1111454e-02	
  -6.5764180e-02	
  -7.8088072e-02	
  -8.3140699e-02	
  -1.0859054e-01	
  -1.5110662e-01	
  -2.0036748e-01	
  -2.4800459e-01	
  -2.8731778e-01	
  -3.2298645e-01	
  -3.4844204e-01	
  -3.6521731e-01	
  -3.6114651e-01	
  -3.3787663e-01	
  -3.1452570e-01	
  -3.0165168e-01	
  -3.0656377e-01	
  -3.2459884e-01	
  -3.4262580e-01	
  -3.5496895e-01	
  -3.5236669e-01	
  -3.3359944e-01	
  -3.0738092e-01	
  -2.7649117e-01	
  -2.3872859e-01	
  -1.9867397e-01	
  -1.6025053e-01	
  -1.2895356e-01	
  -9.7395308e-02	
  -7.2769913e-02	
  -5.6246147e-02	
  -4.4588101e-02	
  -4.2628783e-02	
  -3.9843683e-02	
  -2.5517324e-02	
  -9.4688064e-03	
   8.7614264e-03	
   2.9385294e-02	
   4.9253049e-02	
   6.9706957e-02	
   9.5426729e-02	
   1.2292262e-01	
   1.5020619e-01	
   1.7369624e-01	
   1.9692705e-01	
   2.2035308e-01	
   2.4382928e-01	
   2.6492812e-01	
   2.7917664e-01	
   2.8012000e-01	
   2.7826276e-01	
   2.7818353e-01	
   2.7311218e-01	
   2.5662772e-01	
   2.3676014e-01	
   2.1258233e-01	
   1.8048734e-01	
   1.4975428e-01	
   1.2481819e-01	
   1.0439928e-01	
   8.8319265e-02	
   8.1421361e-02	
   6.4970860e-02	
   4.9623484e-02	
   3.3214199e-02	
   7.5743704e-03	
  -2.5191593e-02	
  -6.5606354e-02	
  -1.1747575e-01	
  -1.7036119e-01	
  -2.1194919e-01	
  -2.4276789e-01	
  -2.7300645e-01	
  -2.9315112e-01	
  -2.9681619e-01	
  -2.8816724e-01	
  -2.7581855e-01	
  -2.6572140e-01	
  -2.6033159e-01	
  -2.4431830e-01	
  -2.2075165e-01	
  -1.9326421e-01	
  -1.6379811e-01	
  -1.3853741e-01	
  -1.1689933e-01	
  -9.1182192e-02	
  -6.2675103e-02	
  -2.7601533e-02	
   4.5866789e-03	
   3.1939418e-02	
   5.3471025e-02	
   7.4021324e-02	
   9.1373433e-02	
   1.0247261e-01	
   1.1506913e-01	
   1.1654375e-01	
   1.0358828e-01	
   9.0985612e-02	
   8.3362630e-02	
   8.1138996e-02	
   9.0449611e-02	
   1.0438075e-01	
   1.2720630e-01	
   1.5180256e-01	
   1.5801297e-01	
   1.5537894e-01	
   1.6016123e-01	
   1.6551630e-01	
   1.5857378e-01	
   1.4909748e-01	
   1.2913162e-01	
   1.0437305e-01	
   8.3646956e-02	
   7.0280272e-02	
   6.1860368e-02	
   5.8466267e-02	
   5.8689583e-02	
   5.5934586e-02	
   4.6225779e-02	
   3.2247803e-02	
   2.6157259e-02	
   2.8256354e-02	
   2.9441564e-02	
   2.6597531e-02	
   1.6117834e-02	
  -4.8948389e-03	
  -3.6638950e-02	
  -8.0174073e-02	
  -1.1969655e-01	
  -1.4893220e-01	
  -1.6942203e-01	
  -1.7711950e-01	
  -1.6692306e-01	
  -1.4300597e-01	
  -1.0733427e-01	
  -7.2611729e-02	
  -4.4661684e-02	
  -2.7793950e-02	
  -1.3465792e-02	
  -8.4614785e-03	
  -1.9546912e-02	
  -3.6154251e-02	
  -5.4912251e-02	
  -8.0068617e-02	
  -9.6837946e-02	
  -9.8125253e-02	
  -8.9936257e-02	
  -5.9832841e-02	
  -3.6354259e-03	
   6.0767715e-02	
   1.1983452e-01	
   1.6472869e-01	
   1.9726809e-01	
   2.1461574e-01	
   1.9927439e-01	
   1.6541632e-01	
   1.2357544e-01	
   8.1845010e-02	
   4.7471350e-02	
   2.2920557e-02	
   5.1610004e-03	
  -6.6440511e-04	
   3.7643337e-03	
   2.3078532e-02	
   4.9810425e-02	
   6.6523544e-02	
   7.0233831e-02	
   6.7307258e-02	
   5.2754033e-02	
   2.1821834e-02	
  -1.7016150e-02	
  -5.8205547e-02	
  -9.5994163e-02	
  -1.2349763e-01	
  -1.3869620e-01	
  -1.4808929e-01	
  -1.5431437e-01	
  -1.5044583e-01	
  -1.3923978e-01	
  -1.2862820e-01	
  -1.2529505e-01	
  -1.2348377e-01	
  -1.0956033e-01	
  -9.3782224e-02	
  -9.1351463e-02	
  -9.1506943e-02	
  -7.9646455e-02	
  -6.5828434e-02	
  -5.5667863e-02	
  -3.7568207e-02	
  -8.3989552e-03	
   2.6606407e-02	
   5.2079844e-02	
   7.2147182e-02	
   9.0661199e-02	
   1.0159983e-01	
   1.0252216e-01	
   1.0102401e-01	
   9.5903782e-02	
   7.9587576e-02	
   6.6285194e-02	
   6.4118559e-02	
   6.5423138e-02	
   6.7352151e-02	
   6.6035986e-02	
   5.8062417e-02	
   5.2050506e-02	
   4.4578022e-02	
   3.6223953e-02	
   2.9016076e-02	
   1.3351690e-02	
   1.3517127e-03	
  -9.4387784e-03	
  -2.3084487e-02	
  -3.8466962e-02	
  -6.5279441e-02	
  -9.5487636e-02	
  -1.1949524e-01	
  -1.3269150e-01	
  -1.4526760e-01	
  -1.5725071e-01	
  -1.7375674e-01	
  -1.9028318e-01	
  -2.0805800e-01	
  -2.1998000e-01	
  -2.1812553e-01	
  -2.0293628e-01	
  -1.8504669e-01	
  -1.6724821e-01	
  -1.4310697e-01	
  -1.1679935e-01	
  -9.3234055e-02	
  -7.4777903e-02	
  -5.8204499e-02	
  -5.2111299e-02	
  -3.5900744e-02	
  -8.3231824e-03	
   2.2920334e-02	
   5.3766728e-02	
   7.3849350e-02	
   9.3344581e-02	
   1.1570490e-01	
   1.3599795e-01	
   1.4722023e-01	
   1.5330882e-01	
   1.5245341e-01	
   1.4117347e-01	
   1.2830872e-01	
   1.1312907e-01	
   1.0121640e-01	
   8.6360284e-02	
   7.1589482e-02	
   6.1554667e-02	
   5.0244734e-02	
   4.1216558e-02	
   3.6920227e-02	
   3.6337123e-02	
   4.6193412e-02	
   6.4319176e-02	
   8.1252361e-02	
   9.3380409e-02	
   9.9494897e-02	
   8.7780763e-02	
   7.3472615e-02	
   5.9661435e-02	
   3.2204092e-02	
   3.9847293e-03	
  -1.7883127e-02	
  -3.7290066e-02	
  -6.0007952e-02	
  -8.1623417e-02	
  -9.6779134e-02	
  -1.1176240e-01	
  -1.2306242e-01	
  -1.2807442e-01	
  -1.1934652e-01	
  -9.3212220e-02	
  -4.7352779e-02	
   1.2425637e-03	
   3.4448757e-02	
   6.0201592e-02	
   7.6335340e-02	
   7.7537200e-02	
   7.5058578e-02	
   6.5638113e-02	
   4.8044151e-02	
   3.6613816e-02	
   2.9505507e-02	
   2.9492785e-02	
   3.9000144e-02	
   4.6760745e-02	
   4.7220858e-02	
   5.5841663e-02	
   7.6353389e-02	
   1.0079011e-01	
   1.2473856e-01	
   1.5123763e-01	
   1.7847894e-01	
   2.0375526e-01	
   2.2346742e-01	
   2.5257854e-01	
   2.7592623e-01	
   2.9352806e-01	
   3.0455051e-01	
   3.0201328e-01	
   2.8554017e-01	
   2.6476595e-01	
   2.3612072e-01	
   1.9367292e-01	
   1.4636292e-01	
   9.7302426e-02	
   5.8790138e-02	
   3.1101259e-02	
   9.4550160e-03	
  -1.7428166e-02	
  -5.1468281e-02	
  -8.0512141e-02	
  -1.0006713e-01	
  -1.1295223e-01	
  -1.2255001e-01	
  -1.3833515e-01	
  -1.4897607e-01	
  -1.6163457e-01	
  -1.7540118e-01	
  -1.7774872e-01	
  -1.7082919e-01	
  -1.5116874e-01	
  -1.3148835e-01	
  -1.1105233e-01	
  -9.1145756e-02	
  -7.8268835e-02	
  -7.8012293e-02	
  -7.9351652e-02	
  -7.8159458e-02	
  -7.7648740e-02	
  -7.7938203e-02	
  -7.7699575e-02	
  -7.1231742e-02	
  -6.2682438e-02	
  -6.7393435e-02	
  -7.4706044e-02	
  -8.0451436e-02	
  -9.7355627e-02	
  -1.2302024e-01	
  -1.5362107e-01	
  -1.8447310e-01	
  -2.1104930e-01	
  -2.3188504e-01	
  -2.4059611e-01	
  -2.3038553e-01	
  -2.0761305e-01	
  -1.8373592e-01	
  -1.4122228e-01	
  -9.1389184e-02	
  -5.6973719e-02	
  -2.9288741e-02	
   4.2109351e-03	
   3.6628350e-02	
   6.6385458e-02	
   9.8057315e-02	
   1.2717885e-01	
   1.6063044e-01	
   1.9210913e-01	
   2.1556126e-01	
   2.2104145e-01	
   2.0708476e-01	
   1.7786581e-01	
   1.4222729e-01	
   1.1052701e-01	
   8.2352416e-02	
   5.6944624e-02	
   3.5262756e-02	
   1.2882863e-02	
  -1.5016745e-02	
  -4.9754546e-02	
  -9.1580965e-02	
  -1.2590628e-01	
  -1.5095012e-01	
  -1.7239764e-01	
  -1.8774291e-01	
  -2.0138310e-01	
  -2.0598788e-01	
  -2.0449906e-01	
  -2.0060868e-01	
  -1.8397151e-01	
  -1.6963328e-01	
  -1.6170299e-01	
  -1.4977551e-01	
  -1.3842128e-01	
  -1.2453495e-01	
  -9.1478551e-02	
  -4.4322258e-02	
  -3.9154332e-03	
   2.2847313e-02	
   3.9929826e-02	
   5.1060078e-02	
   5.0551287e-02	
   5.2004890e-02	
   5.7770270e-02	
   7.7884529e-02	
   1.0329016e-01	
   1.2116070e-01	
   1.3425137e-01	
   1.4687776e-01	
   1.5226704e-01	
   1.5134612e-01	
   1.4770255e-01	
   1.3497719e-01	
   1.2114535e-01	
   1.1730060e-01	
   1.1661967e-01	
   1.2064809e-01	
   1.4023708e-01	
   1.7021910e-01	
   1.9628525e-01	
   2.1341009e-01	
   2.1689812e-01	
   2.1496834e-01	
   2.1441659e-01	
   2.0493988e-01	
   1.8292871e-01	
   1.5670370e-01	
   1.2817582e-01	
   1.0420628e-01	
   8.7354545e-02	
   8.1348488e-02	
   7.4354930e-02	
   6.4249230e-02	
   5.3881959e-02	
   3.5002624e-02	
   6.0999414e-03	
  -2.9483612e-02	
  -5.9374249e-02	
  -8.1051589e-02	
  -9.2840285e-02	
  -9.0821884e-02	
  -7.8124306e-02	
  -7.1893344e-02	
  -7.3415020e-02	
  -7.4354930e-02	
  -8.1022521e-02	
  -1.0058136e-01	
  -1.1454090e-01	
  -1.2106132e-01	
  -1.2507366e-01	
  -1.1881917e-01	
  -1.0807570e-01	
  -1.0166317e-01	
  -9.1952292e-02	
  -8.3748694e-02	
  -8.6970915e-02	
  -9.6289710e-02	
  -9.2333218e-02	
  -8.0547901e-02	
  -7.2922959e-02	
  -7.2635727e-02	
  -7.3624647e-02	
  -7.2536084e-02	
  -6.6337367e-02	
  -5.8949201e-02	
  -5.7581092e-02	
  -5.9765430e-02	
  -6.0711939e-02	
  -5.8756358e-02	
  -5.8495754e-02	
  -6.2317425e-02	
  -6.0320622e-02	
  -4.8004856e-02	
  -3.9465752e-02	
  -3.0655065e-02	
  -1.7464386e-02	
  -8.6761693e-03	
   9.4485602e-04	
   1.9730872e-02	
   3.7971441e-02	
   5.3377555e-02	
   5.7499431e-02	
   6.4517670e-02	
   7.3334914e-02	
   8.2052069e-02	
   8.7268085e-02	
   8.9490976e-02	
   9.9655650e-02	
   1.1203064e-01	
   1.1948016e-01	
   1.1950369e-01	
   1.1927716e-01	
   1.2724429e-01	
   1.3287010e-01	
   1.2822611e-01	
   1.2078876e-01	
   1.1877131e-01	
   1.1857033e-01	
   1.1078329e-01	
   9.1530468e-02	
   7.3169158e-02	
   5.1323934e-02	
   2.8207702e-02	
   1.2763306e-02	
  -4.0684729e-03	
  -1.5284928e-02	
  -2.3256786e-02	
  -2.5341415e-02	
  -1.7445228e-02	
  -1.2909552e-02	
  -1.9783884e-02	
  -2.6529877e-02	
  -3.7636111e-02	
  -4.9820531e-02	
  -6.3252691e-02	
  -7.7733105e-02	
  -8.6796845e-02	
  -8.5880527e-02	
  -7.8477246e-02	
  -7.3982319e-02	
  -7.6286600e-02	
  -8.8625290e-02	
  -1.0393209e-01	
  -1.1313644e-01	
  -1.2430788e-01	
  -1.3773649e-01	
  -1.4755390e-01	
  -1.6374261e-01	
  -1.7265959e-01	
  -1.7751233e-01	
  -1.9007964e-01	
  -1.9604973e-01	
  -1.8811545e-01	
  -1.7315977e-01	
  -1.5553543e-01	
  -1.3356888e-01	
  -1.0454495e-01	
  -7.2584418e-02	
  -4.3399295e-02	
  -1.7239217e-02	
   1.1000643e-02	
   3.2450102e-02	
   4.9204499e-02	
   5.4691618e-02	
   5.3072476e-02	
   5.2474486e-02	
   5.2952067e-02	
   5.2983846e-02	
   5.3019065e-02	
   5.0872177e-02	
   3.3616439e-02	
   1.6193418e-02	
   8.5045870e-04	
  -1.2101475e-02	
  -1.6612970e-02	
  -2.9442504e-02	
  -4.4558939e-02	
  -4.7639180e-02	
  -5.0480070e-02	
  -5.5395172e-02	
  -5.4753472e-02	
  -5.0219817e-02	
  -4.5324164e-02	
  -5.3570113e-02	
  -6.8186295e-02	
  -7.6522389e-02	
  -7.6415108e-02	
  -7.5146729e-02	
  -6.8072862e-02	
  -5.0076038e-02	
  -4.1214476e-02	
  -3.8122283e-02	
  -2.8352806e-02	
  -1.7621765e-02	
  -1.1123120e-02	
  -1.0455665e-02	
  -9.4198099e-03	
  -1.3166607e-03	
   8.3376826e-03	
   1.8869594e-02	
   2.2703609e-02	
   2.1447330e-02	
   2.0989043e-02	
   2.2274335e-02	
   2.8321175e-02	
   3.5700162e-02	
   3.7112887e-02	
   3.4371457e-02	
   2.7730723e-02	
   2.5065728e-02	
   3.0543519e-02	
   4.3817157e-02	
   5.4679997e-02	
   6.7453930e-02	
   8.9519232e-02	
   1.1225676e-01	
   1.3094782e-01	
   1.4722563e-01	
   1.5183494e-01	
   1.5238209e-01	
   1.5538685e-01	
   1.6301213e-01	
   1.7327293e-01	
   1.8001441e-01	
   1.8195378e-01	
   1.8143042e-01	
   1.8125365e-01	
   1.8141170e-01	
   1.8122019e-01	
   1.8074226e-01	
   1.7955770e-01	
   1.6542051e-01	
   1.4776022e-01	
   1.3753923e-01	
   1.2443497e-01	
   1.1017272e-01	
   8.8897448e-02	
   6.5759387e-02	
   4.5942603e-02	
   2.0439212e-02	
  -1.0016833e-02	
  -3.7210406e-02	
  -5.4504988e-02	
  -7.0931801e-02	
  -7.7723032e-02	
  -7.8002018e-02	
  -7.6030058e-02	
  -7.4070807e-02	
  -6.1754655e-02	
  -4.4891653e-02	
  -4.1485403e-02	
  -4.2934308e-02	
  -3.4242368e-02	
  -1.9684525e-02	
  -9.7049264e-03	
   9.9672212e-04	
   1.6940465e-02	
   2.3086847e-02	
   2.0809213e-02	
   1.9968019e-02	
   2.1955777e-02	
   3.2878619e-02	
   4.7729514e-02	
   5.4917273e-02	
   5.8514060e-02	
   6.7724857e-02	
   7.8250650e-02	
   8.5250157e-02	
   8.6238740e-02	
   8.2197747e-02	
   6.4890795e-02	
   4.6181021e-02	
   2.5273152e-02	
  -3.3335507e-04	
  -2.6064755e-02	
  -5.5110636e-02	
  -8.2504583e-02	
  -1.0452549e-01	
  -1.1989759e-01	
  -1.3893727e-01	
  -1.6061010e-01	
  -1.7766274e-01	
  -1.8948381e-01	
  -2.0083595e-01	
  -2.0011047e-01	
  -1.8412705e-01	
  -1.6565103e-01	
  -1.4460668e-01	
  -1.2088408e-01	
  -1.0633967e-01	
  -9.8513142e-02	
  -7.9629082e-02	
  -5.9264609e-02	
  -3.7871859e-02	
  -1.6433810e-02	
   4.6464799e-05	
   1.7107944e-02	
   3.0136486e-02	
   4.4748989e-02	
   5.7844691e-02	
   7.1798839e-02	
   8.2577118e-02	
   8.6287614e-02	
   8.5470330e-02	
   8.5095488e-02	
   8.5405975e-02	
   8.8135190e-02	
   9.7934959e-02	
   1.1170319e-01	
   1.1862908e-01	
   1.1960326e-01	
   1.2151377e-01	
   1.3107728e-01	
   1.3786783e-01	
   1.4379527e-01	
   1.4425313e-01	
   1.3081276e-01	
   1.1746561e-01	
   1.0369603e-01	
   8.4472622e-02	
   6.3976762e-02	
   4.3068102e-02	
   1.8487755e-02	
  -1.1388660e-02	
  -4.2460736e-02	
  -7.0707234e-02	
  -1.0091876e-01	
  -1.1116327e-01	
  -1.1393804e-01	
  -1.2154973e-01	
  -1.2308730e-01	
  -1.1608286e-01	
  -1.0733907e-01	
  -1.0502025e-01	
  -1.0609705e-01	
  -1.0623752e-01	
  -1.0260240e-01	
  -9.0994873e-02	
  -7.7428634e-02	
  -7.2272377e-02	
  -8.0196854e-02	
  -9.0915375e-02	
  -9.3436788e-02	
  -9.1777005e-02	
  -8.4822925e-02	
  -7.4017538e-02	
  -6.8041698e-02	
  -5.2765937e-02	
  -4.0015644e-02	
  -4.0135925e-02	
  -4.2920551e-02	
  -5.1001185e-02	
  -6.3467463e-02	
  -7.1787414e-02	
  -7.3705362e-02	
  -7.2890308e-02	
  -7.1946815e-02	
  -6.4202836e-02	
  -4.8889097e-02	
  -3.9353495e-02	
  -3.9746610e-02	
  -4.0960476e-02	
  -3.5639092e-02	
  -2.5198400e-02	
  -1.7077301e-02	
  -8.4920810e-03	
   4.8155374e-03	
   2.2436582e-02	
   3.8122601e-02	
   5.5062383e-02	
   6.5763308e-02	
   8.0343276e-02	
   8.9347664e-02	
   9.2365666e-02	
   1.0054892e-01	
   1.0469158e-01	
   1.0119592e-01	
   1.0608907e-01	
   1.1996979e-01	
   1.2337926e-01	
   1.2119936e-01	
   1.2100941e-01	
   1.1944264e-01	
   1.1095161e-01	
   9.9370242e-02	
   8.8462036e-02	
   7.9115187e-02	
   6.4916625e-02	
   5.4571797e-02	
   4.4886914e-02	
   2.5251149e-02	
   2.5291161e-03	
  -9.8002762e-03	
  -9.1278793e-03	
  -9.2456858e-03	
  -9.8179671e-03	
  -8.1586643e-03	
  -7.5222644e-03	
  -2.3814223e-03	
   7.2334163e-03	
   7.9648213e-03	
   7.9665721e-03	
   9.5489867e-03	
   1.4516904e-02	
   2.4325583e-02	
   3.0407474e-02	
   3.7081777e-02	
   3.9526504e-02	
   3.0064248e-02	
   2.4304221e-02	
   2.2368461e-02	
   1.1201489e-02	
   5.9686703e-04	
  -6.0436482e-03	
  -7.0601778e-03	
  -8.8890147e-03	
  -2.1374309e-02	
  -3.5645358e-02	
  -4.7668958e-02	
  -6.5140557e-02	
  -8.0492334e-02	
  -9.2485047e-02	
  -1.0050538e-01	
  -1.0008572e-01	
  -8.9327857e-02	
  -7.3090945e-02	
  -6.2773259e-02	
  -4.7219857e-02	
  -3.5785764e-02	
  -3.6082852e-02	
  -3.7979870e-02	
  -4.1557776e-02	
  -5.1007877e-02	
  -5.8775746e-02	
  -6.4876072e-02	
  -7.0075039e-02	
  -7.5699900e-02	
  -7.7176148e-02	
  -7.1675604e-02	
  -7.0940995e-02	
  -7.0195367e-02	
  -6.9143240e-02	
  -6.3540275e-02	
  -5.2899366e-02	
  -4.1086050e-02	
  -3.6280339e-02	
  -3.7479089e-02	
  -3.8059510e-02	
  -3.7246694e-02	
  -3.6498700e-02	
  -4.0275661e-02	
  -4.7223663e-02	
  -5.2852060e-02	
  -5.8669993e-02	
  -6.2850404e-02	
  -6.3269280e-02	
  -6.0967487e-02	
  -5.3859360e-02	
  -4.1436001e-02	
  -3.3936653e-02	
  -2.3753775e-02	
   2.9938113e-04	
   2.6848239e-02	
   4.9936147e-02	
   6.9024467e-02	
   8.7578639e-02	
   1.0387869e-01	
   1.1475566e-01	
   1.1933455e-01	
   1.1996580e-01	
   1.2442159e-01	
   1.3674412e-01	
   1.4674926e-01	
   1.4863077e-01	
   1.4719231e-01	
   1.4352568e-01	
   1.2818292e-01	
   1.1649907e-01	
   1.0669943e-01	
   8.0904762e-02	
   4.6316769e-02	
   1.3000122e-02	
  -1.3723659e-02	
  -3.7795694e-02	
  -5.6165250e-02	
  -6.9804368e-02	
  -7.8177642e-02	
  -8.8895825e-02	
  -1.0161815e-01	
  -1.1087610e-01	
  -1.2670302e-01	
  -1.3957223e-01	
  -1.3946401e-01	
  -1.3741498e-01	
  -1.3440137e-01	
  -1.1792090e-01	
  -9.2200316e-02	
  -6.7134263e-02	
  -4.6997291e-02	
  -3.1741708e-02	
  -1.0086447e-02	
   1.2833346e-02	
   2.8367157e-02	
   4.0171861e-02	
   4.9647765e-02	
   5.5011900e-02	
   5.5791051e-02	
   5.5194068e-02	
   5.5201329e-02	
   5.5343160e-02	
   5.5317100e-02	
   5.5289019e-02	
   5.5312436e-02	
   5.7851952e-02	
   6.0138400e-02	
   5.8318506e-02	
   6.3074173e-02	
   7.0990140e-02	
   7.7159789e-02	
   8.0060167e-02	
   7.9854934e-02	
   7.7930362e-02	
   7.7134912e-02	
   7.8163176e-02	
   8.0237144e-02	
   8.0627872e-02	
   8.0863188e-02	
   8.5916152e-02	
   8.9892182e-02	
   8.8786246e-02	
   8.1498898e-02	
   6.5202559e-02	
   5.1248594e-02	
   3.9983264e-02	
   2.2334932e-02	
  -4.0332154e-04	
  -2.1877381e-02	
  -4.1300538e-02	
  -5.6080967e-02	
  -7.2260141e-02	
  -8.9856692e-02	
  -1.0223459e-01	
  -1.0476094e-01	
  -1.0411306e-01	
  -1.0547628e-01	
  -1.0147159e-01	
  -9.0148250e-02	
  -7.6751282e-02	
  -6.7291007e-02	
  -5.5328079e-02	
  -4.3355848e-02	
  -3.6339820e-02	
  -2.7758838e-02	
  -1.6787743e-02	
  -9.4266240e-03	
  -6.4622335e-03	
  -6.7379867e-03	
  -7.0854602e-03	
  -6.9446291e-03	
  -6.8930706e-03	
  -6.9400796e-03	
  -6.9575272e-03	
  -9.8106190e-03	
  -2.3659344e-02	
  -3.9409597e-02	
  -5.0301505e-02	
  -6.2074775e-02	
  -7.1613547e-02	
  -7.4906681e-02	
  -8.4047215e-02	
  -9.5695844e-02	
  -1.0175436e-01	
  -1.0366136e-01	
  -1.0808780e-01	
  -1.1409332e-01	
  -1.1733548e-01	
  -1.1591703e-01	
  -1.0427510e-01	
  -8.8510573e-02	
  -7.3226956e-02	
  -6.5387067e-02	
  -5.8447548e-02	
  -4.8079020e-02	
  -3.6643844e-02	
  -2.1254440e-02	
   1.9948287e-03	
   2.7666260e-02	
   5.5810912e-02	
   8.5785820e-02	
   1.1043771e-01	
   1.2675358e-01	
   1.4479345e-01	
   1.6334141e-01	
   1.7990212e-01	
   1.9338765e-01	
   2.0536711e-01	
   2.1679185e-01	
   2.2072144e-01	
   2.1591839e-01	
   1.9798837e-01	
   1.7911127e-01	
   1.5996512e-01	
   1.3568050e-01	
   1.1458072e-01	
   9.5913584e-02	
   7.5457892e-02	
   5.4357457e-02	
   3.0957765e-02	
   9.4411444e-03	
  -6.9189208e-03	
  -2.1222391e-02	
  -3.5191269e-02	
  -4.3153217e-02	
  -4.7554937e-02	
  -5.1951486e-02	
  -5.8630339e-02	
  -6.2027570e-02	
  -5.9348054e-02	
  -5.6967270e-02	
  -5.2003821e-02	
  -4.1873171e-02	
  -3.1847800e-02	
  -1.7221215e-02	
  -5.2233026e-03	
  -3.3813567e-03	
  -3.6736274e-04	
  -1.0394913e-03	
   6.5111685e-04	
   8.1608072e-03	
   1.0946198e-02	
   1.3461945e-02	
   2.0268630e-02	
   2.6377824e-02	
   2.7855351e-02	
   3.5133863e-02	
   4.1234560e-02	
   3.8663306e-02	
   3.0007268e-02	
   3.1995452e-02	
   3.5880856e-02	
   3.0164060e-02	
   2.5394339e-02	
   2.6028352e-02	
   2.6744236e-02	
   2.3528883e-02	
   2.0163032e-02	
   2.4645953e-02	
   2.7411509e-02	
   2.6571113e-02	
   2.6142089e-02	
   2.6197292e-02	
   2.0416187e-02	
   1.1348174e-02	
   1.1041074e-02	
   1.1588648e-02	
   1.7209716e-02	
   2.2090078e-02	
   2.5069027e-02	
   2.9226657e-02	
   3.5816048e-02	
   3.5433054e-02	
   2.8584248e-02	
   2.5270867e-02	
   2.5618548e-02	
   2.0673953e-02	
   1.1580826e-02	
   8.7569986e-03	
   1.0036775e-02	
   1.1574945e-02	
   1.4867336e-02	
   1.8492805e-02	
   1.7305586e-02	
   1.1055547e-02	
   6.7748990e-03	
  -2.1271814e-03	
  -1.3378486e-02	
  -3.2819117e-02	
  -4.3299497e-02	
  -5.1045152e-02	
  -6.1913677e-02	
  -7.0229978e-02	
  -7.1454214e-02	
  -6.9129382e-02	
  -6.3961741e-02	
  -6.0912771e-02	
  -5.6183597e-02	
  -5.4595335e-02	
  -5.5664733e-02	
  -5.5912737e-02	
  -6.5274181e-02	
  -8.3028754e-02	
  -1.0123370e-01	
  -1.1117449e-01	
  -1.2172252e-01	
  -1.3369090e-01	
  -1.3721644e-01	
  -1.3589486e-01	
  -1.3600174e-01	
  -1.3653395e-01	
  -1.3648001e-01	
  -1.3638962e-01	
  -1.3643951e-01	
  -1.3647440e-01	
  -1.3647940e-01	
  -1.3590061e-01	
  -1.3014501e-01	
  -1.2004063e-01	
  -1.0821151e-01	
  -9.6025259e-02	
  -7.8214011e-02	
  -5.7968014e-02	
  -3.9289688e-02	
  -2.3627971e-02	
  -8.8946660e-03	
  -2.4020098e-03	
   6.9312781e-03	
   2.0170245e-02	
   2.5745250e-02	
   2.6044901e-02	
   3.5103754e-02	
   4.6509699e-02	
   5.2880391e-02	
   6.2878444e-02	
   7.9823838e-02	
   9.2635998e-02	
   1.0271786e-01	
   1.1323277e-01	
   1.2235742e-01	
   1.3377580e-01	
   1.4443713e-01	
   1.4872608e-01	
   1.5147152e-01	
   1.5198731e-01	
   1.5157198e-01	
   1.4973549e-01	
   1.4388613e-01	
   1.3320066e-01	
   1.2192748e-01	
   1.1849340e-01	
   1.1789102e-01	
   1.0589141e-01	
   8.9774422e-02	
   8.2463144e-02	
   6.6950587e-02	
   4.8098590e-02	
   2.8589541e-02	
   8.5016734e-03	
  -1.2241049e-02	
  -3.3140008e-02	
  -4.8577063e-02	
  -5.8914076e-02	
  -6.8944429e-02	
  -7.5045870e-02	
  -7.9846416e-02	
  -8.7395646e-02	
  -9.1738202e-02	
  -9.3168348e-02	
  -9.1409193e-02	
  -9.0602658e-02	
  -9.0985882e-02	
  -8.8586082e-02	
  -7.8652397e-02	
  -7.3346811e-02	
  -7.2142044e-02	
  -6.1644474e-02	
  -4.6155475e-02	
  -3.9048329e-02	
  -3.3090707e-02	
  -2.3619501e-02	
  -1.4251331e-02	
  -1.0278337e-02	
  -9.6924812e-03	
   2.7431424e-03	
   1.8773649e-02	
   2.1794504e-02	
   1.9123966e-02	
   1.9779436e-02	
   3.0529411e-02	
   4.7372674e-02	
   5.3181975e-02	
   5.2747942e-02	
   5.9644170e-02	
   6.8325686e-02	
   7.3702252e-02	
   7.7122812e-02	
   8.0163866e-02	
   7.8273026e-02	
   7.4444500e-02	
   7.3015774e-02	
   6.5741101e-02	
   5.0942069e-02	
   3.3788603e-02	
   1.5839342e-02	
  -1.7572863e-03	
  -1.4251053e-02	
  -1.9407318e-02	
  -2.6963571e-02	
  -3.1731994e-02	
  -3.3168447e-02	
  -3.1801710e-02	
  -3.0386626e-02	
  -3.2346830e-02	
  -4.0500830e-02	
  -4.8016287e-02	
  -4.6637132e-02	
  -3.9758000e-02	
  -3.5188376e-02	
  -3.4085319e-02	
  -3.5390047e-02	
  -4.1166879e-02	
  -4.8152541e-02	
  -4.8832827e-02	
  -4.7969453e-02	
  -4.8508280e-02	
  -4.8854946e-02	
  -4.8750855e-02	
  -4.8724404e-02	
  -4.6937073e-02	
  -4.1653815e-02	
  -2.7869641e-02	
  -1.0416295e-02	
   7.0739750e-03	
   2.4513038e-02	
   3.9689055e-02	
   4.6523584e-02	
   4.6791476e-02	
   4.1552733e-02	
   3.6603203e-02	
   2.9526592e-02	
   1.7652706e-02	
   1.2145016e-02	
   4.5471816e-03	
  -1.0918319e-02	
  -1.9808362e-02	
  -2.0788142e-02	
  -2.4667693e-02	
  -3.3324603e-02	
  -3.6604116e-02	
  -3.6127975e-02	
  -4.3463393e-02	
  -5.3179480e-02	
  -5.8672365e-02	
  -6.3114179e-02	
  -6.5944692e-02	
  -6.3697932e-02	
  -5.6252536e-02	
  -5.3398747e-02	
  -5.4922438e-02	
  -5.5593544e-02	
  -5.5267800e-02	
  -5.5323840e-02	
  -5.5886286e-02	
  -5.6067352e-02	
  -5.1603826e-02	
  -3.9785966e-02	
  -2.9189247e-02	
  -2.2150864e-02	
  -1.1045854e-02	
   4.3836748e-03	
   1.0447512e-02	
   1.4272618e-02	
   2.5438630e-02	
   3.5622881e-02	
   3.8955027e-02	
   3.8275188e-02	
   3.9265507e-02	
   4.6606144e-02	
   5.4672994e-02	
   6.0009074e-02	
   6.2111630e-02	
   6.5571689e-02	
   6.3658244e-02	
   5.9348440e-02	
   5.3612188e-02	
   4.1828331e-02	
   3.3889022e-02	
   3.0966999e-02	
   3.3156996e-02	
   3.5527126e-02	
   3.5253272e-02	
   3.4685513e-02	
   3.3750395e-02	
   2.8804218e-02	
   1.9154588e-02	
   8.9484689e-03	
   1.5267250e-03	
   8.6093738e-04	
   1.8707786e-03	
   1.4516532e-03	
   7.9638884e-04	
   7.9196442e-04	
   8.4696310e-04	
   4.7550489e-04	
   4.1294501e-03	
   1.4708171e-02	
   2.2416065e-02	
   2.4469510e-02	
   2.7354921e-02	
   3.1244159e-02	
   3.1424969e-02	
   3.0265973e-02	
   3.0099191e-02	
   2.9964444e-02	
   2.9550860e-02	
   2.9365528e-02	
   2.8981519e-02	
   2.8724578e-02	
   2.8451671e-02	
   2.8012156e-02	
   2.4851207e-02	
   1.6201665e-02	
   1.0758107e-02	
   1.1220262e-02	
   1.3497469e-02	
   1.2957798e-02	
   1.7074773e-02	
   2.4840918e-02	
   2.8376269e-02	
   3.8288904e-02	
   5.3132498e-02	
   5.9482754e-02	
   6.7806180e-02	
   7.9299802e-02	
   8.2333623e-02	
   8.5120838e-02	
   8.6395504e-02	
   8.2655737e-02	
   8.4623167e-02	
   9.0543846e-02	
   9.3207624e-02	
   9.4293685e-02	
   8.8006953e-02	
   8.2010089e-02	
   7.1760510e-02	
   5.4970211e-02	
   4.5138487e-02	
   2.8852437e-02	
   1.6825288e-02	
   1.2059353e-02	
  -6.2978269e-03	
  -2.5950646e-02	
  -4.1447433e-02	
  -4.7920362e-02	
  -4.7221547e-02	
  -4.6814622e-02	
  -4.7401789e-02	
  -5.2194156e-02	
  -6.2994872e-02	
  -6.9890896e-02	
  -7.5571189e-02	
  -8.0307786e-02	
  -7.6827062e-02	
  -7.0264386e-02	
  -6.7273850e-02	
  -6.1746219e-02	
  -5.2732239e-02	
  -4.9494868e-02	
  -5.0797026e-02	
  -5.0346276e-02	
  -4.3623429e-02	
  -3.6315092e-02	
  -3.5772703e-02	
  -3.7090782e-02	
  -3.7380407e-02	
  -3.7428349e-02	
  -3.7693212e-02	
  -3.7927980e-02	
  -3.2055102e-02	
  -2.2597436e-02	
  -2.1288761e-02	
  -2.3005044e-02	
  -2.0473647e-02	
  -1.6424427e-02	
  -1.4758101e-02	
  -1.2207397e-02	
  -8.5886003e-03	
  -1.0125574e-02	
  -8.2621937e-03	
  -6.0124826e-05	
   6.9803760e-03	
   7.1465098e-03	
   5.9111833e-03	
   1.0102678e-02	
   2.0366663e-02	
   2.5500498e-02	
   2.5657526e-02	
   2.1264560e-02	
   1.3115820e-02	
   4.3617257e-03	
   2.9546716e-03	
   8.8957206e-04	
  -1.2494535e-02	
  -2.4936754e-02	
  -3.0490392e-02	
  -3.0208040e-02	
  -2.9743114e-02	
  -3.0425185e-02	
  -3.0691049e-02	
  -3.0736726e-02	
  -3.1156536e-02	
  -2.9632947e-02	
  -1.9405540e-02	
  -8.6384958e-03	
  -5.0102497e-03	
  -1.7090774e-03	
  -3.0486863e-04	
  -8.5666844e-04	
  -4.2621266e-03	
  -1.4573181e-02	
  -2.5000691e-02	
  -3.3596382e-02	
  -3.7680984e-02	
  -4.7246803e-02	
  -5.3218438e-02	
  -5.3782161e-02	
  -5.1827703e-02	
  -5.0399477e-02	
  -4.6340726e-02	
  -4.1666463e-02	
  -3.9059233e-02	
  -3.8481185e-02	
  -3.9598025e-02	
  -4.4839770e-02	
  -5.1120296e-02	
  -5.4849031e-02	
  -5.7563759e-02	
  -5.8458405e-02	
  -4.8135804e-02	
  -3.7390222e-02	
  -3.4780707e-02	
  -2.6014447e-02	
  -1.2344544e-02	
  -4.7053392e-03	
   4.2957116e-03	
   1.6702770e-02	
   2.4595875e-02	
   2.5212481e-02	
   2.5717122e-02	
   3.5316613e-02	
   4.5142009e-02	
   4.6080439e-02	
   4.8923587e-02	
   5.4621179e-02	
   5.5683114e-02	
   5.4329924e-02	
   5.3950532e-02	
   5.4194183e-02	
   5.3494895e-02	
   4.7438631e-02	
   3.6616169e-02	
   2.4811721e-02	
   2.0383333e-02	
   1.8987089e-02	
   9.4477760e-03	
  -3.3725728e-03	
  -1.2217307e-02	
  -1.3149917e-02	
  -1.9887359e-02	
  -2.9908288e-02	
  -3.6663083e-02	
  -4.0171604e-02	
  -4.0950660e-02	
  -3.7973712e-02	
  -3.5250223e-02	
  -3.2679124e-02	
  -2.7318742e-02	
  -2.0645290e-02	
  -1.4124601e-02	
  -1.2741187e-02	
  -1.3639179e-02	
  -1.0400510e-02	
   7.6068117e-05	
   6.0932139e-03	
   1.1926979e-02	
   1.5484841e-02	
   1.4934016e-02	
   1.3726106e-02	
   1.5727221e-02	
   1.8614485e-02	
   2.0346627e-02	
   1.9882782e-02	
   1.8056339e-02	
   1.7890624e-02	
   1.7612403e-02	
   1.2020612e-02	
   5.5889875e-03	
   1.5312664e-03	
  -2.3637699e-03	
  -3.7697160e-03	
  -3.6570809e-03	
  -1.2802723e-02	
  -1.7342476e-02	
  -1.5388653e-02	
  -7.8239564e-03	
   8.8542818e-04	
   5.3706740e-03	
   8.0411890e-03	
   9.7628258e-03	
   1.4696788e-02	
   1.6904678e-02	
   1.6180851e-02	
   1.8211879e-02	
   2.7922951e-02	
   3.4422812e-02	
   3.8608057e-02	
   3.8981743e-02	
   3.2697545e-02	
   2.3933090e-02	
   1.9437211e-02	
   1.8656437e-02	
   1.9519797e-02	
   1.6292560e-02	
   1.4214989e-02	
   1.4557505e-02	
   1.5979640e-02	
   1.8808267e-02	
   2.4404344e-02	
   3.1923343e-02	
   4.0128482e-02	
   4.6385599e-02	
   4.7144267e-02	
   4.6282367e-02	
   4.6323596e-02	
   4.6515682e-02	
   4.6468287e-02	
   4.5386593e-02	
   3.9096298e-02	
   3.5722240e-02	
   4.1511707e-02	
   4.7066818e-02	
   4.6391311e-02	
   4.4055055e-02	
   4.5747543e-02	
   4.6875584e-02	
   4.6483869e-02	
   4.6304276e-02	
   4.6423671e-02	
   4.6318351e-02	
   4.5840642e-02	
   4.5656736e-02	
   4.5728879e-02	
   4.5684857e-02	
   4.1580909e-02	
   3.0607631e-02	
   1.8396650e-02	
   1.2460201e-02	
   7.3335928e-03	
  -4.8528431e-03	
  -1.7057609e-02	
  -2.2442402e-02	
  -3.4519419e-02	
  -4.9419690e-02	
  -5.3298030e-02	
  -5.7830259e-02	
  -6.3788611e-02	
  -6.7203911e-02	
  -6.6837709e-02	
  -6.6312206e-02	
  -6.4798528e-02	
  -6.0626316e-02	
  -5.4328356e-02	
  -5.0385768e-02	
  -4.9567308e-02	
  -3.9826635e-02	
  -2.1421271e-02	
  -1.4135816e-02	
  -6.2167407e-03	
   9.2774781e-03	
   1.6674554e-02	
   2.0275187e-02	
   3.6999386e-02	
   4.8719928e-02	
   5.4185909e-02	
   6.2032450e-02	
   6.7279779e-02	
   6.3282740e-02	
   5.2890747e-02	
   5.2251650e-02	
   6.1291034e-02	
   6.0026955e-02	
   4.9459621e-02	
   4.4810276e-02	
   4.4380989e-02	
   3.4779341e-02	
   2.0633345e-02	
   1.3293668e-02	
   1.3939309e-02	
   1.4882262e-02	
   1.3993220e-02	
   5.9186119e-03	
  -9.9585751e-03	
  -1.7435575e-02	
  -1.7253683e-02	
  -1.0105078e-02	
  -9.9639493e-04	
   5.3620496e-03	
   1.1663582e-02	
   1.6194743e-02	
   1.6244713e-02	
   1.5878638e-02	
   2.2554402e-02	
   3.1812560e-02	
   3.7656533e-02	
   4.3070130e-02	
   3.8377662e-02	
   3.0788934e-02	
   2.5348073e-02	
   1.8639193e-02	
   1.6056305e-02	
   1.0884682e-02	
  -4.3231491e-03	
  -1.6428287e-02	
  -1.8433263e-02	
  -2.2068906e-02	
  -2.9103409e-02	
  -3.3837160e-02	
  -4.2220864e-02	
  -4.8508780e-02	
  -5.3141462e-02	
  -6.8513479e-02	
  -8.0667486e-02	
  -8.7870942e-02	
  -9.5189656e-02	
  -9.7253551e-02	
  -1.0080154e-01	
  -1.0567171e-01	
  -1.0931522e-01	
  -1.0277654e-01	
  -9.2326796e-02	
  -8.7989174e-02	
  -8.4571926e-02	
  -7.8568235e-02	
  -7.6756690e-02	
  -7.4789192e-02	
  -6.1118857e-02	
  -4.5708261e-02	
  -4.0224170e-02	
  -2.8296049e-02	
  -1.0020064e-02	
   5.6139542e-03	
   1.5574350e-02	
   2.0552144e-02	
   2.0711592e-02	
   2.0085285e-02	
   2.0196636e-02	
   2.0516397e-02	
   2.0897100e-02	
   2.0427016e-02	
   1.7397583e-02	
   1.3685559e-02	
   1.0266953e-02	
   2.1670796e-03	
  -9.4474110e-03	
  -1.3491939e-02	
  -1.6244733e-02	
  -2.0987116e-02	
  -2.2340786e-02	
  -2.5183217e-02	
  -2.6439313e-02	
  -2.7773271e-02	
  -3.1386051e-02	
  -3.8212969e-02	
  -4.2679726e-02	
  -4.1954737e-02	
  -4.0999400e-02	
  -4.1189322e-02	
  -4.0934423e-02	
  -3.9219492e-02	
  -3.6236162e-02	
  -3.3735888e-02	
  -3.0564029e-02	
  -2.6016178e-02	
  -2.2915508e-02	
  -2.7407561e-02	
  -3.4859427e-02	
  -3.9429769e-02	
  -3.9226644e-02	
  -4.0185185e-02	
  -4.1348439e-02	
  -4.4433074e-02	
  -5.0514032e-02	
  -5.4812263e-02	
  -6.2510734e-02	
  -6.9218276e-02	
  -6.9937946e-02	
  -6.9386465e-02	
  -6.9421212e-02	
  -6.7465023e-02	
  -5.5778173e-02	
  -4.5163154e-02	
  -4.4510125e-02	
  -3.8982926e-02	
  -3.5405635e-02	
  -3.4112860e-02	
  -2.4775015e-02	
  -1.4933090e-02	
  -7.2144275e-03	
  -2.9429133e-03	
  -2.9735570e-03	
  -1.5144604e-03	
   6.6325078e-03	
   1.5271793e-02	
   2.0882789e-02	
   2.2720671e-02	
   2.4485443e-02	
   2.8141495e-02	
   3.1429133e-02	
   3.2203748e-02	
   3.6629080e-02	
   4.4617649e-02	
   5.3256956e-02	
   5.7609511e-02	
   5.7107838e-02	
   5.5592084e-02	
   5.4333642e-02	
   5.2581355e-02	
   5.3212611e-02	
   5.0652856e-02	
   4.7098373e-02	
   4.7069319e-02	
   4.5098914e-02	
   4.2347601e-02	
   4.1281224e-02	
   3.7090112e-02	
   3.4584937e-02	
   3.4200266e-02	
   2.7735138e-02	
   2.4989036e-02	
   2.4455976e-02	
   1.9867437e-02	
   1.0128028e-02	
   3.0897506e-03	
   3.6051682e-03	
   2.2616770e-03	
  -7.1408246e-03	
  -1.3289552e-02	
  -1.2009755e-02	
  -9.4951163e-03	
  -5.0311665e-03	
  -6.0190053e-03	
  -1.5896025e-02	
  -2.4444194e-02	
  -2.5307338e-02	
  -1.9476412e-02	
  -9.4001586e-03	
  -5.4971394e-03	
  -5.7644271e-03	
  -3.7179790e-03	
  -1.0459336e-03	
   4.4607280e-03	
   7.9998922e-03	
   9.7901294e-03	
   1.8662136e-02	
   3.2014292e-02	
   4.0618183e-02	
   4.2188329e-02	
   5.1155110e-02	
   6.8637998e-02	
   7.5240625e-02	
   7.2588136e-02	
   7.1208623e-02	
   6.9349150e-02	
   6.7700927e-02	
   7.0914158e-02	
   7.3423470e-02	
   7.3373986e-02	
   7.3126435e-02	
   7.3263258e-02	
   7.2157119e-02	
   6.5271599e-02	
   5.7329377e-02	
   5.5162533e-02	
   4.9822322e-02	
   4.2572344e-02	
   4.1395962e-02	
   4.2742676e-02	
   4.0609727e-02	
   3.4847685e-02	
   3.3055129e-02	
   2.8380102e-02	
   1.5034598e-02	
   8.3383992e-03	
   3.4616169e-03	
  -1.0394365e-02	
  -2.1557079e-02	
  -2.1503702e-02	
  -2.5927703e-02	
  -3.6065891e-02	
  -3.6049093e-02	
  -3.4153061e-02	
  -3.9680538e-02	
  -4.4380826e-02	
  -4.0673663e-02	
  -3.0764226e-02	
  -2.3211961e-02	
  -1.8785540e-02	
  -1.8018983e-02	
  -1.8488093e-02	
  -1.8470213e-02	
  -1.8006916e-02	
  -1.5810342e-02	
  -1.3698363e-02	
  -6.7278886e-03	
  -5.2882033e-03	
  -7.4756068e-03	
  -7.9394442e-03	
  -5.9746428e-03	
  -2.3450312e-03	
   1.3222918e-03	
   6.4003700e-03	
   8.5240693e-03	
   1.1056007e-02	
   1.4761886e-02	
   1.3814837e-02	
   1.4415585e-02	
   1.5636529e-02	
   1.7663603e-02	
   1.9004307e-02	
   2.4154589e-02	
   2.9872352e-02	
   3.2825546e-02	
   3.8194919e-02	
   4.4675887e-02	
   4.6579131e-02	
   4.8385755e-02	
   4.9151514e-02	
   4.9192743e-02	
   5.3764883e-02	
   6.7835924e-02	
   8.1368565e-02	
   8.2418055e-02	
   8.0357066e-02	
   8.0432508e-02	
   7.7044937e-02	
   7.1700616e-02	
   6.4976755e-02	
   5.9139150e-02	
   5.7141969e-02	
   6.1705239e-02	
   6.4700670e-02	
   5.9770095e-02	
   5.2732029e-02	
   4.8810087e-02	
   4.8577759e-02	
   4.9053372e-02	
   4.7076430e-02	
   4.1686135e-02	
   3.6734915e-02	
   2.9185306e-02	
   2.3797133e-02	
   1.8857568e-02	
   1.6142238e-02	
   1.1945738e-02	
   1.1626666e-04	
  -1.2757107e-02	
  -1.7133997e-02	
  -2.1315335e-02	
  -3.1046321e-02	
  -4.1044922e-02	
  -4.6801258e-02	
  -4.8887130e-02	
  -5.4523003e-02	
  -6.2316959e-02	
  -6.7817740e-02	
  -6.9253969e-02	
  -7.5517920e-02	
  -7.9680255e-02	
  -7.8980663e-02	
  -7.8291684e-02	
  -7.8534503e-02	
  -7.8603455e-02	
  -7.8664362e-02	
  -8.0552092e-02	
  -7.9751032e-02	
  -7.8113625e-02	
  -7.6209198e-02	
  -6.3473750e-02	
  -4.5785676e-02	
  -3.1829697e-02	
  -1.9121823e-02	
  -1.2350716e-02	
  -9.7245236e-03	
  -2.6228739e-03	
   4.9930773e-03	
   1.0081614e-02	
   1.1709172e-02	
   1.2323162e-02	
   1.6917813e-02	
   1.9526990e-02	
   1.7903583e-02	
   1.2813438e-02	
   9.1244384e-03	
   9.8210902e-03	
   1.3627545e-02	
   1.3641937e-02	
   1.6444329e-02	
   1.9661615e-02	
   1.9956487e-02	
   1.9592704e-02	
   1.9688514e-02	
   1.9801703e-02	
   1.9796917e-02	
   1.9807321e-02	
   1.9842939e-02	
   1.9870310e-02	
   1.9892463e-02	
   1.9902643e-02	
   1.9357699e-02	
   1.8585843e-02	
   1.8530302e-02	
   1.8689588e-02	
   1.8701750e-02	
   1.8693746e-02	
   1.8723145e-02	
   1.8750131e-02	
   1.8764658e-02	
   1.7152216e-02	
   1.0138634e-02	
   1.4616756e-03	
  -7.7444385e-03	
  -1.3124114e-02	
  -1.3371976e-02	
  -1.6578190e-02	
  -2.7294507e-02	
  -3.5278676e-02	
  -4.3646535e-02	
  -5.0821863e-02	
  -5.3398781e-02	
  -5.3261154e-02	
  -5.5694694e-02	
  -5.9659285e-02	
  -6.6655459e-02	
  -7.0833038e-02	
  -6.8598993e-02	
  -6.5579923e-02	
  -6.1352983e-02	
  -6.1419041e-02	
  -6.6395780e-02	
  -6.4228464e-02	
  -6.0319203e-02	
  -6.6321055e-02	
  -7.4422327e-02	
  -7.5626283e-02	
  -7.2464564e-02	
  -7.0940792e-02	
  -6.8227396e-02	
  -6.2904490e-02	
  -5.6358850e-02	
  -5.0022324e-02	
  -4.4216518e-02	
  -4.2930522e-02	
  -4.3722585e-02	
  -4.3797344e-02	
  -4.3591955e-02	
  -4.3605941e-02	
  -4.3569613e-02	
  -4.0399518e-02	
  -3.5175721e-02	
  -3.0105538e-02	
  -2.7215659e-02	
  -2.2842182e-02	
  -1.8811985e-02	
  -1.8531688e-02	
  -1.5776488e-02	
  -1.3660473e-02	
  -1.2210433e-02	
  -1.3181574e-02	
  -1.3538468e-02	
  -1.1887656e-02	
  -1.1562054e-02	
  -1.1915649e-02	
  -1.1929987e-02	
  -1.1842506e-02	
  -1.1578832e-02	
  -1.3149505e-02	
  -1.9217159e-02	
  -2.6430525e-02	
  -2.6885892e-02	
  -2.0369813e-02	
  -1.8225886e-02	
  -1.9511009e-02	
  -1.7504851e-02	
  -1.2761629e-02	
  -1.1905340e-02	
  -1.2749475e-02	
  -1.2776170e-02	
  -1.2585106e-02	
  -1.1494772e-02	
  -6.0539180e-03	
  -1.3406973e-03	
  -6.2262777e-03	
  -1.3144022e-02	
  -1.3520791e-02	
  -1.0411211e-02	
  -5.4425875e-03	
   2.8462507e-03	
   8.0851898e-03	
   1.1410319e-02	
   1.0437866e-02	
   8.7497046e-03	
   3.7883554e-03	
  -6.1926501e-03	
  -1.2805150e-02	
  -1.2764543e-02	
  -1.1926168e-02	
  -1.5280879e-02	
  -1.9896167e-02	
  -1.6018841e-02	
  -1.1409217e-02	
  -1.1727147e-02	
  -1.2547993e-02	
  -1.2153662e-02	
  -7.8692552e-03	
   1.9153980e-03	
   1.1111216e-02	
   1.6744425e-02	
   1.9681240e-02	
   1.9686161e-02	
   1.9864321e-02	
   2.5075699e-02	
   3.2419642e-02	
   4.0410658e-02	
   4.5282184e-02	
   5.0212949e-02	
   5.3055508e-02	
   5.2646927e-02	
   5.2436982e-02	
   5.6857569e-02	
   6.6481950e-02	
   7.3986983e-02	
   7.5194116e-02	
   7.6303635e-02	
   7.5563348e-02	
   6.9857502e-02	
   5.9838438e-02	
   5.2646305e-02	
   5.1540200e-02	
   5.2364292e-02	
   5.2336785e-02	
   5.1281941e-02	
   4.5879627e-02	
   4.2493975e-02	
   4.0874915e-02	
   3.5498937e-02	
   3.2729236e-02	
   3.2892666e-02	
   2.9051783e-02	
   2.3278662e-02	
   1.9151499e-02	
   1.8911452e-02	
   1.7353697e-02	
   1.5306283e-02	
   1.1848353e-02	
   1.0427935e-02	
   9.1099180e-03	
   1.0051728e-02	
   1.0946285e-02	
   1.0762454e-02	
   1.2362668e-02	
   1.7684288e-02	
   1.9607096e-02	
   1.8752808e-02	
   1.8517803e-02	
   1.8743560e-02	
   1.8742283e-02	
   1.8671566e-02	
   1.7181858e-02	
   1.1369637e-02	
   4.7958212e-03	
  -2.5346870e-03	
  -1.0047753e-02	
  -1.3216841e-02	
  -1.3337892e-02	
  -1.3075192e-02	
  -1.3159334e-02	
  -1.6190112e-02	
  -2.6749097e-02	
  -2.9121708e-02	
  -2.2035045e-02	
  -1.3613748e-02	
  -1.2183169e-02	
  -1.2999176e-02	
  -6.2650301e-03	
   3.1375141e-03	
   4.6784074e-03	
   7.5376704e-03	
   9.4554689e-03	
   1.0537833e-02	
   1.3161159e-02	
   1.1731547e-02	
   6.3542689e-03	
   2.3588952e-03	
   2.5409704e-03	
   3.2025987e-03	
   2.2050248e-03	
  -1.6205613e-03	
  -1.2564582e-03	
  -4.5766180e-04	
   3.4290533e-03	
   8.7628866e-03	
   1.2743911e-02	
   1.6053209e-02	
   1.7573837e-02	
   1.9097311e-02	
   1.9365386e-02	
   1.9117983e-02	
   1.9113014e-02	
   1.9175964e-02	
   1.9171529e-02	
   1.9163316e-02	
   1.9172435e-02	
   1.9180351e-02	
   1.9185029e-02	
   1.9191153e-02	
   1.8347512e-02	
   1.7181432e-02	
   1.8790279e-02	
   1.9580509e-02	
   1.9251784e-02	
   1.9153263e-02	
   1.9261336e-02	
   1.9245341e-02	
   1.6745872e-02	
   1.2105984e-02	
   8.6351361e-03	
  -3.4274579e-03	
  -1.3686255e-02	
  -1.3577021e-02	
  -1.2326353e-02	
  -1.2982357e-02	
  -1.3254744e-02	
  -1.3047496e-02	
  -1.2995890e-02	
  -1.3093059e-02	
  -1.5080729e-02	
  -1.8866457e-02	
  -2.6011594e-02	
  -2.9883695e-02	
  -2.7158172e-02	
  -2.8962483e-02	
  -4.0491663e-02	
  -4.6171577e-02	
  -4.4674670e-02	
  -4.3820700e-02	
  -4.4310928e-02	
  -4.4391345e-02	
  -4.4212780e-02	
  -4.4117626e-02	
  -4.3706983e-02	
  -4.3339658e-02	
  -4.3290236e-02	
  -4.3259687e-02	
  -4.3155779e-02	
  -4.2975341e-02	
  -3.7696829e-02	
  -2.7652530e-02	
  -2.1538651e-02	
  -1.7846893e-02	
  -1.2739470e-02	
  -1.0126973e-02	
  -1.0587113e-02	
  -1.0854633e-02	
  -1.0567286e-02	
  -1.0423129e-02	
  -1.0380960e-02	
  -1.0284123e-02	
  -1.0168764e-02	
  -1.0066032e-02	
  -9.9624080e-03	
  -9.8526594e-03	
  -9.7409437e-03	
  -9.5804680e-03	
  -6.7629271e-03	
  -3.9169833e-03	
  -4.3705712e-03	
  -7.9426079e-03	
  -8.9994663e-03	
  -6.6310091e-03	
  -4.2335014e-03	
  -4.4614209e-03	
  -7.1087687e-03	
  -8.2448272e-03	
  -7.7124502e-03	
  -7.4137664e-03	
  -7.4047958e-03	
  -7.2861511e-03	
  -7.1157112e-03	
  -6.9733321e-03	
  -5.0945868e-03	
  -2.1827952e-03	
  -3.2010635e-03	
  -3.6316336e-03	
  -1.5899405e-03	
   1.8393189e-03	
   1.2130901e-02	
   2.0953796e-02	
   2.4552604e-02	
   2.5674642e-02	
   3.4555849e-02	
   4.2800230e-02	
   4.6626607e-02	
   4.9166974e-02	
   5.1656533e-02	
   5.4015753e-02	
   5.4168908e-02	
   5.3522712e-02	
   5.3264237e-02	
   5.3087578e-02	
   5.2793193e-02	
   5.2487161e-02	
   5.2198144e-02	
   5.1896412e-02	
   5.1580321e-02	
   5.1257092e-02	
   5.0925798e-02	
   4.9945746e-02	
   4.5093824e-02	
   4.1791212e-02	
   3.9858893e-02	
   3.7091316e-02	
   3.5219059e-02	
   3.3907031e-02	
   3.3640065e-02	
   3.3504027e-02	
   3.1125305e-02	
   2.3257963e-02	
   1.7441517e-02	
   1.9830561e-02	
   2.4237372e-02	
   1.9998696e-02	
   1.6444058e-02	
   1.6940310e-02	
   1.7327077e-02	
   1.6521379e-02	
   1.1942622e-02	
   5.4310077e-03	
   7.7767243e-04	
   2.6214063e-03	
   5.7698074e-03	
   3.1242712e-03	
  -6.1694112e-03	
  -1.1869451e-02	
  -1.1145908e-02	
  -1.0282758e-02	
  -1.0522663e-02	
  -8.2294415e-03	
  -2.2371199e-03	
   6.7665978e-03	
   1.0775197e-02	
   1.2554929e-02	
   1.5076855e-02	
   1.2860934e-02	
   1.1062490e-02	
   1.0867619e-02	
   1.2539928e-02	
   1.4266311e-02	
   1.3925904e-02	
   1.3317714e-02	
   1.3128522e-02	
   1.2218734e-02	
   9.7777384e-03	
   7.0143315e-03	
   4.6669249e-03	
   3.6232126e-03	
   1.0595414e-03	
  -5.8852459e-04	
  -2.1754883e-03	
  -3.3088659e-03	
  -3.5688629e-03	
  -1.3226589e-03	
  -4.4250338e-03	
  -8.1338213e-03	
  -1.0880916e-02	
  -1.3409623e-02	
  -1.3360106e-02	
  -1.5950321e-02	
  -2.4369861e-02	
  -2.7019720e-02	
  -2.5457592e-02	
  -2.6131463e-02	
  -2.7382137e-02	
  -3.2578813e-02	
  -3.6374167e-02	
  -3.5596281e-02	
  -3.4601168e-02	
  -3.6804590e-02	
  -4.0194122e-02	
  -3.8355267e-02	
  -3.3315632e-02	
  -3.2322183e-02	
  -3.7474858e-02	
  -4.3311171e-02	
  -4.4515803e-02	
  -4.2276168e-02	
  -4.0569741e-02	
  -3.7527647e-02	
  -3.2291648e-02	
  -2.8108540e-02	
  -2.7416322e-02	
  -2.7527646e-02	
  -2.7040128e-02	
  -2.6118686e-02	
  -2.2800196e-02	
  -1.9035538e-02	
  -1.5333897e-02	
  -1.1160084e-02	
  -7.8588786e-03	
  -5.0688995e-03	
  -4.4158781e-03	
  -4.7092560e-03	
  -4.6776584e-03	
  -4.5220675e-03	
  -4.4645420e-03	
  -4.4194190e-03	
  -4.3496645e-03	
  -4.2815697e-03	
  -4.2195474e-03	
  -4.1566990e-03	
  -4.0931225e-03	
  -4.0304452e-03	
  -3.9683377e-03	
  -3.9065317e-03	
  -3.8451245e-03	
  -3.7841615e-03	
  -3.7236689e-03	
  -3.6635354e-03	
  -3.3473458e-03	
  -7.7945910e-04	
   3.1083372e-03	
   5.4450867e-03	
   5.2318682e-03	
   4.6470390e-03	
   1.5472869e-03	
  -3.5009533e-03	
  -4.4606583e-03	
  -3.5829102e-03	
  -3.4865748e-03	
  -3.6291601e-03	
  -3.5493772e-03	
  -3.5422995e-03	
  -4.4641438e-03	
  -6.3638512e-03	
  -1.0531282e-02	
  -1.2632304e-02	
  -1.6114434e-02	
  -1.8136167e-02	
  -1.7375235e-02	
  -1.6561865e-02	
  -1.6273923e-02	
  -1.6054297e-02	
  -1.5712383e-02	
  -1.5245470e-02	
  -1.4777319e-02	
  -1.4329023e-02	
  -1.3876833e-02	
  -1.3420946e-02	
  -1.2967154e-02	
  -1.2514518e-02	
  -1.2062003e-02	
  -1.2181858e-02	
  -1.4531438e-02	
  -1.6332741e-02	
  -1.6533223e-02	
  -1.6521528e-02	
  -1.7128170e-02	
  -1.7566685e-02	
  -1.6079309e-02	
  -1.3273213e-02	
  -1.2073252e-02	
  -1.0350804e-02	
  -7.2856373e-03	
  -4.9076282e-03	
  -4.4456004e-03	
  -4.3082832e-03	
  -3.8425314e-03	
  -3.3786325e-03	
  -2.9949997e-03	
  -2.6026994e-03	
  -2.1988813e-03	
  -1.8016231e-03	
  -8.7836466e-04	
  -3.2435068e-04	
   5.4251305e-04	
   2.2283461e-03	
   3.9835186e-03	
   4.9699824e-03	
   7.0814245e-03	
   9.4127322e-03	
   9.6022758e-03	
   9.2269065e-03	
   9.2552985e-03	
   9.3248319e-03	
   9.2922757e-03	
   8.9428175e-03	
   8.5945491e-03	
   8.6614325e-03	
   9.1770042e-03	
   9.3781345e-03	
   9.3620795e-03	
   9.3364929e-03	
   9.3110550e-03	
   9.2757070e-03	
   9.2383242e-03	
   9.2010225e-03	
   9.1617604e-03	
   9.1203081e-03	
   9.1514717e-03	
   1.0501349e-02	
   1.2193046e-02	
   1.3684579e-02	
   1.4143002e-02	
   1.3676663e-02	
   1.3880308e-02	
   1.5047077e-02	
   1.6022356e-02	
   1.6460749e-02	
   1.6520507e-02	
   1.5983885e-02	
   1.5330882e-02	
   1.4793469e-02	
   1.4780375e-02	
   1.5477973e-02	
   1.5844730e-02	
   1.5831913e-02	
   1.5239609e-02	
   1.4357665e-02	
   1.3238007e-02	
   1.2704068e-02	
   1.2687168e-02	
   1.2208486e-02	
   1.1454962e-02	
   1.0698876e-02	
   9.4663322e-03	
   7.9143579e-03	
   6.5150386e-03	
   5.8859901e-03	
   5.4041644e-03	
   4.3766775e-03	
   3.7726647e-03	
   3.5586837e-03	
   2.5700121e-03	
   1.7121005e-03	
   1.5846420e-03	
   1.5321743e-03	
   1.2614964e-03	
   9.1742596e-04	
   6.5284599e-04	
   5.2974105e-04	
   3.9126569e-04	
   1.1195601e-04	
  -4.3874834e-05	
  -1.6173043e-04	
  -3.3326895e-04	
  -7.0082069e-04	
  -8.0009670e-04	
  -9.1036109e-04	
  -1.0052296e-03	
  -9.9800314e-04	
  -9.8171086e-04	
  -9.8461969e-04	
  -1.0318748e-03	
  -1.1258442e-03	
  -1.0799215e-03	
  -1.0834942e-03	
  -1.0671437e-03	
  -1.0821631e-03	
  -1.1356023e-03	
  -1.1605933e-03	
  -1.1568936e-03	
  -1.1910856e-03	
  -1.2034159e-03	
  -1.1638733e-03	
  -1.1248153e-03	
  -1.0964544e-03	
  -1.0849138e-03	
  -1.1513057e-03	
  -1.2073698e-03	
  -1.0873095e-03	
  -9.2870976e-04	
  -9.0474082e-04	
  -9.3200255e-04	
  -9.3711379e-04	
  -9.2280828e-04	
  -9.0809581e-04	
  -8.9782534e-04	
  -8.8978770e-04	
  -8.5794202e-04	
  -7.9427904e-04	
  -7.2306177e-04	
  -7.0442580e-04	
  -7.4305379e-04	
  -7.5149771e-04	
  -7.2359108e-04	
  -6.9966541e-04	
  -6.8241794e-04	
  -6.6500080e-04	
  -6.4975809e-04	
  -6.2551375e-04	
  -5.9184490e-04	
  -5.7395057e-04	
  -5.6223481e-04	
  -5.4336474e-04	
  -5.3761651e-04	
  -5.3861341e-04	
  -5.3687934e-04	
  -5.3579767e-04	
  -5.3520083e-04	
  -5.3321731e-04	
  -5.2671500e-04	
  -5.1971799e-04	
  -5.1848044e-04	
  -5.1761361e-04	
  -5.1656621e-04	
  -5.1633603e-04	
  -5.1402472e-04	
  -5.1038960e-04	
  -5.0627012e-04	
  -5.0184996e-04	
  -4.9753303e-04	
  -4.9184469e-04	
  -4.8435522e-04	
  -4.7622551e-04	
  -4.6781316e-04	
  -4.5901015e-04	
  -4.5007789e-04	
  -4.4060707e-04	
  -4.3031889e-04	
  -4.1933179e-04	
  -4.0809762e-04	
  -3.9674230e-04	
  -3.8509935e-04	
  -3.7310191e-04	
  -3.6074726e-04	
  -3.4807517e-04	
  -3.3510388e-04	
  -3.2182812e-04	
  -3.0824295e-04	
  -2.9435670e-04	
  -2.8018010e-04	
  -2.6572465e-04	
