   7.2917617e-03	
   7.5909613e-03	
   6.0495939e-03	
  -1.6498969e-02	
  -1.7453785e-03	
   1.9336032e-02	
  -2.2521977e-03	
  -3.4241256e-02	
  -3.8358904e-02	
  -1.5649058e-02	
   1.5062103e-02	
  -1.6059793e-02	
   1.9819592e-02	
   2.9925013e-02	
  -5.6788861e-02	
  -2.8875587e-02	
   3.0448851e-02	
   3.9902121e-02	
   1.8564100e-02	
   3.5067879e-02	
  -8.5635679e-04	
   5.5196001e-03	
   2.2016875e-02	
  -5.3568112e-03	
  -5.9525897e-02	
  -4.1589702e-02	
   4.2670089e-02	
  -1.7856972e-03	
   4.8785436e-02	
   2.5815403e-02	
  -8.5619268e-02	
  -1.3909335e-02	
   1.2162830e-01	
   2.0754855e-01	
   2.3542694e-02	
  -5.7222900e-02	
  -5.4158989e-02	
  -1.2737620e-01	
   5.1547199e-02	
   1.6138143e-01	
   1.1208528e-02	
   1.0768354e-01	
   1.0633720e-04	
  -3.7162156e-01	
  -2.8036194e-04	
   2.5795300e-01	
   1.2414238e-01	
  -2.8283529e-01	
  -4.8400474e-02	
   1.7352635e-01	
  -5.7016858e-02	
   6.3118314e-02	
   7.0938977e-02	
   9.2186199e-02	
  -2.0882745e-01	
  -7.5962817e-02	
   2.3539210e-01	
  -1.3105547e-01	
  -2.9065648e-02	
   1.7854461e-01	
   2.2936388e-02	
   7.9487698e-02	
  -1.6865809e-01	
  -9.3810685e-02	
   1.0567607e-01	
   2.6560816e-02	
  -1.1530295e-01	
   1.9813147e-02	
  -4.2583149e-02	
  -1.3349977e-01	
   9.7910694e-03	
   4.6651972e-02	
   1.5141357e-01	
  -1.2239719e-01	
  -1.9270824e-01	
  -4.1099121e-01	
  -2.8689299e-01	
   3.6659889e-01	
   4.8509874e-01	
   4.3790197e-01	
   3.7908013e-01	
   4.4272337e-01	
  -3.0046599e-01	
  -8.1862830e-01	
  -3.5940775e-01	
  -2.8608013e-01	
  -4.6571868e-01	
  -6.1267405e-01	
  -5.8116146e-01	
  -3.6758358e-01	
   2.6162334e-03	
   4.4893012e-01	
   6.9139129e-01	
   6.7538992e-01	
   6.8396486e-01	
   5.3520390e-01	
   1.0126626e-01	
  -3.1576293e-01	
  -5.8671207e-01	
  -9.5125621e-01	
  -6.9099692e-01	
  -2.7961136e-01	
  -5.5697260e-02	
   1.7496546e-01	
   2.8164411e-01	
   2.1852763e-01	
   2.2150658e-01	
   3.4724246e-01	
   1.6907811e-01	
   7.2883282e-02	
  -1.5740629e-02	
  -9.4105084e-02	
   1.9085812e-01	
   5.9922072e-01	
   9.3340327e-01	
   8.0096594e-01	
   8.0931974e-02	
  -8.0228736e-03	
   5.1938681e-02	
   5.9232254e-03	
   1.7365729e-01	
   2.7771046e-02	
  -4.3718314e-01	
  -5.0286978e-01	
  -1.9561472e-01	
  -7.2458316e-02	
  -5.2661039e-02	
  -1.5092790e-01	
  -2.5719618e-01	
  -2.7519899e-01	
  -3.5890218e-01	
  -3.8284439e-01	
  -1.1868296e-01	
   1.3351001e-01	
   3.5453912e-01	
   4.4378523e-01	
   2.6181398e-01	
  -6.4569551e-03	
  -1.8596781e-01	
  -1.3295110e-01	
  -4.3107624e-02	
   1.4038155e-01	
   3.3513889e-01	
   1.7993710e-01	
   1.9226598e-01	
  -1.2864694e-02	
  -3.1012497e-01	
  -2.6311503e-01	
  -3.1220809e-01	
  -9.1371861e-02	
   1.2757563e-01	
   1.2101175e-02	
  -9.9149369e-02	
  -3.5073580e-02	
   7.8529626e-02	
   7.8578514e-02	
   1.0437588e-02	
  -1.3489667e-01	
  -2.0500345e-01	
  -1.5378256e-01	
  -4.6728864e-02	
  -7.9321505e-02	
  -1.9510442e-01	
  -1.6043561e-01	
  -1.7920013e-01	
  -1.6320969e-01	
   1.0371362e-01	
   2.5525814e-01	
   7.8766286e-02	
  -5.7815100e-02	
  -8.4057498e-02	
   3.6840227e-02	
   1.8301402e-01	
   3.0607671e-01	
   3.8081642e-01	
   3.7372450e-01	
   2.5993620e-01	
  -3.2711868e-02	
  -8.7872904e-02	
  -5.8189414e-02	
   3.4666537e-02	
   3.3886408e-02	
  -1.5974853e-01	
  -1.7346064e-01	
  -1.6643860e-01	
  -1.5190021e-01	
  -1.3069035e-01	
  -1.6083238e-01	
  -5.0766030e-02	
   1.1612566e-01	
   2.2534401e-01	
   2.6606097e-01	
   1.4000540e-01	
  -5.7673696e-02	
  -1.2944150e-01	
  -1.2549033e-01	
  -4.0003078e-02	
   1.3652487e-01	
   3.1987148e-02	
  -1.8100735e-01	
  -2.2705263e-01	
  -2.0220675e-01	
  -6.1962799e-02	
  -8.7216161e-02	
  -1.4745582e-01	
  -1.1988270e-02	
   1.0918861e-01	
   7.1726004e-02	
   9.4210893e-02	
   1.0175628e-01	
   3.5879382e-02	
   6.4268127e-02	
   5.6025995e-02	
   1.3953442e-01	
   1.6145397e-01	
   1.4451343e-01	
   7.1980997e-02	
   6.8942034e-03	
   2.0683867e-02	
   5.8031095e-02	
   1.0549841e-02	
  -1.8548548e-02	
  -1.7847131e-05	
  -4.7238975e-02	
  -9.3576735e-02	
  -3.4374375e-02	
  -1.1234327e-02	
  -1.4995669e-02	
   7.8608313e-02	
   6.5172114e-02	
   9.2153786e-02	
   8.6388057e-02	
   5.4286281e-02	
   3.0574521e-02	
  -1.2014799e-02	
   1.5573956e-02	
  -1.7842907e-03	
  -1.4767654e-02	
   1.2368173e-02	
  -8.9545554e-02	
  -1.5823647e-01	
  -1.4312038e-01	
  -1.0890511e-01	
  -8.6625976e-02	
  -1.1139137e-01	
  -4.5543330e-02	
  -3.1095345e-02	
  -3.1696119e-02	
  -1.6840209e-02	
   2.4448092e-02	
   2.9847535e-02	
  -1.6352293e-02	
   3.1389114e-02	
   3.6817452e-02	
  -8.8845151e-03	
   1.3979117e-02	
   5.7782466e-02	
   4.8280901e-02	
   2.1723071e-02	
  -1.9343848e-02	
  -3.5208589e-02	
  -4.8327017e-02	
   4.8087396e-02	
   5.9377783e-02	
   2.1407293e-02	
   1.9242150e-02	
   5.4748764e-03	
  -1.9599007e-02	
  -4.9686997e-02	
  -5.4816930e-02	
  -4.6105920e-02	
  -3.6489096e-02	
  -4.3176861e-02	
  -5.8547034e-02	
  -1.8832779e-02	
   6.0351196e-03	
  -3.0589537e-02	
   2.5695952e-02	
   1.7835691e-02	
   8.4631207e-02	
   1.5451352e-01	
   9.9759713e-02	
   7.9773718e-02	
   7.2167225e-02	
   7.4611341e-02	
   2.4797764e-02	
  -8.9286876e-02	
  -9.2303284e-02	
  -2.5600989e-02	
   6.9791179e-03	
   1.1861234e-02	
   1.7437165e-02	
   1.7603907e-02	
   1.9437724e-02	
   5.9868176e-02	
   2.6384917e-02	
  -1.0294421e-02	
  -4.5216706e-02	
  -1.9391718e-02	
   8.9258935e-03	
  -4.4684451e-02	
  -6.0041835e-02	
  -5.6849341e-02	
  -5.1350544e-02	
  -3.3411262e-02	
  -4.3847717e-02	
  -6.8099440e-02	
  -3.8426378e-02	
  -1.3385112e-02	
   2.4502256e-03	
   2.9396238e-02	
   4.4367498e-02	
   1.5194825e-02	
   3.9680361e-02	
   5.4947151e-02	
   2.9985515e-02	
   5.3160502e-02	
   6.2851068e-02	
   4.8386583e-02	
   3.3417814e-02	
   2.6244814e-02	
  -5.0767983e-03	
  -1.6297051e-02	
  -4.2023174e-02	
  -4.5894145e-02	
  -3.9531335e-02	
  -4.3068249e-02	
  -3.2166729e-02	
  -4.2828125e-02	
  -2.9148128e-02	
  -1.4019497e-02	
   1.4455429e-02	
  -3.9728115e-03	
  -2.7816661e-02	
  -9.7907197e-03	
  -2.1161971e-02	
  -8.5002466e-03	
  -1.1526452e-02	
   9.1042245e-04	
   2.9741878e-02	
   1.8589045e-02	
   1.0462013e-02	
  -3.9511080e-03	
  -1.2822585e-03	
   1.9172018e-02	
   7.1069418e-03	
   2.6067589e-02	
   9.5858627e-03	
   1.3346821e-02	
   4.6970721e-02	
   5.8058500e-02	
   7.6209683e-02	
   5.0348592e-02	
   2.4612799e-02	
  -2.1185826e-02	
  -2.2962539e-02	
  -2.1973638e-02	
  -1.6815421e-02	
  -3.8314489e-02	
  -8.9612208e-02	
  -9.5211364e-02	
  -3.2241636e-02	
  -1.9969003e-03	
  -5.2297402e-04	
  -8.2902771e-03	
  -5.8077495e-03	
   1.2928028e-02	
   2.0444722e-04	
   3.6783464e-02	
   5.5050282e-02	
   4.9553942e-02	
   2.7001302e-02	
   3.0813640e-02	
   5.5437197e-02	
   4.9153891e-02	
   2.6154778e-02	
   2.6758214e-02	
   2.0169749e-02	
   2.5745523e-02	
  -3.3405309e-03	
  -1.5373515e-02	
  -2.3057313e-02	
  -4.1283238e-02	
  -3.6176427e-02	
  -4.1550705e-02	
  -3.7754451e-02	
  -4.0045100e-02	
  -4.7590799e-02	
  -6.1628143e-02	
  -1.6768323e-02	
   8.2824462e-03	
   2.4602713e-02	
   1.5878192e-02	
  -1.9175959e-02	
  -1.9494396e-02	
  -1.9909200e-02	
  -2.6121851e-02	
  -1.7192640e-02	
  -1.8044290e-02	
  -8.3505964e-03	
   1.6886476e-02	
   2.6750411e-02	
   4.7956261e-02	
   6.1780761e-02	
   4.8106390e-02	
   2.7333256e-02	
   3.3782742e-02	
   3.8950569e-02	
   3.4981097e-03	
  -1.7001983e-02	
  -2.0863373e-02	
  -2.8569653e-02	
  -2.2611632e-02	
  -3.3427233e-02	
  -2.0521428e-02	
   1.1329372e-02	
   1.8485507e-02	
   1.2150801e-02	
   7.4542671e-03	
  -8.7833592e-03	
  -9.2013673e-03	
   7.0754418e-04	
   3.0262513e-03	
  -7.7218848e-03	
  -1.3985921e-02	
  -1.6578522e-02	
  -1.7536157e-02	
  -4.6367748e-03	
  -1.0239116e-02	
  -8.2544616e-03	
  -2.9647513e-02	
  -1.9838168e-02	
   5.3700097e-03	
   4.4091653e-03	
   5.1828557e-03	
   9.5541106e-03	
   1.9228548e-02	
   2.3677854e-03	
   8.5185450e-03	
   1.8671593e-02	
   1.9939954e-02	
   7.5151125e-03	
   2.9053231e-03	
  -4.4283299e-03	
  -3.9115975e-03	
   3.1774459e-02	
   3.1780476e-02	
   7.7792274e-03	
  -5.2655431e-03	
  -1.3003921e-02	
  -2.8939582e-02	
  -1.3207096e-02	
   8.3553592e-03	
   1.5704249e-02	
   9.3310277e-03	
   8.2063894e-03	
   3.5580667e-03	
  -2.3777353e-02	
  -1.5069735e-02	
  -8.2187154e-03	
  -2.3795037e-03	
  -1.3522695e-02	
  -3.3242202e-02	
  -1.0542650e-02	
  -4.2665899e-03	
   1.4029171e-02	
   3.2193252e-02	
   6.7176364e-03	
   5.9945288e-03	
   9.2576389e-03	
   1.0580639e-02	
  -2.4775147e-04	
  -1.7746807e-04	
   5.4658201e-03	
  -1.5907909e-02	
  -2.3096981e-02	
  -6.8280439e-03	
   1.0131493e-02	
   6.6202920e-03	
   1.0387717e-02	
   1.7614583e-02	
   8.2798317e-03	
  -2.1341820e-03	
  -5.9248350e-03	
  -1.0235846e-02	
  -7.0755016e-03	
  -1.6757146e-02	
  -1.3879464e-02	
   1.0339453e-02	
   7.1719578e-03	
   2.0515043e-03	
   5.2664661e-03	
   2.0173495e-02	
   1.9334782e-02	
   2.4354950e-02	
   3.3746801e-02	
   2.2057598e-02	
   1.1945547e-02	
   1.2526592e-02	
   5.0099238e-03	
  -3.1020611e-02	
  -3.2562747e-02	
  -1.8503711e-02	
  -1.6669935e-02	
  -3.2024128e-02	
  -3.4131605e-02	
  -2.1087577e-02	
  -2.5286130e-02	
  -6.0138256e-03	
   3.7410125e-03	
   2.3498439e-03	
   5.3560521e-03	
   1.0033270e-03	
   1.0094317e-03	
  -3.8058300e-03	
  -6.4914696e-03	
  -1.4791864e-02	
   2.2052687e-05	
   1.0130236e-02	
   9.9853834e-03	
   6.1209131e-03	
   9.3616205e-03	
   1.6360492e-02	
   5.7216978e-03	
   5.0821879e-03	
   9.8872011e-03	
   1.1640715e-02	
   2.7557331e-03	
   5.2255508e-03	
   1.1874316e-02	
   1.4944797e-02	
   1.9608485e-02	
   1.9113535e-02	
   2.0561912e-02	
   1.4840869e-02	
  -1.2188364e-05	
  -8.1037624e-03	
   2.6992051e-04	
  -5.8975969e-03	
  -2.9625693e-02	
  -2.3966236e-02	
  -2.3554604e-03	
   4.4635721e-03	
  -1.6107018e-02	
  -2.2875187e-02	
  -6.7860166e-03	
   2.2253830e-04	
  -1.0830576e-02	
  -9.2825964e-03	
   4.5741717e-03	
  -8.1395968e-03	
  -2.7283996e-02	
  -2.2800144e-02	
   9.2949633e-03	
   2.6858513e-02	
   3.2334907e-02	
   2.2245442e-02	
   2.1101696e-02	
   2.9485049e-02	
   1.6697422e-02	
   1.3368991e-03	
  -1.5702889e-03	
   5.3194491e-03	
  -2.0730956e-02	
  -2.6724972e-02	
  -1.7808393e-02	
  -1.6938136e-02	
  -3.5470890e-03	
  -8.1695250e-03	
  -1.6180734e-02	
  -2.7575610e-03	
   1.7102645e-03	
  -3.2012568e-03	
  -2.3348017e-04	
  -1.1071333e-02	
  -1.9275253e-02	
  -2.2709200e-02	
  -1.8254212e-02	
  -1.3661100e-02	
  -4.4136445e-03	
   3.7513319e-03	
   3.8185906e-03	
   1.7723604e-02	
   1.9236316e-02	
   6.7378248e-03	
  -1.4430137e-02	
   6.7342401e-03	
   3.6937467e-02	
   3.1846122e-02	
   9.1524132e-03	
  -5.3793274e-03	
   1.0106060e-02	
   1.8097604e-02	
   2.1900564e-02	
   1.2341171e-02	
   2.0076601e-03	
  -2.5061520e-04	
   2.5887226e-03	
   1.0631672e-02	
  -3.2640552e-03	
  -7.7740110e-03	
  -1.2495959e-02	
  -2.2758791e-02	
  -4.5206060e-03	
   4.9292554e-03	
  -1.3903467e-02	
  -1.3604885e-02	
   4.3923978e-03	
   1.5270573e-03	
  -5.3726872e-03	
  -2.3065100e-02	
  -2.4928259e-02	
  -7.8913863e-03	
   5.8201510e-04	
   3.6590809e-03	
   9.3989826e-03	
   1.7965540e-02	
   1.2093688e-02	
  -5.1939878e-03	
  -4.4296245e-03	
   7.3940139e-03	
   5.7814186e-03	
  -7.4397236e-03	
  -1.5242044e-02	
   6.6676145e-03	
   1.4148499e-02	
   1.7023227e-02	
   2.5204637e-03	
   3.9394498e-04	
   4.3543678e-03	
  -1.0308996e-02	
  -1.0858362e-02	
   7.6786006e-03	
   2.5094538e-02	
   1.4067286e-02	
   5.1664504e-03	
  -1.4350392e-02	
  -5.7709449e-03	
   6.7979363e-03	
   7.1383347e-03	
   9.0355514e-04	
  -4.5442562e-03	
  -9.9535212e-03	
  -8.5113630e-03	
  -3.6964904e-03	
   3.5435169e-03	
   1.7800007e-03	
  -6.0672434e-03	
  -2.4312081e-03	
   6.0416464e-04	
  -3.6936994e-03	
  -8.4027100e-03	
   6.9286108e-03	
   2.9872978e-03	
   6.7004312e-03	
   1.2806593e-02	
   1.1406055e-02	
   1.5395442e-02	
   8.1424539e-03	
  -2.1909378e-03	
  -2.2080344e-02	
  -1.3266373e-02	
   1.3410120e-02	
   1.3325621e-03	
  -1.9507619e-02	
  -2.7631072e-02	
  -4.3754634e-03	
   1.8562144e-02	
   1.0933360e-02	
   8.4731567e-04	
   5.2607205e-03	
   2.4982785e-03	
  -6.9903067e-03	
  -1.0212076e-02	
  -1.1204641e-02	
  -2.1191099e-02	
  -2.2228627e-02	
  -1.0851372e-02	
  -6.1713508e-03	
   1.4927179e-03	
   4.2229940e-03	
  -1.0237916e-02	
  -1.4124575e-02	
  -9.6469097e-03	
  -1.1211212e-02	
  -1.8618336e-02	
  -1.8184707e-02	
   1.4059231e-03	
   5.5848712e-03	
   1.2086172e-02	
   2.5785806e-02	
   2.7632770e-02	
   1.2343149e-02	
   7.6599054e-03	
   9.8056035e-03	
   1.6621699e-02	
   6.7412741e-03	
  -2.9656966e-03	
  -1.5619924e-03	
  -5.7055918e-03	
  -1.0491614e-02	
  -1.1423106e-02	
   1.3746972e-02	
   1.6377707e-02	
   7.1943228e-03	
   5.5171305e-04	
  -4.0640575e-03	
   7.1879566e-04	
   1.6660504e-02	
   1.9435796e-02	
   4.5549346e-04	
  -1.2746226e-02	
  -1.0773961e-02	
  -3.0199009e-03	
   1.6635008e-02	
   1.7662923e-02	
   6.3531374e-03	
   7.3553571e-03	
   4.5383845e-03	
   7.1530798e-03	
  -2.9425205e-03	
  -3.2444086e-03	
   6.0835919e-03	
   1.7149347e-02	
   6.0933285e-03	
  -1.5514308e-03	
  -1.3233178e-03	
  -1.4356868e-03	
  -6.6039057e-03	
  -1.0060076e-02	
  -4.7536178e-03	
  -6.4752471e-03	
  -8.9902638e-03	
  -1.8578338e-02	
  -6.2951836e-03	
   1.6869652e-03	
   8.8500258e-03	
   3.7749663e-03	
   1.5779566e-03	
   1.6422686e-03	
  -1.3674027e-03	
   3.8234322e-03	
  -2.0128897e-03	
  -4.6081980e-03	
  -1.2207964e-02	
  -9.2527470e-03	
  -7.1037697e-03	
  -1.0531008e-02	
  -1.4234485e-02	
  -1.0685024e-02	
   5.0924475e-04	
   1.1067519e-02	
   8.7709482e-03	
   3.9817858e-03	
   8.6291951e-04	
  -4.7742376e-03	
  -1.3841922e-02	
  -1.7233814e-02	
  -7.9700103e-03	
  -3.7492119e-03	
  -6.5404363e-03	
  -8.2459692e-03	
  -8.6120527e-03	
  -8.5284423e-03	
   9.5269041e-03	
   1.1775475e-02	
   1.5642916e-03	
  -6.0675710e-03	
  -4.7519231e-04	
   7.4138431e-03	
   9.7587819e-03	
   6.5339316e-03	
   3.4986011e-03	
  -9.7896740e-04	
  -3.7177151e-04	
   9.0430200e-03	
   1.4034740e-02	
   1.4301457e-02	
   1.1619459e-02	
   8.8475247e-03	
  -3.6468022e-04	
   1.0511622e-02	
   2.3636403e-02	
   1.8159879e-02	
  -6.3387356e-03	
  -1.2672891e-02	
  -8.3075171e-03	
  -8.3587927e-03	
   5.1316366e-04	
   2.5850925e-03	
   2.4663668e-03	
  -2.9491204e-03	
  -4.3366239e-03	
  -1.0249987e-02	
  -6.4884866e-03	
  -1.6702031e-03	
  -7.3458661e-03	
  -1.1939051e-02	
  -9.2792983e-03	
   4.9205489e-04	
   1.3337563e-03	
   3.2354532e-03	
   9.0944626e-03	
   9.3098061e-03	
   9.2360614e-03	
   7.0805480e-04	
  -6.9815907e-03	
  -1.1789977e-02	
  -1.7134787e-02	
  -5.5839200e-03	
   4.9165893e-03	
   2.7453431e-03	
  -6.9647162e-03	
  -6.9131821e-03	
  -3.4953597e-03	
   9.5651987e-03	
   8.6980698e-03	
  -2.6437339e-03	
  -6.4467270e-03	
  -1.0529171e-02	
  -6.9411069e-03	
  -1.1974331e-02	
  -9.1378980e-03	
  -2.3891207e-03	
   5.3725235e-04	
   1.8543609e-03	
   6.3321835e-03	
   1.6726702e-02	
   1.6135821e-02	
   6.2587413e-03	
   5.9527787e-05	
  -5.0539955e-03	
  -4.1608791e-03	
   5.4178992e-04	
  -4.6680984e-03	
   6.7378563e-04	
   6.2437284e-03	
   7.0950883e-03	
   1.1624306e-02	
   1.4094568e-02	
   1.3359147e-02	
   1.0686829e-02	
   1.7284182e-03	
  -2.0938340e-03	
   4.5939253e-03	
   1.1429438e-02	
   8.1500296e-03	
   1.5846434e-03	
  -3.4967520e-03	
  -4.9006661e-04	
   6.7116294e-03	
  -3.8207074e-03	
  -5.9276920e-03	
  -2.0730103e-03	
   3.1211214e-03	
  -3.4892330e-03	
  -1.1381221e-02	
  -7.0415068e-03	
  -3.5748468e-05	
   3.2760913e-03	
   9.3052197e-05	
  -5.2672568e-04	
  -3.5114688e-05	
   1.7798839e-03	
  -1.1012157e-03	
  -7.4642369e-03	
  -8.5369221e-03	
  -5.7486555e-03	
   1.8095909e-03	
   3.2808951e-03	
  -4.0586049e-03	
  -2.0380311e-03	
   2.0158066e-03	
   1.8168167e-03	
   3.0728789e-04	
  -2.5705978e-03	
  -4.7643025e-03	
  -4.3562043e-03	
  -4.7607714e-03	
  -4.5229149e-03	
  -1.7089478e-03	
   1.6253792e-03	
   1.9852966e-03	
   1.9212156e-03	
   3.3780915e-04	
  -3.3495241e-03	
  -7.5347370e-03	
  -3.9209594e-03	
   4.1554611e-04	
  -3.7536061e-03	
   3.3877872e-04	
   5.4654579e-03	
   4.8424729e-03	
   3.3457945e-03	
   2.9187456e-03	
  -1.3178601e-03	
  -1.0645652e-02	
  -1.0896036e-02	
  -8.4032802e-03	
  -5.0882265e-03	
  -4.2408860e-04	
   1.4872750e-03	
  -3.8061135e-03	
  -4.0372227e-03	
   2.8079330e-03	
   4.2471166e-03	
   2.2750447e-03	
   1.6745413e-03	
  -5.3201547e-04	
   8.3328935e-04	
  -1.7201744e-03	
  -5.6998116e-03	
  -5.3816553e-03	
  -1.2970358e-04	
   2.0129297e-03	
   3.3636992e-04	
   3.8312977e-03	
   1.2810461e-03	
   1.9139895e-03	
   6.0577618e-03	
   1.1923226e-02	
   1.4123674e-02	
   9.0968881e-03	
   2.6342889e-03	
   1.6997233e-03	
   4.0896859e-03	
   2.5897892e-03	
   2.1081293e-03	
  -2.8158723e-03	
  -5.1412788e-03	
  -1.6752645e-03	
  -4.5756396e-03	
  -1.0646550e-03	
  -3.2230359e-03	
  -6.5731081e-03	
  -9.5152428e-03	
  -6.5760124e-03	
  -7.1698000e-04	
  -7.7673991e-03	
  -7.2436739e-03	
   4.4774509e-03	
   1.2382596e-02	
   8.0380975e-05	
  -4.7504772e-03	
   1.8955213e-03	
   4.4589321e-03	
  -4.0404672e-04	
  -2.8675830e-03	
   2.9818098e-03	
   8.9211434e-03	
   9.1172246e-03	
   4.0229752e-03	
   3.6794268e-03	
   7.9741557e-03	
   1.1665011e-02	
   1.7495132e-02	
   1.0322644e-02	
   2.0773125e-03	
   5.7740351e-04	
  -6.3221886e-07	
   9.6314242e-04	
   5.1358986e-04	
  -3.0741899e-03	
  -5.7047634e-03	
  -9.3728471e-03	
  -9.2891894e-03	
  -4.7021657e-03	
  -2.2800982e-03	
   3.5532221e-03	
   7.3051020e-03	
   5.9497326e-03	
  -1.6082168e-03	
  -7.1971420e-03	
  -4.4892004e-03	
  -3.9012498e-03	
  -2.9631826e-03	
  -5.1119460e-03	
  -8.2243444e-03	
  -2.0537565e-03	
   6.8021509e-03	
   8.0614264e-03	
   1.7401350e-03	
   6.2887703e-04	
  -6.5262330e-04	
   2.1163407e-03	
   5.8778433e-03	
   1.2107835e-03	
  -2.9519784e-03	
  -2.1231284e-03	
  -2.2868200e-03	
  -3.6775368e-03	
   2.9917449e-04	
   4.4814609e-03	
  -1.0336023e-03	
  -7.1750259e-03	
  -5.9607292e-03	
  -2.6007446e-03	
  -3.7248624e-03	
  -3.6669245e-03	
  -2.3048726e-03	
  -6.2941914e-03	
  -5.0991664e-03	
  -1.9929461e-03	
  -1.2379853e-03	
  -2.1179869e-03	
  -6.7242515e-04	
  -3.0299970e-03	
  -1.7771629e-03	
  -1.1763870e-03	
  -7.7476235e-04	
   7.2652482e-03	
   3.3401655e-03	
  -1.1630978e-03	
  -7.6225338e-03	
  -1.0349505e-02	
  -1.0391154e-02	
  -4.1659852e-03	
  -1.7953491e-03	
  -2.3573633e-03	
  -2.0514942e-04	
  -2.6398225e-03	
   1.7729551e-04	
   1.6485405e-03	
   2.3315500e-05	
   4.3019393e-03	
   8.0730499e-03	
   4.1254668e-03	
   3.7112040e-03	
   7.0069230e-03	
   8.1794349e-03	
   6.8978983e-03	
   2.9760110e-03	
   5.4462145e-03	
   6.2300605e-03	
   2.9088316e-03	
  -2.2609374e-04	
  -1.2153333e-03	
  -8.1372029e-05	
  -4.2184768e-03	
  -1.5105856e-03	
   8.0221554e-04	
   2.6332003e-03	
   2.0261959e-03	
  -3.2672713e-03	
  -8.0596498e-03	
  -3.5337141e-03	
   5.0105664e-03	
   8.0203914e-03	
   4.9400599e-03	
   1.7826354e-03	
   2.9005241e-03	
   1.4487278e-03	
   5.9759406e-04	
   2.1362657e-03	
   5.4062599e-03	
   6.5112988e-03	
   5.9428247e-03	
   2.2136405e-03	
   4.2777850e-04	
   9.3786966e-05	
   6.2706294e-04	
   4.7386237e-03	
   4.6808717e-03	
   1.5716166e-03	
  -1.6307900e-03	
  -1.0011557e-03	
   2.0665704e-04	
  -2.1381201e-03	
  -7.1039745e-03	
  -9.3813016e-03	
  -5.6776860e-03	
  -1.6528623e-03	
  -2.1217751e-03	
  -3.5832290e-03	
  -4.1999013e-03	
  -4.0360320e-03	
  -3.4288916e-03	
  -1.4180645e-03	
  -3.8174598e-03	
  -2.3719632e-03	
  -2.4939760e-03	
  -1.6427222e-03	
   5.7387393e-03	
   4.9967883e-03	
   6.3812480e-03	
   1.5534962e-03	
   2.0899582e-03	
   4.2613830e-03	
   6.0248664e-03	
   2.9991002e-03	
  -3.8522830e-03	
  -2.9271618e-03	
  -3.8008183e-03	
   1.6469447e-03	
   3.0474549e-03	
  -2.2589119e-03	
  -2.5447587e-03	
   8.6973862e-04	
  -1.3562183e-04	
  -3.3091569e-03	
  -3.5628831e-03	
  -3.2512851e-03	
  -3.8358621e-03	
  -5.1142581e-03	
  -9.3831255e-03	
  -6.7620262e-03	
  -2.7725711e-03	
  -3.1419458e-03	
  -2.6601104e-03	
   1.0787969e-03	
   7.3038735e-03	
  -1.3288540e-05	
  -1.3270260e-03	
  -5.0145102e-03	
  -8.2394518e-03	
  -2.7595906e-03	
  -2.5636426e-03	
   1.1816806e-03	
  -4.8539484e-04	
  -1.6995645e-03	
  -9.2222959e-04	
   1.0821283e-03	
   6.0512603e-03	
   5.2803545e-03	
   2.7813379e-03	
   5.3478117e-03	
   6.5876801e-03	
   2.2192160e-03	
   2.8102397e-03	
   8.8361437e-03	
   7.2782671e-03	
   4.7021530e-03	
   5.3925732e-04	
   1.2073667e-03	
   3.7738291e-03	
   4.6186025e-03	
   9.0769927e-03	
   6.3691772e-03	
   3.0928133e-03	
  -4.0197244e-04	
   5.8733986e-04	
  -9.6855759e-05	
  -2.1751065e-03	
  -4.8090514e-03	
  -3.8197435e-03	
   1.3433654e-04	
  -3.4407576e-03	
  -4.6870803e-03	
  -4.4558325e-03	
  -5.5273900e-05	
   6.6099883e-04	
  -3.5179767e-03	
  -4.3499421e-03	
  -3.7107630e-03	
   1.5377865e-03	
   2.5399313e-03	
   4.0271049e-03	
   4.8140347e-03	
   1.5858338e-03	
   9.4980060e-04	
   6.3818937e-04	
  -2.1146230e-03	
  -4.2635597e-03	
  -1.1992529e-03	
  -2.0729866e-03	
  -5.1662866e-03	
  -4.9864531e-03	
  -1.6512656e-04	
  -1.7423160e-03	
  -3.0207804e-03	
  -4.0936707e-03	
  -2.6065151e-03	
  -8.2063422e-04	
   1.0294880e-03	
   1.7907054e-03	
   3.7853707e-03	
   6.8914220e-03	
   9.1205667e-03	
   8.2982151e-03	
   1.1769194e-03	
   5.7619800e-04	
  -1.0748833e-03	
   3.6340038e-03	
   3.0557637e-03	
   1.1284387e-03	
   2.0566747e-03	
   4.6983069e-04	
   1.7738803e-03	
   9.9648518e-04	
   7.7799519e-04	
   2.2223316e-04	
  -4.9685958e-03	
  -8.0008961e-03	
  -7.6090896e-03	
  -3.2760315e-03	
   1.5516913e-03	
  -5.1841661e-03	
  -8.3963471e-03	
  -3.3983870e-03	
  -4.9145764e-03	
  -4.8086546e-03	
  -5.3740638e-03	
  -5.7628084e-03	
   2.4053542e-04	
  -1.3399020e-03	
  -3.0552483e-03	
  -1.7094596e-03	
  -1.6292411e-03	
   4.5211824e-04	
   3.7572885e-03	
   4.6341068e-03	
   1.5857302e-03	
   5.7382826e-04	
   9.7203960e-04	
   9.3019154e-04	
   1.0939172e-03	
   9.6855255e-04	
   7.0827844e-04	
   1.6975126e-03	
   1.3569340e-03	
   3.1363444e-03	
   1.0016578e-02	
   9.5635733e-03	
   7.2186376e-03	
   3.2772852e-03	
   1.3820408e-03	
   2.3200550e-04	
  -4.1622588e-03	
  -2.1869155e-03	
   9.6787530e-05	
  -7.7058576e-04	
  -7.4036875e-03	
  -3.1059989e-03	
   7.6126837e-04	
   1.9849725e-03	
  -7.8397169e-04	
  -5.1718181e-03	
  -1.2563718e-03	
   8.8277900e-04	
   1.6310870e-03	
   1.1234607e-03	
   7.7965146e-04	
   1.4380185e-03	
   2.6874121e-03	
   5.1269998e-04	
  -1.7069822e-03	
   1.5467628e-03	
   7.3398118e-04	
  -3.6313893e-03	
  -4.5598077e-03	
  -2.1058812e-03	
  -5.0958684e-04	
  -9.7225254e-04	
  -2.9285484e-03	
  -2.5239470e-03	
  -6.7068729e-04	
   8.4530061e-04	
   1.6064436e-03	
  -5.3936977e-04	
   2.2177115e-04	
   6.3279216e-04	
   5.2516706e-03	
   6.1958988e-03	
   2.2480914e-03	
   3.3978924e-03	
   2.4180695e-03	
   2.2187866e-03	
   1.6501102e-03	
   1.3384016e-03	
   1.7429927e-03	
   4.1946975e-04	
   1.5594078e-04	
   4.3732994e-03	
   1.0161374e-02	
   7.7746410e-03	
   6.9136578e-03	
   2.7506320e-03	
   1.4367408e-03	
   1.9698100e-03	
   1.3882778e-03	
   2.0691024e-03	
  -2.5307752e-03	
  -5.5021144e-03	
  -6.0065586e-03	
  -1.6671492e-03	
  -8.0644914e-04	
  -1.1310173e-03	
   2.1387602e-03	
  -1.0895522e-03	
  -6.7687011e-03	
  -4.5717683e-03	
   6.6381525e-04	
   1.3928147e-03	
  -5.2467565e-03	
  -4.1451543e-03	
  -3.9998857e-04	
  -3.1047323e-03	
  -3.9207578e-03	
  -4.0012119e-03	
  -4.4671189e-03	
  -5.1932097e-03	
  -4.6826357e-03	
  -2.1163171e-03	
  -1.3744745e-03	
  -8.5426771e-04	
   5.7817683e-04	
  -1.1404550e-03	
  -4.8855334e-04	
  -1.9341564e-03	
  -9.8995397e-04	
  -4.0255520e-03	
  -5.4422487e-03	
  -5.9756161e-03	
  -5.6674107e-03	
  -5.6868399e-03	
  -4.1259172e-03	
   1.4281281e-04	
   1.5848885e-03	
   5.0088308e-03	
   3.3094719e-03	
   4.6005750e-03	
   1.7577006e-03	
   1.5872979e-03	
  -1.4740050e-04	
   1.7364825e-04	
   3.7196491e-03	
  -9.5412555e-04	
   7.4170372e-04	
   1.9460801e-03	
   2.8517306e-03	
   3.3976278e-03	
  -2.3811165e-03	
  -1.0129231e-03	
   6.3472248e-04	
   3.6474102e-04	
  -2.0188060e-03	
  -4.7716011e-04	
   6.1877938e-03	
   4.7486061e-03	
   2.6509348e-03	
   6.2071852e-04	
   6.2697663e-04	
   7.2959828e-04	
   4.7567583e-04	
  -7.4830266e-04	
  -3.9513789e-04	
   2.7281369e-04	
  -6.7492436e-04	
  -1.1087253e-03	
   2.8195127e-03	
   8.9930137e-03	
   6.8021887e-03	
   9.1933852e-05	
  -1.4232938e-05	
   5.9589968e-04	
   2.1536037e-03	
   2.9821592e-03	
   8.1382046e-04	
  -3.3074779e-03	
  -4.5924890e-03	
  -5.3950712e-05	
  -1.3614454e-03	
  -6.0834091e-03	
  -2.3061396e-03	
   3.6007556e-03	
   2.2193820e-03	
   2.4954555e-03	
   3.8925526e-03	
   4.3035363e-03	
   2.0035011e-03	
   5.9643171e-04	
  -2.6511742e-03	
  -3.3965473e-03	
   1.0681099e-03	
  -5.6059479e-04	
  -3.1342922e-04	
   1.5237284e-03	
   2.3394366e-03	
   1.6968496e-03	
   3.6817641e-03	
   4.1167476e-04	
  -1.0660599e-03	
   1.1261713e-04	
   7.0347911e-04	
   2.5213652e-03	
   9.5048069e-04	
   1.7372814e-03	
   2.4791130e-03	
  -1.1635788e-03	
  -1.9057396e-03	
  -3.7111063e-03	
  -5.9340456e-03	
  -2.7124694e-03	
   2.1359552e-04	
   2.2884529e-03	
   1.2315073e-03	
   3.3673941e-03	
   3.2901435e-03	
   1.4719295e-03	
  -3.5592007e-04	
  -3.7480653e-03	
  -5.9228190e-03	
  -7.4776401e-03	
   1.0919355e-04	
  -3.7230071e-03	
  -4.1021946e-03	
  -3.0134503e-03	
  -1.0317397e-03	
   5.9663993e-04	
  -4.5066389e-04	
  -3.0306405e-04	
  -3.3643575e-03	
   1.1067377e-03	
  -3.7886656e-03	
  -2.2951930e-03	
   6.8869836e-04	
  -1.9068367e-03	
  -2.2121407e-03	
  -3.6577422e-03	
   7.3305414e-04	
   3.7542015e-06	
   4.1153994e-04	
   2.9168313e-03	
   2.3674108e-03	
   3.3501636e-03	
   6.3565488e-03	
   1.6538757e-03	
  -4.2340599e-03	
  -6.7011053e-03	
  -9.4194765e-04	
   8.5347297e-04	
  -5.5483974e-03	
  -2.7604360e-03	
  -3.1428208e-03	
   2.5544317e-04	
   7.0499520e-04	
   2.6610249e-03	
   2.2657950e-03	
   2.3106239e-03	
  -3.0095824e-04	
   3.2961474e-05	
   4.3852284e-03	
   3.5306680e-03	
   2.6118691e-03	
  -6.8709974e-04	
   9.9269604e-04	
   3.7581831e-03	
   3.2762362e-03	
  -9.9821295e-05	
   8.2513274e-04	
   2.2415400e-03	
   4.2335779e-04	
   3.2049108e-03	
   6.9767838e-05	
   1.7142382e-03	
   2.6263490e-03	
  -5.4091327e-04	
  -1.6074573e-03	
  -2.7864245e-03	
  -9.3637498e-04	
  -1.9161894e-03	
  -2.0608560e-03	
  -5.6135678e-03	
  -5.1125949e-03	
  -2.2410924e-03	
  -1.8750299e-03	
   1.3658680e-03	
  -1.5058698e-03	
  -3.7544567e-03	
  -4.6282635e-03	
  -1.0950606e-03	
  -2.9856991e-04	
   2.1264598e-03	
   4.0466160e-04	
   6.1976439e-04	
   2.6850414e-03	
  -7.3916923e-04	
   1.3357462e-03	
   4.2661647e-04	
   1.1717225e-03	
   6.5447203e-04	
  -6.8351881e-05	
   2.3920215e-03	
   2.9379820e-03	
   7.3116855e-04	
   4.9980136e-04	
   6.0570657e-04	
   1.9771826e-03	
   2.1762411e-03	
   9.4912619e-04	
   5.8285678e-04	
   9.7464559e-04	
   9.1031661e-04	
   1.0965333e-03	
   1.1928121e-03	
   1.3115772e-03	
   1.4721005e-03	
   6.7541796e-04	
   6.8176332e-04	
   1.9311948e-03	
   4.5907407e-03	
   2.2554661e-03	
   1.2339429e-03	
   1.7066388e-04	
   6.0743970e-04	
   7.0373300e-04	
  -5.8117689e-04	
   1.4762859e-07	
   2.3995254e-03	
   2.4508556e-03	
   2.2516427e-03	
   2.2676428e-03	
  -8.6100714e-04	
   7.7389641e-04	
  -4.0025601e-03	
  -6.9641775e-03	
  -6.4535058e-03	
  -1.6129137e-03	
  -3.2608013e-05	
   5.6800737e-04	
   2.2768002e-03	
  -1.3240156e-03	
  -1.6998758e-03	
   2.3312747e-03	
   9.7893715e-04	
   1.2551392e-03	
   1.9071596e-03	
   1.6694276e-03	
   1.0398210e-03	
  -8.8747501e-04	
   8.6309149e-04	
  -2.5931628e-03	
  -4.4176671e-03	
  -5.5322914e-03	
  -3.0622079e-03	
  -2.0568410e-03	
  -3.2553675e-04	
  -3.3609933e-03	
  -3.0173170e-03	
   1.3029493e-03	
   1.6851763e-03	
   7.7935064e-04	
   8.4353188e-06	
   2.8832615e-03	
   2.1123497e-03	
  -1.3021231e-03	
  -5.5774372e-03	
  -5.8986490e-03	
  -4.5527769e-03	
  -2.8921155e-03	
   1.0157144e-04	
  -2.8310745e-03	
   1.7108513e-03	
  -5.2584525e-05	
  -2.9241948e-03	
   9.6889149e-04	
  -8.5235661e-04	
  -2.7667534e-03	
  -1.2891649e-03	
  -1.5461117e-03	
  -2.4165688e-03	
  -1.2762452e-03	
  -1.2440963e-03	
  -6.5223868e-05	
   2.1158276e-03	
   1.8171355e-03	
   1.7818381e-03	
   5.7412435e-04	
  -4.6744173e-03	
  -2.2813557e-03	
   4.3934184e-04	
  -7.3945494e-04	
  -2.5831553e-03	
  -1.5070498e-03	
   1.8849858e-03	
   4.0371534e-03	
   4.0757503e-03	
   1.1206746e-03	
   8.0273718e-04	
   3.3371509e-03	
   3.1637623e-03	
  -2.7312270e-04	
  -3.2363573e-06	
   7.5168009e-04	
  -2.3115031e-04	
   4.1954787e-05	
   2.2937191e-03	
   2.8077367e-03	
   1.9958951e-04	
   1.1729425e-03	
   1.4836806e-04	
   2.1977805e-03	
   5.7600995e-03	
   2.2879058e-03	
   1.2151588e-03	
   7.3986570e-04	
   1.1189950e-03	
   6.9510042e-04	
  -1.0200585e-03	
   1.7103394e-03	
   3.7822554e-03	
   9.2038401e-04	
   1.5468595e-03	
   1.2722626e-04	
   1.3350976e-03	
   2.9252119e-03	
  -5.2285464e-05	
   2.1192249e-03	
   7.2530010e-04	
   2.3154242e-03	
   3.0704030e-03	
   1.1786094e-03	
  -7.8706026e-04	
  -6.7770738e-04	
   1.3524875e-03	
   1.0699687e-03	
   2.0080522e-03	
   7.6511862e-04	
   1.3498755e-03	
   2.4292995e-03	
   1.1863732e-03	
   1.7518649e-03	
   5.9249484e-05	
   7.3717024e-04	
  -1.2541665e-03	
  -4.4211321e-03	
  -7.6298481e-03	
  -6.2099226e-03	
  -2.3873384e-03	
  -1.4877670e-03	
  -2.7852732e-03	
  -5.4029524e-03	
  -1.2206014e-03	
   6.0406668e-04	
  -6.3561141e-04	
  -1.4320158e-03	
  -1.2770128e-04	
  -3.1701285e-04	
  -5.9626066e-04	
  -2.8509510e-03	
   1.0648166e-03	
  -5.8278024e-04	
  -2.0344363e-03	
  -9.5816196e-04	
  -2.2845403e-03	
   4.1248148e-05	
   1.2781355e-03	
   1.0273435e-04	
   8.7065969e-04	
   9.6404585e-04	
   2.7245169e-03	
   1.3050069e-03	
  -4.0718128e-03	
  -2.3691525e-03	
  -3.8946537e-03	
  -3.3451992e-05	
  -2.2270657e-03	
   3.7820885e-04	
  -2.6473350e-03	
  -5.8945099e-03	
  -3.7967391e-03	
  -4.4999231e-03	
   1.6611657e-03	
   2.1432553e-03	
   1.0063258e-04	
   4.6066797e-04	
   3.9107502e-03	
   3.6058869e-03	
  -1.0642272e-03	
  -3.5790143e-03	
  -1.6064883e-03	
  -1.9177660e-03	
  -1.3328636e-03	
  -4.1711103e-04	
   9.7082370e-04	
   1.9187028e-03	
  -7.1812471e-04	
  -1.6268370e-03	
  -1.0065838e-03	
   1.6340864e-03	
   1.8913775e-03	
   1.2139489e-03	
   1.4464595e-04	
   2.8046006e-03	
   6.5924838e-04	
  -6.5737759e-04	
  -2.9406957e-04	
   1.3187503e-03	
   4.3063555e-03	
   5.1963124e-04	
   6.3240691e-04	
   7.8373071e-04	
   8.6439119e-04	
   1.0510545e-03	
   1.1028118e-03	
   1.4243894e-03	
   2.3530576e-03	
   1.3641018e-03	
   1.6567790e-03	
   1.5929163e-03	
   1.7153580e-03	
   3.7629491e-04	
  -6.9616071e-04	
   1.9574295e-03	
   1.1290999e-03	
   2.1766431e-03	
   2.4014368e-04	
  -6.6847945e-04	
   1.2110084e-03	
   2.4288056e-03	
   1.9891592e-03	
   1.4242438e-03	
   1.5178127e-03	
   5.1284488e-04	
   2.4019875e-03	
   2.0362350e-03	
   2.1619373e-03	
  -1.2103402e-03	
  -2.3309285e-03	
  -4.6104345e-04	
   1.3702995e-03	
   2.6074059e-03	
   3.1153670e-03	
   1.6318263e-03	
   1.3544008e-04	
   9.9674221e-04	
   1.3312625e-03	
  -5.0238562e-04	
   1.1651642e-03	
   7.2878841e-04	
  -2.7269635e-03	
  -6.9921652e-03	
  -4.3963006e-03	
  -1.9417712e-03	
  -5.4553275e-03	
  -6.0876238e-03	
  -5.1588338e-03	
  -3.2374975e-03	
  -1.3836167e-03	
  -1.7536352e-04	
  -1.9447294e-03	
   8.2140124e-04	
   2.5821457e-03	
   2.3674483e-03	
  -1.9073474e-03	
  -5.2442050e-03	
  -4.8453804e-03	
  -5.3877001e-03	
  -4.0380858e-03	
  -4.8470058e-03	
  -9.6303406e-04	
   1.7420974e-03	
  -8.9771157e-04	
  -1.7291021e-03	
  -1.0443756e-03	
   2.6179754e-03	
   1.0927794e-03	
   1.2250331e-03	
  -4.6428889e-06	
   9.2283723e-05	
   2.6309187e-04	
  -5.1366798e-04	
   2.6379801e-03	
   2.4232534e-04	
   1.0170216e-03	
   2.2742587e-04	
   1.6991554e-03	
   2.2393772e-03	
   2.8695410e-03	
   2.0285638e-03	
   3.5003083e-03	
   3.0608478e-03	
   1.4200657e-03	
   4.1991453e-03	
  -6.3767718e-04	
   9.5613997e-04	
   1.5702681e-03	
   1.5805235e-03	
   1.5972062e-03	
   1.7165667e-04	
   1.7590652e-03	
   2.9176418e-04	
   1.1403945e-03	
   1.2598800e-03	
   1.6748821e-03	
   1.0459528e-03	
   2.3924716e-03	
   1.4969436e-03	
  -8.8899804e-04	
   9.9395163e-04	
   1.4956987e-03	
   1.6055723e-03	
   1.1533303e-03	
  -2.6575255e-04	
  -1.9321646e-03	
  -3.6077107e-04	
   4.2687162e-04	
   2.9585521e-04	
   8.7751251e-05	
  -2.6489456e-04	
   5.5379992e-04	
   2.2756350e-03	
   1.5937488e-03	
   5.7173571e-04	
   1.2823628e-04	
   1.6008341e-03	
  -9.8914000e-04	
  -3.6813136e-03	
  -4.6585665e-03	
  -5.0859868e-03	
  -1.0852446e-03	
   5.9312862e-04	
   2.3436249e-03	
   5.4788706e-05	
   6.5258519e-04	
   9.8038994e-04	
  -1.9160228e-03	
  -2.2987966e-03	
  -1.6516987e-03	
  -3.8880859e-03	
  -4.5749088e-03	
  -2.1548277e-03	
  -1.2284943e-03	
  -9.4821016e-04	
  -2.0687965e-03	
  -6.0417441e-04	
   4.3521030e-04	
   1.0122396e-03	
  -2.5166503e-03	
  -2.5068702e-03	
  -9.1284259e-04	
  -3.2171170e-03	
  -2.5109097e-03	
  -2.9208262e-03	
  -9.6299973e-04	
   7.6992836e-04	
   3.6413275e-04	
   6.1995150e-04	
   1.1001164e-03	
   2.4979251e-03	
   3.0286919e-03	
   2.1388629e-03	
   2.4206121e-03	
   1.3623167e-03	
   2.4571443e-03	
   2.0772464e-03	
  -2.0901318e-04	
  -5.4422046e-04	
   4.9497147e-04	
   1.8835715e-03	
   1.5003261e-03	
   1.9370818e-03	
   3.1498271e-03	
   4.2463039e-03	
   2.1933790e-03	
   1.5250470e-03	
   8.1208260e-04	
   1.6460278e-03	
   1.8532071e-03	
   1.5632234e-03	
   9.6149875e-04	
  -1.4986377e-04	
  -3.3694290e-04	
   8.1993901e-04	
   1.2720050e-03	
   1.3940501e-03	
   1.3523237e-03	
   8.3813373e-04	
  -2.5710861e-03	
  -3.4775433e-03	
  -5.6874762e-04	
  -1.2488336e-03	
  -1.5663649e-03	
  -1.9667753e-03	
  -1.2010298e-03	
   1.8283428e-03	
   1.8292532e-03	
   1.2122750e-04	
   4.6680102e-04	
  -9.1249231e-04	
  -2.8637160e-03	
  -3.1867983e-03	
  -6.3327096e-04	
  -2.2434917e-03	
  -1.9591201e-03	
  -1.1592977e-04	
   1.3356624e-03	
   3.5306649e-03	
   1.0300862e-03	
   3.2848074e-04	
  -6.6110499e-04	
  -4.0107312e-04	
  -7.7124033e-04	
  -5.8612711e-04	
   7.8018349e-05	
  -1.8378562e-04	
  -5.2154613e-04	
  -1.7138570e-04	
  -7.5239294e-04	
   2.0094877e-05	
  -1.4248789e-03	
  -1.0043501e-03	
  -8.6475438e-04	
  -1.1902946e-03	
  -7.8392853e-04	
  -4.4168890e-04	
   1.8274549e-04	
  -1.2237967e-03	
  -2.2186694e-04	
  -5.4958680e-04	
   2.3024103e-04	
   1.3849136e-03	
   1.4405652e-03	
   1.3560980e-03	
   9.8898534e-04	
   8.6684692e-04	
   8.4520926e-04	
   8.1664947e-04	
   8.2168034e-04	
   7.3494383e-04	
   6.8078021e-04	
   4.7315457e-04	
  -2.7231933e-04	
   1.2478826e-04	
  -1.4256799e-04	
   1.9823284e-05	
   4.3137391e-04	
   2.0788022e-04	
   3.7507995e-04	
  -4.5472928e-04	
  -3.5977851e-04	
  -1.5040371e-03	
  -1.2238884e-03	
  -5.1947721e-04	
  -8.4812647e-04	
  -1.1400741e-03	
  -3.9730225e-04	
  -1.1989114e-04	
   1.1382295e-06	
   2.8182118e-05	
  -4.2008400e-04	
  -3.2002740e-04	
  -3.8462319e-04	
  -5.3055481e-04	
  -2.2922604e-04	
   9.5463522e-05	
  -1.1702956e-04	
  -3.6512658e-04	
   2.8860706e-05	
  -3.3178540e-04	
  -9.6602971e-05	
  -3.2555534e-04	
  -7.9734879e-04	
  -8.4745584e-05	
   3.1863195e-05	
   1.6872276e-04	
  -1.0075209e-04	
  -1.8303885e-04	
  -1.6215205e-04	
  -9.9894375e-06	
   1.0669207e-04	
  -3.0263798e-04	
  -1.5330814e-04	
  -9.8814366e-06	
  -1.3328935e-04	
  -7.0166344e-05	
  -7.3533884e-05	
  -2.5558924e-05	
   1.2731220e-04	
   2.0985549e-04	
   4.1228712e-05	
   5.6422170e-05	
   7.6347369e-05	
   1.4067894e-04	
   1.0333481e-04	
   1.6723435e-04	
   1.4334963e-04	
   9.2190987e-05	
   1.1561291e-04	
   8.8846159e-05	
   1.0171221e-04	
   3.2327096e-05	
   6.7276818e-05	
   8.4369065e-05	
   7.0528153e-05	
   6.8578114e-05	
   6.1275848e-05	
   6.1507372e-05	
   5.9757390e-05	
   6.0822027e-05	
   6.2733006e-05	
   6.6395952e-05	
   7.1557416e-05	
   7.7848218e-05	
   8.5760419e-05	
   9.4479777e-05	
   1.0502289e-04	
   1.1650322e-04	
   1.2967372e-04	
   1.4365644e-04	
