  -3.9681380e-04	
  -4.8706497e-03	
   2.6412985e-03	
   6.3725141e-03	
  -3.6913368e-03	
  -1.8150187e-03	
  -2.1584889e-03	
  -2.1826838e-03	
   5.9829804e-03	
   1.3418319e-03	
  -3.9733699e-03	
  -1.1392537e-03	
   6.8895432e-03	
  -1.5475661e-03	
  -2.7019827e-03	
  -2.1130194e-03	
  -5.2567094e-04	
   1.0969590e-02	
  -9.1239409e-03	
  -8.8340209e-03	
  -6.0256976e-04	
  -4.1795439e-03	
   3.4183899e-03	
  -1.7347442e-03	
  -2.7067957e-03	
  -1.6922040e-03	
  -3.0798464e-03	
  -1.2594601e-03	
  -4.0762921e-03	
   4.9558256e-03	
   8.1850880e-03	
   8.7840625e-03	
   3.0733749e-03	
  -3.7877513e-03	
  -1.0754538e-03	
  -3.3551322e-03	
  -7.1887024e-04	
   9.5193690e-03	
   3.9049285e-03	
  -3.4072933e-03	
  -1.4451040e-03	
  -2.8936786e-03	
  -2.0464616e-03	
  -2.5625409e-03	
  -2.3539048e-03	
  -2.3226559e-03	
  -2.6411057e-03	
  -2.0828013e-03	
  -2.9435402e-03	
  -1.7922948e-03	
  -3.3727026e-03	
   2.5170709e-04	
  -4.3188286e-03	
   7.3535325e-03	
   6.9488701e-03	
   1.7448154e-03	
   6.6209843e-03	
  -3.2608389e-03	
  -3.0370989e-03	
   2.9945492e-03	
   1.9207778e-02	
  -3.6582565e-03	
   5.8437161e-04	
   6.6970800e-03	
  -3.9703277e-03	
  -1.3497442e-02	
  -3.2492767e-03	
   6.6187876e-03	
  -3.6928944e-04	
   2.5302752e-03	
  -1.2896017e-02	
  -1.2829464e-02	
  -1.3467378e-02	
   3.9823556e-03	
   7.7789247e-03	
   6.6544672e-03	
   7.5369255e-03	
   1.0451642e-02	
   3.1492897e-03	
  -1.4121808e-02	
  -5.9363966e-03	
   1.8384969e-03	
   4.8038633e-03	
   5.2048226e-03	
  -4.2920080e-03	
  -3.7339540e-03	
   2.0035785e-03	
   8.0502519e-03	
   5.4255900e-03	
  -1.5200571e-02	
   1.4467983e-02	
   2.0180143e-02	
   1.5903294e-02	
   3.1578302e-03	
   7.9476015e-03	
  -8.3708020e-03	
  -2.7714807e-02	
  -1.1663984e-02	
  -6.3623654e-03	
  -3.5136623e-03	
  -4.0706527e-03	
   1.6369028e-02	
   1.7215861e-02	
   8.3676262e-03	
  -3.3136237e-03	
  -4.5700238e-03	
  -3.8043019e-03	
   1.1790351e-02	
   1.9468797e-02	
   9.1660169e-03	
   1.2755922e-03	
   1.8182964e-03	
  -2.8995775e-03	
  -8.0178276e-03	
   3.6288246e-03	
  -6.6587861e-03	
   6.5335918e-03	
  -4.9804768e-03	
  -1.9950922e-02	
  -1.0773454e-03	
  -8.0201089e-03	
  -3.3217030e-03	
  -6.9753503e-03	
  -2.1428428e-04	
   1.4229846e-02	
   1.1072852e-02	
   2.5285735e-03	
   9.7001279e-03	
  -1.2238854e-02	
   4.7189772e-03	
   1.0871850e-02	
  -1.0002866e-02	
   5.9008114e-03	
   2.3788776e-03	
   7.4269096e-03	
  -8.7903396e-03	
  -2.2058028e-02	
  -1.4085780e-02	
  -6.0273824e-03	
  -7.6133690e-03	
  -1.2324810e-03	
  -2.0785504e-03	
  -8.0939730e-03	
  -2.9699602e-03	
   1.5148371e-02	
   7.4351598e-03	
   3.4874584e-03	
   3.2900650e-03	
  -8.2292167e-03	
  -1.9345273e-03	
   1.4617774e-02	
   2.4242124e-02	
   3.1291185e-03	
   4.8524679e-03	
   3.4184570e-03	
   3.8038491e-03	
  -5.7541567e-03	
  -7.2895388e-03	
  -6.7977324e-03	
  -2.0886534e-02	
  -1.7090573e-03	
   2.2137667e-03	
   4.7226187e-03	
  -2.5867568e-02	
  -3.3474426e-02	
  -2.7347047e-02	
  -2.0915584e-02	
   1.4053714e-02	
   2.6232266e-02	
   1.8833174e-02	
  -1.1751973e-02	
   3.2494377e-03	
   3.4776566e-03	
   1.6578563e-02	
   1.0522469e-02	
   2.5630295e-02	
   7.8164582e-03	
  -7.6458381e-03	
  -9.2015673e-03	
  -1.7609227e-02	
  -5.9932683e-03	
  -7.6503707e-03	
  -2.9218153e-03	
  -1.5034190e-02	
   9.8244127e-03	
   4.5588881e-03	
   2.5064629e-03	
  -1.4131638e-02	
  -1.0695440e-02	
  -4.7607213e-03	
   3.3278862e-03	
   3.8347834e-04	
  -8.2978971e-03	
  -8.0545460e-03	
  -1.6882896e-02	
  -6.1336112e-03	
   2.6796993e-03	
  -1.8251018e-02	
   1.1493140e-03	
   2.0134066e-02	
   4.3321452e-03	
  -3.3255229e-03	
   6.4000032e-03	
   1.3317870e-02	
  -3.2290612e-03	
  -8.2463184e-03	
   1.2350033e-02	
   2.2090750e-02	
  -4.5313483e-03	
  -1.5483230e-02	
  -2.7119302e-02	
  -6.6851321e-03	
   2.1230607e-03	
   3.0606667e-03	
   3.5624224e-03	
   1.5411398e-02	
   8.6253853e-03	
  -1.5315776e-02	
  -1.6881768e-02	
  -3.1862730e-02	
  -3.3856957e-03	
   1.3688364e-02	
   1.4083673e-02	
   1.2583548e-02	
  -3.4921128e-03	
  -1.0871110e-02	
  -4.6678966e-03	
  -8.4840981e-03	
  -6.7001763e-03	
   1.3216999e-02	
   3.0681271e-02	
   7.7334045e-03	
  -1.9684440e-02	
  -1.0820545e-02	
  -2.9541730e-02	
  -3.9838869e-03	
   4.4086713e-03	
   1.0844982e-02	
   5.1485323e-03	
   1.4838487e-02	
  -2.5396874e-03	
  -1.6344928e-02	
  -1.2295651e-02	
  -7.4912462e-03	
   9.3648368e-03	
   1.7250572e-02	
   3.0285396e-02	
   3.1091142e-02	
   1.8253871e-02	
   2.4695224e-02	
   3.8885529e-02	
   3.3128236e-02	
   3.8368465e-02	
   3.3959250e-02	
   2.7112329e-02	
   3.4947365e-02	
   4.0435920e-02	
   3.1186770e-02	
   2.5551083e-02	
   4.2680809e-02	
   4.7540928e-02	
   3.6213890e-02	
   1.4112305e-02	
  -4.4656176e-02	
  -9.1469272e-02	
  -1.1037296e-01	
  -1.1594279e-01	
  -1.6030805e-01	
  -1.5056744e-01	
  -6.2247709e-02	
  -5.6911221e-02	
  -6.4852884e-02	
   1.4298869e-02	
   1.0369806e-01	
   1.3049242e-01	
   1.8325006e-01	
   2.6399825e-01	
   2.9843508e-01	
   3.2641032e-01	
   3.3646000e-01	
   2.9924564e-01	
   2.4710099e-01	
   2.3120261e-01	
   2.0856883e-01	
   1.4402787e-01	
   6.0421135e-02	
  -8.0499488e-02	
  -2.4650156e-01	
  -3.6202648e-01	
  -4.8536120e-01	
  -6.0286746e-01	
  -6.7107773e-01	
  -6.4164837e-01	
  -5.7315432e-01	
  -4.2913256e-01	
  -2.2033660e-01	
  -1.1264704e-01	
   5.3922363e-02	
   2.3037436e-01	
   3.0668801e-01	
   3.5973953e-01	
   3.7166947e-01	
   4.0201644e-01	
   2.4029170e-01	
   1.4987353e-01	
   2.1167245e-01	
   7.9570098e-02	
   1.2028891e-02	
  -7.4491950e-02	
   2.8251210e-02	
  -2.5003374e-02	
  -7.6377767e-02	
  -1.5847933e-01	
  -2.0335650e-01	
  -2.0184134e-01	
  -2.4158976e-01	
  -1.6866157e-01	
  -2.6497883e-01	
  -1.1451551e-01	
   2.3713734e-02	
   3.8451275e-02	
   9.8547297e-02	
   1.5503498e-01	
   1.6408619e-01	
   2.2643752e-01	
   2.3668477e-01	
   4.2945546e-02	
   1.6840159e-02	
   1.1434300e-01	
   7.6789035e-02	
  -3.1083275e-02	
  -1.4858983e-01	
  -1.6978941e-01	
  -7.7947492e-02	
   2.2596140e-02	
   4.1641463e-02	
   1.1796012e-01	
   9.2832841e-02	
  -7.9032990e-02	
  -5.7843892e-02	
   3.2614447e-02	
   1.0695206e-02	
  -4.7358787e-02	
  -1.0007622e-01	
  -1.1987193e-01	
  -3.9716831e-02	
   5.2829510e-02	
   5.5692727e-02	
   2.3561498e-02	
   4.9027947e-02	
  -3.1365750e-02	
  -1.1403501e-01	
  -1.0630139e-01	
   9.4426223e-02	
   3.2653993e-01	
   3.7097586e-01	
   4.3300782e-01	
   2.5765017e-01	
   2.4715040e-02	
  -4.1017450e-03	
  -1.1133044e-01	
  -2.1704378e-01	
  -2.1598989e-01	
  -2.1141873e-01	
  -1.4077122e-01	
  -6.9611808e-02	
  -1.4127638e-02	
   3.2411497e-02	
  -6.4179499e-02	
  -2.2922386e-01	
  -1.7812351e-01	
  -7.5402802e-03	
   9.3875050e-02	
   1.5735646e-01	
   2.7408720e-01	
   2.9752140e-01	
   4.1060704e-02	
   6.0856060e-02	
   8.7442528e-02	
  -7.9183034e-02	
  -2.2399596e-01	
  -3.0014774e-01	
  -2.3171487e-01	
  -5.8486214e-02	
   7.9362898e-02	
  -4.3470165e-02	
  -1.2078253e-01	
  -1.1540052e-01	
  -1.5793641e-01	
  -1.2373277e-01	
  -1.0658796e-01	
   9.0516026e-02	
   2.6777888e-01	
   2.3307814e-01	
   2.2957091e-01	
   2.3075655e-01	
   1.9101320e-01	
   1.2011183e-01	
   9.5993015e-02	
   1.4475195e-01	
   9.2080134e-02	
  -7.0952217e-02	
  -5.5834620e-02	
  -5.6873748e-02	
  -4.9297336e-02	
  -1.1697044e-01	
  -1.0602884e-01	
  -5.3727390e-02	
  -1.5886814e-01	
  -1.4388736e-01	
  -1.8666644e-01	
  -9.4201231e-02	
  -6.1856769e-03	
   7.3290354e-02	
   1.7621587e-01	
   1.4305076e-01	
   1.5383015e-01	
   4.9378675e-02	
   7.4850188e-02	
  -5.0823667e-03	
  -2.0177628e-01	
  -1.6869770e-01	
  -1.6965582e-01	
  -6.0354736e-02	
  -1.3708920e-04	
  -1.4358081e-02	
  -2.7935441e-02	
   2.2754370e-02	
   9.3883350e-02	
   1.2031272e-01	
   7.4969219e-02	
   3.8677126e-02	
   1.3570093e-02	
   3.0775701e-02	
   1.2484242e-01	
   1.2003440e-02	
   5.8248648e-02	
   2.3332883e-03	
  -4.3025429e-02	
   5.7477652e-02	
   4.6444411e-02	
   3.3992156e-02	
  -1.7215016e-02	
  -1.1099327e-01	
  -1.4407230e-01	
  -4.6098127e-02	
  -7.5391272e-02	
  -1.9667359e-01	
  -1.1638671e-01	
  -5.9792678e-02	
  -6.8844341e-02	
  -3.7666268e-02	
   1.2997246e-01	
   6.1904083e-02	
  -1.9356261e-02	
   3.6624526e-02	
  -3.6357871e-03	
   2.0021372e-02	
  -3.1028689e-02	
  -1.3862324e-03	
   3.9481819e-02	
   1.4506302e-01	
   1.9261573e-01	
   2.2446781e-01	
   1.5154941e-01	
  -7.2612893e-03	
   2.3009599e-02	
   1.5925078e-05	
  -3.4385790e-02	
  -2.1807252e-02	
  -3.5262965e-02	
  -6.3400650e-02	
  -1.0053907e-01	
  -6.2884168e-02	
  -1.6298220e-01	
  -1.9718624e-01	
  -1.4855405e-01	
  -1.1795371e-01	
  -6.3584540e-02	
   5.4899763e-02	
   1.7103256e-01	
   1.7817311e-01	
   2.3556786e-01	
   2.2612600e-01	
   1.3941760e-01	
   6.9256155e-02	
  -4.9532625e-02	
  -1.7323735e-01	
  -1.3690009e-01	
  -2.0871366e-01	
  -1.1695797e-01	
  -5.2546120e-03	
  -1.7306489e-02	
  -1.2451555e-02	
  -2.3935808e-02	
   3.9454395e-02	
   1.6313757e-02	
  -2.7169777e-02	
  -6.6902363e-03	
  -5.4567717e-02	
  -1.7439829e-02	
  -1.7384275e-02	
  -5.2166114e-02	
   9.6530571e-03	
  -3.4980913e-02	
  -1.7896920e-02	
  -8.7392530e-03	
   9.4546348e-03	
   5.6946558e-02	
   6.4213841e-02	
   1.6767170e-02	
   4.4164528e-02	
   6.1263749e-02	
   3.0860678e-02	
   3.6658268e-02	
  -2.9555193e-02	
  -5.4829438e-02	
  -9.0624819e-02	
  -2.2404815e-02	
   7.8209809e-02	
   1.1948839e-01	
   1.5019509e-01	
   1.1303644e-01	
   8.4022025e-02	
   3.9048505e-02	
  -4.3260873e-02	
  -1.4231620e-02	
  -5.6154191e-02	
  -9.0880277e-02	
  -8.8001802e-02	
  -7.3121821e-04	
   1.8395188e-02	
  -3.5903414e-02	
  -9.3070506e-02	
  -1.0574068e-01	
  -1.0584276e-02	
  -5.0459366e-02	
  -4.3937056e-02	
   1.9888802e-03	
   2.7489050e-03	
   4.5294503e-02	
   2.4140537e-02	
  -4.6720251e-02	
  -2.8997664e-02	
   6.1040049e-02	
   1.2632572e-01	
   6.9650226e-02	
   8.1569976e-02	
   7.2173744e-02	
   2.5320023e-02	
   3.0833830e-02	
   8.2238242e-02	
   5.2590353e-02	
   1.6333821e-02	
   1.4453431e-02	
  -2.9101030e-02	
  -2.2583755e-02	
  -1.9771182e-02	
  -6.5530245e-02	
  -1.0006364e-01	
  -9.9952316e-02	
  -9.2933284e-02	
  -6.4380386e-02	
  -1.7136789e-02	
   3.8864331e-02	
  -2.9898297e-02	
  -9.1662008e-02	
  -5.8558081e-02	
   2.4056694e-04	
   2.1328318e-02	
   1.1201475e-01	
   1.3778535e-01	
   9.8888338e-02	
   8.9659396e-02	
   2.1565754e-02	
  -1.3702529e-02	
  -2.9742866e-02	
  -4.5094962e-03	
  -1.7128931e-02	
  -2.5536874e-02	
  -9.1572797e-03	
   4.5434945e-02	
   9.1583929e-02	
   5.4551962e-02	
  -5.5382996e-02	
  -1.2520986e-01	
  -1.0340756e-01	
  -1.2218964e-01	
  -8.1377239e-02	
  -6.5403113e-02	
   1.6181246e-02	
   9.5049113e-02	
   9.3199229e-02	
   6.7342208e-02	
  -7.5324177e-03	
  -9.9724342e-02	
  -9.6409998e-02	
  -4.7737178e-02	
   6.4171050e-04	
   8.8414113e-02	
   1.1655142e-01	
   1.4450121e-01	
   8.4029877e-02	
   8.4204225e-03	
   5.0146057e-03	
  -4.9365042e-02	
  -8.0219080e-02	
  -7.2318222e-02	
  -3.6122760e-02	
   1.2738016e-03	
   6.0037053e-02	
   5.5561867e-02	
   7.8975835e-02	
   6.5819201e-02	
  -4.9305332e-02	
  -5.9137384e-02	
  -7.8573215e-02	
  -5.0050683e-02	
   4.8501306e-02	
   7.9699715e-02	
   4.9904913e-02	
   5.1952255e-02	
   4.1537431e-02	
  -9.6088240e-03	
  -6.5184532e-02	
  -8.7002335e-02	
  -7.7469527e-02	
  -4.0726725e-02	
  -2.2958463e-02	
  -3.6713097e-02	
  -2.4282565e-03	
   3.0883525e-02	
  -8.3833562e-03	
  -2.8427356e-02	
  -5.4801258e-02	
  -3.5781217e-02	
  -1.4507649e-03	
   7.3474243e-02	
   1.1927866e-01	
   2.0133495e-02	
   3.6244530e-02	
   4.9537769e-02	
   6.5937636e-02	
   1.6078705e-02	
   6.1706973e-03	
   1.6767766e-02	
  -1.0584266e-02	
   8.1063781e-03	
  -6.7682553e-03	
  -6.1690125e-02	
  -1.3374692e-01	
  -1.2714850e-01	
  -1.1647036e-01	
  -1.2523799e-01	
  -6.2764987e-02	
   2.2392315e-02	
   3.8934145e-02	
   1.0407801e-01	
   7.6847581e-02	
   5.0194962e-02	
   9.0840169e-02	
   5.9170186e-02	
  -1.1290130e-02	
  -2.8874880e-03	
   3.9328778e-02	
   4.8927463e-02	
   4.4193886e-02	
   2.6780199e-02	
  -1.9814968e-02	
  -2.7634949e-02	
  -1.8588665e-02	
  -9.6965197e-02	
  -5.6127452e-02	
  -3.6022769e-02	
  -4.5707768e-02	
  -3.2178250e-03	
   6.0010364e-02	
   7.2087266e-02	
   6.8317819e-03	
   3.2440259e-02	
  -6.1271949e-03	
  -6.4297635e-02	
   5.4023403e-03	
   3.7523192e-02	
   5.2377389e-02	
   9.5024412e-02	
   8.5248223e-02	
   1.7311792e-02	
  -4.2242197e-02	
  -4.6175018e-02	
  -5.8191295e-02	
  -7.0232909e-02	
  -5.2748349e-02	
  -2.2325305e-02	
  -2.3404843e-02	
  -1.8423069e-02	
  -6.1247646e-02	
  -8.4443083e-03	
   2.3539714e-02	
  -1.3927978e-02	
   5.5792276e-02	
   4.7338828e-02	
   1.0359344e-01	
   7.6013416e-02	
  -4.1918734e-02	
  -2.9775886e-02	
  -7.9158433e-02	
  -6.1516771e-02	
  -1.0237499e-01	
  -3.5578918e-02	
   4.7723570e-02	
   2.7760715e-02	
   5.0754187e-02	
   1.0701782e-02	
   1.7852672e-02	
  -4.5377427e-03	
   5.8870694e-03	
  -1.4567373e-02	
  -9.5842722e-02	
  -3.1575618e-02	
   2.9148985e-02	
   1.0660928e-02	
   5.5887650e-02	
   4.5199203e-02	
   3.4226969e-02	
   3.0583054e-02	
   8.4713849e-03	
  -6.4979022e-02	
  -3.6375306e-02	
   1.8531251e-02	
   3.9456949e-02	
   5.5267295e-03	
  -1.0807424e-02	
   3.5934611e-02	
   4.8792070e-02	
   7.6250436e-02	
   6.5262959e-02	
   3.1800953e-03	
  -9.1402077e-03	
  -1.2428007e-04	
  -5.6652682e-02	
  -6.3002851e-02	
  -4.3800272e-02	
  -6.5891664e-02	
  -8.5322326e-02	
  -7.8673162e-02	
  -6.9023708e-02	
  -1.2682913e-02	
  -8.1470775e-03	
   4.4935017e-02	
   5.3251562e-02	
   6.1978633e-02	
   7.3999871e-02	
   1.2003171e-02	
  -1.5774487e-02	
  -7.7062583e-03	
   1.2418713e-02	
   2.4343681e-02	
   1.9412522e-02	
   2.9183591e-02	
   3.8194470e-02	
  -3.7938251e-03	
  -1.1917816e-02	
  -1.8384577e-02	
   1.8297522e-02	
   3.2300368e-02	
   4.3698273e-02	
   5.1274943e-02	
   2.4465247e-02	
   1.8566111e-02	
  -4.0258034e-02	
  -8.5925684e-02	
  -5.1904245e-02	
   1.3183904e-02	
   6.9899770e-02	
   2.7723972e-02	
  -1.2591878e-02	
   4.6125839e-02	
   9.0889869e-03	
  -1.2292853e-02	
  -9.2723252e-03	
  -2.5023627e-02	
  -9.6213634e-02	
  -4.2923743e-02	
   6.6737408e-02	
   1.6037246e-02	
   2.4972123e-02	
   5.2521718e-02	
   3.9142244e-02	
  -2.2023303e-02	
  -4.2859048e-04	
  -1.4076670e-02	
  -1.1199020e-01	
  -1.3989959e-01	
  -5.6085207e-02	
  -2.2134710e-02	
  -4.1230663e-03	
  -3.4186354e-02	
   1.5353249e-02	
   5.6723256e-02	
   8.6897418e-04	
   3.9416116e-02	
  -1.6468572e-02	
  -1.2652358e-02	
   6.5293325e-02	
   7.6017194e-02	
   2.3053355e-04	
  -1.5799491e-02	
  -4.3964928e-03	
  -2.1627631e-02	
  -1.0478032e-02	
   1.9448465e-02	
   4.3825525e-02	
   8.5928914e-03	
  -1.8383985e-02	
   3.8073430e-02	
  -1.8769096e-02	
  -4.4210372e-02	
  -4.7276474e-02	
  -8.7227377e-02	
  -3.2244759e-02	
  -2.6614196e-02	
   2.7299102e-02	
  -5.9316652e-03	
  -2.1013970e-02	
   1.2424657e-02	
  -3.5310697e-02	
  -5.5673841e-02	
   4.4657170e-02	
   5.6957244e-02	
   2.7385540e-02	
   7.3737405e-02	
   5.4752750e-02	
  -8.5311839e-03	
   2.3396891e-03	
   7.7888250e-02	
  -8.3840968e-03	
  -1.9847849e-02	
   1.8592889e-02	
   5.4905081e-02	
   6.4417711e-02	
   7.1467308e-02	
   9.9827867e-02	
  -2.6339683e-02	
  -6.8895532e-02	
  -8.9745179e-02	
  -7.4672958e-02	
  -6.9584622e-02	
  -6.8479741e-02	
  -1.3466717e-02	
  -1.1241827e-02	
   2.9986311e-02	
  -8.6317121e-03	
  -4.9915499e-02	
  -7.8909435e-02	
  -5.5165857e-02	
   8.4425390e-03	
   9.1723785e-03	
   3.3392347e-02	
   6.8320950e-02	
   9.3813024e-02	
   2.8902270e-02	
  -7.1209414e-03	
   5.7110817e-02	
   5.3411248e-02	
   1.8183684e-02	
   7.1387490e-02	
   6.8478499e-02	
   2.0986451e-02	
  -6.7860728e-03	
  -2.8162788e-02	
  -2.8319840e-02	
  -3.8678752e-02	
  -3.8678692e-02	
  -4.8627096e-02	
  -4.8540877e-02	
  -4.7887043e-02	
  -2.9900693e-02	
   3.7508103e-03	
  -6.1266383e-03	
   5.8034690e-03	
  -2.3641490e-02	
  -4.7167025e-02	
  -3.7444348e-03	
  -8.9643989e-03	
  -2.3202028e-03	
   7.8209063e-03	
   2.3435444e-02	
   6.5190695e-02	
   3.4640895e-02	
   2.6467516e-03	
  -3.6984856e-02	
  -2.9803450e-02	
   6.6554264e-02	
   1.0975390e-01	
   1.0288685e-01	
   5.8516681e-02	
   1.6897761e-04	
  -5.2603921e-02	
  -4.5579617e-02	
  -4.9360266e-02	
  -5.6252647e-02	
  -1.5490759e-02	
  -1.0559535e-02	
  -1.2718424e-02	
  -7.5946172e-03	
  -2.4851044e-02	
  -7.3681045e-02	
  -5.4128668e-02	
  -2.3350700e-02	
  -2.8874741e-02	
   1.5059726e-02	
   7.9570247e-02	
   4.9441113e-02	
   1.7158100e-02	
   3.9072162e-02	
  -2.6401107e-02	
  -6.0072738e-02	
  -2.9309989e-02	
   1.3119294e-02	
   2.6209981e-02	
   1.3251218e-02	
  -4.4544042e-02	
  -2.9730242e-02	
  -1.2784729e-03	
  -2.5006719e-02	
  -1.7054963e-02	
   5.0501412e-02	
   6.7859336e-02	
   1.5476694e-02	
   2.7756511e-02	
   3.3209749e-02	
   3.4998824e-02	
  -1.1008292e-02	
  -3.7341479e-02	
  -7.3460924e-02	
  -3.6469621e-02	
   2.3241499e-02	
   3.6494377e-02	
   2.4838082e-02	
  -5.1592626e-03	
   7.6714186e-02	
   2.0631901e-02	
   2.4230261e-02	
  -1.3586986e-02	
  -8.7087918e-02	
  -1.2115995e-01	
  -1.3074852e-01	
  -5.2959823e-02	
  -2.5846028e-02	
   4.2212079e-02	
   6.2408091e-02	
   7.1191026e-02	
   4.7001588e-02	
   6.8647032e-02	
   1.3218545e-02	
   2.5859934e-03	
   1.9609458e-02	
   1.7638093e-02	
   5.5232505e-02	
   6.1278758e-02	
   5.5876318e-02	
   9.8489496e-03	
  -1.7472492e-02	
  -6.4265132e-02	
  -4.2984561e-02	
  -5.3034323e-02	
  -3.0162373e-02	
  -3.6836830e-02	
   4.7106336e-03	
   8.4914438e-03	
  -3.3126789e-02	
  -7.8475704e-03	
  -1.7740191e-02	
  -1.4471253e-02	
  -2.4759178e-02	
   3.8002886e-02	
   4.3714604e-02	
   7.9378107e-02	
   7.8840999e-02	
   4.0055795e-02	
  -9.6864306e-03	
  -2.3075963e-02	
   1.0636386e-02	
  -2.7337952e-02	
  -4.3758151e-02	
  -1.4865449e-02	
  -2.0744223e-02	
  -3.2050809e-02	
  -4.5923575e-03	
  -4.2881851e-03	
  -6.7460643e-03	
   1.1944769e-02	
   3.0290982e-02	
   9.7302511e-03	
   6.5071017e-03	
   2.2348803e-03	
   3.9236366e-02	
  -3.2586307e-03	
  -4.2383410e-02	
  -3.7867737e-02	
  -6.4302307e-02	
  -1.0535883e-02	
   2.4504287e-02	
   2.8259758e-02	
   3.1530396e-03	
  -2.6041006e-03	
  -2.9616384e-02	
  -7.2795540e-02	
  -6.5446849e-02	
  -2.0204844e-02	
  -4.0023872e-03	
   4.2876607e-02	
   6.4349771e-02	
   1.6502984e-02	
   2.3208026e-02	
  -6.2774330e-03	
   1.1688685e-02	
   2.2640701e-02	
   4.9151446e-02	
   1.7603318e-02	
  -1.6088581e-02	
   5.7584855e-02	
   8.0213563e-02	
   5.6677880e-02	
   6.5251726e-03	
  -4.9055366e-02	
  -6.5191738e-02	
  -3.6638596e-02	
  -4.5563225e-02	
  -4.8843908e-04	
   3.3886698e-03	
   1.3129438e-02	
   5.0207586e-03	
  -1.4972364e-02	
  -2.1388340e-02	
  -4.7751919e-02	
  -2.9724984e-02	
  -4.0220699e-02	
  -2.0359148e-02	
   1.2684230e-02	
   1.5405842e-02	
  -1.1207733e-03	
  -1.0395888e-03	
  -3.5734862e-03	
   4.0330596e-02	
   4.5368277e-02	
   2.3510138e-02	
   2.8583290e-02	
  -1.6405150e-02	
  -2.8051286e-02	
  -6.1439090e-02	
  -5.3016034e-02	
  -6.1231146e-02	
  -8.3364245e-03	
   5.3599561e-02	
   7.8230086e-02	
   6.3933384e-02	
   3.6997122e-02	
   2.9182379e-02	
  -8.0368379e-03	
  -8.5942135e-03	
  -1.2886708e-02	
   1.7414895e-02	
   1.8894842e-02	
   3.3232283e-02	
  -7.3672795e-03	
  -2.3893896e-02	
  -2.5637183e-02	
  -5.3982351e-02	
  -4.9248759e-02	
  -1.9322182e-02	
   6.5499928e-03	
  -5.2025761e-03	
   1.0219408e-02	
   9.9069694e-04	
  -1.5728504e-02	
  -2.3945281e-03	
   1.8399526e-02	
   5.4762492e-03	
   3.0344966e-02	
   1.3686580e-02	
  -2.6778589e-03	
  -3.1205472e-02	
  -4.3191174e-02	
  -2.5894033e-02	
  -4.7046751e-03	
   7.3043444e-02	
   8.0001891e-02	
   7.6900363e-02	
   1.0200657e-02	
  -2.9000144e-02	
  -5.3290875e-02	
  -2.6663613e-02	
  -4.9725248e-03	
   8.4121276e-03	
   3.8733998e-02	
   3.0204663e-02	
   1.6314378e-03	
   8.8787559e-03	
  -2.2015609e-02	
  -8.8786267e-02	
  -7.9293865e-02	
  -4.2956262e-02	
   3.3230901e-02	
   4.0128530e-02	
   3.7270274e-02	
   2.0262198e-02	
   2.4077637e-03	
   5.4233087e-03	
   3.2471256e-02	
   1.6588270e-02	
  -1.8527733e-02	
  -1.1685857e-02	
   7.6131355e-03	
   2.2219165e-02	
  -1.9115256e-02	
  -4.6451896e-02	
  -4.7576896e-02	
  -5.9787609e-03	
   3.1250774e-02	
   4.0474602e-02	
   3.8199167e-02	
   1.2727544e-02	
  -5.6734240e-02	
  -8.3868154e-02	
  -6.8765467e-02	
  -1.7973980e-02	
   4.9830761e-02	
   6.4299922e-02	
   7.7061192e-02	
   6.3813557e-02	
   1.2373575e-02	
  -4.7418462e-02	
  -8.1009012e-02	
  -6.9200491e-02	
  -1.9899030e-02	
  -1.5072102e-03	
   3.1784492e-02	
   2.2312507e-02	
   1.1304921e-02	
   2.8972143e-03	
  -2.8113719e-02	
  -2.7201396e-02	
  -5.6623608e-03	
   3.4253200e-02	
   2.4051425e-02	
   2.0696496e-02	
   4.4450244e-02	
   3.2170591e-02	
   2.1132599e-02	
  -2.2061790e-02	
  -3.4534025e-02	
   8.1182515e-03	
   3.0498569e-02	
   4.5464422e-02	
   2.8628641e-02	
   2.4944296e-02	
   1.0652648e-02	
  -8.8083459e-03	
  -5.3924401e-03	
  -8.9957000e-03	
  -1.6957431e-02	
  -6.2993706e-03	
  -2.4042320e-02	
  -1.3926536e-02	
   1.9507066e-02	
  -1.4646033e-02	
  -2.9920871e-02	
  -1.6896067e-02	
  -3.1684376e-02	
  -5.6094949e-03	
   2.5219152e-02	
   4.5050277e-02	
   4.3560360e-02	
   4.6241402e-02	
   5.8267833e-02	
   1.4769344e-02	
  -2.9068680e-02	
  -5.6653626e-02	
  -5.0202069e-02	
  -4.6031017e-02	
  -2.6904354e-02	
  -6.3689357e-04	
   3.6795345e-02	
   2.5635707e-02	
  -6.8735349e-04	
  -1.6717331e-02	
  -4.7870185e-02	
  -2.7441045e-02	
  -8.6894188e-03	
  -1.6549797e-03	
   3.1018416e-02	
   2.9786964e-02	
   1.9569966e-02	
  -2.5692171e-02	
  -5.6774099e-02	
  -2.6614405e-02	
  -3.0455872e-02	
  -5.7544250e-03	
   4.9400567e-02	
   7.8430079e-02	
   7.3331754e-02	
   3.9518190e-02	
   2.1547167e-02	
  -3.6106200e-02	
  -8.0273651e-02	
  -5.7584209e-02	
  -2.1099693e-02	
  -1.8966002e-02	
  -2.1190783e-02	
   8.6698718e-03	
   3.9060244e-03	
   2.9837146e-03	
   2.2206661e-02	
  -8.9462038e-03	
   6.3946555e-03	
   5.4454451e-02	
   3.1912107e-02	
   4.3533065e-02	
   9.4661055e-03	
   1.5101772e-02	
   7.3782185e-03	
  -2.2036324e-02	
   6.8411304e-03	
   4.0183215e-03	
   1.3997255e-02	
  -1.6790723e-02	
  -3.6282148e-02	
  -3.9464782e-02	
  -6.0684396e-02	
  -4.0468136e-02	
  -2.3809600e-02	
  -3.3798550e-02	
  -2.5172772e-02	
  -3.1776500e-03	
  -6.9279066e-03	
   1.1610849e-02	
   3.8445907e-02	
   2.3769065e-02	
   3.5782509e-03	
  -8.0730046e-03	
   2.1458219e-02	
   2.8948759e-02	
   2.2629031e-02	
   9.0874164e-03	
   5.1243036e-04	
  -3.9098915e-02	
  -5.0055852e-02	
  -2.4558758e-02	
  -3.0197571e-03	
   2.9207636e-02	
   3.7427962e-02	
   3.7970278e-02	
   2.9521994e-02	
   1.8458620e-02	
  -1.4513667e-02	
  -1.2202617e-02	
  -1.6069446e-02	
  -1.1969395e-02	
  -2.3539570e-02	
  -1.7087978e-02	
  -1.3175445e-02	
   5.5710917e-03	
   2.5133573e-02	
   1.5534838e-02	
   1.4571965e-02	
  -2.1422171e-03	
  -1.4857760e-02	
  -9.5616687e-03	
   4.3854768e-03	
  -2.1182483e-02	
  -2.1704447e-02	
  -5.7089545e-04	
   3.6558465e-03	
   1.4425365e-02	
   3.4616264e-02	
   4.0236707e-02	
   1.8687652e-02	
  -2.1709248e-02	
  -1.0361983e-02	
  -2.9783336e-06	
   1.5672348e-02	
   9.2259005e-03	
  -1.7234037e-02	
  -7.2753991e-03	
   8.2478840e-03	
   1.6037410e-02	
  -2.0827103e-02	
  -3.5473554e-02	
  -2.5388226e-02	
   9.4694305e-03	
   2.5955631e-02	
   2.8418704e-02	
   1.7056299e-02	
   2.0811711e-02	
   3.6796175e-02	
   1.7897676e-02	
  -5.5873535e-03	
  -3.6806135e-02	
  -2.3578659e-02	
  -3.8513996e-02	
  -2.9148324e-02	
  -2.2524820e-03	
  -1.7750370e-02	
  -5.2577481e-03	
  -1.3026951e-02	
  -1.5611600e-02	
  -4.1832614e-03	
  -6.6462816e-03	
  -4.5024984e-03	
  -6.2458636e-03	
   1.8561961e-02	
   1.5272860e-02	
   2.4613184e-02	
   4.8174280e-02	
   5.9283353e-02	
   2.7410773e-02	
  -2.7039678e-02	
  -4.1120781e-03	
  -2.6796376e-02	
  -3.6820841e-02	
  -2.8088681e-02	
  -1.7157007e-02	
  -1.8930790e-02	
   1.7426972e-02	
   7.8389822e-02	
   4.2336175e-02	
   1.6732708e-02	
  -1.8140107e-02	
  -6.6123812e-02	
  -5.3332175e-02	
  -4.8518045e-03	
   3.6320208e-03	
   5.0764127e-03	
   2.2915741e-02	
   5.9141758e-02	
   1.1396220e-02	
  -2.1393653e-02	
  -1.1698580e-02	
  -2.1180778e-02	
  -4.4772260e-02	
  -2.5569641e-02	
   4.7759091e-02	
   5.1453664e-02	
   6.6150799e-02	
   6.8588535e-02	
   2.6407678e-02	
  -1.0933254e-02	
  -3.0764290e-02	
  -5.2338722e-02	
  -9.4185078e-02	
  -8.4905591e-02	
  -3.7408415e-02	
  -8.8198862e-03	
   2.3341570e-02	
   7.4163384e-02	
   3.3462344e-02	
   3.1557721e-03	
   2.5835019e-02	
   8.0767917e-03	
  -1.7956560e-03	
  -1.7460808e-02	
   2.8054790e-02	
   4.7738858e-02	
   4.4287551e-02	
   4.7135753e-02	
   2.2191115e-02	
   2.2256992e-02	
  -2.8782726e-02	
  -3.0840336e-02	
  -3.0586946e-02	
  -2.8377308e-02	
  -3.4114284e-02	
  -2.3669163e-02	
   7.9804185e-03	
   3.5915307e-03	
   1.6084113e-02	
  -2.1778843e-02	
  -7.6999812e-03	
  -8.6578394e-03	
  -2.7485760e-03	
  -1.7303850e-02	
  -7.4314223e-03	
   3.5002159e-03	
  -7.3047519e-03	
   1.5136289e-02	
  -6.1290090e-03	
   8.9521280e-04	
  -8.1663660e-03	
   7.2859156e-03	
  -9.0026133e-03	
  -1.0051711e-02	
   1.8541867e-02	
  -9.5246720e-03	
  -2.3522478e-02	
   1.5437759e-03	
  -1.1247851e-02	
  -2.1728467e-02	
   4.0473021e-03	
  -2.3720230e-02	
  -3.8686018e-02	
  -2.3031025e-02	
   1.8926834e-02	
   2.2590961e-02	
   1.0944700e-02	
   3.1617003e-02	
   8.5221485e-03	
  -4.5279429e-03	
   1.3559661e-03	
   2.6706017e-02	
   3.4368793e-02	
   1.4309664e-02	
   2.6954273e-02	
   3.8423100e-02	
   3.6465332e-03	
  -1.6924465e-02	
  -2.3061829e-02	
  -2.4151476e-02	
   5.6685385e-03	
   1.5363572e-02	
   3.0815844e-02	
   6.2411272e-03	
  -5.3544593e-03	
  -1.6037812e-02	
  -2.0776419e-02	
  -5.7245255e-03	
  -1.9484149e-02	
  -5.3140880e-03	
  -2.8612171e-03	
  -2.1517352e-03	
  -2.5256735e-02	
  -1.9844156e-02	
  -9.0949907e-03	
  -3.0106908e-02	
   1.0806922e-02	
   2.8342126e-02	
   1.6731326e-02	
  -5.4614386e-03	
   8.8961310e-03	
   1.2813649e-02	
   6.0988957e-04	
   1.0097122e-02	
  -2.9276511e-03	
   3.7012350e-03	
   1.4769677e-02	
   1.6472479e-02	
  -7.4548410e-05	
   5.1657087e-03	
   1.7060231e-02	
  -6.9823530e-03	
  -1.5405400e-02	
  -1.5152044e-02	
  -3.1409585e-03	
  -1.9992069e-02	
  -3.9184593e-02	
  -8.7361666e-03	
   1.8255893e-02	
   1.0192675e-02	
   1.6507338e-02	
   1.1292327e-02	
   4.7444356e-03	
   5.0332582e-03	
   1.4287353e-02	
   9.1432941e-03	
  -1.0485085e-02	
   2.9369529e-02	
   3.3453522e-03	
  -1.8391306e-02	
  -1.2563171e-02	
  -5.7113103e-03	
  -8.3923321e-03	
  -2.7321323e-02	
   7.5413090e-03	
  -1.1473836e-02	
  -7.7537318e-04	
   3.2252651e-02	
  -3.7808077e-03	
   2.8365957e-04	
  -1.9260430e-03	
   5.0653097e-04	
   8.7672937e-03	
   1.6855740e-02	
   1.0429470e-02	
  -1.1418689e-02	
  -2.1189839e-02	
  -2.7109312e-02	
  -1.5265489e-02	
  -5.7580034e-03	
  -5.9861264e-03	
  -2.2822056e-02	
  -1.1662408e-02	
  -2.8948510e-03	
  -1.3066369e-02	
  -1.3122187e-02	
   8.0822140e-03	
   1.1427014e-02	
  -8.0594713e-03	
   9.7161810e-04	
   3.5764950e-03	
  -1.4420003e-02	
  -1.1085337e-02	
   3.7587320e-03	
   6.3027950e-03	
   5.5425191e-03	
   1.4994251e-02	
   2.8464890e-02	
   2.2768395e-02	
   2.7852442e-03	
  -3.5548835e-03	
  -1.3873382e-02	
  -7.1583705e-03	
  -5.0653644e-03	
   6.7226953e-03	
   1.8743893e-02	
   3.7881792e-03	
   3.5194985e-03	
   1.4172333e-02	
   3.3774395e-03	
  -6.4291970e-03	
   9.8136278e-03	
  -2.3800321e-03	
   4.8113646e-03	
   1.8418835e-02	
   2.3572899e-02	
   9.2000018e-03	
   4.7907689e-03	
   1.6320362e-02	
   2.6063018e-03	
  -8.5129440e-03	
  -8.1532005e-03	
  -1.0403477e-02	
  -1.8801217e-02	
  -2.8121334e-02	
  -1.9708555e-02	
  -9.6436141e-03	
  -1.6176341e-02	
  -1.7281247e-02	
  -2.1655006e-02	
  -1.2411084e-02	
   6.9536115e-03	
   1.5021765e-02	
   6.9939828e-03	
   2.9110597e-02	
   2.1356483e-02	
   1.7692236e-02	
   2.3766853e-03	
  -2.4227905e-03	
   1.4686643e-02	
   5.8682579e-03	
   3.0802673e-02	
   1.1260415e-02	
   8.6503049e-03	
  -1.2052518e-02	
  -4.6459187e-02	
  -3.8928251e-02	
  -1.7435008e-02	
  -4.0708152e-03	
   7.6209384e-03	
   5.7008435e-02	
   5.2882987e-02	
   2.1172453e-02	
   1.8405232e-02	
   6.7183565e-03	
  -2.1601663e-02	
  -3.6922294e-02	
  -1.4613102e-02	
  -5.0042930e-03	
   2.0553142e-03	
   6.9458235e-03	
   4.5485654e-03	
  -1.1598151e-02	
  -1.3108509e-02	
  -2.3361152e-02	
  -3.6776221e-02	
  -2.1222665e-02	
  -1.3843776e-02	
   5.7844438e-03	
  -8.8513265e-04	
   8.0496257e-03	
   4.3549595e-03	
   8.6068969e-03	
   7.1086705e-04	
  -3.7085240e-03	
  -5.5331060e-03	
   2.4742106e-03	
   3.8576653e-03	
  -3.2376250e-03	
   3.4118414e-02	
   2.8837461e-02	
   1.0526708e-02	
   1.7140327e-02	
   2.4742201e-02	
   6.2794061e-03	
   1.0739126e-02	
   9.2794373e-03	
  -1.0901402e-02	
  -6.5683818e-03	
   3.2228626e-03	
  -1.3450932e-02	
  -2.4534733e-02	
  -2.4332131e-02	
  -1.2863379e-02	
  -1.3642262e-03	
  -5.7532173e-03	
  -1.2463349e-02	
  -2.6400431e-02	
  -2.0237870e-02	
  -2.0795464e-02	
  -9.2557652e-03	
   1.1695185e-02	
   1.9494701e-02	
   1.4416464e-02	
   1.3939955e-02	
   8.6893989e-03	
  -1.0954238e-02	
  -1.3346448e-02	
   9.4391135e-03	
   2.8981158e-02	
   1.6311068e-02	
   1.9980170e-02	
   6.5245414e-03	
   4.8621261e-03	
   8.4754802e-03	
  -2.2662360e-02	
  -2.7066560e-02	
  -4.7675326e-03	
  -2.6695068e-03	
  -1.6104182e-03	
   1.1545956e-02	
  -1.1944292e-02	
  -2.1948623e-02	
   1.8302582e-03	
  -1.2770738e-02	
  -1.3324128e-03	
   2.2978606e-02	
  -2.0051291e-05	
   4.6981221e-03	
   9.6240820e-03	
  -9.5685173e-03	
  -3.1249496e-02	
  -2.5472115e-02	
  -8.4894061e-03	
   5.1230810e-03	
   2.0935081e-02	
   1.7671168e-02	
   2.1750773e-02	
   5.3506324e-03	
  -4.8006761e-03	
  -1.3309953e-02	
  -3.1265967e-02	
  -1.9954346e-02	
  -3.2199775e-03	
   7.5747124e-03	
   1.7158145e-02	
   2.1744545e-02	
   1.4512400e-02	
  -4.0923199e-03	
  -1.8627441e-02	
  -1.3012240e-02	
  -8.4714545e-03	
  -1.5943268e-03	
   8.3489340e-03	
   2.1642138e-02	
   1.1678342e-02	
   5.3482866e-03	
   1.3907988e-02	
   3.5691583e-03	
   7.6791669e-03	
   1.1996959e-02	
   9.9848294e-03	
   1.1905466e-02	
   5.7527899e-03	
  -1.4194946e-02	
  -2.0271601e-02	
  -1.9704122e-02	
  -1.9795480e-02	
  -1.9972999e-02	
  -6.9889482e-03	
  -3.3481459e-04	
   5.6706159e-03	
   1.2299408e-02	
   2.2141305e-02	
   1.9080103e-02	
  -8.6257282e-04	
   1.2678952e-02	
   2.0255459e-02	
   2.4400931e-02	
   7.6967010e-03	
  -1.3842389e-02	
  -3.0911511e-02	
  -7.9333923e-03	
   8.1117209e-03	
   1.5231957e-03	
   2.5822649e-03	
   2.9368833e-03	
   1.2795101e-03	
   1.2981352e-02	
   1.7907298e-02	
  -1.0645894e-02	
   5.0354052e-04	
  -5.2082270e-03	
  -2.0814186e-03	
   5.4139949e-03	
   1.1314001e-03	
   5.0842901e-03	
   1.6379122e-03	
   5.5350492e-03	
  -1.6869760e-03	
  -8.4123413e-03	
   3.0056920e-03	
   2.3568451e-03	
  -6.8214244e-03	
  -7.0141560e-03	
   1.2161118e-03	
   4.5354987e-03	
   4.1299139e-03	
  -1.2346265e-02	
  -1.6709945e-02	
  -1.6887474e-02	
  -7.0303831e-03	
   6.2070578e-03	
  -7.1827185e-03	
  -1.4394611e-02	
   1.5303654e-02	
   3.8661864e-02	
   1.6154776e-02	
   1.8389616e-02	
   1.4000589e-02	
  -2.5915041e-02	
  -3.4768962e-02	
  -1.9002601e-02	
  -4.2954492e-03	
  -6.7130287e-03	
  -2.4712724e-03	
   4.6997816e-03	
  -1.5207425e-02	
   5.9462074e-03	
  -4.6257694e-03	
  -7.8035461e-03	
   5.4896383e-03	
   1.3420884e-02	
   1.8514065e-02	
   4.3742222e-03	
   1.3577533e-02	
  -4.5001302e-03	
  -1.5153197e-02	
  -1.7793768e-02	
  -2.2757411e-03	
   5.3717002e-03	
   5.6806951e-03	
   6.0961125e-03	
  -4.8306198e-03	
   1.7600147e-02	
   1.7660806e-02	
   1.6383521e-02	
   2.6367306e-02	
   2.6489613e-03	
  -3.4342442e-02	
  -4.2618625e-02	
  -3.4109627e-02	
  -3.2417073e-02	
  -1.8369841e-03	
   2.8304776e-03	
  -1.6889223e-02	
  -7.9190340e-03	
  -3.5961996e-03	
   6.5598931e-03	
   2.6471865e-02	
   2.6324738e-02	
   1.2357204e-02	
   6.6809026e-03	
   9.7620790e-03	
  -1.0231297e-02	
  -3.8001748e-03	
  -3.7597881e-03	
  -1.0738565e-02	
   8.7710560e-04	
   8.6258972e-03	
  -6.0306328e-04	
  -2.7569987e-02	
  -2.1660870e-02	
  -2.4098735e-02	
  -2.1478745e-02	
   4.5806944e-03	
   2.0078447e-02	
   1.6733413e-02	
   2.0579856e-02	
   2.1248668e-02	
   1.1188553e-02	
   7.1745479e-03	
   1.0275997e-02	
   4.2398598e-03	
   4.1636786e-03	
   2.0036461e-02	
   4.6346806e-03	
  -3.3475629e-03	
  -1.7009547e-04	
  -3.5556737e-03	
  -1.1536086e-03	
  -7.8154791e-03	
  -2.1935403e-02	
  -2.2055931e-02	
  -6.6449248e-03	
  -2.1468656e-03	
   1.0294928e-02	
   2.0799246e-02	
   9.8650524e-03	
   4.8779685e-04	
  -2.1879277e-03	
  -1.2571739e-03	
  -4.0068721e-03	
   1.0702542e-02	
   2.0226320e-02	
   9.8193781e-03	
   8.6768546e-03	
  -8.3049346e-03	
  -1.2747434e-02	
  -1.9126851e-03	
   1.4458287e-02	
   1.1326481e-02	
   7.4626886e-03	
   2.4581605e-04	
   2.3103219e-03	
   1.0699610e-02	
  -1.4653886e-02	
  -2.0683440e-02	
  -2.9395050e-02	
  -3.3254822e-02	
  -1.5735388e-02	
   2.0442614e-03	
   2.2568144e-02	
   2.5688871e-02	
   9.2004938e-03	
  -1.6049447e-02	
  -2.1056195e-02	
  -2.8786488e-02	
  -2.1800502e-02	
  -9.7562144e-03	
  -1.4096734e-02	
   5.1725026e-03	
   3.0146867e-02	
   3.2500152e-02	
   1.1367717e-02	
  -3.4713884e-03	
   2.0009926e-04	
   6.0111951e-03	
   8.5418197e-03	
   1.5802965e-02	
   1.4187601e-02	
   8.2777785e-03	
   4.0098820e-03	
   6.1239744e-03	
   1.3635309e-02	
   1.1446631e-02	
   3.5026512e-03	
  -1.7748223e-02	
  -1.7643276e-02	
  -1.1593748e-02	
  -5.1664094e-03	
  -1.0695912e-02	
  -1.0503439e-02	
  -2.2550297e-03	
   5.6750889e-03	
   1.3519131e-02	
   1.0996031e-02	
   1.2517874e-02	
   1.3690556e-02	
   3.3214763e-03	
  -1.0092052e-02	
  -1.6449100e-02	
  -2.5320117e-02	
  -7.3469124e-03	
   7.1903525e-03	
   4.0357747e-03	
   4.1554945e-03	
   1.2804435e-02	
  -5.3242616e-05	
  -1.1706447e-02	
  -9.4388550e-03	
  -1.1478588e-02	
  -1.7740703e-02	
  -9.9878760e-03	
  -5.3622920e-03	
  -1.6515260e-03	
   3.6190208e-03	
   6.3078196e-03	
   1.0569669e-02	
   8.4979943e-03	
   1.1961036e-02	
   1.6684146e-02	
   4.0697357e-03	
  -3.6202941e-03	
  -6.9987838e-03	
  -2.0681805e-02	
  -2.2032403e-02	
  -1.2442365e-02	
  -8.2548171e-03	
  -2.7129510e-03	
   4.5453090e-03	
   2.8917001e-03	
   4.5926627e-03	
   4.7181706e-03	
   4.1400587e-03	
   2.5286739e-03	
   3.3909803e-03	
   2.3452943e-03	
   1.1798984e-02	
   9.1335231e-03	
  -2.9561162e-03	
  -7.0991679e-04	
   4.0101230e-03	
   6.6048865e-03	
   4.2938916e-03	
   6.7102604e-03	
  -8.5072683e-04	
  -7.5401063e-03	
  -5.6210054e-03	
  -6.3945610e-03	
  -9.4066792e-03	
  -6.1879780e-03	
  -4.5651493e-03	
  -1.9845508e-03	
   8.3957564e-03	
   6.4679729e-03	
   1.8632460e-03	
   1.9387031e-03	
   4.5743577e-03	
   9.0742012e-05	
  -1.5216008e-03	
   2.0183299e-03	
   5.7280592e-03	
   5.3652591e-03	
   2.8485277e-03	
   2.8365629e-03	
  -1.2929818e-03	
  -2.5160188e-03	
  -6.6994258e-04	
   3.2531095e-04	
   2.6571563e-04	
   2.2277444e-03	
   1.4904026e-03	
  -1.5960718e-03	
  -3.9179265e-03	
  -6.5157893e-03	
  -4.5340286e-03	
  -9.9566545e-04	
   3.2047673e-03	
   4.8042768e-03	
   2.0563375e-04	
   1.4679645e-03	
   1.4671266e-03	
   2.6523533e-05	
  -1.3931924e-03	
  -9.3060914e-04	
  -9.6896760e-05	
   1.1387960e-03	
   6.9518571e-04	
  -8.3951252e-05	
  -9.7310463e-04	
  -2.8552819e-03	
  -1.7853294e-03	
  -1.1891351e-03	
  -4.5687943e-04	
   1.3948394e-05	
   1.8331800e-03	
   5.8946387e-04	
   1.9923284e-04	
   9.7392319e-04	
  -5.3027663e-05	
  -9.3751893e-04	
  -5.0963275e-04	
  -1.2319074e-04	
  -2.9284408e-04	
   2.6902699e-04	
   7.6626217e-05	
  -1.0529203e-04	
   4.8814754e-04	
   4.6207616e-04	
   1.6608105e-04	
   7.4103992e-05	
   2.5458959e-04	
   6.8599667e-05	
   1.0142622e-05	
  -3.4035440e-05	
  -1.3309203e-04	
  -6.0605224e-05	
  -5.1952802e-05	
  -2.0142217e-05	
   2.9605107e-05	
   9.9748447e-05	
   5.0161663e-05	
  -1.1833366e-05	
  -7.5598769e-05	
  -1.1131592e-04	
  -8.7193382e-05	
  -6.0375113e-05	
  -4.5088869e-05	
  -4.6165097e-05	
  -5.3316222e-05	
