   5.9098888e-04	
  -3.3102411e-03	
  -1.5738341e-03	
   2.9518925e-03	
  -2.5263533e-03	
  -9.8766494e-03	
  -4.4765614e-03	
  -1.0249810e-02	
  -1.4757130e-02	
  -1.1620660e-02	
  -9.8522272e-04	
   1.0516292e-03	
   5.9956268e-04	
   7.8046197e-04	
   1.3046673e-03	
  -3.1543352e-03	
  -5.2209592e-03	
   1.5684899e-03	
   3.2920667e-05	
  -1.0551812e-02	
  -1.2419944e-02	
   2.9573934e-03	
   1.6464173e-05	
  -9.6349051e-03	
  -1.6250202e-02	
   4.2337503e-03	
   1.3297617e-02	
   2.6646529e-03	
  -5.1950863e-03	
  -8.3505340e-03	
   6.4260841e-03	
   9.9864519e-03	
   8.6618524e-04	
   1.9859183e-03	
  -2.2744976e-03	
  -7.3824310e-03	
   9.2555539e-03	
   1.6356238e-02	
  -6.3779867e-03	
  -7.6184052e-03	
   8.5958447e-03	
   1.7659798e-02	
   3.1165232e-03	
  -9.1738398e-03	
  -1.1095470e-02	
  -1.1756531e-02	
   4.0768992e-03	
   4.1024449e-03	
   1.0222047e-03	
   5.9181628e-04	
   1.7867452e-03	
   2.6008312e-03	
  -2.7001090e-03	
  -4.6699611e-03	
   3.4929083e-03	
  -5.1712817e-03	
  -6.5564322e-03	
   4.6210546e-03	
   1.7429226e-02	
   1.6934523e-02	
   1.8388481e-03	
  -8.5203531e-03	
  -2.6157102e-03	
   1.8352766e-03	
  -2.4715935e-04	
   2.4176059e-03	
  -9.1002050e-03	
  -9.6945009e-04	
  -1.0513272e-02	
  -1.3523665e-02	
  -1.4865828e-02	
   3.8589701e-03	
   1.5057997e-02	
   1.8827271e-03	
   8.1951642e-04	
   4.6000599e-03	
   2.4054401e-02	
   1.6958755e-03	
  -1.1052701e-03	
   2.7235701e-03	
   8.8796585e-04	
  -1.8107271e-02	
  -2.6615758e-02	
   6.1575874e-03	
   1.3988044e-02	
   2.1866783e-02	
   3.1982341e-02	
   1.8308287e-02	
   4.8781524e-04	
   2.1615812e-02	
   1.2195468e-02	
   2.5176638e-03	
  -2.4880410e-03	
  -6.1795427e-03	
   1.3709375e-02	
   2.8836782e-03	
  -3.8405038e-04	
  -2.7881245e-02	
  -1.1924162e-02	
   9.1019671e-03	
   1.4014449e-02	
   1.5295475e-02	
   2.1071581e-02	
   4.4559838e-02	
   4.1490617e-02	
   2.2039553e-02	
   1.4142688e-02	
   2.8630059e-02	
   2.1371527e-02	
   1.6709205e-02	
  -8.6154855e-03	
  -2.9327072e-02	
  -4.2351953e-02	
  -4.3575891e-02	
  -1.6799420e-02	
  -2.6123953e-03	
  -3.3106419e-03	
  -6.6050925e-03	
   9.4432727e-03	
   2.5588196e-02	
   2.0008672e-02	
   3.4973514e-02	
   4.0009480e-02	
   2.6747137e-03	
  -1.5574713e-02	
  -3.8764433e-02	
  -2.9222640e-02	
  -3.3101727e-02	
  -5.4939648e-02	
  -3.1268943e-02	
  -1.0432989e-03	
  -1.9292202e-03	
   5.5349402e-04	
   6.0830006e-03	
   2.3139887e-02	
   5.2394650e-02	
   1.3987134e-02	
   9.2927526e-03	
  -5.0891247e-03	
  -3.0585327e-02	
  -2.9309498e-02	
  -2.4139345e-02	
  -3.1596199e-02	
  -2.5701896e-02	
  -7.0303845e-03	
   1.4054957e-02	
   3.4011407e-03	
   1.9921671e-02	
   5.3650106e-02	
   2.2079844e-03	
  -5.5063100e-03	
   1.1899309e-02	
   5.1807176e-02	
   1.4912395e-02	
  -2.6177084e-02	
   1.5168262e-03	
  -1.9999177e-02	
  -2.6077402e-02	
  -2.6952482e-02	
  -1.2057109e-03	
  -1.8816656e-02	
  -2.2030458e-02	
   5.2182614e-03	
   4.1478614e-02	
   2.2000986e-02	
  -4.1161567e-02	
  -2.2602614e-02	
  -6.8812477e-03	
  -1.7217163e-03	
  -1.4065119e-02	
   1.8890995e-02	
   8.1782690e-03	
  -3.6662594e-03	
  -5.5041745e-04	
  -1.7635628e-02	
   1.6441587e-02	
  -4.8753904e-02	
  -6.2529460e-02	
  -4.0837867e-02	
  -1.9741664e-02	
   3.3285222e-03	
  -1.7948056e-03	
   3.1692399e-02	
   3.4051941e-02	
   2.7788175e-03	
   2.4432905e-02	
   3.2279905e-02	
   5.1210245e-03	
  -7.7158046e-03	
  -4.0930695e-02	
  -3.5867635e-02	
  -1.6133861e-02	
  -5.3956133e-03	
   6.6573453e-02	
   7.1979786e-02	
   1.4428159e-02	
   4.1537541e-02	
   1.8128180e-02	
  -4.2716970e-02	
  -2.5557914e-02	
   1.8206890e-02	
   2.7094565e-02	
  -2.8461608e-02	
  -6.4921708e-02	
  -3.9850649e-02	
  -4.3960077e-02	
  -3.2975040e-02	
  -3.0333941e-03	
  -1.6422646e-02	
   4.1748052e-03	
   4.2591677e-02	
   2.9111249e-02	
   4.6420541e-02	
   2.1042625e-02	
  -1.2772963e-02	
  -2.3618452e-03	
   5.7159105e-03	
  -1.4914798e-02	
  -2.3851849e-02	
   7.1357791e-05	
  -9.1016989e-03	
  -1.9857158e-02	
   1.6280031e-02	
   9.5154399e-03	
   9.4317060e-04	
  -9.2061309e-03	
  -2.2273486e-02	
  -3.1215864e-02	
  -4.3076291e-02	
  -5.3084078e-03	
  -1.4272242e-02	
  -2.5435330e-02	
   6.5822851e-03	
   1.7068558e-02	
   2.9185504e-02	
   9.1150698e-02	
   6.7601993e-02	
   1.1370069e-02	
  -1.4715823e-02	
  -3.3211566e-02	
  -3.6071065e-02	
  -2.8248099e-04	
  -5.9473768e-03	
  -4.4011209e-02	
  -6.8279587e-03	
  -2.0587214e-02	
  -5.8291636e-02	
  -2.8544837e-03	
   2.5006035e-02	
   1.1906573e-02	
   1.5494708e-02	
   1.3112649e-02	
   9.8026044e-03	
  -8.3390672e-03	
  -1.4213125e-02	
   3.1853040e-02	
   6.2009404e-02	
   1.8468901e-02	
  -4.1909387e-02	
  -2.9009210e-02	
  -2.1463740e-03	
   9.8048609e-04	
  -9.4369134e-03	
   1.7163091e-02	
   6.7246996e-02	
   3.9922053e-02	
   1.4115173e-02	
   2.4118778e-02	
   3.6008698e-03	
  -4.9841656e-02	
  -4.4258035e-02	
  -3.1717211e-02	
  -7.4565707e-02	
  -3.8980866e-02	
   3.7102651e-02	
   4.7556854e-02	
   1.0022625e-01	
   4.8848905e-02	
  -3.4675267e-02	
  -4.6138611e-02	
  -2.0214432e-02	
  -3.1248597e-03	
  -1.4384364e-02	
   2.0578272e-02	
   2.7170377e-02	
   2.6381535e-02	
  -3.1695498e-02	
  -4.4886047e-02	
  -3.4281613e-02	
  -1.2552106e-02	
   2.2083337e-02	
   1.6466851e-02	
  -5.0916816e-02	
  -7.4781841e-02	
  -3.8799512e-03	
   2.5080327e-02	
   3.6022715e-02	
   2.4988545e-02	
   1.6438494e-03	
  -1.9877061e-02	
   1.4243454e-02	
   3.9829756e-02	
   4.9484786e-02	
   9.2144890e-02	
   8.1491602e-02	
   2.2685086e-02	
   3.4947061e-02	
   4.3405920e-02	
   1.4150052e-02	
  -2.1505142e-02	
  -1.9869366e-02	
  -4.2500611e-02	
  -4.0151410e-02	
  -2.6997797e-03	
   4.2932046e-02	
   1.8782781e-02	
  -1.2940531e-02	
  -7.2065998e-03	
  -1.0543291e-02	
   1.9967255e-02	
  -2.4962377e-02	
  -6.8964544e-03	
   2.6113754e-02	
   1.9907296e-02	
  -3.9371195e-02	
  -3.2693167e-02	
  -5.2508508e-03	
   7.8479621e-03	
  -7.4612942e-03	
   6.1524747e-03	
   2.5532613e-02	
   3.4163642e-03	
  -2.4208777e-02	
  -1.5798136e-02	
  -1.9483461e-02	
  -3.2475429e-02	
  -9.8553885e-03	
  -4.3933487e-02	
   2.1057300e-02	
   4.4304943e-02	
   5.7693205e-03	
   5.1739143e-02	
   8.1681172e-02	
   3.0357601e-02	
  -2.2913097e-02	
  -5.2002601e-02	
  -5.9759228e-02	
  -2.7473117e-02	
   5.2206673e-03	
   1.5433661e-02	
   2.0030485e-02	
   3.5902567e-02	
   3.3236457e-02	
   4.4409622e-02	
   2.1955487e-02	
   4.4309199e-03	
  -1.4558028e-02	
  -4.0826016e-02	
  -3.3525688e-02	
  -7.4886883e-03	
  -3.3536734e-02	
  -6.4718198e-02	
  -7.3496981e-03	
  -9.4516098e-04	
  -3.3982582e-02	
  -3.1445527e-02	
   4.7824446e-02	
   4.0336063e-02	
   8.8488717e-03	
   1.4513176e-02	
  -4.2860984e-02	
  -2.5250904e-02	
  -8.7136371e-03	
   2.7772579e-02	
   1.6985324e-02	
  -3.2535846e-02	
   2.6951903e-03	
   3.5801301e-03	
   7.4206712e-03	
   8.4266094e-02	
   8.3820783e-02	
   1.0493905e-02	
   8.1701423e-04	
   1.0295193e-02	
   7.8407980e-02	
   3.1386457e-02	
   1.8453584e-02	
  -6.9078212e-03	
  -5.3934672e-02	
  -4.9627437e-02	
  -1.7813285e-02	
   1.0927256e-02	
  -1.8961406e-02	
   6.0779353e-03	
   9.4250100e-03	
   2.5801394e-02	
  -5.9526000e-04	
   1.8962021e-02	
   7.2414420e-03	
  -1.4906861e-02	
   7.6146969e-04	
  -1.2884796e-02	
  -3.8272996e-02	
  -6.3032684e-03	
   1.3795791e-02	
  -3.3370497e-02	
  -1.7879171e-02	
  -2.1709198e-02	
  -7.9689421e-02	
  -2.5909413e-02	
   1.7040564e-02	
  -8.2939838e-03	
   2.1798334e-02	
   8.0363122e-02	
   6.7033335e-02	
   3.0600555e-02	
   7.9373190e-03	
  -2.7694205e-03	
  -3.4562287e-02	
  -2.0835712e-02	
   1.3740972e-02	
  -2.5706404e-02	
  -7.0717123e-03	
  -9.2871296e-03	
   1.0162904e-02	
   1.4464832e-02	
   1.2941378e-02	
   3.0943123e-02	
   1.9104583e-02	
   5.4764806e-02	
   1.7935122e-02	
  -2.7772111e-02	
  -3.7507929e-02	
  -6.1319029e-02	
  -3.2970022e-02	
  -1.4045646e-02	
  -5.0805614e-02	
  -5.2597254e-02	
  -3.4734962e-02	
  -7.2970034e-02	
  -7.2996912e-02	
   9.3092585e-03	
   5.0233342e-03	
  -6.8335606e-02	
  -9.2060888e-02	
  -8.5243244e-02	
  -2.5691413e-02	
  -2.3513631e-02	
  -5.0913286e-02	
  -3.4440276e-02	
  -3.1672443e-02	
  -1.7307504e-02	
  -8.2154362e-03	
   1.8749686e-02	
   6.5363337e-02	
   3.9143815e-02	
   8.2682571e-03	
  -1.6874638e-03	
   5.2858056e-03	
   7.2097347e-04	
  -4.2041350e-02	
  -1.8208831e-02	
   1.2795444e-02	
   6.8941084e-02	
   5.4549303e-02	
   6.7117284e-02	
   7.9765743e-02	
   5.3101015e-02	
  -2.8730146e-03	
  -4.1762470e-02	
   3.7998771e-03	
   7.6901358e-02	
   8.1745081e-02	
   3.3779625e-02	
   6.1340226e-02	
   9.3838768e-03	
  -8.9366032e-04	
  -2.2258716e-02	
  -2.7504761e-02	
   1.5230735e-02	
   5.1330888e-02	
   1.8754946e-02	
  -1.6637133e-02	
   2.5411775e-02	
   5.1459679e-02	
   9.8287992e-02	
   1.5346807e-01	
   1.1755032e-01	
   3.0346792e-02	
   4.0855004e-02	
   1.2186847e-01	
   9.6426741e-02	
   1.0006345e-02	
  -5.1235140e-02	
  -6.1555571e-02	
  -5.6529378e-02	
  -6.8957916e-02	
  -6.0219794e-02	
  -8.4095249e-02	
  -1.0711243e-01	
  -8.1472193e-02	
  -4.8107681e-02	
  -4.4014865e-02	
  -8.0876655e-02	
  -1.1922432e-01	
  -5.5252513e-02	
  -4.1992484e-02	
  -1.3278618e-02	
   2.7622396e-02	
  -1.6716911e-02	
  -9.0295685e-02	
  -1.6954974e-01	
  -7.3495403e-02	
  -3.6370680e-02	
  -4.9292665e-02	
  -8.5525654e-03	
   6.8711433e-02	
   1.0940327e-01	
   3.1039712e-02	
   1.5052290e-03	
   7.2072730e-03	
   1.9651949e-02	
  -2.3941747e-02	
  -3.1299925e-04	
   1.7399186e-02	
   3.1082960e-02	
   1.0363194e-01	
   5.9373144e-02	
  -2.6403554e-02	
   2.4716030e-02	
   1.1913432e-01	
   7.8898527e-02	
   7.3373581e-02	
   5.6208623e-02	
  -1.2853594e-02	
  -1.0202033e-01	
  -7.7855154e-02	
  -3.1466719e-02	
  -8.9355618e-02	
  -9.5062928e-02	
  -1.0078633e-01	
  -1.3447258e-01	
  -1.2126620e-01	
   1.4240835e-02	
   3.3299414e-02	
   2.8423541e-02	
   1.3876269e-02	
  -4.0456259e-02	
  -5.3828789e-02	
  -3.3439929e-02	
   1.2817179e-03	
   2.2169443e-02	
   1.9106640e-02	
   5.2803772e-02	
   3.6041120e-02	
  -6.7946523e-02	
   1.1768887e-02	
   2.1868234e-01	
   1.7435375e-01	
   4.4339691e-02	
   4.5830974e-02	
  -3.2393074e-02	
  -1.0880410e-01	
  -9.2802969e-02	
  -1.5002561e-02	
  -2.5135194e-02	
   1.5894594e-02	
   1.2583651e-01	
   8.4538667e-02	
  -1.1646345e-01	
  -3.9912796e-02	
   1.3702631e-01	
   5.7214440e-02	
   7.6460833e-02	
   1.6156174e-01	
   1.2184096e-01	
   1.2843879e-01	
   2.6413895e-01	
   6.5877923e-02	
  -7.8951706e-02	
  -6.8057194e-02	
  -7.4735395e-02	
  -7.8538428e-02	
  -4.9792307e-02	
   4.3483473e-02	
   1.8540669e-02	
   1.9935416e-02	
  -1.3866912e-01	
  -2.6394138e-01	
  -2.1871822e-02	
   1.5123194e-01	
   8.5286219e-02	
  -1.4056114e-02	
  -4.5795180e-02	
  -3.0014012e-02	
  -1.4839344e-01	
  -2.5596422e-01	
  -1.3797622e-01	
   1.8439940e-02	
  -6.5314419e-02	
  -1.3641505e-01	
  -1.2996729e-01	
   1.6990805e-03	
   8.2911118e-02	
   1.5889319e-01	
   1.9562629e-01	
   1.6600071e-01	
   1.1161994e-01	
   9.8633626e-02	
   2.2821341e-01	
   2.6562248e-01	
   2.9422378e-01	
   2.4212274e-01	
   4.3384301e-02	
  -2.9031928e-01	
  -2.5023898e-01	
  -6.8450747e-02	
  -7.0236885e-02	
  -6.7147109e-02	
  -5.6316926e-02	
  -1.8205155e-02	
  -4.9445352e-02	
  -8.5346919e-02	
   1.3003272e-02	
   1.8813468e-01	
  -4.6269406e-02	
  -1.4227532e-01	
   5.2043471e-03	
   5.6034307e-02	
   7.3226248e-02	
   4.2284067e-03	
  -1.9669786e-03	
  -2.9377231e-02	
   1.1856424e-02	
  -1.5328534e-02	
  -2.9918680e-02	
  -2.1947571e-02	
  -1.3139669e-02	
  -2.1727424e-02	
  -1.1177384e-01	
  -2.2621061e-01	
  -1.1880052e-01	
   1.8472505e-01	
   1.8783634e-01	
   8.0384162e-03	
  -9.8881635e-03	
   2.0382689e-01	
   3.0026221e-01	
   4.6225632e-02	
  -8.5805275e-02	
   5.5221374e-02	
   2.7553668e-02	
  -4.6223544e-02	
   2.8916366e-02	
  -6.8033576e-02	
  -3.1516121e-01	
  -2.6682555e-01	
  -1.3947185e-01	
   4.9160912e-02	
   2.0897259e-01	
   1.3798469e-01	
  -8.3223825e-02	
  -1.2795465e-01	
  -6.4250900e-02	
  -7.8476254e-02	
  -9.9267246e-02	
   5.4472244e-02	
   1.2797075e-01	
   3.6095214e-02	
   1.6041285e-01	
   1.6450576e-01	
   1.5296238e-01	
   3.2759233e-02	
  -1.9094889e-01	
  -1.9674735e-03	
   2.0580423e-01	
   6.8521915e-02	
   9.2907064e-02	
   3.4975302e-02	
  -1.2432115e-01	
  -6.6630577e-02	
  -1.9689506e-02	
  -2.1828842e-01	
  -3.0201600e-01	
  -2.2816881e-01	
  -1.5925118e-01	
  -2.7434614e-02	
   8.1890468e-02	
   4.1102261e-02	
   3.4268563e-02	
   1.9727183e-01	
   1.7102559e-01	
   4.3623857e-02	
   1.7903436e-01	
   2.5850307e-01	
   2.5246327e-01	
   1.8361566e-01	
  -1.0107653e-01	
  -1.1260371e-01	
  -4.2479234e-02	
  -1.5016269e-01	
  -2.3503810e-01	
  -4.3390760e-02	
   1.3053374e-01	
   1.5274645e-01	
  -6.6064285e-02	
  -1.5084318e-01	
  -1.5763394e-01	
  -3.5416774e-01	
  -2.4224109e-01	
   1.0263612e-01	
   1.9174404e-01	
   3.1251406e-02	
   6.2422103e-02	
   1.5642204e-01	
   8.2955986e-02	
  -1.9517056e-01	
  -1.6357611e-01	
   1.3470281e-02	
   2.0134133e-01	
   1.4689623e-01	
   1.9619742e-01	
   3.6818553e-01	
   1.5470665e-01	
  -1.7841757e-01	
  -3.0814195e-01	
  -2.1005458e-01	
  -2.0348883e-01	
  -1.5259449e-01	
  -1.1975563e-01	
  -7.1017574e-02	
  -6.5251089e-02	
  -2.5932384e-02	
  -1.7306315e-01	
  -4.0288628e-01	
  -6.3641371e-02	
   2.2009087e-01	
   9.4443142e-02	
  -8.8841347e-02	
   2.0660738e-02	
   1.2859653e-01	
   1.1502021e-01	
   1.4456021e-01	
   1.6769022e-01	
   1.3200859e-01	
  -9.4091932e-02	
  -1.4345724e-01	
   1.7802333e-03	
   1.4246436e-02	
  -1.6612889e-02	
   2.5017733e-02	
   9.5925410e-02	
   6.9453882e-02	
   1.5311192e-01	
   3.9300369e-01	
   3.9134626e-01	
   1.4958272e-01	
   1.7039007e-01	
   2.8113664e-01	
   9.1468875e-02	
   1.6978249e-02	
   2.8499916e-01	
   9.3529059e-02	
  -2.1399795e-01	
  -1.9049784e-01	
  -4.1580447e-01	
  -4.8693182e-01	
  -4.0664234e-01	
  -3.9655245e-01	
  -3.7452215e-01	
  -2.8703946e-01	
  -2.3446082e-01	
  -1.8378640e-01	
  -3.0266803e-02	
   4.9078540e-02	
  -3.7841718e-03	
  -6.8383472e-02	
  -1.6375637e-01	
  -2.3788755e-01	
  -2.0995143e-01	
   4.6478686e-04	
   7.1764074e-02	
   3.3561309e-02	
   1.1973506e-01	
  -2.3624722e-02	
  -2.2759846e-01	
  -4.3387336e-01	
  -3.5072486e-01	
  -1.8250780e-01	
  -1.6787448e-01	
  -1.6750959e-01	
  -5.1565263e-02	
   1.0374593e-01	
   1.3168210e-01	
   2.8717033e-01	
   2.7115868e-01	
   2.0820621e-01	
   3.2476739e-01	
   3.9532640e-01	
   4.1070532e-01	
   3.5644258e-01	
   2.3796661e-01	
   1.6338486e-01	
   6.2819496e-02	
   6.8607390e-02	
   1.2593865e-01	
   1.6572403e-01	
   1.8619343e-01	
   1.9524273e-01	
   1.5752811e-01	
   1.3384049e-01	
   6.1291729e-02	
   3.1078337e-03	
  -6.8378948e-02	
  -3.4462263e-01	
  -3.2763456e-01	
  -1.6043663e-01	
  -1.2383750e-01	
  -1.4305680e-01	
  -1.0959562e-01	
   1.4362041e-01	
   2.0349425e-01	
   1.8278610e-02	
  -2.8533449e-02	
  -1.6832084e-01	
  -2.9801298e-01	
  -2.7698040e-01	
  -2.6373103e-01	
  -4.0948322e-01	
  -5.0220628e-01	
  -1.8541000e-01	
  -7.3724739e-02	
  -1.8058206e-01	
   9.5150454e-03	
   1.1682860e-01	
   6.6224136e-02	
   1.2900124e-02	
   9.1220919e-02	
   2.0471389e-01	
   2.4512147e-01	
   3.0175542e-01	
   2.2045244e-01	
   1.3030409e-01	
  -1.0159159e-02	
  -7.9001465e-02	
  -1.0974264e-02	
  -7.2945154e-02	
  -1.9326097e-01	
  -2.0939597e-01	
   5.2198767e-02	
   1.8636485e-01	
   3.4889170e-02	
   3.8193549e-02	
   7.8552840e-02	
  -7.7755792e-02	
  -1.5124872e-01	
   9.4784884e-02	
   3.2601901e-01	
   4.1986877e-01	
   4.0015055e-01	
   1.2729158e-01	
  -6.0777722e-02	
  -1.6179902e-01	
  -3.0549144e-01	
  -2.8930794e-01	
  -2.7588163e-01	
  -3.2747839e-01	
  -4.2224513e-01	
  -3.9332202e-01	
  -3.5286615e-01	
  -3.5735577e-01	
  -2.4804677e-01	
  -8.4480334e-02	
  -8.6255637e-02	
  -1.9519429e-01	
  -1.7719241e-01	
  -2.0642128e-02	
   1.8385751e-01	
   6.6443636e-02	
   5.7008353e-02	
   2.2711360e-01	
   2.1681478e-01	
   1.8298378e-01	
   2.4501390e-01	
   2.1624118e-01	
   3.7996315e-01	
   5.6704536e-01	
   5.9005207e-01	
   6.6300406e-01	
   4.4310403e-01	
   2.8445123e-01	
   3.4074717e-01	
   3.2345886e-01	
   4.0119498e-01	
   5.2572185e-01	
   4.5122584e-01	
   3.3587183e-01	
   2.4268204e-01	
  -7.3749303e-02	
  -2.4442294e-01	
  -7.5680144e-02	
   5.5160200e-02	
   5.5255511e-05	
  -1.1662372e-01	
  -2.7824285e-01	
  -4.2445633e-01	
  -3.6466307e-01	
  -3.1936342e-01	
  -3.4243952e-01	
  -2.1561182e-02	
   1.4821155e-01	
  -9.8170483e-02	
  -2.2331398e-01	
  -2.2592084e-01	
  -2.6225687e-01	
  -4.2215945e-01	
  -4.6151556e-01	
  -3.2723144e-01	
  -1.0284725e-01	
   7.2820492e-02	
   1.6135450e-01	
   1.3662624e-01	
   6.2924118e-02	
   8.6939121e-02	
   1.3660509e-01	
   2.3115217e-01	
   3.2856906e-01	
   3.0443623e-01	
   1.0883576e-01	
   7.0300479e-02	
   1.1290195e-01	
   1.8528471e-01	
   2.5332791e-01	
   2.0009508e-01	
   1.9260158e-01	
   1.7408496e-01	
   1.7374169e-01	
   2.0670401e-01	
   1.7315725e-01	
  -1.5553178e-04	
  -5.5335568e-02	
   6.6241021e-02	
   9.6027770e-02	
  -2.7340212e-02	
  -6.2388913e-02	
  -7.0381220e-02	
  -5.8478313e-02	
   8.9730813e-02	
   2.5582110e-02	
  -6.8583930e-02	
  -1.8354738e-02	
  -7.9633665e-02	
  -1.1040188e-01	
  -1.1290679e-01	
  -1.9586194e-01	
  -2.6753107e-01	
  -3.0933850e-01	
  -2.8167058e-01	
  -1.5004171e-01	
  -1.6020524e-02	
  -7.4515527e-02	
  -1.5441319e-01	
  -2.0535561e-01	
  -2.3501875e-01	
  -1.0657617e-01	
  -4.1171151e-03	
   2.6071921e-02	
   7.3093381e-02	
   5.2756327e-03	
  -8.3354694e-02	
   3.2246320e-02	
   1.6369814e-01	
   1.6853661e-01	
   5.1090543e-02	
   1.0379795e-01	
   3.3906039e-01	
   4.2048166e-01	
   4.5160403e-01	
   3.5299655e-01	
   2.0616612e-01	
   1.4949488e-01	
   1.4943597e-01	
   1.2843037e-01	
   8.3442115e-02	
   9.7313629e-02	
   5.4948380e-02	
  -5.5497576e-02	
  -6.8934509e-02	
  -2.6241835e-02	
  -1.3443103e-02	
   5.1295857e-02	
   3.4930187e-02	
  -1.8254414e-02	
   2.6331760e-02	
   4.0208681e-02	
   1.2227533e-03	
  -4.2762480e-02	
  -1.8607408e-01	
  -2.9652540e-01	
  -2.9793603e-01	
  -2.6683517e-01	
  -3.4239860e-01	
  -3.6451995e-01	
  -2.9922846e-01	
  -2.4895107e-01	
  -2.0236945e-01	
  -1.9252094e-01	
  -1.7855817e-01	
  -1.1590589e-01	
   8.2454603e-03	
   5.8941298e-02	
   2.6274231e-02	
   6.5120904e-02	
   9.5084599e-02	
   5.9799888e-02	
   5.3116322e-02	
   7.4159583e-02	
   7.1332806e-02	
  -7.0922053e-02	
  -9.2549858e-02	
  -1.4583129e-02	
   3.7062144e-02	
   5.7499269e-02	
   6.7042066e-02	
   1.1113470e-01	
   1.5561363e-01	
   1.5864439e-01	
   1.0370574e-01	
   1.1663319e-01	
   1.0071269e-01	
   7.8543109e-02	
   3.5051372e-02	
   5.3321462e-02	
   1.5241187e-01	
   1.5687482e-01	
   1.7550432e-01	
   1.8204313e-01	
   1.2940568e-01	
   1.0212947e-01	
   1.0770818e-01	
   4.8676745e-02	
  -7.0228364e-02	
  -9.5600342e-02	
  -9.4634711e-02	
  -1.6569773e-01	
  -2.1175356e-01	
  -2.4950573e-01	
  -2.2748080e-01	
  -1.9548411e-01	
  -1.8287847e-01	
  -1.2951135e-01	
  -9.7750683e-02	
  -3.4411746e-02	
  -9.7948985e-02	
  -1.7114693e-01	
  -1.2184043e-01	
  -1.6465625e-01	
  -2.0166824e-01	
  -7.8680974e-02	
  -2.6853310e-02	
  -1.1951740e-01	
  -8.7552910e-02	
   1.0158927e-02	
   1.6944974e-03	
  -8.9370083e-03	
   5.9519214e-02	
   1.2269723e-01	
   1.3012120e-01	
   1.8342867e-03	
  -6.8257863e-02	
   7.8099796e-03	
  -4.0804461e-02	
  -1.4068322e-01	
  -1.8365469e-01	
  -2.0456377e-01	
  -1.6707427e-01	
  -3.1384853e-02	
   3.1589309e-02	
   2.1880416e-02	
   5.8526547e-03	
   7.1561879e-03	
   5.9986881e-02	
   9.2128427e-02	
   1.0434246e-01	
   5.5797764e-02	
   7.1653982e-02	
   1.6588451e-01	
   2.2671305e-01	
   1.0933131e-01	
  -7.5798494e-02	
  -1.4929684e-01	
  -2.2767110e-01	
  -3.0283230e-01	
  -2.6163624e-01	
  -1.3622437e-01	
  -8.4219754e-02	
  -5.8257603e-02	
  -2.0135170e-02	
  -5.3043628e-02	
  -8.4396542e-02	
  -4.8237330e-02	
  -5.7769212e-02	
   3.0491131e-02	
   5.4919134e-02	
  -4.0990259e-02	
   4.2007938e-02	
   1.2369190e-01	
   9.1609528e-02	
   1.2950131e-01	
   1.9543640e-01	
   1.4597447e-01	
   5.2886565e-02	
   3.5845006e-02	
   6.7010243e-02	
   1.0296560e-01	
   1.1279802e-01	
   6.8313882e-02	
   8.7458283e-02	
   1.2560217e-01	
   4.5012545e-02	
  -6.5251089e-02	
  -1.4225218e-01	
  -1.5385994e-01	
  -1.4571189e-01	
  -1.3838986e-01	
  -1.3104643e-01	
  -1.2324701e-01	
  -1.0136157e-01	
  -4.8327076e-02	
   1.1471550e-02	
   7.4000468e-02	
   9.8492816e-02	
   6.2387387e-02	
   4.3049976e-02	
   5.5339092e-02	
   3.8662268e-02	
   7.3791015e-03	
   1.9040616e-02	
  -4.2619239e-02	
  -1.8071167e-01	
  -2.9793245e-01	
  -3.7005220e-01	
  -4.0718759e-01	
  -3.4636979e-01	
  -1.6631426e-01	
   1.8692309e-02	
   3.1984503e-02	
   2.0457176e-02	
   7.7654222e-02	
   1.2459520e-01	
   1.2905279e-01	
   1.5493440e-01	
   2.2306340e-01	
   2.1797293e-01	
   2.0281955e-01	
   1.5745568e-01	
   1.1664055e-01	
   1.5026253e-01	
   1.7597256e-01	
   1.9662422e-01	
   2.1938397e-01	
   1.6817866e-01	
   2.6395806e-02	
  -4.2704010e-02	
  -1.0819983e-02	
   2.3483233e-02	
   1.6054051e-02	
   1.6896246e-02	
  -1.0063495e-02	
  -2.7936517e-02	
  -6.5474166e-02	
  -1.2202748e-01	
  -1.2618461e-01	
  -6.8681766e-02	
  -6.0732223e-02	
   5.2511621e-03	
   9.7357550e-02	
   2.6074525e-02	
  -1.1017938e-02	
  -1.4107599e-02	
  -2.3730695e-02	
  -7.0247826e-02	
  -2.7002699e-02	
   1.2369553e-02	
   7.3412610e-02	
   9.1167740e-02	
   3.5290297e-02	
   1.2471607e-02	
  -4.0219554e-02	
  -5.1677159e-02	
  -2.0163258e-02	
  -1.6274277e-02	
  -4.4089394e-03	
   6.4519318e-02	
   5.5690092e-02	
   2.9647590e-02	
   4.2097610e-02	
   4.3207996e-02	
   2.9395573e-02	
  -2.5173008e-02	
  -8.4751592e-02	
  -5.1741158e-02	
   1.7932692e-02	
   6.4390869e-02	
   8.5139096e-02	
   5.3619914e-02	
   9.8867118e-03	
   4.4356202e-02	
   8.4463344e-02	
   5.4601640e-02	
  -2.6857008e-02	
  -9.7968342e-02	
  -6.3638320e-02	
  -2.3906695e-02	
   3.3483445e-02	
   2.0985201e-02	
   1.2526106e-02	
   5.0804083e-02	
   6.6070229e-02	
   7.8976217e-02	
   4.8830184e-02	
   8.3128041e-02	
   1.1020047e-01	
   1.0114596e-01	
   9.2204065e-02	
   9.2166614e-02	
   1.2861005e-01	
   1.0732010e-01	
   6.4128710e-02	
   9.1238645e-02	
   1.0454697e-01	
   7.9722085e-02	
   1.4012335e-02	
  -5.7273931e-03	
  -1.0850049e-02	
  -3.2966061e-02	
  -5.8407829e-02	
  -9.0903267e-02	
  -4.0770712e-02	
  -4.1291005e-02	
  -3.1351378e-02	
  -2.5177316e-02	
  -3.3861713e-02	
  -7.2988549e-03	
  -8.1946329e-03	
  -2.0135017e-02	
  -4.9041936e-02	
  -6.5123376e-02	
  -7.9954998e-02	
  -4.2191970e-02	
  -5.6481775e-02	
  -1.1194621e-01	
  -1.3586990e-01	
  -9.8595018e-02	
  -9.5300996e-03	
  -1.1026654e-02	
  -5.8932304e-03	
  -7.8671874e-03	
  -3.0203130e-02	
  -3.2472110e-02	
  -1.1053390e-02	
   2.1855147e-02	
   4.5210300e-02	
   5.6909360e-02	
   8.2715867e-02	
   5.8212788e-02	
   1.6517989e-02	
   4.5516127e-02	
   6.7476595e-02	
   5.3562264e-02	
  -6.9872788e-03	
  -4.5930367e-02	
  -5.6749667e-02	
  -6.0981863e-02	
  -1.2135441e-01	
  -1.5081919e-01	
  -1.2064636e-01	
  -8.7657321e-02	
  -3.0766066e-02	
  -1.7452449e-02	
  -7.7556438e-04	
   2.9676231e-02	
   5.4522583e-02	
   5.4721042e-02	
   5.8132626e-02	
   4.2871877e-02	
   1.5193321e-02	
   3.2615808e-02	
   4.2721715e-02	
   3.8457296e-02	
   1.1679904e-02	
  -1.1830776e-02	
  -1.5601707e-02	
   5.2752382e-03	
  -7.2873881e-03	
   1.1433204e-02	
   2.8716218e-02	
   2.3679373e-02	
   3.4294863e-02	
   3.9830582e-02	
   4.2426802e-02	
  -9.2344876e-03	
  -2.3765721e-02	
  -1.7446852e-02	
  -1.7462290e-03	
   1.5634051e-03	
   3.9557841e-03	
   6.1002587e-02	
   4.9126570e-02	
   3.3109486e-02	
   3.4734805e-02	
  -3.1602559e-02	
  -5.2613571e-02	
  -4.1429506e-02	
  -1.6406150e-02	
  -1.9446309e-03	
  -1.8562493e-02	
   3.0815063e-03	
   1.8385183e-02	
  -1.7076632e-02	
  -8.3703695e-02	
  -1.1185427e-01	
  -7.1591546e-02	
  -1.2855103e-02	
  -7.0940936e-03	
   1.5118497e-02	
   8.6081951e-04	
  -3.6001018e-02	
  -6.3699336e-03	
   4.3928890e-02	
   1.0708539e-01	
   9.8046926e-02	
   3.7073621e-02	
  -4.8572534e-03	
   7.7686045e-05	
   3.3302691e-02	
   6.8077918e-02	
   3.0491931e-02	
  -2.9065266e-02	
  -3.5215937e-03	
   4.2094397e-02	
   4.1177142e-02	
   1.8585631e-03	
   8.0433290e-03	
  -3.9664645e-02	
  -7.2744853e-02	
  -6.5841314e-02	
  -4.9400426e-02	
   1.7298241e-03	
   3.5212307e-02	
   7.3994471e-02	
   5.1862353e-02	
   3.9653746e-02	
   3.2122599e-02	
   3.5587782e-02	
   5.4685695e-03	
  -2.3400825e-02	
   4.0131223e-05	
  -8.3224456e-03	
  -1.4340927e-02	
   1.2141448e-02	
  -2.8711258e-02	
  -5.7135435e-02	
  -3.7460047e-02	
  -2.1657524e-02	
  -1.9790834e-02	
  -1.7527198e-02	
  -3.8618704e-02	
  -9.2205696e-02	
  -6.9698103e-02	
  -3.6784206e-02	
  -5.5492684e-03	
   1.1857113e-02	
   5.0393819e-03	
  -2.6007823e-02	
  -2.4725813e-02	
   1.2581236e-02	
   3.3608360e-02	
   4.3086654e-02	
   2.0364479e-02	
  -3.6912992e-02	
  -2.8984914e-02	
   2.3218145e-02	
   7.8179064e-03	
  -2.7439363e-03	
   9.0945453e-03	
  -4.6857406e-03	
   3.9879426e-03	
   3.5088771e-02	
   3.9380021e-02	
   3.9278093e-02	
   3.8210634e-02	
   2.0648682e-02	
   2.7970765e-03	
  -1.4936527e-02	
  -1.2039935e-02	
  -2.5112171e-02	
  -2.5316012e-02	
   5.6539582e-02	
   6.0911326e-02	
   1.6330164e-03	
  -3.5175193e-02	
  -4.9636716e-02	
  -6.4055333e-02	
  -9.4297914e-02	
  -6.0423829e-02	
  -3.5057232e-02	
  -5.0098070e-02	
  -5.7066003e-02	
  -4.0845083e-02	
  -8.5051570e-03	
   9.3786168e-03	
   9.7433663e-03	
   1.9318207e-02	
   4.3451114e-02	
   1.6019288e-02	
  -2.9816641e-02	
  -4.8987821e-02	
  -7.2895447e-02	
  -6.1904467e-02	
  -2.1979794e-02	
   4.9907033e-03	
  -2.6530988e-03	
   2.4266573e-03	
   4.1139091e-02	
   4.8654132e-02	
   1.9940287e-02	
   1.7456714e-02	
   7.5286696e-02	
   9.7821114e-02	
   1.0864036e-01	
   1.3731130e-01	
   1.1961524e-01	
   8.2871405e-02	
   4.6776591e-02	
   1.2773784e-02	
   2.4848272e-02	
   3.8392519e-02	
   9.7280176e-04	
   1.2215866e-02	
   2.9514954e-02	
  -9.6366777e-04	
  -3.8914432e-02	
  -2.5622291e-02	
  -6.7729917e-03	
   1.7612184e-03	
   2.1425858e-02	
   1.1952908e-02	
  -6.2044593e-03	
  -2.0456787e-02	
  -3.3110627e-02	
  -5.4019727e-02	
  -1.1863609e-02	
   8.1550619e-03	
  -1.9979468e-02	
  -1.6401653e-02	
   9.1956425e-03	
   3.8848167e-02	
   3.2534646e-02	
   3.7877239e-02	
   2.3426436e-02	
   1.4983384e-02	
   9.1901773e-03	
  -1.3859216e-02	
   4.4965894e-03	
  -1.4199891e-03	
   8.0475633e-03	
   2.6242445e-02	
   2.3892977e-02	
   3.3119138e-02	
   3.5495406e-02	
   6.6903728e-03	
  -1.0338988e-03	
  -1.5119944e-02	
  -5.2764954e-02	
  -3.9912680e-02	
  -1.7925401e-02	
  -2.8540907e-02	
  -4.9911346e-02	
  -4.7535088e-02	
  -2.1996805e-02	
  -3.9199293e-03	
  -6.0870245e-03	
   5.2472166e-03	
   2.8865165e-02	
   5.2290012e-02	
   3.4835328e-02	
  -7.2779517e-03	
  -2.0537928e-02	
  -4.7406539e-02	
  -6.1294096e-02	
  -6.2055849e-02	
  -6.0934733e-02	
  -6.8723425e-02	
  -9.3087009e-02	
  -9.2668629e-02	
  -7.3883696e-02	
  -3.1888466e-02	
  -2.1079897e-02	
  -3.2929136e-02	
   1.6881533e-02	
   5.0208436e-02	
   3.6546143e-02	
   4.9993828e-02	
   5.0084999e-02	
   2.4358934e-02	
   7.2207281e-03	
   3.7538395e-02	
   3.6433374e-02	
   1.0814592e-02	
   2.8022482e-02	
   5.7079574e-02	
   8.2505204e-02	
   6.3473472e-02	
   4.7526130e-02	
   4.1636361e-02	
   6.0217427e-02	
   5.9428953e-02	
   5.4198935e-02	
   3.5955735e-02	
   2.3189241e-02	
   4.1759608e-02	
   3.5472903e-02	
   4.9942727e-03	
  -1.7647458e-02	
  -7.1821934e-03	
  -3.1524332e-02	
  -4.3652503e-02	
  -2.2598580e-02	
  -1.6665952e-02	
  -1.8586310e-02	
  -2.1611662e-02	
  -4.1303161e-02	
  -7.4683742e-02	
  -5.9996980e-02	
  -3.5365210e-02	
  -3.4877109e-02	
  -2.9094675e-02	
   4.9885609e-03	
   4.8866194e-03	
  -1.7395725e-02	
  -1.4681528e-02	
  -4.2869710e-02	
  -5.1226935e-02	
  -8.0788287e-02	
  -1.0229827e-01	
  -8.4248158e-02	
  -7.7822016e-02	
  -7.3825836e-02	
  -6.5023436e-02	
  -3.3922639e-02	
  -1.8871107e-02	
  -3.2617086e-03	
   2.2271208e-02	
   3.3229961e-02	
   4.3384112e-02	
   4.1801683e-02	
   4.4708980e-02	
   6.2072418e-02	
   7.4302497e-02	
   5.2186406e-02	
   3.0966151e-02	
   1.7346770e-02	
  -1.1908856e-02	
  -1.2719432e-03	
  -9.2376067e-03	
  -2.4900693e-02	
  -1.4832369e-02	
  -2.0110632e-02	
  -2.5641011e-02	
  -1.2418802e-04	
   8.5387474e-03	
  -5.4561191e-03	
  -1.7718394e-02	
  -3.0409791e-02	
  -8.0148566e-03	
  -7.8432333e-03	
  -1.7139179e-02	
  -4.8186402e-02	
  -1.0058798e-01	
  -1.0257263e-01	
  -9.2439976e-02	
  -7.9673588e-02	
  -7.8691967e-02	
  -8.9913651e-02	
  -6.0867247e-02	
  -3.1949592e-02	
  -3.1600960e-02	
  -2.5212390e-02	
   2.2623165e-03	
   1.4181239e-02	
   2.3697057e-02	
   2.4571375e-02	
   2.8363740e-02	
   1.8949781e-02	
  -1.8145343e-03	
   5.4591068e-03	
   2.4158202e-02	
   4.3479528e-02	
   3.3545255e-02	
   1.6015474e-02	
   1.3762543e-02	
   2.2296740e-02	
   3.0498358e-02	
   2.5477567e-02	
   8.9079520e-03	
  -1.2408866e-02	
   1.3896473e-02	
   5.7297075e-02	
   8.5490570e-02	
   8.5404726e-02	
   5.1321436e-02	
   1.2372935e-02	
  -1.7284991e-02	
  -1.7183100e-02	
  -5.9346949e-03	
   2.2902482e-02	
   3.4982324e-02	
   2.6877196e-02	
   1.6031033e-02	
   1.5290762e-02	
   3.3689469e-02	
   5.1744882e-02	
   3.8838914e-02	
   2.9087022e-02	
   4.2459598e-02	
   3.0889287e-02	
   1.2200859e-02	
   2.2607117e-02	
   2.5471497e-02	
   1.6347196e-02	
   6.4119190e-04	
  -1.4195835e-02	
  -1.8294012e-02	
  -1.1980534e-02	
   4.6406166e-04	
  -2.5612991e-03	
  -2.0230554e-02	
  -2.1496500e-02	
  -3.5430098e-03	
   2.3949785e-03	
   2.6104107e-02	
   2.1598265e-02	
   1.6974414e-02	
   3.6510302e-02	
   4.4534916e-02	
   3.6815992e-02	
   9.9044590e-03	
   1.6437747e-03	
  -3.7578660e-03	
  -2.5101498e-02	
  -1.5011730e-02	
   2.2574226e-02	
   2.7653971e-02	
   1.4678272e-02	
   2.3791780e-02	
   1.2462855e-02	
  -1.9450502e-03	
   1.1851290e-02	
   3.8719854e-02	
   5.7526200e-02	
   4.5440961e-02	
   5.2725346e-02	
   5.8309309e-02	
   2.2745518e-02	
  -1.3520935e-02	
  -2.6931126e-02	
  -3.1377962e-02	
  -4.7507736e-02	
  -4.5812717e-02	
  -4.4047971e-02	
  -4.1918465e-02	
  -4.4053389e-02	
  -5.6127935e-02	
  -5.9679013e-02	
  -4.8993791e-02	
  -4.4520188e-02	
  -3.6270288e-02	
  -2.8159857e-02	
  -2.8551464e-02	
  -1.4513739e-02	
  -1.5629496e-02	
  -2.7950783e-02	
  -4.0491990e-02	
  -3.1603768e-02	
  -9.5414086e-03	
  -6.8969541e-03	
  -2.7312608e-02	
  -1.5458062e-02	
   3.3858625e-03	
   2.0427462e-02	
   4.1288270e-02	
   3.6830704e-02	
   2.2025855e-02	
   1.7380550e-02	
   2.4579091e-02	
   1.5116856e-02	
  -2.8340133e-04	
   1.0927461e-02	
   9.8814360e-03	
   1.2291726e-03	
   1.5170345e-02	
   2.9245616e-02	
   2.3028632e-02	
   2.2749668e-02	
   3.0806463e-02	
   1.1077407e-02	
   9.0712172e-03	
   1.7020729e-02	
   1.4070463e-02	
   1.7101128e-02	
   2.6852963e-02	
   3.2453011e-02	
   4.3776518e-02	
   3.5215448e-02	
   1.6505564e-02	
   1.7567616e-02	
   1.5148390e-02	
  -5.0741563e-03	
  -2.8997907e-02	
  -2.3923537e-02	
  -1.5888198e-02	
  -3.4190416e-02	
  -4.4940025e-02	
  -3.4045645e-02	
  -6.1203624e-03	
  -1.4541975e-02	
  -3.0795117e-02	
  -1.8489989e-02	
  -8.4002147e-03	
   1.5137260e-02	
   2.4588706e-02	
   1.4756351e-02	
   2.3177901e-02	
   3.5445478e-02	
   3.5472267e-02	
   2.3220717e-02	
   6.5974549e-03	
  -8.8939920e-03	
  -2.5742540e-02	
  -1.8758564e-02	
   1.0266347e-02	
   1.4595122e-02	
   2.3429702e-02	
   3.6893466e-02	
   2.9008264e-02	
   1.2057793e-02	
  -1.2075666e-03	
  -2.0555775e-02	
  -3.7179037e-02	
  -3.3102379e-02	
  -4.2097947e-02	
  -3.3858778e-02	
  -2.7797412e-02	
  -2.9648043e-02	
  -2.7593639e-02	
  -3.0881839e-02	
  -2.8108651e-02	
  -1.3845640e-02	
   7.6603589e-04	
   1.2996066e-02	
   1.5855081e-02	
   2.3573937e-02	
   4.0873009e-02	
   3.6367172e-02	
   2.7065851e-02	
   1.6632720e-02	
   1.6192836e-02	
   1.3323028e-02	
   2.8308889e-03	
  -8.2206857e-04	
   8.6776534e-03	
   7.3902474e-03	
   2.9892754e-04	
  -9.9679157e-03	
  -3.5500892e-02	
  -6.3850035e-02	
  -6.3453063e-02	
  -4.3375433e-02	
  -4.6443701e-02	
  -3.2169965e-02	
  -1.6303096e-02	
  -2.8763847e-02	
  -2.5089495e-02	
  -1.1641816e-02	
  -6.0260717e-04	
   1.8085758e-02	
   3.2080566e-02	
   2.3787693e-02	
   6.0487054e-03	
   4.6468665e-04	
  -3.8105023e-03	
  -2.2970967e-02	
  -2.3330388e-02	
  -9.9792667e-03	
  -8.4719980e-03	
  -1.6811239e-03	
   1.0752744e-02	
   3.8983775e-02	
   3.4284822e-02	
   3.7283311e-02	
   3.5604325e-02	
   2.4087655e-02	
   9.0414245e-03	
  -9.3607907e-05	
  -4.7818292e-03	
  -2.1110068e-02	
  -4.9064086e-04	
  -5.7528147e-03	
  -1.3165980e-02	
  -1.9018209e-02	
  -2.8984667e-02	
  -2.7643683e-02	
  -7.6411178e-03	
   3.6739427e-04	
   2.1555412e-02	
   4.3725060e-02	
   2.8898756e-02	
   8.3758136e-03	
  -1.4603853e-02	
  -3.2857163e-03	
  -1.8841530e-02	
  -2.0509787e-02	
   1.3916550e-03	
  -9.2614030e-03	
  -1.0902839e-02	
  -3.0363687e-02	
  -4.2727885e-02	
  -2.3814229e-02	
  -5.7534564e-03	
   1.6328250e-03	
  -2.4999191e-04	
   3.3653564e-03	
  -3.1442139e-04	
   2.0886487e-03	
  -2.2777289e-03	
  -6.8747621e-03	
   5.1728939e-03	
   5.5161673e-03	
  -8.4357934e-03	
  -1.2271128e-02	
  -4.7022143e-04	
   1.1008843e-02	
   2.2713195e-02	
   3.3950875e-02	
   4.4324947e-02	
   4.4882780e-02	
   4.4550175e-02	
   4.5794607e-02	
   3.8504820e-02	
   2.8409623e-02	
   3.4653359e-02	
   4.2087927e-02	
   2.6065436e-02	
   1.6528103e-02	
   4.7861392e-03	
  -1.6492067e-04	
   4.2979497e-03	
  -8.0501565e-03	
  -7.9268095e-03	
   4.3997775e-03	
   7.3177962e-03	
   1.1330035e-03	
  -5.8778554e-03	
  -2.6695815e-02	
  -4.2187257e-02	
  -4.4016432e-02	
  -3.9328268e-02	
  -2.7387894e-02	
  -3.1604084e-02	
  -4.1736822e-02	
  -4.3721557e-02	
  -3.3261668e-02	
  -2.7060838e-02	
  -1.3253769e-02	
  -5.5563642e-03	
  -1.1687520e-02	
  -4.0437607e-03	
   9.5380211e-03	
   1.2477493e-02	
  -5.0630209e-03	
  -2.5355299e-02	
  -8.7911011e-03	
  -4.7519929e-03	
  -2.6047357e-02	
  -2.8353925e-02	
  -2.8606068e-02	
  -2.9346340e-02	
  -2.3215247e-02	
  -6.5402367e-04	
   1.9042783e-02	
   2.9770885e-02	
   2.9931772e-02	
   3.0752453e-02	
   2.4771486e-02	
   1.4343725e-02	
  -7.1340170e-03	
  -1.9523584e-03	
   1.5824116e-02	
   1.4306059e-02	
   1.6800319e-02	
   1.0250772e-02	
  -1.3409991e-03	
   1.2278329e-02	
   7.6008420e-03	
   1.1156560e-03	
  -5.8201058e-03	
  -1.5722198e-02	
  -4.2431284e-03	
   1.8826029e-03	
  -3.0148148e-03	
  -1.7540722e-02	
  -1.6880976e-02	
  -9.2962189e-03	
   8.4183249e-04	
   6.4333429e-04	
   1.0456107e-03	
  -1.0374508e-02	
  -1.1774557e-02	
  -5.4342585e-03	
  -7.4073477e-04	
   1.3801209e-02	
   7.5091392e-03	
   5.5728438e-04	
   1.5737552e-02	
   3.0713992e-02	
   3.0987528e-02	
   3.0445732e-02	
   2.9887841e-02	
   3.4779841e-02	
   4.2729352e-02	
   2.0350456e-02	
   1.9014774e-02	
   2.8294576e-02	
   1.7459139e-02	
   1.5646059e-02	
   1.6107346e-02	
   1.4578558e-02	
   2.6917661e-03	
   1.3634425e-02	
   8.1094156e-03	
  -4.0241230e-03	
  -1.2553011e-02	
  -1.9424402e-02	
  -1.6259633e-02	
  -7.7951675e-03	
   5.8831680e-03	
   2.7773452e-03	
   2.4983869e-03	
   1.8063960e-03	
  -1.3691564e-03	
  -1.4119560e-02	
  -2.7316821e-03	
   1.1035959e-03	
   3.5817665e-03	
   1.7919884e-02	
   7.7817755e-03	
   2.1012048e-03	
  -9.0668040e-03	
  -1.3722835e-02	
  -1.3433204e-02	
  -1.3132842e-02	
  -1.4093034e-02	
  -1.2054715e-02	
  -2.5759924e-02	
  -2.3710881e-02	
  -1.5820371e-02	
  -2.8908713e-02	
  -2.6865029e-02	
  -2.8935581e-02	
  -2.7444397e-02	
  -1.6678750e-02	
   8.2426620e-03	
   1.5532396e-02	
   1.6696371e-02	
   1.5360699e-02	
   5.2225904e-03	
  -1.6831879e-04	
   5.1152574e-03	
   1.4180497e-02	
   1.8246430e-02	
   4.1013724e-03	
  -1.1422253e-02	
  -1.3889751e-02	
  -1.1406210e-02	
  -2.7057256e-03	
   8.0921102e-03	
   6.6866961e-03	
   4.6429641e-03	
   1.4577185e-02	
   1.7918974e-02	
   1.2511973e-02	
   1.0704253e-02	
   1.4705819e-02	
   3.6933742e-03	
   3.6226651e-04	
   6.3968122e-03	
   1.8648304e-02	
   1.9302701e-02	
   7.5821953e-03	
   1.3235891e-02	
   1.1605196e-02	
  -3.5697647e-03	
  -1.2989086e-02	
  -1.1009769e-02	
   1.4026474e-03	
  -4.2115805e-04	
  -8.3957911e-04	
  -1.1970035e-02	
  -2.2274427e-02	
  -2.3894397e-02	
  -1.5172454e-02	
  -1.2077412e-02	
  -1.2946417e-02	
  -3.4842314e-03	
   5.2538037e-03	
   9.9258777e-03	
   7.9679742e-03	
   5.8008648e-03	
   9.9097138e-03	
   3.6927420e-03	
  -6.2629821e-03	
  -5.1150965e-03	
  -5.4101414e-03	
  -9.3956697e-03	
  -1.1332118e-02	
  -1.6283166e-02	
  -2.6619745e-02	
  -3.1838996e-02	
  -7.6470985e-03	
   9.3676865e-03	
   8.1875740e-03	
   1.1207514e-02	
   1.4109450e-02	
   7.7905650e-03	
   1.4871098e-02	
   2.4703406e-02	
   1.2977546e-02	
   9.0349337e-03	
   3.0968923e-03	
  -6.4350682e-03	
  -3.1308298e-03	
   7.7474645e-03	
  -1.2802730e-03	
  -6.1347696e-03	
  -4.1983674e-03	
  -6.1616376e-03	
  -4.9064675e-03	
  -6.8858292e-03	
  -1.9019360e-02	
  -4.4935012e-03	
  -1.7008799e-04	
   4.4858974e-03	
   1.1609351e-02	
   5.0276237e-03	
  -3.9518396e-03	
  -9.4285658e-03	
  -4.5580209e-03	
  -1.5146701e-02	
  -2.0521511e-02	
  -1.9164426e-02	
  -7.3420500e-03	
  -4.6171317e-03	
  -4.5742407e-03	
  -6.3068505e-03	
  -1.9218173e-02	
  -1.7737714e-02	
  -7.0096075e-03	
  -4.5260680e-03	
  -5.6632684e-03	
  -4.2793619e-03	
  -5.4272943e-03	
  -2.9812996e-03	
  -1.0458826e-02	
  -1.9599207e-02	
  -7.3852557e-03	
  -3.9361842e-03	
  -4.9821963e-03	
  -2.9921489e-03	
  -1.0909529e-02	
  -1.9400858e-02	
  -1.8360251e-02	
  -7.1332859e-03	
  -3.9416867e-03	
  -3.8451531e-03	
  -6.1064287e-04	
  -4.2260407e-03	
  -6.3394993e-03	
   1.9372285e-03	
   2.9563814e-03	
  -1.0963381e-02	
  -1.7604110e-02	
  -2.0624097e-02	
  -1.8575043e-02	
  -5.7764110e-03	
  -3.5181557e-03	
  -4.1350417e-03	
  -3.3036303e-03	
  -4.1887195e-03	
  -3.0515559e-03	
  -4.7037061e-03	
   9.0172180e-04	
   2.3184018e-02	
   2.5297444e-02	
   2.6799363e-02	
   2.2250621e-02	
  -8.3632475e-04	
  -2.9497833e-03	
  -3.8348714e-03	
  -2.7888967e-03	
  -4.7038849e-03	
   7.5134997e-04	
   1.1527737e-02	
   9.8380357e-03	
   1.3008180e-02	
   5.3590142e-03	
  -3.1805937e-03	
  -5.6749035e-03	
  -2.0367088e-02	
  -9.4512311e-03	
  -4.6235942e-03	
   1.3895042e-03	
   7.2094980e-03	
  -3.5921340e-04	
   1.5040996e-02	
   1.3957436e-02	
   8.4109820e-03	
   1.3624836e-02	
   2.5801242e-02	
   2.3333755e-02	
   1.4375754e-02	
   1.0781817e-02	
   1.5748924e-02	
   2.6938343e-02	
   3.3149914e-02	
   3.1519219e-02	
   2.5355904e-02	
   2.8445586e-02	
   2.5457790e-02	
   2.8971233e-02	
   3.7832650e-02	
   4.4135403e-02	
   3.6614981e-02	
   2.9282288e-02	
   1.5400081e-02	
   1.8611721e-03	
  -1.0862400e-02	
  -1.4349054e-02	
  -2.3442963e-03	
  -1.2970518e-02	
  -2.4127783e-02	
  -2.9336303e-02	
  -1.0921485e-02	
  -2.9719594e-03	
  -2.1995479e-03	
  -4.6509383e-03	
  -1.3029614e-02	
   7.9867682e-03	
   1.0320125e-02	
   1.7867347e-02	
   2.2265864e-02	
   4.4410711e-03	
   1.3892538e-02	
   5.2402913e-03	
   2.2042193e-03	
   2.1606023e-02	
   2.6873519e-02	
   2.9212236e-02	
   2.1563070e-02	
   1.2551438e-02	
   3.6792653e-03	
  -1.6311686e-03	
  -1.2127835e-03	
  -1.5775513e-03	
  -2.0764202e-03	
  -1.5239330e-03	
  -2.4358345e-03	
  -7.2470965e-04	
  -2.9025290e-03	
   7.1175322e-03	
   1.0867002e-02	
  -1.6152497e-04	
   1.4739835e-02	
   2.6648038e-02	
   2.8203610e-02	
   2.9142309e-02	
   1.7840221e-02	
   1.5394195e-02	
   2.9335388e-02	
   2.4604276e-02	
   1.5136691e-02	
   8.8017263e-03	
  -1.0991669e-02	
  -1.5046914e-02	
  -1.7820144e-02	
  -1.1807043e-02	
  -3.4552014e-03	
  -2.2067967e-04	
  -1.2965700e-02	
  -8.0537911e-04	
   4.9556164e-03	
  -1.3984899e-02	
  -1.4376479e-02	
  -1.7755851e-02	
  -1.7664663e-02	
  -1.5433224e-02	
  -1.7230193e-02	
  -1.1479924e-02	
  -1.8299829e-03	
  -1.9319070e-03	
   8.7908486e-03	
  -1.0951262e-03	
  -2.1679453e-03	
  -1.1533607e-02	
  -1.9381233e-02	
  -1.6720667e-02	
  -2.0598891e-02	
  -1.5862429e-02	
  -6.0086505e-03	
  -4.8392894e-03	
  -5.9067433e-03	
  -4.6837423e-03	
  -6.0784087e-03	
   5.1807592e-03	
   1.1563994e-02	
   6.0550963e-03	
  -4.4370193e-03	
  -1.3634157e-03	
   9.5739048e-03	
   1.2202290e-02	
   9.7562743e-03	
  -3.0745673e-03	
   1.0480413e-02	
   2.5898762e-03	
  -1.5189996e-03	
   1.0442862e-02	
   8.8497291e-03	
   9.4558599e-03	
   1.6890454e-02	
   2.3922732e-02	
   1.1279639e-02	
   3.8772302e-03	
  -1.1866297e-02	
  -2.8602176e-02	
  -4.6024653e-02	
  -4.5064487e-02	
  -3.8767078e-02	
  -2.7502546e-02	
  -2.4874156e-02	
  -8.9858000e-03	
  -2.0768921e-03	
  -6.7919066e-03	
   5.2718718e-03	
   3.7109311e-03	
   8.1738296e-03	
   3.3032621e-03	
   4.3707113e-03	
   3.5607386e-03	
   2.7454012e-03	
   1.2261249e-02	
   1.7764782e-02	
   1.6675878e-02	
   1.4975467e-02	
   1.0593035e-02	
   3.1155296e-03	
   1.3847665e-04	
  -1.1748284e-02	
  -2.5147713e-02	
  -2.9143935e-02	
  -2.7464985e-02	
  -3.0157737e-02	
  -2.1548416e-02	
  -1.4306926e-02	
  -6.2286395e-03	
   1.9569199e-03	
   2.3699561e-03	
   8.0365383e-04	
  -1.1941352e-02	
  -2.7904805e-02	
  -2.1188995e-02	
  -1.3486193e-02	
  -1.3840217e-02	
  -5.2124170e-04	
   9.3778857e-04	
  -1.0573484e-02	
  -1.1243986e-02	
   3.3730907e-03	
  -5.7672639e-03	
  -2.5810073e-03	
   1.4474110e-03	
   1.7746256e-03	
  -9.8249594e-04	
  -1.2080737e-02	
  -1.1844710e-02	
  -1.2794140e-02	
  -1.4591093e-02	
  -4.2223519e-03	
   1.1953602e-03	
   2.7133984e-03	
   1.3709738e-02	
   2.3617169e-02	
   2.0752767e-02	
   1.5978765e-02	
   1.7400248e-02	
   1.6949671e-02	
   1.7577279e-02	
   9.9925062e-03	
   1.7459292e-02	
   8.1687432e-03	
   1.4046735e-03	
   2.0859209e-03	
   1.3242350e-03	
   1.6621826e-03	
   1.9143055e-03	
  -7.0386111e-05	
  -1.4382097e-03	
   1.7587841e-03	
   1.4369526e-03	
   7.3963753e-04	
  -1.1533328e-02	
  -1.3083524e-02	
  -1.1688861e-02	
  -2.0260615e-02	
  -2.8472980e-02	
  -2.5093608e-02	
  -1.5910317e-02	
  -2.5174039e-02	
  -2.5780159e-02	
  -2.6965606e-02	
  -1.8817576e-02	
  -7.6603116e-03	
  -8.6043711e-03	
   2.5260761e-03	
   2.5690056e-03	
   7.6541521e-03	
   1.8789967e-02	
   1.6204503e-02	
   7.9975039e-03	
   8.9630558e-03	
   6.3239560e-03	
   7.3109634e-03	
   2.3599495e-03	
  -1.0583514e-02	
   1.4963732e-03	
   3.1914361e-03	
   8.0352076e-03	
   1.9310486e-02	
   2.0528144e-02	
   2.0630083e-02	
   2.2400247e-02	
   1.9696780e-02	
   9.4728971e-03	
   1.9739596e-03	
  -7.6652402e-03	
  -3.7709077e-03	
  -1.5030055e-02	
  -1.4010862e-02	
  -8.3463839e-03	
  -7.1555409e-03	
   5.8362435e-03	
   3.3366147e-03	
   5.1818764e-03	
   2.5535107e-03	
   4.8225342e-03	
   1.8800844e-04	
  -2.5422742e-03	
   1.2267930e-02	
   4.3559627e-03	
   1.5505838e-03	
  -3.3217573e-04	
  -2.3601452e-02	
  -1.8763041e-02	
  -1.5153003e-02	
  -2.6535511e-02	
  -1.2841033e-02	
  -1.5726874e-02	
  -2.1133817e-02	
  -9.2845733e-03	
  -2.2539142e-02	
  -1.5914493e-02	
  -1.8237104e-02	
  -2.4191182e-02	
  -1.3913610e-02	
  -7.7395430e-03	
   1.5993235e-03	
   6.3680085e-03	
   1.7503833e-02	
   1.5841005e-02	
   1.6940672e-02	
   1.5798158e-02	
   1.6313143e-02	
   1.6077158e-02	
   1.6436585e-02	
   1.6806736e-02	
   1.6517115e-02	
   1.6227489e-02	
   1.3154297e-03	
  -1.0710764e-02	
  -1.4090088e-02	
  -8.2324944e-03	
  -8.2914590e-03	
  -1.4669293e-02	
  -7.9242742e-04	
   1.2459541e-03	
   3.1341431e-03	
  -3.1846849e-03	
  -1.6820097e-02	
  -1.1879757e-02	
  -1.3746405e-02	
  -1.2078143e-02	
  -1.4255915e-02	
  -1.1536290e-02	
  -8.8858653e-04	
   2.1904276e-03	
   2.7013487e-04	
  -1.0677874e-02	
  -1.4513140e-02	
  -2.6464228e-02	
  -2.6904037e-02	
  -1.5253248e-02	
  -1.2549718e-02	
  -1.3284551e-02	
  -1.2297517e-02	
  -1.3751129e-02	
  -1.0940321e-02	
  -2.9746368e-03	
  -1.5262937e-03	
   1.8423844e-03	
   6.4716200e-03	
   1.8669544e-02	
   1.2221989e-02	
   5.2863053e-03	
   1.4421358e-02	
  -1.3130017e-04	
  -1.1878553e-02	
  -1.3235607e-02	
  -1.2506039e-02	
  -1.3551985e-02	
  -1.1325848e-02	
  -2.7582477e-04	
   2.2560655e-03	
   1.1672135e-03	
   2.6048351e-03	
   6.8455428e-04	
   3.5597466e-03	
  -5.0495206e-03	
  -1.2553790e-02	
  -3.7194717e-04	
   2.0204807e-03	
   1.3017522e-03	
   2.3638940e-03	
   9.5856662e-04	
   3.0935207e-03	
   1.3285298e-02	
   1.7426412e-02	
   1.1407993e-02	
   1.5328140e-03	
   7.0954086e-03	
   9.9384176e-03	
   6.2748276e-03	
   2.0372780e-03	
   1.2702790e-03	
   2.8634683e-03	
  -4.9036324e-03	
  -1.3684542e-02	
  -1.1517396e-02	
   1.3877747e-04	
   1.2384749e-03	
   1.2696178e-02	
   1.6338444e-02	
   1.7030476e-02	
   1.3458073e-02	
   2.2311573e-03	
   1.1476841e-03	
   4.6558495e-03	
   1.0041435e-02	
  -1.0030994e-03	
   5.4606690e-03	
   1.4654739e-02	
   4.6937457e-03	
   8.3169174e-04	
   2.7145492e-03	
   9.6958790e-05	
   8.5454276e-03	
   1.6693515e-02	
   1.5964074e-02	
   1.6827766e-02	
   7.3495403e-03	
  -2.7830986e-03	
  -1.2620718e-02	
  -1.2969303e-02	
  -1.3049687e-02	
  -1.3199802e-02	
  -1.2883244e-02	
  -1.3360568e-02	
  -1.3237116e-02	
  -1.3623247e-02	
  -7.2259618e-04	
  -4.0160510e-03	
   8.8738725e-03	
   1.3948363e-02	
   6.8142353e-03	
   7.8549474e-03	
  -5.3436077e-04	
   2.6627051e-03	
  -6.5756522e-04	
   5.7150268e-03	
   1.5869288e-02	
   1.5461702e-02	
   1.6191306e-02	
   1.6266482e-02	
   1.6395310e-02	
   1.6427585e-02	
   1.6175563e-02	
   1.6921257e-02	
   5.5280759e-03	
   8.9361982e-04	
   1.4837587e-03	
   8.4552764e-04	
   1.4624883e-03	
   1.5430426e-03	
   1.7898838e-03	
   1.2321166e-03	
   8.4307859e-03	
   2.2640287e-02	
   2.1122351e-02	
   1.5677924e-02	
   1.6450445e-02	
   2.9116509e-03	
   2.6757320e-03	
  -4.4068906e-04	
  -2.6076697e-03	
   2.2576367e-03	
   1.2814791e-03	
   1.8233522e-03	
   4.7468696e-03	
   2.4565189e-03	
   1.4320876e-03	
   1.3356397e-03	
   1.0782705e-03	
   1.2929396e-03	
  -9.2634333e-03	
  -1.3779864e-02	
  -1.1816506e-02	
  -1.1977320e-02	
  -1.2830097e-02	
  -1.3189382e-02	
  -1.2727953e-02	
  -1.3296433e-02	
  -1.2261060e-02	
  -7.4430052e-04	
   2.4474307e-03	
  -8.2698562e-03	
  -1.3907366e-02	
  -1.1772348e-02	
  -1.4464995e-02	
  -9.9966142e-03	
  -1.4555945e-02	
  -2.2292127e-03	
  -3.9348650e-03	
  -5.7746174e-03	
  -8.4511631e-03	
  -1.2833485e-02	
   3.4412093e-03	
  -2.5503252e-03	
   1.0237727e-02	
   1.6594264e-02	
   1.6733859e-02	
   1.5902553e-02	
   2.2661400e-02	
   3.2531401e-02	
   3.0053336e-02	
   3.2740865e-02	
   2.9163160e-02	
   2.3691945e-02	
   1.5426055e-02	
   2.4827084e-03	
   2.4184738e-03	
   1.5228094e-03	
   2.6547620e-03	
   5.5218533e-04	
   7.6382459e-03	
   1.6886031e-02	
   1.5555882e-02	
   1.6988227e-02	
   1.6580698e-02	
   1.6800766e-02	
   1.7069110e-02	
   1.5862340e-02	
   2.3398989e-02	
   3.2523401e-02	
   3.0860688e-02	
   2.3125858e-02	
   9.6568445e-03	
   1.5455547e-02	
   1.6743069e-02	
   1.7097241e-02	
   1.6105042e-02	
   2.5341139e-03	
   4.1595764e-03	
  -6.5362128e-03	
  -1.6547613e-03	
  -4.8086757e-03	
  -1.5338171e-02	
  -1.2237595e-02	
  -1.5075023e-02	
  -1.4415088e-02	
  -8.0853354e-03	
  -1.1550355e-02	
  -1.6211567e-02	
  -1.4232066e-02	
  -4.3137518e-03	
   4.4824168e-06	
  -1.3149127e-03	
  -6.1205518e-04	
  -1.2770328e-03	
  -1.9098250e-03	
   4.1463702e-03	
   1.4043232e-02	
   1.1602755e-02	
   1.2970765e-02	
   1.0009975e-02	
  -2.4881210e-03	
   2.0607775e-03	
   1.2928543e-02	
   5.8535226e-03	
   8.8575770e-03	
   4.4484904e-03	
  -6.1721787e-03	
   5.1032636e-03	
   1.0757168e-02	
   1.0070749e-02	
   1.1288575e-02	
  -1.2899713e-03	
  -5.3181966e-03	
  -5.5862147e-03	
  -5.8595927e-03	
  -7.1360579e-03	
  -6.7818390e-03	
  -8.7717180e-03	
  -7.3285949e-03	
  -1.9097156e-02	
  -1.7814952e-02	
  -1.7546555e-02	
  -2.6332701e-02	
  -2.2631303e-02	
  -2.6680966e-02	
  -1.2755658e-02	
  -1.8634476e-02	
  -1.8715795e-03	
   4.7800602e-03	
   3.0530334e-03	
   9.0180754e-03	
   8.2565799e-03	
   7.0498728e-03	
  -5.8236721e-03	
  -1.6959260e-02	
  -2.0322315e-02	
  -2.0740501e-02	
  -1.6411495e-02	
  -5.3720433e-03	
  -7.7856574e-03	
  -5.9241118e-03	
   5.4747342e-03	
   4.9278184e-03	
   2.4122902e-03	
   8.5275383e-03	
   5.4595171e-03	
   8.8712793e-03	
   4.8323641e-03	
   4.3873702e-03	
   9.4244472e-03	
   6.4529838e-03	
   7.7405844e-03	
   1.1168453e-02	
   3.4229724e-03	
  -5.2934010e-03	
   8.5353862e-03	
   8.0957659e-03	
   1.1078423e-02	
   1.9865668e-03	
  -8.6282989e-06	
   9.4001723e-03	
   6.3858136e-03	
   8.5209475e-03	
   6.1019945e-03	
   8.0493938e-03	
  -6.9751019e-03	
  -3.6062265e-03	
   3.9680767e-03	
   5.3361595e-03	
   4.7624534e-03	
   5.2293763e-03	
   3.9047042e-03	
   5.3586145e-03	
  -4.5577316e-04	
  -1.1124642e-02	
  -1.0421691e-02	
  -1.0947112e-02	
   1.7820680e-03	
   2.9735658e-03	
   4.2956805e-03	
  -4.4698491e-03	
   8.5364172e-04	
  -1.6786885e-03	
  -1.3877132e-02	
  -6.6335333e-03	
   1.7623641e-03	
   3.9587838e-03	
   2.1662905e-03	
   7.6325440e-03	
   1.0477220e-02	
   6.1185898e-03	
   3.0335099e-03	
   3.0992556e-03	
   3.0250434e-03	
   2.7583188e-03	
   3.3729461e-03	
  -7.5399943e-03	
  -1.1786140e-02	
  -1.2204194e-02	
  -2.5146103e-02	
  -2.4094266e-02	
  -2.6066456e-02	
  -1.8041863e-02	
  -9.6296977e-03	
  -8.3707430e-03	
   5.0275985e-03	
   3.6786867e-03	
   6.1711530e-03	
   7.1160331e-05	
  -9.1057280e-03	
   2.0958228e-03	
  -7.8759821e-04	
  -9.2601038e-03	
  -1.1161073e-02	
  -9.7753155e-03	
   1.8893115e-03	
  -9.5156346e-04	
  -1.1479787e-02	
  -1.0518091e-02	
  -1.1304750e-02	
  -1.0748142e-02	
  -1.0903249e-02	
  -1.0795087e-02	
  -1.0517738e-02	
  -1.0335148e-02	
  -9.6388869e-03	
  -1.0793404e-02	
  -2.5839003e-03	
   5.6342280e-03	
  -1.7387135e-03	
  -9.4558967e-03	
  -9.3208515e-03	
  -5.9000105e-03	
  -1.1996450e-02	
  -2.1718803e-02	
  -2.2978100e-02	
  -1.1814760e-02	
  -1.1601514e-02	
  -1.1530725e-02	
  -7.1827036e-03	
  -8.7383644e-03	
  -7.3031891e-03	
  -8.1647456e-03	
  -6.7627294e-03	
  -7.4141594e-03	
  -6.6579344e-03	
  -7.0087028e-03	
  -6.6006951e-03	
  -6.5295852e-03	
  -6.7008508e-03	
  -5.7344362e-03	
  -7.5783713e-03	
   1.0797644e-03	
   8.8884585e-04	
  -8.9797037e-04	
  -4.8198532e-03	
  -6.5864984e-03	
  -5.7770896e-03	
  -5.9056860e-03	
  -5.6395984e-03	
   3.9005099e-03	
   5.5296749e-03	
   5.8335872e-03	
   5.9734506e-03	
   7.4680428e-03	
   1.5054178e-03	
  -4.3983526e-03	
   4.5011677e-03	
  -3.8968820e-03	
  -4.2900849e-03	
  -4.8212066e-03	
   2.2708330e-04	
  -5.4426482e-03	
  -4.9110237e-03	
  -5.8529282e-03	
  -6.4686323e-03	
  -8.8909517e-03	
  -1.0545095e-02	
  -3.0663465e-03	
  -5.4172004e-03	
  -3.0779679e-03	
  -5.0628520e-03	
  -1.5177856e-03	
   3.0183553e-03	
  -4.6189354e-03	
   3.8371768e-04	
   7.3020372e-03	
   6.6292411e-03	
   7.4865054e-03	
   6.4103462e-03	
   7.7389065e-03	
   5.5075882e-03	
   1.4639816e-02	
   1.2071237e-02	
   1.2883492e-02	
   1.6748566e-02	
   1.5510157e-02	
   1.5419332e-02	
   1.5883512e-02	
   1.2098947e-02	
   5.7326899e-03	
   3.0171129e-03	
   2.5854820e-03	
   6.0828954e-03	
   4.3973195e-03	
   5.6548051e-03	
   4.3175327e-03	
   5.7775314e-03	
  -7.2296228e-04	
  -4.0759772e-03	
  -3.5512359e-03	
  -3.6383141e-03	
  -3.4252541e-03	
  -3.1872491e-03	
  -3.4930303e-03	
  -2.9690717e-03	
  -3.7714495e-03	
   3.0343025e-04	
   5.7492221e-03	
   4.9305930e-03	
   5.5188551e-03	
   4.4883648e-03	
   2.8012404e-03	
  -3.6930160e-03	
   1.3316216e-03	
   1.2351800e-03	
  -1.1473491e-04	
   6.4374983e-03	
   3.4191778e-03	
   7.7428042e-03	
   6.1080645e-03	
   5.0571797e-03	
   2.8722340e-03	
  -2.4593130e-03	
   2.7206766e-04	
   1.9831894e-03	
   4.4001052e-03	
   2.4071569e-03	
   4.3432667e-03	
   3.8351591e-03	
   4.6220956e-03	
   3.3122194e-03	
   6.3782339e-03	
   5.9007311e-03	
   3.2976634e-03	
   3.8000418e-03	
   3.3757891e-03	
   3.0748629e-03	
  -2.0560419e-03	
  -9.4097718e-04	
   3.6801474e-03	
   1.7297436e-03	
  -5.7718453e-04	
   2.6223288e-03	
  -1.4512351e-03	
  -2.1582285e-03	
  -2.2406895e-03	
  -1.6256966e-03	
  -4.6346980e-03	
  -5.9149489e-03	
  -1.1332896e-03	
  -1.5295722e-03	
  -7.1884002e-04	
   2.3409882e-03	
   4.3000426e-03	
   3.2031291e-03	
   1.0428807e-03	
   3.6577335e-03	
   3.5980925e-03	
   3.6622724e-03	
   3.2916486e-03	
   3.5222307e-03	
   2.1622003e-03	
  -6.8121208e-04	
   2.3052671e-03	
   2.7185116e-03	
   2.3405254e-03	
   2.6912943e-03	
   1.0661773e-03	
  -1.3823811e-03	
  -1.1810110e-03	
  -1.2135009e-03	
  -1.0365503e-03	
  -1.0457769e-03	
  -1.2856955e-03	
   7.9239849e-04	
   2.3947134e-03	
   2.2634853e-03	
   2.2502648e-03	
   2.0886561e-03	
   2.0418947e-03	
   1.8914071e-03	
   1.8534709e-03	
   1.6870214e-03	
   1.6869009e-03	
   1.4470528e-03	
   1.7656579e-03	
   3.4115508e-03	
   3.5148435e-03	
   3.1437884e-03	
   2.9908686e-03	
   2.4629256e-03	
   3.5541852e-03	
   3.0103964e-03	
   1.1815375e-03	
   1.2826810e-03	
   1.7046971e-03	
   1.0794435e-03	
  -4.9168376e-04	
  -6.9530257e-04	
  -7.1896889e-04	
  -8.3695963e-04	
  -7.3265120e-04	
  -1.6169613e-03	
  -2.4836984e-03	
  -2.0872716e-03	
  -9.9382966e-04	
  -7.8033047e-04	
  -8.9132488e-04	
  -8.5096753e-04	
  -1.0295814e-03	
  -1.7962490e-03	
  -2.1460384e-03	
  -1.9712781e-03	
  -1.9362791e-03	
  -1.7395683e-03	
  -1.7799698e-03	
  -1.2939153e-03	
  -7.1803734e-04	
  -7.2002352e-04	
  -6.2671112e-04	
  -1.3023339e-03	
  -1.4633741e-03	
  -1.3987834e-03	
  -1.1994715e-03	
  -5.8320355e-04	
  -6.0996485e-04	
  -5.7877989e-04	
  -7.0837840e-04	
  -1.1921117e-03	
  -8.8507127e-04	
  -9.2213060e-04	
  -9.5124312e-04	
  -5.0618547e-04	
  -8.4409534e-04	
  -8.3543844e-04	
  -7.7900758e-04	
  -7.2714713e-04	
  -5.6887163e-04	
  -3.7698378e-04	
  -4.2035784e-04	
  -5.5812335e-04	
  -2.7515602e-04	
  -3.9592725e-04	
  -4.7422277e-04	
  -3.9427072e-04	
  -4.9429204e-04	
  -4.3042711e-04	
  -3.5753530e-04	
  -2.4651716e-04	
  -1.0648602e-04	
  -8.1947486e-05	
  -5.4084425e-05	
  -3.7425768e-05	
  -1.4783477e-05	
  -1.8697301e-06	
   2.1874220e-05	
   1.8251090e-05	
   3.0611701e-05	
   7.6968160e-05	
   8.4435151e-05	
   9.3340331e-05	
   9.5435441e-05	
   1.0056436e-04	
   1.0164871e-04	
   1.0257878e-04	
   1.0155103e-04	
   9.7479898e-05	
