  -9.6120459e-04	
  -9.2685722e-04	
  -8.4428439e-04	
  -7.6713322e-04	
  -7.8981212e-04	
  -9.6618494e-04	
  -1.1607705e-03	
  -1.2512771e-03	
  -1.3987527e-03	
  -1.7585343e-03	
  -2.0201484e-03	
  -1.7567056e-03	
  -1.1788464e-03	
  -6.9942000e-04	
  -1.0478663e-03	
  -2.4651493e-03	
  -3.9370128e-03	
  -4.7092177e-03	
  -4.4401759e-03	
  -3.8164804e-03	
  -3.6795673e-03	
  -4.3515997e-03	
  -6.0011633e-03	
  -7.4631332e-03	
  -6.8266099e-03	
  -3.5298945e-03	
   1.7700008e-03	
   7.2029895e-03	
   1.1429119e-02	
   1.4744040e-02	
   1.6668698e-02	
   1.8400514e-02	
   1.9135112e-02	
   1.3248245e-02	
  -2.9275515e-03	
  -2.2885128e-02	
  -3.5727798e-02	
  -3.6937825e-02	
  -2.7001626e-02	
  -1.0504908e-02	
   4.4179668e-03	
   1.2433867e-02	
   1.4450547e-02	
   1.4513226e-02	
   1.2484912e-02	
   7.8833676e-03	
   5.4240020e-03	
   5.6712657e-03	
   7.9689853e-03	
   1.1457548e-02	
   1.1638289e-02	
   8.3954923e-03	
   6.6609156e-03	
   8.7805507e-03	
   1.3354962e-02	
   1.4387952e-02	
   8.0917037e-03	
  -3.1309269e-03	
  -1.3143833e-02	
  -1.6545869e-02	
  -9.3494157e-03	
  -3.9038959e-04	
  -5.5384046e-03	
  -2.2562907e-02	
  -3.8552306e-02	
  -4.6389282e-02	
  -3.8409072e-02	
  -1.7608294e-02	
   8.6798875e-03	
   2.7890757e-02	
   3.3900723e-02	
   2.8660249e-02	
   1.9746376e-02	
   1.1110341e-02	
   2.4191617e-03	
  -4.4898656e-03	
  -5.0816405e-03	
   1.6853385e-03	
   1.3837631e-02	
   2.8948042e-02	
   3.7687387e-02	
   3.2285691e-02	
   1.0889892e-02	
  -2.4660272e-02	
  -5.9795018e-02	
  -7.3862550e-02	
  -6.3641134e-02	
  -5.0854238e-02	
  -5.0342646e-02	
  -6.2145926e-02	
  -7.6289908e-02	
  -7.9193581e-02	
  -6.9592778e-02	
  -5.2772766e-02	
  -3.1524288e-02	
  -5.0926732e-03	
   1.9676606e-02	
   3.2221519e-02	
   2.9459997e-02	
   1.3488297e-02	
  -7.0248042e-03	
  -2.2436915e-02	
  -2.5034583e-02	
  -1.5130200e-02	
   4.5082513e-03	
   2.8955412e-02	
   5.0614224e-02	
   6.5146361e-02	
   6.9230158e-02	
   6.4206625e-02	
   5.1926721e-02	
   3.7759032e-02	
   2.1222820e-02	
   4.8790573e-03	
  -7.1491573e-03	
  -1.4834597e-02	
  -1.5286300e-02	
  -5.3460154e-03	
   1.3021657e-02	
   2.9232140e-02	
   3.0309793e-02	
   1.4638770e-02	
  -1.0936626e-02	
  -3.6080929e-02	
  -4.5802836e-02	
  -4.3468470e-02	
  -3.0956334e-02	
  -7.7739753e-03	
   1.5909441e-02	
   2.6153753e-02	
   1.1892736e-02	
  -1.2063625e-02	
  -2.4325521e-02	
  -2.4917192e-02	
  -2.7211915e-02	
  -3.6774848e-02	
  -4.7652107e-02	
  -5.8667702e-02	
  -5.9140855e-02	
  -4.5033316e-02	
  -2.3122996e-02	
   3.2963245e-03	
   2.9470344e-02	
   5.0405204e-02	
   6.3866584e-02	
   6.8471526e-02	
   6.9163178e-02	
   6.2649681e-02	
   4.1034366e-02	
   1.2180352e-02	
  -1.2660194e-02	
  -2.9708745e-02	
  -3.9240823e-02	
  -3.1618381e-02	
  -9.7576219e-03	
   1.2494176e-02	
   3.2463007e-02	
   4.7817743e-02	
   4.8216339e-02	
   2.8095345e-02	
  -2.7783387e-03	
  -2.6753215e-02	
  -3.9366293e-02	
  -4.6563539e-02	
  -5.8797781e-02	
  -7.1845712e-02	
  -7.5420147e-02	
  -6.3406232e-02	
  -4.3788340e-02	
  -2.1672069e-02	
   9.7768977e-04	
   1.4003528e-02	
   9.4134755e-03	
  -1.4231609e-02	
  -4.2824233e-02	
  -6.0352682e-02	
  -5.9692706e-02	
  -4.6659181e-02	
  -2.9818316e-02	
  -8.2503287e-03	
   1.3299850e-02	
   2.8645451e-02	
   3.2692917e-02	
   2.6005220e-02	
   1.4601665e-02	
   1.3976639e-02	
   2.6224083e-02	
   3.9754160e-02	
   5.2594833e-02	
   6.0488433e-02	
   5.3309745e-02	
   3.6059722e-02	
   1.3180015e-02	
  -6.1323188e-03	
  -1.5592501e-02	
  -1.4281860e-02	
  -7.7256869e-04	
   2.8252033e-02	
   7.9389884e-02	
   1.3186593e-01	
   1.2678322e-01	
   6.6051147e-02	
   1.5563345e-02	
  -8.0577444e-03	
  -1.5189025e-02	
  -1.5269459e-02	
  -1.4594061e-02	
  -1.6729698e-02	
  -2.2804908e-02	
  -2.7688156e-02	
  -2.0564001e-02	
   1.1266022e-02	
   6.6772608e-02	
   1.2695508e-01	
   1.3133412e-01	
   8.1744954e-02	
   3.4323092e-02	
   5.6900918e-04	
  -2.5122275e-02	
  -4.0492918e-02	
  -4.3291256e-02	
  -4.1984086e-02	
  -4.7206954e-02	
  -5.8246966e-02	
  -5.8389939e-02	
  -4.6812398e-02	
  -4.0560150e-02	
  -4.6198801e-02	
  -5.8150223e-02	
  -6.0976915e-02	
  -5.2739131e-02	
  -4.3978093e-02	
  -4.1573127e-02	
  -4.3170992e-02	
  -4.4425206e-02	
  -3.9903524e-02	
  -2.7107494e-02	
  -1.4574915e-02	
  -7.3751429e-03	
  -5.8854349e-03	
  -6.2660009e-03	
  -6.4349644e-03	
  -7.0589912e-03	
  -7.7400598e-03	
  -3.1640586e-03	
   1.0592498e-02	
   2.7336359e-02	
   4.6221538e-02	
   7.9768813e-02	
   1.2334213e-01	
   1.4386645e-01	
   1.5397122e-01	
   1.6950809e-01	
   1.7799559e-01	
   1.6984276e-01	
   1.3197705e-01	
   6.1013171e-02	
  -1.4067401e-02	
  -7.0776102e-02	
  -1.0905436e-01	
  -1.3245698e-01	
  -1.3556350e-01	
  -1.1364379e-01	
  -7.0544251e-02	
  -2.6926819e-02	
  -4.2566240e-03	
  -8.2590382e-03	
  -3.3300244e-02	
  -6.0726908e-02	
  -7.1853166e-02	
  -5.8570213e-02	
  -2.6460374e-02	
   2.5600186e-03	
   1.2108875e-02	
   2.5421479e-03	
  -9.0945099e-03	
   1.8795052e-03	
   5.3166053e-02	
   1.2000255e-01	
   1.4599416e-01	
   1.4228175e-01	
   1.3783974e-01	
   1.3824662e-01	
   1.3957456e-01	
   1.3888517e-01	
   1.3818635e-01	
   1.4074221e-01	
   1.4394035e-01	
   1.2734078e-01	
   7.5003571e-02	
   1.2124895e-02	
  -4.6851006e-02	
  -9.7522851e-02	
  -1.2356895e-01	
  -1.1419761e-01	
  -8.2795717e-02	
  -5.7906925e-02	
  -5.6283486e-02	
  -7.7482478e-02	
  -9.7353418e-02	
  -9.6887105e-02	
  -8.0441777e-02	
  -6.9540894e-02	
  -8.1719753e-02	
  -1.1589054e-01	
  -1.4809425e-01	
  -1.5796959e-01	
  -1.4673795e-01	
  -1.2065780e-01	
  -9.6256584e-02	
  -7.7583876e-02	
  -6.4494773e-02	
  -5.8467238e-02	
  -5.2949915e-02	
  -4.5237709e-02	
  -3.1173788e-02	
  -6.1784883e-03	
   1.9951664e-02	
   3.5944394e-02	
   4.7907703e-02	
   7.7739127e-02	
   1.2295867e-01	
   1.4652793e-01	
   1.4784691e-01	
   1.2067777e-01	
   5.9583862e-02	
   1.3294756e-02	
  -1.2188731e-03	
  -7.3893880e-03	
  -2.3478385e-02	
  -5.2296012e-02	
  -8.7449418e-02	
  -1.1849109e-01	
  -1.3162568e-01	
  -1.1098959e-01	
  -5.3672803e-02	
   2.3725985e-02	
   7.7536303e-02	
   8.3659768e-02	
   4.6727066e-02	
  -3.8387595e-03	
  -3.2995853e-02	
  -2.8883599e-02	
   2.4236728e-03	
   5.8491179e-02	
   1.2275266e-01	
   1.6788626e-01	
   2.1101549e-01	
   2.5655279e-01	
   2.9288148e-01	
   3.1392539e-01	
   3.2038315e-01	
   3.1349332e-01	
   2.9442578e-01	
   2.6301690e-01	
   2.2156660e-01	
   1.7915643e-01	
   1.2000227e-01	
   1.2963643e-02	
  -1.0719433e-01	
  -2.0119343e-01	
  -2.4366359e-01	
  -2.2207285e-01	
  -1.4251304e-01	
   4.8401810e-03	
   1.8225427e-01	
   3.1683728e-01	
   3.7067586e-01	
   3.6544145e-01	
   3.4253229e-01	
   3.2869907e-01	
   3.1014217e-01	
   2.5235383e-01	
   1.1673939e-01	
  -1.1066779e-01	
  -3.5261858e-01	
  -5.4637506e-01	
  -6.7332380e-01	
  -7.3287766e-01	
  -7.3521258e-01	
  -7.0192062e-01	
  -6.5045317e-01	
  -5.8219331e-01	
  -4.9676353e-01	
  -3.9195908e-01	
  -2.6796376e-01	
  -1.2596732e-01	
   1.9813169e-02	
   1.5142739e-01	
   2.5344273e-01	
   3.1442716e-01	
   3.4077918e-01	
   3.3917508e-01	
   3.1010830e-01	
   2.6120081e-01	
   2.0940812e-01	
   1.6757996e-01	
   1.4889411e-01	
   1.5751503e-01	
   1.8383076e-01	
   2.1165460e-01	
   2.2420531e-01	
   2.0373622e-01	
   1.3169248e-01	
   1.9242817e-02	
  -8.4240831e-02	
  -1.4512628e-01	
  -1.5837283e-01	
  -1.5181720e-01	
  -1.4228073e-01	
  -1.3092808e-01	
  -1.2040440e-01	
  -1.1499682e-01	
  -1.0390905e-01	
  -8.1102882e-02	
  -6.0837525e-02	
  -6.1824452e-02	
  -9.4836838e-02	
  -1.5599135e-01	
  -2.2468235e-01	
  -2.6107430e-01	
  -2.3601187e-01	
  -1.6518522e-01	
  -9.6905299e-02	
  -5.3727197e-02	
  -5.5313931e-02	
  -9.8495317e-02	
  -1.4404727e-01	
  -1.5964675e-01	
  -1.4903546e-01	
  -1.1704429e-01	
  -6.8876150e-02	
  -9.8351075e-03	
   5.7303824e-02	
   1.2664159e-01	
   1.8493292e-01	
   2.4554479e-01	
   3.0650310e-01	
   3.5274799e-01	
   3.7093971e-01	
   3.6563710e-01	
   3.4200001e-01	
   3.0217220e-01	
   2.4774014e-01	
   1.9149638e-01	
   1.5482379e-01	
   1.4374834e-01	
   1.2045599e-01	
   5.6786821e-02	
  -1.1287089e-02	
  -7.2317894e-02	
  -1.2291967e-01	
  -1.5142683e-01	
  -1.5511769e-01	
  -1.3821901e-01	
  -1.1040040e-01	
  -9.6374608e-02	
  -1.1146691e-01	
  -1.6136412e-01	
  -2.3639169e-01	
  -2.9698995e-01	
  -3.2692721e-01	
  -3.3642711e-01	
  -3.3045097e-01	
  -3.0229946e-01	
  -2.4614639e-01	
  -1.5879931e-01	
  -5.5550764e-02	
   4.9308500e-02	
   1.3170415e-01	
   1.8174653e-01	
   2.2336225e-01	
   2.6330454e-01	
   2.8679198e-01	
   2.8539696e-01	
   2.5890489e-01	
   2.1600424e-01	
   1.7303455e-01	
   1.4724569e-01	
   1.1776485e-01	
   6.4134560e-02	
   3.0869033e-02	
   2.4752303e-02	
   1.6028343e-02	
  -1.1813254e-02	
  -5.4917397e-02	
  -8.2956669e-02	
  -7.6531014e-02	
  -3.3535080e-02	
   2.0634321e-02	
   4.8727306e-02	
   2.8777583e-02	
  -3.1694663e-02	
  -1.0038530e-01	
  -1.4550368e-01	
  -1.5531558e-01	
  -1.5275393e-01	
  -1.5370195e-01	
  -1.4666471e-01	
  -1.0991794e-01	
  -4.3974958e-02	
   4.1517035e-02	
   1.2109342e-01	
   1.6343436e-01	
   1.8907366e-01	
   2.0478286e-01	
   2.1163510e-01	
   2.1172177e-01	
   2.0428931e-01	
   1.8361281e-01	
   1.2573556e-01	
   1.2326246e-02	
  -1.1771829e-01	
  -2.2454343e-01	
  -2.8559699e-01	
  -3.0219030e-01	
  -2.9553102e-01	
  -2.7801217e-01	
  -2.6229998e-01	
  -2.6074392e-01	
  -2.7040775e-01	
  -2.7122944e-01	
  -2.3390562e-01	
  -1.3937201e-01	
  -1.9657489e-03	
   1.2573938e-01	
   2.0330145e-01	
   2.5207393e-01	
   2.8342291e-01	
   2.8134522e-01	
   2.4248922e-01	
   1.8918366e-01	
   1.3589677e-01	
   7.8056637e-02	
   1.8442592e-02	
  -3.0640504e-02	
  -5.0959564e-02	
  -4.0301513e-02	
  -1.2629657e-02	
   2.1232692e-02	
   7.2386273e-02	
   1.2817246e-01	
   1.3325190e-01	
   8.9578375e-02	
   4.5481931e-02	
   8.2559864e-03	
  -2.9345155e-02	
  -6.2613350e-02	
  -8.7344932e-02	
  -9.5880678e-02	
  -8.7081732e-02	
  -7.1836923e-02	
  -5.9414560e-02	
  -4.2263239e-02	
  -6.9843186e-03	
   5.4350497e-02	
   1.3241976e-01	
   1.9910155e-01	
   2.4144855e-01	
   2.4576899e-01	
   2.0557498e-01	
   1.3891512e-01	
   7.1999470e-02	
   2.3533330e-02	
  -1.9438019e-03	
   4.5718623e-03	
   3.1234433e-02	
   4.5172240e-02	
   2.3701605e-02	
  -2.4169729e-02	
  -7.6540306e-02	
  -1.1706360e-01	
  -1.4221271e-01	
  -1.5154822e-01	
  -1.4947481e-01	
  -1.4812858e-01	
  -1.6480773e-01	
  -1.9466485e-01	
  -1.9342807e-01	
  -1.6238828e-01	
  -1.3522510e-01	
  -1.1785469e-01	
  -1.1249778e-01	
  -1.1599317e-01	
  -1.2629172e-01	
  -1.3672779e-01	
  -1.3793640e-01	
  -1.3126909e-01	
  -1.0624426e-01	
  -5.2809060e-02	
   3.0821599e-02	
   1.2706033e-01	
   2.0242984e-01	
   2.5888744e-01	
   2.9394865e-01	
   2.9602672e-01	
   2.6470255e-01	
   2.1340920e-01	
   1.6762959e-01	
   1.2812329e-01	
   6.7144231e-02	
  -1.2202446e-02	
  -9.4048919e-02	
  -1.4633051e-01	
  -1.5744944e-01	
  -1.4853155e-01	
  -1.3369116e-01	
  -1.2218960e-01	
  -1.1698943e-01	
  -1.1475387e-01	
  -1.0221547e-01	
  -7.1885252e-02	
  -3.3330072e-02	
   5.8709547e-03	
   4.0037092e-02	
   5.7082022e-02	
   4.9437151e-02	
   2.3801828e-02	
  -7.0084795e-03	
  -3.2463679e-02	
  -4.1617211e-02	
  -3.0278733e-02	
  -9.7589747e-03	
   2.7537691e-05	
  -1.0712277e-02	
  -4.6099894e-02	
  -9.1227704e-02	
  -1.3062149e-01	
  -1.4981489e-01	
  -1.5170692e-01	
  -1.5189856e-01	
  -1.5476772e-01	
  -1.4312519e-01	
  -9.9397528e-02	
  -4.3916189e-02	
  -3.3335372e-03	
   1.4125265e-02	
   1.1146924e-02	
   2.5677102e-03	
   1.3567033e-02	
   6.1071810e-02	
   1.2161347e-01	
   1.5129043e-01	
   1.6687797e-01	
   1.8692907e-01	
   2.1155560e-01	
   2.3340339e-01	
   2.4850007e-01	
   2.5873359e-01	
   2.7106971e-01	
   2.8566025e-01	
   2.8520709e-01	
   2.5837541e-01	
   2.1170190e-01	
   1.6442576e-01	
   1.1794921e-01	
   5.5133993e-02	
   1.1271153e-02	
  -4.0603759e-03	
  -1.2461213e-02	
  -3.0828419e-02	
  -5.7292367e-02	
  -9.7564743e-02	
  -1.3617611e-01	
  -1.5184575e-01	
  -1.5258301e-01	
  -1.5207322e-01	
  -1.4823289e-01	
  -1.3125351e-01	
  -1.0766531e-01	
  -9.4665352e-02	
  -9.7096844e-02	
  -1.0602780e-01	
  -1.0266620e-01	
  -7.7806649e-02	
  -4.9293404e-02	
  -4.5979761e-02	
  -7.7573333e-02	
  -1.1897859e-01	
  -1.4516416e-01	
  -1.6937243e-01	
  -2.0672192e-01	
  -2.2575083e-01	
  -2.2861486e-01	
  -2.2892834e-01	
  -2.1103564e-01	
  -1.7017659e-01	
  -1.5067456e-01	
  -1.3875100e-01	
  -9.9753001e-02	
  -4.6995490e-02	
   4.3511239e-03	
   6.4125454e-02	
   1.2437067e-01	
   1.4646579e-01	
   1.4318061e-01	
   1.4111532e-01	
   1.4757989e-01	
   1.6153038e-01	
   1.8439066e-01	
   2.1656927e-01	
   2.5750035e-01	
   2.9729914e-01	
   3.2337136e-01	
   3.2215856e-01	
   2.8689526e-01	
   2.2507879e-01	
   1.4890269e-01	
   6.7770871e-02	
  -5.1625195e-03	
  -5.5497984e-02	
  -8.0887135e-02	
  -9.5354653e-02	
  -1.0441026e-01	
  -1.0478626e-01	
  -9.4597896e-02	
  -7.8764149e-02	
  -6.8127026e-02	
  -6.7973836e-02	
  -7.7877230e-02	
  -9.4721425e-02	
  -1.1419034e-01	
  -1.3363704e-01	
  -1.4789729e-01	
  -1.5143346e-01	
  -1.4968996e-01	
  -1.4973773e-01	
  -1.5311332e-01	
  -1.4948638e-01	
  -1.1893987e-01	
  -6.1227164e-02	
  -5.0381431e-03	
   2.9499445e-02	
   4.9680104e-02	
   8.1542800e-02	
   1.2521597e-01	
   1.4580971e-01	
   1.5409279e-01	
   1.6915822e-01	
   1.8236353e-01	
   1.8025215e-01	
   1.6878884e-01	
   1.5955000e-01	
   1.5956623e-01	
   1.6872671e-01	
   1.7752583e-01	
   1.7168217e-01	
   1.3700461e-01	
   7.0041122e-02	
  -4.3478173e-03	
  -5.5612202e-02	
  -7.2506042e-02	
  -6.6622479e-02	
  -4.8678379e-02	
  -3.1998737e-02	
  -3.3050433e-02	
  -5.8553541e-02	
  -1.0145685e-01	
  -1.5385692e-01	
  -2.1301332e-01	
  -2.6531562e-01	
  -3.0049327e-01	
  -3.1870310e-01	
  -3.1615414e-01	
  -2.9769940e-01	
  -2.6511438e-01	
  -2.1711535e-01	
  -1.6634252e-01	
  -1.1605139e-01	
  -2.0852335e-02	
   1.1161143e-01	
   2.1243710e-01	
   2.8548550e-01	
   3.3364360e-01	
   3.4756349e-01	
   3.2681451e-01	
   2.8665903e-01	
   2.4233714e-01	
   2.0455465e-01	
   1.7593376e-01	
   1.5386364e-01	
   1.2174969e-01	
   5.6832323e-02	
  -8.7804481e-03	
  -6.0255053e-02	
  -9.1585379e-02	
  -9.8938492e-02	
  -9.2119764e-02	
  -7.8165630e-02	
  -6.6936014e-02	
  -6.1723828e-02	
  -5.5910818e-02	
  -3.7099989e-02	
  -1.2056189e-02	
   2.7187489e-03	
   1.1714860e-02	
   1.3253414e-02	
   7.7358809e-03	
  -4.6097440e-03	
  -3.2286736e-02	
  -7.9129213e-02	
  -1.3019465e-01	
  -1.6935228e-01	
  -1.8952738e-01	
  -1.6787366e-01	
  -1.3297732e-01	
  -9.4592485e-02	
  -5.9848750e-02	
  -3.4314396e-02	
  -3.3695995e-03	
   5.4188612e-02	
   1.2436069e-01	
   1.5999653e-01	
   1.6693488e-01	
   1.6046630e-01	
   1.4976180e-01	
   1.2645537e-01	
   7.9172719e-02	
   4.2228177e-02	
   3.0566946e-02	
   3.2359892e-02	
   4.0797440e-02	
   5.6986894e-02	
   8.7548820e-02	
   1.1412876e-01	
   9.6211800e-02	
   6.6376298e-02	
   3.9333722e-02	
   7.6261993e-03	
  -3.1564295e-02	
  -8.0518889e-02	
  -1.2626018e-01	
  -1.4871255e-01	
  -1.5232195e-01	
  -1.5249008e-01	
  -1.4279108e-01	
  -1.0774993e-01	
  -5.6361905e-02	
  -6.2497285e-03	
   2.6790031e-02	
   3.8931207e-02	
   3.3834937e-02	
   2.5426396e-02	
   2.2686334e-02	
   2.2451124e-02	
   2.4349499e-02	
   3.4005835e-02	
   5.0438596e-02	
   6.0539795e-02	
   5.0200597e-02	
   1.5314840e-02	
  -3.2506168e-02	
  -7.3984922e-02	
  -9.4064967e-02	
  -9.8403510e-02	
  -1.0066286e-01	
  -1.0424176e-01	
  -1.1381471e-01	
  -1.2949620e-01	
  -1.4332877e-01	
  -1.4491197e-01	
  -1.2397601e-01	
  -8.7685383e-02	
  -4.5239575e-02	
  -3.6118305e-03	
   1.9819066e-02	
   1.7688691e-02	
   5.6910182e-03	
  -3.0194296e-03	
  -5.2390096e-03	
  -1.3458786e-03	
   1.2967599e-02	
   3.9429037e-02	
   8.1529981e-02	
   1.2811191e-01	
   1.4626744e-01	
   1.4646766e-01	
   1.4496571e-01	
   1.3013157e-01	
   9.6024827e-02	
   7.2913763e-02	
   6.3807170e-02	
   4.3043638e-02	
   6.3050050e-03	
  -3.1972548e-02	
  -5.3548434e-02	
  -5.3148895e-02	
  -4.6574212e-02	
  -4.2383634e-02	
  -3.9136299e-02	
  -2.6496594e-02	
  -7.1601527e-03	
  -2.9868288e-03	
  -2.2197311e-02	
  -5.5094919e-02	
  -8.7236564e-02	
  -1.1210508e-01	
  -1.2274324e-01	
  -1.1150302e-01	
  -7.6248305e-02	
  -2.8249066e-02	
   1.1784751e-02	
   3.0864256e-02	
   4.4604911e-02	
   7.9755620e-02	
   1.2621577e-01	
   1.4903947e-01	
   1.6378479e-01	
   1.8784136e-01	
   2.1044468e-01	
   2.2020787e-01	
   2.2191368e-01	
   2.1852633e-01	
   2.1171114e-01	
   2.0003707e-01	
   1.8586368e-01	
   1.6658650e-01	
   1.3452349e-01	
   8.3038726e-02	
   3.3772034e-02	
   5.2074984e-03	
  -3.0194315e-03	
  -1.6969283e-03	
  -6.8465984e-03	
  -2.7601126e-02	
  -5.6343086e-02	
  -8.8256333e-02	
  -1.2189374e-01	
  -1.4486812e-01	
  -1.5038047e-01	
  -1.5017484e-01	
  -1.5128791e-01	
  -1.4279378e-01	
  -1.1361001e-01	
  -8.0914294e-02	
  -6.1610095e-02	
  -5.1219414e-02	
  -4.7810316e-02	
  -4.7483281e-02	
  -4.9991036e-02	
  -5.7902437e-02	
  -6.6080919e-02	
  -6.5124772e-02	
  -5.3132045e-02	
  -3.3516961e-02	
  -7.9767525e-03	
   9.8090955e-03	
   1.2837147e-02	
  -2.5992298e-03	
  -2.9606180e-02	
  -5.6605306e-02	
  -7.8427028e-02	
  -9.2745359e-02	
  -9.2734378e-02	
  -7.7921286e-02	
  -5.4915522e-02	
  -2.4706605e-02	
   1.2854594e-02	
   6.6786500e-02	
   1.2572753e-01	
   1.4764660e-01	
   1.4640002e-01	
   1.5056381e-01	
   1.6172641e-01	
   1.6826739e-01	
   1.6042095e-01	
   1.4674336e-01	
   1.4056989e-01	
   1.4123782e-01	
   1.4519103e-01	
   1.4799209e-01	
   1.3005759e-01	
   8.0347012e-02	
   3.0870824e-02	
  -2.5475154e-03	
  -2.1116039e-02	
  -3.1433274e-02	
  -3.8180198e-02	
  -3.8228770e-02	
  -3.2692423e-02	
  -2.6874235e-02	
  -2.3795465e-02	
  -2.8964780e-02	
  -3.9173498e-02	
  -4.9003446e-02	
  -5.5592758e-02	
  -5.9509324e-02	
  -6.6126338e-02	
  -7.4855831e-02	
  -8.4093958e-02	
  -9.6180824e-02	
  -1.1112105e-01	
  -1.1917909e-01	
  -1.1482636e-01	
  -1.0214624e-01	
  -8.3596082e-02	
  -6.7045847e-02	
  -6.6122998e-02	
  -8.6914399e-02	
  -1.2039992e-01	
  -1.4497234e-01	
  -1.5114236e-01	
  -1.5013873e-01	
  -1.4601525e-01	
  -1.3090484e-01	
  -1.0283237e-01	
  -6.6331654e-02	
  -3.0223443e-02	
  -2.5776346e-03	
   1.4672283e-02	
   2.6692001e-02	
   4.0162748e-02	
   5.4987978e-02	
   6.8575491e-02	
   7.2175126e-02	
   6.5471941e-02	
   6.0923183e-02	
   8.3658956e-02	
   1.2762180e-01	
   1.4703735e-01	
   1.4507357e-01	
   1.4376662e-01	
   1.4587586e-01	
   1.3391004e-01	
   9.5480981e-02	
   5.2157350e-02	
   1.4219582e-02	
  -2.2149933e-02	
  -5.5209137e-02	
  -7.6751351e-02	
  -8.3300423e-02	
  -7.6701706e-02	
  -6.5407405e-02	
  -5.6305281e-02	
  -5.3303662e-02	
  -5.0446470e-02	
  -3.2207738e-02	
  -5.5921025e-03	
   1.9694772e-02	
   4.1859166e-02	
   5.1070974e-02	
   4.3046969e-02	
   2.5476535e-02	
   8.4171034e-03	
  -7.1364060e-03	
  -2.5153279e-02	
  -4.1303593e-02	
  -5.7996680e-02	
  -7.2433035e-02	
  -7.9284931e-02	
  -8.0668038e-02	
  -7.7017480e-02	
  -7.6882055e-02	
  -8.2231252e-02	
  -8.5609552e-02	
  -8.3898719e-02	
  -7.6389590e-02	
  -6.4437039e-02	
  -5.0167027e-02	
  -3.8151434e-02	
  -2.8253087e-02	
  -2.3070702e-02	
  -2.8085063e-02	
  -4.0610169e-02	
  -5.5452015e-02	
  -6.6635718e-02	
  -7.5407532e-02	
  -8.5040450e-02	
  -9.3526812e-02	
  -9.2713945e-02	
  -7.6214400e-02	
  -4.5487519e-02	
  -6.5834589e-03	
   3.3352875e-02	
   8.0653819e-02	
   1.2944134e-01	
   1.5048068e-01	
   1.4922337e-01	
   1.2653290e-01	
   8.5940253e-02	
   6.6981134e-02	
   6.5935978e-02	
   6.4477363e-02	
   6.2440391e-02	
   5.7571745e-02	
   4.8139357e-02	
   3.8764527e-02	
   2.6833491e-02	
   1.7249948e-02	
   1.2092007e-02	
   9.9199546e-03	
   1.5408010e-02	
   2.3445058e-02	
   2.6554477e-02	
   2.3805859e-02	
   1.4800151e-02	
   3.3479343e-03	
  -1.0647751e-02	
  -3.4501370e-02	
  -5.5226612e-02	
  -6.8962891e-02	
  -8.4641704e-02	
  -1.0115959e-01	
  -1.1131558e-01	
  -1.1361402e-01	
  -1.1039946e-01	
  -1.0206861e-01	
  -9.4180659e-02	
  -9.3087519e-02	
  -9.7115130e-02	
  -9.5611974e-02	
  -7.8515551e-02	
  -5.8671061e-02	
  -3.8887972e-02	
  -4.0303734e-03	
   5.7560735e-02	
   1.2434259e-01	
   1.4857586e-01	
   1.4995876e-01	
   1.5906008e-01	
   1.6752286e-01	
   1.6351599e-01	
   1.5257218e-01	
   1.4434172e-01	
   1.4248477e-01	
   1.4332951e-01	
   1.4370402e-01	
   1.4358208e-01	
   1.4338643e-01	
   1.4323397e-01	
   1.4342197e-01	
   1.4520354e-01	
   1.4771564e-01	
   1.4797548e-01	
   1.4771359e-01	
   1.2963718e-01	
   8.1815834e-02	
   3.4128310e-02	
  -8.0980248e-03	
  -5.3580371e-02	
  -9.3463835e-02	
  -1.2182769e-01	
  -1.3732015e-01	
  -1.4086098e-01	
  -1.3774485e-01	
  -1.3010433e-01	
  -1.2076621e-01	
  -1.1184356e-01	
  -1.0289357e-01	
  -9.1537572e-02	
  -7.7521291e-02	
  -6.5482362e-02	
  -5.5378327e-02	
  -4.8621364e-02	
  -5.0025295e-02	
  -5.4629781e-02	
  -4.8409666e-02	
  -2.8461436e-02	
  -3.5515709e-03	
   1.3430180e-02	
   2.1917168e-02	
   2.8509131e-02	
   2.8298590e-02	
   2.3921000e-02	
   1.6047955e-02	
   6.2481993e-03	
  -1.0273953e-03	
  -3.0029426e-03	
  -2.4431874e-03	
  -2.1197704e-03	
  -2.1991892e-03	
  -2.3230319e-03	
  -2.3294304e-03	
  -2.3143606e-03	
  -2.2370028e-03	
  -2.1753184e-03	
  -2.3575221e-03	
  -2.7201223e-03	
  -1.1731131e-03	
   5.2208058e-03	
   1.6998430e-02	
   3.4552685e-02	
   5.2006446e-02	
   6.1001303e-02	
   5.9980163e-02	
   5.6830038e-02	
   5.7686998e-02	
   5.3904961e-02	
   4.2411950e-02	
   2.5236801e-02	
   8.3406841e-03	
  -5.1070918e-03	
  -1.6678401e-02	
  -2.4439123e-02	
  -2.9514690e-02	
  -2.3959263e-02	
  -8.4658199e-03	
  -8.1873624e-04	
  -1.1170165e-03	
  -2.2439788e-03	
  -2.8363079e-03	
  -3.4418529e-03	
  -1.0918377e-03	
   8.8879194e-03	
   2.1216401e-02	
   2.5924226e-02	
   2.7661808e-02	
   3.1693590e-02	
   3.4116694e-02	
   3.5052829e-02	
   3.5573667e-02	
   3.0799580e-02	
   1.6516433e-02	
   2.0054462e-03	
  -7.4674950e-03	
  -1.9065706e-02	
  -2.8019091e-02	
  -3.0423311e-02	
  -3.0570743e-02	
  -3.0445189e-02	
  -2.4290702e-02	
  -1.0415732e-02	
   3.7546178e-03	
   2.4798347e-02	
   4.8689193e-02	
   6.9913347e-02	
   9.8541687e-02	
   1.3216216e-01	
   1.4614633e-01	
   1.4677872e-01	
   1.4566696e-01	
   1.3210039e-01	
   1.0097038e-01	
   7.4576771e-02	
   5.1049002e-02	
   2.8537774e-02	
   1.2184140e-02	
   6.0788318e-04	
  -3.1556915e-03	
  -3.0595104e-03	
  -2.6364481e-03	
  -1.2170099e-03	
   1.2305962e-04	
  -8.7981098e-03	
  -3.3915474e-02	
  -5.8561536e-02	
  -7.2951942e-02	
  -7.8739593e-02	
  -8.2947189e-02	
  -8.3002796e-02	
  -7.6485297e-02	
  -6.7052629e-02	
  -5.4876532e-02	
  -3.9890088e-02	
  -2.9565538e-02	
  -2.9699135e-02	
  -4.0029068e-02	
  -5.4611672e-02	
  -6.6454306e-02	
  -7.8264332e-02	
  -9.0334861e-02	
  -9.4655462e-02	
  -9.1868405e-02	
  -8.7248235e-02	
  -8.3785425e-02	
  -7.2706712e-02	
  -4.9140280e-02	
  -2.2698780e-02	
  -8.2008321e-04	
   1.8218448e-02	
   3.0004720e-02	
   2.6802440e-02	
   1.4706552e-02	
   2.2846875e-03	
  -9.4447777e-03	
  -2.5071735e-02	
  -3.2528634e-02	
  -2.5076521e-02	
  -6.8342306e-03	
   7.2327942e-03	
   1.6143354e-02	
   2.7611547e-02	
   4.0204388e-02	
   4.3006719e-02	
   3.5333158e-02	
   2.4898896e-02	
   1.4049982e-02	
   2.7133543e-03	
  -1.1329326e-02	
  -3.0979304e-02	
  -4.0737318e-02	
  -4.1540827e-02	
  -3.8087980e-02	
  -2.5324895e-02	
  -7.8761350e-03	
  -9.9681254e-04	
  -1.8970092e-03	
  -2.0732240e-03	
  -1.1436975e-03	
  -6.0707838e-03	
  -1.9793138e-02	
  -2.7771659e-02	
  -1.9778033e-02	
  -6.0665685e-03	
  -1.1862405e-03	
  -2.2036256e-03	
  -1.8704989e-03	
  -6.6778663e-04	
  -7.8071415e-03	
  -2.7771846e-02	
  -4.2975491e-02	
  -4.5345610e-02	
  -4.6591790e-02	
  -4.5458055e-02	
  -4.0600307e-02	
  -4.0388077e-02	
  -4.5672421e-02	
  -4.9223093e-02	
  -4.7904372e-02	
  -4.0193799e-02	
  -2.5505617e-02	
  -8.4364631e-03	
   7.0151346e-04	
   7.2856020e-03	
   1.3671594e-02	
   1.6400507e-02	
   1.6748815e-02	
   1.4275945e-02	
   6.8038475e-03	
  -1.5097144e-03	
  -4.8174923e-03	
   1.2060079e-04	
   1.5168546e-02	
   3.1875908e-02	
   4.3704090e-02	
   5.4917453e-02	
   6.6444463e-02	
   7.1521084e-02	
   7.2173932e-02	
   6.8047039e-02	
   5.3634914e-02	
   3.1316042e-02	
   9.0661784e-03	
  -2.2248029e-03	
  -4.1108092e-03	
  -4.0441174e-03	
   3.6792575e-04	
   1.5031834e-02	
   3.2720114e-02	
   4.2924830e-02	
   4.4233073e-02	
   4.0659039e-02	
   3.6083215e-02	
   3.4466531e-02	
   3.0002332e-02	
   1.8000378e-02	
   8.0378025e-03	
   3.2679529e-03	
  -8.5391752e-04	
  -2.7799229e-03	
  -2.8658149e-03	
  -2.9638602e-03	
  -2.8527399e-03	
  -1.7855959e-03	
  -1.2697794e-03	
  -8.3262086e-03	
  -2.3672505e-02	
  -3.3523156e-02	
  -3.7832292e-02	
  -3.9141179e-02	
  -4.1225594e-02	
  -4.4358058e-02	
  -4.3093749e-02	
  -3.8431772e-02	
  -2.5635938e-02	
  -8.4948605e-03	
  -1.4135034e-03	
  -9.4259497e-04	
  -1.1440110e-03	
  -8.4217357e-03	
  -2.6446286e-02	
  -3.9180831e-02	
  -3.8630510e-02	
  -3.0757577e-02	
  -2.5514163e-02	
  -2.1135193e-02	
  -9.0416610e-03	
  -2.3015888e-03	
  -2.1102053e-03	
  -1.6488760e-03	
  -1.2099592e-03	
  -1.0494748e-02	
  -3.0728290e-02	
  -4.3015209e-02	
  -4.7668892e-02	
  -4.9162961e-02	
  -4.7709692e-02	
  -4.0638140e-02	
  -2.5909121e-02	
  -8.3177221e-03	
   5.0619094e-04	
   4.1894527e-03	
   8.2757893e-03	
   1.5852696e-02	
   2.0819587e-02	
   1.8119382e-02	
   1.5642267e-02	
   1.4056531e-02	
   7.7559926e-03	
  -6.2415685e-03	
  -2.5831290e-02	
  -4.2308350e-02	
  -5.6360645e-02	
  -6.7497960e-02	
  -7.4670882e-02	
  -7.7014690e-02	
  -7.4936395e-02	
  -6.7638152e-02	
  -5.5777744e-02	
  -4.1568994e-02	
  -2.9801196e-02	
  -1.8611241e-02	
  -7.5763966e-03	
   1.0123470e-03	
   1.4176273e-02	
   3.2921595e-02	
   5.6815520e-02	
   9.0962322e-02	
   1.3056150e-01	
   1.4643696e-01	
   1.4458430e-01	
   1.4212230e-01	
   1.4231926e-01	
   1.4293289e-01	
   1.4212986e-01	
   1.4201538e-01	
   1.4501507e-01	
   1.4694862e-01	
   1.2814652e-01	
   8.3321668e-02	
   4.9343086e-02	
   3.0513718e-02	
   1.3869987e-02	
   8.8482585e-04	
  -3.0517973e-03	
  -7.0843548e-03	
  -1.9085653e-02	
  -2.9217903e-02	
  -3.1588189e-02	
  -3.0642883e-02	
  -3.0254913e-02	
  -3.0475895e-02	
  -3.0210083e-02	
  -2.9770164e-02	
  -3.2143623e-02	
  -3.9390766e-02	
  -4.6359109e-02	
  -5.0750134e-02	
  -5.7921004e-02	
  -6.7266772e-02	
  -7.2421074e-02	
  -7.2262324e-02	
  -7.2537932e-02	
  -6.8018135e-02	
  -5.7116730e-02	
  -4.2294551e-02	
  -2.5433944e-02	
  -8.4500336e-03	
  -2.5402959e-05	
   3.7158255e-03	
   7.8298806e-03	
   1.5528927e-02	
   2.0870762e-02	
   1.8036625e-02	
   1.2867889e-02	
   8.1624895e-03	
   4.3991799e-03	
  -4.2592271e-03	
  -1.8465348e-02	
  -3.3603824e-02	
  -4.8434558e-02	
  -5.5292920e-02	
  -5.1822104e-02	
  -4.6588123e-02	
  -4.2467090e-02	
  -3.8537500e-02	
  -2.6993052e-02	
  -1.0007778e-02	
   1.6918574e-03	
   1.3043312e-02	
   2.4032429e-02	
   3.3753057e-02	
   4.1303817e-02	
   4.3692651e-02	
   4.0478000e-02	
   3.2506336e-02	
   2.7661677e-02	
   3.0210932e-02	
   3.2280335e-02	
   3.4296315e-02	
   4.3668505e-02	
   5.8515213e-02	
   6.8682692e-02	
   7.1297126e-02	
   7.0424426e-02	
   6.4926556e-02	
   5.5410077e-02	
   5.1411164e-02	
   4.9198359e-02	
   4.0222031e-02	
   3.0126281e-02	
   2.7357603e-02	
   2.5216639e-02	
   2.5940936e-02	
   3.0822327e-02	
   3.3398069e-02	
   3.3311720e-02	
   3.2849932e-02	
   3.2906891e-02	
   3.3096608e-02	
   3.2835535e-02	
   3.2281632e-02	
   3.4116171e-02	
   4.1216441e-02	
   5.1310988e-02	
   6.1104176e-02	
   6.7550544e-02	
   6.9466851e-02	
   7.2280014e-02	
   7.5727076e-02	
   6.9229710e-02	
   5.0964537e-02	
   2.7415225e-02	
   1.2237349e-03	
  -3.1806922e-02	
  -6.1749663e-02	
  -7.9608477e-02	
  -9.7388406e-02	
  -1.1823676e-01	
  -1.3234782e-01	
  -1.3937770e-01	
  -1.4359085e-01	
  -1.4596263e-01	
  -1.4072486e-01	
  -1.3280723e-01	
  -1.2996037e-01	
  -1.3243944e-01	
  -1.3790421e-01	
  -1.4311502e-01	
  -1.4835577e-01	
  -1.4845112e-01	
  -1.4152658e-01	
  -1.3173773e-01	
  -1.2005835e-01	
  -1.0627719e-01	
  -9.3100431e-02	
  -7.7771269e-02	
  -5.9059702e-02	
  -3.5305382e-02	
  -1.1367933e-02	
   1.8954595e-03	
   1.2615578e-02	
   2.3250201e-02	
   3.3333981e-02	
   4.2794947e-02	
   4.7292296e-02	
   4.6195023e-02	
   4.7655168e-02	
   5.2157947e-02	
   6.0391970e-02	
   6.8511478e-02	
   7.0053437e-02	
   6.6483313e-02	
   6.7384367e-02	
   8.9916457e-02	
   1.2863607e-01	
   1.4597933e-01	
   1.4421437e-01	
   1.4043525e-01	
   1.4053938e-01	
   1.4434219e-01	
   1.4580336e-01	
   1.2686551e-01	
   8.6331302e-02	
   5.9809097e-02	
   4.4213862e-02	
   3.1338061e-02	
   1.5601953e-02	
  -5.4441399e-03	
  -2.9454017e-02	
  -5.0932825e-02	
  -6.7231234e-02	
  -7.5996927e-02	
  -7.7906396e-02	
  -7.7334868e-02	
  -7.4540589e-02	
  -6.9724723e-02	
  -6.7667458e-02	
  -6.6391095e-02	
  -6.0562178e-02	
  -4.8481544e-02	
  -2.8867869e-02	
  -9.4602188e-03	
  -1.2579732e-04	
   5.9610947e-03	
   9.7760113e-03	
   9.6792592e-03	
   1.2234317e-02	
   1.4122504e-02	
   1.3766751e-02	
   1.5384050e-02	
   2.2674288e-02	
   3.2828529e-02	
   4.0487890e-02	
   4.2449709e-02	
   4.0204519e-02	
   3.5541431e-02	
   2.8482018e-02	
   1.4574318e-02	
   6.6683236e-04	
  -1.0535408e-02	
  -2.7078814e-02	
  -4.3362770e-02	
  -5.5594428e-02	
  -6.1798011e-02	
  -6.6159226e-02	
  -6.8464734e-02	
  -6.8563949e-02	
  -6.5920947e-02	
  -6.0794774e-02	
  -5.8347637e-02	
  -5.8270450e-02	
  -6.0958096e-02	
  -6.1612288e-02	
  -6.1787794e-02	
  -5.6432197e-02	
  -4.3818793e-02	
  -3.4350448e-02	
  -2.9659342e-02	
  -2.0172206e-02	
  -7.5719378e-03	
  -2.2579085e-03	
  -2.4809151e-03	
  -2.9843022e-03	
  -2.6298303e-03	
  -2.0208304e-03	
  -1.6405200e-03	
  -1.3331273e-03	
  -9.5463907e-04	
  -4.8798466e-04	
  -2.5607361e-04	
  -2.5155873e-04	
   3.5469973e-04	
   3.2673781e-03	
   6.1668576e-03	
   3.9446176e-03	
   1.7618380e-03	
   1.8836402e-03	
   2.6477122e-03	
   3.2310816e-03	
   3.4494568e-03	
   3.4307082e-03	
   3.8511926e-03	
   6.4563161e-03	
   1.0809421e-02	
   1.3019203e-02	
   1.7456393e-02	
   2.7444531e-02	
   3.7580382e-02	
   5.1864976e-02	
   8.1628039e-02	
   1.2012767e-01	
   1.3389586e-01	
   1.2986754e-01	
   1.2712153e-01	
   1.2579882e-01	
   1.0950892e-01	
   7.5201899e-02	
   5.3013573e-02	
   4.4603922e-02	
   3.6110449e-02	
   2.3890351e-02	
   1.1626150e-02	
  -5.1779345e-04	
  -1.3470094e-02	
  -2.6390082e-02	
  -3.4391742e-02	
  -4.2529816e-02	
  -5.2005961e-02	
  -6.1687432e-02	
  -6.8643572e-02	
  -7.3493800e-02	
  -7.8118541e-02	
  -8.1228753e-02	
  -8.0595507e-02	
  -7.5975589e-02	
  -6.7640438e-02	
  -5.9489554e-02	
  -5.5489764e-02	
  -5.5351419e-02	
  -5.6738856e-02	
  -5.4555477e-02	
  -4.8703253e-02	
  -4.1341594e-02	
  -3.1336764e-02	
  -2.2116084e-02	
  -1.3450968e-02	
  -3.2966100e-03	
   7.8739686e-03	
   1.8783688e-02	
   2.4568297e-02	
   2.8450977e-02	
   3.0654583e-02	
   3.0304624e-02	
   3.1237530e-02	
   3.1960540e-02	
   3.2807909e-02	
   3.5826258e-02	
   4.0016071e-02	
   4.5171410e-02	
   5.1181068e-02	
   5.5797281e-02	
   5.8363153e-02	
   5.8224397e-02	
   5.6337917e-02	
   6.0559117e-02	
   7.1444270e-02	
   7.4425587e-02	
   7.0035748e-02	
   6.4843500e-02	
   6.0402457e-02	
   5.6841849e-02	
   5.4182277e-02	
   5.0538996e-02	
   3.9267610e-02	
   2.1404998e-02	
   1.2375377e-02	
   1.0286381e-02	
   7.3254103e-03	
   3.4886876e-03	
   3.8798628e-04	
  -2.1798341e-03	
  -3.7498716e-03	
  -4.6873108e-03	
  -5.5937642e-03	
  -6.4387823e-03	
  -7.2517938e-03	
  -8.5483111e-03	
  -1.0826420e-02	
  -1.3397684e-02	
  -1.5744188e-02	
  -1.7636359e-02	
  -1.8568547e-02	
  -1.8536098e-02	
  -1.9370106e-02	
  -2.1660789e-02	
  -2.2699881e-02	
  -2.1909238e-02	
  -2.1099403e-02	
  -2.1579217e-02	
  -2.2276513e-02	
  -2.1507497e-02	
  -2.0368379e-02	
  -1.9277207e-02	
  -1.8101460e-02	
  -1.6555833e-02	
  -1.4593967e-02	
  -1.2897036e-02	
  -1.1417382e-02	
  -9.8811418e-03	
  -8.7059881e-03	
  -8.2417973e-03	
  -8.0912736e-03	
  -7.9156802e-03	
  -7.6926540e-03	
  -7.4708240e-03	
  -7.2536598e-03	
  -7.0174168e-03	
  -6.7884380e-03	
  -6.6741950e-03	
  -6.6781341e-03	
  -6.5585860e-03	
  -6.2868432e-03	
  -6.0038429e-03	
  -5.7512341e-03	
  -5.5108261e-03	
  -5.1764715e-03	
  -4.8077658e-03	
  -4.5010560e-03	
  -4.2118913e-03	
  -3.9111994e-03	
  -3.6131629e-03	
  -3.3408425e-03	
  -3.0920114e-03	
  -2.8663738e-03	
  -2.6489867e-03	
  -2.4278405e-03	
  -2.2161661e-03	
  -2.0285874e-03	
  -1.8520386e-03	
  -1.6751437e-03	
  -1.4970955e-03	
  -1.3192247e-03	
  -1.1419398e-03	
  -9.6505601e-04	
  -7.8852812e-04	
  -6.1243771e-04	
  -4.3688052e-04	
  -2.6191764e-04	
  -8.7583229e-05	
   8.6038004e-05	
   2.5882166e-04	
   4.3069538e-04	
