   3.1312626e-03	
   3.0399881e-03	
   2.9419532e-03	
   2.9840077e-03	
   3.2575544e-03	
   3.6732093e-03	
   3.9298045e-03	
   3.6980412e-03	
   3.0362812e-03	
   2.3145827e-03	
   1.9506542e-03	
   1.8175246e-03	
   1.7172733e-03	
   1.3340677e-03	
   3.0420108e-04	
  -4.8037269e-04	
   7.5210168e-04	
   3.7392557e-03	
   6.1584649e-03	
   6.7368764e-03	
   5.1803976e-03	
   1.7828531e-03	
  -1.0880678e-03	
  -2.0461897e-03	
  -2.2410491e-03	
  -2.0747563e-03	
  -1.4741383e-03	
  -1.0122841e-03	
   9.0880969e-04	
   5.2204900e-03	
   1.0931093e-02	
   1.6668865e-02	
   2.0007212e-02	
   1.8782426e-02	
   1.2127340e-02	
  -3.1978006e-04	
  -1.4186584e-02	
  -2.3097398e-02	
  -2.3163681e-02	
  -1.4066639e-02	
   1.6986119e-04	
   1.5410208e-02	
   2.4854929e-02	
   2.7574726e-02	
   2.7478137e-02	
   2.1950781e-02	
   8.3866278e-03	
  -6.2262401e-03	
  -1.5212909e-02	
  -1.8926640e-02	
  -1.4665160e-02	
  -3.1039780e-03	
   1.0719346e-02	
   1.8190082e-02	
   1.4350210e-02	
   7.3413572e-03	
  -5.2864788e-03	
  -1.4983307e-02	
  -5.6934022e-03	
   1.7979655e-02	
   4.1098244e-02	
   4.6356259e-02	
   2.6483101e-02	
  -2.3874550e-03	
  -2.3765896e-02	
  -3.5154802e-02	
  -3.2863136e-02	
  -1.7398790e-02	
   7.2280748e-03	
   2.1918936e-02	
   2.1943950e-02	
   6.9444164e-03	
  -1.6848062e-02	
  -3.0934442e-02	
  -3.5562359e-02	
  -2.8585292e-02	
  -2.4393224e-02	
  -2.3228981e-02	
  -1.6110243e-02	
  -7.3633204e-03	
  -4.2943477e-03	
  -1.0141737e-02	
  -2.2367315e-02	
  -2.7070938e-02	
  -2.5329474e-02	
  -2.6612628e-02	
  -3.5835285e-02	
  -4.5777002e-02	
  -4.3456212e-02	
  -2.8020285e-02	
  -1.5923649e-02	
  -1.6604906e-02	
  -2.6721362e-02	
  -3.3913949e-02	
  -2.8699338e-02	
  -1.3523607e-02	
   9.1844149e-03	
   3.3723928e-02	
   6.2838798e-02	
   8.7523477e-02	
   8.9911403e-02	
   7.3175759e-02	
   4.9887446e-02	
   2.2026905e-02	
  -6.1662291e-03	
  -2.6822956e-02	
  -3.4720315e-02	
  -2.8880213e-02	
  -1.2839311e-02	
   9.5394442e-03	
   2.3050718e-02	
   2.3134517e-02	
   1.0496844e-02	
  -1.3197764e-02	
  -4.0062952e-02	
  -6.3383994e-02	
  -6.2390051e-02	
  -3.1192414e-02	
   1.4498207e-02	
   6.4957472e-02	
   9.4003646e-02	
   7.1007077e-02	
   1.6669531e-02	
  -3.0001598e-02	
  -5.3483258e-02	
  -4.8178861e-02	
  -2.1840231e-02	
   7.6436979e-03	
   1.4779018e-02	
   1.8364502e-03	
  -1.6115834e-02	
  -2.6001338e-02	
  -2.6897927e-02	
  -2.6689695e-02	
  -2.7433224e-02	
  -2.2656298e-02	
  -1.0904987e-02	
  -5.8487968e-03	
  -6.4481925e-03	
  -7.0674918e-03	
  -7.5849888e-03	
  -8.1627589e-03	
  -3.4192803e-03	
   8.1145438e-03	
   1.5354431e-02	
   1.9693682e-02	
   2.3651254e-02	
   3.1950361e-02	
   3.8880836e-02	
   3.5298757e-02	
   1.9059592e-02	
  -1.5262499e-02	
  -5.6566245e-02	
  -8.5159948e-02	
  -8.2197035e-02	
  -4.7506103e-02	
  -8.2986877e-03	
   1.4594459e-02	
   1.9614511e-02	
   1.3517828e-02	
   1.2328750e-02	
   2.1571148e-02	
   3.2038927e-02	
   3.0953498e-02	
   1.2012033e-02	
  -1.5838479e-02	
  -3.7527734e-02	
  -4.4769623e-02	
  -3.7241571e-02	
  -2.5227423e-02	
  -1.9671886e-02	
  -2.3909404e-02	
  -2.7455616e-02	
  -2.7693698e-02	
  -2.4784962e-02	
  -1.8618105e-02	
  -1.5654804e-02	
  -1.8235303e-02	
  -2.5085672e-02	
  -2.9154589e-02	
  -2.4331529e-02	
  -6.7849833e-03	
   9.7442087e-03	
   1.2299288e-02	
   1.3684116e-02	
   3.0878298e-02	
   6.0933102e-02	
   8.8192103e-02	
   1.0049617e-01	
   9.9455206e-02	
   8.8754022e-02	
   7.1041424e-02	
   5.0954971e-02	
   3.0196167e-02	
   1.3476926e-02	
   1.0517538e-02	
   2.2877360e-02	
   4.2519049e-02	
   4.7629374e-02	
   2.2316037e-02	
  -1.4912328e-02	
  -3.8901351e-02	
  -4.3016124e-02	
  -3.1296500e-02	
  -1.4042678e-02	
   1.2148362e-02	
   3.9328083e-02	
   5.2519800e-02	
   4.8566001e-02	
   3.3076294e-02	
   2.1796995e-02	
   1.9926968e-02	
   2.3796143e-02	
   2.8859758e-02	
   2.5167079e-02	
   7.7711386e-03	
  -2.5047035e-02	
  -5.4352411e-02	
  -6.8605784e-02	
  -7.2462010e-02	
  -6.8765210e-02	
  -6.3475529e-02	
  -5.6436182e-02	
  -5.5190622e-02	
  -6.8928330e-02	
  -9.1071635e-02	
  -9.7925440e-02	
  -8.1263247e-02	
  -4.9326788e-02	
  -2.7662845e-02	
  -2.3753513e-02	
  -2.9911682e-02	
  -4.4229958e-02	
  -5.8152662e-02	
  -6.3199644e-02	
  -4.9440715e-02	
  -1.4775314e-02	
   4.0315284e-02	
   9.8429099e-02	
   1.3784210e-01	
   1.4800198e-01	
   1.2897898e-01	
   8.6198050e-02	
   3.4799129e-02	
   4.6911793e-04	
  -7.8506689e-03	
   1.0816461e-02	
   5.4092871e-02	
   1.0484690e-01	
   1.3025687e-01	
   1.1706417e-01	
   7.0633371e-02	
   1.1862577e-02	
  -3.7519701e-02	
  -6.4798006e-02	
  -6.5961356e-02	
  -4.9263554e-02	
  -2.2336453e-02	
   8.6039160e-03	
   2.1603897e-02	
   1.1481076e-02	
  -6.8415059e-03	
  -1.7230179e-02	
  -1.8174531e-02	
  -1.7507116e-02	
  -1.7794530e-02	
  -1.5348930e-02	
  -1.1008269e-02	
  -1.4411071e-02	
  -2.8476708e-02	
  -5.6511034e-02	
  -8.6781835e-02	
  -9.1056342e-02	
  -4.9952627e-02	
   2.1733463e-02	
   1.0159403e-01	
   1.6230913e-01	
   1.8034777e-01	
   1.6360827e-01	
   1.2924282e-01	
   1.0111769e-01	
   8.5320407e-02	
   7.1041087e-02	
   6.1654268e-02	
   5.8167388e-02	
   5.0165357e-02	
   3.3811213e-02	
   6.8062305e-03	
  -3.2589545e-02	
  -6.8673626e-02	
  -9.4411143e-02	
  -1.0374904e-01	
  -9.7478629e-02	
  -8.3685750e-02	
  -6.6214779e-02	
  -5.6696110e-02	
  -6.6715251e-02	
  -9.4375663e-02	
  -1.2473182e-01	
  -1.4343657e-01	
  -1.4290799e-01	
  -1.2653263e-01	
  -1.0280211e-01	
  -7.5900054e-02	
  -5.7703389e-02	
  -5.6537994e-02	
  -6.3997738e-02	
  -6.8234223e-02	
  -6.6627043e-02	
  -5.3333782e-02	
  -3.0449014e-02	
  -1.6489520e-02	
  -1.7510929e-02	
  -2.8378262e-02	
  -3.6510366e-02	
  -2.6755730e-02	
   1.0251782e-03	
   3.1234229e-02	
   4.8877049e-02	
   5.1345339e-02	
   4.9592197e-02	
   5.0510842e-02	
   5.0817291e-02	
   3.9342541e-02	
   9.6525002e-03	
  -2.3334745e-02	
  -4.0161964e-02	
  -4.5761541e-02	
  -4.7083969e-02	
  -4.7868598e-02	
  -4.4509636e-02	
  -3.0091634e-02	
  -7.1152501e-03	
   2.2771168e-02	
   4.7637993e-02	
   4.9867060e-02	
   3.2974452e-02	
   9.5072680e-03	
  -1.6702826e-02	
  -3.8889286e-02	
  -4.6231051e-02	
  -2.5685554e-02	
   1.9320374e-02	
   6.7630579e-02	
   1.1254801e-01	
   1.6200805e-01	
   2.1681271e-01	
   2.8324024e-01	
   3.5156053e-01	
   3.9529493e-01	
   4.0137586e-01	
   3.9017145e-01	
   3.7830351e-01	
   3.6078401e-01	
   3.2208144e-01	
   2.4434751e-01	
   1.2299288e-01	
  -1.2314074e-02	
  -1.0753475e-01	
  -1.4313559e-01	
  -1.2523061e-01	
  -6.8944000e-02	
   1.5995552e-02	
   1.1680540e-01	
   1.9198483e-01	
   2.1587979e-01	
   2.0699532e-01	
   1.8615473e-01	
   1.4382721e-01	
   6.1413406e-02	
  -5.7718214e-02	
  -1.9989865e-01	
  -3.4870496e-01	
  -4.8822672e-01	
  -5.8365134e-01	
  -5.9972096e-01	
  -5.6489466e-01	
  -5.3150812e-01	
  -5.1080109e-01	
  -4.8402891e-01	
  -4.3498464e-01	
  -3.5701965e-01	
  -2.5296417e-01	
  -1.3278197e-01	
  -1.5072846e-02	
   5.7027325e-02	
   4.5551730e-02	
  -1.5084365e-02	
  -3.4139072e-02	
   3.0220515e-02	
   1.3289249e-01	
   2.1475760e-01	
   2.7449658e-01	
   3.4306661e-01	
   4.2558203e-01	
   4.9347741e-01	
   5.2668770e-01	
   5.2046566e-01	
   4.5048766e-01	
   2.9129675e-01	
   9.1303093e-02	
  -6.4997172e-02	
  -1.4376565e-01	
  -1.7825750e-01	
  -2.0790133e-01	
  -2.2552837e-01	
  -2.0812456e-01	
  -1.4424397e-01	
  -6.8679534e-02	
  -2.8056977e-02	
  -2.8994686e-02	
  -4.4508037e-02	
  -5.3128002e-02	
  -7.7033504e-02	
  -1.3786425e-01	
  -1.9217797e-01	
  -2.0408623e-01	
  -1.7444686e-01	
  -1.2044971e-01	
  -7.2265545e-02	
  -6.4139489e-02	
  -9.4074894e-02	
  -1.4805580e-01	
  -2.0995098e-01	
  -2.4975092e-01	
  -2.5312722e-01	
  -2.2308510e-01	
  -1.5896470e-01	
  -6.9997484e-02	
   9.2041110e-03	
   6.3915508e-02	
   1.0371438e-01	
   1.3748869e-01	
   1.8757134e-01	
   2.6114977e-01	
   3.3210915e-01	
   3.6776629e-01	
   3.5035215e-01	
   2.9338513e-01	
   2.2451819e-01	
   1.6214270e-01	
   1.2157140e-01	
   1.1626054e-01	
   1.2741123e-01	
   1.2517480e-01	
   9.9549243e-02	
   6.8375746e-02	
   5.0730265e-02	
   4.9036237e-02	
   4.8710592e-02	
   3.8734537e-02	
   2.4123942e-02	
   7.9401819e-03	
  -2.8082179e-02	
  -9.4020269e-02	
  -1.8573727e-01	
  -2.8815778e-01	
  -3.6929591e-01	
  -4.0256160e-01	
  -3.8144407e-01	
  -3.2597648e-01	
  -2.5175450e-01	
  -1.7503820e-01	
  -1.0271413e-01	
  -3.2094108e-02	
   3.4241142e-02	
   9.5572854e-02	
   1.3627396e-01	
   1.4709567e-01	
   1.2971251e-01	
   8.2905252e-02	
   1.2738492e-02	
  -4.4907134e-02	
  -6.8407591e-02	
  -6.9554665e-02	
  -5.5424017e-02	
  -1.6800428e-02	
   3.9155112e-02	
   8.4966085e-02	
   1.0918541e-01	
   1.3117321e-01	
   1.5899658e-01	
   1.7908527e-01	
   1.9577045e-01	
   2.0118170e-01	
   1.7981919e-01	
   1.3114998e-01	
   6.3837478e-02	
   7.1236360e-03	
  -2.4502007e-02	
  -3.1271765e-02	
  -2.8239450e-02	
  -1.6858767e-02	
   1.0059447e-02	
   4.8069750e-02	
   8.9429650e-02	
   1.2683182e-01	
   1.4615778e-01	
   1.3538502e-01	
   9.9332769e-02	
   5.7154915e-02	
   2.4388537e-02	
   4.2719585e-03	
  -1.4138354e-02	
  -2.8170159e-02	
  -5.0433924e-02	
  -9.3873692e-02	
  -1.4817050e-01	
  -1.9622832e-01	
  -2.2810451e-01	
  -2.6015964e-01	
  -2.8822490e-01	
  -3.0035539e-01	
  -3.0009175e-01	
  -2.9200208e-01	
  -2.6794596e-01	
  -2.1348060e-01	
  -1.3618906e-01	
  -5.5477103e-02	
   8.9576703e-03	
   4.0878712e-02	
   4.5904186e-02	
   5.2590670e-02	
   9.6694686e-02	
   1.7583855e-01	
   2.5221823e-01	
   2.8105614e-01	
   2.4448643e-01	
   1.6490165e-01	
   8.5592469e-02	
   5.3786749e-02	
   8.5877043e-02	
   1.3876827e-01	
   1.5804707e-01	
   1.3247683e-01	
   1.0868524e-01	
   1.0524589e-01	
   9.6023865e-02	
   6.1679123e-02	
   7.0270757e-03	
  -5.4337824e-02	
  -1.0554458e-01	
  -1.4856531e-01	
  -1.8269820e-01	
  -1.8015334e-01	
  -1.2878574e-01	
  -5.5443619e-02	
   7.9383200e-03	
   4.0983940e-02	
   4.9241907e-02	
   4.7605552e-02	
   5.0510047e-02	
   6.8918182e-02	
   9.5758525e-02	
   1.1824594e-01	
   1.3490471e-01	
   1.4895020e-01	
   1.6188939e-01	
   1.6817100e-01	
   1.7261220e-01	
   1.7654835e-01	
   1.7807469e-01	
   1.5853940e-01	
   1.0299525e-01	
   3.6955796e-02	
  -1.7469958e-02	
  -4.9789348e-02	
  -6.3765574e-02	
  -7.2671662e-02	
  -9.2135465e-02	
  -1.1673549e-01	
  -1.4704652e-01	
  -1.8065977e-01	
  -2.0579746e-01	
  -2.2048254e-01	
  -2.2365399e-01	
  -2.2237163e-01	
  -2.2199746e-01	
  -2.2325559e-01	
  -2.2282980e-01	
  -2.1155239e-01	
  -1.8389029e-01	
  -1.4679380e-01	
  -1.0416232e-01	
  -5.0348685e-02	
   1.4806484e-02	
   8.1673634e-02	
   1.3062478e-01	
   1.6314861e-01	
   1.7818064e-01	
   1.7063355e-01	
   1.3895188e-01	
   1.0545024e-01	
   8.9048159e-02	
   8.9938443e-02	
   8.2126194e-02	
   4.2387466e-02	
  -9.0969107e-03	
  -4.8240844e-02	
  -6.7355518e-02	
  -6.9159143e-02	
  -5.6289595e-02	
  -2.7089288e-02	
   6.7866168e-03	
   3.0376714e-02	
   4.9619555e-02	
   7.0883398e-02	
   8.0771474e-02	
   6.4755685e-02	
   3.8209438e-02	
   5.6946077e-03	
  -2.3921181e-02	
  -2.9459341e-02	
  -2.0749023e-02	
  -1.8630239e-02	
  -2.8498445e-02	
  -4.6314662e-02	
  -7.1322066e-02	
  -1.0420681e-01	
  -1.3310023e-01	
  -1.5906569e-01	
  -1.9251261e-01	
  -2.1945876e-01	
  -2.2756938e-01	
  -2.1849972e-01	
  -1.8763112e-01	
  -1.4138821e-01	
  -9.0333220e-02	
  -5.4458424e-02	
  -4.2188787e-02	
  -4.6830595e-02	
  -3.7284628e-02	
   9.6057468e-03	
   8.5571775e-02	
   1.6890463e-01	
   2.3827740e-01	
   2.7425677e-01	
   2.8212500e-01	
   2.6977129e-01	
   2.4290448e-01	
   2.1568347e-01	
   1.9295390e-01	
   1.6382971e-01	
   1.2719248e-01	
   9.8343096e-02	
   8.6425060e-02	
   8.7186363e-02	
   9.7401652e-02	
   1.1777318e-01	
   1.4399136e-01	
   1.6531454e-01	
   1.7677535e-01	
   1.7133242e-01	
   1.3936576e-01	
   8.4808138e-02	
   1.1469746e-02	
  -6.8392478e-02	
  -1.4506856e-01	
  -2.1180233e-01	
  -2.6494839e-01	
  -2.9741671e-01	
  -2.9223484e-01	
  -2.4976601e-01	
  -1.8694029e-01	
  -1.2489974e-01	
  -6.9106276e-02	
  -2.1635980e-02	
  -1.7840347e-04	
  -2.5297936e-02	
  -5.7015965e-02	
  -5.5504917e-02	
  -3.2707146e-02	
  -2.9756079e-02	
  -5.5716455e-02	
  -8.6987455e-02	
  -1.0780733e-01	
  -1.1504203e-01	
  -1.0913586e-01	
  -9.2705835e-02	
  -7.0082792e-02	
  -5.9976872e-02	
  -6.4482828e-02	
  -6.8369708e-02	
  -6.9507905e-02	
  -6.7806240e-02	
  -5.4436190e-02	
  -3.3320890e-02	
  -2.6693121e-02	
  -3.9882415e-02	
  -6.6069722e-02	
  -9.0102208e-02	
  -9.3943976e-02	
  -5.9500510e-02	
   9.8162558e-03	
   9.6363193e-02	
   1.7891060e-01	
   2.3403868e-01	
   2.4962014e-01	
   2.5073627e-01	
   2.3972678e-01	
   2.0834917e-01	
   1.5955345e-01	
   9.9837114e-02	
   5.8362115e-02	
   4.8906352e-02	
   5.6707708e-02	
   5.9034913e-02	
   4.6747580e-02	
   2.4984575e-02	
   1.2235547e-03	
  -2.2530058e-02	
  -2.0593023e-02	
   6.4481617e-03	
   4.4403077e-02	
   8.0748536e-02	
   9.3684476e-02	
   8.1319868e-02	
   4.4526239e-02	
   3.3853515e-03	
  -2.4288303e-02	
  -1.8838223e-02	
   4.2769741e-03	
   1.5345365e-02	
   7.3156356e-03	
  -3.1262599e-02	
  -9.1878586e-02	
  -1.5134988e-01	
  -1.9839346e-01	
  -2.1741070e-01	
  -2.1108717e-01	
  -1.8395206e-01	
  -1.4837277e-01	
  -1.1304501e-01	
  -7.0239329e-02	
  -1.9074636e-02	
   4.0137884e-02	
   9.5808175e-02	
   1.2626730e-01	
   1.2451455e-01	
   1.0812578e-01	
   1.0607474e-01	
   1.2861386e-01	
   1.5851924e-01	
   1.7087226e-01	
   1.6272936e-01	
   1.2519089e-01	
   6.5210489e-02	
   1.6577351e-02	
   4.6119418e-03	
   8.8612788e-03	
   1.3695734e-02	
   1.4821250e-02	
   2.3847809e-03	
  -1.8926391e-02	
  -5.0640925e-02	
  -9.6364037e-02	
  -1.4494672e-01	
  -1.8489084e-01	
  -2.1240955e-01	
  -2.2616945e-01	
  -2.1930892e-01	
  -1.7769467e-01	
  -1.0574854e-01	
  -1.7960848e-02	
   5.6412966e-02	
   8.5475950e-02	
   7.0208168e-02	
   3.8407562e-02	
   9.0350578e-03	
  -1.1394119e-02	
  -1.5177429e-02	
   2.6465168e-03	
   3.5723880e-02	
   8.4412338e-02	
   1.2385272e-01	
   1.3821329e-01	
   1.3473272e-01	
   1.1661772e-01	
   8.5819270e-02	
   4.8943371e-02	
   2.0253288e-02	
   7.9272441e-03	
   9.2066859e-03	
   2.1887924e-02	
   3.5623706e-02	
   3.0920729e-02	
   7.1524102e-03	
  -1.7333292e-02	
  -1.1636560e-02	
   3.9585022e-02	
   1.2559057e-01	
   2.0695391e-01	
   2.3281332e-01	
   1.8229077e-01	
   9.7135816e-02	
   2.2816370e-03	
  -8.9134987e-02	
  -1.5013038e-01	
  -1.8430646e-01	
  -1.9298885e-01	
  -1.7565505e-01	
  -1.4327560e-01	
  -1.1221387e-01	
  -9.2171114e-02	
  -7.0317786e-02	
  -4.7952218e-02	
  -3.0612840e-02	
  -1.9400648e-02	
  -7.5928404e-03	
   5.5081581e-03	
   1.2513518e-02	
   1.7451518e-02	
   1.9880098e-02	
   1.8352477e-02	
   1.2424803e-02	
   1.2377874e-03	
  -8.4292980e-03	
   1.6844487e-03	
   1.0195876e-02	
   1.2515981e-02	
   1.6524751e-02	
   1.8378871e-02	
   2.2202467e-02	
   2.6270014e-02	
   1.1231178e-02	
  -3.2724623e-02	
  -9.3720969e-02	
  -1.3821845e-01	
  -1.4472866e-01	
  -1.0726287e-01	
  -3.9943246e-02	
   3.1639602e-02	
   8.2666009e-02	
   9.7394304e-02	
   9.2308297e-02	
   7.9633734e-02	
   5.0969757e-02	
   2.2657112e-02	
   2.4848127e-03	
  -1.4410724e-02	
  -1.2340210e-02	
   1.0242249e-02	
   4.6911157e-02	
   8.8456629e-02	
   1.2377745e-01	
   1.3844108e-01	
   1.2179224e-01	
   7.0634821e-02	
   6.4579934e-03	
  -4.6074942e-02	
  -6.8960613e-02	
  -7.0096575e-02	
  -6.5304188e-02	
  -6.2010715e-02	
  -6.5555179e-02	
  -6.8646338e-02	
  -6.9882703e-02	
  -6.8076307e-02	
  -5.4766681e-02	
  -3.4986558e-02	
  -2.7258505e-02	
  -2.7363386e-02	
  -3.2480474e-02	
  -4.8842194e-02	
  -6.5654985e-02	
  -7.1084024e-02	
  -6.6399626e-02	
  -5.1078182e-02	
  -2.6217265e-02	
   5.1865254e-03	
   3.2836306e-02	
   5.3681719e-02	
   6.0922258e-02	
   5.6512295e-02	
   3.8091023e-02	
   8.6916069e-03	
  -1.7990797e-02	
  -3.0536001e-02	
  -3.0521861e-02	
  -1.8549319e-02	
   9.0931085e-03	
   4.7539388e-02	
   8.6467312e-02	
   1.1772760e-01	
   1.3211418e-01	
   1.1997873e-01	
   8.2502918e-02	
   2.2323027e-02	
  -4.1921630e-02	
  -9.5254230e-02	
  -1.2669459e-01	
  -1.3877731e-01	
  -1.3403981e-01	
  -1.0695166e-01	
  -6.7354703e-02	
  -3.5246168e-02	
  -1.3791479e-02	
   1.7194490e-02	
   4.7935427e-02	
   5.6409718e-02	
   3.7892026e-02	
   1.3364410e-02	
   4.0037393e-03	
   1.2233601e-02	
   4.6032908e-02	
   1.0085037e-01	
   1.5818510e-01	
   1.9479095e-01	
   2.1929432e-01	
   2.3316643e-01	
   2.1628344e-01	
   1.8630318e-01	
   1.5993318e-01	
   1.3738175e-01	
   1.2659489e-01	
   1.2366465e-01	
   1.1501303e-01	
   1.0037909e-01	
   8.1841451e-02	
   5.1848869e-02	
   1.6596297e-02	
  -1.9876970e-02	
  -4.7659442e-02	
  -5.9142435e-02	
  -6.0425520e-02	
  -5.6996979e-02	
  -4.8211908e-02	
  -4.2375560e-02	
  -4.6467505e-02	
  -5.0431769e-02	
  -4.8190469e-02	
  -3.9199450e-02	
  -3.0855926e-02	
  -2.9057831e-02	
  -2.9549148e-02	
  -2.8873709e-02	
  -3.2003258e-02	
  -4.6069103e-02	
  -7.0690290e-02	
  -1.0700330e-01	
  -1.4533558e-01	
  -1.7465182e-01	
  -1.9584423e-01	
  -2.1359360e-01	
  -2.2284201e-01	
  -2.1472433e-01	
  -1.8539975e-01	
  -1.3402481e-01	
  -7.0792112e-02	
  -1.9081111e-02	
   8.2910873e-03	
   1.1049260e-02	
  -2.6000186e-03	
  -2.0413071e-02	
  -1.8538059e-02	
   2.0346083e-02	
   8.2099820e-02	
   1.3903986e-01	
   1.8203031e-01	
   2.0292819e-01	
   2.0329222e-01	
   1.9240994e-01	
   1.7767312e-01	
   1.5827258e-01	
   1.2881126e-01	
   1.0668365e-01	
   9.6252761e-02	
   8.2847767e-02	
   6.1908247e-02	
   4.7082191e-02	
   3.6687795e-02	
   2.7512356e-02	
   3.1617368e-02	
   5.6844583e-02	
   8.3178685e-02	
   9.1591202e-02	
   8.1854797e-02	
   5.2421284e-02	
   1.4141631e-02	
  -2.6826153e-02	
  -5.6686189e-02	
  -7.6640505e-02	
  -8.8430751e-02	
  -7.3500658e-02	
  -4.8320323e-02	
  -2.9067950e-02	
  -2.2035723e-02	
  -2.6159483e-02	
  -3.3951822e-02	
  -4.6651349e-02	
  -5.7796066e-02	
  -7.1958827e-02	
  -9.5565297e-02	
  -1.1767487e-01	
  -1.3341948e-01	
  -1.5172851e-01	
  -1.8273682e-01	
  -2.0969241e-01	
  -2.2949769e-01	
  -2.6045258e-01	
  -2.9149724e-01	
  -3.0156953e-01	
  -2.7912297e-01	
  -2.3028772e-01	
  -1.6834677e-01	
  -9.1512288e-02	
  -2.0026417e-02	
   3.0159922e-02	
   5.5115730e-02	
   5.8280739e-02	
   5.8360854e-02	
   6.7909512e-02	
   8.2731755e-02	
   9.9058790e-02	
   1.2731521e-01	
   1.5946289e-01	
   1.7668866e-01	
   1.8312211e-01	
   1.8272799e-01	
   1.7582376e-01	
   1.6110670e-01	
   1.3711612e-01	
   1.1457075e-01	
   9.8377165e-02	
   8.3068521e-02	
   6.0269390e-02	
   3.6711468e-02	
   1.8431073e-02	
   9.9337337e-03	
   1.0039399e-02	
   4.2999978e-03	
  -1.4460850e-02	
  -3.4284636e-02	
  -5.4725829e-02	
  -7.4002680e-02	
  -9.2478517e-02	
  -9.9813977e-02	
  -1.0026013e-01	
  -9.3068091e-02	
  -7.1230998e-02	
  -4.9838849e-02	
  -3.7620133e-02	
  -3.1683125e-02	
  -2.9856908e-02	
  -2.6314490e-02	
  -2.4896992e-02	
  -3.8755161e-02	
  -5.5214633e-02	
  -6.2547084e-02	
  -6.8240986e-02	
  -6.8668015e-02	
  -5.5483746e-02	
  -3.5630886e-02	
  -2.6018179e-02	
  -2.1239059e-02	
  -1.9262730e-02	
  -2.2309701e-02	
  -2.8719804e-02	
  -2.8434257e-02	
  -2.1926443e-02	
  -2.0039713e-02	
  -2.1666197e-02	
  -1.4850186e-02	
   2.5833481e-03	
   1.2564647e-02	
   1.6943966e-02	
   2.0451401e-02	
   2.5564020e-02	
   3.0849432e-02	
   3.7107586e-02	
   3.7269514e-02	
   2.8533656e-02	
   1.9606279e-02	
   1.7161364e-02	
   2.0146987e-02	
   2.6048614e-02	
   3.1001321e-02	
   3.5997849e-02	
   3.7637600e-02	
   4.0076278e-02	
   4.6407994e-02	
   4.7168692e-02	
   3.7491003e-02	
   2.2529690e-02	
   3.1019691e-03	
  -2.6406065e-02	
  -4.9779289e-02	
  -5.9022430e-02	
  -5.9633374e-02	
  -5.8733636e-02	
  -5.8699805e-02	
  -5.9062448e-02	
  -5.9850732e-02	
  -5.8035557e-02	
  -4.9760471e-02	
  -3.8559709e-02	
  -3.2818253e-02	
  -3.6209328e-02	
  -4.1477560e-02	
  -4.9477794e-02	
  -5.8990446e-02	
  -6.5817847e-02	
  -7.3573525e-02	
  -8.6402022e-02	
  -8.6291740e-02	
  -6.7698420e-02	
  -5.5150316e-02	
  -6.3882739e-02	
  -7.0189063e-02	
  -5.8509189e-02	
  -2.9447276e-02	
   5.8784369e-03	
   4.1458306e-02	
   8.4001981e-02	
   1.2762235e-01	
   1.6139586e-01	
   1.7462838e-01	
   1.7311714e-01	
   1.6755078e-01	
   1.5796515e-01	
   1.3850344e-01	
   1.2576246e-01	
   1.2418796e-01	
   1.2396076e-01	
   1.2524093e-01	
   1.3876271e-01	
   1.6003109e-01	
   1.6365127e-01	
   1.4710342e-01	
   1.2383018e-01	
   9.6537017e-02	
   6.6474171e-02	
   3.6381594e-02	
   1.4507869e-02	
   1.4406841e-03	
  -1.5489708e-02	
  -2.3532313e-02	
  -1.4990110e-02	
   3.2969179e-03	
   1.0068384e-02	
   1.0620274e-02	
   1.7862044e-02	
   2.6773375e-02	
   2.9987130e-02	
   2.7099814e-02	
   1.8395027e-02	
   9.8206806e-03	
   7.5445250e-03	
   9.2181332e-03	
   1.1053232e-02	
   3.8283238e-03	
  -1.6406813e-02	
  -3.0286301e-02	
  -3.1950281e-02	
  -2.7745373e-02	
  -2.1524040e-02	
  -2.1600252e-02	
  -2.6713031e-02	
  -3.2855878e-02	
  -4.7702230e-02	
  -7.0941638e-02	
  -9.5072332e-02	
  -1.0966762e-01	
  -1.1630304e-01	
  -1.1775570e-01	
  -1.1724619e-01	
  -1.1688821e-01	
  -1.1723805e-01	
  -1.1871355e-01	
  -1.1556325e-01	
  -9.8270299e-02	
  -6.9614335e-02	
  -3.8672742e-02	
  -1.1281592e-02	
   7.8100314e-03	
   2.1645831e-02	
   3.3801223e-02	
   4.0239786e-02	
   4.7796923e-02	
   5.5810115e-02	
   5.8119466e-02	
   5.7129882e-02	
   5.6358271e-02	
   5.9228677e-02	
   6.5338298e-02	
   6.7111121e-02	
   6.5859186e-02	
   7.0622915e-02	
   8.2569519e-02	
   8.7467988e-02	
   8.6303894e-02	
   8.6441286e-02	
   8.8202361e-02	
   8.1909214e-02	
   6.0230951e-02	
   3.9070727e-02	
   2.4245366e-02	
   1.1909367e-02	
   7.9488637e-03	
   8.3125847e-03	
   8.0454985e-03	
   1.0316595e-02	
   1.8651777e-02	
   2.4824474e-02	
   2.2481460e-02	
   1.7613715e-02	
   4.3945364e-03	
  -1.4194290e-02	
  -2.2701767e-02	
  -3.3384303e-02	
  -5.3198803e-02	
  -7.3286468e-02	
  -9.7548854e-02	
  -1.1424266e-01	
  -1.1192441e-01	
  -9.4301675e-02	
  -6.0856571e-02	
  -2.1152330e-02	
   1.9257031e-02	
   6.0059728e-02	
   9.0059936e-02	
   9.9229706e-02	
   1.0755570e-01	
   1.2161628e-01	
   1.2779334e-01	
   1.2094780e-01	
   1.0260242e-01	
   8.0496612e-02	
   4.8396665e-02	
   2.0414650e-02	
   9.9687171e-03	
   2.8335583e-03	
  -1.5006345e-02	
  -3.1867406e-02	
  -4.8781055e-02	
  -7.1282902e-02	
  -9.5477973e-02	
  -1.0785003e-01	
  -1.0889159e-01	
  -1.0621922e-01	
  -1.0142552e-01	
  -9.1654823e-02	
  -7.4648537e-02	
  -6.7491479e-02	
  -6.6356331e-02	
  -6.2505249e-02	
  -5.8116378e-02	
  -4.7311227e-02	
  -3.3537731e-02	
  -2.7396135e-02	
  -2.4058186e-02	
  -1.4791897e-02	
   3.7108112e-03	
   1.2246123e-02	
   3.7829646e-03	
  -1.4624874e-02	
  -2.3010074e-02	
  -2.3151259e-02	
  -1.5044824e-02	
   5.2819199e-03	
   1.8807529e-02	
   1.7763549e-02	
   1.0528739e-02	
   7.5324273e-03	
   7.8545108e-03	
   1.0612012e-02	
   1.6444298e-02	
   1.9530850e-02	
   1.7988840e-02	
   8.4781109e-03	
  -9.6874031e-03	
  -3.3252631e-02	
  -5.4438206e-02	
  -6.3116331e-02	
  -6.7393142e-02	
  -6.9138757e-02	
  -6.8775746e-02	
  -6.8757763e-02	
  -6.9846031e-02	
  -6.8817621e-02	
  -5.6746494e-02	
  -3.4947642e-02	
  -1.4471049e-02	
   3.1337640e-03	
   1.0775490e-02	
   2.0114724e-02	
   3.5812327e-02	
   4.6135803e-02	
   5.0564146e-02	
   5.5672346e-02	
   5.5553623e-02	
   4.9877099e-02	
   4.6903163e-02	
   4.5840296e-02	
   4.7557610e-02	
   6.0968125e-02	
   8.1137563e-02	
   8.8383186e-02	
   8.6569452e-02	
   8.5324439e-02	
   8.6439399e-02	
   8.8214108e-02	
   8.1458362e-02	
   6.1841011e-02	
   4.4096062e-02	
   3.1869610e-02	
   2.2969480e-02	
   1.1886190e-02	
   8.1009446e-03	
   1.0116406e-02	
   3.7754317e-03	
  -1.5771511e-02	
  -3.1303123e-02	
  -4.0959473e-02	
  -4.8753678e-02	
  -5.1278828e-02	
  -4.5168869e-02	
  -3.4984611e-02	
  -3.8120108e-02	
  -4.9562834e-02	
  -5.7885733e-02	
  -6.2033812e-02	
  -6.7071967e-02	
  -6.9380245e-02	
  -6.9094658e-02	
  -6.8958388e-02	
  -6.9425645e-02	
  -6.7802596e-02	
  -6.0778273e-02	
  -4.8683454e-02	
  -3.0441785e-02	
  -9.7650200e-03	
   5.5184813e-03	
   1.2081622e-02	
   1.7068071e-02	
   1.6702756e-02	
   1.0695603e-02	
   7.8291020e-03	
   7.9804540e-03	
   1.0145034e-02	
   1.5028062e-02	
   2.2667310e-02	
   3.4780828e-02	
   3.7706832e-02	
   2.8949326e-02	
   1.7446325e-02	
   9.5794581e-03	
   7.7110799e-03	
   8.1995724e-03	
   9.3019543e-03	
   1.0317975e-02	
   3.0831300e-03	
  -1.4269519e-02	
  -2.4478046e-02	
  -2.8890223e-02	
  -2.9744213e-02	
  -3.1634915e-02	
  -3.9516564e-02	
  -4.7745138e-02	
  -5.3120605e-02	
  -5.6479636e-02	
  -5.0690307e-02	
  -3.9504827e-02	
  -3.1229602e-02	
  -2.9477265e-02	
  -3.0234953e-02	
  -3.0445728e-02	
  -3.0367916e-02	
  -3.0228032e-02	
  -2.9906519e-02	
  -3.0116945e-02	
  -3.1594321e-02	
  -3.0172235e-02	
  -1.6646195e-02	
   3.2316401e-03	
   9.9893516e-03	
   1.0943873e-02	
   1.5849769e-02	
   1.8644270e-02	
   1.8544771e-02	
   1.8138466e-02	
   1.8154751e-02	
   1.8143599e-02	
   1.8084278e-02	
   1.8389357e-02	
   1.8872829e-02	
   1.6389703e-02	
   1.0243858e-02	
   7.3865824e-03	
   9.9772668e-03	
   1.5745236e-02	
   2.0683435e-02	
   2.6324152e-02	
   2.8851893e-02	
   2.6358281e-02	
   2.0612019e-02	
   1.5600626e-02	
   1.0192003e-02	
   7.9994978e-03	
   8.3103376e-03	
   8.5351458e-03	
   8.5952342e-03	
   8.5690319e-03	
   8.2587016e-03	
   7.8805413e-03	
   1.0304431e-02	
   1.6120849e-02	
   1.8992942e-02	
   1.9035075e-02	
   1.6212115e-02	
   1.0195786e-02	
   7.5415897e-03	
   8.5115283e-03	
   9.9580721e-03	
   5.5569333e-03	
  -8.7060163e-03	
  -2.0649753e-02	
  -2.3510079e-02	
  -1.4988928e-02	
   2.6572303e-03	
   1.1737588e-02	
   1.5648181e-02	
   2.2247559e-02	
   3.3592435e-02	
   3.8203143e-02	
   3.9699773e-02	
   4.4630464e-02	
   4.9378534e-02	
   5.4474639e-02	
   5.9289786e-02	
   6.5632146e-02	
   6.6415067e-02	
   5.6276994e-02	
   4.0007513e-02	
   2.4270916e-02	
   1.1006541e-02	
   7.5934174e-03	
   9.5476394e-03	
   5.4418783e-03	
  -8.4443072e-03	
  -2.0980094e-02	
  -3.0152654e-02	
  -4.2357458e-02	
  -5.7629818e-02	
  -6.6815485e-02	
  -7.3896905e-02	
  -8.8285366e-02	
  -9.1794400e-02	
  -7.6856363e-02	
  -6.5987839e-02	
  -5.8418617e-02	
  -5.1606280e-02	
  -5.0019932e-02	
  -4.6731315e-02	
  -3.6618106e-02	
  -2.1543969e-02	
   3.8729622e-04	
   1.1180683e-02	
   1.9848302e-02	
   3.5087029e-02	
   4.8361334e-02	
   5.6029330e-02	
   5.7455536e-02	
   5.6757199e-02	
   5.6502256e-02	
   5.6975649e-02	
   5.7681305e-02	
   5.5357814e-02	
   4.7223813e-02	
   3.9527219e-02	
   3.5299373e-02	
   2.7681643e-02	
   1.9669761e-02	
   1.5859580e-02	
   1.2165481e-02	
   2.7938790e-03	
  -1.7073612e-02	
  -3.0230256e-02	
  -3.1919359e-02	
  -3.0945693e-02	
  -2.8244872e-02	
  -2.2725222e-02	
  -2.0198027e-02	
  -2.0516780e-02	
  -2.0982299e-02	
  -2.1186886e-02	
  -1.9232523e-02	
  -1.4338066e-02	
  -6.9792479e-03	
   5.0504526e-03	
   1.0744856e-02	
   5.3547158e-03	
  -8.9457642e-03	
  -1.9593459e-02	
  -2.4790106e-02	
  -2.8062557e-02	
  -1.8138476e-02	
   2.0951843e-03	
   2.1406647e-02	
   5.0201711e-02	
   7.9951157e-02	
   8.8560576e-02	
   8.6057570e-02	
   8.5515253e-02	
   8.7044394e-02	
   8.2703872e-02	
   6.8630977e-02	
   5.7903270e-02	
   5.3653409e-02	
   4.9176438e-02	
   4.7137263e-02	
   4.4930291e-02	
   3.9979580e-02	
   3.5693445e-02	
   2.8042737e-02	
   1.7492628e-02	
   9.2264347e-03	
   7.1594595e-03	
   8.5211415e-03	
   9.7897685e-03	
   4.9348495e-03	
  -9.1143597e-03	
  -1.9628015e-02	
  -2.3842109e-02	
  -2.8650086e-02	
  -3.0935038e-02	
  -3.0820446e-02	
  -3.0546100e-02	
  -3.0562723e-02	
  -3.0533638e-02	
  -3.0577181e-02	
  -3.0851318e-02	
  -3.0966109e-02	
  -2.8460204e-02	
  -2.5097718e-02	
  -2.5494064e-02	
  -2.5218149e-02	
  -2.8762275e-02	
  -3.0744978e-02	
  -2.9527232e-02	
  -3.3521108e-02	
  -4.7451677e-02	
  -6.1115158e-02	
  -6.8538737e-02	
  -6.9641761e-02	
  -6.9535262e-02	
  -7.0991516e-02	
  -6.6926403e-02	
  -5.0303900e-02	
  -3.1886590e-02	
  -2.3159997e-02	
  -1.4818003e-02	
   2.5436013e-03	
   1.1269597e-02	
   5.6199123e-03	
  -9.7998266e-03	
  -2.0568009e-02	
  -2.1705312e-02	
  -2.0866545e-02	
  -2.1805694e-02	
  -2.0385267e-02	
  -9.4857328e-03	
   4.9020845e-03	
   9.5651956e-03	
   8.3700149e-03	
   7.7068617e-03	
   7.9909907e-03	
   8.1957215e-03	
   7.9507991e-03	
   7.7130441e-03	
   9.6841461e-03	
   1.4502705e-02	
   2.1302104e-02	
   3.4842712e-02	
   4.7949339e-02	
   5.5551042e-02	
   5.7041346e-02	
   5.6694779e-02	
   5.6768549e-02	
   5.4556165e-02	
   4.9566240e-02	
   4.5455101e-02	
   3.5885709e-02	
   2.0410340e-02	
   5.3227302e-03	
  -9.8183054e-03	
  -2.1377443e-02	
  -3.0775126e-02	
  -4.1198289e-02	
  -4.9878936e-02	
  -4.9684566e-02	
  -4.0260460e-02	
  -3.1803814e-02	
  -3.1171501e-02	
  -3.0624557e-02	
  -1.7749547e-02	
   2.1514149e-03	
   1.1862219e-02	
   1.6496560e-02	
   1.8403368e-02	
   1.5763110e-02	
   9.8173034e-03	
   7.2498473e-03	
   7.6981590e-03	
   8.0842900e-03	
   8.0779418e-03	
   7.6667177e-03	
   7.5180606e-03	
   8.4898223e-03	
   9.6433845e-03	
   2.4153295e-03	
  -1.4915893e-02	
  -2.4976820e-02	
  -2.9649351e-02	
  -3.1163726e-02	
  -3.1158225e-02	
  -2.9674445e-02	
  -2.4988408e-02	
  -1.4957768e-02	
   2.3860668e-03	
   9.5724177e-03	
   7.7387995e-03	
   6.7948448e-03	
   6.9979937e-03	
   7.2700638e-03	
   7.3434584e-03	
   7.3373396e-03	
   7.1048534e-03	
   6.6727932e-03	
   8.8374786e-03	
   1.4530043e-02	
   1.9647141e-02	
   2.2540901e-02	
   2.0933522e-02	
   2.0518597e-02	
   2.2049585e-02	
   3.0761670e-02	
   3.5762686e-02	
   3.5566708e-02	
   3.2469730e-02	
   2.4070290e-02	
   1.5980756e-02	
   1.1837464e-02	
   7.7475111e-03	
   8.3424770e-04	
  -1.2750587e-02	
  -2.2542143e-02	
  -2.3631027e-02	
  -2.4852059e-02	
  -3.0001956e-02	
  -3.2430079e-02	
  -3.1454685e-02	
  -3.0113579e-02	
  -3.1749904e-02	
  -3.8788586e-02	
  -4.5348711e-02	
  -4.8688647e-02	
  -5.2652584e-02	
  -5.4088581e-02	
  -5.0862274e-02	
  -4.4277225e-02	
  -3.8812358e-02	
  -3.5987164e-02	
  -3.6409348e-02	
  -3.0696261e-02	
  -2.2669823e-02	
  -1.8568008e-02	
  -1.4542078e-02	
  -5.8747419e-03	
   9.0744987e-03	
   1.5099210e-02	
   1.3807933e-02	
   1.3011448e-02	
   1.5531185e-02	
   1.8115041e-02	
   1.5166268e-02	
   1.3544033e-02	
   1.4456332e-02	
   9.1118931e-03	
  -3.9307716e-03	
  -1.0647174e-02	
  -1.2603057e-02	
  -1.6001599e-02	
  -2.4959820e-02	
  -3.3247983e-02	
  -3.6938617e-02	
  -3.6241730e-02	
  -3.4355427e-02	
  -3.1507115e-02	
  -2.4717508e-02	
  -1.4269708e-02	
  -2.6846252e-03	
   3.9286119e-03	
   9.7560760e-03	
   2.1910406e-02	
   3.2990787e-02	
   4.1379432e-02	
   4.7174898e-02	
   5.5009767e-02	
   6.4733521e-02	
   6.6526879e-02	
   6.4884556e-02	
   6.5353332e-02	
   6.4697068e-02	
   6.2365425e-02	
   5.8106229e-02	
   5.2397244e-02	
   4.9312271e-02	
   4.7960351e-02	
   4.2301274e-02	
   3.0495973e-02	
   2.1434133e-02	
   1.5794499e-02	
   1.0388130e-02	
   5.9213692e-03	
   4.2952414e-03	
   5.0419396e-03	
   6.7682244e-03	
   7.9150590e-03	
   1.0256836e-02	
   1.2394269e-02	
   1.1979840e-02	
   1.0393135e-02	
   8.9358958e-03	
   7.8013734e-03	
   6.8007124e-03	
   4.9703801e-03	
   1.2732137e-03	
  -2.9718752e-03	
  -6.4281150e-03	
  -8.5550674e-03	
  -1.1192987e-02	
  -1.6300830e-02	
  -1.9155794e-02	
  -1.8693007e-02	
  -1.7501496e-02	
  -1.6629791e-02	
  -1.5953895e-02	
  -1.5324721e-02	
  -1.4270939e-02	
  -1.2147339e-02	
  -9.2696401e-03	
  -6.7656148e-03	
  -6.1652888e-03	
  -6.0719964e-03	
  -5.1614631e-03	
  -4.3056867e-03	
  -3.6766391e-03	
  -2.7895138e-03	
  -3.0403098e-03	
  -4.1517817e-03	
  -5.0465044e-03	
  -6.2082708e-03	
  -7.3952086e-03	
  -8.0565565e-03	
  -8.8035001e-03	
  -9.2817090e-03	
  -9.2427725e-03	
  -9.0753865e-03	
  -9.2053970e-03	
  -9.0657544e-03	
  -8.4457798e-03	
  -7.7200120e-03	
  -6.9888313e-03	
  -6.2440694e-03	
  -5.5890409e-03	
  -4.9191522e-03	
  -4.3363595e-03	
  -3.9642973e-03	
  -3.6764057e-03	
  -3.3477962e-03	
  -2.9894305e-03	
  -2.7173187e-03	
  -2.5032120e-03	
  -2.2946393e-03	
  -2.0874459e-03	
  -1.8917454e-03	
  -1.7086452e-03	
  -1.5190795e-03	
  -1.3063938e-03	
  -1.1099178e-03	
  -9.6897337e-04	
  -8.4998159e-04	
  -7.2666171e-04	
  -6.0121890e-04	
  -4.8244111e-04	
  -3.6908430e-04	
  -2.4750356e-04	
  -1.2068803e-04	
   3.2856751e-06	
   1.2413205e-04	
   2.4085960e-04	
   3.5297615e-04	
   4.6154690e-04	
   5.6642706e-04	
   6.6696970e-04	
   7.6342545e-04	
   8.5615040e-04	
   9.4533272e-04	
   1.0310349e-03	
   1.1132573e-03	
