   1.5886674e-03	
   1.5915300e-03	
   1.5931966e-03	
   1.5925967e-03	
   1.5855078e-03	
   1.5732493e-03	
   1.5615257e-03	
   1.5548368e-03	
   1.5542735e-03	
   1.5565669e-03	
   1.5652945e-03	
   1.5648965e-03	
   1.5540557e-03	
   1.5427947e-03	
   1.5478040e-03	
   1.5733438e-03	
   1.6020859e-03	
   1.6731810e-03	
   1.7611925e-03	
   1.8048071e-03	
   1.7845286e-03	
   1.7132692e-03	
   1.6810672e-03	
   1.7333961e-03	
   1.8496780e-03	
   1.9158612e-03	
   1.8913995e-03	
   1.7769885e-03	
   1.5858929e-03	
   1.2717436e-03	
   1.0051493e-03	
   9.9021522e-04	
   1.1258808e-03	
   1.1664026e-03	
   1.2270611e-03	
   1.3823994e-03	
   1.3324262e-03	
   1.2842226e-03	
   1.6185642e-03	
   1.8190109e-03	
   1.9342754e-03	
   2.1972710e-03	
   2.3283813e-03	
   2.3300915e-03	
   2.4582477e-03	
   2.8001274e-03	
   3.1648856e-03	
   3.5805917e-03	
   3.6485268e-03	
   3.3688286e-03	
   3.0877097e-03	
   2.5602433e-03	
   2.0580768e-03	
   1.8858220e-03	
   1.4278503e-03	
   4.0570700e-04	
  -4.4402569e-04	
  -7.0796735e-04	
  -7.3331059e-04	
  -5.4754015e-04	
  -1.1957096e-04	
   3.5909845e-05	
   2.9310129e-04	
   6.6542272e-04	
   2.8422724e-05	
  -1.3184770e-03	
  -2.3975008e-03	
  -2.4408063e-03	
  -1.8271772e-03	
  -1.3366349e-03	
  -4.5743114e-04	
   6.5730630e-04	
   1.5427305e-03	
   2.1471703e-03	
   1.9578246e-03	
   6.8843506e-04	
  -6.0116128e-04	
  -9.7183730e-04	
  -9.0404299e-04	
  -9.0812092e-04	
  -1.0479616e-03	
  -1.2102150e-03	
  -8.6642976e-04	
   2.7234604e-04	
   1.3122400e-03	
   2.3052503e-03	
   3.9499953e-03	
   6.0756001e-03	
   7.7540991e-03	
   7.7835630e-03	
   6.7410280e-03	
   5.8449583e-03	
   4.2497816e-03	
   2.5768621e-03	
   2.1330757e-03	
   2.3220305e-03	
   2.2239339e-03	
   1.4027829e-03	
  -8.6498036e-05	
  -2.3641843e-03	
  -4.4243677e-03	
  -5.1164200e-03	
  -4.5593349e-03	
  -3.1548197e-03	
  -1.7820249e-03	
  -8.8723443e-04	
  -2.4819267e-03	
  -5.5579218e-03	
  -7.9870196e-03	
  -8.8197344e-03	
  -8.2998850e-03	
  -6.0788307e-03	
  -2.9034887e-03	
  -5.7931276e-04	
  -9.7412419e-04	
  -2.3652581e-03	
  -1.2205117e-03	
   9.7916969e-04	
   3.2177233e-03	
   4.5619364e-03	
   3.4811486e-03	
   2.1967442e-03	
   7.9930017e-04	
  -5.2125672e-04	
  -7.9582305e-04	
  -5.7216390e-04	
  -1.3939910e-03	
  -3.6226163e-03	
  -4.8576673e-03	
  -4.1406401e-03	
  -1.1078390e-03	
   2.9166408e-03	
   5.8637001e-03	
   6.5865399e-03	
   6.5353839e-03	
   6.5762252e-03	
   5.5974787e-03	
   4.1758611e-03	
   5.1961792e-03	
   7.3569463e-03	
   1.1105281e-02	
   1.3702214e-02	
   1.1490017e-02	
   7.0448502e-03	
   2.4973726e-03	
  -2.0026855e-03	
  -4.2470204e-03	
  -2.6002304e-03	
  -1.3026279e-03	
  -1.3048300e-03	
  -1.3885028e-03	
  -2.3680718e-03	
  -4.8313982e-03	
  -7.3802618e-03	
  -1.0217277e-02	
  -1.0182356e-02	
  -7.3353130e-03	
  -5.9748856e-03	
  -6.0896572e-03	
  -7.4372140e-03	
  -1.0121413e-02	
  -1.2564721e-02	
  -1.5503562e-02	
  -1.7075068e-02	
  -1.6148403e-02	
  -1.2085857e-02	
  -6.6329231e-03	
  -2.5815493e-03	
  -1.6233401e-03	
  -2.1133915e-03	
  -2.5504346e-03	
  -1.5143447e-03	
   2.5985453e-03	
   8.1134815e-03	
   1.3702804e-02	
   1.8275107e-02	
   1.9937039e-02	
   1.7188810e-02	
   9.5104795e-03	
   3.6255699e-03	
   1.0485405e-03	
  -3.2978421e-04	
   1.7839470e-03	
   3.6520313e-03	
   2.6393693e-03	
  -2.0418325e-03	
  -8.4982039e-03	
  -1.3597682e-02	
  -1.3557636e-02	
  -8.2237966e-03	
  -2.7831119e-03	
  -2.6504824e-03	
  -8.0400989e-03	
  -1.4935230e-02	
  -1.8404721e-02	
  -1.6155686e-02	
  -1.2729276e-02	
  -9.4996237e-03	
  -8.7463485e-03	
  -7.8711885e-03	
  -3.1452441e-03	
   3.2761305e-03	
   8.1260097e-03	
   1.1125379e-02	
   1.3217976e-02	
   9.9969856e-03	
   3.4166495e-03	
  -3.5210608e-03	
  -8.7809437e-03	
  -8.5505562e-03	
  -2.9619294e-03	
   2.3630997e-03	
   3.7966188e-03	
   3.6926933e-03	
   2.2032208e-03	
  -2.7599131e-03	
  -8.0393719e-03	
  -1.1374117e-02	
  -1.3229585e-02	
  -1.0665608e-02	
  -8.3726939e-03	
  -9.9289233e-03	
  -1.5932973e-02	
  -2.0349500e-02	
  -1.7172757e-02	
  -8.7133052e-03	
   3.4709416e-03	
   1.5492834e-02	
   2.1910235e-02	
   2.2788107e-02	
   2.1910881e-02	
   2.2544484e-02	
   2.6262694e-02	
   3.4802880e-02	
   4.2987990e-02	
   3.3954106e-02	
   2.0177477e-02	
   1.0780748e-02	
   8.3806320e-03	
   1.0761387e-02	
   1.4848501e-02	
   1.6902067e-02	
   1.5650370e-02	
   9.5428806e-03	
  -4.0470748e-04	
  -8.4469469e-03	
  -1.0206975e-02	
  -9.1371150e-03	
  -1.0075597e-02	
  -1.5161709e-02	
  -2.2314739e-02	
  -2.9612937e-02	
  -3.3379922e-02	
  -2.9416542e-02	
  -2.2283153e-02	
  -1.5783261e-02	
  -9.5498505e-03	
  -2.6501058e-03	
   3.0239238e-03	
   2.8332862e-03	
  -3.1672856e-03	
  -8.6250505e-03	
  -9.6099551e-03	
  -1.0701925e-02	
  -1.4589817e-02	
  -1.6521145e-02	
  -1.4828309e-02	
  -1.1169917e-02	
  -8.2322824e-03	
  -3.1112935e-03	
   2.4825979e-03	
   4.3299353e-03	
   2.0917278e-03	
  -2.5969642e-03	
  -2.9039562e-03	
   3.2980018e-03	
   9.7407529e-03	
   8.3064898e-03	
  -1.3033069e-03	
  -1.0446989e-02	
  -1.5784040e-02	
  -1.5484107e-02	
  -9.8320589e-03	
  -2.6175759e-03	
   2.5553696e-03	
   3.7615738e-03	
   3.3711236e-03	
   3.0222123e-03	
   2.8526822e-03	
   4.5512436e-03	
   8.3988456e-03	
   1.0049520e-02	
   9.7981354e-03	
   9.5790601e-03	
   9.5604194e-03	
   9.6175412e-03	
   9.7963000e-03	
   9.9509609e-03	
   8.4174504e-03	
   5.0049965e-03	
   2.1912263e-03	
  -2.8058615e-03	
  -9.7581547e-03	
  -1.5074517e-02	
  -1.6319459e-02	
  -1.5811241e-02	
  -1.5589597e-02	
  -1.5813722e-02	
  -1.6230308e-02	
  -1.5025754e-02	
  -1.0040790e-02	
  -3.0645200e-03	
   4.1576899e-03	
   8.2556729e-03	
   4.8670040e-03	
  -4.1418202e-03	
  -1.5794299e-02	
  -2.1671150e-02	
  -1.5558034e-02	
  -3.2245628e-03	
   2.9180873e-03	
  -3.1865160e-03	
  -1.5027175e-02	
  -2.2349585e-02	
  -2.2101108e-02	
  -1.6618417e-02	
  -7.9505858e-03	
   2.6779867e-03	
   9.1883459e-03	
   1.0054750e-02	
   1.0878467e-02	
   1.3987118e-02	
   1.7263669e-02	
   2.3258956e-02	
   2.7656295e-02	
   2.2157610e-02	
   1.0597305e-02	
   3.4312054e-03	
   2.9265111e-03	
   3.9521893e-03	
   2.1726045e-03	
  -2.0543477e-03	
  -2.1899849e-03	
   1.5612867e-03	
   4.5660310e-03	
   9.4470203e-03	
   1.6523789e-02	
   2.2221581e-02	
   2.2029815e-02	
   1.6921962e-02	
   1.2476385e-02	
   1.0379974e-02	
   9.2378587e-03	
   6.3964167e-03	
   4.1521381e-03	
   6.1267951e-03	
   1.0333118e-02	
   1.2470269e-02	
   9.4586748e-03	
   4.2150952e-03	
   1.2981737e-03	
  -3.1115582e-03	
  -1.2096582e-02	
  -1.7340080e-02	
  -2.1570286e-02	
  -2.8499934e-02	
  -3.8131666e-02	
  -4.6917170e-02	
  -5.0727295e-02	
  -5.0882406e-02	
  -5.0523610e-02	
  -5.0514287e-02	
  -5.0569902e-02	
  -5.0672788e-02	
  -5.0863661e-02	
  -4.9646507e-02	
  -4.5739593e-02	
  -3.9515373e-02	
  -2.9192042e-02	
  -1.8194621e-02	
  -9.8801407e-03	
  -4.9705220e-03	
  -8.7663519e-04	
   4.4562700e-03	
   1.3471578e-02	
   2.1809889e-02	
   2.2906168e-02	
   2.0051448e-02	
   2.0660312e-02	
   3.0369459e-02	
   4.6830454e-02	
   5.3037429e-02	
   5.1609582e-02	
   5.1120451e-02	
   5.2370955e-02	
   4.9492505e-02	
   3.6976322e-02	
   2.1765380e-02	
   1.1337256e-02	
   9.0270965e-03	
   9.9580058e-03	
   1.0786844e-02	
   9.8442676e-03	
   3.2611182e-03	
  -8.9990507e-03	
  -2.0981419e-02	
  -2.8644205e-02	
  -3.4567899e-02	
  -4.0894222e-02	
  -4.6192668e-02	
  -4.8639330e-02	
  -4.6676680e-02	
  -3.3712442e-02	
  -9.2719714e-03	
   1.5611243e-02	
   3.0932363e-02	
   3.3728025e-02	
   2.4168215e-02	
   1.0349714e-02	
  -3.2678533e-03	
  -1.5448612e-02	
  -2.0614049e-02	
  -1.6023210e-02	
  -7.9223118e-03	
  -4.2482364e-03	
  -7.3916099e-03	
  -8.9143950e-03	
  -3.2224220e-03	
   9.4337326e-03	
   2.8472860e-02	
   4.2679724e-02	
   3.6221501e-02	
   2.7989415e-02	
   2.1458966e-02	
   1.1860972e-02	
   3.2293925e-03	
  -2.3128041e-03	
  -1.9490102e-03	
   3.8872794e-03	
   9.6552137e-03	
   1.1457117e-02	
   9.7621319e-03	
   4.1987985e-03	
  -2.8588312e-03	
  -7.4531750e-03	
  -9.3003432e-03	
  -1.5264334e-02	
  -2.8614523e-02	
  -4.3303884e-02	
  -5.5045100e-02	
  -6.8004382e-02	
  -7.4724775e-02	
  -7.7520257e-02	
  -7.8497899e-02	
  -8.0274957e-02	
  -8.2509133e-02	
  -8.0241607e-02	
  -7.8065786e-02	
  -7.8160228e-02	
  -7.9507879e-02	
  -7.8778976e-02	
  -6.9024665e-02	
  -5.3803985e-02	
  -4.8309777e-02	
  -4.9354151e-02	
  -4.9991578e-02	
  -5.0137822e-02	
  -5.0139028e-02	
  -4.6022072e-02	
  -3.3343019e-02	
  -1.5921798e-02	
  -1.3615191e-03	
   1.0663519e-02	
   2.3004907e-02	
   3.7581671e-02	
   5.0776195e-02	
   5.4193132e-02	
   4.6642711e-02	
   3.8574830e-02	
   4.6043327e-02	
   5.2750223e-02	
   5.7319080e-02	
   6.8216282e-02	
   7.9037983e-02	
   8.2122399e-02	
   8.1315386e-02	
   7.9773341e-02	
   7.5884324e-02	
   6.8149583e-02	
   5.0800873e-02	
   2.5376603e-02	
   3.9841373e-03	
  -7.3914795e-03	
  -9.6977306e-03	
  -6.3714777e-03	
   1.0280283e-03	
   4.4778643e-03	
  -1.9692301e-03	
  -1.3819733e-02	
  -2.0850256e-02	
  -1.7333156e-02	
  -5.2918798e-03	
   8.5348854e-03	
   1.7201455e-02	
   1.4779777e-02	
   9.1480881e-04	
  -1.7205087e-02	
  -2.6570033e-02	
  -1.9985939e-02	
  -3.0579850e-03	
   1.4654375e-02	
   3.2830515e-02	
   4.9228380e-02	
   5.4698171e-02	
   5.3794629e-02	
   4.8511930e-02	
   4.2515486e-02	
   4.7967542e-02	
   5.8955503e-02	
   7.4003337e-02	
   8.7136312e-02	
   9.5775507e-02	
   1.0288785e-01	
   1.0645119e-01	
   1.0841479e-01	
   1.1205474e-01	
   1.1435852e-01	
   1.1319137e-01	
   1.0614368e-01	
   9.5533648e-02	
   8.7789453e-02	
   8.1808005e-02	
   7.3671990e-02	
   6.4084787e-02	
   5.8349534e-02	
   4.7713262e-02	
   2.2419359e-02	
  -2.3408789e-03	
  -2.0300056e-02	
  -3.2253843e-02	
  -3.9852392e-02	
  -4.5142165e-02	
  -4.5512599e-02	
  -3.8947774e-02	
  -2.6833826e-02	
  -1.3029933e-02	
  -1.0783219e-03	
   5.1558758e-03	
   5.9311592e-03	
   5.5298206e-03	
   5.7718919e-03	
   5.2009421e-03	
   2.3330324e-03	
   1.3451741e-05	
   1.5731247e-03	
   6.2042136e-03	
   1.1894775e-02	
   1.3064290e-02	
   3.1999834e-03	
  -1.7837866e-02	
  -3.7325174e-02	
  -5.2614477e-02	
  -6.6907327e-02	
  -7.1419754e-02	
  -7.1557619e-02	
  -7.5902743e-02	
  -8.4438368e-02	
  -9.4061106e-02	
  -1.0109974e-01	
  -1.0731718e-01	
  -1.1001411e-01	
  -1.0682824e-01	
  -9.7445899e-02	
  -8.8623817e-02	
  -8.3664640e-02	
  -8.2768401e-02	
  -8.3194678e-02	
  -8.2994156e-02	
  -8.2635621e-02	
  -8.4240063e-02	
  -8.8111932e-02	
  -8.9735673e-02	
  -8.9519372e-02	
  -8.9330813e-02	
  -8.9122532e-02	
  -8.8818374e-02	
  -9.0407885e-02	
  -9.4633073e-02	
  -9.5737463e-02	
  -8.9942389e-02	
  -7.4853056e-02	
  -4.9544078e-02	
  -1.8220473e-02	
   1.8916140e-02	
   5.8614246e-02	
   9.2868891e-02	
   1.1599768e-01	
   1.3595044e-01	
   1.5264494e-01	
   1.5732297e-01	
   1.5680039e-01	
   1.5724708e-01	
   1.5225054e-01	
   1.3782863e-01	
   1.2559662e-01	
   1.1591634e-01	
   1.0472548e-01	
   8.8615439e-02	
   7.1158367e-02	
   5.9992932e-02	
   4.9308804e-02	
   2.9642241e-02	
   1.2983488e-02	
   1.4267736e-03	
  -9.9358606e-03	
  -1.9881328e-02	
  -3.1811259e-02	
  -4.2984469e-02	
  -4.7568290e-02	
  -4.7543481e-02	
  -4.7119518e-02	
  -4.7138231e-02	
  -4.7005581e-02	
  -4.6968483e-02	
  -4.7912122e-02	
  -4.7031629e-02	
  -3.6222349e-02	
  -1.3199059e-02	
   1.2644666e-02	
   3.5347789e-02	
   5.1745687e-02	
   5.6288757e-02	
   5.7962507e-02	
   6.5089127e-02	
   7.6075849e-02	
   8.4475206e-02	
   8.8906394e-02	
   9.1524076e-02	
   9.5285008e-02	
   9.7022523e-02	
   9.5325627e-02	
   9.1788006e-02	
   8.9183429e-02	
   8.2267143e-02	
   6.9206801e-02	
   4.9451331e-02	
   1.7185005e-02	
  -1.2949405e-02	
  -3.3779533e-02	
  -5.2756384e-02	
  -7.7291568e-02	
  -8.8735798e-02	
  -8.1856970e-02	
  -6.8709520e-02	
  -6.2944504e-02	
  -6.8697328e-02	
  -7.6089345e-02	
  -7.1162084e-02	
  -5.2204890e-02	
  -3.3124664e-02	
  -1.1849490e-02	
   5.7065485e-03	
   1.1174840e-02	
   4.1266482e-03	
  -1.7323806e-02	
  -3.8441072e-02	
  -5.2930794e-02	
  -7.1327887e-02	
  -8.1221857e-02	
  -7.7146009e-02	
  -6.4656558e-02	
  -5.0367913e-02	
  -4.4807918e-02	
  -3.5855273e-02	
  -1.1812463e-02	
   2.2145294e-02	
   5.1909665e-02	
   6.9100949e-02	
   8.2764000e-02	
   9.1347352e-02	
   8.9955658e-02	
   7.8682382e-02	
   6.5020700e-02	
   5.6570095e-02	
   5.5048523e-02	
   5.6351447e-02	
   5.8110054e-02	
   6.0661624e-02	
   6.4626012e-02	
   6.4646028e-02	
   6.0589675e-02	
   5.8509306e-02	
   5.8555109e-02	
   6.0543123e-02	
   6.4384152e-02	
   6.5902497e-02	
   6.5639220e-02	
   6.5730467e-02	
   6.5972001e-02	
   6.4201723e-02	
   6.0151531e-02	
   5.8088701e-02	
   5.2689946e-02	
   3.4958675e-02	
   1.6401109e-02	
   7.0975709e-03	
   1.8630861e-03	
  -3.8747089e-03	
  -1.0137016e-02	
  -1.8120615e-02	
  -2.8528557e-02	
  -3.7285957e-02	
  -4.1035706e-02	
  -3.7182615e-02	
  -2.8652606e-02	
  -1.8384102e-02	
  -8.5566361e-03	
   1.1755795e-03	
   7.8804078e-03	
   1.5066872e-02	
   3.1349702e-02	
   5.1143467e-02	
   5.8280324e-02	
   6.1840700e-02	
   6.9628906e-02	
   7.2707943e-02	
   6.8414914e-02	
   5.3320332e-02	
   2.2781190e-02	
  -1.0524793e-02	
  -3.3893535e-02	
  -4.8949585e-02	
  -6.5121825e-02	
  -8.0359391e-02	
  -9.7042898e-02	
  -1.1947222e-01	
  -1.4052791e-01	
  -1.5243812e-01	
  -1.5702778e-01	
  -1.5141158e-01	
  -1.4633739e-01	
  -1.3681685e-01	
  -1.1261784e-01	
  -7.7912305e-02	
  -4.9504763e-02	
  -4.2596823e-02	
  -4.4973917e-02	
  -4.5814736e-02	
  -4.5265361e-02	
  -4.4963224e-02	
  -4.5140927e-02	
  -4.4986207e-02	
  -4.2687614e-02	
  -3.4678772e-02	
  -1.6710424e-02	
   8.4789862e-03	
   3.5382508e-02	
   5.8993286e-02	
   7.3654875e-02	
   7.8078434e-02	
   7.3569007e-02	
   6.5924502e-02	
   5.9672768e-02	
   5.7383889e-02	
   5.8107674e-02	
   5.3015131e-02	
   3.8209189e-02	
   2.6237386e-02	
   1.7777181e-02	
   5.9958442e-03	
  -1.6064713e-02	
  -3.7146820e-02	
  -5.1560812e-02	
  -6.9519793e-02	
  -8.1358516e-02	
  -8.5209782e-02	
  -8.7783128e-02	
  -9.5815834e-02	
  -1.0458637e-01	
  -1.0524411e-01	
  -9.7672632e-02	
  -8.4829405e-02	
  -6.6030941e-02	
  -4.8797310e-02	
  -3.8572581e-02	
  -2.2718506e-02	
   2.0711549e-04	
   2.5712442e-02	
   5.3309411e-02	
   7.4751539e-02	
   9.2821980e-02	
   1.0796113e-01	
   1.1986342e-01	
   1.3758863e-01	
   1.5515827e-01	
   1.6147099e-01	
   1.6207054e-01	
   1.5717565e-01	
   1.4413187e-01	
   1.2709847e-01	
   1.0718854e-01	
   8.4442150e-02	
   6.4878271e-02	
   5.1135904e-02	
   3.5568947e-02	
   3.4041637e-02	
   5.0247456e-02	
   5.9159709e-02	
   6.1447055e-02	
   6.4606615e-02	
   6.7979769e-02	
   7.1906733e-02	
   7.3102240e-02	
   7.2481666e-02	
   7.3785569e-02	
   7.8891218e-02	
   8.3826955e-02	
   8.8589750e-02	
   9.6266300e-02	
   9.8545986e-02	
   9.1336268e-02	
   7.6307048e-02	
   5.1328472e-02	
   1.2548584e-02	
  -2.2063921e-02	
  -4.7147620e-02	
  -7.1837197e-02	
  -9.7912177e-02	
  -1.2406435e-01	
  -1.4215145e-01	
  -1.5624134e-01	
  -1.7517401e-01	
  -1.7390108e-01	
  -1.5431340e-01	
  -1.3152701e-01	
  -9.3619735e-02	
  -4.6425008e-02	
  -5.1072464e-03	
   2.7861329e-02	
   4.9079137e-02	
   4.5429958e-02	
   3.3952444e-02	
   2.7244521e-02	
   2.7606508e-02	
   3.7560612e-02	
   5.2238468e-02	
   5.8712763e-02	
   6.0003756e-02	
   5.0350570e-02	
   1.9889064e-02	
  -1.3054719e-02	
  -3.6617200e-02	
  -5.3222564e-02	
  -7.4827139e-02	
  -8.6759260e-02	
  -8.8869002e-02	
  -9.1759709e-02	
  -9.3656051e-02	
  -9.1837493e-02	
  -8.7399100e-02	
  -8.7538302e-02	
  -9.2151594e-02	
  -9.2833129e-02	
  -8.7329891e-02	
  -8.0266449e-02	
  -7.4069841e-02	
  -6.8031929e-02	
  -5.9517461e-02	
  -4.8820586e-02	
  -3.8927138e-02	
  -2.4655471e-02	
  -1.1272487e-02	
  -1.6936531e-03	
   5.7899360e-03	
   1.0425066e-02	
   2.0032198e-02	
   3.6590273e-02	
   5.3036973e-02	
   5.7729286e-02	
   5.6670243e-02	
   5.8768998e-02	
   6.6126525e-02	
   7.8178353e-02	
   9.1643946e-02	
   1.0328449e-01	
   1.1097907e-01	
   1.1562395e-01	
   1.1836626e-01	
   1.2026636e-01	
   1.1896601e-01	
   1.1629910e-01	
   1.0481141e-01	
   8.0967740e-02	
   5.4005649e-02	
   2.8434043e-02	
   8.6921576e-03	
  -6.9355098e-03	
  -2.2041985e-02	
  -3.3590649e-02	
  -5.2448477e-02	
  -8.8763769e-02	
  -1.2192064e-01	
  -1.4123089e-01	
  -1.5188252e-01	
  -1.6921874e-01	
  -1.8810933e-01	
  -1.9683010e-01	
  -1.9571263e-01	
  -1.8898650e-01	
  -1.8345425e-01	
  -1.8334044e-01	
  -1.8495137e-01	
  -1.7677324e-01	
  -1.5680346e-01	
  -1.3989227e-01	
  -1.1347382e-01	
  -7.6697890e-02	
  -4.1669190e-02	
  -1.3210143e-02	
   7.9208579e-03	
   2.9830855e-02	
   5.0646023e-02	
   5.7894927e-02	
   5.8307186e-02	
   5.8145001e-02	
   5.7907250e-02	
   5.9239286e-02	
   6.4145683e-02	
   7.0914845e-02	
   7.7959999e-02	
   8.3436994e-02	
   8.3394321e-02	
   7.6861965e-02	
   6.6786023e-02	
   5.2337311e-02	
   2.7396584e-02	
   1.1244522e-04	
  -1.7077852e-02	
  -1.8884179e-02	
  -1.2863533e-02	
  -5.2767729e-03	
   7.0607623e-03	
   2.7363706e-02	
   5.1515563e-02	
   7.3266153e-02	
   9.5986006e-02	
   1.1294254e-01	
   1.1704303e-01	
   1.1411395e-01	
   1.0861316e-01	
   1.0564441e-01	
   1.0843350e-01	
   1.1499718e-01	
   1.2065410e-01	
   1.2220384e-01	
   1.1916571e-01	
   1.1168062e-01	
   1.0154955e-01	
   8.4106500e-02	
   6.6358669e-02	
   4.9501600e-02	
   2.7794747e-02	
   1.3820115e-02	
   1.0567107e-02	
   7.1377700e-03	
  -5.4723631e-04	
  -1.2436538e-02	
  -2.5966076e-02	
  -3.9010725e-02	
  -4.7487051e-02	
  -4.8368522e-02	
  -4.6376043e-02	
  -5.2712472e-02	
  -7.2215455e-02	
  -9.1339691e-02	
  -1.0953352e-01	
  -1.2835269e-01	
  -1.4269802e-01	
  -1.5656730e-01	
  -1.8181731e-01	
  -2.0461377e-01	
  -2.1695059e-01	
  -2.2540892e-01	
  -2.3543863e-01	
  -2.4211873e-01	
  -2.4324144e-01	
  -2.4457505e-01	
  -2.4669770e-01	
  -2.4461061e-01	
  -2.4266944e-01	
  -2.4295678e-01	
  -2.4376992e-01	
  -2.4148349e-01	
  -2.3242186e-01	
  -2.1727287e-01	
  -1.9073324e-01	
  -1.5324487e-01	
  -1.1464654e-01	
  -7.8118304e-02	
  -4.6851220e-02	
  -2.2094122e-02	
  -3.5156525e-03	
   6.0546937e-03	
   1.0264051e-02	
   1.1699654e-02	
   1.0419410e-02	
   2.4221301e-03	
  -1.6335371e-02	
  -4.5025555e-02	
  -7.2445546e-02	
  -9.0752239e-02	
  -9.8105201e-02	
  -9.7062621e-02	
  -9.1055973e-02	
  -8.5645579e-02	
  -8.4392011e-02	
  -8.5012715e-02	
  -8.4478434e-02	
  -8.1646341e-02	
  -7.3011905e-02	
  -5.5979481e-02	
  -4.4238689e-02	
  -3.3929461e-02	
  -2.2809421e-02	
  -1.4957327e-02	
  -8.7880179e-03	
  -2.3921218e-03	
   2.8133304e-03	
   4.4638463e-03	
   3.0599299e-03	
  -2.0988072e-03	
  -1.0782887e-02	
  -2.0124313e-02	
  -2.3498409e-02	
  -2.1441665e-02	
  -1.5567465e-02	
  -1.0253006e-02	
  -9.0933299e-03	
  -9.5152424e-03	
  -9.3520109e-03	
  -1.0349851e-02	
  -1.5222821e-02	
  -2.3573432e-02	
  -3.3895100e-02	
  -4.2467042e-02	
  -4.8474505e-02	
  -4.7641901e-02	
  -3.4327018e-02	
  -1.2153313e-02	
   9.5894986e-03	
   3.0499898e-02	
   4.7066185e-02	
   5.1369972e-02	
   5.4004345e-02	
   6.6040330e-02	
   8.4976040e-02	
   1.0106593e-01	
   1.0981209e-01	
   1.1597760e-01	
   1.2935680e-01	
   1.4291100e-01	
   1.3413234e-01	
   1.1752039e-01	
   1.0260491e-01	
   8.2883805e-02	
   6.2213253e-02	
   5.1971050e-02	
   4.9091395e-02	
   4.8285131e-02	
   5.5381923e-02	
   7.6969024e-02	
   1.0276449e-01	
   1.2246024e-01	
   1.3734977e-01	
   1.4876769e-01	
   1.5200216e-01	
   1.5107081e-01	
   1.5129735e-01	
   1.5310401e-01	
   1.5543090e-01	
   1.5882847e-01	
   1.6194656e-01	
   1.6552523e-01	
   1.6693524e-01	
   1.6670799e-01	
   1.6650792e-01	
   1.6634538e-01	
   1.6615682e-01	
   1.6748935e-01	
   1.7088721e-01	
   1.7430382e-01	
   1.7846459e-01	
   1.7875965e-01	
   1.7096552e-01	
   1.5847010e-01	
   1.4325428e-01	
   1.1919382e-01	
   1.0273378e-01	
   9.6836735e-02	
   9.0677780e-02	
   8.3114026e-02	
   7.5532929e-02	
   7.1752991e-02	
   7.5859287e-02	
   8.2108870e-02	
   8.4533626e-02	
   8.1206176e-02	
   7.0026071e-02	
   5.7996215e-02	
   5.1515987e-02	
   4.5361368e-02	
   3.2661451e-02	
   1.9842114e-02	
   1.0609080e-02	
   1.3535487e-03	
  -8.3386660e-03	
  -1.8940558e-02	
  -2.5512053e-02	
  -2.6340979e-02	
  -2.7004790e-02	
  -3.0301133e-02	
  -3.5446469e-02	
  -4.2856677e-02	
  -4.6847471e-02	
  -4.9898342e-02	
  -5.8099948e-02	
  -7.4717603e-02	
  -9.0651537e-02	
  -1.0372554e-01	
  -1.1510353e-01	
  -1.2165313e-01	
  -1.2319876e-01	
  -1.2144328e-01	
  -1.1546506e-01	
  -1.0777922e-01	
  -1.0120008e-01	
  -9.2899372e-02	
  -8.3047783e-02	
  -6.9010581e-02	
  -6.0450669e-02	
  -6.8841224e-02	
  -7.8623343e-02	
  -7.5590663e-02	
  -6.1088162e-02	
  -4.1767837e-02	
  -9.4523309e-03	
   2.9220276e-02	
   6.2616743e-02	
   8.6833197e-02	
   9.9462535e-02	
   1.0181629e-01	
   9.3364379e-02	
   7.1401791e-02	
   4.3025415e-02	
   1.1388875e-02	
  -1.4347006e-02	
  -2.8450176e-02	
  -3.3406296e-02	
  -2.9666055e-02	
  -1.3297993e-02	
   2.3366914e-02	
   7.1536462e-02	
   1.1496005e-01	
   1.4411955e-01	
   1.5121223e-01	
   1.4054695e-01	
   1.2328805e-01	
   1.2561315e-01	
   1.4189587e-01	
   1.4934304e-01	
   1.4958914e-01	
   1.4040249e-01	
   1.1718464e-01	
   9.6591551e-02	
   8.0180287e-02	
   6.5944910e-02	
   5.5275093e-02	
   4.9489897e-02	
   3.9853859e-02	
   1.9543416e-02	
   3.0532299e-03	
  -8.0696638e-03	
  -2.1516202e-02	
  -3.6000473e-02	
  -4.7852366e-02	
  -5.4311893e-02	
  -6.4209938e-02	
  -8.7391309e-02	
  -1.0676295e-01	
  -1.1911101e-01	
  -1.2965206e-01	
  -1.3936881e-01	
  -1.4891882e-01	
  -1.5448318e-01	
  -1.6477530e-01	
  -1.9078244e-01	
  -2.2150041e-01	
  -2.5286581e-01	
  -2.8366078e-01	
  -3.0887388e-01	
  -3.2748200e-01	
  -3.3904978e-01	
  -3.3655425e-01	
  -3.1455662e-01	
  -2.5925776e-01	
  -1.6168977e-01	
  -4.6824586e-02	
   4.5572811e-02	
   8.8667534e-02	
   1.0577230e-01	
   1.4733788e-01	
   2.0733176e-01	
   2.5857877e-01	
   3.0366812e-01	
   3.4518771e-01	
   3.7371792e-01	
   3.8859461e-01	
   3.9008964e-01	
   3.8389206e-01	
   3.7318687e-01	
   3.4512349e-01	
   2.8336653e-01	
   1.9804735e-01	
   1.1189500e-01	
   3.9709049e-02	
  -1.8830833e-02	
  -6.6512443e-02	
  -1.0476007e-01	
  -1.1017056e-01	
  -8.2853193e-02	
  -4.3944376e-02	
  -3.2948364e-03	
   4.1663126e-02	
   9.2365384e-02	
   1.5036796e-01	
   2.0993582e-01	
   2.4850292e-01	
   2.5639453e-01	
   2.4919261e-01	
   2.4964034e-01	
   2.6935140e-01	
   2.9816488e-01	
   3.1435430e-01	
   3.0602386e-01	
   2.6823035e-01	
   2.0418267e-01	
   1.2415589e-01	
   3.8589631e-02	
  -4.2111246e-02	
  -9.4050348e-02	
  -1.0806584e-01	
  -1.0070179e-01	
  -9.6153407e-02	
  -1.0734479e-01	
  -1.2575280e-01	
  -1.3907137e-01	
  -1.4798926e-01	
  -1.5706129e-01	
  -1.6192094e-01	
  -1.6230197e-01	
  -1.6182953e-01	
  -1.6177535e-01	
  -1.6194291e-01	
  -1.6211615e-01	
  -1.6212257e-01	
  -1.6161267e-01	
  -1.6149610e-01	
  -1.6351759e-01	
  -1.6286334e-01	
  -1.4259788e-01	
  -9.7369354e-02	
  -5.1747317e-02	
  -2.4292121e-02	
  -1.2116556e-02	
  -7.3758902e-03	
  -4.7859375e-03	
  -1.2640233e-03	
   4.2550889e-04	
   7.5688659e-04	
  -5.9495033e-04	
  -7.1136493e-03	
  -1.7157869e-02	
  -2.6834739e-02	
  -3.9614118e-02	
  -5.3086362e-02	
  -6.5420735e-02	
  -8.6301654e-02	
  -1.0916263e-01	
  -1.2808784e-01	
  -1.3907822e-01	
  -1.4065244e-01	
  -1.4092344e-01	
  -1.4584383e-01	
  -1.5345198e-01	
  -1.5989726e-01	
  -1.6183328e-01	
  -1.6067601e-01	
  -1.6809492e-01	
  -1.8703285e-01	
  -1.9063055e-01	
  -1.6758855e-01	
  -1.2233949e-01	
  -5.9279873e-02	
  -8.8903362e-03	
   7.7925997e-03	
  -6.4076376e-04	
  -1.9498826e-02	
  -3.9259332e-02	
  -5.5127187e-02	
  -6.7417387e-02	
  -7.4854653e-02	
  -6.6512606e-02	
  -5.9919224e-02	
  -6.0398053e-02	
  -6.1464073e-02	
  -6.0777158e-02	
  -5.9757463e-02	
  -6.4478529e-02	
  -7.4910692e-02	
  -7.4914441e-02	
  -6.4530885e-02	
  -5.9830291e-02	
  -6.0814844e-02	
  -6.1422671e-02	
  -6.0646269e-02	
  -6.0556847e-02	
  -6.6332980e-02	
  -7.2813763e-02	
  -7.2168054e-02	
  -8.4183436e-02	
  -9.6639310e-02	
  -1.0283621e-01	
  -1.1009737e-01	
  -1.2046121e-01	
  -1.2878385e-01	
  -1.3290322e-01	
  -1.3670676e-01	
  -1.4562544e-01	
  -1.5447106e-01	
  -1.5931656e-01	
  -1.6114323e-01	
  -1.6814796e-01	
  -1.8253271e-01	
  -1.8247377e-01	
  -1.6776922e-01	
  -1.6122927e-01	
  -1.6338246e-01	
  -1.6337839e-01	
  -1.5191532e-01	
  -1.3014386e-01	
  -1.0903621e-01	
  -8.8193465e-02	
  -6.2427794e-02	
  -3.4263448e-02	
  -2.1243689e-03	
   3.4597793e-02	
   6.4842313e-02	
   9.8812067e-02	
   1.3628342e-01	
   1.6129642e-01	
   1.8350560e-01	
   2.1152774e-01	
   2.3917332e-01	
   2.5816566e-01	
   2.7845603e-01	
   2.9787285e-01	
   3.1011317e-01	
   3.1910389e-01	
   3.3203622e-01	
   3.4074628e-01	
   3.3483199e-01	
   3.2322082e-01	
   2.9813766e-01	
   2.4602770e-01	
   1.7228800e-01	
   1.0143477e-01	
   5.0538346e-02	
   1.7354395e-02	
  -7.8440034e-03	
  -2.4542542e-02	
  -2.6819241e-02	
  -2.0096250e-02	
  -1.3409948e-02	
  -1.0249649e-02	
  -7.6810686e-03	
   5.7291240e-04	
   1.7984289e-02	
   3.8627544e-02	
   5.9396450e-02	
   8.1656154e-02	
   9.2712770e-02	
   8.3624542e-02	
   6.3393764e-02	
   3.9307059e-02	
   1.3485952e-02	
  -1.0776354e-02	
  -3.3435929e-02	
  -5.1052545e-02	
  -5.8498646e-02	
  -6.4938613e-02	
  -8.5855653e-02	
  -1.1038859e-01	
  -1.2194248e-01	
  -1.2246715e-01	
  -1.2122310e-01	
  -1.2129436e-01	
  -1.2161329e-01	
  -1.2164700e-01	
  -1.2141022e-01	
  -1.2128840e-01	
  -1.2172550e-01	
  -1.2238835e-01	
  -1.1918935e-01	
  -1.1020309e-01	
  -1.0276374e-01	
  -9.6890460e-02	
  -8.4100013e-02	
  -6.6811679e-02	
  -6.1001870e-02	
  -4.8580846e-02	
  -7.6161359e-03	
   3.9980379e-02	
   5.5489079e-02	
   4.4920355e-02	
   4.1307167e-02	
   4.8374618e-02	
   5.0405044e-02	
   4.5967043e-02	
   4.3627895e-02	
   4.4094010e-02	
   4.4649123e-02	
   4.4225127e-02	
   4.3490552e-02	
   4.6456858e-02	
   5.5386813e-02	
   6.3569576e-02	
   7.0986402e-02	
   8.1555322e-02	
   9.6430409e-02	
   1.1943854e-01	
   1.5332442e-01	
   1.9913407e-01	
   2.4291580e-01	
   2.6093418e-01	
   2.4959633e-01	
   2.2213291e-01	
   1.9101755e-01	
   1.6636709e-01	
   1.5171052e-01	
   1.4434090e-01	
   1.4275987e-01	
   1.4392290e-01	
   1.4577325e-01	
   1.4789909e-01	
   1.5130830e-01	
   1.5477277e-01	
   1.5868594e-01	
   1.5863255e-01	
   1.5376475e-01	
   1.4858467e-01	
   1.3995415e-01	
   1.2306774e-01	
   1.1024629e-01	
   1.0627580e-01	
   1.0310585e-01	
   1.0228706e-01	
   1.0850300e-01	
   1.2314494e-01	
   1.4085511e-01	
   1.5497434e-01	
   1.7295448e-01	
   1.9616763e-01	
   2.1330014e-01	
   2.0990918e-01	
   1.6912730e-01	
   1.0096940e-01	
   3.9281826e-02	
  -3.8546305e-03	
  -3.1986875e-02	
  -5.7921398e-02	
  -8.5753029e-02	
  -1.0833045e-01	
  -1.2953519e-01	
  -1.5014227e-01	
  -1.7194339e-01	
  -2.0818634e-01	
  -2.3809948e-01	
  -2.5549272e-01	
  -2.7017703e-01	
  -2.9376016e-01	
  -3.1025948e-01	
  -3.1621446e-01	
  -3.2322378e-01	
  -3.2924337e-01	
  -3.2384178e-01	
  -2.9883008e-01	
  -2.5171885e-01	
  -1.9082674e-01	
  -1.3859877e-01	
  -1.1083667e-01	
  -1.0613631e-01	
  -1.0988577e-01	
  -1.1065900e-01	
  -1.0632523e-01	
  -1.0027144e-01	
  -1.0165792e-01	
  -1.1726517e-01	
  -1.4698496e-01	
  -1.8851961e-01	
  -2.2892277e-01	
  -2.5524646e-01	
  -2.6807854e-01	
  -2.8183978e-01	
  -2.9109772e-01	
  -2.9170151e-01	
  -2.8460146e-01	
  -2.6390388e-01	
  -2.1882457e-01	
  -1.4413771e-01	
  -6.2050547e-02	
   5.4289660e-04	
   3.6975931e-02	
   5.1862199e-02	
   7.0545324e-02	
   9.6867379e-02	
   1.2304629e-01	
   1.4931657e-01	
   1.7834658e-01	
   2.1083470e-01	
   2.4085747e-01	
   2.5441099e-01	
   2.6327744e-01	
   2.7408574e-01	
   2.8486115e-01	
   2.9614609e-01	
   3.0315871e-01	
   3.0731443e-01	
   3.0852917e-01	
   3.0694341e-01	
   3.0370558e-01	
   2.9986980e-01	
   2.8953938e-01	
   2.7188723e-01	
   2.4488315e-01	
   2.0749336e-01	
   1.7388449e-01	
   1.5435901e-01	
   1.3738977e-01	
   1.0356316e-01	
   7.2337933e-02	
   5.4689597e-02	
   4.1221461e-02	
   2.3626100e-02	
   1.0952022e-02	
   7.1320715e-03	
   3.1371547e-03	
  -1.3841155e-03	
  -5.7458804e-03	
  -1.3980086e-02	
  -2.3734013e-02	
  -3.3957627e-02	
  -4.2884387e-02	
  -5.0792039e-02	
  -6.1621759e-02	
  -8.2742353e-02	
  -1.0524731e-01	
  -1.2515277e-01	
  -1.4267282e-01	
  -1.5368931e-01	
  -1.6243983e-01	
  -1.7726110e-01	
  -1.9098113e-01	
  -1.9206818e-01	
  -1.5954958e-01	
  -8.9003249e-02	
  -5.1014925e-03	
   5.2693695e-02	
   7.7472335e-02	
   9.3477338e-02	
   1.1501140e-01	
   1.4408600e-01	
   1.7040978e-01	
   1.9496300e-01	
   2.2186647e-01	
   2.4640094e-01	
   2.6082888e-01	
   2.7000031e-01	
   2.7891161e-01	
   2.9098806e-01	
   3.0142873e-01	
   3.0552453e-01	
   3.0828568e-01	
   3.1125085e-01	
   3.1510156e-01	
   3.1672598e-01	
   3.1653798e-01	
   3.1605087e-01	
   3.1672657e-01	
   3.2131003e-01	
   3.3253206e-01	
   3.4796490e-01	
   3.5401514e-01	
   3.4868112e-01	
   3.3249914e-01	
   3.0437466e-01	
   2.4610659e-01	
   1.5216500e-01	
   5.7787347e-02	
  -2.0935238e-03	
  -2.8813132e-02	
  -4.2580034e-02	
  -6.1134976e-02	
  -9.1859498e-02	
  -1.1850938e-01	
  -1.3927463e-01	
  -1.6116191e-01	
  -1.8863276e-01	
  -2.1239073e-01	
  -2.3207197e-01	
  -2.4832672e-01	
  -2.5627610e-01	
  -2.6463643e-01	
  -2.8434212e-01	
  -2.9916052e-01	
  -3.0281974e-01	
  -3.0532208e-01	
  -3.1008827e-01	
  -3.1908371e-01	
  -3.3193874e-01	
  -3.4585927e-01	
  -3.5608165e-01	
  -3.5901239e-01	
  -3.6462057e-01	
  -3.8032431e-01	
  -3.8921727e-01	
  -3.8095415e-01	
  -3.6475586e-01	
  -3.5318547e-01	
  -3.4012199e-01	
  -3.2444997e-01	
  -3.0603087e-01	
  -2.8788160e-01	
  -2.7317871e-01	
  -2.5908234e-01	
  -2.4221722e-01	
  -2.1649171e-01	
  -1.7889494e-01	
  -1.3388882e-01	
  -8.9210845e-02	
  -5.2145786e-02	
  -2.4777979e-02	
  -3.2519618e-03	
   1.2091679e-02	
   1.8717052e-02	
   1.9429616e-02	
   1.9402623e-02	
   1.8510789e-02	
   1.2371100e-02	
   9.7883782e-04	
  -1.3265347e-02	
  -3.1579832e-02	
  -5.4704952e-02	
  -8.0656964e-02	
  -1.0704128e-01	
  -1.3352559e-01	
  -1.5088447e-01	
  -1.5478552e-01	
  -1.6079849e-01	
  -1.7876924e-01	
  -1.9302747e-01	
  -1.9750785e-01	
  -1.8424399e-01	
  -1.4356434e-01	
  -8.4092091e-02	
  -3.2209511e-02	
   2.5366037e-04	
   2.3733211e-02	
   4.3824082e-02	
   4.9822547e-02	
   4.8538662e-02	
   5.2242087e-02	
   6.3534694e-02	
   7.6983074e-02	
   9.0767658e-02	
   1.0687330e-01	
   1.2606704e-01	
   1.4573321e-01	
   1.5287972e-01	
   1.5340817e-01	
   1.5327562e-01	
   1.5239082e-01	
   1.4715894e-01	
   1.3880239e-01	
   1.4446312e-01	
   1.7314251e-01	
   2.1733810e-01	
   2.2184437e-01	
   1.4381855e-01	
   2.4470610e-02	
  -5.1642573e-02	
  -7.8079869e-02	
  -9.4714671e-02	
  -1.1886570e-01	
  -1.4191383e-01	
  -1.5967535e-01	
  -1.8057088e-01	
  -1.9621953e-01	
  -2.0243798e-01	
  -2.0300812e-01	
  -2.0126418e-01	
  -1.9682084e-01	
  -1.8944264e-01	
  -1.7537421e-01	
  -1.5334945e-01	
  -1.2450546e-01	
  -8.1987305e-02	
  -2.2329722e-02	
   4.6738392e-02	
   1.0778023e-01	
   1.4631496e-01	
   1.5382310e-01	
   1.5155932e-01	
   1.6082571e-01	
   1.8446801e-01	
   2.1670273e-01	
   2.4673623e-01	
   2.6129927e-01	
   2.7361389e-01	
   2.8962642e-01	
   3.0680955e-01	
   3.1924248e-01	
   3.2789504e-01	
   3.4043169e-01	
   3.5282263e-01	
   3.5649339e-01	
   3.5639461e-01	
   3.5738793e-01	
   3.5801679e-01	
   3.5991313e-01	
   3.5886113e-01	
   3.3408741e-01	
   2.6542640e-01	
   1.6319400e-01	
   7.5208167e-02	
   2.5560705e-02	
  -9.3912646e-03	
  -5.7598919e-02	
  -1.1657454e-01	
  -1.5840337e-01	
  -1.8845535e-01	
  -2.1358780e-01	
  -2.3269759e-01	
  -2.4630917e-01	
  -2.5348211e-01	
  -2.4475979e-01	
  -2.0698682e-01	
  -1.4505875e-01	
  -8.0204117e-02	
  -2.9252987e-02	
   2.0073007e-03	
   1.6712403e-02	
   1.9549134e-02	
   1.0926875e-02	
  -5.3307194e-03	
  -2.8296011e-02	
  -5.2662464e-02	
  -7.2089423e-02	
  -8.1127806e-02	
  -8.2291072e-02	
  -7.4182767e-02	
  -5.7670378e-02	
  -4.9199561e-02	
  -4.0681442e-02	
  -2.3527508e-02	
  -4.6311625e-03	
   1.0271644e-02	
   2.1696346e-02	
   2.8052629e-02	
   2.7598501e-02	
   2.3536349e-02	
   2.0189076e-02	
   1.6696328e-02	
   1.5152086e-02	
   1.5354792e-02	
   1.6175719e-02	
   1.5639537e-02	
   8.1666325e-03	
  -8.4150967e-03	
  -2.9377783e-02	
  -5.2232176e-02	
  -7.1622298e-02	
  -8.1300618e-02	
  -8.4928216e-02	
  -8.7250118e-02	
  -9.2450210e-02	
  -9.7684433e-02	
  -9.9856310e-02	
  -1.0226878e-01	
  -1.0412277e-01	
  -1.0271024e-01	
  -9.8596320e-02	
  -9.0677911e-02	
  -7.5592684e-02	
  -5.5884126e-02	
  -4.5472338e-02	
  -4.1144819e-02	
  -4.1480925e-02	
  -5.2352829e-02	
  -7.2753192e-02	
  -9.0665783e-02	
  -1.0062081e-01	
  -1.1079876e-01	
  -1.2378090e-01	
  -1.3785787e-01	
  -1.4887752e-01	
  -1.5238440e-01	
  -1.5208360e-01	
  -1.5786019e-01	
  -1.6613830e-01	
  -1.6082656e-01	
  -1.4945330e-01	
  -1.2356199e-01	
  -8.4916121e-02	
  -5.5137195e-02	
  -4.7636522e-02	
  -4.9188477e-02	
  -5.5472356e-02	
  -6.9794025e-02	
  -7.9220901e-02	
  -8.1295435e-02	
  -8.0694845e-02	
  -7.2237460e-02	
  -6.0600988e-02	
  -6.6657481e-02	
  -7.4322425e-02	
  -7.5205364e-02	
  -6.8637866e-02	
  -5.5558843e-02	
  -4.8220779e-02	
  -4.0945665e-02	
  -2.9638531e-02	
  -1.5429202e-02	
   4.2458044e-03	
   2.8317185e-02	
   5.0232427e-02	
   6.8373903e-02	
   8.6314270e-02	
   1.0046733e-01	
   1.0716588e-01	
   1.0964873e-01	
   1.0818173e-01	
   1.0243337e-01	
   8.6106673e-02	
   6.5533009e-02	
   4.3953048e-02	
   1.4928120e-02	
  -4.2130056e-03	
  -9.9292591e-03	
  -8.2935704e-03	
  -4.1654063e-03	
  -1.4658942e-03	
   1.5558741e-03	
   6.0984233e-03	
   1.3431519e-02	
   1.8178216e-02	
   2.1477607e-02	
   2.2850067e-02	
   2.3029595e-02	
   2.1715760e-02	
   1.6811468e-02	
   9.5818670e-03	
   5.7804951e-04	
  -9.9910752e-03	
  -2.0946527e-02	
  -2.9296013e-02	
  -3.4484769e-02	
  -3.4289202e-02	
  -2.8807838e-02	
  -2.1988964e-02	
  -1.5617565e-02	
  -9.2049653e-03	
  -2.5179950e-03	
   2.5415671e-03	
   4.0108888e-03	
   4.0363201e-03	
   2.3828742e-03	
  -2.8767498e-03	
  -7.8725544e-03	
  -1.0631714e-02	
  -1.5672838e-02	
  -2.1157491e-02	
  -2.2782135e-02	
  -2.0995225e-02	
  -1.7560254e-02	
  -1.3445766e-02	
  -4.1167150e-03	
   8.7239230e-03	
   2.5988632e-02	
   4.7323627e-02	
   6.2378209e-02	
   7.4425800e-02	
   8.4397814e-02	
   8.7400176e-02	
   8.5320035e-02	
   8.1103193e-02	
   7.7709142e-02	
   7.5934854e-02	
   7.8210725e-02	
   7.9652656e-02	
   8.0780159e-02	
   8.5640298e-02	
   9.2438148e-02	
   9.9077105e-02	
   1.0519704e-01	
   1.1130983e-01	
   1.1821040e-01	
   1.2481419e-01	
   1.2363876e-01	
   1.0582149e-01	
   7.1584417e-02	
   3.1834656e-02	
   8.9727327e-04	
  -2.1182903e-02	
  -3.4646432e-02	
  -4.2103617e-02	
  -4.6847928e-02	
  -4.8146418e-02	
  -4.6564536e-02	
  -4.3441000e-02	
  -3.9158566e-02	
  -2.8911783e-02	
  -1.7036108e-02	
  -8.4400389e-03	
   7.7159864e-05	
   8.9923579e-03	
   1.7466924e-02	
   2.5292185e-02	
   3.3626215e-02	
   4.7102860e-02	
   5.5591183e-02	
   6.0132656e-02	
   6.7178364e-02	
   8.0301689e-02	
   9.6877257e-02	
   1.1255375e-01	
   1.3112881e-01	
   1.5164320e-01	
   1.6854757e-01	
   1.8319795e-01	
   1.9859614e-01	
   2.1266832e-01	
   2.3017504e-01	
   2.4963147e-01	
   2.5663053e-01	
   2.5833788e-01	
   2.6349178e-01	
   2.7073465e-01	
   2.7623434e-01	
   2.7780687e-01	
   2.7533266e-01	
   2.6710777e-01	
   2.5054684e-01	
   2.2200287e-01	
   1.9325743e-01	
   1.7049774e-01	
   1.4835820e-01	
   1.2207689e-01	
   1.0159933e-01	
   8.8435259e-02	
   8.3118427e-02	
   8.1623587e-02	
   8.3876638e-02	
   8.7290053e-02	
   9.0976233e-02	
   9.2329850e-02	
   9.2125057e-02	
   9.2322059e-02	
   9.1372421e-02	
   8.6549903e-02	
   7.8023601e-02	
   6.6750163e-02	
   5.7007816e-02	
   4.4335283e-02	
   2.0907730e-02	
   7.9240722e-04	
  -1.5493365e-02	
  -3.1546955e-02	
  -4.5267056e-02	
  -5.0162174e-02	
  -5.7313473e-02	
  -7.4150395e-02	
  -8.2082040e-02	
  -8.0285780e-02	
  -7.4371162e-02	
  -6.4820275e-02	
  -5.4002063e-02	
  -5.0434775e-02	
  -5.1458741e-02	
  -5.1615971e-02	
  -5.0528435e-02	
  -5.2859107e-02	
  -6.4197648e-02	
  -7.8487434e-02	
  -8.8870404e-02	
  -9.6905260e-02	
  -1.0423198e-01	
  -1.1704446e-01	
  -1.3382261e-01	
  -1.4756416e-01	
  -1.5116030e-01	
  -1.6070157e-01	
  -1.8983622e-01	
  -2.1343331e-01	
  -2.2209790e-01	
  -2.2720876e-01	
  -2.3228328e-01	
  -2.3230157e-01	
  -2.2811133e-01	
  -2.2643673e-01	
  -2.2693369e-01	
  -2.2567513e-01	
  -2.2208176e-01	
  -2.1944635e-01	
  -2.1417926e-01	
  -2.0322657e-01	
  -1.8403773e-01	
  -1.5896859e-01	
  -1.4173427e-01	
  -1.2453118e-01	
  -1.0049133e-01	
  -7.3789122e-02	
  -4.9039724e-02	
  -2.8830423e-02	
  -1.2088230e-02	
   4.4502488e-03	
   2.6035227e-02	
   4.9501503e-02	
   7.4565784e-02	
   9.8742596e-02	
   1.1072808e-01	
   1.1038516e-01	
   1.0520538e-01	
   9.9253699e-02	
   9.1256137e-02	
   8.6505208e-02	
   8.8811952e-02	
   9.3753590e-02	
   9.8798473e-02	
   9.7542525e-02	
   9.2858036e-02	
   8.9581866e-02	
   8.4649551e-02	
   7.9865077e-02	
   7.7040646e-02	
   7.2113449e-02	
   6.5758731e-02	
   6.0094742e-02	
   5.1526582e-02	
   3.3785336e-02	
   1.0017941e-02	
  -1.3621075e-02	
  -3.5376803e-02	
  -4.8291293e-02	
  -5.9647959e-02	
  -8.2798588e-02	
  -9.9114791e-02	
  -1.0301646e-01	
  -1.0524962e-01	
  -1.0583694e-01	
  -1.0403012e-01	
  -1.0087317e-01	
  -9.2318929e-02	
  -7.4437601e-02	
  -5.5054032e-02	
  -4.0379827e-02	
  -2.3940540e-02	
  -6.6104128e-03	
   9.3070327e-03	
   2.8469437e-02	
   4.6257966e-02	
   5.4372725e-02	
   5.9283752e-02	
   6.3997060e-02	
   6.5764273e-02	
   6.5740573e-02	
   6.3974240e-02	
   5.9236384e-02	
   5.4225862e-02	
   4.5971998e-02	
   2.9269284e-02	
   1.3118843e-02	
   2.7053857e-03	
  -3.3885385e-03	
  -1.0474540e-02	
  -1.7729063e-02	
  -2.4019579e-02	
  -3.1313056e-02	
  -4.1322293e-02	
  -5.4940063e-02	
  -7.4523046e-02	
  -9.2684310e-02	
  -1.0555926e-01	
  -1.1888783e-01	
  -1.3279496e-01	
  -1.4466080e-01	
  -1.5198765e-01	
  -1.5491279e-01	
  -1.5455406e-01	
  -1.5335927e-01	
  -1.5853002e-01	
  -1.7314421e-01	
  -1.8573117e-01	
  -1.9547286e-01	
  -2.0278677e-01	
  -2.0896222e-01	
  -2.1543394e-01	
  -2.2198236e-01	
  -2.2702083e-01	
  -2.3022153e-01	
  -2.3235731e-01	
  -2.2928180e-01	
  -2.2197050e-01	
  -2.0940392e-01	
  -1.8738372e-01	
  -1.5951483e-01	
  -1.3456198e-01	
  -1.0860067e-01	
  -8.3052575e-02	
  -5.7658544e-02	
  -4.1972467e-02	
  -3.0863157e-02	
  -1.6968567e-02	
  -2.5242503e-03	
   9.7359998e-03	
   2.7456522e-02	
   4.5385133e-02	
   5.3070779e-02	
   5.9001664e-02	
   7.0365861e-02	
   8.2502091e-02	
   9.1228199e-02	
   9.8324567e-02	
   1.0383687e-01	
   1.0790535e-01	
   1.0880397e-01	
   1.0992710e-01	
   1.1503461e-01	
   1.2030013e-01	
   1.2349770e-01	
   1.2704044e-01	
   1.2735206e-01	
   1.2290930e-01	
   1.1468149e-01	
   9.8051281e-02	
   7.3192933e-02	
   4.5292451e-02	
   1.5811720e-02	
  -7.6403381e-03	
  -2.3598677e-02	
  -3.2261782e-02	
  -3.7002956e-02	
  -3.8956478e-02	
  -3.6193433e-02	
  -2.5734046e-02	
  -1.2276260e-02	
   1.6709508e-04	
   1.2662554e-02	
   2.8655156e-02	
   4.4631519e-02	
   4.9362333e-02	
   4.8508018e-02	
   4.8969699e-02	
   4.6089000e-02	
   3.2646031e-02	
   1.4605527e-02	
  -1.5443239e-03	
  -1.7715091e-02	
  -3.2242551e-02	
  -4.3866658e-02	
  -5.0396862e-02	
  -5.2058158e-02	
  -4.8952845e-02	
  -3.8852028e-02	
  -2.4988673e-02	
  -8.9340691e-03	
   1.3533055e-02	
   4.0530406e-02	
   5.0677352e-02	
   5.2172942e-02	
   5.6125399e-02	
   5.7927853e-02	
   5.1084526e-02	
   3.0939630e-02	
   1.3888780e-03	
  -2.5904576e-02	
  -4.4939328e-02	
  -5.3596095e-02	
  -5.3812755e-02	
  -5.3098782e-02	
  -5.9863641e-02	
  -6.7641773e-02	
  -5.9667421e-02	
  -5.3340576e-02	
  -5.4329595e-02	
  -4.9355878e-02	
  -2.8470336e-02	
   5.5394931e-03	
   4.0028203e-02	
   5.6686477e-02	
   6.7242031e-02	
   7.7494340e-02	
   8.8617102e-02	
   9.7783700e-02	
   1.0310578e-01	
   1.0708243e-01	
   1.0828993e-01	
   1.0813026e-01	
   1.0821850e-01	
   1.0743082e-01	
   1.0300606e-01	
   9.3292365e-02	
   7.6790245e-02	
   6.0101132e-02	
   4.1980846e-02	
   1.6472079e-02	
  -1.3022318e-03	
  -6.4932093e-03	
  -4.2565527e-03	
   4.3001552e-04	
   6.2599335e-03	
   1.1163534e-02	
   1.3964132e-02	
   1.8276864e-02	
   2.2828518e-02	
   3.0115293e-02	
   4.2736025e-02	
   4.8428474e-02	
   5.2339072e-02	
   6.1502606e-02	
   7.0305421e-02	
   7.5582839e-02	
   7.6638003e-02	
   7.4738597e-02	
   7.1283030e-02	
   6.8334555e-02	
   6.3068482e-02	
   5.7712269e-02	
   5.6309132e-02	
   5.6825810e-02	
   5.6869559e-02	
   5.6347731e-02	
   5.7531567e-02	
   6.2711381e-02	
   6.9467047e-02	
   7.5799825e-02	
   8.2101079e-02	
   8.9521719e-02	
   9.6464606e-02	
   9.9402127e-02	
   1.0081866e-01	
   1.0120168e-01	
   1.0102121e-01	
   1.0231846e-01	
   1.0652353e-01	
   1.1251769e-01	
   1.2522358e-01	
   1.4385255e-01	
   1.5083991e-01	
   1.4939674e-01	
   1.4837499e-01	
   1.4944456e-01	
   1.5141601e-01	
   1.5198234e-01	
   1.5347562e-01	
   1.5699120e-01	
   1.5842156e-01	
   1.5982740e-01	
   1.6345695e-01	
   1.6515069e-01	
   1.6497726e-01	
   1.6465331e-01	
   1.6456819e-01	
   1.6485034e-01	
   1.6537856e-01	
   1.6380695e-01	
   1.5812695e-01	
   1.5270189e-01	
   1.5082618e-01	
   1.4364300e-01	
   1.2398520e-01	
   1.0760866e-01	
   9.6414435e-02	
   8.1244579e-02	
   6.3878624e-02	
   5.2316219e-02	
   4.1500680e-02	
   2.3095124e-02	
   9.0085373e-03	
   1.1230775e-03	
  -2.3905831e-03	
  -7.2788758e-03	
  -1.2583395e-02	
  -1.4230735e-02	
  -1.4197714e-02	
  -1.2763992e-02	
  -7.8091181e-03	
  -9.9148532e-04	
   5.8622624e-03	
   1.1006767e-02	
   1.2593957e-02	
   1.1108486e-02	
   6.0014416e-03	
  -2.1311647e-03	
  -1.1928871e-02	
  -2.1424870e-02	
  -3.3231853e-02	
  -4.4514681e-02	
  -5.0886416e-02	
  -5.8902528e-02	
  -7.3666579e-02	
  -8.5622368e-02	
  -9.5662092e-02	
  -1.0721524e-01	
  -1.2138405e-01	
  -1.3383862e-01	
  -1.4332926e-01	
  -1.5162263e-01	
  -1.5519139e-01	
  -1.5667273e-01	
  -1.5722266e-01	
  -1.5653190e-01	
  -1.5493117e-01	
  -1.5282088e-01	
  -1.4800283e-01	
  -1.4162588e-01	
  -1.3369465e-01	
  -1.2358080e-01	
  -1.1377847e-01	
  -1.0531391e-01	
  -1.0100856e-01	
  -9.7716218e-02	
  -9.6276276e-02	
  -9.6606286e-02	
  -9.7213754e-02	
  -9.5865060e-02	
  -9.0399050e-02	
  -8.4744385e-02	
  -8.2880838e-02	
  -8.4553088e-02	
  -9.0142260e-02	
  -9.7188359e-02	
  -1.0193544e-01	
  -1.0344831e-01	
  -1.0739366e-01	
  -1.1424716e-01	
  -1.1704772e-01	
  -1.1409795e-01	
  -1.0818597e-01	
  -1.0540803e-01	
  -1.0293734e-01	
  -9.6332837e-02	
  -8.6267424e-02	
  -7.3561998e-02	
  -5.9051347e-02	
  -5.3892331e-02	
  -5.5148670e-02	
  -5.5991967e-02	
  -5.5024399e-02	
  -5.3711564e-02	
  -5.9392408e-02	
  -7.4528914e-02	
  -8.3746955e-02	
  -8.5652197e-02	
  -8.9868746e-02	
  -9.6837420e-02	
  -1.0226063e-01	
  -1.0433441e-01	
  -1.0577901e-01	
  -1.0585976e-01	
  -1.0439850e-01	
  -1.0203683e-01	
  -9.6588845e-02	
  -9.1568217e-02	
  -8.9567131e-02	
  -8.5358829e-02	
  -7.4274014e-02	
  -5.9502857e-02	
  -5.3671075e-02	
  -5.1588098e-02	
  -4.6581651e-02	
  -3.9993224e-02	
  -3.1790128e-02	
  -2.1694580e-02	
  -1.3509557e-02	
  -7.1690301e-03	
  -2.6762683e-03	
   1.7179101e-05	
   4.8517732e-03	
   1.0850463e-02	
   1.6964362e-02	
   2.7607163e-02	
   4.2186910e-02	
   4.8337813e-02	
   4.8317894e-02	
   4.2056804e-02	
   2.7527978e-02	
   1.7443145e-02	
   1.0563055e-02	
  -1.8627425e-03	
  -1.8898142e-02	
  -3.4008027e-02	
  -4.6289457e-02	
  -5.4381234e-02	
  -5.6427112e-02	
  -5.5199852e-02	
  -5.1500241e-02	
  -4.7298558e-02	
  -4.4783207e-02	
  -4.0295067e-02	
  -3.2180021e-02	
  -2.1724617e-02	
  -1.2817945e-02	
  -5.7394843e-03	
  -5.4035869e-04	
   5.2590255e-03	
   1.0376104e-02	
   1.1967457e-02	
   1.2023343e-02	
   1.0285029e-02	
   4.9457004e-03	
   9.7906113e-05	
  -2.2480015e-03	
  -8.5365675e-03	
  -1.9116735e-02	
  -2.7524894e-02	
  -3.2312347e-02	
  -3.5168684e-02	
  -3.7077708e-02	
  -3.4809269e-02	
  -3.2795698e-02	
  -3.2694149e-02	
  -3.4410050e-02	
  -3.7816359e-02	
  -4.0790228e-02	
  -4.6015259e-02	
  -5.1336720e-02	
  -5.2903019e-02	
  -5.2530923e-02	
  -5.0992007e-02	
  -4.8148505e-02	
  -4.3975998e-02	
  -3.3476353e-02	
  -2.1074133e-02	
  -1.4206210e-02	
  -1.2997496e-02	
  -1.4991573e-02	
  -2.0458244e-02	
  -2.6054654e-02	
  -2.7824931e-02	
  -2.5899696e-02	
  -2.0452826e-02	
  -1.5510395e-02	
  -1.1985044e-02	
  -6.0316324e-03	
  -3.4203822e-04	
   3.7571272e-03	
   6.5722741e-03	
   1.0261359e-02	
   1.2147233e-02	
   1.0643225e-02	
   5.5419446e-03	
  -9.2028626e-04	
  -8.8766149e-03	
  -1.9163789e-02	
  -2.7727734e-02	
  -3.2849325e-02	
  -3.2383999e-02	
  -2.8371894e-02	
  -2.5145619e-02	
  -2.1840758e-02	
  -1.8990390e-02	
  -1.5566943e-02	
  -1.2525168e-02	
  -8.9844068e-03	
  -6.6766984e-03	
  -5.0983955e-03	
  -4.5052548e-03	
  -3.7347179e-03	
  -2.0866328e-03	
  -1.5252011e-03	
   1.3670751e-05	
   3.8287559e-03	
   5.5340326e-03	
   5.1201332e-03	
   4.6510290e-03	
   6.1893447e-03	
   9.9290276e-03	
   1.2956668e-02	
   1.6214330e-02	
   1.9454229e-02	
   2.3470315e-02	
   2.3677351e-02	
   1.8479405e-02	
   1.1803475e-02	
   3.9285836e-03	
  -6.0881054e-03	
  -1.5927206e-02	
  -2.4460781e-02	
  -2.8693522e-02	
  -3.1808788e-02	
  -3.3459206e-02	
  -3.3950292e-02	
  -3.1132941e-02	
  -2.2395352e-02	
  -1.2383172e-02	
  -2.3247197e-03	
   5.5363439e-03	
   1.1927968e-02	
   1.7743678e-02	
   2.1990989e-02	
   2.9078721e-02	
   4.2227204e-02	
   4.7858039e-02	
   4.7046657e-02	
   4.6296662e-02	
   4.6366784e-02	
   4.6478961e-02	
   4.7082322e-02	
   4.8780521e-02	
   5.1181967e-02	
   5.4582799e-02	
   5.7175706e-02	
   6.1737782e-02	
   6.9864115e-02	
   8.0373246e-02	
   8.9322207e-02	
   9.6013487e-02	
   1.0184031e-01	
   1.1239287e-01	
   1.2872338e-01	
   1.4462573e-01	
   1.5143965e-01	
   1.5667390e-01	
   1.6488105e-01	
   1.7707756e-01	
   1.9047887e-01	
   2.0086441e-01	
   2.0935208e-01	
   2.2532207e-01	
   2.4528410e-01	
   2.5255924e-01	
   2.5424241e-01	
   2.5925802e-01	
   2.6615849e-01	
   2.7275347e-01	
   2.7915484e-01	
   2.8578744e-01	
   2.9092243e-01	
   2.9238291e-01	
   2.9217845e-01	
   2.9047748e-01	
   2.8706738e-01	
   2.8428801e-01	
   2.7968648e-01	
   2.7203344e-01	
   2.6149656e-01	
   2.4798963e-01	
   2.3072666e-01	
   2.1410314e-01	
   1.9616144e-01	
   1.7712829e-01	
   1.6090206e-01	
   1.4353943e-01	
   1.1821256e-01	
   9.5210028e-02	
   7.6213486e-02	
   6.1955909e-02	
   5.2333921e-02	
   4.2579871e-02	
   2.7929832e-02	
   1.7638243e-02	
   1.0113459e-02	
   4.7671404e-04	
  -7.5575569e-03	
  -1.4003666e-02	
  -2.0276874e-02	
  -2.5212667e-02	
  -2.8206032e-02	
  -3.1443831e-02	
  -3.2653692e-02	
  -3.4116813e-02	
  -3.7854957e-02	
  -3.9560622e-02	
  -3.9180506e-02	
  -3.8714423e-02	
  -4.0149149e-02	
  -4.3822126e-02	
  -4.7155672e-02	
  -5.0777956e-02	
  -5.2054832e-02	
  -5.1690430e-02	
  -5.2394068e-02	
  -5.4452791e-02	
  -5.4730249e-02	
  -5.2909865e-02	
  -5.0293096e-02	
  -4.6568644e-02	
  -4.5059394e-02	
  -4.5285312e-02	
  -4.5456429e-02	
  -4.5473773e-02	
  -4.5442737e-02	
  -4.5271196e-02	
  -4.5034422e-02	
  -4.6515147e-02	
  -5.0188417e-02	
  -5.2891120e-02	
  -5.4821562e-02	
  -5.4662474e-02	
  -5.3223151e-02	
  -5.8514914e-02	
  -7.5217035e-02	
  -8.8400018e-02	
  -9.2156386e-02	
  -9.5878784e-02	
  -1.0133436e-01	
  -1.0729400e-01	
  -1.1498995e-01	
  -1.2051359e-01	
  -1.2315533e-01	
  -1.2794607e-01	
  -1.3306642e-01	
  -1.3615057e-01	
  -1.3953967e-01	
  -1.4121440e-01	
  -1.4129877e-01	
  -1.3938945e-01	
  -1.3555836e-01	
  -1.3421929e-01	
  -1.3450128e-01	
  -1.3279238e-01	
  -1.3054230e-01	
  -1.3271157e-01	
  -1.3458323e-01	
  -1.3445443e-01	
  -1.3438150e-01	
  -1.3478868e-01	
  -1.3346394e-01	
  -1.2807096e-01	
  -1.2267406e-01	
  -1.1989530e-01	
  -1.1712238e-01	
  -1.1349028e-01	
  -1.0595851e-01	
  -9.7447072e-02	
  -8.9001423e-02	
  -7.4684774e-02	
  -5.8795502e-02	
  -5.1724236e-02	
  -4.6424323e-02	
  -3.8104640e-02	
  -2.5941698e-02	
  -1.4078486e-02	
  -6.4293492e-03	
  -3.5431277e-04	
   6.0161409e-03	
   1.1013584e-02	
   1.3910511e-02	
   1.7341974e-02	
   1.8998413e-02	
   1.9043316e-02	
   1.7419539e-02	
   1.3913836e-02	
   1.0745061e-02	
   6.8827924e-03	
   4.9860689e-03	
   6.8912064e-03	
   1.2504115e-02	
   1.6939413e-02	
   1.8987984e-02	
   2.8184304e-02	
   4.3273859e-02	
   4.8971850e-02	
   4.7668763e-02	
   4.6697609e-02	
   4.7546904e-02	
   4.8826194e-02	
   4.3675394e-02	
   2.9055907e-02	
   1.6352525e-02	
   6.6556062e-03	
   2.8024476e-04	
  -4.8512842e-03	
  -1.2343097e-02	
  -1.9394865e-02	
  -2.5392502e-02	
  -3.3492588e-02	
  -4.4182519e-02	
  -5.1107542e-02	
  -5.2975098e-02	
  -5.8462819e-02	
  -7.2939827e-02	
  -8.4110184e-02	
  -9.0454307e-02	
  -9.4637344e-02	
  -9.5672785e-02	
  -9.7224251e-02	
  -1.0087173e-01	
  -1.0207732e-01	
  -1.0234737e-01	
  -1.0655486e-01	
  -1.1297722e-01	
  -1.1513221e-01	
  -1.1633955e-01	
  -1.1983222e-01	
  -1.2130352e-01	
  -1.2111907e-01	
  -1.2278963e-01	
  -1.2494739e-01	
  -1.2274699e-01	
  -1.2106541e-01	
  -1.2135986e-01	
  -1.1990916e-01	
  -1.1598813e-01	
  -1.1443223e-01	
  -1.1505798e-01	
  -1.1386864e-01	
  -1.0921460e-01	
  -1.0479182e-01	
  -1.0249593e-01	
  -1.0101791e-01	
  -9.6961398e-02	
  -8.8868806e-02	
  -7.4120501e-02	
  -5.8538679e-02	
  -5.1628457e-02	
  -4.3966903e-02	
  -3.3657348e-02	
  -2.7938474e-02	
  -2.6094422e-02	
  -2.4267195e-02	
  -2.0525478e-02	
  -1.8645560e-02	
  -1.8630072e-02	
  -2.0405765e-02	
  -2.4045809e-02	
  -2.6878224e-02	
  -3.0037875e-02	
  -3.4567149e-02	
  -4.1711993e-02	
  -4.6364698e-02	
  -5.0571239e-02	
  -5.3762844e-02	
  -5.4377941e-02	
  -5.4064948e-02	
  -5.3997140e-02	
  -5.4329237e-02	
  -5.3918574e-02	
  -5.0706920e-02	
  -4.4796279e-02	
  -3.8175969e-02	
  -3.1615294e-02	
  -2.5083561e-02	
  -2.0146692e-02	
  -1.7350812e-02	
  -1.4297897e-02	
  -1.1577913e-02	
  -6.6430683e-03	
   1.5692069e-04	
   6.7334355e-03	
   1.2397128e-02	
   1.8223139e-02	
   2.9238193e-02	
   4.3961882e-02	
   4.9042169e-02	
   4.8626519e-02	
   5.1366581e-02	
   5.5793400e-02	
   5.8768313e-02	
   6.3653554e-02	
   7.0368958e-02	
   7.5446180e-02	
   7.8298550e-02	
   8.1699610e-02	
   8.3424280e-02	
   8.3362699e-02	
   8.1626129e-02	
   7.8418550e-02	
   7.5918424e-02	
   6.9369931e-02	
   5.8671002e-02	
   5.0879244e-02	
   4.7999262e-02	
   4.7866482e-02	
   4.8092368e-02	
   4.8055921e-02	
   4.8075742e-02	
   4.8049173e-02	
   4.7802717e-02	
   4.8229418e-02	
   5.1435758e-02	
   5.7328958e-02	
   6.3944444e-02	
   7.0505780e-02	
   7.7097337e-02	
   8.2036661e-02	
   8.4625786e-02	
   8.7574912e-02	
   9.1496040e-02	
   9.7992829e-02	
   1.0206992e-01	
   1.0229851e-01	
   1.0332205e-01	
   1.0688406e-01	
   1.1024991e-01	
   1.1383591e-01	
   1.1548139e-01	
   1.1552739e-01	
   1.1373592e-01	
   1.0982399e-01	
   1.0819060e-01	
   1.0867771e-01	
   1.0918258e-01	
   1.0748784e-01	
   1.0353401e-01	
   1.0188357e-01	
   1.0226375e-01	
   1.0255673e-01	
   1.0179190e-01	
   1.0009853e-01	
   9.8644601e-02	
   9.5366801e-02	
   9.1209356e-02	
   8.8331428e-02	
   8.3522080e-02	
   7.7263630e-02	
   7.0989075e-02	
   6.2747665e-02	
   5.2777444e-02	
   4.7732757e-02	
   4.8357895e-02	
   4.9903982e-02	
   4.5221318e-02	
   3.2818681e-02	
   3.0598285e-02	
   4.3189556e-02	
   4.9854332e-02	
   4.9134231e-02	
   4.8107527e-02	
   4.7885847e-02	
   4.8506029e-02	
   5.1827415e-02	
   5.8145262e-02	
   6.3548517e-02	
   6.4782720e-02	
   6.4273182e-02	
   6.4352107e-02	
   6.4724366e-02	
   6.3123282e-02	
   5.9228788e-02	
   5.7577566e-02	
   5.7863142e-02	
   5.8045767e-02	
   5.7976427e-02	
   5.8110054e-02	
   5.8372386e-02	
   5.6853259e-02	
   5.3118636e-02	
   5.0632168e-02	
   4.8969340e-02	
   4.8380584e-02	
   4.8483079e-02	
   4.8515287e-02	
   4.8520960e-02	
   4.8552647e-02	
   4.8599069e-02	
   4.8382214e-02	
   4.8270690e-02	
   4.9029976e-02	
   4.9867992e-02	
   4.4281591e-02	
   3.1161994e-02	
   2.3948990e-02	
   1.9524854e-02	
   1.5040786e-02	
   1.2070280e-02	
   8.6787068e-03	
   5.7051858e-03	
   2.2156173e-03	
   3.4039062e-05	
  -2.2487650e-03	
  -4.6204795e-03	
  -7.0978024e-03	
  -1.0554107e-02	
  -1.1651348e-02	
  -1.2908606e-02	
  -1.8096625e-02	
  -2.3185792e-02	
  -2.5850666e-02	
  -3.0640153e-02	
  -3.7420366e-02	
  -4.2542641e-02	
  -4.5298841e-02	
  -4.8553755e-02	
  -5.0891404e-02	
  -5.2660117e-02	
  -5.3300446e-02	
  -5.3170633e-02	
  -5.3106443e-02	
  -5.3120592e-02	
  -5.3145139e-02	
  -5.3096337e-02	
  -5.3067454e-02	
  -5.3175653e-02	
  -5.3304488e-02	
  -5.2475112e-02	
  -5.0526968e-02	
  -4.9683411e-02	
  -4.9802922e-02	
  -4.9969084e-02	
  -4.9959793e-02	
  -4.9749915e-02	
  -4.9565822e-02	
  -5.0632168e-02	
  -5.2770174e-02	
  -5.2802937e-02	
  -5.1498839e-02	
  -5.6975020e-02	
  -7.2232635e-02	
  -8.1696676e-02	
  -8.2226556e-02	
  -8.2839501e-02	
  -8.6313846e-02	
  -8.7973675e-02	
  -8.9607881e-02	
  -9.3378690e-02	
  -9.3375919e-02	
  -8.9679568e-02	
  -8.7079490e-02	
  -8.2692671e-02	
  -7.2138584e-02	
  -5.7141573e-02	
  -4.7135623e-02	
  -3.6999207e-02	
  -2.5830594e-02	
  -1.6217793e-02	
  -6.2412928e-03	
   1.6991792e-03	
   7.6397872e-03	
   1.3140450e-02	
   2.1010553e-02	
   3.4271956e-02	
   4.6593843e-02	
   4.9774071e-02	
   4.9624894e-02	
   5.0687425e-02	
   4.4218868e-02	
   2.4324408e-02	
   7.1608638e-03	
  -3.0544632e-03	
  -1.1241494e-02	
  -1.6656409e-02	
  -1.9434924e-02	
  -2.2675416e-02	
  -2.5617448e-02	
  -2.8877761e-02	
  -3.1813378e-02	
  -3.6878196e-02	
  -4.1851880e-02	
  -4.4796997e-02	
  -4.9041060e-02	
  -5.2412096e-02	
  -5.3117788e-02	
  -5.2894674e-02	
  -5.2201272e-02	
  -5.0591907e-02	
  -4.8128814e-02	
  -4.4364525e-02	
  -4.2821665e-02	
  -4.3070207e-02	
  -4.3214756e-02	
  -4.3152555e-02	
  -4.3262417e-02	
  -4.3438848e-02	
  -4.1987496e-02	
  -3.8537634e-02	
  -3.5456640e-02	
  -3.0425681e-02	
  -2.5317303e-02	
  -2.2185747e-02	
  -1.8969627e-02	
  -1.7773373e-02	
  -1.6274494e-02	
  -1.2558827e-02	
  -1.0932850e-02	
  -1.1163378e-02	
  -1.1221109e-02	
  -1.0990089e-02	
  -1.2396163e-02	
  -1.5916324e-02	
  -1.8987700e-02	
  -2.3282734e-02	
  -2.7456202e-02	
  -3.0037959e-02	
  -3.0589167e-02	
  -3.0205282e-02	
  -2.9997099e-02	
  -3.1419160e-02	
  -3.4842978e-02	
  -3.8143206e-02	
  -4.3435686e-02	
  -4.6811188e-02	
  -4.6012488e-02	
  -4.7807313e-02	
  -4.9534135e-02	
  -4.9585774e-02	
  -4.9287255e-02	
  -4.9263392e-02	
  -4.9594706e-02	
  -4.9630631e-02	
  -4.7694713e-02	
  -4.5457179e-02	
  -4.7693311e-02	
  -4.9625578e-02	
  -4.9544795e-02	
  -4.9190662e-02	
  -4.9318388e-02	
  -4.9745318e-02	
  -4.8456575e-02	
  -4.3500201e-02	
  -3.6983950e-02	
  -2.9009974e-02	
  -1.8883416e-02	
  -9.7568573e-03	
  -2.3440316e-03	
   1.1870534e-03	
   3.1784925e-03	
   6.7414420e-03	
   8.3279373e-03	
   8.1180129e-03	
   8.0648879e-03	
   8.3307637e-03	
   6.9694138e-03	
   3.2763685e-03	
  -3.1883468e-05	
  -3.3489556e-03	
  -4.6897741e-03	
  -6.4227020e-03	
  -8.6978854e-03	
  -5.9702108e-03	
  -1.5588088e-03	
   2.6147443e-03	
   6.6547717e-03	
   9.6976850e-03	
   1.3305240e-02	
   1.4802473e-02	
   1.4522994e-02	
   1.4304776e-02	
   1.4582906e-02	
   1.4916645e-02	
   1.3187926e-02	
   9.2613959e-03	
   7.8401859e-03	
   8.3758202e-03	
   6.9624602e-03	
   3.0440103e-03	
   1.3148173e-03	
   1.5767290e-03	
   1.8851918e-03	
   1.8823687e-03	
   1.6507509e-03	
   1.4068096e-03	
   2.8544824e-03	
   6.5460996e-03	
   9.9011383e-03	
   1.3163195e-02	
   1.5164350e-02	
   1.9538543e-02	
   3.0697174e-02	
   4.5735420e-02	
   5.1114974e-02	
   4.9836272e-02	
   4.8953138e-02	
   5.0102386e-02	
   5.2444663e-02	
   5.2429341e-02	
   5.0090682e-02	
   4.9009764e-02	
   4.9930975e-02	
   5.0970002e-02	
   4.5405378e-02	
   3.2032248e-02	
   2.4532778e-02	
   2.1625454e-02	
   2.1070218e-02	
   2.1096396e-02	
   2.0017446e-02	
   2.0742627e-02	
   3.0397019e-02	
   4.5617213e-02	
   5.1164820e-02	
   5.0081228e-02	
   4.9273726e-02	
   4.9145380e-02	
   4.9835913e-02	
   5.3171089e-02	
   5.9048739e-02	
   6.4011143e-02	
   6.8527286e-02	
   7.5382675e-02	
   7.9572232e-02	
   8.4227642e-02	
   9.1809033e-02	
   9.9689398e-02	
   1.0323253e-01	
   1.0491260e-01	
   1.1009304e-01	
   1.1538865e-01	
   1.1662203e-01	
   1.1778253e-01	
   1.2146258e-01	
   1.2322256e-01	
   1.2296208e-01	
   1.2267458e-01	
   1.2294239e-01	
   1.2321705e-01	
   1.2153525e-01	
   1.1783061e-01	
   1.1639126e-01	
   1.1513798e-01	
   1.1176548e-01	
   1.0880719e-01	
   1.0485043e-01	
   9.9439910e-02	
   9.1759285e-02	
   8.4395825e-02	
   7.8188329e-02	
   7.2225398e-02	
   6.5573498e-02	
   5.7629726e-02	
   5.1490494e-02	
   5.0993735e-02	
   4.4772155e-02	
   2.4679651e-02	
   8.1132696e-03	
   7.8335779e-04	
  -4.3341896e-03	
  -1.0519355e-02	
  -1.7378907e-02	
  -2.3992661e-02	
  -2.8795616e-02	
  -3.1598857e-02	
  -3.5044478e-02	
  -3.6792360e-02	
  -3.6883999e-02	
  -3.5041805e-02	
  -3.1169056e-02	
  -2.9550052e-02	
  -2.9867624e-02	
  -3.0185204e-02	
  -2.9944036e-02	
  -2.9440043e-02	
  -3.0877191e-02	
  -3.6223523e-02	
  -4.1536540e-02	
  -4.4451632e-02	
  -4.7655984e-02	
  -4.9909883e-02	
  -5.1927725e-02	
  -5.2709506e-02	
  -5.1834945e-02	
  -5.0873767e-02	
  -5.6520413e-02	
  -6.9893129e-02	
  -7.7103140e-02	
  -7.9784295e-02	
  -8.2282661e-02	
  -8.6053861e-02	
  -8.7716364e-02	
  -8.7411097e-02	
  -8.7178007e-02	
  -8.7412760e-02	
  -8.7612533e-02	
  -8.6069477e-02	
  -8.2295994e-02	
  -7.8744941e-02	
  -7.0468258e-02	
  -5.6662875e-02	
  -5.0706855e-02	
  -4.8710822e-02	
  -4.3402369e-02	
  -3.5686731e-02	
  -3.0017607e-02	
  -3.2448491e-02	
  -3.9025688e-02	
  -3.8602475e-02	
  -3.6325006e-02	
  -3.6042495e-02	
  -3.6336840e-02	
  -3.6569246e-02	
  -3.6752034e-02	
  -3.5905249e-02	
  -3.3085251e-02	
  -3.0744545e-02	
  -3.0555237e-02	
  -2.7664148e-02	
  -2.0212733e-02	
  -1.5385713e-02	
  -1.2368460e-02	
  -9.7111781e-03	
  -5.3686691e-03	
  -1.3025415e-03	
   1.2051633e-03	
   3.5841548e-03	
   5.4880894e-03	
   3.3704618e-03	
   1.8842239e-03	
   7.4404806e-04	
  -4.0925942e-03	
  -1.1011302e-02	
  -1.7846303e-02	
  -2.2712459e-02	
  -2.5352058e-02	
  -2.8399976e-02	
  -3.1400164e-02	
  -3.6540753e-02	
  -4.1508863e-02	
  -4.4441820e-02	
  -4.8714147e-02	
  -5.2110709e-02	
  -5.2778781e-02	
  -5.2471982e-02	
  -5.2382625e-02	
  -5.2455584e-02	
  -5.2490564e-02	
  -5.2481566e-02	
  -5.2479056e-02	
  -5.2470939e-02	
  -5.2477263e-02	
  -5.2536530e-02	
  -5.2576302e-02	
  -5.1974245e-02	
  -5.0485371e-02	
  -4.8171716e-02	
  -4.2922040e-02	
  -3.7998886e-02	
  -3.5344170e-02	
  -3.0422946e-02	
  -2.3726987e-02	
  -1.8981448e-02	
  -1.5600694e-02	
  -8.7068536e-03	
  -1.9027414e-03	
   1.1342009e-03	
   3.0604287e-03	
   6.5897738e-03	
   8.1784598e-03	
   8.0253539e-03	
   8.0760632e-03	
   8.0574812e-03	
   6.1714441e-03	
   4.1412008e-03	
   6.5563066e-03	
   6.9038878e-03	
   3.2419226e-03	
   6.2114932e-04	
  -1.9029774e-03	
  -4.3994613e-03	
  -5.1877097e-03	
  -4.9146130e-03	
  -4.5706341e-03	
  -5.3711597e-03	
  -8.1977036e-03	
  -1.0719552e-02	
  -1.1218638e-02	
  -1.2669801e-02	
  -1.6232352e-02	
  -1.7683185e-02	
  -1.9103822e-02	
  -2.2723911e-02	
  -2.4452536e-02	
  -2.4321230e-02	
  -2.4004153e-02	
  -2.3743164e-02	
  -2.4503689e-02	
  -2.7384926e-02	
  -3.0291092e-02	
  -2.9719050e-02	
  -2.6268581e-02	
  -2.1568561e-02	
  -1.2959217e-02	
  -4.9987112e-03	
   1.4299807e-03	
   9.2399060e-03	
   1.7087681e-02	
   2.2725851e-02	
   3.4009526e-02	
   4.6532262e-02	
   4.9955914e-02	
   4.9547599e-02	
   5.2366782e-02	
   5.7010945e-02	
   6.0331255e-02	
   6.3784052e-02	
   6.5177799e-02	
   6.4968866e-02	
   6.4784839e-02	
   6.4863535e-02	
   6.4996511e-02	
   6.4763127e-02	
   6.4307575e-02	
   6.5797982e-02	
   7.1135123e-02	
   7.6162304e-02	
   7.8930957e-02	
   8.3960029e-02	
   8.9302745e-02	
   9.0801334e-02	
   9.0304217e-02	
   9.0057533e-02	
   9.0312530e-02	
   9.0540502e-02	
   8.9075425e-02	
   8.5605448e-02	
   8.2447128e-02	
   7.7384185e-02	
   7.2582759e-02	
   6.9684554e-02	
   6.4531048e-02	
   5.9426116e-02	
   5.8197455e-02	
   5.6976063e-02	
   5.3298425e-02	
   5.1543795e-02	
   5.1740960e-02	
   5.1995272e-02	
   5.1944547e-02	
   5.1835760e-02	
   5.1871066e-02	
   5.2046976e-02	
   5.1905329e-02	
   5.0853946e-02	
   4.9811626e-02	
   5.0217888e-02	
   4.3507275e-02	
   2.5348410e-02	
   1.1326029e-02	
   3.9372552e-04	
  -1.0356880e-02	
  -1.9878440e-02	
  -2.9822764e-02	
  -3.7610718e-02	
  -4.3996275e-02	
  -5.0046477e-02	
  -5.3500414e-02	
  -5.3050925e-02	
  -5.1462164e-02	
  -5.8346274e-02	
  -7.6984346e-02	
  -9.0007231e-02	
  -9.6255542e-02	
  -9.8689067e-02	
  -9.6091662e-02	
  -9.4883245e-02	
  -9.4593627e-02	
  -8.8622741e-02	
  -7.3735202e-02	
  -5.6725565e-02	
  -4.8370413e-02	
  -4.3454170e-02	
  -3.8689158e-02	
  -3.6951155e-02	
  -3.7236600e-02	
  -3.9160391e-02	
  -4.1064655e-02	
  -4.0456861e-02	
  -4.2447123e-02	
  -4.4165469e-02	
  -4.4096716e-02	
  -4.3866332e-02	
  -4.4145062e-02	
  -4.4458576e-02	
  -4.2533937e-02	
  -3.8630674e-02	
  -3.8909013e-02	
  -4.1423744e-02	
  -3.9371509e-02	
  -3.7378084e-02	
  -3.7581965e-02	
  -3.8156833e-02	
  -3.6556564e-02	
  -3.2547638e-02	
  -3.0858968e-02	
  -3.1389141e-02	
  -3.1847589e-02	
  -3.0129103e-02	
  -2.6370264e-02	
  -2.4943134e-02	
  -2.3761488e-02	
  -2.0421615e-02	
  -1.7298734e-02	
  -1.3166227e-02	
  -9.1975260e-03	
  -4.9982418e-03	
  -8.4496592e-04	
   4.0127503e-04	
   1.7739352e-03	
   5.2075892e-03	
   6.6367634e-03	
   8.1510986e-03	
   1.1796271e-02	
   1.3234694e-02	
   1.2772061e-02	
   1.4244642e-02	
   1.8055944e-02	
   2.0377507e-02	
   2.2854664e-02	
   3.0847783e-02	
   4.5280552e-02	
   4.5276119e-02	
   2.9333597e-02	
   1.9382252e-02	
   1.7368273e-02	
   1.3192522e-02	
   7.7407624e-03	
   5.8511165e-03	
   6.0556163e-03	
   7.7308683e-03	
   1.1314531e-02	
   1.4595486e-02	
   1.7990636e-02	
   1.9094948e-02	
   2.0474795e-02	
   2.4408233e-02	
   2.6342593e-02	
   2.4468452e-02	
   2.0353367e-02	
   1.8743139e-02	
   1.9002237e-02	
   1.9128379e-02	
   1.9269195e-02	
   1.9645285e-02	
   1.8186256e-02	
   1.2823288e-02	
   7.6200218e-03	
   4.9224500e-03	
   5.1313704e-04	
  -5.7569025e-03	
  -1.4026258e-02	
  -2.4429801e-02	
  -3.2567380e-02	
  -3.7183723e-02	
  -3.9899466e-02	
  -4.3362075e-02	
  -4.4862914e-02	
  -4.4843191e-02	
  -4.5070315e-02	
  -4.3765598e-02	
  -3.8693853e-02	
  -3.2191838e-02	
  -2.5903471e-02	
  -1.7753158e-02	
  -8.0869516e-03	
  -2.5872726e-03	
  -7.2144354e-04	
   1.0601259e-03	
   4.5946733e-03	
   7.6911420e-03	
   1.1061874e-02	
   1.4009071e-02	
   1.8484510e-02	
   2.2923626e-02	
   3.0133197e-02	
   4.3235163e-02	
   4.8813349e-02	
   4.8030265e-02	
   4.7323268e-02	
   4.7227261e-02	
   4.7198573e-02	
   4.7857354e-02	
   4.9068933e-02	
   4.3878231e-02	
   2.7567134e-02	
   1.3025773e-02	
   4.6324893e-03	
  -3.7102451e-03	
  -1.1176809e-02	
  -1.5164203e-02	
  -1.8470720e-02	
  -1.8812661e-02	
  -1.7524655e-02	
  -1.8730350e-02	
  -1.9964260e-02	
  -1.8334801e-02	
  -1.4374070e-02	
  -1.2736126e-02	
  -1.2875673e-02	
  -1.2893476e-02	
  -1.4287530e-02	
  -1.7855346e-02	
  -2.1144451e-02	
  -2.4687987e-02	
  -2.6252985e-02	
  -2.6429974e-02	
  -2.5096862e-02	
  -2.0036632e-02	
  -1.3096942e-02	
  -6.3533847e-03	
  -1.7375836e-03	
   8.9223788e-04	
   5.6717839e-03	
   1.1642356e-02	
   1.7719909e-02	
   2.8564123e-02	
   4.3315164e-02	
   4.8747139e-02	
   4.7723140e-02	
   4.6764537e-02	
   4.6812883e-02	
   4.7763694e-02	
   4.8604416e-02	
   4.2996759e-02	
   2.9696667e-02	
   2.2199655e-02	
   1.9216497e-02	
   1.8544989e-02	
   1.8898719e-02	
   1.7391455e-02	
   1.3731306e-02	
   1.0636572e-02	
   7.3084799e-03	
   4.1823518e-03	
   5.1085211e-04	
  -8.7399003e-04	
  -5.0508093e-04	
  -1.1703217e-03	
  -3.1438397e-03	
  -4.0123558e-03	
  -3.8403908e-03	
  -3.8157713e-03	
  -3.9785236e-03	
  -3.2991559e-03	
  -1.3251180e-03	
  -9.6096487e-05	
  -5.9060181e-04	
  -4.7793556e-03	
  -1.2358103e-02	
  -1.9509330e-02	
  -2.7616663e-02	
  -3.7912040e-02	
  -4.4459913e-02	
  -4.6994693e-02	
  -5.0080022e-02	
  -5.2579399e-02	
  -5.4546092e-02	
  -5.4304461e-02	
  -5.2218778e-02	
  -5.1521170e-02	
  -5.1848116e-02	
  -5.0489967e-02	
  -4.6995573e-02	
  -4.4059487e-02	
  -3.9185624e-02	
  -3.2685314e-02	
  -2.6195355e-02	
  -1.9804989e-02	
  -1.3189973e-02	
  -6.9639370e-03	
  -1.7497140e-03	
   5.4887870e-03	
   2.1936540e-02	
   4.2264172e-02	
   4.9040343e-02	
   4.7497874e-02	
   4.6623542e-02	
   4.6761375e-02	
   4.6879256e-02	
   4.7282877e-02	
   4.8100681e-02	
   4.4413425e-02	
   3.3269995e-02	
   2.3695731e-02	
   1.9250196e-02	
   1.7318065e-02	
   1.2622642e-02	
   4.9109488e-03	
  -2.7962467e-03	
  -8.0682881e-03	
  -1.3371004e-02	
  -1.9523325e-02	
  -2.5993414e-02	
  -3.4235444e-02	
  -4.2805332e-02	
  -4.7229967e-02	
  -5.1257339e-02	
  -5.4485945e-02	
  -5.5194538e-02	
  -5.4943421e-02	
  -5.4738497e-02	
  -5.4794536e-02	
  -5.5199428e-02	
  -5.4957993e-02	
  -5.1030149e-02	
  -4.2550726e-02	
  -3.3385823e-02	
  -2.4641434e-02	
  -1.4779989e-02	
  -6.8901632e-03	
  -4.4603972e-04	
   5.9040719e-03	
   1.0508682e-02	
   1.3285286e-02	
   1.8648859e-02	
   2.3726440e-02	
   2.4198700e-02	
   2.5312332e-02	
   3.3965647e-02	
   4.1443304e-02	
   3.4157856e-02	
   2.5669263e-02	
   2.2939124e-02	
   1.8745763e-02	
   1.1957449e-02	
   6.2492994e-03	
   4.5595534e-03	
   6.4489809e-03	
   1.1953406e-02	
   1.7321873e-02	
   2.0185943e-02	
   2.2747501e-02	
   2.5220459e-02	
   3.3080426e-02	
   4.4250914e-02	
   4.8135921e-02	
   4.7291223e-02	
   4.6780413e-02	
   4.6960463e-02	
   4.7006462e-02	
   4.6845678e-02	
   4.7636261e-02	
   4.9560183e-02	
   5.0397677e-02	
   5.0333161e-02	
   5.0261539e-02	
   5.0039859e-02	
   4.9821243e-02	
   5.1484528e-02	
   5.5374556e-02	
   5.6947701e-02	
   5.6660821e-02	
   5.6669525e-02	
   5.7008891e-02	
   5.5329502e-02	
   5.1410754e-02	
   4.9585089e-02	
   4.8942934e-02	
   4.3130322e-02	
   2.8702644e-02	
   1.6443212e-02	
   6.7395545e-03	
  -2.4984937e-03	
  -1.0856348e-02	
  -1.5145259e-02	
  -1.9735499e-02	
  -2.4649453e-02	
  -2.7996750e-02	
  -3.1601944e-02	
  -3.1462570e-02	
  -2.8025910e-02	
  -2.5260195e-02	
  -1.8855635e-02	
  -8.3194809e-03	
   3.1371616e-04	
   5.1096523e-03	
   6.0550751e-03	
   5.9019138e-03	
   6.0006787e-03	
   4.4973037e-03	
   1.0821440e-03	
  -1.1037998e-03	
  -5.0460269e-03	
  -1.1098677e-02	
  -1.4944942e-02	
  -1.9553024e-02	
  -2.4194305e-02	
  -2.9051363e-02	
  -3.6437411e-02	
  -3.9299756e-02	
  -3.8529679e-02	
  -3.9835831e-02	
  -4.3924458e-02	
  -4.5605151e-02	
  -4.3772835e-02	
  -4.1962850e-02	
  -4.1301788e-02	
  -3.4316553e-02	
  -2.5863803e-02	
  -1.9275748e-02	
  -1.3024720e-02	
  -7.2967732e-03	
  -3.1895146e-03	
  -8.1584271e-04	
  -2.6498379e-04	
  -4.3779518e-04	
  -4.6986608e-04	
  -4.3428742e-04	
  -4.0796618e-04	
  -4.1745441e-04	
  -4.0249981e-04	
  -3.9077979e-04	
  -4.0586902e-04	
  -4.4162535e-04	
  -3.3240525e-04	
  -1.4544004e-04	
  -8.5694153e-04	
  -3.3756159e-03	
  -5.9368805e-03	
  -8.3220498e-03	
  -1.1709780e-02	
  -1.2998745e-02	
  -1.4433370e-02	
  -1.8099921e-02	
  -1.9778329e-02	
  -1.9578292e-02	
  -1.9313635e-02	
  -1.9298271e-02	
  -1.9396961e-02	
  -1.9563677e-02	
  -1.9024336e-02	
  -1.6608373e-02	
  -1.2433643e-02	
  -7.1572746e-03	
  -2.9773208e-03	
  -5.6181145e-04	
  -3.8945068e-05	
  -2.0799723e-04	
  -2.4398818e-04	
  -1.9701878e-04	
  -1.7129135e-04	
  -1.6766134e-04	
  -1.8419121e-04	
  -1.8887873e-04	
  -1.2846451e-04	
  -1.9482718e-05	
  -2.2045238e-04	
  -6.3181734e-04	
   7.8624387e-04	
   6.1153949e-03	
   1.1393211e-02	
   1.4459316e-02	
   1.7719019e-02	
   2.0036309e-02	
   2.2834217e-02	
   3.0123019e-02	
   4.3447520e-02	
   4.9075225e-02	
   4.8184821e-02	
   4.7445323e-02	
   4.7573506e-02	
   4.7821722e-02	
   4.7787916e-02	
   4.7759424e-02	
   4.7732724e-02	
   4.7776995e-02	
   4.7822342e-02	
   4.7874567e-02	
   4.7648193e-02	
   4.7536016e-02	
   4.8278611e-02	
   4.9184272e-02	
   4.3634611e-02	
   3.0351206e-02	
   2.2852900e-02	
   1.9900116e-02	
   1.9234515e-02	
   1.9538481e-02	
   1.8077769e-02	
   1.4679646e-02	
   1.1580909e-02	
   6.4511129e-03	
   1.3290955e-03	
  -8.1934330e-04	
  -2.9249186e-03	
  -5.2059103e-03	
  -7.6474612e-03	
  -1.1317722e-02	
  -1.2859885e-02	
  -1.2615052e-02	
  -1.2394918e-02	
  -1.2409343e-02	
  -1.2533676e-02	
  -1.2538130e-02	
  -1.2269750e-02	
  -1.2045762e-02	
  -1.3770273e-02	
  -1.7456019e-02	
  -1.8744557e-02	
  -1.9872200e-02	
  -2.4206292e-02	
  -2.8655038e-02	
  -3.1223752e-02	
  -3.1662717e-02	
  -3.1422393e-02	
  -3.1369259e-02	
  -3.1465941e-02	
  -3.1504718e-02	
  -3.1313457e-02	
  -3.1063158e-02	
  -3.2477369e-02	
  -3.6146130e-02	
  -3.9449586e-02	
  -4.2832847e-02	
  -4.4120840e-02	
  -4.5551654e-02	
  -4.8295303e-02	
  -4.8870171e-02	
  -4.9784634e-02	
  -5.0441752e-02	
  -5.0367196e-02	
  -5.0429103e-02	
  -5.0804068e-02	
  -4.9564486e-02	
  -4.4487297e-02	
  -3.7717744e-02	
  -3.1020690e-02	
  -2.4560749e-02	
  -1.9683404e-02	
  -1.6722864e-02	
  -1.3440061e-02	
  -1.2125730e-02	
  -1.0745550e-02	
  -7.3053992e-03	
  -4.9394607e-03	
  -2.2942204e-03	
   2.7553109e-04	
   7.6563349e-04	
   3.1290582e-04	
   1.9532303e-03	
   5.9138095e-03	
   7.3666905e-03	
   6.8237309e-03	
   8.3043186e-03	
   1.2260739e-02	
   1.3833993e-02	
   1.3336327e-02	
   1.4524291e-02	
   1.8196899e-02	
   2.1598677e-02	
   2.5141831e-02	
   2.6529799e-02	
   2.6548094e-02	
   2.6614793e-02	
   2.4976650e-02	
   2.1339448e-02	
   1.9844171e-02	
   1.8654062e-02	
   1.5460759e-02	
   1.2372199e-02	
   7.2160785e-03	
   2.0950165e-03	
  -7.6966481e-04	
  -3.7264049e-03	
  -6.5932294e-03	
  -1.1900897e-02	
  -1.7122221e-02	
  -1.8686744e-02	
  -1.8761998e-02	
  -1.7338766e-02	
  -1.1384204e-02	
  -3.5599070e-03	
   2.0688328e-03	
   7.4637472e-03	
   1.3137735e-02	
   1.9138958e-02	
   3.0112985e-02	
   4.4903533e-02	
   5.0243739e-02	
   4.9083994e-02	
   4.8970677e-02	
   5.0848274e-02	
   5.3570928e-02	
   5.7201199e-02	
   5.8664841e-02	
   5.8660570e-02	
   5.8763945e-02	
   5.7110538e-02	
   5.3285254e-02	
   5.1735320e-02	
   5.2135224e-02	
   5.1539622e-02	
   4.9582285e-02	
   4.8685818e-02	
   4.8833529e-02	
   4.8960180e-02	
   4.8990726e-02	
   4.8972405e-02	
   4.8874474e-02	
   4.8746356e-02	
   4.9591772e-02	
   5.1538448e-02	
   5.2385364e-02	
   5.2199642e-02	
   5.2078239e-02	
   5.2270253e-02	
   5.2498812e-02	
   5.1432466e-02	
   4.9291363e-02	
   4.9248070e-02	
   5.0563317e-02	
   4.5097243e-02	
   2.9839549e-02	
   2.0312336e-02	
   1.9794671e-02	
   1.9406213e-02	
   1.5993358e-02	
   1.2650671e-02	
   8.3176651e-03	
   4.1913722e-03	
   1.6851921e-03	
   1.1456488e-03	
   1.3566943e-03	
   1.3730889e-03	
   1.3813021e-03	
   1.5009115e-03	
   1.0224403e-03	
  -1.2420352e-03	
  -5.3895917e-03	
  -1.1619514e-02	
  -1.6892290e-02	
  -1.8185017e-02	
  -1.7732310e-02	
  -1.7572935e-02	
  -1.7657392e-02	
  -1.7696343e-02	
  -1.7659003e-02	
  -1.7699006e-02	
  -1.7708265e-02	
  -1.7527253e-02	
  -1.7354665e-02	
  -1.8866200e-02	
  -2.2262778e-02	
  -2.5136726e-02	
  -3.0208695e-02	
  -3.6947927e-02	
  -4.1869940e-02	
  -4.4615121e-02	
  -4.8849079e-02	
  -5.2300213e-02	
  -5.2956874e-02	
  -5.2634623e-02	
  -5.2529814e-02	
  -5.2604599e-02	
  -5.2636253e-02	
  -5.2593287e-02	
  -5.2570793e-02	
  -5.2627517e-02	
  -5.2730924e-02	
  -5.2078826e-02	
  -5.0371010e-02	
  -4.8045261e-02	
  -4.4521266e-02	
  -4.1564739e-02	
  -3.8206646e-02	
  -3.5055921e-02	
  -3.1354377e-02	
  -2.9977265e-02	
  -3.0464322e-02	
  -2.9875367e-02	
  -2.7054864e-02	
  -2.4462228e-02	
  -2.3973466e-02	
  -2.2545342e-02	
  -1.9017001e-02	
  -1.7506927e-02	
  -1.6015832e-02	
  -1.2558012e-02	
  -1.1233729e-02	
  -1.0024764e-02	
  -5.6790700e-03	
  -1.2082496e-03	
   1.3384791e-03	
   1.6907879e-03	
   1.5483696e-03	
   1.9445750e-03	
   1.4706404e-03	
  -2.7564014e-03	
  -8.9567196e-03	
  -1.2675522e-02	
  -1.7493877e-02	
  -2.3157746e-02	
  -2.7089289e-02	
  -3.1105942e-02	
  -3.5664759e-02	
  -3.7267896e-02	
  -3.5400927e-02	
  -3.1947074e-02	
  -2.9418044e-02	
  -2.3062583e-02	
  -1.2457187e-02	
  -3.7684296e-03	
   9.9025564e-04	
   1.7025989e-03	
   1.9660049e-03	
   4.6252424e-03	
   7.7048046e-03	
   8.6971291e-03	
   6.7674666e-03	
   2.7726505e-03	
   1.1645121e-03	
   1.5313733e-03	
   1.7905292e-03	
   1.5083554e-03	
   1.1708678e-03	
   2.8407979e-03	
   6.7469645e-03	
   8.4094178e-03	
   8.0718480e-03	
   7.8057896e-03	
   8.0818758e-03	
   8.3754094e-03	
   6.6993391e-03	
   2.9366347e-03	
   1.3894814e-03	
   7.5075257e-04	
  -8.7195448e-04	
  -1.4298777e-03	
  -1.9496345e-03	
  -5.2500637e-03	
  -9.7860897e-03	
  -1.2789495e-02	
  -1.5845318e-02	
  -1.8772697e-02	
  -2.3905756e-02	
  -2.8842293e-02	
  -3.1688198e-02	
  -3.6588936e-02	
  -4.1633819e-02	
  -4.4652057e-02	
  -4.8080371e-02	
  -5.0502127e-02	
  -5.1378187e-02	
  -5.0075654e-02	
  -4.9313857e-02	
  -4.9623068e-02	
  -4.8255270e-02	
  -4.4615415e-02	
  -4.1504266e-02	
  -3.8175839e-02	
  -3.5053867e-02	
  -3.1380574e-02	
  -3.0042119e-02	
  -3.0494500e-02	
  -2.9287768e-02	
  -2.5699930e-02	
  -2.2222341e-02	
  -1.8378501e-02	
  -1.7742488e-02	
  -2.0724612e-02	
  -2.3389682e-02	
  -2.3971067e-02	
  -2.5556411e-02	
  -2.7882571e-02	
  -2.5968531e-02	
  -2.2607627e-02	
  -1.8917112e-02	
  -1.6079536e-02	
  -1.2928114e-02	
  -1.0010854e-02	
  -4.9318551e-03	
   1.6762610e-04	
   3.2459135e-03	
   6.6209068e-03	
   8.0155217e-03	
   8.0433524e-03	
   8.1656513e-03	
   6.6818590e-03	
   2.3558354e-03	
  -1.6463082e-03	
  -5.5898046e-03	
  -1.1360940e-02	
  -1.6437647e-02	
  -1.9463765e-02	
  -2.2828760e-02	
  -2.4284548e-02	
  -2.4363806e-02	
  -2.4387741e-02	
  -2.2717845e-02	
  -1.9124379e-02	
  -1.7734364e-02	
  -1.6351127e-02	
  -1.2731242e-02	
  -1.0980658e-02	
  -1.1115303e-02	
  -1.1551592e-02	
  -1.1917667e-02	
  -1.0385284e-02	
  -5.7500434e-03	
  -1.5301843e-03	
   5.3691678e-04	
   2.4410283e-03	
   7.3900581e-03	
   1.3470265e-02	
   1.9525085e-02	
   3.0381365e-02	
   4.5010657e-02	
   5.0343691e-02	
   5.0061114e-02	
   5.1068291e-02	
   5.2073251e-02	
   5.3847735e-02	
   5.5623489e-02	
   5.5030919e-02	
   5.7020725e-02	
   5.8733334e-02	
   5.8646552e-02	
   5.8400814e-02	
   5.8587351e-02	
   5.8925478e-02	
   5.7225681e-02	
   5.3322353e-02	
   5.1742133e-02	
   5.2152404e-02	
   5.1589696e-02	
   4.9642791e-02	
   4.8509289e-02	
   4.8530153e-02	
   4.9399660e-02	
   5.0213519e-02	
   4.4582554e-02	
   3.1461719e-02	
   2.4171466e-02	
   1.9730632e-02	
   1.5454636e-02	
   1.2630440e-02	
   7.5260197e-03	
   1.4961773e-03	
  -2.4879603e-03	
  -4.6155373e-03	
  -6.8158483e-03	
  -1.0308593e-02	
  -1.1689809e-02	
  -1.3125451e-02	
  -1.6727862e-02	
  -1.8381415e-02	
  -1.8424689e-02	
  -1.8436558e-02	
  -1.6816919e-02	
  -1.3074468e-02	
  -1.1452504e-02	
  -1.1464002e-02	
  -1.1515461e-02	
  -1.3172193e-02	
  -1.6748583e-02	
  -1.8158441e-02	
  -1.9649145e-02	
  -2.3268967e-02	
  -2.4709705e-02	
  -2.4507008e-02	
  -2.6156053e-02	
  -2.8319574e-02	
  -2.6311199e-02	
  -2.4789291e-02	
  -2.3632399e-02	
  -1.8817828e-02	
  -1.1909214e-02	
  -5.0761069e-03	
  -2.7655913e-04	
   2.3296045e-03	
   5.5436365e-03	
   8.7310135e-03	
   1.2361490e-02	
   1.3794419e-02	
   1.3714253e-02	
   1.3739149e-02	
   1.2295035e-02	
   8.7785573e-03	
   5.6608857e-03	
   1.5034488e-03	
  -2.4761288e-03	
  -6.4399931e-03	
  -1.0598817e-02	
  -1.3690132e-02	
  -1.7270583e-02	
  -1.8751272e-02	
  -1.8586603e-02	
  -1.8363782e-02	
  -1.8305875e-02	
  -1.8500542e-02	
  -1.8970556e-02	
  -1.7751779e-02	
  -1.2460356e-02	
  -5.4651977e-03	
  -4.3660463e-04	
   2.1897290e-03	
   5.3911859e-03	
   8.3457141e-03	
   1.1787805e-02	
   1.4780866e-02	
   1.9233889e-02	
   2.3664174e-02	
   3.0869462e-02	
   4.3995591e-02	
   4.9550370e-02	
   4.8745020e-02	
   4.8020224e-02	
   4.8118839e-02	
   4.8055823e-02	
   4.8118415e-02	
   4.9016056e-02	
   4.9112617e-02	
   4.2403146e-02	
   3.4620352e-02	
   4.2388183e-02	
   4.9078289e-02	
   4.8959919e-02	
   4.8051552e-02	
   4.7993753e-02	
   4.8027102e-02	
   4.7823548e-02	
   4.8551278e-02	
   4.9691789e-02	
   4.4155787e-02	
   2.8856927e-02	
   1.9216500e-02	
   1.8756889e-02	
   1.9739975e-02	
   1.8722131e-02	
   1.9166195e-02	
   2.8853885e-02	
   4.4175706e-02	
   4.9469848e-02	
   4.8082620e-02	
   4.8163012e-02	
   4.9501763e-02	
   4.3858703e-02	
   2.8516870e-02	
   2.0946996e-02	
   2.2627282e-02	
   1.9795776e-02	
   1.4314970e-02	
   1.2681087e-02	
   1.1529394e-02	
   7.8992082e-03	
   6.0976279e-03	
   6.4981645e-03	
   7.0142779e-03	
   5.3245058e-03	
   1.3398232e-03	
  -2.8877184e-04	
   1.2526025e-04	
  -1.3263437e-04	
  -2.4487438e-03	
  -6.7526369e-03	
  -1.3009910e-02	
  -1.8035086e-02	
  -1.9103232e-02	
  -2.0397445e-02	
  -2.4027765e-02	
  -2.5469862e-02	
  -2.5933646e-02	
  -2.8692831e-02	
  -3.1690154e-02	
  -3.0766703e-02	
  -2.6882739e-02	
  -2.5383012e-02	
  -2.4042992e-02	
  -2.0426515e-02	
  -1.8787175e-02	
  -1.9008043e-02	
  -1.9081944e-02	
  -1.8829916e-02	
  -2.0262295e-02	
  -2.3923725e-02	
  -2.7030841e-02	
  -3.0383875e-02	
  -3.3450012e-02	
  -3.7100560e-02	
  -3.8671131e-02	
  -3.8474357e-02	
  -3.8058283e-02	
  -3.7856457e-02	
  -3.9633189e-02	
  -4.3407454e-02	
  -4.4812579e-02	
  -4.5247170e-02	
  -4.7791078e-02	
  -5.0597417e-02	
  -5.1371406e-02	
  -5.1147966e-02	
  -5.1027248e-02	
  -5.0980597e-02	
  -5.1026237e-02	
  -5.1862101e-02	
  -5.2848349e-02	
  -5.2569717e-02	
  -5.3527733e-02	
  -5.4363923e-02	
  -5.4502766e-02	
  -5.4483728e-02	
  -5.3614677e-02	
  -5.1876021e-02	
  -5.1277485e-02	
  -4.9989818e-02	
  -4.6507193e-02	
  -4.3189262e-02	
  -3.9498127e-02	
  -3.8062684e-02	
  -3.8477976e-02	
  -3.8816624e-02	
  -3.7337041e-02	
  -3.3837789e-02	
  -3.0777634e-02	
  -2.5751728e-02	
  -2.0710402e-02	
  -1.7612561e-02	
  -1.4246549e-02	
  -1.2832123e-02	
  -1.2761547e-02	
  -1.2673873e-02	
  -1.4391508e-02	
  -1.8232557e-02	
  -1.9622788e-02	
  -1.9211366e-02	
  -2.0843713e-02	
  -2.4039530e-02	
  -2.3154284e-02	
  -2.0307013e-02	
  -1.8005847e-02	
  -1.4824211e-02	
  -1.1138191e-02	
  -5.1354845e-03	
   2.5379514e-04	
   5.9902467e-03	
   1.2618655e-02	
   1.8664038e-02	
   2.2875958e-02	
   2.9885809e-02	
   4.3037672e-02	
   4.8687187e-02	
   4.7844216e-02	
   4.7074302e-02	
   4.7185990e-02	
   4.7414190e-02	
   4.7375298e-02	
   4.7329528e-02	
   4.7312934e-02	
   4.7334613e-02	
   4.7322877e-02	
   4.7326268e-02	
   4.7317172e-02	
   4.7323986e-02	
   4.7294059e-02	
   4.7299992e-02	
   4.7344263e-02	
   4.7398020e-02	
   4.7153064e-02	
   4.6950194e-02	
   4.7724966e-02	
   4.8900359e-02	
   4.3303525e-02	
   2.8053125e-02	
   1.8551754e-02	
   1.8061362e-02	
   1.7640118e-02	
   1.4088520e-02	
   1.0719301e-02	
   7.3313032e-03	
   4.2953890e-03	
   2.0071311e-03	
   5.2925383e-04	
   5.9394788e-04	
   5.4431144e-04	
   2.0238869e-03	
   5.6176972e-03	
   8.7168879e-03	
   1.2071291e-02	
   1.5155010e-02	
   1.8791928e-02	
   2.0280167e-02	
   2.0033518e-02	
   1.9842955e-02	
   1.9854769e-02	
   1.9911441e-02	
   1.9889837e-02	
   1.9809308e-02	
   1.9744030e-02	
   1.9892246e-02	
   2.0099272e-02	
   1.8665867e-02	
   1.4971876e-02	
   1.1612785e-02	
   8.2274054e-03	
   7.0668878e-03	
   5.6407487e-03	
   1.9108164e-03	
   1.7246525e-04	
   4.6647438e-04	
   9.6011173e-04	
   2.3606563e-04	
  -2.6079377e-03	
  -5.3895298e-03	
  -5.8980800e-03	
  -5.4360402e-03	
  -6.2240931e-03	
  -8.9865290e-03	
  -1.0067594e-02	
  -8.7938826e-03	
  -9.0481463e-03	
  -7.0001165e-03	
  -5.5050186e-03	
  -5.6018699e-03	
  -4.9474934e-03	
  -3.1882953e-03	
  -2.4519141e-03	
  -1.7120099e-03	
   9.2919617e-05	
   7.5386163e-04	
   4.4395560e-04	
   1.7088496e-03	
   5.2184580e-03	
   8.4464188e-03	
   1.1930192e-02	
   1.3267695e-02	
   1.2933838e-02	
   1.2693035e-02	
   1.2901342e-02	
   1.3155714e-02	
   1.1481202e-02	
   7.7011306e-03	
   6.1405784e-03	
   6.3927035e-03	
   6.3328499e-03	
   6.0878772e-03	
   7.6624474e-03	
   1.1095488e-02	
   1.2119555e-02	
   1.3359594e-02	
   1.8441021e-02	
   2.2854980e-02	
   2.3239089e-02	
   2.8108493e-02	
   4.0548206e-02	
   4.5890727e-02	
   4.4833900e-02	
   4.3796307e-02	
   4.3658963e-02	
   4.3667113e-02	
   4.3399793e-02	
   4.2979318e-02	
   4.2579740e-02	
   4.3094951e-02	
   4.4608438e-02	
   4.5073445e-02	
   4.4643744e-02	
   4.4233799e-02	
   4.3943789e-02	
   4.3626689e-02	
   4.3279304e-02	
   4.3030892e-02	
   4.2818307e-02	
   4.1776313e-02	
   3.9713939e-02	
   3.8415253e-02	
   3.8027802e-02	
   3.8514455e-02	
   3.9140310e-02	
   3.3683526e-02	
   1.9882632e-02	
   1.1434222e-02	
   9.3393654e-03	
   5.1801335e-03	
   2.5190020e-04	
  -1.3157164e-03	
  -1.2222327e-03	
  -1.3452700e-03	
  -8.1145247e-05	
   3.1347700e-03	
   4.4648830e-03	
   4.1008029e-03	
   3.6918261e-03	
   3.5347169e-03	
   3.5887156e-03	
   3.6256416e-03	
   2.2003455e-03	
  -1.1125422e-03	
  -3.9941259e-03	
  -6.9824310e-03	
  -8.8706230e-03	
  -1.1105888e-02	
  -1.3369837e-02	
  -1.4020455e-02	
  -1.3850716e-02	
  -1.3766693e-02	
  -1.3918264e-02	
  -1.4075242e-02	
  -1.3422131e-02	
  -1.1828711e-02	
  -1.1072773e-02	
  -1.1175433e-02	
  -1.2026274e-02	
  -1.3447767e-02	
  -1.3898951e-02	
  -1.5169761e-02	
  -1.8236515e-02	
  -1.9562862e-02	
  -1.9332517e-02	
  -1.9163395e-02	
  -1.9121475e-02	
  -1.8914670e-02	
  -1.8834797e-02	
  -2.0310354e-02	
  -2.2009629e-02	
  -2.0178269e-02	
  -1.8589726e-02	
  -1.8551848e-02	
  -1.8699960e-02	
  -1.8725088e-02	
  -1.8629596e-02	
  -1.8373138e-02	
  -1.8106089e-02	
  -1.9387210e-02	
  -2.2312711e-02	
  -2.3281254e-02	
  -2.2743439e-02	
  -2.3758766e-02	
  -2.6621920e-02	
  -2.7573488e-02	
  -2.6973625e-02	
  -2.7850134e-02	
  -3.0619394e-02	
  -3.1651047e-02	
  -3.1039233e-02	
  -3.0607869e-02	
  -3.1621495e-02	
  -3.2898486e-02	
  -3.2188070e-02	
  -3.3147387e-02	
  -3.3961832e-02	
  -3.4911373e-02	
  -3.6549783e-02	
  -3.6385121e-02	
  -3.6470239e-02	
  -3.7789627e-02	
  -4.0148074e-02	
  -4.0830294e-02	
  -4.0128383e-02	
  -3.9503115e-02	
  -3.9237751e-02	
  -3.9009551e-02	
  -3.7394645e-02	
  -3.4278867e-02	
  -3.2726847e-02	
  -3.2509444e-02	
  -3.2251444e-02	
  -3.1799993e-02	
  -3.1327997e-02	
  -3.0963548e-02	
  -3.0577428e-02	
  -3.0003361e-02	
  -2.9400848e-02	
  -3.0061738e-02	
  -3.2146619e-02	
  -3.2749471e-02	
  -3.2087919e-02	
  -3.1428493e-02	
  -3.0935698e-02	
  -3.0549144e-02	
  -3.0160487e-02	
  -2.9196932e-02	
  -2.7119278e-02	
  -2.5047930e-02	
  -2.3115610e-02	
  -2.0590776e-02	
  -1.9399843e-02	
  -1.8131843e-02	
  -1.5528299e-02	
  -1.4168661e-02	
  -1.3972024e-02	
  -1.3796379e-02	
  -1.3460524e-02	
  -1.3057721e-02	
  -1.2718655e-02	
  -1.2505647e-02	
  -1.2316824e-02	
  -1.1115968e-02	
  -8.6968454e-03	
  -6.6603919e-03	
  -4.5145621e-03	
  -2.5198747e-03	
  -2.3659809e-04	
   6.5134963e-04	
   4.5799838e-04	
   1.2822437e-03	
   3.9442740e-03	
   6.4822785e-03	
   7.8779465e-03	
   8.1412534e-03	
   8.0394599e-03	
   8.0407835e-03	
   8.0789809e-03	
   8.1030104e-03	
   8.1041318e-03	
   8.0927577e-03	
   8.1122557e-03	
   8.1966571e-03	
   8.2096613e-03	
   7.7117093e-03	
   7.1717522e-03	
   7.8155436e-03	
   8.3096552e-03	
   7.8631591e-03	
   7.2796256e-03	
   7.7208406e-03	
   8.0901888e-03	
   8.8917641e-03	
   1.0669233e-02	
   1.1366045e-02	
   1.1173575e-02	
   1.1101333e-02	
   1.1168574e-02	
   1.0397327e-02	
   8.5854284e-03	
   7.7044982e-03	
   7.7045829e-03	
   8.5472929e-03	
   1.0222346e-02	
   1.0857583e-02	
   1.0669188e-02	
   1.0502038e-02	
   1.0445800e-02	
   1.0392714e-02	
   1.0308563e-02	
   1.0249372e-02	
   1.0184644e-02	
   1.0032855e-02	
   9.8627714e-03	
   1.0379882e-02	
   1.1740831e-02	
   1.2803894e-02	
   1.3923127e-02	
   1.4911641e-02	
   1.6172273e-02	
   1.6427147e-02	
   1.5712760e-02	
   1.5338805e-02	
   1.7511517e-02	
   1.9972524e-02	
   1.6822822e-02	
   1.4196928e-02	
   1.3966098e-02	
   1.3458323e-02	
   1.2569901e-02	
   1.2428541e-02	
   1.1533792e-02	
   1.0781899e-02	
   1.0586605e-02	
   1.0442360e-02	
   1.0211096e-02	
   1.0247911e-02	
   1.0942754e-02	
   1.2942480e-02	
   1.6587007e-02	
   1.7786710e-02	
   1.7056809e-02	
   1.6375753e-02	
   1.5920653e-02	
   1.5488997e-02	
   1.5247581e-02	
   1.5298727e-02	
   1.5045301e-02	
   1.4530270e-02	
   1.4017224e-02	
   1.3585294e-02	
   1.3174749e-02	
   1.2521246e-02	
   1.1545867e-02	
   1.0876680e-02	
   1.0677093e-02	
   1.0535342e-02	
   8.8403474e-03	
   5.1233769e-03	
   2.8694435e-03	
   2.2416751e-03	
   1.1567491e-03	
  -3.1377761e-05	
  -3.8364039e-04	
  -6.6567048e-04	
  -1.4143024e-03	
  -1.7607253e-03	
  -1.7262636e-03	
  -1.6758369e-03	
  -1.6602926e-03	
  -1.6490785e-03	
  -1.7839701e-03	
  -2.0910442e-03	
  -2.3083476e-03	
  -2.5316290e-03	
  -2.8831163e-03	
  -3.4286561e-03	
  -3.5545149e-03	
  -3.3818392e-03	
  -3.5088260e-03	
  -3.9863769e-03	
  -4.1051648e-03	
  -3.9234785e-03	
  -3.7852545e-03	
  -3.7129509e-03	
  -3.4143969e-03	
  -2.7059558e-03	
  -2.0604895e-03	
  -1.7093729e-03	
  -1.6283152e-03	
  -1.5174527e-03	
  -1.2678456e-03	
  -1.1475614e-03	
  -1.1303988e-03	
  -1.1127087e-03	
  -1.1779472e-03	
  -1.3477629e-03	
  -1.3988096e-03	
  -1.3511781e-03	
  -1.3055267e-03	
  -1.2707532e-03	
  -1.2399094e-03	
  -1.2162610e-03	
  -1.1910136e-03	
  -1.0922800e-03	
  -9.2046850e-04	
  -8.3724722e-04	
  -7.6080315e-04	
  -6.7532889e-04	
  -7.4692696e-04	
  -8.0089594e-04	
  -7.8168280e-04	
  -7.5193954e-04	
  -7.7520714e-04	
  -8.6487344e-04	
  -9.8933861e-04	
  -1.1734207e-03	
  -1.2195272e-03	
  -1.1586457e-03	
  -1.0886014e-03	
  -1.0325766e-03	
  -1.0730241e-03	
  -1.2096745e-03	
  -1.2274855e-03	
  -1.1526490e-03	
  -1.0818639e-03	
  -1.0253593e-03	
  -9.7218090e-04	
  -9.1968545e-04	
  -8.6474010e-04	
  -8.0385667e-04	
  -7.5324354e-04	
  -7.6819227e-04	
  -7.8988333e-04	
  -6.6891125e-04	
  -5.6144535e-04	
  -5.1416981e-04	
  -4.8292271e-04	
  -4.9222479e-04	
  -4.9987862e-04	
  -4.1934717e-04	
  -3.9920558e-04	
  -4.2271572e-04	
  -3.9988627e-04	
  -3.5425475e-04	
  -3.1434120e-04	
  -2.6281064e-04	
  -1.7711795e-04	
  -1.0091698e-04	
  -6.7682816e-05	
  -3.7898511e-05	
   1.9307431e-05	
   7.0273864e-05	
   1.0999168e-04	
   1.7307836e-04	
   2.2748251e-04	
   2.5073394e-04	
   2.4601535e-04	
   2.4993739e-04	
   2.7591880e-04	
   2.9411117e-04	
   3.1027741e-04	
   3.0285785e-04	
   2.7876443e-04	
   2.5613817e-04	
   2.4929096e-04	
   2.5628894e-04	
   2.4523516e-04	
   2.2100362e-04	
   1.9797951e-04	
   1.7914059e-04	
   1.6234979e-04	
   1.3726637e-04	
   9.6816425e-05	
   6.1425344e-05	
   4.6149766e-05	
   3.9079054e-05	
   3.1585384e-05	
   2.3134821e-05	
   1.0000004e-05	
  -7.3693963e-06	
  -1.7289743e-05	
  -2.1966561e-05	
  -2.6843058e-05	
  -3.2422803e-05	
  -3.7931274e-05	
  -4.3083736e-05	
  -4.8391342e-05	
  -5.4876982e-05	
  -6.1309777e-05	
  -6.5079739e-05	
  -6.9227860e-05	
  -7.4422084e-05	
  -7.9718051e-05	
  -8.5497966e-05	
  -9.1737508e-05	
  -9.7032400e-05	
  -1.0169638e-04	
  -1.0641585e-04	
  -1.1124691e-04	
  -1.1609603e-04	
  -1.2091007e-04	
  -1.2574677e-04	
  -1.3079909e-04	
  -1.3600127e-04	
  -1.4089671e-04	
  -1.4562746e-04	
  -1.5039867e-04	
  -1.5514523e-04	
  -1.5985814e-04	
  -1.6466576e-04	
  -1.6953297e-04	
  -1.7449949e-04	
  -1.7949756e-04	
  -1.8442547e-04	
  -1.8930817e-04	
  -1.9425691e-04	
  -1.9924031e-04	
  -2.0418987e-04	
  -2.0906703e-04	
  -2.1390673e-04	
  -2.1872973e-04	
  -2.2352822e-04	
  -2.2830494e-04	
  -2.3306275e-04	
  -2.3780112e-04	
  -2.4251883e-04	
  -2.4721499e-04	
  -2.5188895e-04	
  -2.5653999e-04	
  -2.6116753e-04	
