-0.001079
-0.000886
-0.001236
-0.001242
-0.001868
-0.002152
-0.003036
-0.003082
-0.003389
-0.004164
-0.006491
-0.008292
-0.011638
-0.015438
-0.021176
-0.026810
-0.029259
-0.028151
-0.028513
-0.023359
-0.007211
0.019808
0.047395
0.070602
0.085533
0.093778
0.098754
0.104480
0.102638
0.087138
0.053735
0.020847
-0.002154
-0.024733
-0.022520
0.004964
0.026677
0.031885
0.025893
-0.005543
-0.052966
-0.112137
-0.171101
-0.197941
-0.203812
-0.218902
-0.235443
-0.228368
-0.219008
-0.169341
-0.102091
-0.041661
-0.030902
-0.063812
-0.122042
-0.144779
-0.114951
-0.022245
0.084833
0.131054
0.089352
-0.020323
-0.112243
-0.135668
-0.044779
0.098114
0.251006
0.463907
0.652970
0.823365
0.961537
1.026969
1.034937
1.029551
0.985776
0.922237
0.835414
0.750052
0.606590
0.432197
0.235514
0.057471
-0.011706
-0.002716
0.032878
0.167492
0.370177
0.550168
0.668000
0.547898
0.155800
-0.446665
-1.087564
-1.642152
-2.125822
-2.615750
-3.054808
-3.297157
-3.161114
-2.671752
-1.958834
-1.127506
-0.350487
0.198797
0.524885
0.672065
0.601933
0.243222
-0.161823
-0.336487
-0.308492
-0.226805
-0.000098
0.312602
0.488781
0.722913
1.244223
2.010297
2.817434
3.329800
3.188430
2.471609
1.544612
0.565759
-0.511590
-1.442721
-2.030896
-2.248333
-1.974565
-1.242519
-0.573355
-0.217090
-0.086191
0.066702
0.278344
0.112776
-0.621481
-1.516740
-2.165953
-2.433419
-2.423246
-2.357437
-2.320595
-2.011741
-1.197558
-0.092932
1.024931
2.025855
2.828572
3.081089
2.867080
2.464207
2.157208
2.247077
2.878919
3.583099
3.838198
3.371699
2.114711
0.397251
-1.236309
-2.470391
-2.778225
-1.923733
-0.190443
1.730372
2.821095
3.153205
3.209213
3.617952
4.423461
5.040203
4.752946
3.547561
1.654148
-0.129906
-0.945747
-0.342305
1.047433
2.154874
2.541385
2.022809
1.035896
0.554745
0.980638
2.064822
3.196075
3.743499
3.298737
1.997973
0.214651
-1.804747
-3.651554
-5.141021
-6.386565
-7.180990
-6.937476
-6.068546
-5.081385
-4.354348
-4.542431
-5.258449
-6.110974
-6.750137
-6.884698
-6.511529
-5.759639
-5.125279
-4.888499
-4.908160
-4.908710
-4.376079
-3.074922
-1.173045
1.050220
3.080782
4.709435
6.290981
7.736808
8.249766
7.670767
6.573580
5.574456
5.024790
4.891539
4.413978
3.131835
1.149108
-1.150246
-3.216318
-4.572454
-4.852697
-4.447780
-4.540647
-5.432402
-6.499669
-7.031065
-6.448454
-4.465927
-1.930579
-0.112948
0.746316
0.974239
0.502729
-0.491552
-1.508120
-2.550944
-3.319552
-3.061568
-1.665151
0.656787
4.295553
8.751026
12.955509
15.643380
16.051968
14.229953
10.757091
6.655632
2.605189
-1.206032
-4.457964
-6.720648
-7.960051
-8.313489
-7.946789
-6.641669
-4.444201
-1.612599
1.313050
3.660945
4.925773
4.975823
4.213685
3.059164
2.047613
1.602663
1.592463
1.676564
1.474793
0.871032
0.035791
-0.790172
-1.346680
-1.503899
-1.223419
-0.205905
1.423583
2.403164
1.410175
-1.376853
-4.578039
-6.415622
-6.471689
-5.460543
-4.046007
-2.925827
-2.480068
-2.498521
-2.758278
-2.858482
-2.235238
-0.470542
2.477167
5.774896
8.163132
9.239564
9.438008
9.296709
8.743425
7.145247
4.199377
0.545785
-2.735016
-4.847505
-5.615698
-5.374793
-4.431100
-3.233640
-2.590670
-3.269700
-5.209541
-7.819129
-10.259659
-11.624188
-11.412805
-9.758506
-7.327573
-4.619475
-2.104694
-0.135207
1.395679
2.607345
3.550537
4.489421
5.698289
6.782969
7.592327
8.345350
9.080312
9.577906
9.641413
9.051739
7.738910
6.053020
4.547207
3.879962
3.981249
3.856835
2.774144
0.647525
-2.409396
-5.850101
-9.101768
-11.576585
-12.692371
-12.015417
-9.847459
-7.331724
-5.716672
-5.675916
-6.902273
-8.478994
-9.977060
-11.325793
-12.187176
-11.798535
-9.694515
-6.430232
-2.682658
1.137879
4.648888
7.749962
10.343921
12.275319
13.527984
13.982396
13.418061
11.824735
9.385230
6.544522
3.980166
2.355550
2.104742
2.934248
3.567513
2.527029
-0.645735
-4.855700
-8.095798
-9.224469
-8.616358
-7.315066
-6.459020
-6.709650
-7.903876
-9.117456
-9.169480
-7.583432
-4.884892
-1.809227
0.685564
2.116441
2.787514
3.192258
3.701977
4.268916
4.884359
6.092968
7.887919
9.153469
8.784936
6.693585
4.056897
2.650457
3.211121
5.220442
7.631844
9.567771
10.362196
9.678180
7.712979
4.907567
1.762777
-1.508837
-4.703812
-7.317546
-8.846556
-9.240750
-8.995726
-8.115044
-6.118306
-2.986131
0.506896
3.163653
3.918584
2.584158
0.109160
-2.302616
-3.938019
-4.815364
-5.237780
-5.367305
-4.899238
-3.700861
-2.476299
-2.056126
-2.700939
-4.208822
-6.109141
-8.018113
-9.925359
-11.510059
-12.220546
-11.802147
-10.023207
-6.875479
-3.082334
0.196545
2.067140
2.409871
2.073863
2.293613
4.074083
7.939188
13.462591
19.576368
24.940574
28.582230
30.259872
29.942716
27.226650
21.789288
14.441876
6.729597
-0.155200
-5.357887
-8.509184
-9.862446
-9.785623
-8.673665
-7.484830
-7.466824
-9.041496
-11.502027
-13.531165
-13.636506
-11.190262
-7.220992
-3.304694
-0.458672
0.813995
0.623475
-0.565516
-1.999218
-2.910117
-2.636316
-1.238670
0.564136
2.238753
3.512799
4.260430
4.647217
4.938916
5.465072
6.519993
7.979836
9.325874
9.882932
9.460597
8.688598
8.469290
8.798414
8.646656
7.109020
4.392058
1.671755
0.088632
0.172831
2.005267
4.980751
8.207554
11.219967
13.834574
15.648339
16.305670
16.092832
15.455448
14.572070
13.705404
13.125327
13.157996
13.885034
14.721456
14.940440
14.195612
12.484600
9.872905
6.488186
2.295230
-2.586730
-7.710392
-12.796688
-17.465502
-20.863590
-22.337773
-21.711010
-19.734704
-17.879427
-16.827309
-15.923714
-14.304458
-11.662896
-8.394462
-5.390713
-3.667954
-3.663102
-5.008067
-7.035809
-8.938959
-9.911774
-9.737373
-8.810598
-7.556261
-5.674730
-3.118659
-0.779708
0.534274
0.704503
0.230435
-0.002388
0.706929
2.307732
4.295413
6.207797
7.962855
9.391699
10.177337
10.422415
10.288339
9.641952
8.158711
5.454182
1.379888
-3.915144
-10.247744
-17.048072
-22.900977
-26.328985
-26.920761
-25.402533
-22.893429
-20.202593
-17.416820
-14.012209
-9.699582
-4.838874
0.017891
4.434853
7.900642
10.024231
10.692345
9.860559
7.662735
4.827030
2.665396
2.162707
3.042360
3.937690
3.390940
0.911579
-2.681558
-5.913823
-7.541328
-6.933163
-4.135547
0.542286
6.352924
12.046092
16.455811
18.814235
18.681076
16.181676
12.111431
7.525694
2.925336
-1.913543
-7.273339
-12.971843
-18.375134
-22.939954
-26.510125
-29.078584
-30.710294
-31.623053
-31.941826
-31.763382
-31.288484
-30.750457
-30.254103
-29.797966
-29.336384
-28.848440
-28.059675
-26.628890
-24.387613
-21.524587
-18.570344
-16.140758
-14.693260
-14.294646
-14.615036
-15.165247
-15.502781
-15.136297
-13.589712
-11.139748
-9.000309
-8.171219
-8.552258
-9.194872
-9.055675
-7.371833
-3.976344
0.385128
4.130107
6.011563
6.090811
5.417415
4.969791
4.688663
3.937549
2.688550
1.494648
0.954545
1.288036
2.307597
3.861261
5.862446
7.982748
9.821204
11.316305
12.812915
14.653906
16.797496
18.864534
20.653770
22.255182
23.696265
24.835556
25.274226
24.920735
24.138493
23.498251
23.585802
24.781268
27.022275
29.794300
32.705145
35.299751
36.650102
36.028783
33.715375
30.998554
28.874209
27.198724
24.872700
20.611666
14.266828
7.333934
1.464900
-2.717888
-5.209488
-6.289364
-6.475571
-6.618164
-7.411242
-8.970065
-11.002815
-13.029743
-14.848900
-17.076968
-20.281195
-24.229871
-28.255370
-31.121362
-31.639442
-29.467441
-24.879601
-18.928364
-13.043275
-7.936492
-3.728776
-0.292177
2.386684
4.106273
5.054586
5.858565
7.042710
8.563094
10.332654
12.319580
14.653313
17.363719
20.620346
24.150245
27.348002
29.687342
31.098126
31.673136
31.525960
30.640642
29.200530
27.532969
25.895437
24.347666
22.874560
21.971667
22.109624
23.150852
24.663743
26.028380
26.581934
26.133128
24.994053
23.716697
22.718597
21.910586
20.451714
17.564913
13.246032
8.061942
1.807868
-4.662754
-10.326292
-15.129720
-19.438034
-24.201137
-29.342961
-34.314590
-38.574223
-41.307325
-42.450713
-42.511740
-41.578441
-39.750766
-37.473909
-34.481282
-30.063853
-24.160650
-17.506959
-11.152848
-5.998463
-2.727932
-1.718301
-3.060997
-6.172216
-9.544643
-11.650065
-12.330955
-12.057467
-11.474047
-10.900978
-10.418587
-10.387157
-11.076781
-12.351926
-13.277840
-12.879063
-10.513362
-6.622261
-2.135024
1.521231
3.832219
5.396120
6.072967
5.938406
5.355774
4.585894
3.967880
3.455314
2.640058
0.826033
-2.250312
-5.809452
-8.966022
-11.107995
-12.014554
-11.485476
-9.520599
-6.320578
-2.290114
2.228807
6.517028
10.162242
13.263230
15.779288
17.647126
19.046751
20.487888
22.037222
23.530220
25.131255
27.160394
29.417520
31.562835
33.661195
35.663054
37.178587
37.926164
37.918186
36.926879
34.526027
30.186014
23.827321
16.572096
9.014164
1.437271
-5.651980
-11.409840
-15.400674
-18.153508
-20.199251
-21.667126
-22.547054
-23.116834
-23.981182
-25.703569
-28.600074
-32.846714
-38.441549
-44.578562
-50.188976
-54.521334
-57.059981
-57.507978
-56.198491
-53.845512
-50.779405
-46.826954
-41.847670
-35.987757
-29.547875
-22.994997
-16.884670
-11.486932
-6.327209
-0.471811
6.207959
12.924941
18.937798
23.953795
28.065605
31.597931
35.298727
39.730981
44.079835
46.976502
47.762248
46.540150
43.695453
40.022098
36.374997
33.256327
30.959846
29.559358
28.420714
26.609482
23.553995
19.384555
14.896234
11.122551
8.891949
7.884900
6.817202
4.874196
2.026491
-1.342307
-4.673849
-7.441378
-9.240750
-9.995767
-9.598392
-8.133374
-6.148011
-4.208498
-2.349583
-0.318317
1.746097
3.340679
3.849702
2.345291
-1.358227
-6.176745
-10.970792
-14.585817
-16.201408
-15.454639
-12.772914
-9.307599
-5.933015
-2.843732
0.138343
2.771713
4.551283
5.268083
5.044969
4.074471
2.632203
1.025815
-0.603674
-2.959591
-6.201436
-9.336387
-11.746727
-12.705741
-11.920103
-10.090487
-8.176502
-7.023410
-7.468172
-9.385877
-11.826676
-13.607718
-14.130003
-13.811877
-13.353746
-12.638299
-11.277112
-8.985376
-5.896734
-2.815078
-0.243778
1.745957
3.792244
6.451257
9.077347
10.991171
12.031913
12.295212
12.074395
11.511407
10.792187
10.605549
11.726888
14.250601
16.956532
18.729973
19.559333
20.133534
20.777225
21.173737
21.346035
21.574400
22.072911
23.128210
24.685577
26.587918
28.303728
28.877821
27.725969
24.599697
19.805434
14.085311
8.288258
2.729350
-2.448902
-7.203363
-11.398950
-14.427212
-15.841770
-16.071591
-16.096552
-16.387830
-16.454086
-15.615724
-13.917165
-11.886517
-10.030054
-9.026186
-9.234227
-10.390500
-11.804141
-12.858847
-13.361131
-13.200047
-11.939187
-9.601950
-6.961197
-4.556863
-2.489028
-0.737830
0.801083
1.971120
2.348030
1.585622
-0.111257
-2.014442
-3.357327
-3.538924
-2.500974
-0.572600
1.424586
2.505066
2.585878
2.285127
2.123746
2.297979
2.851554
3.612383
4.375756
4.891750
5.393047
6.338315
7.714111
8.838847
8.951250
7.723276
4.908365
0.752036
-3.609552
-6.821299
-8.230574
-7.915144
-6.517675
-4.822879
-3.792207
-3.927393
-4.963057
-6.038464
-6.432766
-6.037063
-5.169702
-4.529967
-4.861533
-6.659082
-9.300051
-11.611196
-12.897609
-13.414772
-13.565668
-13.733276
-13.917596
-13.640927
-12.302167
-9.721254
-6.420636
-2.588697
1.756443
5.879213
9.229375
11.788076
13.632409
14.780272
15.434261
15.821608
15.626829
14.521016
12.686926
10.386295
7.689744
4.950523
2.645977
0.633470
-1.479095
-3.664007
-5.309988
-5.873498
-5.387538
-4.142442
-2.454034
-0.332081
1.856021
3.593077
4.604094
4.688971
4.258398
3.911408
3.762119
3.446883
2.740730
1.820267
0.846417
-0.408941
-2.480774
-5.422429
-8.515437
-10.439882
-10.437995
-8.993031
-7.112200
-5.405339
-3.693917
-1.424510
1.322307
3.738107
5.419086
6.678274
7.949970
9.259349
10.194643
10.250817
9.129532
6.913917
3.887483
0.307839
-3.440370
-6.809601
-9.287382
-10.774127
-11.905062
-13.356333
-15.152848
-17.013570
-18.533847
-19.449679
-19.727587
-19.313824
-18.260251
-16.618459
-14.001103
-10.115664
-5.753116
-1.955890
0.834373
2.580832
3.573772
4.229540
4.712556
4.788985
4.300605
3.454096
2.843624
2.964718
3.979061
5.779047
7.852500
9.915871
11.950940
13.731712
15.021683
15.774490
15.939241
15.265898
13.633703
11.159048
8.415649
6.105206
4.527600
3.676132
3.364815
3.265323
2.786258
1.189061
-1.771883
-5.798994
-10.306884
-14.820705
-18.807820
-21.834950
-24.007382
-25.651600
-26.975750
-28.141296
-28.848009
-28.820353
-27.568065
-25.240424
-22.403706
-19.460191
-16.691562
-13.910803
-10.881732
-7.822579
-5.301432
-3.665059
-2.940555
-3.179206
-4.256333
-5.351558
-5.580548
-4.645804
-2.436988
0.712519
3.712392
5.976683
7.491407
8.221841
8.149870
7.287733
6.031025
4.737824
3.785349
3.609407
4.150103
4.791056
4.855905
4.036217
2.354882
-0.231471
-3.390093
-6.534872
-8.915076
-10.123157
-10.175936
-9.154223
-7.495882
-5.901100
-4.556329
-3.125096
-1.274154
1.301486
4.387530
7.583109
10.592772
12.998421
14.360147
14.710943
13.750473
11.615616
8.971143
6.406404
3.813625
1.178516
-1.776395
-4.824712
-7.621224
-9.389435
-9.720823
-9.340053
-9.199131
-9.698396
-10.708626
-11.788777
-12.525087
-12.769841
-12.130893
-10.868309
-9.608743
-8.389395
-6.928581
-4.981613
-2.156928
1.027799
3.314527
4.535800
4.834405
4.324471
3.697869
3.198016
3.129668
3.903327
6.009245
9.113521
12.026361
13.851286
14.140785
13.290994
12.116122
11.111122
10.332654
9.712413
8.885479
7.839561
7.029717
6.400474
5.560494
4.736126
4.341253
4.314244
4.382387
4.410517
4.626256
5.130228
5.520923
5.311513
4.637545
4.243939
4.415423
4.989236
5.876517
6.624741
7.041847
7.120341
6.689164
5.605078
3.990231
2.042675
0.095674
-1.589358
-3.021259
-4.133083
-4.933201
-5.586317
-6.181812
-6.495140
-6.153671
-5.020078
-3.273178
-0.922091
1.861234
4.277617
5.709017
6.362844
6.791217
7.041955
6.733425
5.672735
4.282518
2.935806
1.804110
0.938102
0.190057
-0.616170
-1.775635
-3.530978
-5.736619
-7.903283
-9.653057
-10.786634
-11.436741
-11.691576
-11.630657
-11.210533
-10.866583
-11.107671
-11.762145
-12.220654
-11.663974
-9.611277
-6.308556
-2.904500
-0.313991
1.145130
1.598544
1.556289
1.525177
1.920654
2.943601
4.365507
5.634674
6.474223
7.065568
7.661063
8.335700
8.961655
9.327492
9.483994
9.293474
8.608433
7.608716
6.321764
4.794565
3.259765
2.283822
2.156130
2.920991
4.268134
5.530196
6.401929
7.164547
7.773952
8.432523
9.059341
9.454074
9.637208
9.357682
9.305065
9.670524
9.938190
9.866543
9.599848
9.357520
9.200640
8.839601
8.292032
7.422671
5.811016
3.761262
2.099934
1.381409
1.598134
2.102403
2.287521
2.152141
1.743445
1.298052
0.841516
0.198590
-0.614203
-1.704166
-3.102174
-4.654042
-5.946655
-6.786635
-7.149938
-7.138940
-6.999150
-6.907718
-7.322667
-8.430690
-9.213956
-8.891032
-7.815679
-6.446998
-4.936269
-3.117376
-0.694249
1.804558
3.733212
5.146601
6.641669
8.378559
9.745784
10.093938
9.423506
8.516623
7.827647
7.200236
6.426512
5.492836
4.346385
2.754165
0.999976
-0.515223
-1.494702
-1.617327
-1.023950
-0.152727
0.469849
0.616909
0.109959
-1.097462
-2.700179
-4.516489
-6.356483
-7.818698
-8.734799
-9.498658
-10.202190
-10.544791
-10.662694
-10.765501
-10.994890
-11.252098
-10.944376
-10.093183
-8.978421
-7.253500
-5.012693
-2.887615
-1.206846
-0.185614
0.150051
0.094148
-0.192069
-0.724725
-1.271933
-1.907937
-2.592956
-3.344162
-4.260996
-5.131862
-5.976305
-6.739247
-7.016563
-6.686954
-6.080622
-5.524967
-5.234292
-5.152456
-5.129102
-5.060953
-4.958825
-4.715020
-4.192541
-3.554698
-3.152003
-3.041697
-3.053606
-3.027055
-2.947768
-2.734143
-2.518802
-2.522026
-2.519185
-2.132032
-1.495138
-1.043082
-0.801358
-0.418061
0.269697
1.132833
2.086564
2.974858
3.559820
3.913619
4.185247
4.489124
4.718530
4.757043
4.651233
4.332568
3.485386
2.161419
0.872908
-0.155335
-1.127447
-2.104500
-2.986099
-3.733406
-4.313495
-4.613124
-4.809590
-5.248799
-5.726969
-5.892313
-5.769181
-5.583891
-5.667344
-6.283164
-7.218512
-8.126850
-8.990389
-9.789775
-10.477511
-11.022061
-11.315065
-11.420999
-11.246976
-10.835585
-10.434868
-9.962719
-9.393155
-8.552905
-7.652653
-6.896235
-6.183106
-5.539307
-4.751528
-3.992026
-3.609844
-3.525096
-3.461838
-3.071256
-2.248748
-1.008305
0.471537
1.759968
2.610348
2.983047
3.018558
3.078776
3.712527
5.003344
6.330821
7.268271
7.893364
8.419153
8.758250
8.828280
9.160531
9.775812
10.568566
11.479007
11.787106
11.906302
12.167391
12.071052
11.137322
9.726268
8.257907
6.773427
5.226421
3.628189
2.056590
1.021238
1.002288
1.758858
2.475512
2.650004
2.240554
1.231667
-0.428190
-2.377632
-4.116171
-5.553755
-6.611965
-7.097806
-6.844588
-6.262355
-5.885898
-5.794411
-5.762173
-5.403991
-4.630683
-3.922934
-3.633618
-3.639640
-3.663501
-3.567783
-3.054511
-2.254770
-1.727380
-1.803242
-2.415785
-3.005512
-3.196123
-3.057029
-2.872197
-2.572023
-1.981897
-0.967117
0.098464
1.040317
1.973761
2.859722
3.486340
3.690796
3.632491
3.564386
3.953642
5.046602
6.227852
6.940603
7.358571
7.294202
6.757361
6.081593
5.358437
4.422669
3.100281
1.743418
0.911196
0.934253
1.445471
2.180853
2.895863
3.263398
3.305125
3.081909
2.582735
2.000555
1.665663
1.356831
0.802798
0.019335
-0.777320
-1.216922
-1.234621
-1.072917
-0.812480
-0.297922
0.623146
1.824720
2.924549
3.891375
4.754413
5.555049
6.559078
7.617450
8.489884
9.274390
9.886167
10.270117
10.496919
10.556274
10.323974
9.844655
9.276870
8.754746
8.414894
8.261195
8.189387
8.253756
8.609296
9.218161
9.903256
10.405379
10.538592
10.385917
10.154210
9.822229
9.188942
7.995848
6.242408
4.474288
3.055385
1.926078
0.989382
0.301035
-0.303692
-1.106578
-1.902707
-2.454622
-2.781276
-2.921713
-2.933903
-3.020003
-3.136967
-3.041044
-2.571775
-1.604043
-0.206854
1.384563
2.937633
4.207587
5.048193
5.765515
6.463333
6.954997
7.255387
7.474695
7.814762
8.376402
8.946829
9.213363
9.208080
9.158482
9.071902
9.038801
8.864562
8.123400
6.768359
4.960281
3.157718
1.935501
1.394574
1.221057
1.174576
1.024726
0.777465
0.619556
0.579851
0.580234
0.354376
-0.373081
-1.307966
-1.771247
-1.549081
-1.002412
-0.404342
0.332128
1.220114
1.877639
2.034950
1.894109
1.735283
1.684267
1.675744
1.648331
1.583088
1.513064
1.352567
0.916651
0.167242
-0.697856
-1.433551
-1.810089
-1.959723
-2.268889
-2.828723
-3.467029
-4.263255
-5.160655
-5.900885
-6.228229
-6.096526
-5.734625
-5.500383
-5.250346
-4.791573
-4.350919
-4.161019
-4.262630
-4.686378
-5.355359
-6.107416
-6.728088
-7.019905
-6.974082
-6.650403
-5.955280
-5.147264
-4.293871
-3.661700
-3.703427
-4.309613
-4.846546
-4.843042
-4.100419
-2.953618
-1.985196
-1.518120
-1.553906
-1.972300
-2.660830
-3.415642
-4.114403
-4.622041
-5.200409
-5.757051
-5.965793
-5.759154
-4.990783
-3.868986
-2.783449
-1.757219
-1.024300
-0.782775
-0.955472
-1.685356
-2.900473
-3.966068
-4.742536
-5.231149
-5.398600
-5.567178
-5.814089
-6.034205
-5.713815
-4.746186
-3.586279
-2.345927
-1.059056
-0.147378
0.105726
-0.110831
-0.772980
-1.557421
-2.359270
-3.078356
-3.793102
-4.383691
-4.566227
-4.348849
-3.541469
-2.242705
-1.097511
-0.253457
0.298175
0.418408
0.070220
-0.596860
-1.036716
-0.837489
-0.120694
0.538470
1.016289
1.430112
1.538828
1.336474
1.188495
1.383662
1.810504
2.314994
2.884607
3.264892
3.342911
3.183055
2.821850
2.385002
1.940391
1.569168
1.370729
1.050700
0.494210
-0.010637
-0.177122
-0.123648
-0.034574
-0.035638
-0.063805
-0.091937
-0.090569
-0.344307
-0.975247
-2.042988
-3.229419
-4.390452
-5.432456
-6.247368
-6.924430
-7.796055
-9.041928
-10.243917
-11.056564
-11.358517
-11.465853
-11.359865
-10.959633
-10.374542
-9.789397
-9.708855
-9.931128
-10.046335
-9.879050
-9.604592
-8.905211
-8.001508
-7.001522
-6.119707
-5.224038
-3.904017
-2.245303
-0.513416
1.126881
3.109263
5.325643
6.966750
7.807484
8.033046
8.182432
8.414786
8.527082
8.433170
8.025714
7.273285
6.382575
5.744328
6.008490
6.776769
7.668773
8.548539
9.040472
9.048127
8.357480
7.161798
5.807080
4.546744
3.591563
2.584940
1.694586
0.816378
0.059557
-0.697796
-1.368680
-1.403571
-0.764861
-0.064324
0.440589
0.966222
1.419022
1.618011
1.616734
1.554569
1.731250
1.601639
0.822804
0.036384
-0.268897
-0.630257
-1.222103
-1.582953
-1.571222
-0.942911
-0.094416
0.335496
0.802760
1.638449
2.614752
3.254379
3.808035
4.175435
4.102402
3.663544
3.149744
2.905136
2.443899
1.767042
1.340615
1.052592
0.782328
0.417227
0.049155
-0.106061
-0.068547
0.035616
0.328500
0.945731
1.523808
1.741003
1.689454
1.581136
1.544747
1.104346
0.393639
-0.010794
-0.017342
0.160357
0.724110
1.478232
2.327679
3.080442
3.338258
3.262708
3.112600
3.079580
3.094222
3.319449
3.415868
3.214291
3.207407
3.491052
3.941717
4.326697
4.414755
4.538781
4.559316
4.353750
4.141639
4.011666
3.739790
3.093095
2.429543
1.684688
0.956691
0.157524
-0.584493
-0.871324
-1.069871
-1.549620
-2.095998
-2.314767
-2.240139
-2.088607
-2.258177
-2.635492
-3.071757
-3.398584
-3.458668
-3.121959
-2.407795
-1.766244
-1.285658
-0.741458
-0.241003
-0.004283
0.206148
0.263477
-0.144252
-0.917519
-1.535474
-1.664234
-1.300376
-0.800868
-0.628591
-0.909778
-1.379533
-1.795372
-2.010528
-1.795700
-1.354825
-0.804949
-0.178373
0.336631
0.720762
0.938712
0.821704
0.744046
0.889028
1.052565
1.039196
0.726946
0.339061
0.166460
0.186783
0.250782
0.195934
-0.163656
-0.799445
-1.293475
-1.419680
-1.264595
-0.915093
-0.572417
-0.442701
-0.498640
-0.781789
-1.098184
-1.190474
-0.860957
-0.199341
0.335784
0.476934
0.384006
0.290719
0.288797
0.259153
-0.057512
-0.685893
-1.192776
-1.279750
-0.920010
-0.438736
-0.012893
0.270815
0.367722
0.364172
0.339399
0.333074
0.334830
0.334670
0.382694
0.683979
1.255857
1.626739
1.370697
0.692093
0.175394
0.069501
0.178669
0.257806
0.331737
0.566594
0.938895
1.343235
1.608394
1.651533
1.577778
1.413717
1.105495
0.693780
0.073363
-0.803784
-1.493521
-1.699276
-1.590668
-1.466232
-1.444915
-1.475391
-1.480825
-1.452716
-1.417416
-1.396256
-1.376913
-1.351213
-1.331682
-1.325207
-1.321423
-1.411529
-1.779781
-2.363281
-2.872423
-3.230157
-3.509446
-3.820332
-4.067884
-4.121907
-4.031343
-3.812305
-3.337854
-2.586643
-1.722188
-0.987959
-0.612925
-0.563564
-0.625076
-0.642392
-0.614160
-0.704427
-1.140553
-1.762265
-2.425251
-3.086356
-3.495332
-3.552332
-3.272364
-2.685488
-2.047333
-1.690257
-1.777144
-2.277213
-2.857581
-3.290364
-3.591983
-3.872188
-4.167634
-4.197689
-3.709034
-2.420065
-0.388625
1.714139
3.282062
4.212472
4.677051
4.685224
4.193878
3.369823
2.489939
1.835071
1.555820
1.542661
1.600582
1.879073
2.453700
2.938749
3.072183
2.961758
2.830281
2.637497
2.185673
1.590490
1.051245
0.504638
-0.016336
-0.328178
-0.513118
-0.614537
-0.519646
-0.336062
-0.207743
-0.030794
0.411477
0.985199
1.483440
1.970791
2.448719
2.877383
3.376319
3.871606
4.135800
4.124592
3.999336
3.899947
3.856242
3.821065
3.769176
3.700785
3.637424
3.586748
3.694445
4.126614
4.953661
5.888917
6.691213
7.590495
8.529939
9.187324
9.468306
9.284040
8.793238
8.190842
7.466932
6.796932
6.229631
5.590737
4.966777
4.222213
3.230815
2.190978
1.082577
-0.216225
-1.346405
-1.852775
-2.025316
-2.025758
-1.855347
-1.493602
-0.904257
-0.350763
-0.112379
-0.139161
-0.237073
-0.288215
-0.649546
-1.328339
-2.185182
-2.970702
-3.322748
-3.495537
-3.894249
-4.223006
-3.959006
-3.352216
-2.934727
-2.876321
-2.961888
-2.994277
-2.934970
-2.867118
-2.826993
-2.825257
-3.000283
-3.507715
-4.075517
-4.709408
-5.344102
-5.677210
-5.807134
-5.965469
-6.248446
-6.576545
-6.743668
-6.689272
-6.400366
-5.966386
-5.631062
-5.629715
-5.904065
-6.123050
-6.112591
-5.956089
-5.665996
-5.131926
-4.502618
-4.085868
-3.811372
-3.326576
-2.413876
-1.359526
-0.712147
-0.316992
0.197071
0.675456
0.873146
0.831947
0.739555
0.696039
0.419403
-0.207165
-0.758020
-0.916587
-0.514063
0.520145
1.695659
2.339809
2.364494
2.027683
1.480906
0.921617
0.600294
0.552238
0.754855
1.231333
1.776718
2.079383
2.081626
1.825572
1.304290
0.724568
0.394621
0.497570
1.030608
1.926320
2.873722
3.401582
3.444899
3.279151
3.016644
2.663428
2.235368
1.787420
1.490664
1.256590
0.816615
0.100029
-0.604386
-1.093004
-1.396881
-1.412186
-1.126245
-0.683925
-0.244092
0.001425
0.031144
-0.173262
-0.538716
-0.952912
-1.332000
-1.680591
-2.020486
-2.378031
-2.738994
-2.969521
-3.283178
-3.833561
-4.145024
-3.922859
-3.377662
-2.982336
-3.016677
-3.236643
-3.332183
-3.263765
-3.298694
-3.560106
-3.811814
-3.861121
-3.756841
-3.631898
-3.414623
-3.041238
-2.567812
-1.956979
-1.212884
-0.543159
-0.072754
0.257825
0.306232
0.048113
-0.381062
-0.949143
-1.786492
-2.718056
-3.537593
-4.062352
-3.971276
-3.417879
-2.790517
-2.171764
-1.625289
-1.310295
-1.363316
-1.548688
-1.503058
-1.269016
-0.936453
-0.425007
0.139012
0.486893
0.692438
1.088976
1.641516
2.014911
2.070321
1.971222
1.901160
2.083480
2.439349
2.845613
3.193449
3.526088
3.852128
4.001940
3.785791
3.327972
3.009523
2.929126
2.968260
2.969225
2.918010
2.849511
2.808965
2.781891
2.582665
2.023354
1.392380
0.860967
0.310656
-0.187329
-0.428939
-0.418764
0.043417
0.771384
1.243414
1.495381
1.887424
2.379099
2.857851
3.399609
3.860371
4.058196
4.036632
4.115293
4.364246
4.349733
3.975298
3.412423
2.720940
1.947324
1.156165
0.570174
0.334912
0.154345
-0.146686
-0.398191
-0.657196
-0.958136
-1.368071
-1.774751
-1.953529
-2.151009
-2.418577
-2.567926
-2.565947
-2.721182
-3.250072
-3.544919
-3.108260
-2.407504
-1.806391
-1.438009
-1.325056
-1.104551
-0.748472
-0.497370
0.010860
0.706082
1.091909
1.336054
1.574683
1.732674
1.763828
1.946078
2.307252
2.738833
3.103861
3.374664
3.361817
3.022602
2.483577
1.817108
1.292473
0.872768
0.567861
0.438765
0.435912
0.397600
0.070324
-0.561581
-1.164866
-1.814790
-2.446012
-2.997733
-3.555162
-3.981497
-4.369216
-4.863231
-5.251737
-5.334851
-5.207196
-5.054597
-4.957801
-4.709527
-4.077970
-3.295578
-2.574255
-1.857638
-1.090098
-0.355422
0.264110
0.919773
1.640309
2.411795
2.968195
3.102885
2.987770
3.050479
3.589244
4.197366
4.421693
4.400614
4.412906
4.342056
4.123589
3.733455
3.054538
2.288642
1.577223
1.003577
0.557969
0.177260
-0.070972
-0.278380
-0.557845
-0.786393
-0.861339
-0.829171
-0.922539
-1.213855
-1.479262
-1.548909
-1.477175
-1.259819
-0.928124
-0.676108
-0.615664
-0.647061
-0.649428
-0.437251
-0.073219
0.180260
0.222533
0.156687
-0.060540
-0.208178
-0.255622
-0.206032
-0.004295
0.160319
0.207970
-0.011339
-0.372694
-0.594439
-0.415865
0.188481
0.819790
1.090432
1.049735
0.934140
0.901869
0.922463
0.941520
0.922285
0.873340
0.375913
-0.380132
-0.788032
-0.787282
-0.630748
-0.566767
-0.601129
-0.869156
-1.234066
-1.645959
-1.988075
-2.096850
-2.060967
-1.971972
-1.680030
-1.042781
-0.446141
0.008739
0.311105
0.406090
0.165452
-0.228178
-0.427158
-0.412994
-0.324934
-0.297718
-0.424609
-0.972535
-1.641187
-1.982134
-2.172352
-2.300540
-2.144469
-1.805437
-1.521495
-1.149146
-0.575802
-0.084005
0.088851
0.039916
-0.033187
-0.033649
0.013043
0.252593
1.039341
2.319123
3.543868
4.307942
4.624246
4.736061
4.721926
4.668803
4.492240
4.218634
3.929662
3.465681
2.743787
1.892502
1.157815
0.676367
0.320476
-0.032445
-0.413884
-0.605906
-0.405383
-0.072162
-0.010450
-0.331661
-0.703958
-0.928005
-1.246929
-1.756340
-2.169441
-2.288890
-2.490321
-3.024246
-3.514724
-3.370174
-2.607663
-1.914088
-1.695448
-1.780719
-1.706947
-1.197099
-0.521541
-0.126874
-0.092957
-0.192840
-0.234456
-0.205893
-0.306303
-0.604364
-0.866272
-0.800065
-0.431418
-0.104079
-0.011637
-0.068163
-0.126053
-0.266253
-0.695068
-1.268105
-1.623769
-1.643349
-1.333558
-0.712153
-0.085686
0.581215
1.271162
2.010108
2.531293
2.359863
1.801054
1.402558
1.356610
1.449854
1.494642
1.446182
1.391458
1.361963
1.362691
1.351936
1.336922
1.309406
1.293777
1.283647
1.448711
1.577293
1.463310
1.436052
1.667269
2.079690
2.480073
2.652058
2.996811
3.589266
4.010469
4.059015
3.905246
3.764545
3.718414
3.695669
3.632109
3.099354
2.295688
1.591471
0.935687
0.477482
0.310339
0.333870
0.400893
0.855237
1.545766
1.919010
2.136598
2.110274
1.847228
1.632578
1.564225
1.582684
1.583266
1.546504
1.521608
1.961022
2.687591
3.059293
3.021820
2.815267
2.687672
2.189253
1.444107
0.991107
0.930560
0.801563
0.466942
-0.016826
-0.438070
-0.585328
-0.545979
-0.487891
-0.497483
-0.775562
-1.189994
-1.610717
-1.947518
-2.066908
-2.037780
-1.975789
-1.947895
-1.919840
-1.434662
-0.663838
-0.239453
-0.217630
-0.129457
0.402694
0.984649
1.160252
0.758483
0.035265
-0.495667
-0.604731
-0.445005
-0.044206
0.525807
1.012019
1.443055
1.965637
2.366074
2.479507
2.441624
2.543623
2.566643
2.356602
2.025920
1.386369
0.641843
0.004590
-0.575694
-0.968885
-1.151146
-1.386843
-1.688909
-1.847848
-1.848322
-1.832537
-2.054099
-2.436535
-2.910565
-3.479062
-3.890351
-3.984236
-3.883359
-3.771554
-3.726112
-3.766087
-4.049414
-4.598660
-5.042597
-5.119408
-4.961806
-4.819321
-4.774780
-4.760844
-4.713203
-4.633480
-4.551908
-4.485744
-4.426620
-4.366753
-4.300793
-4.236219
-4.171192
-4.111179
-4.045516
-3.926563
-3.588371
-3.178732
-2.950189
-2.862315
-2.678911
-2.579123
-2.631103
-2.484127
-2.161543
-1.929388
-1.867736
-1.780212
-1.249123
-0.526302
-0.155127
-0.161729
-0.288333
-0.322500
-0.275589
-0.224715
-0.215863
-0.219947
-0.203765
-0.171537
-0.162785
-0.121692
0.123831
0.458634
0.624208
0.617750
0.601884
0.849641
1.219995
1.419955
1.637495
2.138933
2.651627
2.845209
2.765163
2.631454
2.575446
2.562168
2.326827
1.704392
1.089656
0.847037
0.899357
0.990628
0.993372
0.925040
0.629982
0.003760
-0.557446
-0.753804
-0.697538
-1.070674
-1.797415
-2.227270
-2.225130
-2.038826
-1.933523
-1.931954
-1.933657
-1.900060
-1.860167
-1.816289
-1.544564
-1.117425
-0.648964
-0.259137
-0.123562
-0.138035
-0.185623
-0.177535
-0.153798
-0.129293
-0.118409
0.128474
0.737102
1.331816
1.536860
1.447638
1.077014
0.655838
0.277786
-0.041343
-0.199405
-0.214027
-0.173401
-0.149660
-0.150631
-0.154742
-0.149625
-0.127961
0.078122
0.620311
1.210615
1.494017
1.470329
1.350480
1.108417
0.600714
0.038684
-0.261345
-0.273625
-0.175556
0.062684
0.581511
1.147421
1.437891
1.602275
1.647554
1.490211
1.299411
1.010143
0.657983
0.430039
0.386789
0.435676
0.616596
0.942836
1.360810
1.894028
2.407962
2.670048
2.668059
2.564508
2.496478
2.469366
2.307575
1.821971
1.208760
0.832470
0.770069
0.692200
0.388174
-0.067250
-0.498928
-0.721415
-0.718358
-0.493742
-0.137962
0.230723
0.592137
0.837354
0.902387
0.867981
0.921967
1.197639
1.592824
1.989013
2.336299
2.675833
3.019911
3.357974
3.585665
3.612717
3.528045
3.428526
3.276278
2.948685
2.504031
2.027942
1.691642
1.574058
1.485052
1.210830
0.879114
0.617777
0.335165
0.082125
-0.032656
-0.030232
0.056238
0.315800
0.630160
0.822405
1.012731
1.014235
0.795628
0.608903
0.554513
0.584719
0.600132
0.583425
0.604132
0.839894
1.156241
1.300403
1.261700
1.113991
0.756812
0.165668
-0.320853
-0.478125
-0.416523
-0.343932
-0.344225
-0.381247
-0.400607
-0.396046
-0.386095
-0.386360
-0.392093
-0.398061
-0.399048
-0.400340
-0.400558
-0.404213
-0.405555
-0.396817
-0.167602
0.192312
0.370774
0.134483
-0.312426
-0.566815
-1.034796
-1.689179
-2.063053
-2.075437
-1.937162
-1.858059
-1.861466
-1.879132
-1.864690
-1.828694
-1.797199
-1.777128
-1.761780
-1.754394
-1.975174
-2.559861
-3.132665
-3.541480
-3.784179
-3.594711
-3.395048
-3.490610
-3.651446
-3.688413
-3.598161
-3.493887
-3.433810
-3.401749
-3.364691
-3.323255
-3.512519
-3.846651
-4.006178
-3.952035
-3.815933
-3.725546
-3.673372
-3.439589
-3.012132
-2.503664
-2.051792
-2.026459
-2.353615
-2.817068
-3.191660
-3.305432
-3.042117
-2.578406
-2.262846
-2.004798
-1.701184
-1.467671
-1.376816
-1.365117
-1.159173
-0.583231
0.037477
0.351442
0.369829
0.468117
0.757389
0.994655
0.868418
0.477021
0.206501
0.347079
0.578670
0.521300
0.319389
0.194946
0.222563
0.466443
0.839770
1.253021
1.626707
1.593838
1.053617
0.418907
0.135634
0.155246
0.252434
0.086149
-0.285471
-0.730595
-0.911223
-0.702961
-0.249056
0.194783
0.390672
0.394193
0.533514
1.061471
1.671652
1.970699
1.949777
2.027063
2.341119
2.771497
3.131355
3.251188
3.199471
3.098233
2.856212
2.311727
1.725811
1.420855
1.408774
1.487720
1.698236
2.173306
2.693057
2.934517
2.890154
2.568901
1.980576
1.391609
1.112498
1.114314
1.185428
0.996800
0.586579
0.114412
-0.269145
-0.426779
-0.417514
-0.365283
-0.347958
-0.355003
-0.349771
-0.152695
0.188153
0.239596
-0.055595
-0.342935
-0.428325
-0.365331
-0.291412
-0.281274
-0.481079
-0.812577
-0.841306
-0.522901
-0.220275
-0.124146
0.012164
0.488503
0.884386
0.829241
0.388536
-0.110101
-0.516137
-1.020882
-1.528428
-1.979519
-2.481216
-2.745717
-2.419138
-1.814984
-1.444188
-1.589169
-1.996544
-2.057679
-1.697233
-1.339871
-1.225898
-1.278213
-1.316743
-1.286224
-1.224524
-1.185094
-1.165707
-1.151718
-1.126250
-1.087559
-0.849188
-0.279947
0.322448
0.608246
0.596294
0.503118
0.478572
0.510154
0.540167
0.539132
0.527813
0.521059
0.535650
0.735906
1.273965
1.857261
2.134199
2.112931
2.206030
2.698513
3.285297
3.542358
3.460587
3.289593
3.208323
3.201498
3.194905
3.150413
3.092534
3.040705
3.003787
2.965996
2.927104
2.889928
3.002035
3.291464
3.524573
3.410073
2.995032
2.637675
2.516851
2.526247
2.525072
2.472860
2.409531
2.356736
2.179107
1.697750
1.085521
0.551505
0.019216
-0.497059
-0.802367
-0.847296
-0.629055
-0.118969
0.473313
0.811450
0.843306
0.748327
0.694761
0.714536
1.017017
1.626039
2.123374
2.248942
2.134830
2.014733
1.981282
1.986581
1.971589
1.935932
2.048994
2.486990
3.046608
3.356685
3.359338
3.370767
3.445454
3.346496
3.116427
2.933115
2.852924
2.543871
1.875952
1.262169
0.760386
0.193867
-0.270569
-0.736310
-1.341698
-1.827146
-2.123536
-2.509896
-3.006170
-3.335525
-3.358782
-3.076469
-2.509939
-1.891483
-1.299303
-0.638964
-0.123852
0.051269
0.003395
0.020826
0.290312
0.612898
0.838034
1.067375
1.181190
0.981856
0.652873
0.381804
0.190438
0.127384
0.029435
-0.150583
-0.270528
-0.294527
-0.265398
-0.251923
-0.259569
-0.282656
-0.389429
-0.588611
-0.599744
-0.411892
-0.255630
-0.231999
-0.281480
-0.317016
-0.314280
-0.301421
-0.299000
-0.308686
-0.316909
-0.321556
-0.322108
-0.325296
-0.328422
-0.333582
-0.336290
-0.340353
-0.342488
-0.346791
-0.349086
-0.353396
-0.355383
-0.359586
-0.361412
-0.365658
-0.367315
-0.371440
-0.375572
-0.446617
-0.707942
-0.976923
-0.863539
-0.516357
-0.287554
-0.176436
0.255597
0.870596
1.195126
1.174780
1.031050
0.956842
0.901206
0.585183
-0.043205
-0.573317
-0.732984
-0.635492
-0.525663
-0.518385
-0.578358
-0.626758
-0.630672
-0.615178
-0.606364
-0.610138
-0.615125
-0.616505
-0.613707
-0.612397
-0.611658
-0.612725
-0.611982
-0.612111
-0.610601
-0.611033
-0.609599
-0.610359
-0.608251
-0.613405
-0.722703
-1.235058
-1.894389
-2.314126
-2.797692
-3.311443
-3.545329
-3.504675
-3.368130
-3.286682
-3.245608
-3.208453
-3.144779
-2.960410
-2.360823
-1.687842
-1.625311
-2.195102
-2.770699
-2.900931
-2.713080
-2.519945
-2.454250
-2.452120
-2.434087
-2.369352
-2.291402
-2.219831
-2.151380
-2.088656
-2.029106
-1.972123
-1.915614
-1.859450
-1.799878
-1.726603
-1.649118
-1.584420
-1.533253
-1.485461
-1.432494
-1.365564
-1.306403
-1.254223
-1.215014
-1.177427
-1.025615
-0.447620
0.280123
0.640462
0.626489
0.509068
0.487488
0.534722
0.586013
0.544081
0.235905
-0.356503
-0.834422
-0.955295
-0.836416
-0.719371
-0.689090
-0.601949
-0.076296
0.623157
0.973667
0.963705
0.845522
0.804868
0.833009
0.858671
0.848007
0.826087
0.826405
0.843915
0.850530
0.840627
0.823882
0.810944
0.802307
0.794318
0.784673
0.773913
0.763637
0.753874
0.744623
0.734973
0.725377
0.711657
0.684205
0.651201
0.631546
0.627497
0.642322
0.658388
0.660242
0.648846
0.636047
0.626090
0.619475
0.611561
0.603216
0.593738
0.583290
0.514794
0.235435
-0.070003
0.015767
0.356453
0.581953
0.579554
0.437624
0.131580
-0.238002
-0.628920
-0.934733
-0.974605
-0.622106
0.040422
0.562853
0.706298
0.670938
0.893837
1.474377
1.988010
2.126425
1.956348
1.521021
0.905487
0.437003
0.297653
0.353639
0.412868
0.402603
0.364556
0.341206
0.281292
-0.044823
-0.657099
-1.159141
-1.298214
-1.204162
-1.104319
-1.088502
-1.110514
-1.112589
-1.087084
-1.057935
-1.037185
-0.967942
-0.639907
-0.020944
0.500552
0.659622
0.578422
0.485803
0.476913
0.507958
0.520046
0.504146
0.483652
0.473470
0.471123
0.465201
0.395952
0.057105
-0.558459
-1.056285
-1.192954
-1.099683
-1.002553
-0.987759
-1.010267
-1.012116
-0.987571
-0.958826
-0.941240
-0.930221
-0.918770
-0.898182
-0.777552
-0.372833
0.238374
0.675968
0.669046
0.277996
-0.116941
-0.336037
-0.560432
-0.792765
-0.914102
-1.096847
-1.621251
-2.196056
-2.429068
-2.352224
-2.207221
-2.134356
-1.930315
-1.338108
-0.690696
-0.404727
-0.438541
-0.540167
-0.552303
-0.500480
-0.456970
-0.448533
-0.445996
-0.427409
-0.420666
-0.622251
-1.201908
-1.692801
-1.512363
-0.825920
-0.261340
-0.031406
0.244684
0.758586
1.214270
1.359144
1.283739
1.188447
1.170123
1.190684
1.198226
1.178026
1.154472
1.127425
0.920026
0.418257
-0.018250
-0.256644
-0.373870
-0.402808
-0.399485
-0.385353
-0.375613
-0.365199
-0.355972
-0.344301
-0.334157
-0.323136
-0.314122
-0.310246
-0.313932
-0.304135
-0.281926
-0.260878
-0.250058
-0.238231
-0.132725
0.165533
0.575306
1.001836
1.283448
1.243188
0.894807
0.629071
0.700373
0.861754
1.034387
1.191185
1.254320
1.244077
1.209434
1.189832
1.181767
1.175169
1.161103
1.145647
1.130250
1.118881
1.096535
0.886763
0.307312
-0.292896
-0.532682
-0.471520
-0.355685
-0.326960
-0.356597
-0.375513
-0.361282
-0.336707
-0.321666
-0.316786
-0.312203
-0.303515
-0.292460
-0.282393
-0.273842
-0.265761
-0.257250
-0.248366
-0.239849
-0.226817
-0.114892
0.275061
0.859981
1.275340
1.360109
1.266946
1.195423
1.290904
1.484227
1.479839
1.280483
1.117236
1.076200
0.998687
0.611809
-0.006070
-0.452068
-0.543957
-0.446642
-0.368172
-0.370201
-0.397210
-0.400712
-0.379762
-0.359192
-0.348359
-0.337190
-0.310073
-0.279329
-0.260021
-0.253493
-0.249302
-0.242719
-0.232895
-0.224071
-0.215859
-0.209052
-0.201181
-0.193822
-0.185583
-0.178521
-0.170647
-0.163880
-0.155987
-0.149262
-0.129545
-0.004333
0.311994
0.719285
1.127673
1.402067
1.372664
0.918350
0.256238
-0.170198
-0.234543
-0.131875
-0.067576
-0.072241
-0.081908
-0.064422
-0.039167
-0.025709
-0.024908
-0.025121
-0.021033
-0.013449
-0.000160
0.024743
0.049677
0.062352
0.064629
0.064997
0.068126
0.073223
0.077900
0.081444
0.084576
0.087968
0.091653
0.095725
0.107845
0.132327
0.155458
0.165443
0.165604
0.164543
0.166607
0.170383
0.173600
0.175652
0.177202
0.183796
0.289820
0.673725
1.252573
1.661695
1.740464
1.641500
1.558769
1.548747
1.562554
1.554807
1.520325
1.391113
1.094427
0.901120
0.961122
0.957952
0.909848
1.062420
1.311471
1.434139
1.391474
1.299373
1.253161
1.245155
1.088119
0.598935
-0.014566
-0.375993
-0.419451
-0.333733
-0.278054
-0.288920
-0.451517
-0.639249
-0.600364
-0.541871
-0.573597
-0.515125
-0.366746
-0.257478
-0.228787
-0.102229
0.337634
0.917218
1.267722
1.305691
1.361144
1.770772
2.372996
2.749680
2.777314
2.635756
2.380215
1.885974
1.295939
0.926032
0.858142
0.920183
0.944653
0.776910
0.567349
0.595064
0.788393
0.929143
0.937051
0.879804
0.839948
0.843840
0.859841
0.708126
0.219929
-0.389970
-0.736509
-0.745345
-0.627572
-0.569042
-0.586730
-0.614920
-0.612213
-0.591161
-0.563656
-0.536955
-0.515579
-0.497974
-0.347471
-0.157631
-0.043095
0.247523
0.729798
1.088960
1.165082
1.078847
1.001566
0.990541
1.013216
1.030004
1.022979
1.001571
0.979673
0.962788
0.947213
0.937709
1.069720
1.513786
2.087798
2.424060
2.444519
2.338968
2.270065
2.248312
2.085243
1.725444
1.541183
1.594145
1.568532
1.539075
1.552645
1.303513
0.804798
0.412089
0.292392
0.056331
-0.534876
-1.094901
-1.291378
-1.209197
-1.101823
-1.382600
-2.056272
-2.582897
-2.696761
-2.555839
-2.435225
-2.409623
-2.408016
-2.007024
-1.270709
-0.754165
-0.653164
-0.766203
-0.837133
-0.811402
-0.757060
-0.736493
-0.730013
-0.713344
-0.689473
-0.674534
-0.668593
-0.667132
-0.661143
-0.641595
-0.609518
-0.588487
-0.579328
-0.580223
-0.575366
-0.548788
-0.330472
0.036732
0.500760
0.895211
1.023270
0.992331
0.937811
0.930517
0.932668
0.914743
0.670491
0.502080
0.409974
0.013456
-0.261791
-0.379737
-0.522630
-0.625632
-0.665024
-0.646021
-0.624311
-0.614327
-0.618305
-0.616871
-0.612731
-0.603512
-0.611227
-0.847290
-1.436861
-1.984705
-2.168244
-2.073394
-1.950903
-1.912449
-1.928460
-1.921959
-1.837858
-1.594700
-1.494540
-1.648104
-1.797054
-1.712764
-1.129113
-0.411452
-0.076918
0.001163
0.400054
1.056220
1.526865
1.998064
2.243578
2.081297
1.621688
1.191169
1.036796
1.072086
1.113786
0.981673
0.402207
-0.255706
-0.332324
-0.023872
0.006904
-0.303748
-0.567209
-0.603987
-0.411542
-0.045617
0.362424
0.739399
0.988568
1.038489
0.969322
0.793045
0.387441
-0.191462
-0.604305
-0.703166
-0.624500
-0.559694
-0.576212
-0.899141
-1.535339
-2.038686
-2.156949
-2.038999
-1.926854
-1.904373
-1.919824
-1.911387
-1.885122
-1.866825
-1.857940
-1.842015
-1.816849
-1.785959
-1.759106
-1.724183
-1.515608
-0.961052
-0.332506
0.189492
0.731631
1.214863
1.445023
1.440937
1.353494
1.307783
1.311799
1.490157
1.627365
1.686650
2.001633
2.468951
2.746806
2.741943
2.615038
2.514134
2.231669
1.577045
0.499539
-0.472866
-0.823969
-1.193482
-1.775678
-2.161257
-2.204995
-2.072110
-1.973945
-1.960338
-1.984473
-2.199102
-2.510624
-2.433893
-2.040066
-1.743272
-1.688742
-1.748647
-1.768152
-1.709093
-1.588894
-1.296586
-1.002499
-1.096804
-1.424386
-1.611795
-1.583611
-1.476642
-1.421276
-1.416370
-1.365505
-1.083316
-0.624548
-0.158724
0.140714
0.219702
0.195127
0.169669
0.183783
0.218063
0.243111
0.251289
0.263027
0.278013
0.285072
0.293112
0.498726
1.100427
1.727805
1.969411
1.896750
1.777074
1.749612
1.772670
1.784525
1.757208
1.447482
0.804129
0.263018
-0.036995
-0.392953
-0.873394
-1.213046
-1.274111
-1.168570
-1.084680
-1.216480
-1.683669
-2.249433
-2.549866
-2.522032
-2.379406
-2.293332
-2.269908
-2.241303
-2.193657
-2.126458
-2.064881
-2.015736
-1.984630
-1.959146
-2.280647
-2.746671
-3.030758
-3.173314
-3.001140
-2.440977
-1.793102
-1.468884
-1.440527
-1.490901
-1.007900
-0.205789
0.257917
0.291115
0.601658
1.279556
1.737558
1.793274
1.639063
1.524503
1.500605
1.518293
1.513010
1.499144
1.714290
2.069027
2.236230
2.192277
1.855886
1.442705
1.241182
1.239047
1.217699
0.881335
0.233008
-0.287694
-0.414360
-0.316474
-0.334986
-0.866267
-1.579212
-1.907096
-1.839195
-1.648525
-1.554499
-1.557594
-1.568031
-1.489257
-1.242028
-1.126029
-1.165378
-0.914802
-0.336887
0.173488
0.333191
0.272023
0.208758
0.234577
0.281664
0.306129
0.355732
0.680189
1.304813
1.829599
1.974290
1.879984
1.786509
1.789819
1.815453
1.760987
1.433858
0.825548
0.317167
0.179775
0.277353
0.390587
0.398340
0.379190
0.376189
0.401263
0.434295
0.911929
1.648934
2.046541
2.032244
1.878135
1.820488
1.848684
1.886162
1.885181
1.856959
1.836694
1.836263
1.831535
1.811534
1.780848
1.751682
1.726684
1.703972
1.679928
1.654929
1.629791
1.605553
1.581740
1.558052
1.534531
1.506395
1.379376
0.974611
0.374955
-0.054974
-0.154020
-0.068437
0.014172
0.025079
-0.000817
-0.015199
-0.010127
0.001030
0.059947
0.367371
0.948076
1.428230
1.560473
1.465763
1.362200
1.339213
1.353241
1.349278
1.318797
1.273291
1.022623
0.423153
-0.161504
-0.384000
-0.324642
-0.222980
-0.208950
-0.246285
-0.271873
-0.263345
-0.258823
-0.437164
-0.768635
-0.818486
-0.681602
-0.508391
-0.302279
-0.169176
-0.131551
-0.150331
-0.154487
-0.130663
-0.103432
-0.095728
-0.091606
-0.076086
-0.058266
-0.050882
-0.054286
-0.058924
-0.062065
-0.060823
-0.055786
-0.027693
0.158626
0.718951
1.341590
1.614852
1.561168
1.444802
1.437476
1.939151
2.709662
3.103284
3.050867
2.609194
1.936493
1.369624
1.141712
1.162537
1.234217
1.224750
1.018025
0.652398
0.383626
0.310070
0.366925
0.556394
0.862881
0.994682
0.766581
0.323450
-0.130830
-0.425704
-0.484958
-0.385733
-0.016988
0.595932
1.095893
1.223327
1.035465
0.423349
-0.264146
-0.573053
-0.538331
-0.423219
-0.395664
-0.437199
-0.470770
-0.468909
-0.439547
-0.410053
-0.398256
-0.402640
-0.408308
-0.411091
-0.409966
-0.410948
-0.411695
-0.407558
-0.388260
-0.369170
-0.361474
-0.366000
-0.367249
-0.352485
-0.328867
-0.319695
-0.322343
-0.327400
-0.312708
-0.290852
-0.279707
-0.284370
-0.292055
-0.297766
-0.298796
-0.301014
-0.302999
-0.316862
-0.515049
-1.040452
-1.603838
-1.867617
-1.836333
-1.726404
-1.678682
-1.690257
-1.697756
-1.678488
-1.638600
-1.594026
-1.556321
-1.534817
-1.517069
-1.454727
-1.216906
-0.915040
-0.711015
-0.449763
-0.094497
0.329977
0.670900
0.771891
0.724002
0.653051
0.581112
0.329201
-0.000209
-0.173743
-0.174663
-0.116213
-0.042002
0.153208
0.211946
0.037731
-0.120123
-0.165410
-0.122448
-0.099332
-0.153561
-0.416950
-0.727884
-0.873140
-0.860865
-1.044657
-1.391927
-1.586231
-1.575082
-1.480604
-1.431556
-1.430392
-1.426262
-1.165109
-0.739917
-0.279537
0.108753
0.250763
0.235983
0.174517
0.152106
-0.087634
-0.446851
-0.642333
-0.630715
-0.557764
-0.534333
-0.782883
-1.158683
-1.352033
-1.341887
-1.499252
-1.842807
-2.039883
-2.014518
-1.899629
-1.833783
-1.826262
-1.828338
-1.807156
-1.772309
-1.756281
-1.758136
-1.750912
-1.703659
-1.463250
-1.082081
-0.821559
-0.574659
-0.272881
0.126968
0.544329
0.939526
1.295675
1.487564
1.691136
1.978511
2.186579
2.220564
2.139073
1.869024
1.480566
1.051023
0.469856
-0.086975
-0.544518
-0.881189
-1.031691
-1.031546
-1.149809
-1.442452
-1.649592
-1.661830
-1.579217
-1.699093
-2.020685
-2.248721
-2.254980
-2.144933
-2.252382
-2.571559
-2.788279
-2.776635
-2.464983
-2.020103
-1.737526
-1.486378
-1.165799
-0.914112
-0.623955
-0.084801
0.497144
0.792366
0.789353
0.691138
0.649590
0.668102
0.688540
0.681823
0.661471
0.646328
0.641007
0.637476
0.620909
0.418475
0.069156
-0.157249
-0.175883
-0.098478
-0.278049
-0.646339
-0.880203
-0.903885
-0.824459
-0.775961
-0.773012
-0.771718
-0.543542
-0.389618
-0.537865
-0.734137
-1.030953
-1.322161
-1.229112
-0.836632
-0.545451
-0.251564
0.043366
0.430705
0.830729
1.240028
1.808741
2.289893
2.448719
2.371308
2.258905
2.205286
1.961863
1.360373
0.767912
0.540739
0.591684
0.674588
0.430598
-0.014743
-0.487163
-0.843171
-0.941763
-0.900300
-0.892683
-1.136461
-1.468140
-1.616502
-1.518536
-1.169389
-0.792393
-0.581673
-0.340124
-0.062200
0.099799
0.170252
0.343533
0.399843
0.224595
0.055714
0.003627
0.051108
0.145832
0.425492
0.758413
0.919212
0.899249
0.833570
0.858153
1.124482
1.458916
1.603757
1.563438
1.477682
1.439675
1.439271
1.381366
1.105489
0.744246
0.512668
0.296654
0.219148
0.142964
0.011642
0.149140
0.471765
0.730046
0.991204
1.245355
1.411421
1.654352
1.921393
1.986048
1.699599
1.291497
1.094589
1.154063
1.471461
1.798250
1.910886
1.845115
1.702872
1.408154
1.077510
0.910560
0.902376
0.935380
0.880364
0.591199
0.232315
0.063602
0.074124
0.075791
-0.186278
-0.562993
-0.749362
-0.730493
-0.646053
-0.616424
-0.626068
-0.584056
-0.299451
0.066600
0.246365
0.223736
0.092922
-0.209129
-0.541159
-0.691235
-0.670388
-0.607771
-0.594978
-0.836945
-1.206000
-1.391598
-1.369133
-1.277070
-1.232465
-1.234826
-1.238805
-1.222588
-1.193903
-1.171972
-1.154090
-1.142321
-1.123118
-1.095882
-0.844983
-0.456442
0.001501
0.397380
0.540351
0.511066
0.447082
0.433366
0.448075
0.456257
0.446837
0.443507
0.665164
1.022138
1.211585
1.210690
1.352642
1.685044
1.886793
1.888718
2.022006
2.343345
2.533493
2.518209
2.158685
1.686019
1.219111
0.853765
0.702584
0.476187
0.143148
-0.046345
0.156806
0.577878
0.806685
1.008693
1.031880
0.809127
0.401170
0.209414
0.398882
0.386032
0.075528
-0.442029
-0.883125
-1.025486
-0.974298
-1.127754
-1.486340
-1.930234
-2.290286
-2.385352
-2.319614
-2.231853
-2.199005
-2.177150
-1.929582
-1.530358
-1.299869
-1.259285
-1.085688
-0.730930
-0.504974
-0.464536
-0.516270
-0.293836
0.095039
0.105023
-0.035734
0.050933
-0.016466
-0.054342
0.083493
0.025792
-0.270971
-0.273298
-0.183685
-0.288873
-0.458070
-0.309636
-0.147897
-0.274142
-0.481441
-0.795752
-1.106762
-1.024068
-0.856789
-0.725016
-0.541219
-0.651843
-0.955392
-1.142596
-1.128444
-1.042112
-1.003194
-1.251129
-1.643727
-1.837778
-1.805172
-1.694877
-1.639430
-1.622319
-1.428171
-1.060145
-0.821235
-0.783158
-0.832675
-0.604353
-0.180377
0.269780
0.627050
0.768085
0.753416
0.704762
0.688863
0.698400
0.701694
0.693942
0.678739
0.671396
0.663622
0.661509
0.651606
0.637341
0.426913
0.055302
-0.383515
-0.767637
-1.118654
-1.441131
-1.607229
-1.609628
-1.533528
-1.283426
-0.906624
-0.650840
-0.582228
-0.421515
-0.083223
0.183133
0.253683
0.193485
-0.023073
-0.328579
-0.500777
-0.496969
-0.412643
-0.173019
0.185789
0.432382
0.501043
0.464070
0.436498
0.276690
-0.002768
-0.009537
0.122295
0.077474
-0.051517
-0.118892
-0.076454
-0.005810
0.044143
0.062571
0.083582
0.123986
0.172119
0.206296
0.231612
0.243866
0.259195
0.281474
0.311570
0.340115
0.375235
0.552227
0.899125
1.180910
1.267286
1.223079
1.039896
0.732870
0.502194
0.450503
0.504711
0.411957
0.110361
-0.023004
0.221559
0.551855
0.690783
0.643250
0.569155
0.568007
0.755858
1.096923
1.373026
1.591994
1.866781
2.102139
2.322352
2.595436
2.810803
2.865609
2.798080
2.567839
2.192002
1.881305
1.630971
1.338437
0.963079
0.548868
0.280736
0.217911
0.260378
0.289627
0.280284
0.266556
0.280029
0.300028
0.308858
0.295611
0.181130
-0.119922
-0.414770
-0.519926
-0.477269
-0.417421
-0.402958
-0.423027
-0.522914
-0.697370
-0.693068
-0.503631
-0.341825
-0.289841
-0.310427
-0.423238
-0.691316
-0.868364
-0.688815
-0.356551
-0.177122
-0.188143
-0.258547
-0.375326
-0.631050
-0.898942
-1.006429
-0.974967
-0.909843
-0.888257
-0.981684
-1.157437
-1.125803
-0.804016
-0.344003
-0.016988
-0.037525
-0.373076
-0.709533
-0.811229
-0.747459
-0.671731
-0.651805
-0.565818
-0.285042
0.034079
0.269894
0.451697
0.514129
0.614375
0.789326
0.904187
1.017453
1.276607
1.566845
1.775241
2.001380
2.193312
2.164454
1.843228
1.484335
1.324905
1.242347
1.002682
0.697899
0.541429
0.536593
0.491841
0.312513
0.171847
0.023756
-0.148977
-0.238299
-0.145374
0.086772
0.222519
0.325965
0.388862
0.259530
0.230271
0.404420
0.568718
0.606499
0.557057
0.561877
0.801331
1.138790
1.305217
1.282645
1.198480
1.157729
1.158160
1.157928
1.084998
0.802259
0.451399
0.282989
0.289086
0.346397
0.356352
0.332066
0.306094
0.298267
0.284913
0.279425
0.282671
0.287841
0.283845
0.277352
0.268432
0.264048
0.257946
0.254310
0.246895
0.244972
0.293319
0.545774
0.867048
1.015750
0.988234
0.910538
0.875599
0.878213
0.880548
0.864385
0.840578
0.820389
0.807219
0.791935
0.722207
0.449552
0.105985
-0.061545
-0.055033
0.004330
0.018025
-0.002512
-0.029979
-0.121824
-0.412078
-0.736278
-0.878785
-0.846800
-0.720671
-0.421656
-0.082622
0.073863
0.060407
-0.000858
-0.020225
-0.005922
0.008128
0.003838
-0.006496
-0.019160
-0.126009
-0.430073
-0.746866
-0.877448
-0.940502
-1.157583
-1.431961
-1.557265
-1.527517
-1.447217
-1.310991
-1.029664
-0.831963
-0.982104
-1.286187
-1.440640
-1.407259
-1.318301
-1.283604
-1.306042
-1.329461
-1.312457
-1.262121
-1.213240
-1.187708
-1.176161
-1.164106
-1.146052
-1.121107
-1.003458
-0.709118
-0.497892
-0.650668
-0.963931
-1.124681
-1.092093
-1.002881
-0.963219
-0.963225
-0.868207
-0.643444
-0.487089
-0.355635
-0.200701
-0.107522
-0.086930
-0.105648
-0.109796
-0.005366
0.289307
0.588196
0.697786
0.555677
0.192008
-0.139508
-0.248132
-0.207391
-0.240528
-0.496761
-0.789072
-0.903007
-0.865534
-0.893961
-1.071547
-1.190884
-1.196134
-1.031050
-0.785805
-0.655514
-0.645546
-0.683585
-0.703257
-0.699645
-0.680459
-0.665488
-0.645929
-0.611038
-0.476750
-0.177501
0.029691
-0.132602
-0.451294
-0.623702
-0.613712
-0.551073
-0.523427
-0.527409
-0.433067
-0.138514
0.176972
0.305136
0.284930
0.334522
0.629821
0.959543
0.991921
0.646835
0.252238
0.006431
-0.223851
-0.443207
-0.553882
-0.690303
-0.952098
-1.187126
-1.256590
-1.197741
-0.995555
-0.802943
-0.850007
-0.904667
-0.704109
-0.402881
-0.239846
-0.234404
-0.141523
0.150996
0.303379
0.238308
0.253109
0.538604
0.988843
1.291863
1.338291
1.255770
1.197757
1.195520
1.210281
1.195849
1.022262
0.668566
0.378571
0.288869
0.327766
0.236506
0.063046
-0.055468
-0.187712
-0.319755
-0.381693
-0.374409
-0.350060
-0.474164
-0.778646
-1.036031
-1.093101
-0.886618
-0.509809
-0.219854
-0.135187
-0.180968
-0.231886
-0.361301
-0.489935
-0.279685
0.227580
0.766182
1.182118
1.375457
1.388072
1.345779
1.460566
1.765753
2.023904
2.082952
2.021127
1.959594
1.931307
1.915048
1.891629
1.854112
1.682580
1.340841
0.913708
0.637427
0.718466
0.947354
1.071687
1.040010
0.963090
0.739501
0.565246
0.474257
0.318579
0.176417
0.110290
0.122977
0.145489
0.153723
0.152747
0.347134
0.704427
0.938507
0.950529
0.862795
0.807768
0.810351
0.824303
0.820346
0.799730
0.772867
0.575295
0.232946
0.007450
0.161778
0.566486
0.644862
0.315095
-0.020827
-0.111456
-0.036789
0.032828
0.029741
-0.001509
-0.016668
-0.006997
0.003148
0.006486
0.012144
0.210303
0.570190
0.815052
0.851991
0.789929
0.926145
1.259204
1.497613
1.526886
1.441363
1.377339
1.362853
1.366988
1.351774
1.314813
1.098605
0.743006
0.497885
0.445875
0.490705
0.516425
0.497967
0.467822
0.452544
0.450456
0.447518
0.428389
0.217251
-0.152787
-0.402640
-0.447304
-0.392420
-0.538663
-0.878634
-1.126169
-1.161486
-1.084842
-1.013329
-0.985635
-0.992288
-0.998860
-0.811343
-0.461207
-0.215789
-0.167988
-0.222928
-0.257802
-0.246843
-0.222112
-0.213724
-0.218185
-0.222682
-0.220382
-0.214398
-0.195294
-0.184115
-0.195526
-0.207166
-0.211065
-0.204394
-0.200773
-0.196562
-0.197986
-0.206359
-0.436270
-0.793186
-0.986018
-0.976298
-0.882488
-0.611141
-0.254894
-0.071388
-0.067188
-0.127425
-0.147152
-0.142086
-0.350431
-0.711031
-0.908543
-0.907767
-0.820782
-0.781142
-0.782538
-0.797083
-0.784204
-0.767082
-0.745081
-0.738828
-0.726326
-0.707732
-0.473245
-0.344313
-0.728773
-1.281173
-1.536051
-1.477472
-1.337461
-1.285518
-1.299610
-1.301594
-1.046808
-0.649616
-0.426786
-0.416848
-0.482153
-0.501258
-0.471956
-0.438776
-0.427666
-0.427979
-0.424877
-0.414004
-0.401767
-0.391599
-0.384246
-0.376040
-0.368039
-0.358099
-0.350565
-0.341186
-0.322422
-0.083678
0.298663
0.745216
1.135582
1.277130
1.456032
1.716312
1.893181
1.915371
1.857067
1.798908
1.780045
1.767090
1.738873
1.476254
1.087478
0.866784
0.852719
0.908958
0.924636
0.891168
0.857495
0.840465
0.838745
0.841171
1.059029
1.402714
1.583767
1.564969
1.460717
1.180150
0.812238
0.606882
0.345059
0.009036
-0.188193
-0.208164
-0.151644
-0.122389
-0.132570
-0.151349
-0.153844
-0.146806
-0.140254
-0.140657
-0.141991
-0.142910
-0.140894
-0.139870
-0.138615
-0.136504
-0.075702
0.198324
0.554152
0.772209
1.008483
1.254083
1.323142
1.051935
0.661784
0.466408
0.477228
0.540933
0.551823
0.516192
0.487345
0.532242
0.789638
1.111279
1.252665
1.217197
1.134407
1.093823
1.037309
0.778942
0.427361
0.186844
-0.091060
-0.386726
-0.538463
-0.542092
-0.489400
-0.407474
-0.141184
0.200836
0.421836
0.664857
0.921255
1.045363
1.033233
0.966125
0.830033
0.538491
0.234419
-0.002586
-0.292945
-0.565985
-0.684238
-0.670318
-0.621712
-0.610693
-0.713689
-0.905891
-0.911568
-0.715430
-0.457368
-0.224656
-0.147636
-0.068625
-0.004440
-0.088631
-0.082841
0.071581
0.204375
0.229085
0.187227
0.152041
0.147603
0.154097
0.152717
0.141611
0.130362
0.122552
0.117993
0.104080
-0.055403
-0.387004
-0.519177
-0.273916
0.054575
0.185578
0.136797
0.059681
0.042682
0.062237
0.075174
0.064411
0.049208
0.038434
0.028944
-0.128267
-0.463732
-0.751378
-0.835338
-0.777147
-0.545208
-0.390102
-0.505490
-0.516222
-0.257480
0.026837
0.127805
0.080684
0.016479
0.005008
0.021804
0.030738
0.006958
-0.030003
-0.055677
-0.059370
-0.059481
-0.059747
-0.058221
0.110993
0.210762
0.072890
-0.102350
-0.396924
-0.728218
-0.901368
-1.124714
-1.426322
-1.609094
-1.637559
-1.578220
-1.534353
-1.519382
-1.518972
-1.503171
-1.481973
-1.456716
-1.440673
-1.422505
-1.408062
-1.387387
-1.370745
-1.333817
-1.293939
-1.257576
-1.190776
-0.975597
-0.892597
-1.047859
-1.206701
-1.240853
-1.183341
-1.130337
-1.115565
-1.117921
-1.111118
-1.091456
-1.070868
-1.050193
-1.020289
-0.986455
-0.982385
-1.046155
-1.305007
-1.618265
-1.752367
-1.713541
-1.628217
-1.586333
-1.580851
-1.568985
-1.444856
-1.134515
-0.906770
-0.954950
-0.986870
-0.941051
-0.964848
-0.902203
-0.738865
-0.621162
-0.595593
-0.610267
-0.523457
-0.322719
-0.289555
-0.450763
-0.499125
-0.335122
-0.268950
-0.408530
-0.551483
-0.586282
-0.536383
-0.492851
-0.480466
-0.589819
-0.738752
-0.706131
-0.531415
-0.405885
-0.385142
-0.408841
-0.282614
-0.099960
-0.124366
-0.292604
-0.276495
-0.109124
-0.103635
-0.258512
-0.383784
-0.393873
-0.343618
-0.308163
-0.305262
-0.311765
-0.307075
-0.294222
-0.280228
-0.272689
-0.265167
-0.249611
-0.053141
0.289683
0.526042
0.566185
0.498887
0.282264
0.139104
0.267224
0.475007
0.576746
0.549025
0.688141
1.025982
1.294235
1.518201
1.593283
1.421982
1.221526
1.129264
1.145437
1.165955
1.159578
1.126099
1.104697
1.076874
1.061310
1.053325
1.055110
1.042964
1.031373
1.023610
1.242821
1.588948
1.771565
1.749855
1.656277
1.603504
1.598517
1.584263
1.334199
0.938297
0.719129
0.700594
0.766575
0.778468
0.753874
0.713080
0.693699
0.438244
0.052547
-0.160658
0.071296
0.295603
0.396061
0.551354
0.655202
0.680712
0.404528
-0.010444
-0.233223
-0.227134
-0.146806
-0.103205
0.121864
0.473592
0.446346
0.309956
0.411594
0.593426
0.911083
1.236265
1.377166
1.343752
1.259134
0.990293
0.627901
0.427650
0.414850
0.466046
0.482994
0.455636
0.418477
0.218892
0.106562
0.246321
0.407272
0.460283
0.413128
0.367719
0.354817
0.362737
0.302269
0.018205
-0.349625
-0.520354
-0.507138
-0.428855
-0.352887
-0.147538
-0.034388
0.001376
-0.098940
-0.331180
-0.470735
-0.485404
-0.435335
-0.411572
-0.414609
-0.425642
-0.363171
-0.081872
0.280041
0.443879
0.428500
0.402453
0.579932
0.660000
0.500472
0.314332
0.248799
0.277322
0.311009
0.303783
0.280623
0.261470
0.259863
0.255649
0.253101
0.239860
0.237646
0.279004
0.480854
0.594051
0.619448
0.561419
0.584929
0.718029
0.594736
0.281603
0.068056
0.044828
0.107562
0.188820
0.370543
0.412981
0.227683
0.055946
0.002006
-0.019494
-0.266354
-0.626165
-0.864908
-1.092438
-1.323574
-1.452269
-1.467822
-1.426898
-1.389738
-1.321342
-1.054954
-0.653681
-0.205740
0.144588
0.251559
0.215996
0.159587
0.154599
0.166011
0.176424
0.218553
0.468540
0.803968
0.975985
0.938415
0.783557
0.528686
0.457170
0.583630
0.488638
0.186416
-0.032346
-0.064752
-0.063569
-0.304301
-0.672625
-0.861086
-0.790350
-0.432974
-0.049203
0.103159
0.063696
-0.007541
-0.022912
-0.001337
0.011738
0.001992
-0.072409
-0.351303
-0.645810
-0.534725
-0.166582
0.068430
0.049312
-0.115243
-0.371887
-0.420219
-0.198693
0.002173
0.049130
-0.005988
0.006473
0.258675
0.552507
0.503074
0.384330
0.450710
0.581565
0.642543
0.670178
0.891454
1.160537
1.045870
0.613912
0.101355
-0.248897
-0.312479
-0.240092
-0.186565
-0.200377
-0.233361
-0.264307
-0.279383
-0.285180
-0.283965
-0.285992
-0.286305
-0.289416
-0.288879
-0.291198
-0.290314
-0.293140
-0.292221
-0.294342
-0.276510
-0.253869
-0.238271
-0.242428
-0.245716
-0.252907
-0.249387
-0.241016
-0.020661
0.105356
-0.050137
-0.023134
0.252743
0.255273
-0.066733
-0.339138
-0.403967
-0.574169
-0.892446
-1.083391
-1.109985
-1.058657
-1.030505
-1.030419
-1.037869
-1.028014
-1.011998
-0.995485
-0.986417
-0.977139
-0.968050
-0.956092
-0.945262
-0.934350
-0.924377
-0.913325
-0.886224
-0.851366
-0.843495
-0.847344
-0.610375
-0.215075
0.007200
0.014901
-0.065255
-0.097085
-0.082962
-0.057797
-0.059712
-0.068306
-0.079387
-0.087577
-0.295469
-0.645039
-0.879399
-0.918490
-0.859603
-0.814372
-0.813903
-0.832432
-1.015755
-1.333472
-1.545087
-1.567848
-1.495079
-1.438716
-1.427060
-1.426192
-1.403269
-1.189282
-0.828826
-0.581722
-0.521486
-0.369452
-0.047728
0.013495
-0.269811
-0.380270
-0.305437
-0.352204
-0.477596
-0.378888
-0.016501
0.264597
0.333085
0.257750
0.209516
0.205504
0.225473
0.035364
-0.138672
-0.240486
-0.390789
-0.532309
-0.594461
-0.756974
-0.879211
-0.935601
-0.898974
-0.876380
-1.029071
-1.188215
-1.245818
-1.199795
-1.148084
-1.120962
-1.119118
-1.108039
-1.099721
-1.086060
-1.064674
-1.033114
-1.009631
-0.990115
-0.976568
-0.958799
-0.942340
-0.922981
-0.907228
-0.889281
-0.874127
-0.856029
-0.840891
-0.822939
-0.808038
-0.798081
-0.935801
-1.239419
-1.481752
-1.525194
-1.442829
-1.235241
-1.045945
-1.083240
-1.111236
-0.895804
-0.607130
-0.463103
-0.471525
-0.514270
-0.515486
-0.482539
-0.453206
-0.440531
-0.435390
-0.425561
-0.410818
-0.395400
-0.377595
-0.266813
0.027685
0.334371
0.460040
0.436398
0.378934
0.271993
0.009177
-0.268945
-0.384205
-0.353833
-0.291990
-0.268462
-0.281044
-0.296163
-0.284650
-0.247830
-0.129016
0.066738
0.083251
-0.088373
-0.226204
-0.241160
-0.186292
-0.147374
-0.142258
-0.148547
-0.142691
-0.127932
-0.112261
-0.102242
-0.086896
-0.065872
-0.051593
-0.002027
0.187344
0.261988
0.160864
0.209098
0.243442
0.174266
0.298875
0.584935
0.772252
0.792641
0.790420
1.032392
1.391975
1.574532
1.553243
1.465903
1.426349
1.432570
1.441174
1.428041
1.404827
1.385447
1.373673
1.363354
1.350637
1.336232
1.321600
1.308948
1.293265
1.221510
0.933251
0.569381
0.392264
0.404907
0.530199
0.822933
1.154747
1.296500
1.275254
1.202275
1.177983
1.177093
1.128326
0.895734
0.803175
0.968319
1.091004
0.919293
0.783546
0.860218
0.820249
0.803925
0.885259
0.801100
0.761891
0.909471
1.055875
1.097721
1.051897
1.008601
0.993652
0.999442
0.991415
0.922059
0.689165
0.598978
0.717123
0.620063
0.313340
0.090748
0.063752
0.130824
0.172771
0.161672
0.140082
0.133497
0.143611
0.163150
0.411397
0.796108
1.002358
0.997679
0.911573
0.872763
0.879000
0.893772
0.883362
0.865598
0.846654
0.840465
0.830432
0.824200
0.821456
1.043568
1.392234
1.566106
1.318139
0.866234
0.624403
0.627680
0.711581
0.730941
0.696001
0.657773
0.648862
0.651218
0.649940
0.624133
0.379879
0.225828
0.390699
0.358338
0.281428
0.155950
-0.071007
-0.213767
-0.237118
-0.195865
-0.183087
-0.414244
-0.775487
-0.737086
-0.362840
-0.079791
-0.045631
-0.131406
-0.179743
-0.159998
-0.125504
-0.114262
-0.122175
-0.127883
-0.124807
-0.117180
-0.112700
-0.110422
-0.109472
-0.106333
-0.103632
-0.099758
-0.097975
-0.093484
-0.076706
-0.062750
-0.074397
-0.083687
-0.076082
0.167621
0.351475
0.198332
-0.044852
-0.159573
-0.113198
0.144311
0.510730
0.533022
0.208962
0.096064
0.382399
0.696427
0.797639
0.719706
0.645465
0.628866
0.644517
0.457777
0.286886
0.380166
0.578654
0.677720
0.653412
0.593992
0.572438
0.577172
0.574918
0.364084
-0.007853
-0.265035
-0.305071
-0.242643
-0.206922
-0.392543
-0.569053
-0.650932
-0.781498
-0.897664
-0.947914
-0.924700
-0.890128
-0.866714
-0.861943
-0.852234
-0.840266
-0.821100
-0.808178
-0.792684
-0.782953
-0.766980
-0.746461
-0.553888
-0.384253
-0.292793
-0.137902
0.000626
0.068040
0.056583
0.027800
-0.157013
-0.293590
-0.178940
0.016649
0.113505
0.094600
0.051587
0.041213
0.058496
0.085371
0.109086
0.106814
0.083618
0.065327
0.062488
0.068642
0.072704
0.073408
0.072312
0.065952
-0.075442
-0.382757
-0.642064
-0.714697
-0.661725
-0.595043
-0.560400
-0.550680
-0.543672
-0.531432
-0.516635
-0.504855
-0.495498
-0.496715
-0.508042
-0.516354
-0.510448
-0.497154
-0.490036
-0.615265
-0.772241
-0.713608
-0.516602
-0.390603
-0.398187
-0.440245
-0.435063
-0.391852
-0.358656
-0.349218
-0.360611
-0.377227
-0.384540
-0.376442
-0.363794
-0.346262
-0.243726
-0.051018
-0.026231
-0.097309
0.045157
0.321000
0.487582
0.491382
0.344833
0.040534
-0.153232
-0.062803
-0.015980
-0.151032
-0.296196
-0.335518
-0.292469
-0.249166
-0.231741
-0.218290
-0.196173
-0.176365
-0.157749
-0.133176
-0.101508
0.019793
0.336623
0.669461
0.723905
0.516115
0.448715
0.623680
0.714864
0.578940
0.435489
0.313344
0.191248
0.137800
0.141216
0.181378
0.214501
0.245611
0.281080
0.317991
0.351055
0.391491
0.423689
0.455385
0.491168
0.524207
0.549084
0.570751
0.591097
0.614273
0.639805
0.676787
0.705651
0.728682
0.740714
0.745410
0.758807
0.795860
0.840373
0.871679
0.886731
0.895039
0.894899
0.904344
0.915266
0.920377
0.926916
0.940410
0.956826
0.970142
0.969678
0.974627
0.981727
0.981053
0.968815
0.961138
0.983220
1.018785
1.029195
1.014154
0.991177
0.974174
0.966082
1.008154
1.196167
1.257016
1.086216
0.923110
0.868644
0.899427
0.916360
0.903174
0.872693
0.914571
1.177088
1.523943
1.671722
1.640131
1.598657
1.815701
2.134722
2.288486
2.237729
2.123886
1.815367
1.418192
1.194868
1.171519
1.212491
1.218373
1.177099
1.125975
0.870914
0.499083
0.288700
0.274658
0.331399
0.349957
0.323081
0.293057
0.293593
0.523461
0.869442
0.834535
0.684367
0.751108
0.672997
0.386522
0.135484
0.055302
0.089183
0.142286
0.159315
0.147419
0.129093
0.122581
0.118320
0.115047
0.105145
0.097978
0.088521
0.083863
0.075236
0.070320
0.060966
0.055424
0.029832
0.000667
-0.005995
0.016451
0.026476
0.025523
0.009237
0.003227
-0.006378
-0.005482
-0.016127
-0.030755
-0.275933
-0.418554
-0.247101
-0.036641
0.035897
-0.014732
-0.069726
-0.079980
-0.064118
-0.057923
-0.067045
-0.079654
-0.100411
-0.348483
-0.741124
-0.950114
-0.952928
-0.879286
-1.064846
-1.204782
-1.056086
-0.850687
-0.760289
-0.790307
-0.842390
-1.061105
-1.151238
-0.937590
-0.739534
-0.687774
-0.751038
-0.784684
-0.781196
-0.743998
-0.736828
-0.728126
-0.739113
-0.723781
-0.713376
-0.447222
-0.067042
0.144750
-0.103382
-0.325606
-0.425772
-0.341935
-0.319215
-0.534428
-0.719021
-0.535305
-0.343407
-0.474328
-0.672097
-0.531882
-0.335893
-0.211308
-0.031718
-0.168504
-0.511997
-0.558033
-0.453008
-0.525981
-0.653471
-0.719290
-0.686772
-0.663223
-0.652528
-0.668259
-0.676577
-0.903044
-1.249387
-1.438791
-1.425529
-1.339704
-1.238217
-0.983910
-0.660107
-0.494451
-0.489184
-0.542275
-0.554853
-0.538801
-0.569991
-0.822416
-1.151087
-1.304532
-1.276165
-1.196145
-1.161411
-1.164586
-1.169039
-1.151874
-1.129965
-1.105522
-1.041891
-0.823758
-0.685203
-0.584962
-0.416767
-0.338282
-0.498269
-0.606418
-0.513810
-0.597410
-0.855199
-1.044069
-1.056711
-0.986800
-0.935116
-0.931310
-0.939590
-0.988142
-1.223133
-1.532073
-1.670482
-1.639554
-1.553362
-1.511365
-1.503538
-1.499009
-1.474200
-1.443665
-1.415097
-1.394164
-1.373527
-1.349257
-1.270062
-0.990482
-0.640500
-0.463616
-0.407534
-0.202931
0.118018
0.299150
0.311948
0.264125
0.347291
0.645562
0.871065
0.792479
0.737566
0.855840
0.996337
1.034381
0.987242
0.832912
0.515843
0.201830
0.077561
0.100622
0.153440
0.160523
0.142563
0.122118
0.031243
-0.141256
-0.052735
0.222417
0.099950
-0.361153
-0.677025
-0.700007
-0.582821
-0.516652
-0.524413
-0.556977
-0.647536
-0.817019
-0.825888
-0.650948
-0.487364
-0.528200
-0.829856
-1.143275
-1.245592
-1.185805
-1.104772
-1.078669
-1.081774
-1.077305
-1.052420
-1.024629
-0.995248
-0.864595
-0.671838
-0.666474
-0.708082
-0.531068
-0.249865
-0.085035
-0.062751
-0.094335
-0.101526
-0.082753
-0.061533
-0.055272
-0.054337
-0.052669
-0.044780
-0.037673
-0.030355
-0.026205
-0.020144
-0.015474
-0.008596
-0.003495
0.013230
0.039419
0.064634
0.073784
0.076580
0.083708
0.224746
0.395799
0.352762
0.169095
0.048285
0.047774
0.096534
0.121315
0.115227
0.104588
0.116564
0.147680
0.174408
0.182343
0.180734
0.179111
0.183056
0.187802
0.202231
0.225537
0.247099
0.253741
0.253929
0.259235
0.407391
0.605140
0.720493
0.849005
0.981673
1.048538
1.041681
1.010143
0.999636
1.017178
1.032608
1.028688
1.011825
1.003636
1.121113
1.137523
0.768786
0.312115
0.107552
0.289491
0.686076
0.963732
0.869183
0.629648
0.633745
0.846309
1.003647
1.011663
0.943132
0.902764
0.899551
0.919180
1.062684
1.369877
1.439034
1.351828
1.401086
1.543410
1.623257
1.595347
1.343046
1.136364
1.048732
1.078572
1.096427
0.920134
0.730779
0.639142
0.659186
0.681909
0.673979
0.468295
0.304079
0.401850
0.593922
0.684400
0.655811
0.599711
0.591948
0.622154
0.643126
0.635562
0.615696
0.600326
0.593754
0.601162
0.616451
0.622160
0.613949
0.600827
0.611362
0.812615
1.155750
1.374929
1.394752
1.327353
1.295529
1.299573
1.304850
1.296969
1.280526
1.069170
0.693985
0.442098
0.406773
0.463143
0.308363
-0.049476
-0.311934
-0.361410
-0.295420
-0.237773
-0.221426
-0.229164
-0.232999
-0.229036
-0.223034
-0.208305
-0.185970
-0.170518
-0.157559
0.038541
0.395293
0.637745
0.675213
0.603156
0.552982
0.548647
0.560745
0.554362
0.536581
0.516907
0.506321
0.497416
0.501851
0.512762
0.517593
0.507632
0.493074
0.478118
0.467167
0.443313
0.398984
0.184537
-0.155400
-0.211395
-0.103509
-0.156607
-0.313575
-0.422790
-0.421815
-0.383648
-0.360782
-0.370366
-0.376732
-0.555807
-0.890807
-1.128245
-1.166780
-1.100826
-1.048899
-1.045104
-1.053024
-1.036106
-0.992455
-0.949364
-0.757265
-0.605081
-0.697430
-0.691473
-0.429979
-0.148300
-0.044723
-0.084976
-0.125712
-0.107344
-0.072702
-0.060347
-0.071493
-0.082621
-0.069962
-0.041677
-0.027087
-0.013356
0.002626
0.011569
0.009640
0.004241
0.015015
0.038522
0.037951
-0.177567
-0.524589
-0.719544
-0.949143
-1.234255
-1.398364
-1.399480
-1.335590
-1.273027
-1.230610
-0.979446
-0.592272
-0.413335
-0.607820
-0.749071
-0.591857
-0.378731
-0.222614
0.017613
0.316405
0.482452
0.505161
0.454613
0.426562
0.423388
0.431402
0.423237
0.415305
0.418498
0.435644
0.437779
0.430547
0.414088
0.405168
0.391115
0.301219
0.016226
-0.296277
-0.439044
-0.520426
-0.766414
-1.064889
-1.204512
-1.177287
-1.105570
-1.072313
-1.076642
-1.083914
-1.177163
-1.451886
-1.649624
-1.555529
-1.388892
-1.196242
-1.007038
-0.909190
-0.893373
-0.898343
-0.795606
-0.492816
-0.180171
-0.048460
0.022011
0.251818
0.544157
0.822330
1.117409
1.464269
1.831777
2.053953
2.079604
1.863428
1.474318
1.162106
0.924593
0.643907
0.406470
0.291795
0.137395
-0.162917
-0.429582
-0.521345
-0.482042
-0.439811
-0.573317
-0.889955
-0.981069
-0.718514
-0.406876
-0.278356
-0.311548
-0.366020
-0.370905
-0.343817
-0.316329
-0.130632
0.199146
0.425071
0.465169
0.402618
0.360220
0.357428
0.372527
0.368113
0.356807
0.340075
0.352457
0.368695
0.380924
0.379216
0.587447
0.716379
0.774171
0.928081
1.038640
1.066534
1.020764
0.980837
0.957721
0.952809
0.937208
0.919627
0.897044
0.843236
0.591970
0.259772
0.086708
0.085344
0.139093
0.148958
0.068963
-0.172109
-0.255217
-0.066760
0.117821
0.165844
0.108899
0.064064
0.054061
-0.000932
-0.277022
-0.522107
-0.386538
-0.050157
0.142501
0.129086
0.049616
0.113879
0.411451
0.724606
0.833247
0.781805
0.704939
0.681758
0.687284
0.687494
0.666814
0.635859
0.481468
0.312915
0.362547
0.407160
0.332166
0.347295
0.465418
0.558195
0.561942
0.518960
0.483269
0.472967
0.469053
0.459077
0.441275
0.424287
0.410028
0.397839
0.385113
0.371534
0.348217
0.148832
-0.199682
-0.438439
-0.485644
-0.480610
-0.448247
-0.457796
-0.482903
-0.489707
-0.486610
-0.480853
-0.484379
-0.487642
-0.492461
-0.492796
-0.508449
-0.531634
-0.538070
-0.516688
-0.498974
-0.492749
-0.500600
-0.504035
-0.507425
-0.504223
-0.507232
-0.505824
-0.510403
-0.521148
-0.770446
-1.154559
-1.363354
-1.354631
-1.268838
-1.209515
-1.192371
-1.201267
-1.422208
-1.765602
-1.942245
-1.924568
-1.833335
-1.785080
-1.778875
-1.779026
-1.757575
-1.727708
-1.699044
-1.679383
-1.659431
-1.639516
-1.615564
-1.594086
-1.571109
-1.551405
-1.528455
-1.509031
-1.483111
-1.411669
-1.187875
-1.039600
-0.919708
-0.725555
-0.595701
-0.554540
-0.578061
-0.586865
-0.583840
-0.612930
-0.801450
-0.902937
-0.972594
-1.106886
-1.187681
-1.191676
-1.147065
-1.112444
-1.095279
-1.087278
-1.071359
-1.051034
-1.022499
-0.985344
-0.947332
-0.916129
-0.880699
-0.847414
-0.822777
-0.801272
-0.768538
-0.733674
-0.702449
-0.669865
-0.638651
-0.617831
-0.597641
-0.561219
-0.508410
-0.473044
-0.570373
-0.842643
-0.961440
-0.857668
-0.822691
-0.779562
-0.548906
-0.256494
-0.091377
-0.066914
-0.083940
-0.068401
-0.023229
0.005562
-0.104529
-0.236830
-0.158343
-0.080548
-0.100154
-0.031288
0.121381
0.237082
0.272634
0.261617
0.259958
0.293218
0.339794
0.365557
0.374668
0.385706
0.398590
0.404183
0.402400
0.406804
0.424025
0.439760
0.443348
0.430555
0.298668
0.133790
0.056682
-0.032355
-0.014791
0.083123
0.175848
0.208608
0.215864
0.324980
0.356545
0.162768
0.041272
0.090316
0.087448
0.144336
0.360436
0.400076
0.329864
0.400968
0.544281
0.631869
0.622268
0.584336
0.573479
0.599717
0.625890
0.784274
0.901831
0.791525
0.611615
0.517486
0.531033
0.574077
0.601404
0.593603
0.571252
0.381287
0.060968
-0.158620
-0.192354
-0.135865
-0.081918
-0.064839
-0.061714
-0.052662
0.124193
0.279294
0.357921
0.492544
0.613108
0.665288
0.646587
0.617798
0.602078
0.603032
0.599830
0.592595
0.580433
0.572152
0.564211
0.558179
0.549979
0.542475
0.534238
0.527021
0.519632
0.512168
0.505144
0.497641
0.481886
0.314772
0.173684
0.258548
0.257797
0.041552
-0.184577
-0.246243
-0.193423
-0.146459
-0.148649
-0.167052
-0.171008
-0.158145
-0.144421
-0.137240
-0.133900
-0.130024
-0.123257
-0.108326
0.061536
0.358689
0.559122
0.579306
0.496153
0.302383
0.191178
0.316356
0.484427
0.556362
0.520306
0.478238
0.460216
0.472550
0.470977
0.458725
0.291699
0.153505
0.089035
0.126006
0.287083
0.271389
0.029559
-0.190148
-0.245991
-0.191787
-0.144237
-0.138231
-0.154111
-0.162569
-0.289051
-0.388252
-0.297301
-0.144319
-0.064125
-0.072836
-0.100325
-0.104030
-0.086947
-0.072050
-0.066963
-0.066128
-0.063405
-0.048764
0.105872
0.371015
0.411252
0.314370
0.202062
0.063687
0.113159
0.346792
0.540313
0.579678
0.528952
0.485875
0.482476
0.492681
0.491659
0.469984
0.449330
0.447091
0.451894
0.451308
0.442449
0.432572
0.424139
0.418769
0.411963
0.405981
0.397970
0.384582
0.245560
0.129619
0.198765
0.198444
0.020002
-0.165312
-0.224355
-0.186975
-0.142832
-0.134142
-0.143828
-0.152030
-0.239392
-0.430646
-0.499705
-0.335225
-0.121153
-0.029620
-0.050730
-0.088662
-0.085672
0.036318
0.268948
0.451044
0.490490
0.444411
0.410290
0.413082
0.426320
0.425183
0.412687
0.399693
0.392792
0.388028
0.382753
0.375178
0.367901
0.360753
0.354745
0.348154
0.342009
0.334956
0.324924
0.307160
0.235882
0.052387
-0.136639
-0.214353
-0.253238
-0.384688
-0.547677
-0.618257
-0.595280
-0.542469
-0.460207
-0.345522
-0.331971
-0.365985
-0.272288
-0.158929
-0.225258
-0.397232
-0.489855
-0.467042
-0.406587
-0.374865
-0.372591
-0.372342
-0.359799
-0.340433
-0.323938
-0.310170
-0.268303
-0.112897
0.079753
0.142937
-0.001037
-0.182824
-0.130399
0.074543
0.211255
0.214292
0.137800
-0.020375
-0.153053
-0.107645
-0.050670
-0.108045
-0.183461
-0.210593
-0.182278
-0.146920
-0.017397
0.050104
-0.033173
-0.127003
-0.151963
-0.111202
-0.068426
0.052581
0.225800
0.326558
0.455267
0.615205
0.701085
0.697974
0.658948
0.633686
0.628397
0.625977
0.616645
0.601771
0.588714
0.577624
0.568637
0.557721
0.547736
0.530885
0.428135
0.254605
0.224802
0.273824
0.247775
0.172377
0.206906
0.276513
0.241960
0.156179
0.104358
0.107541
0.124307
0.054755
-0.014610
0.034218
0.123347
0.166365
0.152893
0.130317
0.124069
0.136382
0.225612
0.374253
0.467802
0.476792
0.441967
0.417979
0.411499
0.411775
0.403774
0.392163
0.382308
0.429880
0.541299
0.631880
0.646225
0.612725
0.577700
0.561058
0.551914
0.539375
0.520918
0.502386
0.483109
0.416782
0.290836
0.184965
0.147353
0.155944
0.165132
0.156528
0.138423
0.129722
0.129631
0.129919
0.124741
0.115791
0.071957
-0.064589
-0.262066
-0.395263
-0.415862
-0.377484
-0.346485
-0.339241
-0.340088
-0.333026
-0.319655
-0.302450
-0.258858
-0.167499
-0.105545
-0.122883
-0.131158
-0.089697
-0.047752
-0.055830
-0.124236
-0.127125
0.007307
0.159867
0.216540
0.192362
0.155842
0.145247
0.150258
0.152180
0.143410
0.130093
0.120667
0.105034
0.035517
-0.053589
-0.097213
-0.093029
-0.075041
-0.067879
-0.071161
-0.074119
-0.072858
-0.068315
-0.052607
0.009814
0.085883
0.107542
0.053462
0.018495
0.051074
0.089814
0.089535
0.030010
0.001369
0.034506
0.073475
0.081161
0.055490
-0.011347
-0.080846
-0.108876
-0.102185
-0.089097
-0.084330
-0.076977
-0.039685
-0.015083
0.001604
0.029519
0.046091
0.047809
0.039086
0.032396
0.028530
0.027028
0.023718
0.020140
0.015846
0.012771
0.009402
0.006624
0.003182
0.000320
-0.002950
-0.005593
-0.008664
-0.011207
-0.014161
-0.016586
-0.019387
-0.021682
-0.024348
-0.026526
-0.029063
-0.031119
-0.033528
-0.035465
-0.037753
-0.039572
-0.041744
-0.043445
-0.045505
-0.047089
-0.049045
-0.050512
-0.052369
-0.053717
-0.055484
-0.056708
-0.058397
-0.059491
-0.061118
-0.062065
-0.063659
-0.064433
-0.065975
-0.067775
-0.089369
-0.101537
-0.086516
-0.068806
-0.063117
-0.067891
-0.072768
-0.073917
-0.072849
-0.072632
-0.073584
-0.074829
-0.075559
-0.075923
-0.076318
-0.075957
-0.061474
-0.039617
-0.043740
-0.068319
-0.086422
-0.088283
-0.082371
-0.066709
-0.060895
-0.072977
-0.085057
-0.088578
-0.085546
-0.083740
-0.096018
-0.116076
-0.125184
-0.122929
-0.116248
-0.112213
-0.100486
-0.093327
-0.089075
-0.080638
-0.083152
-0.085978
-0.080408
-0.082555
-0.093343
-0.091963
-0.077950
-0.067010
-0.065051
-0.067985
-0.069682
-0.069051
-0.067621
-0.067060
-0.067036
-0.067094
-0.066733
-0.066742
-0.066489
-0.065850
-0.065043
-0.064577
-0.064157
-0.063885
-0.063362
-0.062967
-0.062669
-0.067629
-0.075348
-0.083629
-0.089562
-0.089794
-0.086547
-0.082841
-0.080224
-0.077911
-0.075350
-0.072751
-0.070379
-0.068298
-0.066264
-0.064287
-0.062247
-0.060186
-0.055176
-0.048814
-0.044966
-0.044016
-0.044079
-0.046039
-0.046192
-0.042953
-0.039839
-0.040510
-0.041512
-0.041017
-0.041038
-0.040853
-0.040253
-0.038939
-0.037529
-0.034804
-0.031403
-0.030273
-0.031689
-0.032787
-0.032263
-0.030641
-0.029261
-0.028367
-0.027759
-0.026999
-0.026172
-0.025247
-0.024406
-0.023628
-0.022979
-0.022328
-0.021720
-0.021040
-0.020382
-0.019753
-0.019190
-0.018609
-0.018101
-0.017620
-0.017202
-0.016770
-0.016338
-0.015871
-0.015468
-0.015067
-0.014698
-0.014338
-0.014032
-0.013731
-0.013456
-0.013148
-0.012851
-0.012563
-0.012307
-0.012043
-0.011812
-0.011588
-0.011393
-0.011189
-0.010987
-0.010771
-0.010581
-0.010390
-0.010214
-0.010038
-0.009884
-0.009729
-0.009585
-0.009433
-0.009286
-0.009130
-0.008988
-0.008848
-0.008720
-0.008584
-0.008450
-0.008313
-0.008189
-0.008062
-0.007940
-0.007809
-0.007685
-0.007560
-0.007441
-0.007319
-0.007198
-0.007074
-0.006953
-0.006828
-0.006705
-0.006579
-0.006455
-0.006328
-0.006202
-0.006073
-0.005945
-0.005814
-0.005683
-0.005550
-0.005417
-0.005281
-0.005145
-0.005008
-0.004869
-0.004729
-0.004587
-0.004443
-0.004299
-0.004152
-0.004004
-0.003853
-0.003702
-0.003548
-0.003393
-0.003235
-0.003076
-0.002916
-0.002753
-0.002588
-0.002422
-0.002254
-0.002083
-0.001911
-0.001737