   1.5328834e-03	
   1.5418536e-03	
   1.5487740e-03	
   1.5535297e-03	
   1.5507950e-03	
   1.5497890e-03	
   1.5673682e-03	
   1.5657165e-03	
   1.5569629e-03	
   1.5793106e-03	
   1.5907865e-03	
   1.6055917e-03	
   1.6668624e-03	
   1.6519916e-03	
   1.5188411e-03	
   1.4798615e-03	
   1.4521835e-03	
   1.4229534e-03	
   1.5278488e-03	
   1.5702218e-03	
   1.4060785e-03	
   1.2276725e-03	
   1.1971745e-03	
   1.2742785e-03	
   1.4680347e-03	
   1.5335358e-03	
   1.4718251e-03	
   1.4295469e-03	
   1.4246761e-03	
   1.4130596e-03	
   1.3930176e-03	
   1.3754655e-03	
   1.3573365e-03	
   1.3246811e-03	
   1.2908871e-03	
   1.4128625e-03	
   1.6811276e-03	
   1.3928297e-03	
   1.1293529e-03	
   1.1566389e-03	
   1.2973798e-03	
   1.6307181e-03	
   1.3157825e-03	
   8.9169986e-04	
   5.1145698e-04	
   4.0820247e-04	
   8.3747287e-04	
   9.1242104e-04	
   7.5813210e-04	
   7.1206288e-04	
   7.0594273e-04	
   6.6557111e-04	
   6.2075452e-04	
   7.8569036e-04	
   1.3613779e-03	
   8.7414008e-04	
  -3.0901833e-04	
  -7.1654609e-04	
  -7.9803100e-04	
  -1.5559050e-03	
  -1.8690717e-03	
  -1.8345349e-03	
  -1.9300500e-03	
  -1.3528088e-03	
  -3.5143818e-04	
  -1.3623054e-03	
  -2.7126291e-03	
  -2.7928190e-03	
  -2.6577239e-03	
  -1.8521088e-03	
   5.3889701e-04	
   2.1474117e-03	
   2.0450898e-03	
   2.3222304e-03	
   3.3946594e-03	
   2.4562205e-03	
   1.5536724e-03	
   1.7031743e-03	
   1.8611254e-03	
   1.7936486e-03	
   1.7651632e-03	
   1.7799749e-03	
   1.6746403e-03	
   1.5158403e-03	
   1.1377829e-03	
  -2.3078809e-04	
  -1.1875064e-03	
  -4.3293458e-03	
  -6.0114696e-03	
  -5.9669934e-03	
  -7.4905652e-03	
  -7.3325524e-03	
  -6.0150476e-03	
  -6.1140711e-03	
  -6.5611541e-03	
  -6.6409373e-03	
  -6.7664189e-03	
  -6.3445918e-03	
  -3.0323410e-03	
   2.0100109e-03	
   5.2847531e-03	
   5.4507838e-03	
   4.6118037e-03	
   1.4802496e-03	
  -3.9550403e-03	
  -7.9627295e-03	
  -8.3567437e-03	
  -6.0340072e-03	
  -3.3161028e-03	
  -6.3138661e-04	
   8.8429084e-04	
   6.8884750e-04	
   4.8635912e-04	
   2.5410602e-03	
   5.5151390e-03	
   9.0840923e-03	
   1.3508817e-02	
   1.3771272e-02	
   1.0307467e-02	
   9.1514995e-03	
   9.7880104e-03	
   9.2837570e-03	
   4.4097478e-03	
  -6.1103649e-03	
  -1.5351648e-02	
  -1.8841375e-02	
  -2.1161897e-02	
  -2.3939493e-02	
  -2.3105329e-02	
  -2.1031677e-02	
  -1.9478085e-02	
  -1.4753038e-02	
  -1.0509321e-02	
  -7.7228472e-03	
  -6.8285000e-03	
  -1.0086226e-02	
  -1.2004046e-02	
  -9.6693135e-03	
  -6.4963458e-03	
  -5.1238054e-03	
   1.2103876e-03	
   9.9998080e-03	
   1.3578742e-02	
   1.0620285e-02	
   8.9867108e-03	
   9.4858681e-03	
   9.6091242e-03	
   9.3941840e-03	
   6.7025587e-03	
   1.6743442e-03	
   2.3313511e-03	
   1.8518814e-03	
   1.7161770e-03	
   3.6297084e-03	
   3.8353246e-03	
   1.3953164e-03	
  -6.0440782e-03	
  -1.3471632e-02	
  -1.6937785e-02	
  -1.8538791e-02	
  -1.8713246e-02	
  -1.6947275e-02	
  -1.1554225e-02	
  -6.9391436e-03	
  -4.0536925e-03	
  -1.3376454e-03	
   3.0513846e-03	
   7.9111171e-03	
   8.9797427e-03	
   8.3005788e-03	
   8.2413861e-03	
   8.4075472e-03	
   6.4813687e-03	
  -2.1446107e-04	
  -3.6275780e-03	
  -3.0436098e-03	
  -2.6603428e-03	
  -2.9015024e-03	
  -2.9378193e-03	
  -1.6118012e-03	
   1.8531968e-03	
   5.0811237e-03	
   7.6259785e-03	
   8.0068720e-03	
   6.7420558e-03	
   7.7563375e-04	
  -9.2004488e-03	
  -1.4917054e-02	
  -1.4834775e-02	
  -1.3236422e-02	
  -7.4018226e-03	
  -1.8257568e-03	
   2.6665573e-03	
   6.9540899e-03	
   5.5469873e-03	
   1.6476717e-03	
   1.7790180e-03	
   5.6398382e-03	
   7.6050564e-03	
   5.4318153e-03	
  -4.4743329e-04	
  -7.1847697e-03	
  -1.3152563e-02	
  -1.4745009e-02	
  -1.0917765e-02	
  -7.2156898e-03	
  -5.4107585e-04	
   7.0261425e-03	
   1.0934245e-02	
   1.6178312e-02	
   2.1875044e-02	
   2.2021313e-02	
   1.6042808e-02	
   9.0445156e-03	
   3.2270133e-03	
  -1.9350524e-04	
  -3.3049489e-03	
  -5.0714174e-03	
  -8.1971265e-03	
  -1.4636887e-02	
  -1.3832251e-02	
  -6.5715610e-03	
   2.7423735e-04	
   5.0137187e-03	
   4.7874479e-03	
  -1.0582337e-03	
  -5.6532618e-03	
  -5.7601484e-03	
  -3.6165390e-03	
   2.7313810e-03	
   6.4788316e-03	
   9.2095142e-03	
   1.2681731e-02	
   9.2027450e-03	
   8.8485240e-03	
   1.2405397e-02	
   7.8785439e-03	
   4.0388767e-03	
   4.7309337e-03	
   4.4496449e-03	
  -1.3463450e-03	
  -4.0105378e-03	
  -3.6945741e-03	
  -3.3166862e-03	
  -5.5592086e-03	
  -6.6455098e-03	
  -6.3765683e-03	
  -5.3907270e-03	
  -2.2444649e-03	
  -7.1214421e-04	
  -1.7425059e-03	
  -7.2786947e-03	
  -1.3834618e-02	
  -1.8607904e-02	
  -1.3871573e-02	
  -4.7774874e-03	
   3.7676058e-03	
   9.9790561e-03	
   1.3246201e-02	
   1.5858306e-02	
   2.0382207e-02	
   2.5146551e-02	
   2.5990948e-02	
   2.4391041e-02	
   1.7746826e-02	
   7.7534447e-03	
  -9.4414228e-04	
  -5.0506500e-03	
  -7.4947929e-03	
  -7.4069852e-03	
  -1.2432530e-03	
   3.8169661e-03	
   4.5418550e-03	
   7.0290641e-03	
   8.4313909e-03	
   5.5225513e-03	
   2.3446509e-03	
   2.2541735e-03	
   2.6416528e-03	
   2.2838317e-03	
  -2.1688686e-03	
  -1.1383040e-02	
  -1.8310323e-02	
  -2.0016646e-02	
  -1.8186119e-02	
  -1.4694343e-02	
  -1.3483625e-02	
  -1.1528392e-02	
  -8.1796056e-03	
  -2.4936668e-03	
   5.8402233e-03	
   8.4521693e-03	
   7.4816876e-03	
   9.3282619e-03	
   9.1796306e-03	
   4.4742953e-03	
  -2.7480930e-03	
  -5.4836863e-03	
  -8.7530807e-03	
  -8.7710016e-03	
  -2.6700690e-03	
   6.0177195e-03	
   1.3749685e-02	
   1.9897896e-02	
   2.5775517e-02	
   2.7546390e-02	
   2.0572357e-02	
   1.4470592e-02	
   1.1919723e-02	
   1.3557696e-02	
   1.6851301e-02	
   1.7879384e-02	
   1.9503142e-02	
   1.6857646e-02	
   9.5944255e-03	
   2.6233054e-03	
  -2.6001136e-03	
  -1.5350576e-03	
   3.1535175e-03	
   2.4094017e-04	
  -5.3147892e-03	
  -6.1309290e-03	
  -5.9664674e-03	
  -9.9985395e-03	
  -1.5754219e-02	
  -1.7350692e-02	
  -1.6707160e-02	
  -1.6625264e-02	
  -1.6812489e-02	
  -1.6802301e-02	
  -1.6877920e-02	
  -1.8764288e-02	
  -1.9421314e-02	
  -1.1332805e-02	
  -1.2214303e-03	
   5.1403318e-03	
   1.0908580e-02	
   1.7402820e-02	
   2.3498886e-02	
   2.6313829e-02	
   2.6041867e-02	
   2.4327326e-02	
   1.7508698e-02	
   6.6260176e-03	
  -3.1137464e-03	
  -8.5102194e-03	
  -1.2620388e-02	
  -2.0456467e-02	
  -2.8512204e-02	
  -3.0041745e-02	
  -2.9015996e-02	
  -2.8187091e-02	
  -2.5217536e-02	
  -2.1811056e-02	
  -1.6647660e-02	
  -1.2401506e-02	
  -1.0081490e-02	
  -1.1643803e-02	
  -1.3780937e-02	
  -1.1765720e-02	
  -5.1911618e-03	
   5.7730946e-03	
   2.0843129e-02	
   3.1456565e-02	
   3.5117762e-02	
   3.2849617e-02	
   2.6449147e-02	
   1.9611125e-02	
   1.1304530e-02	
  -1.7715340e-03	
  -1.1415879e-02	
  -1.4146676e-02	
  -1.0810403e-02	
  -4.8355640e-03	
  -2.4787316e-03	
  -2.8576736e-04	
   6.4632268e-03	
   1.3860563e-02	
   1.9207214e-02	
   2.1526229e-02	
   1.7927098e-02	
   8.2858955e-03	
  -4.2871569e-03	
  -1.3479555e-02	
  -1.6418830e-02	
  -1.8821898e-02	
  -1.6696245e-02	
  -5.3373423e-03	
   6.9911162e-03	
   2.2305221e-02	
   3.5029583e-02	
   3.9481053e-02	
   3.7414504e-02	
   3.4101427e-02	
   3.7124398e-02	
   4.4323075e-02	
   4.9411710e-02	
   4.5893567e-02	
   3.3343353e-02	
   1.8918188e-02	
   4.1127835e-03	
  -7.4114958e-03	
  -1.5091856e-02	
  -2.1283882e-02	
  -2.6700888e-02	
  -2.7348639e-02	
  -2.5422669e-02	
  -2.0454456e-02	
  -1.6195726e-02	
  -1.9204940e-02	
  -2.8609201e-02	
  -3.5617244e-02	
  -4.4219536e-02	
  -5.3558201e-02	
  -5.2759308e-02	
  -4.4639326e-02	
  -3.3848890e-02	
  -2.2351520e-02	
  -1.6300416e-02	
  -1.6350986e-02	
  -1.5844891e-02	
  -5.5425805e-04	
   4.0414933e-02	
   9.5804936e-02	
   1.4479279e-01	
   1.5823870e-01	
   1.4744605e-01	
   1.3346824e-01	
   1.1817650e-01	
   1.0587460e-01	
   1.0385758e-01	
   1.0715788e-01	
   1.0406930e-01	
   9.6399007e-02	
   8.4440431e-02	
   6.5141054e-02	
   4.1073204e-02	
   1.0151973e-02	
  -2.2754492e-02	
  -5.5036624e-02	
  -7.9581017e-02	
  -9.0446327e-02	
  -9.4392172e-02	
  -9.3090106e-02	
  -8.5984514e-02	
  -8.2415055e-02	
  -8.3533050e-02	
  -8.7441899e-02	
  -9.7205325e-02	
  -1.0993979e-01	
  -1.1825975e-01	
  -1.1492663e-01	
  -9.1484254e-02	
  -5.0146093e-02	
  -6.8912861e-04	
   3.5196858e-02	
   6.3079345e-02	
   9.3235900e-02	
   1.1589848e-01	
   1.3891863e-01	
   1.6014973e-01	
   1.5261319e-01	
   7.2965537e-02	
  -8.2680387e-02	
  -2.2469932e-01	
  -3.0510906e-01	
  -3.0927315e-01	
  -2.5709681e-01	
  -1.7941942e-01	
  -1.1825065e-01	
  -9.8636190e-02	
  -9.7855154e-02	
  -7.9423599e-02	
  -3.4807522e-02	
   2.0010816e-02	
   5.9973323e-02	
   7.1052097e-02	
   5.7340660e-02	
   4.0544572e-02	
   3.0751244e-02	
   2.8461021e-02	
   3.4583936e-02	
   3.8757853e-02	
   3.1927119e-02	
   1.0961644e-02	
  -2.5631624e-02	
  -6.4684689e-02	
  -8.7852097e-02	
  -7.7085264e-02	
  -1.2178620e-02	
   1.0747869e-01	
   2.2077995e-01	
   2.5988075e-01	
   2.1968074e-01	
   1.1002821e-01	
  -1.9878084e-02	
  -1.2246470e-01	
  -1.8085186e-01	
  -1.8637639e-01	
  -1.5137780e-01	
  -7.1386801e-02	
   6.6990868e-02	
   1.8784883e-01	
   2.3307809e-01	
   2.2853212e-01	
   2.0358947e-01	
   1.5765846e-01	
   9.0380624e-02	
   2.3934676e-02	
  -1.7524443e-02	
  -2.6212832e-02	
  -1.9616736e-02	
  -5.8542281e-03	
   1.0592117e-02	
   2.8517707e-02	
   4.0779296e-02	
   4.1154952e-02	
   2.9272754e-02	
   6.7484206e-03	
  -2.2292999e-02	
  -4.9149251e-02	
  -7.3973363e-02	
  -9.9665807e-02	
  -1.2392414e-01	
  -1.3601522e-01	
  -1.1927522e-01	
  -8.4308074e-02	
  -4.6926322e-02	
  -1.7417258e-02	
  -1.1969608e-02	
  -1.8255305e-02	
  -1.0942183e-02	
   2.3550224e-02	
   6.7852591e-02	
   9.4721948e-02	
   9.3205402e-02	
   5.6570497e-02	
  -2.1539274e-02	
  -1.2413563e-01	
  -1.9837159e-01	
  -2.3012907e-01	
  -2.3176381e-01	
  -2.1629491e-01	
  -1.8389600e-01	
  -1.3232755e-01	
  -8.0061714e-02	
  -4.5409246e-02	
  -3.0792748e-02	
  -2.7777556e-02	
  -2.2316514e-02	
  -8.7401787e-03	
   8.9920701e-03	
   2.8180329e-02	
   3.9802409e-02	
   4.3036722e-02	
   5.1150428e-02	
   6.7717516e-02	
   8.9582858e-02	
   1.1549968e-01	
   1.3767009e-01	
   1.5356337e-01	
   1.6563764e-01	
   1.7361084e-01	
   1.7309312e-01	
   1.6363510e-01	
   1.5253318e-01	
   1.3476783e-01	
   1.0068583e-01	
   4.3364465e-02	
  -4.8540418e-02	
  -1.5170211e-01	
  -2.3470355e-01	
  -2.8605511e-01	
  -2.9556275e-01	
  -2.7353258e-01	
  -2.3628104e-01	
  -1.8390760e-01	
  -1.1691483e-01	
  -3.0160710e-02	
   5.9425331e-02	
   1.2169559e-01	
   1.5772063e-01	
   1.7485224e-01	
   1.7682075e-01	
   1.6700411e-01	
   1.4613212e-01	
   1.1514860e-01	
   7.4986493e-02	
   2.9393022e-02	
  -6.9199122e-03	
  -2.8386853e-02	
  -3.8503261e-02	
  -3.8408695e-02	
  -2.5855475e-02	
   4.8955655e-03	
   5.1849893e-02	
   9.3224960e-02	
   1.1231390e-01	
   1.0824799e-01	
   9.2276760e-02	
   6.7787551e-02	
   3.0890695e-02	
  -8.4882918e-03	
  -2.7798905e-02	
  -2.2656522e-02	
   7.8612816e-03	
   5.5759604e-02	
   1.0448710e-01	
   1.3564657e-01	
   1.4313175e-01	
   1.3486695e-01	
   1.1707860e-01	
   9.2291280e-02	
   5.8279203e-02	
   1.7473979e-02	
  -3.9839803e-02	
  -1.0678019e-01	
  -1.6096977e-01	
  -1.8736457e-01	
  -1.9610475e-01	
  -2.0187521e-01	
  -2.0803210e-01	
  -2.1235545e-01	
  -2.1854034e-01	
  -2.2027225e-01	
  -2.1138506e-01	
  -1.8493278e-01	
  -1.1614354e-01	
  -6.3733063e-03	
   8.8352374e-02	
   1.4580652e-01	
   2.0299075e-01	
   2.5357319e-01	
   2.6574410e-01	
   2.3852574e-01	
   1.6492202e-01	
   5.7733244e-02	
  -7.2431402e-02	
  -1.8968819e-01	
  -2.6509856e-01	
  -2.9610398e-01	
  -2.7791126e-01	
  -2.1317167e-01	
  -1.1293425e-01	
  -1.0554907e-02	
   8.2999069e-02	
   1.6273191e-01	
   2.2875489e-01	
   2.9367298e-01	
   3.5370056e-01	
   3.8630645e-01	
   3.9031230e-01	
   3.7114077e-01	
   3.2157776e-01	
   2.3607330e-01	
   1.3415248e-01	
   3.0238237e-02	
  -6.2753083e-02	
  -1.3628752e-01	
  -1.9991019e-01	
  -2.5698543e-01	
  -3.0558443e-01	
  -3.3472085e-01	
  -3.3134751e-01	
  -2.7534611e-01	
  -1.4837312e-01	
  -2.4187433e-02	
   2.1593154e-02	
   1.6025705e-02	
  -1.2860443e-02	
  -5.6904539e-02	
  -1.0038812e-01	
  -1.1651951e-01	
  -9.8472871e-02	
  -6.0126542e-02	
  -2.3444365e-02	
   7.5564652e-03	
   3.1463991e-02	
   4.9984719e-02	
   7.2259486e-02	
   9.5820848e-02	
   1.0395142e-01	
   8.0378474e-02	
   1.9053137e-02	
  -6.8385201e-02	
  -1.3659453e-01	
  -1.6212056e-01	
  -1.6600013e-01	
  -1.5623957e-01	
  -1.2495521e-01	
  -6.0349862e-02	
   3.3542651e-02	
   1.1205078e-01	
   1.6597275e-01	
   2.1446229e-01	
   2.4831228e-01	
   2.6585306e-01	
   2.6688247e-01	
   2.4073994e-01	
   1.8304849e-01	
   1.0505286e-01	
   3.8953217e-02	
   6.9361756e-03	
  -4.5750138e-03	
  -6.7463897e-03	
  -4.2573926e-03	
   3.8307035e-03	
   1.3667013e-02	
   2.0560861e-02	
   1.5781975e-02	
  -2.8376378e-03	
  -3.5985165e-02	
  -8.3992199e-02	
  -1.3845283e-01	
  -1.7670853e-01	
  -1.8753846e-01	
  -1.7981099e-01	
  -1.7589938e-01	
  -1.9314112e-01	
  -2.3424630e-01	
  -2.8143289e-01	
  -3.0011358e-01	
  -2.8403119e-01	
  -2.4411748e-01	
  -1.9030140e-01	
  -1.4545458e-01	
  -1.0894867e-01	
  -6.6596339e-02	
  -1.8020744e-02	
   2.8184329e-02	
   7.3158735e-02	
   1.3404275e-01	
   2.1597532e-01	
   2.6937778e-01	
   2.8224728e-01	
   2.8152372e-01	
   2.8163223e-01	
   2.8215667e-01	
   2.8031353e-01	
   2.7456708e-01	
   2.6765133e-01	
   2.5809772e-01	
   2.4511817e-01	
   2.2792636e-01	
   1.9270122e-01	
   1.3189994e-01	
   6.4393521e-02	
   1.8826696e-02	
  -2.2722535e-03	
  -2.1655682e-02	
  -5.2171603e-02	
  -8.8052433e-02	
  -1.2163447e-01	
  -1.4243052e-01	
  -1.5879579e-01	
  -1.8538857e-01	
  -2.2902650e-01	
  -2.8705624e-01	
  -3.3225715e-01	
  -3.4434364e-01	
  -3.3241030e-01	
  -2.9302633e-01	
  -2.1352618e-01	
  -9.5346163e-02	
   2.5990727e-02	
   1.4314345e-01	
   2.5724267e-01	
   3.4121671e-01	
   3.7396515e-01	
   3.4908475e-01	
   2.6446650e-01	
   1.4626710e-01	
   4.4971135e-02	
  -2.9249925e-02	
  -7.2816561e-02	
  -9.3637965e-02	
  -1.0658244e-01	
  -1.0930576e-01	
  -9.9290880e-02	
  -6.8562355e-02	
  -1.3801070e-02	
   4.5316647e-02	
   7.7336961e-02	
   8.5973619e-02	
   8.1160548e-02	
   6.9146480e-02	
   6.0169880e-02	
   5.9267890e-02	
   6.0813918e-02	
   6.2948778e-02	
   5.7671652e-02	
   2.9539169e-02	
  -3.4696359e-02	
  -1.1389723e-01	
  -1.6010635e-01	
  -1.6641673e-01	
  -1.5377233e-01	
  -1.3396182e-01	
  -1.0317619e-01	
  -5.2977700e-02	
   1.3958307e-02	
   6.6136482e-02	
   8.5683247e-02	
   8.6286091e-02	
   8.8632205e-02	
   1.0878818e-01	
   1.4371104e-01	
   1.7642092e-01	
   1.8017549e-01	
   1.4400342e-01	
   8.8125452e-02	
   5.5259481e-02	
   5.8845405e-02	
   7.4241348e-02	
   8.8439913e-02	
   9.2996292e-02	
   7.1399376e-02	
   2.5966064e-02	
  -1.7366691e-02	
  -3.1822807e-02	
  -1.9485793e-02	
   8.6430603e-03	
   4.1914042e-02	
   7.0514912e-02	
   9.1901878e-02	
   9.1574466e-02	
   6.1973991e-02	
   2.4415726e-02	
  -2.3300671e-02	
  -6.7352888e-02	
  -9.4529015e-02	
  -1.1956520e-01	
  -1.5781060e-01	
  -2.0656404e-01	
  -2.5448238e-01	
  -2.9848967e-01	
  -3.3477124e-01	
  -3.4477215e-01	
  -3.1913704e-01	
  -2.5166817e-01	
  -1.4943386e-01	
  -4.9918287e-02	
   2.6048430e-02	
   7.7516236e-02	
   1.0221940e-01	
   1.0456946e-01	
   9.8914384e-02	
   9.2339988e-02	
   8.9530481e-02	
   8.9802223e-02	
   8.4472565e-02	
   6.8195097e-02	
   4.8083346e-02	
   2.8468579e-02	
   6.4319641e-03	
  -1.0003790e-02	
  -1.6221422e-02	
  -1.3969032e-02	
  -3.3912472e-03	
   1.0341825e-02	
   2.1434783e-02	
   2.6348703e-02	
   2.9553689e-02	
   3.9036865e-02	
   5.0834133e-02	
   5.2711992e-02	
   3.6422347e-02	
   2.4963254e-03	
  -3.3346248e-02	
  -5.4572480e-02	
  -5.6322248e-02	
  -5.0778286e-02	
  -5.1234474e-02	
  -6.0453644e-02	
  -7.3718064e-02	
  -8.5910612e-02	
  -9.5111969e-02	
  -1.0759078e-01	
  -1.2823156e-01	
  -1.5213271e-01	
  -1.7631395e-01	
  -1.9284659e-01	
  -2.0036733e-01	
  -1.9741853e-01	
  -1.7734930e-01	
  -1.3598481e-01	
  -6.8534244e-02	
   9.9145528e-03	
   6.8050917e-02	
   9.6881803e-02	
   1.0196918e-01	
   1.0208478e-01	
   1.0132258e-01	
   1.0509348e-01	
   1.1612721e-01	
   1.2665039e-01	
   1.3092595e-01	
   1.2882587e-01	
   1.2816955e-01	
   1.3220974e-01	
   1.3929166e-01	
   1.3780479e-01	
   1.1527577e-01	
   6.4624356e-02	
  -2.0458284e-03	
  -3.8114345e-02	
  -3.0605207e-02	
   1.2163878e-04	
   5.2650974e-02	
   1.1898905e-01	
   1.6409122e-01	
   1.8305445e-01	
   1.8478846e-01	
   1.7390094e-01	
   1.5765216e-01	
   1.3893963e-01	
   1.1947225e-01	
   9.8337132e-02	
   6.5910532e-02	
   2.2537911e-02	
  -1.8811867e-02	
  -6.6307359e-02	
  -1.2135727e-01	
  -1.6060108e-01	
  -1.7730989e-01	
  -1.7904249e-01	
  -1.7763858e-01	
  -1.7690619e-01	
  -1.6790555e-01	
  -1.3403307e-01	
  -6.2039650e-02	
   2.1957015e-02	
   7.9805067e-02	
   1.1349848e-01	
   1.3935822e-01	
   1.7552974e-01	
   2.3095627e-01	
   2.7602171e-01	
   2.6700203e-01	
   1.6027006e-01	
  -2.2525270e-02	
  -2.2082274e-01	
  -3.9770917e-01	
  -5.1332952e-01	
  -5.7155374e-01	
  -5.8826067e-01	
  -5.9873850e-01	
  -5.7682768e-01	
  -4.3905915e-01	
  -1.5158909e-01	
   1.8198935e-01	
   4.7892866e-01	
   6.9058367e-01	
   8.2907178e-01	
   9.1745100e-01	
   9.5521504e-01	
   9.3986350e-01	
   8.5191853e-01	
   7.0403992e-01	
   5.3371257e-01	
   3.5521441e-01	
   1.7796098e-01	
   1.9944793e-02	
  -1.0678017e-01	
  -2.0537484e-01	
  -2.8636009e-01	
  -3.6466017e-01	
  -4.4883443e-01	
  -5.4205775e-01	
  -6.2698960e-01	
  -6.7435476e-01	
  -6.7489753e-01	
  -6.5256129e-01	
  -6.3433785e-01	
  -6.2500944e-01	
  -6.1691155e-01	
  -6.0709252e-01	
  -5.9015067e-01	
  -5.4536789e-01	
  -4.0572749e-01	
  -1.8313112e-01	
  -2.7196591e-02	
   7.6163915e-02	
   1.5052230e-01	
   2.0176378e-01	
   2.4701059e-01	
   2.9392691e-01	
   3.2711028e-01	
   3.4080145e-01	
   3.4376638e-01	
   3.3646764e-01	
   3.2359815e-01	
   3.0836417e-01	
   2.9373132e-01	
   2.7349656e-01	
   2.4453075e-01	
   2.0287442e-01	
   1.4567949e-01	
   7.1866990e-02	
  -1.8563967e-02	
  -1.0718215e-01	
  -2.0322859e-01	
  -2.9611547e-01	
  -3.5965872e-01	
  -3.8593805e-01	
  -3.6936282e-01	
  -3.2602782e-01	
  -2.7087086e-01	
  -2.1408526e-01	
  -1.5402396e-01	
  -8.1291005e-02	
  -2.5922792e-03	
   7.4482326e-02	
   1.5316118e-01	
   2.2884108e-01	
   2.7804452e-01	
   2.9281638e-01	
   2.7843812e-01	
   2.2894959e-01	
   1.5946425e-01	
   1.0016140e-01	
   5.2120839e-02	
  -2.4812488e-02	
  -1.2413387e-01	
  -1.8696929e-01	
  -1.9394637e-01	
  -1.5403554e-01	
  -6.1605032e-02	
   4.4877232e-02	
   1.3804294e-01	
   2.1843841e-01	
   2.6442274e-01	
   2.7903173e-01	
   2.8333438e-01	
   2.9147579e-01	
   3.0242458e-01	
   3.0182611e-01	
   2.8424843e-01	
   2.5574164e-01	
   2.3069969e-01	
   2.1704830e-01	
   2.0468156e-01	
   1.7306057e-01	
   1.1219936e-01	
   2.6146422e-02	
  -6.4925115e-02	
  -1.4500334e-01	
  -1.8647772e-01	
  -1.9675584e-01	
  -1.9761621e-01	
  -1.9309201e-01	
  -1.9008802e-01	
  -1.9042770e-01	
  -1.8720039e-01	
  -1.7027654e-01	
  -1.3180798e-01	
  -7.8593258e-02	
  -3.9025771e-02	
  -2.7696538e-02	
  -3.5750949e-02	
  -4.6625387e-02	
  -4.9776493e-02	
  -4.5917590e-02	
  -4.4336136e-02	
  -5.1330189e-02	
  -6.8312249e-02	
  -9.0670709e-02	
  -1.0805236e-01	
  -1.2120265e-01	
  -1.2776781e-01	
  -1.3017673e-01	
  -1.2855524e-01	
  -1.2112709e-01	
  -9.9325467e-02	
  -3.9557718e-02	
   5.7744847e-02	
   1.6712287e-01	
   2.4133112e-01	
   2.6816052e-01	
   2.7865050e-01	
   2.8841959e-01	
   2.9977324e-01	
   3.1262461e-01	
   3.2548725e-01	
   3.3412813e-01	
   3.2942216e-01	
   3.0832064e-01	
   2.6013291e-01	
   1.7870988e-01	
   8.8086357e-02	
   3.5876919e-03	
  -6.3555953e-02	
  -1.0146998e-01	
  -1.2201607e-01	
  -1.4012850e-01	
  -1.6739515e-01	
  -2.0449351e-01	
  -2.4909772e-01	
  -3.0558377e-01	
  -3.6998848e-01	
  -4.2202116e-01	
  -4.4795263e-01	
  -4.3844345e-01	
  -3.9234727e-01	
  -3.1638294e-01	
  -2.2553227e-01	
  -1.2694059e-01	
  -2.6244457e-02	
   7.4044923e-02	
   1.5702983e-01	
   2.0391670e-01	
   2.2500209e-01	
   2.3577893e-01	
   2.4447506e-01	
   2.5117490e-01	
   2.5734610e-01	
   2.6090045e-01	
   2.5397298e-01	
   2.1851817e-01	
   1.5267884e-01	
   8.2814822e-02	
   2.5894238e-02	
  -1.1495660e-02	
  -2.7683477e-02	
  -3.8315278e-02	
  -5.7034420e-02	
  -8.3152333e-02	
  -1.1072390e-01	
  -1.4375153e-01	
  -1.9196577e-01	
  -2.4379858e-01	
  -2.8221457e-01	
  -3.2395727e-01	
  -3.8227519e-01	
  -4.6610469e-01	
  -5.3670579e-01	
  -5.4931097e-01	
  -5.2436316e-01	
  -4.7259148e-01	
  -3.6081101e-01	
  -2.7174823e-01	
  -1.8511420e-01	
  -1.0387822e-01	
  -3.8985638e-02	
   3.3480682e-02	
   1.3712621e-01	
   2.6464706e-01	
   3.8281907e-01	
   4.7250618e-01	
   5.1785936e-01	
   5.3044066e-01	
   5.3063072e-01	
   5.1872125e-01	
   4.7784620e-01	
   3.9419416e-01	
   2.8675126e-01	
   1.8736000e-01	
   1.0193607e-01	
   3.0710558e-02	
  -3.2057906e-02	
  -9.1016220e-02	
  -1.5214606e-01	
  -1.9908542e-01	
  -2.1934886e-01	
  -2.1113927e-01	
  -1.7446312e-01	
  -1.1857832e-01	
  -6.0944308e-02	
  -1.2343661e-02	
   2.7843856e-02	
   6.3300013e-02	
   9.5282802e-02	
   1.2242229e-01	
   1.4826463e-01	
   1.7585487e-01	
   1.9847298e-01	
   2.1392254e-01	
   2.1842073e-01	
   2.0768172e-01	
   1.8373290e-01	
   1.4805687e-01	
   1.1027031e-01	
   8.0072234e-02	
   6.3475244e-02	
   5.4130392e-02	
   4.2091616e-02	
   3.0019513e-02	
   2.2541779e-02	
   1.9313250e-02	
   1.8253080e-02	
   1.0369601e-02	
  -8.5485010e-03	
  -3.5608956e-02	
  -6.2568017e-02	
  -7.5106298e-02	
  -7.2059923e-02	
  -5.5604816e-02	
  -3.3416703e-02	
  -1.5981533e-02	
  -1.2091007e-02	
  -2.3301886e-02	
  -4.9283685e-02	
  -8.6446913e-02	
  -1.1673459e-01	
  -1.3498203e-01	
  -1.4196806e-01	
  -1.3869503e-01	
  -1.1413032e-01	
  -7.4771703e-02	
  -3.1634271e-02	
  -1.0071209e-03	
   2.4197467e-02	
   5.3684082e-02	
   7.1311816e-02	
   6.9250836e-02	
   5.4174923e-02	
   2.5670122e-02	
  -7.5607393e-03	
  -3.4596821e-02	
  -5.9098383e-02	
  -7.6971272e-02	
  -8.8815922e-02	
  -9.8081457e-02	
  -1.0161359e-01	
  -9.6468224e-02	
  -7.8899785e-02	
  -4.7859826e-02	
  -1.3240543e-02	
   8.7796206e-03	
   1.7857406e-02	
   2.5403176e-02	
   2.7745180e-02	
   1.5525444e-02	
  -8.9586571e-03	
  -4.0421497e-02	
  -6.8699021e-02	
  -8.5953574e-02	
  -9.6246583e-02	
  -1.0512159e-01	
  -1.1237233e-01	
  -1.1260651e-01	
  -1.0469946e-01	
  -9.2459019e-02	
  -8.2609137e-02	
  -7.3490765e-02	
  -6.4144233e-02	
  -5.7637706e-02	
  -5.3825567e-02	
  -4.6977661e-02	
  -3.8094521e-02	
  -3.1068909e-02	
  -1.5383987e-02	
   7.9961027e-03	
   3.0998410e-02	
   4.8644818e-02	
   5.2681892e-02	
   3.9417670e-02	
   2.0770424e-02	
   1.9037073e-03	
  -1.4331633e-02	
  -2.2560807e-02	
  -2.4423506e-02	
  -2.1602350e-02	
  -1.7205376e-02	
  -7.3389547e-03	
   1.0220499e-02	
   3.3245715e-02	
   6.6993144e-02	
   1.0891260e-01	
   1.4730021e-01	
   1.7135222e-01	
   1.7407485e-01	
   1.6013742e-01	
   1.3811203e-01	
   1.0977704e-01	
   7.4545311e-02	
   3.9487131e-02	
   9.0163558e-03	
  -1.5677510e-02	
  -3.7224621e-02	
  -5.6081490e-02	
  -6.9525672e-02	
  -7.9566497e-02	
  -8.0292350e-02	
  -6.5462454e-02	
  -3.2162484e-02	
   2.2647483e-02	
   7.4521311e-02	
   9.9367876e-02	
   1.1071205e-01	
   1.1447902e-01	
   1.1353285e-01	
   1.0968033e-01	
   9.9354705e-02	
   8.1578769e-02	
   6.0260424e-02	
   3.9440301e-02	
   2.3505958e-02	
   8.7727055e-03	
  -4.6469537e-03	
  -1.7251194e-02	
  -2.7346032e-02	
  -3.3369409e-02	
  -4.1319088e-02	
  -4.9442783e-02	
  -5.9326124e-02	
  -7.2081515e-02	
  -8.2243448e-02	
  -8.1514126e-02	
  -6.8452739e-02	
  -4.4412580e-02	
  -1.8628457e-02	
   4.8745307e-03	
   2.5425520e-02	
   3.7400272e-02	
   5.3202081e-02	
   7.7403217e-02	
   1.0095324e-01	
   1.2172521e-01	
   1.3428506e-01	
   1.3750675e-01	
   1.4159497e-01	
   1.4526352e-01	
   1.4378587e-01	
   1.3331595e-01	
   1.0964391e-01	
   6.6475297e-02	
   6.2132493e-03	
  -5.4441206e-02	
  -1.0067564e-01	
  -1.3662662e-01	
  -1.5886755e-01	
  -1.6783670e-01	
  -1.6176451e-01	
  -1.4127109e-01	
  -1.1220307e-01	
  -8.2734201e-02	
  -6.1140004e-02	
  -4.3499010e-02	
  -2.7764495e-02	
  -1.5256101e-02	
  -2.0790115e-03	
   1.1373635e-02	
   1.8856973e-02	
   2.3737809e-02	
   2.3976268e-02	
   1.6545693e-02	
   6.2145421e-03	
  -3.7483545e-03	
  -1.0691293e-02	
  -1.0335050e-02	
  -2.0081322e-03	
   8.8518235e-03	
   2.4737812e-02	
   3.9238108e-02	
   3.9553121e-02	
   2.8070006e-02	
   4.0156385e-03	
  -3.2393141e-02	
  -6.9735379e-02	
  -9.4297761e-02	
  -1.0690265e-01	
  -1.1515945e-01	
  -1.1725595e-01	
  -1.0731124e-01	
  -8.5462578e-02	
  -4.9100719e-02	
  -1.2312783e-03	
   4.0668950e-02	
   6.2572901e-02	
   7.6156931e-02	
   8.7288215e-02	
   8.9613047e-02	
   8.2772544e-02	
   6.3968185e-02	
   3.5709821e-02	
   1.8485583e-03	
  -2.7772208e-02	
  -4.3187113e-02	
  -4.9829975e-02	
  -4.5617207e-02	
  -2.9527744e-02	
  -5.3971648e-03	
   1.6083361e-02	
   2.4002346e-02	
   1.8448709e-02	
   3.9592261e-04	
  -3.4945691e-02	
  -8.7502187e-02	
  -1.3367985e-01	
  -1.5913215e-01	
  -1.6664244e-01	
  -1.6368690e-01	
  -1.5764951e-01	
  -1.4581379e-01	
  -1.2106057e-01	
  -7.5613183e-02	
  -2.8918314e-02	
   5.8799216e-03	
   3.5505772e-02	
   6.4776559e-02	
   8.4524279e-02	
   9.3854523e-02	
   9.6476268e-02	
   9.1796660e-02	
   8.4248559e-02	
   7.7726031e-02	
   6.9918919e-02	
   5.5026282e-02	
   3.5702550e-02	
   1.3962807e-02	
  -8.7413743e-03	
  -2.9856923e-02	
  -4.2709200e-02	
  -4.6059737e-02	
  -4.5979580e-02	
  -4.3822090e-02	
  -4.3098448e-02	
  -4.3421970e-02	
  -4.0317848e-02	
  -2.7259400e-02	
  -9.0373994e-03	
   7.5912307e-03	
   2.0859759e-02	
   2.8583742e-02	
   3.4063017e-02	
   3.5652339e-02	
   3.2872181e-02	
   3.0182058e-02	
   1.8452132e-02	
  -2.6594168e-03	
  -2.0728372e-02	
  -3.5125475e-02	
  -4.2451072e-02	
  -3.7398239e-02	
  -2.2192908e-02	
  -5.9726200e-04	
   2.1132005e-02	
   3.3094330e-02	
   3.8369401e-02	
   4.2265432e-02	
   4.2909625e-02	
   3.6979510e-02	
   2.6587162e-02	
   1.5293114e-02	
   3.9255876e-03	
  -3.6943222e-03	
  -8.1990381e-03	
  -3.5550259e-03	
   8.9607411e-03	
   1.9286263e-02	
   2.7639033e-02	
   2.9578728e-02	
   2.5897620e-02	
   1.7507417e-02	
  -3.9133862e-03	
  -2.9583038e-02	
  -5.1902425e-02	
  -6.5486145e-02	
  -6.7247095e-02	
  -6.2678429e-02	
  -5.1880192e-02	
  -3.8234017e-02	
  -2.5089666e-02	
  -1.1123244e-02	
   7.8461166e-03	
   3.1130612e-02	
   5.2097170e-02	
   7.3523054e-02	
   9.1346726e-02	
   1.0539570e-01	
   1.1750104e-01	
   1.1960403e-01	
   1.1125308e-01	
   9.2141928e-02	
   6.2209820e-02	
   3.0813920e-02	
   4.9245872e-03	
  -1.3649203e-02	
  -2.1725445e-02	
  -1.6336775e-02	
   2.6892031e-03	
   2.6595494e-02	
   4.6537141e-02	
   6.1065748e-02	
   6.9622956e-02	
   7.5287606e-02	
   7.9925556e-02	
   8.3105194e-02	
   8.7657197e-02	
   8.8062732e-02	
   8.4475327e-02	
   7.9464594e-02	
   7.2712558e-02	
   6.1226658e-02	
   4.5227539e-02	
   2.5945201e-02	
   7.7338906e-04	
  -1.7142347e-02	
  -2.6559448e-02	
  -3.9268385e-02	
  -6.4282845e-02	
  -9.0509533e-02	
  -1.1258140e-01	
  -1.3238298e-01	
  -1.4900244e-01	
  -1.6291218e-01	
  -1.7744859e-01	
  -1.8538638e-01	
  -1.7912899e-01	
  -1.6075854e-01	
  -1.3439377e-01	
  -1.0113831e-01	
  -6.2266197e-02	
  -2.4500657e-02	
   1.5676520e-02	
   6.2148935e-02	
   9.6753181e-02	
   1.1603154e-01	
   1.2818745e-01	
   1.3423206e-01	
   1.3272380e-01	
   1.2742369e-01	
   1.1161550e-01	
   8.9379649e-02	
   6.9225090e-02	
   5.6218997e-02	
   5.1944812e-02	
   5.2738932e-02	
   5.6508661e-02	
   6.2735800e-02	
   6.8234722e-02	
   6.7635348e-02	
   5.8958137e-02	
   4.6243012e-02	
   3.2877198e-02	
   1.6427270e-02	
  -1.9790968e-03	
  -1.4753653e-02	
  -2.1142694e-02	
  -2.6517304e-02	
  -3.3065070e-02	
  -3.7918119e-02	
  -3.5051595e-02	
  -2.7416221e-02	
  -1.6268716e-02	
   8.7021070e-04	
   1.8162799e-02	
   3.4006839e-02	
   4.7189423e-02	
   5.6111016e-02	
   6.7073434e-02	
   8.0371645e-02	
   9.3293736e-02	
   1.0574949e-01	
   1.1593748e-01	
   1.1877773e-01	
   1.1735067e-01	
   1.1172863e-01	
   9.9407082e-02	
   8.0501438e-02	
   5.2504296e-02	
   2.0714217e-02	
  -9.9329599e-03	
  -3.9364564e-02	
  -6.8344714e-02	
  -9.4026638e-02	
  -1.1063514e-01	
  -1.1833149e-01	
  -1.2328052e-01	
  -1.2463193e-01	
  -1.2143568e-01	
  -1.1756239e-01	
  -1.1591421e-01	
  -1.1612575e-01	
  -1.1415021e-01	
  -1.0761403e-01	
  -9.5611915e-02	
  -8.3047225e-02	
  -7.1542650e-02	
  -5.4052865e-02	
  -3.2874855e-02	
  -2.0170482e-02	
  -1.7319443e-02	
  -1.4245667e-02	
  -4.0968803e-03	
   9.3329118e-03	
   2.2228534e-02	
   3.4364660e-02	
   4.6449515e-02	
   5.3558731e-02	
   5.6158995e-02	
   5.7693288e-02	
   5.7877535e-02	
   5.7666304e-02	
   5.7687674e-02	
   5.7489835e-02	
   5.3905038e-02	
   4.3561133e-02	
   2.8876125e-02	
   6.1855071e-03	
  -2.4735977e-02	
  -5.2426128e-02	
  -7.6476365e-02	
  -9.6751899e-02	
  -1.1057514e-01	
  -1.1785802e-01	
  -1.2511807e-01	
  -1.3671210e-01	
  -1.4425384e-01	
  -1.4437126e-01	
  -1.4198799e-01	
  -1.3229210e-01	
  -1.1032886e-01	
  -7.6598158e-02	
  -3.9411350e-02	
  -1.2277958e-02	
   4.6844552e-03	
   1.3449777e-02	
   1.4696657e-02	
   1.3863357e-02	
   1.3711704e-02	
   1.1226831e-02	
   4.6904443e-03	
  -5.9763306e-03	
  -1.7835465e-02	
  -2.5649393e-02	
  -2.9499942e-02	
  -3.0175340e-02	
  -3.2124781e-02	
  -3.5128989e-02	
  -3.5596581e-02	
  -3.6131953e-02	
  -3.9474136e-02	
  -4.1029070e-02	
  -4.0410889e-02	
  -3.7335585e-02	
  -3.1094788e-02	
  -2.3126457e-02	
  -7.4843617e-03	
   1.4663816e-02	
   3.3645725e-02	
   5.1588096e-02	
   6.8613782e-02	
   8.6814170e-02	
   1.0762121e-01	
   1.2324379e-01	
   1.2838597e-01	
   1.2760830e-01	
   1.1991268e-01	
   1.0472956e-01	
   8.9857517e-02	
   7.0411705e-02	
   4.8109490e-02	
   2.7486543e-02	
   8.3425865e-03	
  -1.6705127e-02	
  -3.9250838e-02	
  -5.1032989e-02	
  -5.7369014e-02	
  -6.2120050e-02	
  -6.3346291e-02	
  -6.0409996e-02	
  -5.4172890e-02	
  -4.7039739e-02	
  -3.7973723e-02	
  -2.9691350e-02	
  -2.4942259e-02	
  -2.0582165e-02	
  -1.1959702e-02	
  -3.4648866e-03	
   8.5525785e-03	
   2.4925794e-02	
   4.6048311e-02	
   6.8069414e-02	
   8.9127753e-02	
   1.0622473e-01	
   1.1924674e-01	
   1.3318923e-01	
   1.4325750e-01	
   1.4429773e-01	
   1.3713328e-01	
   1.1621592e-01	
   7.6998499e-02	
   2.5160496e-02	
  -1.9111784e-02	
  -4.6618425e-02	
  -6.6265480e-02	
  -7.9853377e-02	
  -8.6015189e-02	
  -8.8586878e-02	
  -8.8542545e-02	
  -7.9301253e-02	
  -6.3170994e-02	
  -4.2611982e-02	
  -1.8150306e-02	
   8.6249250e-04	
   1.1572320e-02	
   2.0066632e-02	
   2.7748959e-02	
   2.5612044e-02	
   1.7827232e-02	
   9.7295891e-03	
  -1.3945527e-03	
  -1.0363399e-02	
  -1.6043250e-02	
  -1.9736909e-02	
  -2.0472050e-02	
  -2.0142490e-02	
  -1.9379150e-02	
  -1.6118624e-02	
  -1.1184562e-02	
  -4.8389011e-03	
  -3.5385879e-03	
  -9.7211292e-03	
  -1.6925194e-02	
  -2.5702013e-02	
  -4.0244586e-02	
  -5.8767105e-02	
  -7.3021472e-02	
  -7.9417190e-02	
  -8.3098055e-02	
  -7.9280545e-02	
  -6.4230202e-02	
  -4.4795197e-02	
  -2.0810715e-02	
   4.5831952e-03	
   2.2848947e-02	
   3.3498053e-02	
   4.0167943e-02	
   4.4346832e-02	
   4.5001965e-02	
   4.4024062e-02	
   4.0158043e-02	
   3.3532838e-02	
   2.6938265e-02	
   2.0688583e-02	
   1.4300939e-02	
   7.2939857e-03	
  -2.2948552e-03	
  -1.0930233e-02	
  -1.5363356e-02	
  -1.5430295e-02	
  -9.9072532e-03	
  -6.8202324e-04	
   7.1719119e-03	
   1.5162408e-02	
   1.9816999e-02	
   2.2248667e-02	
   2.2331254e-02	
   1.9100860e-02	
   1.5582496e-02	
   1.1035372e-02	
   4.5160378e-03	
  -2.4179080e-04	
  -6.0929700e-03	
  -1.4872219e-02	
  -2.1990841e-02	
  -2.6469391e-02	
  -2.7340949e-02	
  -2.6597018e-02	
  -2.3423657e-02	
  -1.7706047e-02	
  -1.4220320e-02	
  -9.7768941e-03	
  -9.3599136e-04	
   1.1683196e-02	
   2.4951386e-02	
   3.5999596e-02	
   4.1982155e-02	
   4.7619378e-02	
   4.7660308e-02	
   4.1023898e-02	
   3.3318667e-02	
   2.2310326e-02	
   7.0471309e-03	
  -2.8204197e-03	
  -9.9882873e-03	
  -1.7102863e-02	
  -2.5061312e-02	
  -3.5441505e-02	
  -4.2013934e-02	
  -4.4016238e-02	
  -3.6616915e-02	
  -2.5261626e-02	
  -1.2633841e-02	
  -9.7063200e-04	
   5.2351386e-03	
   5.6463975e-03	
   4.3718728e-03	
  -1.7612893e-03	
  -1.4684139e-02	
  -2.6237208e-02	
  -2.7260394e-02	
  -1.7929852e-02	
  -6.4428970e-06	
   2.0067379e-02	
   3.9454047e-02	
   5.5653900e-02	
   6.6079707e-02	
   7.2365964e-02	
   7.5278368e-02	
   7.1662587e-02	
   6.0784304e-02	
   4.5911976e-02	
   2.9396669e-02	
   1.1015215e-02	
  -1.0465669e-02	
  -3.0510199e-02	
  -4.8497942e-02	
  -6.1356473e-02	
  -6.4427025e-02	
  -5.5988759e-02	
  -4.2020918e-02	
  -2.2959690e-02	
   6.6479761e-03	
   3.3322159e-02	
   4.9530012e-02	
   6.3173358e-02	
   7.0497939e-02	
   7.0082084e-02	
   6.9026764e-02	
   6.6271049e-02	
   5.5747029e-02	
   4.4044438e-02	
   3.4027989e-02	
   2.0990213e-02	
   5.5133688e-03	
  -5.7719587e-03	
  -1.8897443e-02	
  -3.7253638e-02	
  -5.0944566e-02	
  -6.0853610e-02	
  -7.0428391e-02	
  -7.3363757e-02	
  -7.4492779e-02	
  -7.6932177e-02	
  -7.4566350e-02	
  -7.0603953e-02	
  -6.7321926e-02	
  -6.4064298e-02	
  -5.5751449e-02	
  -4.2496797e-02	
  -2.9996860e-02	
  -2.0789242e-02	
  -9.9513825e-03	
   1.2910416e-03	
   1.1211438e-02	
   2.3193199e-02	
   3.4367113e-02	
   3.7568674e-02	
   3.6284377e-02	
   3.3920516e-02	
   3.1250284e-02	
   3.0000374e-02	
   2.6033623e-02	
   1.9155429e-02	
   1.4496632e-02	
   1.4196965e-02	
   1.4795448e-02	
   1.5688735e-02	
   2.0162915e-02	
   2.5065356e-02	
   2.3476963e-02	
   1.7028713e-02	
   1.3078250e-02	
   1.0348418e-02	
   8.8043328e-03	
   9.1036950e-03	
   1.2259946e-02	
   2.0810945e-02	
   2.8092084e-02	
   3.4206888e-02	
   3.6914956e-02	
   3.6597998e-02	
   3.8329002e-02	
   3.8509604e-02	
   3.6432999e-02	
   3.6026867e-02	
   3.4613197e-02	
   3.1523285e-02	
   3.3127016e-02	
   3.6262940e-02	
   3.8546290e-02	
   4.4950229e-02	
   5.1940392e-02	
   5.8342873e-02	
   6.4292944e-02	
   6.4652799e-02	
   5.6440836e-02	
   4.4133788e-02	
   3.1300296e-02	
   2.0657210e-02	
   7.9176985e-03	
  -5.4342751e-03	
  -1.1795610e-02	
  -1.6817086e-02	
  -1.8804649e-02	
  -1.7375933e-02	
  -1.1198989e-02	
  -4.6043869e-03	
   3.5110513e-03	
   1.3421038e-02	
   2.5292102e-02	
   3.5607078e-02	
   4.4073234e-02	
   4.7631445e-02	
   4.6933394e-02	
   4.3971972e-02	
   3.5130005e-02	
   2.0619055e-02	
   6.8905656e-04	
  -1.7997495e-02	
  -3.3146221e-02	
  -4.1242644e-02	
  -4.4041455e-02	
  -4.5738270e-02	
  -4.4697825e-02	
  -4.1007721e-02	
  -3.9549033e-02	
  -3.7240599e-02	
  -3.1528302e-02	
  -2.8648628e-02	
  -2.9281063e-02	
  -3.1510445e-02	
  -3.4611318e-02	
  -3.5217897e-02	
  -3.3923610e-02	
  -3.0778140e-02	
  -2.6142245e-02	
  -1.9763131e-02	
  -1.8455407e-02	
  -2.6037668e-02	
  -4.0069289e-02	
  -5.6738391e-02	
  -7.2803367e-02	
  -8.8176414e-02	
  -9.5767123e-02	
  -9.4118596e-02	
  -8.6695670e-02	
  -8.0046929e-02	
  -7.0348676e-02	
  -5.9470636e-02	
  -4.9626390e-02	
  -3.7561690e-02	
  -2.5171922e-02	
  -1.8664111e-02	
  -2.2054554e-02	
  -3.2624020e-02	
  -4.8708952e-02	
  -6.6493751e-02	
  -7.9621283e-02	
  -8.9873098e-02	
  -9.0954207e-02	
  -8.1332575e-02	
  -6.6572802e-02	
  -4.6853901e-02	
  -2.3594888e-02	
  -9.7434458e-04	
   2.0842556e-02	
   3.8151031e-02	
   5.2967733e-02	
   6.3439243e-02	
   6.7951710e-02	
   6.8497138e-02	
   6.7945544e-02	
   6.5392928e-02	
   6.2574316e-02	
   6.1484786e-02	
   5.7078156e-02	
   4.9898993e-02	
   4.1379222e-02	
   3.3813221e-02	
   2.1926336e-02	
   5.6435554e-03	
  -2.4444213e-03	
  -1.1477078e-02	
  -2.7187177e-02	
  -4.0677790e-02	
  -5.0682681e-02	
  -6.2959452e-02	
  -7.2924364e-02	
  -7.4036215e-02	
  -6.6757868e-02	
  -5.3934100e-02	
  -4.0704907e-02	
  -2.9638553e-02	
  -2.2088409e-02	
  -1.4068891e-02	
  -2.5816535e-03	
   5.0251975e-03	
   1.0894973e-02	
   1.6927305e-02	
   2.3766031e-02	
   3.0707574e-02	
   4.1300900e-02	
   4.8832337e-02	
   5.4641963e-02	
   6.0640411e-02	
   6.6879904e-02	
   6.3697150e-02	
   5.4500081e-02	
   4.0517035e-02	
   2.7102578e-02	
   1.6003662e-02	
   5.6068451e-03	
  -3.3332524e-03	
  -8.6702543e-03	
  -7.0702939e-03	
   1.5925516e-03	
   1.0033007e-02	
   1.4119944e-02	
   1.9031846e-02	
   2.5003454e-02	
   2.9831972e-02	
   3.4374782e-02	
   3.5418234e-02	
   3.2612263e-02	
   2.6990597e-02	
   2.2490993e-02	
   1.6090667e-02	
   1.2276652e-02	
   1.3025687e-02	
   1.6217793e-02	
   2.1788956e-02	
   2.5398182e-02	
   2.9293196e-02	
   3.4462254e-02	
   3.5875924e-02	
   3.4609086e-02	
   2.8541200e-02	
   1.9237979e-02	
   1.1418144e-02	
   3.6645888e-03	
  -4.9581328e-04	
  -3.6328842e-04	
   2.1660309e-03	
   3.4598898e-03	
   7.3017870e-03	
   1.2439372e-02	
   1.3590386e-02	
   1.3437929e-02	
   1.8673545e-02	
   2.4251634e-02	
   2.2327365e-02	
   1.4577310e-02	
   7.6451105e-03	
  -7.6770118e-04	
  -1.0806228e-02	
  -1.9461004e-02	
  -2.5468195e-02	
  -3.0022099e-02	
  -3.1094634e-02	
  -3.0534620e-02	
  -3.0452076e-02	
  -3.0593163e-02	
  -3.0581383e-02	
  -3.0543725e-02	
  -3.0374306e-02	
  -2.7740760e-02	
  -2.1978452e-02	
  -1.9007090e-02	
  -1.9489968e-02	
  -1.8356828e-02	
  -1.2544605e-02	
  -3.1621144e-03	
   6.7338391e-03	
   1.7742828e-02	
   3.3205891e-02	
   4.8228034e-02	
   5.8613465e-02	
   6.4809289e-02	
   6.6927706e-02	
   6.2920004e-02	
   5.4856244e-02	
   4.3285833e-02	
   2.9921809e-02	
   1.4532995e-02	
  -2.1326904e-03	
  -2.2126387e-02	
  -4.2413701e-02	
  -5.7855988e-02	
  -7.2525769e-02	
  -8.3965480e-02	
  -9.2544877e-02	
  -9.6974004e-02	
  -9.6633930e-02	
  -9.3044735e-02	
  -8.6196564e-02	
  -7.8536549e-02	
  -6.4028385e-02	
  -4.6521141e-02	
  -2.6636533e-02	
  -5.6455555e-03	
   1.3662563e-02	
   3.2470160e-02	
   5.0544512e-02	
   6.5782506e-02	
   7.8182728e-02	
   8.9125256e-02	
   9.4213516e-02	
   9.1730934e-02	
   8.6628795e-02	
   7.4348201e-02	
   4.9524332e-02	
   1.7277351e-02	
  -1.5654533e-02	
  -4.3220020e-02	
  -6.4992984e-02	
  -8.0390960e-02	
  -8.6765639e-02	
  -8.8910554e-02	
  -8.6601060e-02	
  -7.9840095e-02	
  -6.4148631e-02	
  -4.1083060e-02	
  -1.9643503e-02	
  -1.6877631e-04	
   2.2047272e-02	
   3.9984668e-02	
   4.9311708e-02	
   5.5042459e-02	
   6.3296411e-02	
   6.8732105e-02	
   7.3176879e-02	
   7.6897967e-02	
   7.4355207e-02	
   6.7383894e-02	
   5.9559544e-02	
   4.9980321e-02	
   4.0147810e-02	
   3.0802273e-02	
   2.3350573e-02	
   1.5035651e-02	
   8.7345719e-03	
  -1.4816991e-04	
  -1.1548554e-02	
  -1.9081186e-02	
  -2.4826853e-02	
  -3.2020535e-02	
  -4.0695183e-02	
  -4.6806010e-02	
  -5.6254224e-02	
  -6.4830615e-02	
  -6.5205232e-02	
  -6.0128244e-02	
  -5.1856899e-02	
  -3.6160285e-02	
  -1.3972601e-02	
   8.4374883e-03	
   2.2165969e-02	
   3.1433206e-02	
   4.1563293e-02	
   4.6439238e-02	
   4.8683869e-02	
   5.1734199e-02	
   5.5157821e-02	
   5.8270230e-02	
   5.9076946e-02	
   5.3013701e-02	
   4.2207840e-02	
   3.0020308e-02	
   1.6742500e-02	
  -1.0384251e-03	
  -2.2437798e-02	
  -4.0586672e-02	
  -5.3757852e-02	
  -6.5673487e-02	
  -7.5040528e-02	
  -8.0700316e-02	
  -8.2402657e-02	
  -8.1939905e-02	
  -7.9625195e-02	
  -7.3826464e-02	
  -6.5824563e-02	
  -5.2558286e-02	
  -3.7660124e-02	
  -2.3305047e-02	
  -7.8903519e-03	
   3.2816511e-03	
   9.9021083e-03	
   1.7906545e-02	
   2.3233553e-02	
   2.6145825e-02	
   2.8946425e-02	
   3.1879184e-02	
   3.2391948e-02	
   3.1878278e-02	
   2.9306280e-02	
   2.2641848e-02	
   1.7936309e-02	
   1.5247791e-02	
   1.1325731e-02	
   5.6376658e-03	
   2.2639306e-03	
  -2.0757396e-03	
  -6.2861925e-03	
  -6.7907090e-03	
  -6.1559130e-03	
  -6.1810915e-03	
  -5.0651631e-03	
  -1.6320244e-03	
   4.3428069e-03	
   1.3193530e-02	
   1.9597840e-02	
   2.3276449e-02	
   2.8017695e-02	
   2.7252659e-02	
   2.2920175e-02	
   1.8974693e-02	
   1.2029885e-02	
   3.3797132e-03	
  -1.4742903e-03	
  -3.9088336e-03	
  -9.1191097e-03	
  -1.2325550e-02	
  -8.2616165e-03	
  -2.2921324e-03	
   6.1880111e-04	
   1.1407417e-03	
  -1.3164924e-03	
  -2.8643368e-03	
  -5.7298073e-03	
  -9.1265199e-03	
  -1.2393897e-02	
  -1.3286527e-02	
  -1.2070419e-02	
  -4.8824734e-03	
   7.4568273e-03	
   1.7480066e-02	
   2.6498740e-02	
   3.5804763e-02	
   4.2513394e-02	
   4.5518154e-02	
   4.5737563e-02	
   4.2104147e-02	
   3.6192463e-02	
   2.4678142e-02	
   8.6318136e-03	
  -3.8745278e-03	
  -1.4508175e-02	
  -2.5548992e-02	
  -3.2464458e-02	
  -3.1979606e-02	
  -2.5300190e-02	
  -1.8380280e-02	
  -1.0745323e-02	
   5.5575224e-04	
   1.1297270e-02	
   1.7683205e-02	
   2.1076834e-02	
   2.7174359e-02	
   3.0663242e-02	
   2.6038927e-02	
   1.7580457e-02	
   6.6494148e-03	
  -8.9040812e-03	
  -2.5559644e-02	
  -3.6047929e-02	
  -4.1400681e-02	
  -4.6363413e-02	
  -4.7273535e-02	
  -4.4393220e-02	
  -3.7407101e-02	
  -3.0486154e-02	
  -1.9865213e-02	
  -9.1098167e-03	
   1.9795938e-03	
   1.5475717e-02	
   2.3430265e-02	
   2.8602616e-02	
   2.9884283e-02	
   2.8006645e-02	
   2.1159592e-02	
   1.5487519e-02	
   8.9482480e-03	
  -9.6775215e-04	
  -1.1466704e-02	
  -2.3726449e-02	
  -3.6854048e-02	
  -4.8165735e-02	
  -5.3296117e-02	
  -5.3177749e-02	
  -5.2126010e-02	
  -4.7707381e-02	
  -3.6432447e-02	
  -2.2768414e-02	
  -9.9044730e-03	
   1.9321546e-03	
   8.2404845e-03	
   1.0727749e-02	
   1.1921452e-02	
   1.1896160e-02	
   1.1708416e-02	
   1.2185242e-02	
   1.6021510e-02	
   2.2683904e-02	
   2.9352955e-02	
   3.3375508e-02	
   3.3525324e-02	
   3.2946437e-02	
   3.3712290e-02	
   3.6927001e-02	
   3.6224928e-02	
   2.9436183e-02	
   2.2213528e-02	
   1.4237143e-02	
   4.6648348e-03	
  -2.5717549e-03	
  -8.4266151e-03	
  -1.4448618e-02	
  -1.9347807e-02	
  -2.0422486e-02	
  -1.6801116e-02	
  -7.8580815e-03	
  -1.4690160e-03	
   2.5397364e-03	
   1.0029082e-02	
   1.8221006e-02	
   2.2106520e-02	
   2.3808043e-02	
   2.3881083e-02	
   2.3648613e-02	
   2.3447327e-02	
   1.9062770e-02	
   1.2972490e-02	
   1.1478391e-02	
   8.2210431e-03	
   2.6641086e-03	
  -2.6305321e-03	
  -8.2849519e-03	
  -9.9796042e-03	
  -1.2181368e-02	
  -1.5557304e-02	
  -2.0631784e-02	
  -2.7319578e-02	
  -3.3836227e-02	
  -3.9526182e-02	
  -4.3471915e-02	
  -4.9580135e-02	
  -5.2723196e-02	
  -5.1975973e-02	
  -5.1050226e-02	
  -4.7506050e-02	
  -4.0874259e-02	
  -3.2394865e-02	
  -1.8586277e-02	
  -2.0792137e-03	
   1.1998037e-02	
   2.7203884e-02	
   3.9640173e-02	
   4.3817736e-02	
   4.7829903e-02	
   5.1827130e-02	
   5.0975551e-02	
   4.3839041e-02	
   3.6962714e-02	
   2.9098363e-02	
   2.3751157e-02	
   2.0738264e-02	
   1.5710764e-02	
   1.3209504e-02	
   1.3817084e-02	
   1.4162155e-02	
   1.3935113e-02	
   1.3866431e-02	
   1.2229654e-02	
   4.2600623e-03	
  -6.2208804e-03	
  -1.7856782e-02	
  -2.7718129e-02	
  -3.4780914e-02	
  -4.3917916e-02	
  -5.1059376e-02	
  -5.2012925e-02	
  -5.0542855e-02	
  -4.5112752e-02	
  -3.9798586e-02	
  -3.9559707e-02	
  -3.7325839e-02	
  -2.8213059e-02	
  -1.9820595e-02	
  -1.3402247e-02	
  -3.8285023e-03	
   4.9420992e-03	
   1.0749246e-02	
   1.4446609e-02	
   1.7499151e-02	
   2.0692108e-02	
   2.4187743e-02	
   2.5618475e-02	
   2.5240764e-02	
   2.5074130e-02	
   2.5413077e-02	
   2.5618652e-02	
   2.5561015e-02	
   2.5511268e-02	
   2.5228189e-02	
   2.1911995e-02	
   1.5331115e-02	
   8.5371880e-03	
   2.2328536e-03	
  -4.3453219e-03	
  -1.3274007e-02	
  -2.2516607e-02	
  -2.8988415e-02	
  -3.3493080e-02	
  -3.2907055e-02	
  -2.8825538e-02	
  -2.4017573e-02	
  -1.5821255e-02	
  -8.8993142e-03	
   6.0931711e-04	
   1.1724406e-02	
   1.9015994e-02	
   2.4193003e-02	
   2.5082859e-02	
   2.1065901e-02	
   1.7394603e-02	
   1.4284762e-02	
   8.2490814e-03	
   3.2753880e-03	
   3.2985664e-03	
   2.4662959e-03	
  -1.2277447e-03	
  -4.8500483e-03	
  -7.1673703e-03	
  -7.1840978e-03	
  -9.8994408e-03	
  -1.8716463e-02	
  -2.4423528e-02	
  -2.6832428e-02	
  -3.0366284e-02	
  -3.7253948e-02	
  -4.0449652e-02	
  -3.9618162e-02	
  -3.9204361e-02	
  -3.8731178e-02	
  -3.4410230e-02	
  -2.8910977e-02	
  -2.5934991e-02	
  -2.3108976e-02	
  -1.9650060e-02	
  -1.7417167e-02	
  -1.4731818e-02	
  -6.3264499e-03	
   2.0147096e-03	
   8.8807657e-03	
   1.8012318e-02	
   2.6696203e-02	
   3.2834081e-02	
   3.6514703e-02	
   3.6988438e-02	
   3.6617114e-02	
   3.5533242e-02	
   3.0657319e-02	
   2.5840381e-02	
   2.5255858e-02	
   2.5323616e-02	
   2.1382601e-02	
   1.3038169e-02	
   4.4782755e-03	
  -1.6369627e-03	
  -7.1575292e-03	
  -1.1771830e-02	
  -1.6583758e-02	
  -1.8209167e-02	
  -1.5429422e-02	
  -6.5489969e-03	
   3.2445607e-03	
   1.0760048e-02	
   2.0002513e-02	
   3.0210059e-02	
   3.7091469e-02	
   3.7399985e-02	
   3.6333859e-02	
   3.6422281e-02	
   3.4921403e-02	
   2.9415564e-02	
   2.4497695e-02	
   1.8701619e-02	
   1.4339536e-02	
   1.4307089e-02	
   1.2885195e-02	
   7.1158000e-03	
   3.3673439e-03	
   2.9102429e-03	
  -1.1183033e-03	
  -6.5050201e-03	
  -7.4241591e-03	
  -6.5831988e-03	
  -6.5879724e-03	
  -6.8276116e-03	
  -5.4971010e-03	
  -9.1530244e-05	
   4.3939109e-03	
   5.5728001e-03	
   1.1079037e-02	
   1.5771066e-02	
   1.5524485e-02	
   1.4750678e-02	
   1.4943474e-02	
   1.5038995e-02	
   1.3822823e-02	
   1.0501522e-02	
   9.0636874e-03	
   9.3857308e-03	
   9.5135019e-03	
   9.4150641e-03	
   9.5519692e-03	
   1.1249654e-02	
   1.4600741e-02	
   1.5566217e-02	
   1.5051313e-02	
   1.4977265e-02	
   1.6620738e-02	
   1.9831055e-02	
   1.8349049e-02	
   1.3807569e-02	
   7.2565505e-03	
   2.2815289e-03	
  -7.0633832e-04	
  -1.6524457e-03	
  -1.4326603e-03	
  -1.3144455e-03	
  -2.2698313e-04	
   3.1655532e-03	
   2.7517417e-03	
  -1.2795781e-03	
  -4.8933047e-03	
  -6.8220711e-03	
  -8.0158092e-03	
  -1.1303830e-02	
  -1.4771651e-02	
  -1.7407388e-02	
  -1.7747767e-02	
  -1.6548140e-02	
  -1.3209811e-02	
  -9.8621383e-03	
  -4.5653915e-03	
   1.8061545e-03	
   4.8526981e-03	
   4.5398262e-03	
   4.1601438e-03	
   4.3091840e-03	
   4.3573089e-03	
   4.2784340e-03	
   3.4307377e-03	
  -8.3069988e-04	
  -6.2680329e-03	
  -1.1202397e-02	
  -1.7311575e-02	
  -2.1907091e-02	
  -2.6799388e-02	
  -2.8915087e-02	
  -2.6594809e-02	
  -2.0921140e-02	
  -1.7094027e-02	
  -1.6509960e-02	
  -1.2791484e-02	
  -7.0317890e-03	
  -1.9028111e-03	
   4.4509842e-03	
   1.1616140e-02	
   2.0080396e-02	
   2.5852469e-02	
   2.8382566e-02	
   3.3032450e-02	
   3.7054761e-02	
   3.4548311e-02	
   3.0374152e-02	
   2.5927212e-02	
   1.9526075e-02	
   1.0691273e-02	
   1.1542965e-03	
  -6.1690957e-03	
  -1.5736519e-02	
  -2.6439578e-02	
  -3.2811096e-02	
  -4.2222868e-02	
  -4.9987482e-02	
  -5.0382652e-02	
  -4.8360701e-02	
  -4.3790951e-02	
  -3.5348950e-02	
  -2.7359380e-02	
  -2.1123562e-02	
  -1.5907284e-02	
  -1.2494909e-02	
  -9.7075134e-03	
  -6.6855859e-03	
  -5.6791188e-03	
  -5.8671168e-03	
  -6.0445666e-03	
  -7.1366911e-03	
  -9.1002408e-03	
  -7.1963677e-03	
  -5.6229450e-03	
  -5.8443030e-03	
  -6.0027202e-03	
  -5.9160020e-03	
  -7.5659792e-03	
  -1.1134022e-02	
  -1.4356854e-02	
  -1.6786570e-02	
  -1.7025268e-02	
  -1.6629158e-02	
  -1.6526172e-02	
  -1.6757811e-02	
  -1.9362780e-02	
  -2.2402682e-02	
  -2.2606532e-02	
  -2.1854405e-02	
  -2.1659801e-02	
  -1.9518676e-02	
  -1.6463870e-02	
  -1.5401917e-02	
  -1.2639021e-02	
  -1.0596174e-02	
  -8.9922226e-03	
  -5.9862071e-03	
  -4.6514710e-03	
  -2.8210760e-03	
  -2.7533860e-03	
  -2.7887791e-03	
  -4.6549429e-03	
  -6.0176598e-03	
  -8.5997509e-03	
  -1.1155994e-02	
  -1.0038423e-02	
  -2.8572361e-03	
   5.5513565e-03	
   9.6638946e-03	
   1.4144135e-02	
   1.8721295e-02	
   2.5226995e-02	
   2.8278718e-02	
   2.9884880e-02	
   3.5276838e-02	
   3.8982698e-02	
   3.8656436e-02	
   3.9339635e-02	
   4.2915659e-02	
   4.4231249e-02	
   4.3218738e-02	
   4.0109909e-02	
   3.7934650e-02	
   3.6594572e-02	
   3.3405763e-02	
   2.9335253e-02	
   2.0642730e-02	
   9.7837695e-03	
  -3.9948203e-03	
  -1.7015822e-02	
  -2.4190395e-02	
  -2.9613337e-02	
  -3.5556270e-02	
  -3.8323875e-02	
  -3.7845410e-02	
  -3.5775701e-02	
  -3.0171649e-02	
  -2.3012509e-02	
  -1.7136174e-02	
  -1.3165626e-02	
  -7.0110349e-03	
  -7.2249762e-03	
  -1.4645716e-02	
  -1.7229520e-02	
  -1.8740491e-02	
  -2.0963313e-02	
  -2.1220581e-02	
  -2.0890785e-02	
  -2.1020678e-02	
  -2.0508656e-02	
  -1.8143410e-02	
  -1.9073695e-02	
  -2.1084304e-02	
  -1.9104809e-02	
  -1.5413296e-02	
  -1.4840159e-02	
  -1.5454532e-02	
  -1.4360092e-02	
  -1.0657075e-02	
  -7.1964318e-03	
  -3.8351036e-03	
   2.8745227e-03	
   1.1653107e-02	
   1.9576078e-02	
   2.7360640e-02	
   3.1814276e-02	
   3.6519499e-02	
   3.9091828e-02	
   3.5834443e-02	
   3.1949020e-02	
   2.7121429e-02	
   2.0928335e-02	
   1.6982811e-02	
   1.4207595e-02	
   1.2180433e-02	
   1.2136582e-02	
   1.3133502e-02	
   1.5442879e-02	
   1.8474274e-02	
   1.9008013e-02	
   1.8745529e-02	
   1.8839127e-02	
   1.8563920e-02	
   1.3746726e-02	
   7.2995969e-03	
   2.8844876e-03	
  -2.6413014e-03	
  -7.8799539e-03	
  -1.0506943e-02	
  -1.0359698e-02	
  -7.8829131e-03	
  -7.2452596e-03	
  -7.6584589e-03	
  -7.7518667e-03	
  -9.6105275e-03	
  -1.3003876e-02	
  -1.6885883e-02	
  -2.1631663e-02	
  -2.3468167e-02	
  -2.2857146e-02	
  -2.2290436e-02	
  -1.9382542e-02	
  -1.3518453e-02	
  -1.0693635e-02	
  -8.4696018e-03	
  -1.7660994e-03	
   5.2189040e-03	
   1.0720062e-02	
   1.4852141e-02	
   1.9631006e-02	
   2.1348034e-02	
   2.0714054e-02	
   2.0447970e-02	
   2.0226377e-02	
   1.7352566e-02	
   1.5087005e-02	
   1.6582622e-02	
   1.8212992e-02	
   1.6256349e-02	
   1.7219208e-02	
   1.7147470e-02	
   1.3919952e-02	
   1.0406072e-02	
   9.7299979e-03	
   1.0193568e-02	
   1.0136545e-02	
   9.9327699e-03	
   9.8159382e-03	
   8.1288618e-03	
   5.1155179e-03	
   4.3867086e-03	
   4.8195061e-03	
   4.8033090e-03	
   3.4889977e-03	
   5.8694152e-04	
  -6.1537052e-04	
  -2.5066682e-03	
  -4.7821792e-03	
  -4.9337410e-03	
  -4.4262499e-03	
  -2.4240186e-03	
   2.9300688e-03	
   8.5054635e-03	
   1.2021346e-02	
   1.7326113e-02	
   1.9973067e-02	
   1.9160682e-02	
   1.8511289e-02	
   1.8560049e-02	
   1.7029833e-02	
   1.1060405e-02	
   6.3764423e-03	
   2.4147454e-03	
  -4.5629318e-04	
  -6.8012573e-04	
   5.1428247e-04	
   4.2622789e-03	
   8.2701824e-03	
   8.8783015e-03	
   8.1261766e-03	
   7.9290314e-03	
   7.1602475e-03	
   3.4628092e-03	
  -7.1880515e-04	
  -3.1254726e-03	
  -5.3172534e-03	
  -7.9980033e-03	
  -9.6496556e-03	
  -1.0411695e-02	
  -1.3867757e-02	
  -1.7250290e-02	
  -1.7178779e-02	
  -1.6325792e-02	
  -1.4717736e-02	
  -9.6357238e-03	
  -6.8995780e-03	
  -5.6486075e-03	
  -1.7349293e-03	
   1.4165724e-03	
   4.2392772e-03	
   6.7453001e-03	
   6.5117738e-03	
   7.3896544e-03	
   8.0058797e-03	
   7.2437479e-03	
   4.8004581e-03	
   3.3125668e-03	
   2.1929443e-03	
   8.9659833e-05	
  -5.6751142e-04	
  -3.0318614e-04	
  -3.0777985e-04	
  -4.5068994e-04	
  -4.1336591e-04	
  -2.8359162e-04	
  -3.1495064e-04	
  -4.1735474e-04	
  -1.1179049e-03	
  -4.1457478e-03	
  -7.3944412e-03	
  -1.0493776e-02	
  -1.4091974e-02	
  -1.7824311e-02	
  -1.9940622e-02	
  -1.9396876e-02	
  -1.8599062e-02	
  -1.7957099e-02	
  -1.4196799e-02	
  -8.5026214e-03	
  -4.3378234e-03	
  -9.4958285e-04	
   1.6944954e-03	
   3.4904806e-03	
   6.3352147e-03	
   7.9326337e-03	
   7.5214853e-03	
   6.9778032e-03	
   5.8126028e-03	
   2.7303489e-03	
   2.9662819e-04	
  -1.6364270e-03	
  -4.2278980e-03	
  -5.1692077e-03	
  -5.6717418e-03	
  -8.1039595e-03	
  -9.8811730e-03	
  -9.8410615e-03	
  -1.1299321e-02	
  -1.3571018e-02	
  -1.3700906e-02	
  -1.2845044e-02	
  -1.2385063e-02	
  -1.2057051e-02	
  -1.2007105e-02	
  -1.2330067e-02	
  -1.1054358e-02	
  -9.8938915e-03	
  -9.3861485e-03	
  -7.4689956e-03	
  -4.7678783e-03	
  -3.1834387e-03	
  -1.1439009e-03	
   1.6458482e-03	
   4.4065588e-03	
   7.5141635e-03	
   8.8625508e-03	
   8.3506065e-03	
   7.8823053e-03	
   6.8963956e-03	
   5.4071120e-03	
   3.7805321e-03	
   1.6273611e-03	
  -5.3159583e-05	
  -8.5405538e-04	
  -1.6123188e-03	
  -1.7243976e-03	
  -1.4164938e-03	
  -1.2281626e-03	
  -1.1745646e-03	
  -1.5870023e-03	
  -2.3210392e-03	
  -2.3098412e-03	
  -2.1132203e-03	
  -2.4822720e-03	
  -1.9951369e-03	
  -1.3066640e-03	
  -6.2807515e-04	
   7.1854128e-04	
   1.8099465e-03	
   3.1326441e-03	
   4.3550304e-03	
   5.4834829e-03	
   6.0362216e-03	
   6.1809236e-03	
   5.8977298e-03	
   5.3634490e-03	
   4.4971622e-03	
   3.6545996e-03	
   2.5898835e-03	
   1.7414930e-03	
   7.7217665e-04	
   3.8306681e-05	
  -1.4306899e-04	
  -4.9851611e-04	
  -8.9608185e-04	
  -1.1897723e-03	
  -1.1362607e-03	
  -7.8352655e-04	
   6.8350946e-05	
   5.0395205e-04	
   4.1192875e-04	
   3.7235892e-04	
   6.1368407e-04	
   5.8921959e-04	
   3.6065830e-04	
   9.2956136e-05	
  -4.3225456e-04	
  -9.0299031e-04	
  -1.2086258e-03	
  -1.3492077e-03	
  -1.5188061e-03	
  -1.4514688e-03	
  -1.2022236e-03	
  -8.6008714e-04	
  -3.8337732e-04	
  -2.0957717e-05	
   4.1008517e-04	
   8.7312746e-04	
   1.1762610e-03	
   1.3877982e-03	
   1.4784973e-03	
   1.5347802e-03	
   1.5865077e-03	
   1.3400625e-03	
   1.0632960e-03	
   8.6033311e-04	
   6.5628116e-04	
   4.7957773e-04	
   4.3863550e-04	
   5.1608738e-04	
   4.9879214e-04	
   4.6064886e-04	
   4.7409097e-04	
   5.0052456e-04	
   5.5173843e-04	
   5.9620363e-04	
   6.2842764e-04	
   6.2679224e-04	
   6.0287120e-04	
   5.7904475e-04	
   5.5739625e-04	
   5.3550687e-04	
   5.1354079e-04	
   4.8229316e-04	
   4.5378880e-04	
   4.3878003e-04	
   4.2599938e-04	
   4.2101207e-04	
   4.1725551e-04	
   4.0580639e-04	
   3.9725081e-04	
   3.8903315e-04	
   3.6811351e-04	
   3.4280260e-04	
   3.2017795e-04	
   2.8984017e-04	
   2.5538782e-04	
   2.2383742e-04	
   1.9249911e-04	
   1.6075083e-04	
   1.3279773e-04	
   1.1033120e-04	
   9.1458176e-05	
   7.2801643e-05	
   5.6928694e-05	
   4.3830709e-05	
   3.2457408e-05	
   2.1522041e-05	
   1.1204881e-05	
   3.4154533e-07	
  -1.1209398e-05	
  -2.2941899e-05	
  -3.4674281e-05	
  -4.6665807e-05	
  -5.9020989e-05	
  -7.1586895e-05	
  -8.4259521e-05	
  -9.6931595e-05	
  -1.0956546e-04	
  -1.2213821e-04	
  -1.3465990e-04	
  -1.4714976e-04	
  -1.5961349e-04	
  -1.7205246e-04	
  -1.8446554e-04	
