   3.3797464e-04	
   3.3895634e-04	
   3.3092759e-04	
   3.1980116e-04	
   3.0760159e-04	
   2.8777430e-04	
   2.6138662e-04	
   2.3331030e-04	
   2.0954752e-04	
   2.0435667e-04	
   1.8127046e-04	
   1.2030766e-04	
   9.8947538e-05	
   1.2237723e-04	
   1.5023700e-04	
   1.7161960e-04	
   1.7518170e-04	
   1.9291394e-04	
   1.6790872e-04	
   1.1978870e-04	
   9.9624423e-05	
   2.5808526e-07	
  -7.1120756e-05	
  -1.0698476e-04	
  -1.0457579e-04	
  -1.4380845e-04	
  -3.1340284e-04	
  -4.0635431e-04	
  -3.4247754e-04	
  -2.9330037e-04	
  -4.1086374e-04	
  -4.7651518e-04	
  -5.7153985e-04	
  -8.2978833e-04	
  -8.3399727e-04	
  -4.2281420e-04	
   3.7141104e-05	
   2.3769518e-04	
  -1.5194144e-05	
  -3.3852948e-04	
  -2.6531912e-04	
   4.3321614e-04	
   7.1449653e-04	
  -1.0981519e-04	
  -9.8122257e-04	
  -8.2150970e-04	
  -3.4388523e-04	
  -5.0734479e-04	
  -9.3659071e-04	
  -1.1060892e-03	
  -8.0004795e-04	
  -8.0639766e-04	
  -1.4257215e-03	
  -1.8231163e-03	
  -1.7141704e-03	
  -1.5718430e-03	
  -1.9609954e-03	
  -3.0955651e-03	
  -3.4675405e-03	
  -1.6929756e-03	
  -8.7773360e-05	
   7.9830051e-05	
  -1.4528615e-04	
   6.2201153e-04	
   3.3551359e-03	
   5.2422767e-03	
   3.6366044e-03	
  -3.0563082e-04	
  -3.6964928e-03	
  -4.0301892e-03	
  -2.8326602e-03	
  -2.8284373e-03	
  -4.0417934e-03	
  -4.1286595e-03	
  -3.4800088e-03	
  -3.5014298e-03	
  -3.3457461e-03	
  -1.9603833e-03	
   6.1045789e-04	
   2.4662256e-03	
   1.3594810e-03	
  -5.9302464e-04	
  -1.7953778e-04	
   2.6818245e-03	
   6.0061748e-03	
   6.8125498e-03	
   3.9204322e-03	
   1.3811138e-03	
   9.9703751e-04	
   2.6443102e-03	
   2.7236121e-03	
   5.8461374e-04	
  -3.3375010e-03	
  -6.5247609e-03	
  -6.6180067e-03	
  -4.6871223e-03	
  -1.8543249e-03	
   1.8089106e-04	
   8.7790427e-04	
   1.0156284e-03	
  -4.5153585e-04	
  -1.2069540e-03	
  -9.8617070e-04	
  -6.8536725e-04	
   1.6085152e-03	
   4.2487958e-03	
   4.4349245e-03	
   4.3802676e-03	
   5.4689312e-03	
   2.7571328e-03	
  -1.0684223e-03	
  -2.4508801e-03	
  -3.5936181e-03	
  -6.6185302e-03	
  -1.0339645e-02	
  -1.3462145e-02	
  -1.3087196e-02	
  -9.1411197e-03	
  -7.0507248e-03	
  -7.6073415e-03	
  -7.9931400e-03	
  -7.8749337e-03	
  -7.0828224e-03	
  -5.9381792e-03	
  -5.2231759e-03	
  -2.3431371e-03	
   1.8862490e-03	
   5.0711026e-03	
   5.6842363e-03	
   5.3472244e-03	
   6.2266626e-03	
   8.7282771e-03	
   1.0335918e-02	
   1.1512114e-02	
   9.7210984e-03	
   6.3113230e-03	
   5.1800081e-03	
   5.5967839e-03	
   4.0970506e-03	
   1.0665318e-03	
  -6.7976929e-04	
   3.0473260e-03	
   8.7524035e-03	
   1.3514442e-02	
   1.3616643e-02	
   1.2306752e-02	
   1.1097247e-02	
   1.2182599e-02	
   1.4030655e-02	
   1.2261424e-02	
   7.4834046e-03	
   3.3081364e-03	
   3.0487715e-03	
   1.8634136e-03	
  -4.2313737e-04	
  -2.0402188e-03	
  -4.1281954e-03	
  -8.2570259e-03	
  -1.3015613e-02	
  -1.8471059e-02	
  -2.2375538e-02	
  -2.0008536e-02	
  -1.1451049e-02	
  -7.7791926e-03	
  -8.9148386e-03	
  -1.1565602e-02	
  -1.1846285e-02	
  -9.0428727e-03	
  -6.4695003e-03	
  -3.8707834e-03	
  -1.9630552e-03	
  -5.4009565e-04	
   1.7193921e-03	
   2.5329045e-03	
   6.9938867e-04	
  -8.9921595e-04	
  -2.9409727e-03	
  -3.0031984e-03	
  -1.3987334e-03	
   1.9925778e-04	
   2.5184158e-03	
   5.8187618e-03	
   2.9724389e-03	
  -4.2881735e-03	
  -9.6707342e-03	
  -9.4301266e-03	
  -7.8676850e-03	
  -4.4419848e-03	
   2.0137897e-04	
   1.1409895e-03	
   3.5739171e-03	
   7.8184551e-03	
   8.7408655e-03	
   5.8950986e-03	
   4.3419439e-03	
   6.8344705e-03	
   4.5779028e-03	
   1.1593414e-04	
  -3.1205695e-03	
  -1.8045052e-03	
   4.7867514e-03	
   1.0216881e-02	
   9.5802454e-03	
   1.9206653e-04	
  -1.1674451e-02	
  -1.8608034e-02	
  -1.7944638e-02	
  -1.2239762e-02	
  -4.2637505e-03	
   4.6559741e-03	
   1.3228461e-02	
   1.9422011e-02	
   1.9311350e-02	
   1.6098211e-02	
   1.2174146e-02	
   9.8227062e-03	
   1.2019912e-02	
   1.5483891e-02	
   1.5491922e-02	
   1.1100619e-02	
   3.1276574e-03	
  -6.1440333e-04	
  -8.9149607e-04	
  -3.4674864e-05	
   1.4737118e-03	
  -1.1243220e-03	
  -1.0110624e-02	
  -2.2188541e-02	
  -2.8893480e-02	
  -2.5633638e-02	
  -1.3611743e-02	
   6.7862841e-04	
   9.3739446e-03	
   8.4239317e-03	
   1.3470646e-03	
  -2.6910315e-03	
  -3.4442325e-03	
  -3.0681522e-03	
  -1.0004619e-03	
   8.9971327e-04	
   1.8302199e-03	
   4.7433881e-03	
   1.1190905e-02	
   1.7584417e-02	
   1.6876586e-02	
   1.2464957e-02	
   6.7601754e-03	
   6.3122199e-04	
  -2.2588306e-03	
  -2.0082161e-03	
  -2.3113384e-04	
   2.2203694e-03	
   2.6901325e-03	
   2.4187780e-03	
   5.5622782e-03	
   1.3103027e-02	
   1.8898922e-02	
   2.2540846e-02	
   2.7966047e-02	
   3.2289354e-02	
   3.2310197e-02	
   2.4787331e-02	
   1.7265519e-02	
   1.3307342e-02	
   1.2434221e-02	
   9.0322736e-03	
  -4.2072159e-04	
  -1.4412273e-02	
  -2.3225685e-02	
  -2.4444285e-02	
  -2.4169848e-02	
  -2.5584213e-02	
  -2.2918910e-02	
  -1.8675730e-02	
  -1.7478032e-02	
  -1.5957344e-02	
  -1.1580466e-02	
  -7.6195983e-03	
  -5.7800403e-03	
  -9.2235849e-03	
  -1.2321504e-02	
  -1.2487293e-02	
  -7.2438231e-03	
   1.8393993e-03	
   8.5588760e-03	
   1.2468817e-02	
   1.4014378e-02	
   1.3527928e-02	
   1.2584266e-02	
   9.0865500e-03	
   2.5394828e-03	
  -5.6005112e-03	
  -1.6592374e-02	
  -1.9455996e-02	
  -6.9865856e-03	
   4.1856198e-03	
   7.1625096e-03	
   1.2054687e-02	
   1.9044930e-02	
   2.0732882e-02	
   1.8682452e-02	
   1.2466702e-02	
   5.3748338e-03	
   3.5516578e-03	
   4.5445070e-03	
   4.7417304e-03	
   6.3827005e-03	
   1.1615017e-02	
   1.4349198e-02	
   9.3682419e-03	
  -1.4032979e-04	
  -1.1992614e-02	
  -2.3068506e-02	
  -2.6521236e-02	
  -2.1033263e-02	
  -1.7369964e-02	
  -2.0664451e-02	
  -2.6201440e-02	
  -2.4867227e-02	
  -1.2263050e-02	
   3.6204353e-03	
   8.0735741e-03	
   5.5609032e-03	
   8.2547295e-04	
  -4.5717569e-04	
   5.6321097e-03	
   1.4670027e-02	
   2.2486583e-02	
   2.1237777e-02	
   7.6453161e-03	
  -1.0862988e-02	
  -2.0531384e-02	
  -1.7301424e-02	
  -1.0647369e-02	
  -7.8975105e-03	
  -5.9609130e-03	
   2.1163426e-03	
   1.4000460e-02	
   2.2693763e-02	
   2.6639292e-02	
   2.5038576e-02	
   1.5597285e-02	
   1.1565131e-03	
  -9.4101533e-03	
  -1.4035339e-02	
  -1.3233644e-02	
  -1.1642535e-02	
  -8.7553037e-03	
  -1.1457845e-03	
   1.0652436e-02	
   1.9751261e-02	
   2.3652693e-02	
   2.2455438e-02	
   1.3441735e-02	
  -5.8585234e-03	
  -1.5698788e-02	
  -6.4087743e-03	
   7.9014228e-03	
   1.6941975e-02	
   1.4909556e-02	
  -2.1099601e-03	
  -2.2091599e-02	
  -3.6773641e-02	
  -4.1820600e-02	
  -3.3207148e-02	
  -1.8090596e-02	
  -1.8361393e-03	
   8.3657987e-03	
   6.0607026e-04	
  -1.0454023e-02	
  -1.0831983e-02	
  -5.7841306e-03	
  -8.3331986e-03	
  -1.8698834e-02	
  -3.0933423e-02	
  -4.1151637e-02	
  -4.5017335e-02	
  -3.4387057e-02	
  -1.4056631e-02	
   7.3408555e-03	
   2.4389868e-02	
   3.1749047e-02	
   2.6694183e-02	
   5.1898115e-03	
  -2.5101972e-02	
  -3.4983516e-02	
  -1.8749268e-02	
   1.8588895e-03	
   1.6915765e-02	
   2.3082769e-02	
   1.6993703e-02	
   4.8035976e-03	
  -6.0827210e-03	
  -1.0079654e-02	
  -4.3836320e-03	
   8.6330211e-03	
   1.6905270e-02	
   1.5555872e-02	
   1.9352532e-02	
   3.4114869e-02	
   5.2489251e-02	
   6.3038334e-02	
   5.9764435e-02	
   4.9631150e-02	
   3.7328272e-02	
   2.0612872e-02	
   8.7633516e-03	
   1.6014326e-02	
   2.7172463e-02	
   2.5248712e-02	
   1.5145776e-02	
   4.4656400e-03	
  -6.2633041e-03	
  -9.9933428e-03	
  -4.1249497e-03	
  -4.3931876e-03	
  -1.6286382e-02	
  -2.7097920e-02	
  -3.1085849e-02	
  -2.6672109e-02	
  -1.0787231e-02	
   7.4521656e-03	
   1.4940955e-02	
   1.0859613e-02	
  -1.5650720e-03	
  -1.5095335e-02	
  -2.6691499e-02	
  -3.0158074e-02	
  -2.2533848e-02	
  -1.2155007e-02	
  -4.7079332e-03	
  -8.9087939e-03	
  -2.0074777e-02	
  -2.5729906e-02	
  -2.2253922e-02	
  -1.2665213e-02	
  -2.9141926e-03	
   4.1006767e-03	
   1.0742824e-02	
   1.7375160e-02	
   2.0555870e-02	
   2.2319070e-02	
   2.3649615e-02	
   2.5125491e-02	
   2.5143373e-02	
   1.8810077e-02	
   6.8168006e-03	
  -3.8841013e-04	
  -2.3527804e-03	
  -3.0147140e-03	
  -1.1885858e-02	
  -2.7036803e-02	
  -3.6086984e-02	
  -3.3029290e-02	
  -1.8460659e-02	
   2.0103806e-03	
   1.7443142e-02	
   1.8154380e-02	
   7.7730536e-03	
  -8.7292927e-03	
  -2.4102408e-02	
  -3.5055759e-02	
  -3.5364379e-02	
  -2.5023939e-02	
  -1.5434584e-02	
  -7.1957902e-03	
   4.7769899e-04	
   4.5655063e-03	
   3.6299350e-03	
  -5.1917554e-03	
  -1.5207979e-02	
  -1.0015201e-02	
   5.1338493e-03	
   1.7683031e-02	
   2.4258456e-02	
   2.4177293e-02	
   2.0783320e-02	
   1.6406364e-02	
   6.3361857e-03	
  -1.3584291e-02	
  -3.2753102e-02	
  -3.5509773e-02	
  -1.7704170e-02	
   4.4687496e-03	
   1.3964910e-02	
   1.0129938e-02	
  -9.9996457e-04	
  -1.1477284e-02	
  -1.4187220e-02	
  -5.2208795e-03	
   8.8557005e-03	
   2.2218429e-02	
   1.9162571e-02	
  -1.0779580e-03	
  -1.7123175e-02	
  -1.0868185e-02	
   5.6830637e-03	
   1.4563997e-02	
   1.5308536e-02	
   1.8620078e-02	
   2.5842037e-02	
   3.3849971e-02	
   3.2560175e-02	
   2.0136927e-02	
   7.4688024e-03	
  -1.3090170e-03	
  -1.0567381e-02	
  -2.4420472e-02	
  -3.6007901e-02	
  -3.7883950e-02	
  -3.4954479e-02	
  -2.9062605e-02	
  -1.7241239e-02	
  -1.1446935e-03	
   1.2573646e-02	
   2.1636311e-02	
   3.1324868e-02	
   4.7931660e-02	
   6.5183707e-02	
   7.2150794e-02	
   6.4701738e-02	
   5.5601842e-02	
   5.2460214e-02	
   4.5543697e-02	
   3.4433185e-02	
   2.2341846e-02	
   1.1846997e-02	
  -2.0397574e-03	
  -1.7215189e-02	
  -1.9489689e-02	
  -1.1487600e-02	
   2.6080470e-03	
   1.3699370e-02	
   1.0012656e-02	
  -3.9371458e-04	
  -4.3878688e-03	
   1.9126338e-03	
   1.5755483e-02	
   2.3895747e-02	
   9.8324957e-03	
  -2.0669734e-02	
  -4.2854478e-02	
  -3.7698352e-02	
  -7.6914574e-03	
   1.2270903e-02	
   2.4672723e-03	
  -1.7322200e-02	
  -2.9710900e-02	
  -2.7615843e-02	
  -2.4319922e-02	
  -2.7473570e-02	
  -2.7046673e-02	
  -2.2393920e-02	
  -1.5059462e-02	
  -1.0048314e-02	
  -9.1087604e-03	
  -8.4001054e-03	
  -1.0961197e-02	
  -1.6656636e-02	
  -2.2623866e-02	
  -2.8200013e-02	
  -3.1345519e-02	
  -3.1220280e-02	
  -3.0861020e-02	
  -2.8758710e-02	
  -2.4049286e-02	
  -1.7935065e-02	
  -5.0452173e-03	
   2.1504672e-02	
   4.8220597e-02	
   5.4420861e-02	
   3.4356426e-02	
   7.7818066e-04	
  -3.7196804e-02	
  -6.4837534e-02	
  -6.9128733e-02	
  -4.8980614e-02	
  -2.1328036e-02	
  -7.8233410e-03	
  -1.6077041e-02	
  -3.4283282e-02	
  -4.5632553e-02	
  -4.1490097e-02	
  -3.1751357e-02	
  -3.2758313e-02	
  -4.1069587e-02	
  -4.4927922e-02	
  -4.0692807e-02	
  -3.7159077e-02	
  -3.8603448e-02	
  -4.2077150e-02	
  -4.3495207e-02	
  -4.4456423e-02	
  -4.4698803e-02	
  -3.5598628e-02	
  -4.9860827e-03	
   3.1440524e-02	
   4.8773134e-02	
   4.8157986e-02	
   4.9218737e-02	
   5.7805847e-02	
   6.7937003e-02	
   6.6530603e-02	
   5.4267860e-02	
   3.9349610e-02	
   2.1230598e-02	
   2.0667714e-03	
  -7.4076855e-03	
  -1.5023780e-03	
   9.1134510e-03	
   1.5746011e-02	
   2.1045995e-02	
   2.8922932e-02	
   3.8359428e-02	
   4.3810563e-02	
   4.4515229e-02	
   5.1141622e-02	
   7.5818610e-02	
   1.2657584e-01	
   1.7721089e-01	
   1.8961540e-01	
   1.6629847e-01	
   1.1333161e-01	
   1.8969344e-02	
  -7.6118331e-02	
  -1.4946211e-01	
  -2.0110521e-01	
  -2.1011290e-01	
  -1.7301706e-01	
  -1.2180023e-01	
  -9.8985300e-02	
  -1.1985006e-01	
  -1.5645010e-01	
  -1.7521786e-01	
  -1.7064704e-01	
  -1.4418785e-01	
  -8.7840578e-02	
   5.3312786e-03	
   9.6116624e-02	
   1.6408574e-01	
   2.0015003e-01	
   2.0915420e-01	
   2.0616138e-01	
   1.9340648e-01	
   1.6207811e-01	
   1.0851111e-01	
   2.7713357e-02	
  -6.4500295e-02	
  -1.4473613e-01	
  -1.8587956e-01	
  -1.7738065e-01	
  -1.2553233e-01	
  -5.4253725e-02	
   1.6717966e-02	
   7.7106001e-02	
   1.1787224e-01	
   1.3118763e-01	
   1.1916061e-01	
   7.2998131e-02	
  -1.9261889e-02	
  -1.1838146e-01	
  -1.7960381e-01	
  -1.7415421e-01	
  -6.8691471e-02	
   9.7744221e-02	
   2.4601558e-01	
   3.2549394e-01	
   3.3302735e-01	
   2.9037662e-01	
   1.9817654e-01	
   6.2274513e-02	
  -7.0491788e-02	
  -1.5181758e-01	
  -1.7313443e-01	
  -1.6524511e-01	
  -1.5079885e-01	
  -1.2629895e-01	
  -8.1119222e-02	
  -2.3207376e-02	
   3.2514536e-02	
   7.3925040e-02	
   8.5733909e-02	
   7.6476021e-02	
   4.7653647e-02	
  -1.9551357e-03	
  -4.6056762e-02	
  -7.2555704e-02	
  -9.1837710e-02	
  -1.1312838e-01	
  -1.3036204e-01	
  -1.3284692e-01	
  -1.2150058e-01	
  -1.0261657e-01	
  -8.0478667e-02	
  -5.4093604e-02	
  -1.0249271e-02	
   5.3924444e-02	
   1.1108660e-01	
   1.3667671e-01	
   1.3471051e-01	
   1.1331440e-01	
   6.7581791e-02	
   1.1373662e-03	
  -7.5706057e-02	
  -1.4857321e-01	
  -1.9303012e-01	
  -2.1058852e-01	
  -2.1118800e-01	
  -2.0280359e-01	
  -1.8062460e-01	
  -1.3258262e-01	
  -5.2957644e-02	
   3.6369185e-02	
   1.0797481e-01	
   1.3574425e-01	
   1.2892304e-01	
   1.1389231e-01	
   9.8844234e-02	
   8.7430503e-02	
   8.0422653e-02	
   7.8633958e-02	
   8.1483019e-02	
   9.1495829e-02	
   1.0269566e-01	
   1.0373617e-01	
   9.1912675e-02	
   6.7801277e-02	
   3.8023061e-02	
   9.4135351e-03	
  -1.7921970e-02	
  -5.6702030e-02	
  -1.1482432e-01	
  -1.6769129e-01	
  -1.9267086e-01	
  -1.8754894e-01	
  -1.4353079e-01	
  -3.9308603e-02	
   1.0021266e-01	
   2.1822973e-01	
   2.8326424e-01	
   2.9392302e-01	
   2.7370266e-01	
   2.2442546e-01	
   1.4485109e-01	
   4.4283214e-02	
  -6.7098775e-02	
  -1.4940278e-01	
  -2.0414664e-01	
  -2.6043982e-01	
  -2.9881663e-01	
  -2.9754386e-01	
  -2.6079730e-01	
  -2.0656385e-01	
  -1.4946962e-01	
  -9.0455041e-02	
  -1.6270795e-02	
   6.8947149e-02	
   1.3741959e-01	
   1.7785476e-01	
   1.9116831e-01	
   1.7499041e-01	
   1.2100385e-01	
   3.8786673e-02	
  -3.4334931e-02	
  -1.0865127e-01	
  -1.8474203e-01	
  -2.4231381e-01	
  -2.7800105e-01	
  -2.8548395e-01	
  -2.5118074e-01	
  -1.6766414e-01	
  -3.1024952e-02	
   1.4555998e-01	
   3.2533578e-01	
   4.7632811e-01	
   5.8404487e-01	
   6.3100771e-01	
   6.2276398e-01	
   5.5694641e-01	
   4.0665794e-01	
   2.1332108e-01	
   1.3963769e-02	
  -1.5840084e-01	
  -2.6386522e-01	
  -3.3014465e-01	
  -3.8803600e-01	
  -4.3661366e-01	
  -4.6152318e-01	
  -4.3889053e-01	
  -3.4258950e-01	
  -2.0016888e-01	
  -1.0633412e-01	
  -9.8960555e-02	
  -1.3239769e-01	
  -1.6093507e-01	
  -1.5693071e-01	
  -9.9757078e-02	
   9.2804928e-03	
   1.1632037e-01	
   2.0105241e-01	
   2.6062064e-01	
   2.8711972e-01	
   2.7822036e-01	
   2.3249989e-01	
   1.5627449e-01	
   7.8967253e-02	
   1.7069730e-02	
  -2.7663653e-02	
  -6.2962776e-02	
  -8.8031446e-02	
  -1.0177699e-01	
  -1.0405627e-01	
  -9.9420398e-02	
  -9.2836583e-02	
  -8.1722049e-02	
  -5.6462721e-02	
  -5.0698672e-04	
   7.9934297e-02	
   1.3364990e-01	
   1.4139669e-01	
   1.1484526e-01	
   7.7547067e-02	
   4.5553155e-02	
   3.2084893e-02	
   3.2301765e-02	
   4.0185221e-02	
   5.0843611e-02	
   4.1629034e-02	
   3.4263166e-03	
  -5.4673886e-02	
  -1.0550228e-01	
  -1.3080642e-01	
  -1.2971810e-01	
  -1.0071030e-01	
  -4.2212213e-02	
   2.3706959e-02	
   6.4885208e-02	
   8.2097469e-02	
   8.6986784e-02	
   8.9822339e-02	
   9.6905050e-02	
   9.6384935e-02	
   7.5863247e-02	
   3.8946132e-02	
  -2.9536840e-03	
  -3.6567836e-02	
  -5.8404382e-02	
  -7.0946779e-02	
  -7.4964432e-02	
  -7.4769202e-02	
  -7.7634422e-02	
  -8.7674000e-02	
  -9.6950839e-02	
  -8.8295290e-02	
  -2.6271499e-02	
   8.6688703e-02	
   1.8074637e-01	
   2.2869792e-01	
   2.3911512e-01	
   2.2137569e-01	
   1.6977608e-01	
   1.1404702e-01	
   9.5180920e-02	
   1.1166081e-01	
   1.5013265e-01	
   1.7838556e-01	
   1.6087979e-01	
   9.2951369e-02	
  -4.8815642e-03	
  -1.2372465e-01	
  -2.1790523e-01	
  -2.6213285e-01	
  -2.7255528e-01	
  -2.5295457e-01	
  -2.0783208e-01	
  -1.5489332e-01	
  -1.1473801e-01	
  -9.3372681e-02	
  -8.4166445e-02	
  -7.8086307e-02	
  -5.5704065e-02	
   1.5229878e-03	
   8.5443820e-02	
   1.4716527e-01	
   1.5487884e-01	
   7.4711686e-02	
  -5.9565889e-02	
  -1.8764945e-01	
  -2.7169193e-01	
  -3.0813824e-01	
  -3.1546138e-01	
  -2.9351692e-01	
  -2.3158467e-01	
  -1.3798818e-01	
  -3.7743198e-02	
   5.7973332e-02	
   1.4026502e-01	
   2.0115987e-01	
   2.4373249e-01	
   2.6227203e-01	
   2.4983863e-01	
   2.1097633e-01	
   1.3087968e-01	
   8.2680334e-03	
  -9.6280340e-02	
  -1.7914051e-01	
  -2.3657747e-01	
  -2.4779824e-01	
  -2.2326469e-01	
  -1.6048339e-01	
  -4.1735654e-02	
   1.0878358e-01	
   2.3912890e-01	
   3.1505504e-01	
   3.4201721e-01	
   3.4252849e-01	
   3.2439009e-01	
   2.7440376e-01	
   1.8614630e-01	
   8.1244757e-02	
  -2.6245554e-02	
  -1.3467990e-01	
  -2.2468477e-01	
  -2.8012684e-01	
  -2.9689440e-01	
  -2.6315179e-01	
  -1.7217528e-01	
  -6.8488807e-02	
   3.6702027e-03	
   4.3132003e-02	
   5.9455431e-02	
   5.6509068e-02	
   4.4407667e-02	
   3.5141054e-02	
   3.5458644e-02	
   4.5736136e-02	
   5.8949590e-02	
   7.1618465e-02	
   9.2081626e-02	
   1.3379013e-01	
   1.9738979e-01	
   2.4811918e-01	
   2.6589420e-01	
   2.5452563e-01	
   2.1760656e-01	
   1.4702616e-01	
   6.2242894e-02	
  -8.9634193e-03	
  -4.2860934e-02	
  -4.9113549e-02	
  -4.4169789e-02	
  -3.6813288e-02	
  -2.9727481e-02	
  -2.1997505e-02	
  -1.4790617e-02	
  -1.1963287e-02	
  -1.2786027e-02	
  -1.5796934e-02	
  -2.6102342e-02	
  -4.4839311e-02	
  -7.6104580e-02	
  -1.1474185e-01	
  -1.4956140e-01	
  -1.6276289e-01	
  -1.3433261e-01	
  -5.9449777e-02	
   2.3795682e-02	
   7.3235661e-02	
   8.2857067e-02	
   7.1074059e-02	
   5.0997346e-02	
   2.5907865e-02	
   5.0699090e-04	
  -1.8043604e-02	
  -2.9550804e-02	
  -3.6030620e-02	
  -3.1310347e-02	
  -1.7120471e-02	
  -3.7544757e-03	
   5.7573867e-03	
   2.4815101e-03	
  -1.1482027e-02	
  -2.2913661e-02	
  -2.1068791e-02	
   4.3506200e-03	
   6.0754793e-02	
   1.2909374e-01	
   1.9689331e-01	
   2.5755753e-01	
   3.0376423e-01	
   3.2621166e-01	
   3.3108039e-01	
   3.2239678e-01	
   2.8168806e-01	
   1.9271298e-01	
   6.2856052e-02	
  -7.9574478e-02	
  -1.9170291e-01	
  -2.6858429e-01	
  -3.1367157e-01	
  -3.2524867e-01	
  -3.0279212e-01	
  -2.4369571e-01	
  -1.4863564e-01	
  -5.5873993e-02	
   1.0051608e-03	
   2.1695606e-02	
   1.1461261e-02	
  -3.2500293e-02	
  -9.9505275e-02	
  -1.6323522e-01	
  -2.1502051e-01	
  -2.6036548e-01	
  -3.0061045e-01	
  -3.2251680e-01	
  -3.1066357e-01	
  -2.5970971e-01	
  -1.7754401e-01	
  -7.8247126e-02	
  -7.3257229e-03	
   2.7079266e-02	
   4.7430287e-02	
   6.6943714e-02	
   8.8460995e-02	
   1.1714600e-01	
   1.5361992e-01	
   1.7666028e-01	
   1.8474825e-01	
   1.8950812e-01	
   1.9648246e-01	
   2.0460083e-01	
   2.0880384e-01	
   2.0433343e-01	
   1.8889266e-01	
   1.6678707e-01	
   1.4591100e-01	
   1.1492050e-01	
   6.6058860e-02	
  -1.5766295e-02	
  -1.1173989e-01	
  -2.0429706e-01	
  -2.8667670e-01	
  -3.3713421e-01	
  -3.5858529e-01	
  -3.6622524e-01	
  -3.4883433e-01	
  -2.5069002e-01	
  -8.3071667e-02	
   7.4440513e-02	
   1.6124732e-01	
   1.9306607e-01	
   1.5432372e-01	
   8.5588132e-02	
   3.6367650e-02	
   5.3483273e-03	
  -1.3090767e-03	
   2.1212663e-02	
   5.4172548e-02	
   8.3463804e-02	
   1.1006015e-01	
   1.3311429e-01	
   1.4713770e-01	
   1.3834538e-01	
   9.9020165e-02	
   3.5703328e-02	
  -4.0732593e-02	
  -9.7317778e-02	
  -1.1665171e-01	
  -9.7029120e-02	
  -2.3313172e-02	
   1.0163665e-01	
   2.1216551e-01	
   2.5784200e-01	
   2.5513083e-01	
   2.1048874e-01	
   1.1067436e-01	
  -1.7496169e-02	
  -1.3056736e-01	
  -2.1537146e-01	
  -2.8308894e-01	
  -3.3625860e-01	
  -3.5426711e-01	
  -3.3844757e-01	
  -2.7528712e-01	
  -1.4869089e-01	
   4.9330382e-03	
   1.3747344e-01	
   2.0275773e-01	
   2.0537446e-01	
   1.8809125e-01	
   1.6039712e-01	
   1.1789321e-01	
   6.2559402e-02	
   1.1746321e-02	
  -1.6834598e-02	
  -2.7302169e-02	
  -2.9563588e-02	
  -2.6110616e-02	
  -1.7115246e-02	
  -9.7962939e-04	
   1.7799105e-02	
   3.4792634e-02	
   4.5445663e-02	
   4.2727791e-02	
   2.2009329e-02	
  -2.8750477e-02	
  -1.1146324e-01	
  -1.7917472e-01	
  -2.2139872e-01	
  -2.4071504e-01	
  -2.1932832e-01	
  -1.8401210e-01	
  -1.5647317e-01	
  -1.4255226e-01	
  -1.4934743e-01	
  -1.6957170e-01	
  -1.8965320e-01	
  -1.9246268e-01	
  -1.6743411e-01	
  -1.2504370e-01	
  -5.9055058e-02	
   3.0470632e-02	
   8.8117405e-02	
   1.1178892e-01	
   1.2433474e-01	
   1.2567560e-01	
   1.1332107e-01	
   9.4210665e-02	
   7.2698480e-02	
   5.8568098e-02	
   6.2308575e-02	
   8.9719559e-02	
   1.3716911e-01	
   2.0650564e-01	
   2.8601388e-01	
   3.4129963e-01	
   3.6613730e-01	
   3.7564929e-01	
   3.7135659e-01	
   3.5022639e-01	
   3.2281540e-01	
   2.8848298e-01	
   2.4717730e-01	
   2.0901781e-01	
   1.7266810e-01	
   1.3089573e-01	
   7.5482174e-02	
   2.1521399e-02	
  -5.6378542e-03	
  -2.4008621e-03	
   3.6907867e-02	
   1.1368609e-01	
   2.1026535e-01	
   2.8261144e-01	
   3.0021504e-01	
   2.6717793e-01	
   1.9250837e-01	
   1.1452868e-01	
   4.9191376e-02	
  -3.3577590e-02	
  -1.6825719e-01	
  -3.5379666e-01	
  -5.4810659e-01	
  -7.2321316e-01	
  -8.5135409e-01	
  -8.9765313e-01	
  -8.3880649e-01	
  -6.5268340e-01	
  -3.9020818e-01	
  -1.6659843e-01	
   3.1390009e-02	
   1.8721540e-01	
   2.1394506e-01	
   1.3475291e-01	
  -8.9720257e-03	
  -1.4958021e-01	
  -2.6790517e-01	
  -3.4001011e-01	
  -3.7377586e-01	
  -3.9048877e-01	
  -3.6187007e-01	
  -2.4284125e-01	
  -7.4110045e-02	
   7.4506405e-02	
   1.4404951e-01	
   1.4058722e-01	
   9.0024166e-02	
   1.8749240e-02	
  -3.8104274e-02	
  -5.8522554e-02	
  -4.5045325e-02	
  -9.3094005e-04	
   7.2955239e-02	
   1.7518533e-01	
   3.0380307e-01	
   4.4098279e-01	
   5.6267525e-01	
   6.5229496e-01	
   6.9806352e-01	
   6.9167647e-01	
   6.3412602e-01	
   5.3039101e-01	
   3.8025853e-01	
   1.8273612e-01	
  -3.7511532e-02	
  -2.3746937e-01	
  -3.8176063e-01	
  -4.6262184e-01	
  -4.6823411e-01	
  -4.0452660e-01	
  -3.1484375e-01	
  -2.6985158e-01	
  -2.8438841e-01	
  -3.3206132e-01	
  -3.8030530e-01	
  -3.8817595e-01	
  -3.4657358e-01	
  -2.3130551e-01	
  -7.4793038e-02	
   3.4643789e-02	
   8.2977751e-02	
   1.0317424e-01	
   1.1919537e-01	
   1.3894385e-01	
   1.7561240e-01	
   2.2397047e-01	
   2.6921619e-01	
   3.0770922e-01	
   3.3290614e-01	
   3.3844170e-01	
   2.9260219e-01	
   1.7926085e-01	
   3.6083459e-02	
  -6.1691404e-02	
  -9.2899821e-02	
  -6.6463385e-02	
   8.8299164e-03	
   7.4027263e-02	
   9.1680834e-02	
   6.9180874e-02	
   2.0594856e-02	
  -3.2702288e-02	
  -8.9488660e-02	
  -1.5052199e-01	
  -2.0287597e-01	
  -2.4881906e-01	
  -2.8156940e-01	
  -2.7916158e-01	
  -2.0760635e-01	
  -8.1605274e-02	
   4.5085774e-02	
   1.2056296e-01	
   1.3720394e-01	
   1.2078447e-01	
   8.4571983e-02	
   4.5896641e-02	
   1.8971951e-02	
   1.3248965e-02	
   4.9602288e-02	
   1.2308117e-01	
   1.9617053e-01	
   2.4277211e-01	
   2.5755090e-01	
   2.4338391e-01	
   1.8714989e-01	
   7.7853873e-02	
  -4.2058234e-02	
  -1.4977241e-01	
  -2.2775967e-01	
  -2.5449530e-01	
  -2.3293227e-01	
  -1.6452767e-01	
  -5.0596066e-02	
   6.3954424e-02	
   1.2723835e-01	
   1.3122072e-01	
   9.1318188e-02	
   1.3941814e-02	
  -6.0317635e-02	
  -1.0811765e-01	
  -1.1577025e-01	
  -7.5189118e-02	
   6.1896267e-04	
   9.0445200e-02	
   1.5787060e-01	
   1.9160341e-01	
   1.9108947e-01	
   1.5429988e-01	
   9.0899039e-02	
   3.3303520e-02	
  -2.8731299e-03	
  -1.1490295e-02	
  -8.4872019e-04	
   1.5363877e-02	
   2.4159954e-02	
   1.2964760e-02	
  -2.3198201e-02	
  -7.3701401e-02	
  -1.1430483e-01	
  -1.3017494e-01	
  -1.1887348e-01	
  -9.2768039e-02	
  -6.4312882e-02	
  -3.6776678e-02	
  -1.1628034e-02	
   3.9801740e-03	
  -1.4910407e-03	
  -4.3453676e-02	
  -1.3505920e-01	
  -2.3627181e-01	
  -3.2207353e-01	
  -3.7866465e-01	
  -3.9439548e-01	
  -3.6632645e-01	
  -2.9646601e-01	
  -1.9759508e-01	
  -9.6951677e-02	
  -5.0871985e-04	
   8.5075521e-02	
   1.4790316e-01	
   2.0380295e-01	
   2.4362242e-01	
   2.4555106e-01	
   2.1282554e-01	
   1.3060847e-01	
   2.7998745e-03	
  -1.0646528e-01	
  -1.5087458e-01	
  -1.4249649e-01	
  -9.6414880e-02	
  -1.7020611e-02	
   5.0333583e-02	
   8.7047091e-02	
   1.0275597e-01	
   1.1056323e-01	
   1.0646510e-01	
   9.1820155e-02	
   7.3046468e-02	
   5.3708099e-02	
   3.6660321e-02	
   3.7415417e-02	
   6.5834453e-02	
   1.2260716e-01	
   1.9156121e-01	
   2.4059638e-01	
   2.5915463e-01	
   2.5403536e-01	
   2.3058374e-01	
   1.9022535e-01	
   1.5316343e-01	
   1.3220877e-01	
   1.2213276e-01	
   1.2440227e-01	
   1.3914791e-01	
   1.6762159e-01	
   2.0872346e-01	
   2.4409098e-01	
   2.6263705e-01	
   2.6172801e-01	
   2.3715880e-01	
   1.8430812e-01	
   9.4248008e-02	
  -2.7114323e-02	
  -1.5443512e-01	
  -2.7047894e-01	
  -3.4753950e-01	
  -3.7037206e-01	
  -3.5072371e-01	
  -2.9455000e-01	
  -2.1495318e-01	
  -1.5322245e-01	
  -1.2567329e-01	
  -1.2226318e-01	
  -1.2815556e-01	
  -1.2995430e-01	
  -1.2444673e-01	
  -1.1662718e-01	
  -9.9847260e-02	
  -7.0973129e-02	
  -4.1374962e-02	
  -1.2531592e-02	
   1.4434560e-02	
   4.0065130e-02	
   6.3614882e-02	
   7.8316752e-02	
   8.1319408e-02	
   6.8470136e-02	
   3.3600345e-02	
  -2.4762213e-02	
  -8.6079314e-02	
  -1.1805759e-01	
  -1.2296589e-01	
  -1.1996753e-01	
  -1.1238767e-01	
  -1.0269744e-01	
  -9.2633290e-02	
  -8.1085508e-02	
  -6.4363976e-02	
  -4.3447184e-02	
  -9.4633060e-03	
   3.7675457e-02	
   6.7740342e-02	
   6.2509146e-02	
   3.1939785e-02	
  -7.2487858e-03	
  -3.9743980e-02	
  -5.7250937e-02	
  -5.8213828e-02	
  -4.9405033e-02	
  -4.6544699e-02	
  -5.6182927e-02	
  -7.6816820e-02	
  -9.9755612e-02	
  -1.1898663e-01	
  -1.3109557e-01	
  -1.3723860e-01	
  -1.3029444e-01	
  -1.0464371e-01	
  -7.1584646e-02	
  -4.7542595e-02	
  -4.1828662e-02	
  -4.5248618e-02	
  -5.0720589e-02	
  -5.2634575e-02	
  -4.7634382e-02	
  -3.1744059e-02	
  -6.8756699e-03	
   1.5091263e-02	
   3.2626181e-02	
   5.2065216e-02	
   7.6117947e-02	
   9.8573863e-02	
   1.1343666e-01	
   1.1695765e-01	
   1.1169291e-01	
   1.0798744e-01	
   1.0914071e-01	
   1.1717623e-01	
   1.3366344e-01	
   1.5331881e-01	
   1.6455385e-01	
   1.6419975e-01	
   1.5915105e-01	
   1.5320011e-01	
   1.4690150e-01	
   1.4197187e-01	
   1.3078988e-01	
   1.0660048e-01	
   6.5566211e-02	
   1.9493493e-02	
  -1.4353142e-02	
  -2.8615260e-02	
  -2.0187102e-02	
   7.1440091e-03	
   4.6341372e-02	
   8.7281166e-02	
   1.2026352e-01	
   1.4661926e-01	
   1.6636404e-01	
   1.8390524e-01	
   1.9528257e-01	
   1.9594214e-01	
   1.7639556e-01	
   1.2452561e-01	
   5.1695660e-02	
  -2.3790946e-02	
  -9.2307045e-02	
  -1.4529195e-01	
  -1.8604590e-01	
  -2.1396726e-01	
  -2.2668000e-01	
  -2.2088172e-01	
  -1.9848775e-01	
  -1.6265763e-01	
  -1.1833826e-01	
  -7.4754579e-02	
  -4.2368984e-02	
  -1.8324109e-02	
   3.8041733e-04	
   2.2421383e-02	
   4.7337488e-02	
   6.3624689e-02	
   6.7105825e-02	
   5.7534186e-02	
   4.3213529e-02	
   2.8304643e-02	
   1.8160002e-02	
   1.6027602e-02	
   1.9523678e-02	
   2.2197758e-02	
   2.2293349e-02	
   2.0223353e-02	
   1.1808726e-02	
  -5.2795184e-03	
  -2.9320303e-02	
  -5.3542359e-02	
  -7.0054142e-02	
  -7.6872276e-02	
  -7.4514746e-02	
  -6.0743031e-02	
  -4.3813460e-02	
  -3.8037056e-02	
  -4.3859877e-02	
  -5.8141446e-02	
  -7.9823873e-02	
  -9.6931120e-02	
  -1.0396954e-01	
  -1.0420351e-01	
  -9.9089546e-02	
  -8.7482190e-02	
  -7.3935406e-02	
  -5.8316085e-02	
  -3.9439966e-02	
  -2.2511359e-02	
  -1.5598607e-02	
  -2.4068237e-02	
  -5.4034693e-02	
  -9.8760299e-02	
  -1.2807972e-01	
  -1.3324862e-01	
  -1.1545873e-01	
  -8.0451166e-02	
  -4.2443495e-02	
  -1.3749225e-02	
   1.3453842e-02	
   4.3249790e-02	
   6.9265332e-02	
   8.3288920e-02	
   8.4902347e-02	
   7.6006825e-02	
   5.8125008e-02	
   2.9506456e-02	
   3.4305772e-04	
  -1.7485343e-02	
  -2.1494774e-02	
  -1.2872314e-02	
   1.0166621e-02	
   3.9093863e-02	
   5.8148740e-02	
   6.7696786e-02	
   6.8275359e-02	
   6.0787773e-02	
   4.7341850e-02	
   3.4305004e-02	
   2.1867237e-02	
   1.0910546e-02	
   5.3071941e-04	
  -9.1441350e-03	
  -1.6235176e-02	
  -1.7843075e-02	
  -1.1617376e-02	
   6.3835625e-03	
   3.8609347e-02	
   8.3206172e-02	
   1.2035872e-01	
   1.3756044e-01	
   1.3844582e-01	
   1.2726791e-01	
   1.1202314e-01	
   9.7910729e-02	
   8.7478735e-02	
   7.8267368e-02	
   5.9868018e-02	
   3.2868408e-02	
   1.1578968e-02	
  -4.2523765e-03	
  -2.0792568e-02	
  -3.8778472e-02	
  -5.9296217e-02	
  -7.8898325e-02	
  -9.3178952e-02	
  -9.4153534e-02	
  -8.1338917e-02	
  -6.1268381e-02	
  -4.2768100e-02	
  -3.7046106e-02	
  -4.0604335e-02	
  -4.5094953e-02	
  -4.1474497e-02	
  -2.6095547e-02	
  -4.3413820e-03	
   1.3628733e-02	
   2.2759197e-02	
   2.0029072e-02	
   7.2542198e-03	
  -1.3556992e-02	
  -3.8713698e-02	
  -6.4341361e-02	
  -8.5677511e-02	
  -9.7178596e-02	
  -9.4118844e-02	
  -7.2989267e-02	
  -3.1765457e-02	
   1.8965934e-02	
   6.6398786e-02	
   1.1138879e-01	
   1.4131984e-01	
   1.5099977e-01	
   1.4604851e-01	
   1.3110300e-01	
   1.0087936e-01	
   5.6578065e-02	
   5.8277032e-03	
  -4.6009787e-02	
  -9.0076726e-02	
  -1.2273367e-01	
  -1.4928726e-01	
  -1.6390090e-01	
  -1.6473522e-01	
  -1.5782052e-01	
  -1.4508447e-01	
  -1.2591037e-01	
  -1.0226370e-01	
  -8.0121501e-02	
  -6.2508238e-02	
  -4.5806808e-02	
  -3.1376182e-02	
  -2.2823919e-02	
  -2.1071664e-02	
  -2.4796024e-02	
  -3.1658369e-02	
  -3.6970477e-02	
  -4.1821368e-02	
  -4.6518175e-02	
  -4.9688631e-02	
  -5.1019019e-02	
  -5.0159676e-02	
  -4.6193570e-02	
  -3.9094491e-02	
  -2.7186894e-02	
  -1.3053207e-02	
   3.7524096e-04	
   1.1672110e-02	
   2.1896773e-02	
   3.4185122e-02	
   5.1987773e-02	
   7.2431739e-02	
   9.1328763e-02	
   1.0920932e-01	
   1.2227798e-01	
   1.2476087e-01	
   1.1768646e-01	
   1.0517303e-01	
   9.3737980e-02	
   8.6663889e-02	
   8.2529391e-02	
   8.1395420e-02	
   8.0880785e-02	
   7.9672512e-02	
   7.7142751e-02	
   7.4604718e-02	
   7.0552549e-02	
   6.7373996e-02	
   6.4320874e-02	
   6.6650694e-02	
   7.2366720e-02	
   7.4532754e-02	
   6.6486594e-02	
   4.8790479e-02	
   2.9077748e-02	
   8.5599719e-03	
  -6.8539272e-03	
  -1.3282605e-02	
  -1.5623090e-02	
  -1.4003485e-02	
  -1.3494347e-02	
  -2.1569100e-02	
  -4.3831922e-02	
  -7.3987895e-02	
  -1.0706831e-01	
  -1.4284249e-01	
  -1.7137216e-01	
  -1.8562071e-01	
  -1.9269421e-01	
  -1.9300607e-01	
  -1.8527084e-01	
  -1.7151710e-01	
  -1.4634778e-01	
  -1.0535675e-01	
  -6.3690197e-02	
  -3.7806193e-02	
  -2.2769500e-02	
  -4.7045270e-03	
   1.6921296e-02	
   4.1205243e-02	
   6.7276625e-02	
   9.2191212e-02	
   1.1401474e-01	
   1.2542488e-01	
   1.2342640e-01	
   1.1745110e-01	
   1.1059768e-01	
   1.0455318e-01	
   9.9093839e-02	
   9.0584521e-02	
   8.3218736e-02	
   7.4981533e-02	
   6.3516464e-02	
   5.8378486e-02	
   5.7257010e-02	
   5.4349386e-02	
   4.7600005e-02	
   3.0167954e-02	
   3.7052074e-03	
  -1.8644051e-02	
  -2.9539590e-02	
  -2.8878515e-02	
  -2.3210545e-02	
  -1.5132616e-02	
  -2.7683640e-03	
   1.0279411e-02	
   2.1576408e-02	
   2.9760005e-02	
   3.3925355e-02	
   3.3722704e-02	
   2.9197036e-02	
   2.0221381e-02	
   8.1926982e-03	
  -8.0010414e-03	
  -2.1924386e-02	
  -3.2330296e-02	
  -4.1550125e-02	
  -4.8182137e-02	
  -5.5995165e-02	
  -6.1116531e-02	
  -5.8863666e-02	
  -4.8714607e-02	
  -2.8218671e-02	
  -2.0944956e-03	
   2.8050634e-02	
   6.0430083e-02	
   8.7284481e-02	
   1.0549645e-01	
   1.1614043e-01	
   1.1799557e-01	
   1.1187739e-01	
   1.0445085e-01	
   9.3215806e-02	
   8.0072850e-02	
   7.1134297e-02	
   6.5250087e-02	
   6.0825744e-02	
   6.1047604e-02	
   6.4857183e-02	
   7.0807563e-02	
   7.9992685e-02	
   8.8817568e-02	
   9.4819950e-02	
   9.5117926e-02	
   8.6489564e-02	
   6.7761142e-02	
   3.5302153e-02	
  -6.9110516e-03	
  -4.4407493e-02	
  -6.5962117e-02	
  -7.4133568e-02	
  -7.4987641e-02	
  -6.9808585e-02	
  -5.7626671e-02	
  -4.3668590e-02	
  -3.7870828e-02	
  -4.4746791e-02	
  -5.8373286e-02	
  -7.7748964e-02	
  -9.7119685e-02	
  -1.0610835e-01	
  -1.0570065e-01	
  -9.8712556e-02	
  -8.3484255e-02	
  -6.0665902e-02	
  -3.6918372e-02	
  -1.8807467e-02	
  -5.8849497e-03	
   4.2720462e-03	
   9.7284343e-03	
   7.0106980e-03	
  -2.8704901e-03	
  -1.3992987e-02	
  -2.3927876e-02	
  -3.3061409e-02	
  -4.1695065e-02	
  -5.4825283e-02	
  -7.2979565e-02	
  -8.6293007e-02	
  -9.1443340e-02	
  -8.8564160e-02	
  -8.2412686e-02	
  -8.0468476e-02	
  -8.0823409e-02	
  -8.4051694e-02	
  -8.5682257e-02	
  -8.4686211e-02	
  -8.0788195e-02	
  -7.4044852e-02	
  -6.5795679e-02	
  -5.7459046e-02	
  -4.8405253e-02	
  -4.1174950e-02	
  -3.5695895e-02	
  -2.9075700e-02	
  -2.1240419e-02	
  -1.2054900e-02	
  -2.0213710e-03	
   7.1934728e-03	
   1.5350493e-02	
   2.3815243e-02	
   3.2215611e-02	
   4.5131668e-02	
   6.1309354e-02	
   7.5694331e-02	
   8.3009929e-02	
   8.6989262e-02	
   8.8198896e-02	
   8.6344869e-02	
   8.2759871e-02	
   7.7935120e-02	
   7.0272511e-02	
   5.6045631e-02	
   3.7932531e-02	
   2.3229991e-02	
   1.7282721e-02	
   1.5906321e-02	
   1.8891000e-02	
   2.4201485e-02	
   2.9314321e-02	
   3.4638889e-02	
   3.9576007e-02	
   4.4641497e-02	
   4.8233580e-02	
   4.5308995e-02	
   3.6534402e-02	
   2.4668660e-02	
   1.2894482e-02	
   2.8600194e-03	
  -9.8503191e-03	
  -2.6904288e-02	
  -4.4066206e-02	
  -5.5485102e-02	
  -5.7253345e-02	
  -4.6849620e-02	
  -2.6223539e-02	
  -4.1144901e-03	
   9.8980134e-03	
   1.3350360e-02	
   1.0468353e-02	
   5.6434207e-03	
   3.8061207e-03	
   6.3320082e-03	
   9.2387140e-03	
   1.3001489e-02	
   1.7658280e-02	
   2.3179606e-02	
   3.1177322e-02	
   4.6441919e-02	
   6.7945658e-02	
   9.4001859e-02	
   1.2656673e-01	
   1.5681205e-01	
   1.7898838e-01	
   1.9237913e-01	
   1.9937299e-01	
   1.9856903e-01	
   1.9159493e-01	
   1.8118562e-01	
   1.7258238e-01	
   1.6672093e-01	
   1.6475770e-01	
   1.6501683e-01	
   1.6127081e-01	
   1.5218543e-01	
   1.4056150e-01	
   1.2401589e-01	
   1.0003593e-01	
   7.0320080e-02	
   3.5231899e-02	
  -5.0806513e-03	
  -5.2546452e-02	
  -8.5773172e-02	
  -1.0021095e-01	
  -1.0228715e-01	
  -9.2564398e-02	
  -7.8350360e-02	
  -6.6346889e-02	
  -6.0342624e-02	
  -6.0929013e-02	
  -6.7273345e-02	
  -7.3364651e-02	
  -7.8677827e-02	
  -8.2762837e-02	
  -8.7426629e-02	
  -9.2117259e-02	
  -9.8410566e-02	
  -1.0801257e-01	
  -1.1683742e-01	
  -1.2469529e-01	
  -1.3016409e-01	
  -1.3060268e-01	
  -1.2928359e-01	
  -1.2337237e-01	
  -1.1342811e-01	
  -1.0361747e-01	
  -9.6382353e-02	
  -9.3972229e-02	
  -9.4014562e-02	
  -9.3623473e-02	
  -9.0787010e-02	
  -8.4379231e-02	
  -7.2866419e-02	
  -5.8163921e-02	
  -4.3479781e-02	
  -2.9230488e-02	
  -1.6865777e-02	
  -6.3401609e-03	
   1.0316143e-03	
   6.3692465e-03	
   1.2137222e-02	
   1.8049373e-02	
   2.7204805e-02	
   3.6858867e-02	
   4.5501468e-02	
   5.1585376e-02	
   5.0197857e-02	
   4.3053896e-02	
   2.8663813e-02	
   1.0316360e-02	
  -3.1935538e-03	
  -9.2066793e-03	
  -1.4165568e-02	
  -2.1359062e-02	
  -2.8029254e-02	
  -3.2890434e-02	
  -3.3886350e-02	
  -3.3103948e-02	
  -2.9914556e-02	
  -2.5062971e-02	
  -2.3209659e-02	
  -2.7358222e-02	
  -3.3911426e-02	
  -4.3315891e-02	
  -5.5964802e-02	
  -6.8348055e-02	
  -7.3870003e-02	
  -6.9508934e-02	
  -5.5903693e-02	
  -3.5276536e-02	
  -7.7818066e-03	
   2.2075220e-02	
   4.6343082e-02	
   5.7641713e-02	
   5.9251894e-02	
   5.5219687e-02	
   4.3667892e-02	
   2.8106715e-02	
   1.2739484e-02	
  -2.6239603e-03	
  -1.6709733e-02	
  -2.8274727e-02	
  -3.8192466e-02	
  -4.4950572e-02	
  -4.6811684e-02	
  -4.0013059e-02	
  -2.4403801e-02	
  -2.9774820e-03	
   2.1505370e-02	
   4.4005061e-02	
   6.1315252e-02	
   7.3669154e-02	
   8.1136951e-02	
   8.5427836e-02	
   8.2320480e-02	
   6.9177244e-02	
   4.9239537e-02	
   1.9318466e-02	
  -1.2889415e-02	
  -3.9603159e-02	
  -5.6517479e-02	
  -6.7768122e-02	
  -7.5439526e-02	
  -7.8093985e-02	
  -7.9719627e-02	
  -7.9996698e-02	
  -8.0405028e-02	
  -8.0988242e-02	
  -8.0985939e-02	
  -7.9712926e-02	
  -7.4097202e-02	
  -6.4117512e-02	
  -4.9593738e-02	
  -3.5706574e-02	
  -2.5561074e-02	
  -2.0524610e-02	
  -1.8169366e-02	
  -1.7311178e-02	
  -1.6942352e-02	
  -1.6756383e-02	
  -1.6777264e-02	
  -1.8379684e-02	
  -1.9501946e-02	
  -1.5808018e-02	
  -4.6092674e-03	
   1.4930360e-02	
   4.1415062e-02	
   6.8826709e-02	
   9.2746750e-02	
   1.0685452e-01	
   1.1162357e-01	
   1.0938239e-01	
   9.8350329e-02	
   7.9139205e-02	
   4.9993203e-02	
   1.8110441e-02	
  -8.1927296e-03	
  -2.5086329e-02	
  -3.4527240e-02	
  -3.9704125e-02	
  -3.7023840e-02	
  -2.8913861e-02	
  -2.3023820e-02	
  -2.1228002e-02	
  -2.2333260e-02	
  -2.6196694e-02	
  -3.4669569e-02	
  -4.8772680e-02	
  -6.9725593e-02	
  -8.7898582e-02	
  -1.0064371e-01	
  -1.0931270e-01	
  -1.1828409e-01	
  -1.2615903e-01	
  -1.2898827e-01	
  -1.2760285e-01	
  -1.2171099e-01	
  -1.1308549e-01	
  -1.0387943e-01	
  -9.4595438e-02	
  -8.0009332e-02	
  -6.0213668e-02	
  -4.0825601e-02	
  -2.6454996e-02	
  -1.3736340e-02	
  -6.7831570e-03	
  -3.6911776e-03	
   2.3023509e-04	
   9.6242509e-04	
  -2.1141984e-03	
  -4.9843238e-03	
  -9.1227588e-03	
  -1.7600492e-02	
  -2.8144801e-02	
  -3.6640009e-02	
  -3.9923925e-02	
  -3.8548621e-02	
  -2.6232672e-02	
  -1.1119643e-03	
   2.8846815e-02	
   5.8271064e-02	
   8.3412117e-02	
   9.5484236e-02	
   1.0123279e-01	
   1.0537737e-01	
   1.0387385e-01	
   9.6789601e-02	
   8.2578565e-02	
   6.0375220e-02	
   4.2228546e-02	
   3.1673237e-02	
   2.5871049e-02	
   2.4042285e-02	
   2.4467315e-02	
   2.6933716e-02	
   3.3526144e-02	
   4.5425666e-02	
   5.9193367e-02	
   7.1508460e-02	
   8.2174528e-02	
   8.8706377e-02	
   9.2896297e-02	
   9.7759297e-02	
   1.0309380e-01	
   1.0731684e-01	
   1.0961053e-01	
   1.0564900e-01	
   9.8756390e-02	
   8.6294962e-02	
   6.7762573e-02	
   4.7939687e-02	
   2.8583386e-02	
   5.5724935e-03	
  -2.1269749e-02	
  -4.7012708e-02	
  -6.4630612e-02	
  -7.2900795e-02	
  -7.4013547e-02	
  -6.7422472e-02	
  -5.5570223e-02	
  -4.4121313e-02	
  -3.6187217e-02	
  -3.4457820e-02	
  -3.9522086e-02	
  -4.6184845e-02	
  -5.4551387e-02	
  -6.3482681e-02	
  -6.9384516e-02	
  -7.0988240e-02	
  -6.9044904e-02	
  -6.1234109e-02	
  -4.3697418e-02	
  -2.5156991e-02	
  -1.1544327e-02	
  -4.4000559e-03	
   6.6683709e-04	
   5.1375452e-03	
   1.2142607e-02	
   2.0327135e-02	
   3.0855879e-02	
   4.1122286e-02	
   4.3039308e-02	
   3.6647338e-02	
   2.9383912e-02	
   2.1794725e-02	
   1.7217842e-02	
   1.5639227e-02	
   1.7088729e-02	
   2.1113223e-02	
   2.3644956e-02	
   2.5819533e-02	
   2.7952715e-02	
   2.7607628e-02	
   2.5095016e-02	
   2.0392087e-02	
   1.5471837e-02	
   1.0040611e-02	
   5.0978430e-03	
   3.7006006e-03	
   1.0219662e-02	
   2.1961589e-02	
   3.6700107e-02	
   4.9220622e-02	
   5.4513311e-02	
   5.3946745e-02	
   4.9260687e-02	
   4.2355896e-02	
   3.3947261e-02	
   2.5677521e-02	
   2.0807136e-02	
   1.6895142e-02	
   9.8798270e-03	
  -2.8047109e-03	
  -1.7648169e-02	
  -3.1765830e-02	
  -4.2607281e-02	
  -5.0740133e-02	
  -5.8835572e-02	
  -6.3892198e-02	
  -6.8367320e-02	
  -7.4730812e-02	
  -8.1504971e-02	
  -8.7403106e-02	
  -8.7414239e-02	
  -8.0170256e-02	
  -6.5957580e-02	
  -4.9277997e-02	
  -3.1773634e-02	
  -1.5618263e-02	
  -2.9632075e-03	
   8.3096691e-03	
   1.8816995e-02	
   2.8214563e-02	
   3.8484335e-02	
   4.9086292e-02	
   5.7995913e-02	
   6.3178493e-02	
   6.3404750e-02	
   6.1509261e-02	
   5.4897874e-02	
   4.3052605e-02	
   3.0208669e-02	
   2.0706369e-02	
   1.4542115e-02	
   9.2220737e-03	
   2.7394277e-03	
  -3.9880090e-03	
  -5.3113612e-03	
  -4.8302228e-04	
   1.1387964e-02	
   2.4959133e-02	
   3.5837309e-02	
   4.4034028e-02	
   5.4022757e-02	
   6.2270325e-02	
   7.0719615e-02	
   7.7142786e-02	
   7.5686932e-02	
   7.2078307e-02	
   6.6933838e-02	
   5.9215388e-02	
   4.7858195e-02	
   3.5659633e-02	
   2.4418486e-02	
   1.2358526e-02	
  -1.3843546e-03	
  -1.0257630e-02	
  -1.3677851e-02	
  -8.9356180e-03	
   2.8754337e-03	
   1.8225098e-02	
   3.2915628e-02	
   4.4156213e-02	
   4.9142830e-02	
   4.2364342e-02	
   2.8669251e-02	
   1.5866308e-02	
   3.5360506e-03	
  -7.4138803e-03	
  -1.8418416e-02	
  -2.5354208e-02	
  -2.9850895e-02	
  -2.9730050e-02	
  -2.3357809e-02	
  -1.4158480e-02	
  -5.1799453e-03	
   2.4201932e-03	
   7.7938994e-03	
   8.9477178e-03	
   8.8840533e-03	
   1.3063189e-02	
   1.9375122e-02	
   2.7911572e-02	
   4.0031836e-02	
   5.4682437e-02	
   6.6763177e-02	
   7.4573552e-02	
   7.9127723e-02	
   7.9467440e-02	
   7.4603008e-02	
   6.8676395e-02	
   5.7974868e-02	
   4.4160680e-02	
   3.3728068e-02	
   2.6004817e-02	
   1.9577532e-02	
   1.4274669e-02	
   7.1513311e-03	
  -2.0673947e-03	
  -8.9667453e-03	
  -1.3969336e-02	
  -1.6554019e-02	
  -1.6356328e-02	
  -1.7012720e-02	
  -1.9127420e-02	
  -1.7703744e-02	
  -1.5657784e-02	
  -1.1089978e-02	
  -1.7530661e-03	
   7.9772710e-03	
   1.3977481e-02	
   1.2920622e-02	
   5.1634969e-03	
  -6.0966112e-03	
  -1.9251294e-02	
  -3.3856853e-02	
  -4.5858042e-02	
  -5.3853946e-02	
  -6.3029819e-02	
  -6.8893333e-02	
  -6.4677099e-02	
  -5.3175699e-02	
  -3.4823998e-02	
  -1.2065356e-02	
   7.6749986e-03	
   2.3414679e-02	
   3.0620510e-02	
   2.6034852e-02	
   1.5667280e-02	
   3.5450129e-03	
  -9.1568421e-03	
  -2.1468613e-02	
  -3.2665601e-02	
  -4.0343388e-02	
  -4.1241365e-02	
  -3.7066697e-02	
  -3.1322467e-02	
  -2.6216950e-02	
  -1.8462002e-02	
  -5.4372804e-03	
   8.8874351e-03	
   1.6424247e-02	
   1.9473806e-02	
   2.2043053e-02	
   1.8650190e-02	
   1.3671293e-02	
   1.3459991e-02	
   1.5278264e-02	
   1.9759162e-02	
   2.7319361e-02	
   3.3387239e-02	
   3.7062439e-02	
   3.7285206e-02	
   3.4346601e-02	
   3.4783661e-02	
   3.8729403e-02	
   4.3998290e-02	
   4.6135532e-02	
   4.4176734e-02	
   3.5273290e-02	
   1.8751117e-02	
   2.7919009e-05	
  -1.4788599e-02	
  -2.4096946e-02	
  -2.7411074e-02	
  -2.6931590e-02	
  -2.5894847e-02	
  -2.5976911e-02	
  -2.9437054e-02	
  -3.4552808e-02	
  -3.7692768e-02	
  -3.7047467e-02	
  -3.5134214e-02	
  -3.0674053e-02	
  -2.1530288e-02	
  -1.2141103e-02	
  -2.8809535e-03	
   5.2203176e-03	
   1.2632359e-02	
   2.1838839e-02	
   2.8781426e-02	
   3.3866084e-02	
   3.6823967e-02	
   3.7650015e-02	
   3.8263208e-02	
   3.5819161e-02	
   2.9379909e-02	
   1.5218068e-02	
  -7.1024885e-03	
  -2.9446837e-02	
  -4.5674398e-02	
  -5.3547210e-02	
  -5.5684555e-02	
  -5.3136821e-02	
  -4.8722843e-02	
  -4.5506110e-02	
  -4.4504759e-02	
  -4.6011427e-02	
  -5.0935538e-02	
  -5.5275667e-02	
  -5.7066142e-02	
  -5.5014475e-02	
  -5.0241935e-02	
  -4.5438928e-02	
  -4.1827650e-02	
  -3.7615743e-02	
  -3.3389057e-02	
  -2.8847747e-02	
  -2.4026895e-02	
  -1.8086607e-02	
  -1.1278305e-02	
  -5.6245259e-03	
  -4.5003096e-03	
  -6.2624839e-03	
  -1.0730015e-02	
  -1.8944788e-02	
  -2.8894771e-02	
  -3.8385358e-02	
  -4.7711999e-02	
  -5.7469760e-02	
  -6.7902976e-02	
  -7.7504733e-02	
  -8.5779105e-02	
  -9.1752135e-02	
  -9.3794064e-02	
  -9.5374755e-02	
  -9.8390673e-02	
  -9.7911601e-02	
  -9.3331395e-02	
  -8.7659482e-02	
  -7.9023477e-02	
  -6.6248925e-02	
  -4.8835256e-02	
  -3.0973439e-02	
  -1.7535777e-02	
  -7.7857677e-03	
  -4.5545652e-03	
  -6.2825165e-03	
  -1.3530632e-02	
  -2.4216981e-02	
  -3.2602362e-02	
  -3.6584065e-02	
  -3.6498211e-02	
  -3.2608714e-02	
  -2.7113492e-02	
  -1.9207543e-02	
  -9.2760885e-03	
   3.2810830e-04	
   8.8627154e-03	
   1.4855471e-02	
   1.9367434e-02	
   2.2716700e-02	
   2.4248565e-02	
   2.5019538e-02	
   2.8040827e-02	
   3.4413878e-02	
   4.0593132e-02	
   4.2054081e-02	
   4.1275672e-02	
   4.1182663e-02	
   4.1389201e-02	
   4.1378347e-02	
   4.1153871e-02	
   3.7681879e-02	
   2.9588593e-02	
   1.8541068e-02	
   7.3227180e-03	
  -1.1762036e-03	
  -7.0263228e-03	
  -1.0608734e-02	
  -1.1568488e-02	
  -7.9759308e-03	
  -2.1805921e-03	
   3.5445976e-03	
   1.3244630e-02	
   2.6849237e-02	
   4.2139272e-02	
   5.7838374e-02	
   6.8953535e-02	
   7.3503344e-02	
   7.4239838e-02	
   7.2974888e-02	
   6.8461131e-02	
   6.0368694e-02	
   5.1071788e-02	
   4.0742818e-02	
   2.8645194e-02	
   1.8443547e-02	
   9.5659190e-03	
   2.3780326e-03	
   5.3787636e-04	
   2.9648845e-03	
   8.1821549e-03	
   1.0331876e-02	
   1.3432124e-02	
   1.9185396e-02	
   1.9530846e-02	
   1.4270456e-02	
   7.2598945e-03	
  -4.6707473e-03	
  -1.7121832e-02	
  -2.5770526e-02	
  -3.1011072e-02	
  -3.4516564e-02	
  -3.4027106e-02	
  -2.7781642e-02	
  -2.0579668e-02	
  -1.2678999e-02	
  -4.1284606e-03	
   3.1445228e-03	
   9.3951812e-03	
   1.2059890e-02	
   1.6582787e-02	
   2.0731106e-02	
   2.5078261e-02	
   2.6768370e-02	
   2.6237848e-02	
   2.3805129e-02	
   1.7320371e-02	
   1.0741690e-02	
   9.0271747e-03	
   6.4779879e-03	
   2.7240378e-03	
   1.6957177e-03	
  -1.8012298e-03	
  -6.1155933e-03	
  -7.8250197e-03	
  -9.0300783e-03	
  -8.8534495e-03	
  -5.9862714e-03	
  -3.9004798e-03	
   4.2351883e-04	
   5.1689308e-03	
   1.1959612e-02	
   2.0775178e-02	
   2.9000699e-02	
   3.3678291e-02	
   3.5006270e-02	
   3.6565498e-02	
   3.6567662e-02	
   3.5703328e-02	
   3.4864772e-02	
   3.4832591e-02	
   3.1745103e-02	
   2.3117676e-02	
   1.6267047e-02	
   1.3379913e-02	
   1.1481290e-02	
   1.1324349e-02	
   9.3296181e-03	
   3.4524514e-03	
  -2.2834571e-03	
  -9.0342803e-03	
  -1.9039650e-02	
  -2.7200578e-02	
  -3.5175431e-02	
  -4.6271327e-02	
  -5.5171840e-02	
  -6.6058441e-02	
  -7.2688045e-02	
  -7.0980213e-02	
  -6.5253088e-02	
  -5.8629906e-02	
  -5.2714182e-02	
  -4.9822368e-02	
  -4.5863312e-02	
  -4.1258850e-02	
  -3.7024223e-02	
  -3.2369593e-02	
  -2.7899566e-02	
  -2.5784958e-02	
  -2.4628152e-02	
  -2.3512664e-02	
  -2.3248443e-02	
  -2.0403775e-02	
  -1.5912006e-02	
  -9.4746066e-03	
  -4.3651210e-03	
  -5.7508848e-03	
  -1.1391021e-02	
  -1.8329892e-02	
  -2.7673027e-02	
  -3.5895488e-02	
  -4.1178440e-02	
  -4.1513096e-02	
  -3.6236147e-02	
  -3.1693866e-02	
  -2.4169412e-02	
  -1.4338752e-02	
  -4.1967110e-03	
   3.9399971e-03	
   7.5352276e-03	
   8.2804019e-03	
   6.6345005e-03	
   5.7682162e-03	
   9.8817047e-03	
   1.5590486e-02	
   2.0758949e-02	
   2.5571199e-02	
   2.8881841e-02	
   3.1315201e-02	
   3.1654146e-02	
   3.2312894e-02	
   3.1541287e-02	
   2.7544570e-02	
   2.1071419e-02	
   1.3898478e-02	
   8.4901055e-03	
   4.1127626e-03	
  -5.2836646e-04	
  -6.3425236e-03	
  -1.0224472e-02	
  -1.3668979e-02	
  -1.2857533e-02	
  -5.6176645e-03	
   6.6188094e-03	
   1.9738379e-02	
   3.0720781e-02	
   3.6409390e-02	
   3.9783452e-02	
   4.1017726e-02	
   4.0951625e-02	
   3.9630486e-02	
   3.4270045e-02	
   2.8166324e-02	
   2.0565711e-02	
   1.0882344e-02	
   2.1213211e-03	
  -7.3390407e-03	
  -1.5751825e-02	
  -2.2097343e-02	
  -2.6629485e-02	
  -2.9791223e-02	
  -3.3597061e-02	
  -3.7920211e-02	
  -4.0001891e-02	
  -4.4013332e-02	
  -4.9236257e-02	
  -5.3782470e-02	
  -5.5825761e-02	
  -5.2458993e-02	
  -4.3983772e-02	
  -3.3581272e-02	
  -2.1729340e-02	
  -9.5618182e-03	
  -5.3573629e-04	
   7.7813215e-03	
   1.6650417e-02	
   2.5721663e-02	
   3.4242690e-02	
   3.8244432e-02	
   3.7656542e-02	
   3.6398676e-02	
   3.1983512e-02	
   2.6301774e-02	
   2.3533663e-02	
   2.3628745e-02	
   2.4007919e-02	
   2.6531612e-02	
   3.2963968e-02	
   3.9854927e-02	
   4.4983168e-02	
   4.9354708e-02	
   5.2588681e-02	
   5.3053095e-02	
   5.2788972e-02	
   5.2848128e-02	
   5.2927246e-02	
   5.2561843e-02	
   5.1887610e-02	
   5.3896593e-02	
   5.8346762e-02	
   6.2473269e-02	
   7.0065415e-02	
   8.1050608e-02	
   9.1670225e-02	
   1.0056739e-01	
   1.0315749e-01	
   1.0218905e-01	
   9.9238639e-02	
   9.2110802e-02	
   8.4260466e-02	
   7.7722719e-02	
   7.1782634e-02	
   6.7377766e-02	
   6.6871332e-02	
   7.0274291e-02	
   7.1306528e-02	
   6.8948859e-02	
   6.9138785e-02	
   7.0369010e-02	
   6.6977951e-02	
   6.3320117e-02	
   6.3205680e-02	
   6.3808159e-02	
   6.3719443e-02	
   6.3126736e-02	
   5.8615143e-02	
   5.3693825e-02	
   4.7577530e-02	
   4.0711478e-02	
   3.4102392e-02	
   2.6134568e-02	
   1.9656811e-02	
   1.4413944e-02	
   3.8990629e-03	
  -7.0364577e-03	
  -1.5568688e-02	
  -2.5912154e-02	
  -3.5378549e-02	
  -3.8413627e-02	
  -3.5099104e-02	
  -3.0360013e-02	
  -2.3234340e-02	
  -1.4403300e-02	
  -6.5491700e-03	
  -2.1265100e-03	
  -5.1017029e-05	
  -1.9214254e-03	
  -7.6170611e-03	
  -1.6071171e-02	
  -2.5371438e-02	
  -3.0832339e-02	
  -3.1470346e-02	
  -3.0010137e-02	
  -2.5339152e-02	
  -1.7512921e-02	
  -9.6260447e-03	
  -3.6205644e-03	
   1.6701789e-03	
   3.2335995e-03	
   6.3609996e-04	
  -6.8742670e-03	
  -1.7611332e-02	
  -2.7064727e-02	
  -3.3985623e-02	
  -4.0721250e-02	
  -4.6748794e-02	
  -4.8624216e-02	
  -4.6477552e-02	
  -4.2911853e-02	
  -3.8660405e-02	
  -3.3815535e-02	
  -3.0056739e-02	
  -2.9943505e-02	
  -3.2739205e-02	
  -3.5141927e-02	
  -3.6890836e-02	
  -3.8031507e-02	
  -3.9453473e-02	
  -3.9385139e-02	
  -3.6768441e-02	
  -3.3466570e-02	
  -2.9642001e-02	
  -2.1624651e-02	
  -1.2682119e-02	
  -9.7065067e-03	
  -1.0732336e-02	
  -1.5250466e-02	
  -2.4924756e-02	
  -3.5355585e-02	
  -4.2328709e-02	
  -4.7617455e-02	
  -4.9138746e-02	
  -4.5789568e-02	
  -4.1246111e-02	
  -3.6023640e-02	
  -2.9839668e-02	
  -2.3368234e-02	
  -1.8229998e-02	
  -1.4418994e-02	
  -1.0864883e-02	
  -1.1957218e-02	
  -1.6952975e-02	
  -1.8351184e-02	
  -1.8561603e-02	
  -1.9076204e-02	
  -2.2053652e-02	
  -2.9014960e-02	
  -3.7992245e-02	
  -4.6525365e-02	
  -5.2616601e-02	
  -5.8884222e-02	
  -6.5346900e-02	
  -6.9597301e-02	
  -7.1596059e-02	
  -7.2237556e-02	
  -7.2927913e-02	
  -7.0562007e-02	
  -6.8087387e-02	
  -6.3766907e-02	
  -5.7235686e-02	
  -5.1732514e-02	
  -4.7789757e-02	
  -4.4314729e-02	
  -3.7841197e-02	
  -2.9289685e-02	
  -2.1929816e-02	
  -1.9269560e-02	
  -2.0100913e-02	
  -2.3402272e-02	
  -2.8309707e-02	
  -3.2240152e-02	
  -3.4835002e-02	
  -3.5482690e-02	
  -3.4526587e-02	
  -3.0100856e-02	
  -2.3368949e-02	
  -1.6343754e-02	
  -5.7895366e-03	
   4.0546750e-03	
   1.0719046e-02	
   1.5456180e-02	
   1.6634101e-02	
   1.5861725e-02	
   1.3547063e-02	
   1.1258998e-02	
   7.5801090e-03	
   4.1132302e-03	
   1.3293455e-03	
  -1.7614438e-03	
  -3.1474090e-03	
  -4.9718296e-03	
  -6.3076550e-03	
  -6.1725501e-03	
  -6.0694764e-03	
  -8.0297013e-03	
  -9.1504484e-03	
  -7.4705753e-03	
  -4.5778574e-03	
  -1.2908365e-03	
   3.4529072e-03	
   1.1167033e-02	
   1.9984703e-02	
   2.8006475e-02	
   3.8718269e-02	
   4.9753649e-02	
   5.8169819e-02	
   6.2282575e-02	
   6.3869757e-02	
   6.2445209e-02	
   5.8775404e-02	
   5.1695485e-02	
   4.0295959e-02	
   2.9620960e-02	
   2.1387160e-02	
   1.5092505e-02	
   9.0003505e-03	
   2.7303994e-03	
  -3.6050723e-03	
  -9.7260227e-03	
  -1.4049243e-02	
  -1.6991051e-02	
  -1.8616309e-02	
  -1.7323030e-02	
  -1.5984441e-02	
  -1.8874318e-02	
  -2.2040453e-02	
  -2.5071260e-02	
  -2.8797892e-02	
  -3.1442928e-02	
  -3.5140775e-02	
  -3.8898912e-02	
  -4.1874765e-02	
  -4.4621744e-02	
  -4.5537625e-02	
  -4.3650477e-02	
  -3.9387163e-02	
  -3.7105959e-02	
  -3.5735750e-02	
  -3.2757185e-02	
  -3.0742956e-02	
  -2.9582092e-02	
  -2.8333593e-02	
  -2.5720438e-02	
  -2.0230473e-02	
  -1.2350450e-02	
  -2.7029684e-03	
   4.7696294e-03	
   1.0380377e-02	
   1.6308554e-02	
   2.1673071e-02	
   2.6253574e-02	
   2.9265123e-02	
   3.0171029e-02	
   2.9906236e-02	
   2.8804691e-02	
   2.2056168e-02	
   1.5019976e-02	
   8.5978698e-03	
   1.6255739e-03	
  -2.1507833e-03	
  -5.2677397e-03	
  -6.8799487e-03	
  -3.1984147e-03	
   3.4024041e-03	
   9.4704012e-03	
   1.4449246e-02	
   1.7880359e-02	
   1.8434211e-02	
   1.8003922e-02	
   1.8403088e-02	
   2.2582760e-02	
   2.8674604e-02	
   3.3494476e-02	
   3.8832881e-02	
   4.3231188e-02	
   4.5137077e-02	
   4.4646663e-02	
   4.4290857e-02	
   4.2349789e-02	
   4.0646215e-02	
   3.7120059e-02	
   3.3318416e-02	
   3.1771337e-02	
   3.0256234e-02	
   2.6796185e-02	
   2.4780710e-02	
   2.1259743e-02	
   1.7238174e-02	
   1.5607723e-02	
   1.2031196e-02	
   7.9494836e-03	
   4.6535346e-03	
   1.4968020e-03	
  -1.1417901e-03	
  -6.8674266e-03	
  -1.3929291e-02	
  -2.1119117e-02	
  -2.9639031e-02	
  -3.8163953e-02	
  -4.3711482e-02	
  -4.8003380e-02	
  -4.8348192e-02	
  -4.6959974e-02	
  -4.6246060e-02	
  -4.5563102e-02	
  -4.5472222e-02	
  -4.6751377e-02	
  -4.7346876e-02	
  -4.5485310e-02	
  -3.9860372e-02	
  -3.3935196e-02	
  -2.8719587e-02	
  -2.3773213e-02	
  -1.7465754e-02	
  -1.0939771e-02	
  -5.1513761e-03	
  -9.2935768e-04	
   7.0778631e-04	
   1.1592775e-04	
  -2.3781753e-03	
  -4.2411108e-03	
  -2.4624725e-03	
   3.1321878e-03	
   1.0568055e-02	
   1.7232451e-02	
   2.2636056e-02	
   2.4297080e-02	
   2.2016543e-02	
   1.6556504e-02	
   1.4509794e-02	
   1.4274194e-02	
   1.1898237e-02	
   1.2569856e-02	
   1.6580620e-02	
   2.0757599e-02	
   2.8370988e-02	
   3.8038383e-02	
   4.8255602e-02	
   5.5074538e-02	
   5.8174810e-02	
   5.6894608e-02	
   5.4220745e-02	
   5.2637227e-02	
   4.7762500e-02	
   4.1254278e-02	
   3.2011774e-02	
   1.9891384e-02	
   1.0595801e-02	
   5.1750209e-03	
   5.5707834e-03	
   9.0683183e-03	
   1.5039555e-02	
   2.2740268e-02	
   2.9730451e-02	
   3.4872401e-02	
   3.8267466e-02	
   3.8326726e-02	
   3.7816104e-02	
   3.7899341e-02	
   3.7839418e-02	
   3.7600632e-02	
   3.8206147e-02	
   4.2704024e-02	
   4.8511349e-02	
   5.3862636e-02	
   5.6877612e-02	
   5.5231170e-02	
   5.2272487e-02	
   4.5074467e-02	
   3.4700913e-02	
   2.4285814e-02	
   1.6402798e-02	
   1.0405962e-02	
   5.1650081e-03	
   3.7655146e-03	
   4.4238298e-03	
   4.4573896e-03	
   4.0487595e-03	
   4.1043691e-03	
   5.8082116e-03	
   1.0523900e-02	
   1.7535432e-02	
   2.1135450e-02	
   2.1396415e-02	
   1.9987876e-02	
   1.9580704e-02	
   2.0039713e-02	
   2.0143872e-02	
   1.9986741e-02	
   1.7362317e-02	
   1.1635852e-02	
   5.5043582e-03	
   2.3253148e-03	
  -1.3218731e-03	
  -4.7756671e-03	
  -5.8238084e-03	
  -9.3344273e-03	
  -1.3081333e-02	
  -1.6268684e-02	
  -2.0723466e-02	
  -2.1848817e-02	
  -2.1303906e-02	
  -1.9388067e-02	
  -1.6061772e-02	
  -1.4257767e-02	
  -1.0969562e-02	
  -7.1573304e-03	
  -5.2027768e-03	
  -5.5251237e-03	
  -6.0015680e-03	
  -5.9387166e-03	
  -5.8686514e-03	
  -6.9701303e-03	
  -8.4767982e-03	
  -8.6177977e-03	
  -9.0621829e-03	
  -7.0436681e-03	
  -7.4253519e-03	
  -1.0203853e-02	
  -1.3910166e-02	
  -1.5205857e-02	
  -1.3797977e-02	
  -1.1698812e-02	
  -1.2427887e-02	
  -1.5447284e-02	
  -1.6454830e-02	
  -1.8605822e-02	
  -2.1392238e-02	
  -1.9302726e-02	
  -1.5682786e-02	
  -1.5199791e-02	
  -1.6623645e-02	
  -1.7085724e-02	
  -1.6188972e-02	
  -1.5748998e-02	
  -1.3815989e-02	
  -1.0584291e-02	
  -8.2484719e-03	
  -5.5445839e-03	
  -1.3819133e-03	
  -6.0928211e-04	
  -8.1644920e-04	
   1.5818645e-03	
   7.2294617e-04	
  -2.0690168e-03	
  -4.2718542e-03	
  -7.2135962e-03	
  -9.9401133e-03	
  -1.0330180e-02	
  -1.0064424e-02	
  -1.0297444e-02	
  -1.0129537e-02	
  -7.4054799e-03	
  -3.3869584e-03	
   1.0179569e-03	
   7.0812693e-03	
   1.2415176e-02	
   1.3547702e-02	
   1.5747815e-02	
   1.7805561e-02	
   1.6918983e-02	
   1.8582292e-02	
   1.9760778e-02	
   1.7109659e-02	
   1.4289432e-02	
   1.1125851e-02	
   5.1415238e-03	
  -9.7154445e-04	
  -4.2561981e-03	
  -5.6805613e-03	
  -9.0612580e-03	
  -1.3205319e-02	
  -1.8142946e-02	
  -2.2530557e-02	
  -2.6610395e-02	
  -2.9664100e-02	
  -3.0061408e-02	
  -2.9724037e-02	
  -3.0151862e-02	
  -3.3713309e-02	
  -3.8680926e-02	
  -4.2047869e-02	
  -4.4078456e-02	
  -4.3454758e-02	
  -3.9794167e-02	
  -3.9115152e-02	
  -3.9791270e-02	
  -4.1444343e-02	
  -4.1901708e-02	
  -4.0550764e-02	
  -4.0401566e-02	
  -4.0931278e-02	
  -4.2248265e-02	
  -4.3361679e-02	
  -4.5939952e-02	
  -4.8335174e-02	
  -4.8620342e-02	
  -4.8552252e-02	
  -4.9935513e-02	
  -5.2044451e-02	
  -5.5202412e-02	
  -5.7437268e-02	
  -5.4023595e-02	
  -4.8101658e-02	
  -4.3653025e-02	
  -3.7057099e-02	
  -2.9759516e-02	
  -2.1663334e-02	
  -1.4761332e-02	
  -1.0587512e-02	
  -9.9371154e-03	
  -1.0329510e-02	
  -1.1689242e-02	
  -1.6593484e-02	
  -2.3305627e-02	
  -2.6991957e-02	
  -2.7123603e-02	
  -2.4964829e-02	
  -1.8957230e-02	
  -1.1030442e-02	
  -2.8153380e-03	
   2.5029701e-03	
   9.2330463e-03	
   1.7633131e-02	
   2.3859347e-02	
   2.7391056e-02	
   2.9650576e-02	
   3.3969039e-02	
   3.6713264e-02	
   4.0125437e-02	
   4.3683318e-02	
   4.4634448e-02	
   4.5775922e-02	
   4.5662636e-02	
   4.3710575e-02	
   4.2403640e-02	
   4.2887842e-02	
   4.2467611e-02	
   4.2667414e-02	
   4.2729257e-02	
   4.4222872e-02	
   4.2615273e-02	
   3.8590012e-02	
   3.2734710e-02	
   2.7179645e-02	
   2.3141101e-02	
   1.9016001e-02	
   1.5464431e-02	
   1.6018182e-02	
   1.8760387e-02	
   1.9548614e-02	
   1.9328793e-02	
   1.7147752e-02	
   1.4834112e-02	
   1.1805190e-02	
   8.1833764e-03	
   3.4746419e-03	
   1.0615449e-03	
  -4.2160771e-04	
  -8.3324902e-04	
  -8.8222279e-04	
  -2.0636136e-03	
  -3.6444220e-03	
  -1.9795577e-03	
  -1.0068688e-03	
  -1.5637800e-03	
  -1.7365148e-03	
  -5.0476952e-04	
   5.7089595e-04	
   8.0079970e-04	
   7.6658164e-04	
   1.3988939e-03	
   4.3995673e-03	
   5.1889320e-03	
   5.3491405e-03	
   5.9153790e-03	
   5.7018817e-03	
   4.5356319e-03	
   3.7023665e-03	
   8.5701871e-04	
  -4.9692260e-03	
  -1.2224182e-02	
  -2.0205819e-02	
  -2.6884999e-02	
  -3.1605670e-02	
  -3.5291508e-02	
  -3.6494127e-02	
  -3.4821199e-02	
  -3.1674099e-02	
  -2.9534966e-02	
  -2.7556656e-02	
  -2.3111817e-02	
  -1.8650647e-02	
  -1.4294810e-02	
  -8.8800014e-03	
  -2.6210804e-03	
   3.6811508e-03	
   1.0205978e-02	
   1.7210893e-02	
   2.0191542e-02	
   1.9417830e-02	
   1.8677136e-02	
   1.7730072e-02	
   1.8204217e-02	
   1.8850474e-02	
   1.8299791e-02	
   1.4568834e-02	
   9.9815675e-03	
   6.9637122e-03	
   3.7657624e-03	
   1.1810621e-03	
  -1.3163645e-03	
  -3.4228681e-03	
  -5.5682880e-03	
  -5.9556466e-03	
  -5.5826564e-03	
  -5.5962359e-03	
  -5.8438200e-03	
  -5.8531732e-03	
  -5.7523995e-03	
  -5.0142680e-03	
  -5.0928349e-03	
  -5.9665738e-03	
  -6.0511191e-03	
  -6.0121218e-03	
  -6.0654036e-03	
  -6.0105408e-03	
  -5.9942321e-03	
  -6.1355247e-03	
  -6.1379049e-03	
  -7.0390299e-03	
  -1.0022132e-02	
  -1.3552588e-02	
  -1.6492525e-02	
  -1.8216941e-02	
  -1.9757344e-02	
  -2.0510880e-02	
  -2.0271145e-02	
  -2.0102934e-02	
  -2.0264036e-02	
  -2.0788702e-02	
  -2.2317548e-02	
  -2.5736468e-02	
  -2.5914939e-02	
  -2.3608587e-02	
  -1.9450569e-02	
  -1.3460843e-02	
  -8.9308193e-03	
  -3.0088107e-03	
   4.0832791e-03	
   9.4290237e-03	
   1.1493729e-02	
   1.3231337e-02	
   1.6805191e-02	
   1.7062620e-02	
   1.6684517e-02	
   1.7174855e-02	
   1.8139990e-02	
   2.1254543e-02	
   2.3366227e-02	
   2.3264954e-02	
   2.4143792e-02	
   2.8349650e-02	
   3.1101355e-02	
   3.2577398e-02	
   3.3620378e-02	
   3.3036159e-02	
   3.0348534e-02	
   2.9290991e-02	
   2.9503158e-02	
   3.1221296e-02	
   3.3169923e-02	
   3.2893243e-02	
   3.1895829e-02	
   2.9619225e-02	
   2.5976531e-02	
   2.2555943e-02	
   1.7796187e-02	
   1.2388247e-02	
   7.9538322e-03	
   4.7767106e-03	
   1.9070931e-03	
   1.9823256e-03	
   4.4849467e-03	
   5.1866391e-03	
   4.5040579e-03	
   4.2903408e-03	
   5.1089412e-03	
   4.8767445e-03	
   4.0509268e-03	
   3.4209085e-03	
   7.6723671e-04	
  -2.2910883e-03	
  -5.1903489e-03	
  -7.7838273e-03	
  -7.8878293e-03	
  -7.3468444e-03	
  -7.2714918e-03	
  -7.2450097e-03	
  -6.9188378e-03	
  -5.2899919e-03	
  -4.8137361e-03	
  -5.0749905e-03	
  -5.1606351e-03	
  -6.5611895e-03	
  -8.7822360e-03	
  -1.1959912e-02	
  -1.4578390e-02	
  -1.6747501e-02	
  -1.6963808e-02	
  -1.6284556e-02	
  -1.5639147e-02	
  -1.4112283e-02	
  -1.2992181e-02	
  -1.0756309e-02	
  -8.7244870e-03	
  -4.9937817e-03	
  -1.4899211e-03	
   8.4499357e-04	
   1.8112713e-03	
   2.9798974e-03	
   3.0721782e-03	
   5.0683769e-03	
   7.7522567e-03	
   1.0187645e-02	
   1.1291857e-02	
   1.1302403e-02	
   1.1344824e-02	
   1.1178938e-02	
   1.0439588e-02	
   9.7746664e-03	
   8.4914736e-03	
   7.7045624e-03	
   5.9850429e-03	
   3.8946795e-03	
   2.7042331e-03	
   1.9064233e-03	
   6.5658417e-04	
   3.8094676e-04	
   1.2586060e-04	
  -4.0088060e-04	
  -1.3358020e-03	
  -2.6532044e-03	
  -1.1827059e-03	
   1.0670316e-03	
   1.3491956e-03	
   1.0051137e-03	
   1.0425412e-03	
   1.2260691e-03	
   2.5213240e-03	
   4.6255518e-03	
   5.0499462e-03	
   4.0899380e-03	
   4.2447648e-03	
   5.2686192e-03	
   6.1521929e-03	
   5.9042110e-03	
   6.4279274e-03	
   7.8096498e-03	
   8.1771398e-03	
   9.0698504e-03	
   9.9746294e-03	
   1.0166785e-02	
   1.0095624e-02	
   9.7863928e-03	
   9.7772106e-03	
   1.0027716e-02	
   9.7208959e-03	
   1.0590569e-02	
   1.1814107e-02	
   1.2837846e-02	
   1.3414112e-02	
   1.3690516e-02	
   1.2777277e-02	
   1.1367146e-02	
   9.3033907e-03	
   7.5194423e-03	
   6.6522192e-03	
   5.1066029e-03	
   3.7154296e-03	
   3.3684674e-03	
   2.9401714e-03	
   2.7035885e-03	
   2.9517781e-03	
   2.7005882e-03	
   2.0624832e-03	
   1.5787158e-03	
   4.5524467e-04	
  -9.1238407e-04	
  -2.0908688e-03	
  -3.1877513e-03	
  -4.3756992e-03	
  -5.6147958e-03	
  -6.7482849e-03	
  -7.1890684e-03	
  -7.3698121e-03	
  -7.2139871e-03	
  -6.6880092e-03	
  -6.5086406e-03	
  -6.1403828e-03	
  -5.3624513e-03	
  -4.9638026e-03	
  -4.6334078e-03	
  -4.6107856e-03	
  -5.3879562e-03	
  -5.9295065e-03	
  -6.0885947e-03	
  -6.4765326e-03	
  -6.5959534e-03	
  -6.2547361e-03	
  -5.6836884e-03	
  -5.1458061e-03	
  -4.3498173e-03	
  -3.6487112e-03	
  -3.0080467e-03	
  -2.4831587e-03	
  -2.4631111e-03	
  -2.5958526e-03	
  -2.5402286e-03	
  -2.6620352e-03	
  -3.3321735e-03	
  -3.8700750e-03	
  -4.0442294e-03	
  -4.4511320e-03	
  -4.9151310e-03	
  -5.3645523e-03	
  -5.6462476e-03	
  -5.8743087e-03	
  -6.0671277e-03	
  -5.8908338e-03	
  -5.5450272e-03	
  -5.2341868e-03	
  -4.9178881e-03	
  -4.4453631e-03	
  -4.0902556e-03	
  -3.8439628e-03	
  -3.6780866e-03	
  -3.5823594e-03	
  -3.5155294e-03	
  -3.4747504e-03	
  -3.4816278e-03	
  -3.4517653e-03	
  -3.2957169e-03	
  -3.1643020e-03	
  -3.0272487e-03	
  -2.8663998e-03	
  -2.7046233e-03	
  -2.4986809e-03	
  -2.1961862e-03	
  -1.8667452e-03	
  -1.6358126e-03	
  -1.4095890e-03	
  -1.2618043e-03	
  -1.1667353e-03	
  -1.1020945e-03	
  -1.0244888e-03	
  -9.4932397e-04	
  -8.7301478e-04	
  -8.2399703e-04	
  -7.9764508e-04	
  -7.8796208e-04	
  -7.9263170e-04	
  -7.8661145e-04	
  -8.1656402e-04	
  -8.6258666e-04	
  -9.0467745e-04	
  -9.3190189e-04	
  -9.3854965e-04	
  -9.1597737e-04	
  -8.8319790e-04	
  -8.3495214e-04	
  -7.7837889e-04	
  -7.4147353e-04	
  -7.0136890e-04	
  -6.5765071e-04	
  -6.3314603e-04	
  -6.2120395e-04	
  -6.0849930e-04	
  -5.9602115e-04	
  -5.8632209e-04	
  -5.8092655e-04	
  -5.6825646e-04	
  -5.4287823e-04	
  -5.1799069e-04	
  -4.9795076e-04	
  -4.7724459e-04	
  -4.6311288e-04	
  -4.4666381e-04	
  -4.2451627e-04	
  -3.9765235e-04	
  -3.7333856e-04	
  -3.4577678e-04	
  -3.1404611e-04	
  -2.8103940e-04	
  -2.4924980e-04	
  -2.2124827e-04	
  -1.9471118e-04	
  -1.6897746e-04	
  -1.4435293e-04	
  -1.2097167e-04	
  -9.8064323e-05	
  -7.5565969e-05	
  -5.3571221e-05	
  -3.2566220e-05	
  -1.2040985e-05	
   8.1668303e-06	
   2.8414449e-05	
   4.8532708e-05	
   6.8360933e-05	
   8.7928107e-05	
   1.0718359e-04	
   1.2602226e-04	
   1.4443637e-04	
   1.6242582e-04	
   1.8003542e-04	
   1.9726216e-04	
   2.1407880e-04	
   2.3048937e-04	
   2.4650202e-04	
   2.6212053e-04	
   2.7734793e-04	
   2.9218573e-04	
