0.01 1.98e-05
0.02 3.96e-05
0.03 5.94e-05
0.04 7.92e-05
0.05 9.9e-05
0.06 0.0001188
0.07 0.0001386
0.08 0.0001584
0.09 0.0001782
0.1 0.000198
0.11 0.0002178
0.12 0.0002376
0.13 0.0002574
0.14 0.0002772
0.15 0.000297
0.16 0.0003168
0.17 0.0003366
0.18 0.0003564
0.19 0.0003762
0.2 0.000396
0.21 0.0004158
0.22 0.0004356
0.23 0.0004554
0.24 0.0004752
0.25 0.000495
0.26 0.0005148
0.27 0.0005346
0.28 0.0005544
0.29 0.0005742
0.3 0.000594
0.31 0.0006115
0.32 0.000628
0.33 0.0006445
0.34 0.000661
0.35 0.0006775
0.36 0.000694
0.37 0.0007105
0.38 0.000727
0.39 0.0007435
0.4 0.00076
0.41 0.0007765
0.42 0.000793
0.43 0.0008095
0.44 0.000826
0.45 0.0008425
0.46 0.000859
0.47 0.0008755
0.48 0.000892
0.49 0.0009085
0.5 0.000925
0.51 0.0009415
0.52 0.000958
0.53 0.0009745
0.54 0.000991
0.55 0.0010075
0.56 0.001024
0.57 0.0010405
0.58 0.001057
0.59 0.0010735
0.6 0.00109
0.61 0.0011052
0.62 0.0011184
0.63 0.0011316
0.64 0.0011448
0.65 0.001158
0.66 0.0011712
0.67 0.0011844
0.68 0.0011976
0.69 0.0012108
0.7 0.001224
0.71 0.0012372
0.72 0.0012504
0.73 0.0012636
0.74 0.0012768
0.75 0.00129
0.76 0.0013032
0.77 0.0013164
0.78 0.0013296
0.79 0.0013428
0.8 0.001356
0.81 0.0013692
0.82 0.0013824
0.83 0.0013956
0.84 0.0014088
0.85 0.001422
0.86 0.0014352
0.87 0.0014484
0.88 0.0014616
0.89 0.0014748
0.9 0.001488
0.91 0.0015009
0.92 0.0015108
0.93 0.0015207
0.94 0.0015306
0.95 0.0015405
0.96 0.0015504
0.97 0.0015603
0.98 0.0015702
0.99 0.0015801
1 0.00159
1.01 0.0015999
1.02 0.0016098
1.03 0.0016197
1.04 0.0016296
1.05 0.0016395
1.06 0.0016494
1.07 0.0016593
1.08 0.0016692
1.09 0.0016791
1.1 0.001689
1.11 0.0016989
1.12 0.0017088
1.13 0.0017187
1.14 0.0017286
1.15 0.0017385
1.16 0.0017484
1.17 0.0017583
1.18 0.0017682
1.19 0.0017781
1.2 0.001788
1.21 0.0017979
1.22 0.0018052
1.23 0.0018118
1.24 0.0018184
1.25 0.001825
1.26 0.0018316
1.27 0.0018382
1.28 0.0018448
1.29 0.0018514
1.3 0.001858
1.31 0.0018646
1.32 0.0018712
1.33 0.0018778
1.34 0.0018844
1.35 0.001891
1.36 0.0018976
1.37 0.0019042
1.38 0.0019108
1.39 0.0019174
1.4 0.001924
1.41 0.0019306
1.42 0.0019372
1.43 0.0019438
1.44 0.0019504
1.45 0.001957
1.46 0.0019636
1.47 0.0019702
1.48 0.0019768
1.49 0.0019834
1.5 0.00199
1.51 0.0019966
1.52 0.002
1.53 0.002
1.54 0.002
1.55 0.002
1.56 0.002
1.57 0.002
1.58 0.002
1.59 0.002
1.6 0.002
1.61 0.002
1.62 0.002
1.63 0.002
1.64 0.002
1.65 0.002
1.66 0.002
1.67 0.002
1.68 0.002
1.69 0.002
1.7 0.002
1.71 0.002
1.72 0.002
1.73 0.002
1.74 0.002
1.75 0.002
1.76 0.002
1.77 0.002
1.78 0.002
1.79 0.002
1.8 0.002
1.81 0.002
1.82 0.0019988
1.83 0.0019922
1.84 0.0019856
1.85 0.001979
1.86 0.0019724
1.87 0.0019658
1.88 0.0019592
1.89 0.0019526
1.9 0.001946
1.91 0.0019394
1.92 0.0019328
1.93 0.0019262
1.94 0.0019196
1.95 0.001913
1.96 0.0019064
1.97 0.0018998
1.98 0.0018932
1.99 0.0018866
2 0.00188
2.01 0.0018734
2.02 0.0018668
2.03 0.0018602
2.04 0.0018536
2.05 0.001847
2.06 0.0018404
2.07 0.0018338
2.08 0.0018272
2.09 0.0018206
2.1 0.001814
2.11 0.0018074
2.12 0.0018008
2.13 0.0017913
2.14 0.0017814
2.15 0.0017715
2.16 0.0017616
2.17 0.0017517
2.18 0.0017418
2.19 0.0017319
2.2 0.001722
2.21 0.0017121
2.22 0.0017022
2.23 0.0016923
2.24 0.0016824
2.25 0.0016725
2.26 0.0016626
2.27 0.0016527
2.28 0.0016428
2.29 0.0016329
2.3 0.001623
2.31 0.0016131
2.32 0.0016032
2.33 0.0015933
2.34 0.0015834
2.35 0.0015735
2.36 0.0015636
2.37 0.0015537
2.38 0.0015438
2.39 0.0015339
2.4 0.001524
2.41 0.0015141
2.42 0.0015042
2.43 0.0014924
2.44 0.0014792
2.45 0.001466
2.46 0.0014528
2.47 0.0014396
2.48 0.0014264
2.49 0.0014132
2.5 0.0014
2.51 0.0013868
2.52 0.0013736
2.53 0.0013604
2.54 0.0013472
2.55 0.001334
2.56 0.0013208
2.57 0.0013076
2.58 0.0012944
2.59 0.0012812
2.6 0.001268
2.61 0.0012548
2.62 0.0012416
2.63 0.0012284
2.64 0.0012152
2.65 0.001202
2.66 0.0011888
2.67 0.0011756
2.68 0.0011624
2.69 0.0011492
2.7 0.001136
2.71 0.0011228
2.72 0.0011096
2.73 0.0010955
2.74 0.001079
2.75 0.0010625
2.76 0.001046
2.77 0.0010295
2.78 0.001013
2.79 0.0009965
2.8 0.00098
2.81 0.0009635
2.82 0.000947
2.83 0.0009305
2.84 0.000914
2.85 0.0008975
2.86 0.000881
2.87 0.0008645
2.88 0.000848
2.89 0.0008315
2.9 0.000815
2.91 0.0007985
2.92 0.000782
2.93 0.0007655
2.94 0.000749
2.95 0.0007325
2.96 0.000716
2.97 0.0006995
2.98 0.000683
2.99 0.0006665
3 0.00065
3.01 0.0006335
3.02 0.000617
3.03 0.0006005
3.04 0.0005808
3.05 0.000561
3.06 0.0005412
3.07 0.0005214
3.08 0.0005016
3.09 0.0004818
3.1 0.000462
3.11 0.0004422
3.12 0.0004224
3.13 0.0004026
3.14 0.0003828
3.15 0.000363
3.16 0.0003432
3.17 0.0003234
3.18 0.0003036
3.19 0.0002838
3.2 0.000264
3.21 0.0002442
3.22 0.0002244
3.23 0.0002046
3.24 0.0001848
3.25 0.000165
3.26 0.0001452
3.27 0.0001254
3.28 0.0001056
3.29 8.58e-05
3.3 6.6e-05
3.31 4.62e-05
3.32 2.64e-05
3.33 6.6e-06
3.34 -1.1e-05
3.35 -2.75e-05
3.36 -4.4e-05
3.37 -6.05e-05
3.38 -7.7e-05
3.39 -9.35e-05
3.4 -0.00011
3.41 -0.0001265
3.42 -0.000143
3.43 -0.0001595
3.44 -0.000176
3.45 -0.0001925
3.46 -0.000209
3.47 -0.0002255
3.48 -0.000242
3.49 -0.0002585
3.5 -0.000275
3.51 -0.0002915
3.52 -0.000308
3.53 -0.0003245
3.54 -0.000341
3.55 -0.0003575
3.56 -0.000374
3.57 -0.0003905
3.58 -0.000407
3.59 -0.0004235
3.6 -0.00044
3.61 -0.0004565
3.62 -0.000473
3.63 -0.0004895
3.64 -0.0005072
3.65 -0.000527
3.66 -0.0005468
3.67 -0.0005666
3.68 -0.0005864
3.69 -0.0006062
3.7 -0.000626
3.71 -0.0006458
3.72 -0.0006656
3.73 -0.0006854
3.74 -0.0007052
3.75 -0.000725
3.76 -0.0007448
3.77 -0.0007646
3.78 -0.0007844
3.79 -0.0008042
3.8 -0.000824
3.81 -0.0008438
3.82 -0.0008636
3.83 -0.0008834
3.84 -0.0009032
3.85 -0.000923
3.86 -0.0009428
3.87 -0.0009626
3.88 -0.0009824
3.89 -0.0010022
3.9 -0.001022
3.91 -0.0010418
3.92 -0.0010616
3.93 -0.0010814
3.94 -0.0011008
3.95 -0.001114
3.96 -0.0011272
3.97 -0.0011404
3.98 -0.0011536
3.99 -0.0011668
4 -0.00118
4.01 -0.0011932
4.02 -0.0012064
4.03 -0.0012196
4.04 -0.0012328
4.05 -0.001246
4.06 -0.0012592
4.07 -0.0012724
4.08 -0.0012856
4.09 -0.0012988
4.1 -0.001312
4.11 -0.0013252
4.12 -0.0013384
4.13 -0.0013516
4.14 -0.0013648
4.15 -0.001378
4.16 -0.0013912
4.17 -0.0014044
4.18 -0.0014176
4.19 -0.0014308
4.2 -0.001444
4.21 -0.0014572
4.22 -0.0014704
4.23 -0.0014836
4.24 -0.0014968
4.25 -0.0015075
4.26 -0.0015174
4.27 -0.0015273
4.28 -0.0015372
4.29 -0.0015471
4.3 -0.001557
4.31 -0.0015669
4.32 -0.0015768
4.33 -0.0015867
4.34 -0.0015966
4.35 -0.0016065
4.36 -0.0016164
4.37 -0.0016263
4.38 -0.0016362
4.39 -0.0016461
4.4 -0.001656
4.41 -0.0016659
4.42 -0.0016758
4.43 -0.0016857
4.44 -0.0016956
4.45 -0.0017055
4.46 -0.0017154
4.47 -0.0017253
4.48 -0.0017352
4.49 -0.0017451
4.5 -0.001755
4.51 -0.0017649
4.52 -0.0017748
4.53 -0.0017847
4.54 -0.0017946
4.55 -0.001803
4.56 -0.0018096
4.57 -0.0018162
4.58 -0.0018228
4.59 -0.0018294
4.6 -0.001836
4.61 -0.0018426
4.62 -0.0018492
4.63 -0.0018558
4.64 -0.0018624
4.65 -0.001869
4.66 -0.0018756
4.67 -0.0018822
4.68 -0.0018888
4.69 -0.0018954
4.7 -0.001902
4.71 -0.0019086
4.72 -0.0019152
4.73 -0.0019218
4.74 -0.0019284
4.75 -0.001935
4.76 -0.0019416
4.77 -0.0019482
4.78 -0.0019548
4.79 -0.0019614
4.8 -0.001968
4.81 -0.0019746
4.82 -0.0019812
4.83 -0.0019878
4.84 -0.0019944
4.85 -0.002
4.86 -0.002
4.87 -0.002
4.88 -0.002
4.89 -0.002
4.9 -0.002
4.91 -0.002
4.92 -0.002
4.93 -0.002
4.94 -0.002
4.95 -0.002
4.96 -0.002
4.97 -0.002
4.98 -0.002
4.99 -0.002
5 -0.002
5.01 -0.002
5.02 -0.002
5.03 -0.002
5.04 -0.002
5.05 -0.002
5.06 -0.002
5.07 -0.002
5.08 -0.002
5.09 -0.002
5.1 -0.002
5.11 -0.002
5.12 -0.002
5.13 -0.002
5.14 -0.002
5.15 -0.002
5.16 -0.0019944
5.17 -0.0019878
5.18 -0.0019812
5.19 -0.0019746
5.2 -0.001968
5.21 -0.0019614
5.22 -0.0019548
5.23 -0.0019482
5.24 -0.0019416
5.25 -0.001935
5.26 -0.0019284
5.27 -0.0019218
5.28 -0.0019152
5.29 -0.0019086
5.3 -0.001902
5.31 -0.0018954
5.32 -0.0018888
5.33 -0.0018822
5.34 -0.0018756
5.35 -0.001869
5.36 -0.0018624
5.37 -0.0018558
5.38 -0.0018492
5.39 -0.0018426
5.4 -0.001836
5.41 -0.0018294
5.42 -0.0018228
5.43 -0.0018162
5.44 -0.0018096
5.45 -0.001803
5.46 -0.0017946
5.47 -0.0017847
5.48 -0.0017748
5.49 -0.0017649
5.5 -0.001755
5.51 -0.0017451
5.52 -0.0017352
5.53 -0.0017253
5.54 -0.0017154
5.55 -0.0017055
5.56 -0.0016956
5.57 -0.0016857
5.58 -0.0016758
5.59 -0.0016659
5.6 -0.001656
5.61 -0.0016461
5.62 -0.0016362
5.63 -0.0016263
5.64 -0.0016164
5.65 -0.0016065
5.66 -0.0015966
5.67 -0.0015867
5.68 -0.0015768
5.69 -0.0015669
5.7 -0.001557
5.71 -0.0015471
5.72 -0.0015372
5.73 -0.0015273
5.74 -0.0015174
5.75 -0.0015075
5.76 -0.0014968
5.77 -0.0014836
5.78 -0.0014704
5.79 -0.0014572
5.8 -0.001444
5.81 -0.0014308
5.82 -0.0014176
5.83 -0.0014044
5.84 -0.0013912
5.85 -0.001378
5.86 -0.0013648
5.87 -0.0013516
5.88 -0.0013384
5.89 -0.0013252
5.9 -0.001312
5.91 -0.0012988
5.92 -0.0012856
5.93 -0.0012724
5.94 -0.0012592
5.95 -0.001246
5.96 -0.0012328
5.97 -0.0012196
5.98 -0.0012064
5.99 -0.0011932
6 -0.00118
6.01 -0.0011668
6.02 -0.0011536
6.03 -0.0011404
6.04 -0.0011272
6.05 -0.001114
6.06 -0.0011008
6.07 -0.0010845
6.08 -0.001068
6.09 -0.0010515
6.1 -0.001035
6.11 -0.0010185
6.12 -0.001002
6.13 -0.0009855
6.14 -0.000969
6.15 -0.0009525
6.16 -0.000936
6.17 -0.0009195
6.18 -0.000903
6.19 -0.0008865
6.2 -0.00087
6.21 -0.0008535
6.22 -0.000837
6.23 -0.0008205
6.24 -0.000804
6.25 -0.0007875
6.26 -0.000771
6.27 -0.0007545
6.28 -0.000738
6.29 -0.0007215
6.3 -0.000705
6.31 -0.0006885
6.32 -0.000672
6.33 -0.0006555
6.34 -0.000639
6.35 -0.0006225
6.36 -0.000606
6.37 -0.0005895
6.38 -0.000573
6.39 -0.0005565
6.4 -0.00054
6.41 -0.0005235
6.42 -0.000507
6.43 -0.0004905
6.44 -0.000474
6.45 -0.0004575
6.46 -0.000441
6.47 -0.0004245
6.48 -0.000408
6.49 -0.0003915
6.5 -0.000375
6.51 -0.0003585
6.52 -0.000342
6.53 -0.0003255
6.54 -0.000309
6.55 -0.0002925
6.56 -0.000276
6.57 -0.0002595
6.58 -0.000243
6.59 -0.0002265
6.6 -0.00021
6.61 -0.0001935
6.62 -0.000177
6.63 -0.0001605
6.64 -0.000144
6.65 -0.0001275
6.66 -0.000111
6.67 -9.34e-05
6.68 -7.36e-05
6.69 -5.38e-05
6.7 -3.4e-05
6.71 -1.42e-05
6.72 5.6e-06
6.73 2.54e-05
6.74 4.52e-05
6.75 6.5e-05
6.76 8.48e-05
6.77 0.0001046
6.78 0.0001244
6.79 0.0001442
6.8 0.000164
6.81 0.0001838
6.82 0.0002036
6.83 0.0002234
6.84 0.0002432
6.85 0.000263
6.86 0.0002828
6.87 0.0003026
6.88 0.0003224
6.89 0.0003422
6.9 0.000362
6.91 0.0003818
6.92 0.0004016
6.93 0.0004214
6.94 0.0004412
6.95 0.000461
6.96 0.0004808
6.97 0.0005005
6.98 0.000517
6.99 0.0005335
7 0.00055
7.01 0.0005665
7.02 0.000583
7.03 0.0005995
7.04 0.000616
7.05 0.0006325
7.06 0.000649
7.07 0.0006655
7.08 0.000682
7.09 0.0006985
7.1 0.000715
7.11 0.0007315
7.12 0.000748
7.13 0.0007645
7.14 0.000781
7.15 0.0007975
7.16 0.000814
7.17 0.0008305
7.18 0.000847
7.19 0.0008635
7.2 0.00088
7.21 0.0008965
7.22 0.000913
7.23 0.0009295
7.24 0.000946
7.25 0.0009625
7.26 0.000979
7.27 0.0009955
7.28 0.001012
7.29 0.0010285
7.3 0.001045
7.31 0.0010615
7.32 0.001078
7.33 0.0010945
7.34 0.001111
7.35 0.0011275
7.36 0.001144
7.37 0.0011605
7.38 0.001177
7.39 0.0011935
7.4 0.00121
7.41 0.0012265
7.42 0.001243
7.43 0.0012595
7.44 0.001276
7.45 0.0012925
7.46 0.001309
7.47 0.0013255
7.48 0.001342
7.49 0.0013585
7.5 0.001375
7.51 0.0013915
7.52 0.001408
7.53 0.0014245
7.54 0.001441
7.55 0.0014575
7.56 0.001474
7.57 0.0014905
7.58 0.0015042
7.59 0.0015141
7.6 0.001524
7.61 0.0015339
7.62 0.0015438
7.63 0.0015537
7.64 0.0015636
7.65 0.0015735
7.66 0.0015834
7.67 0.0015933
7.68 0.0016032
7.69 0.0016131
7.7 0.001623
7.71 0.0016329
7.72 0.0016428
7.73 0.0016527
7.74 0.0016626
7.75 0.0016725
7.76 0.0016824
7.77 0.0016923
7.78 0.0017022
7.79 0.0017121
7.8 0.001722
7.81 0.0017319
7.82 0.0017418
7.83 0.0017517
7.84 0.0017616
7.85 0.0017715
7.86 0.0017814
7.87 0.0017913
7.88 0.0018008
7.89 0.0018074
7.9 0.001814
7.91 0.0018206
7.92 0.0018272
7.93 0.0018338
7.94 0.0018404
7.95 0.001847
7.96 0.0018536
7.97 0.0018602
7.98 0.0018668
7.99 0.0018734
8 0.00188
8.01 0.0018866
8.02 0.0018932
8.03 0.0018998
8.04 0.0019064
8.05 0.001913
8.06 0.0019196
8.07 0.0019262
8.08 0.0019328
8.09 0.0019394
8.1 0.001946
8.11 0.0019526
8.12 0.0019592
8.13 0.0019658
8.14 0.0019724
8.15 0.001979
8.16 0.0019856
8.17 0.0019922
8.18 0.0019988
8.19 0.002
8.2 0.002
8.21 0.002
8.22 0.002
8.23 0.002
8.24 0.002
8.25 0.002
8.26 0.002
8.27 0.002
8.28 0.002
8.29 0.002
8.3 0.002
8.31 0.002
8.32 0.002
8.33 0.002
8.34 0.002
8.35 0.002
8.36 0.002
8.37 0.002
8.38 0.002
8.39 0.002
8.4 0.002
8.41 0.002
8.42 0.002
8.43 0.002
8.44 0.002
8.45 0.002
8.46 0.002
8.47 0.002
8.48 0.002
8.49 0.0019983
8.5 0.001995
8.51 0.0019917
8.52 0.0019884
8.53 0.0019851
8.54 0.0019818
8.55 0.0019785
8.56 0.0019752
8.57 0.0019719
8.58 0.0019686
8.59 0.0019653
8.6 0.001962
8.61 0.0019587
8.62 0.0019554
8.63 0.0019521
8.64 0.0019488
8.65 0.0019455
8.66 0.0019422
8.67 0.0019389
8.68 0.0019356
8.69 0.0019323
8.7 0.001929
8.71 0.0019257
8.72 0.0019224
8.73 0.0019191
8.74 0.0019158
8.75 0.0019125
8.76 0.0019092
8.77 0.0019059
8.78 0.0019026
8.79 0.0018979
8.8 0.001888
8.81 0.0018781
8.82 0.0018682
8.83 0.0018583
8.84 0.0018484
8.85 0.0018385
8.86 0.0018286
8.87 0.0018187
8.88 0.0018088
8.89 0.0017989
8.9 0.001789
8.91 0.0017791
8.92 0.0017692
8.93 0.0017593
8.94 0.0017494
8.95 0.0017395
8.96 0.0017296
8.97 0.0017197
8.98 0.0017098
8.99 0.0016999
9 0.00169
9.01 0.0016801
9.02 0.0016702
9.03 0.0016603
9.04 0.0016504
9.05 0.0016405
9.06 0.0016306
9.07 0.0016207
9.08 0.0016108
9.09 0.0016009
9.1 0.001588
9.11 0.0015748
9.12 0.0015616
9.13 0.0015484
9.14 0.0015352
9.15 0.001522
9.16 0.0015088
9.17 0.0014956
9.18 0.0014824
9.19 0.0014692
9.2 0.001456
9.21 0.0014428
9.22 0.0014296
9.23 0.0014164
9.24 0.0014032
9.25 0.00139
9.26 0.0013768
9.27 0.0013636
9.28 0.0013504
9.29 0.0013372
9.3 0.001324
9.31 0.0013108
9.32 0.0012976
9.33 0.0012844
9.34 0.0012712
9.35 0.001258
9.36 0.0012448
9.37 0.0012316
9.38 0.0012184
9.39 0.0012052
9.4 0.001188
9.41 0.0011682
9.42 0.0011484
9.43 0.0011286
9.44 0.0011088
9.45 0.001089
9.46 0.0010692
9.47 0.0010494
9.48 0.0010296
9.49 0.0010098
9.5 0.00099
9.51 0.0009702
9.52 0.0009504
9.53 0.0009306
9.54 0.0009108
9.55 0.000891
9.56 0.0008712
9.57 0.0008514
9.58 0.0008316
9.59 0.0008118
9.6 0.000792
9.61 0.0007722
9.62 0.0007524
9.63 0.0007326
9.64 0.0007128
9.65 0.000693
9.66 0.0006732
9.67 0.0006534
9.68 0.0006336
9.69 0.0006138
9.7 0.000595
9.71 0.0005785
9.72 0.000562
9.73 0.0005455
9.74 0.000529
9.75 0.0005125
9.76 0.000496
9.77 0.0004795
9.78 0.000463
9.79 0.0004465
9.8 0.00043
9.81 0.0004135
9.82 0.000397
9.83 0.0003805
9.84 0.000364
9.85 0.0003475
9.86 0.000331
9.87 0.0003145
9.88 0.000298
9.89 0.0002815
9.9 0.000265
9.91 0.0002485
9.92 0.000232
9.93 0.0002155
9.94 0.000199
9.95 0.0001825
9.96 0.000166
9.97 0.0001495
9.98 0.000133
9.99 0.0001165
10 0.0001
