-1.069904e-02
-1.066485e-02
-1.063078e-02
-1.059759e-02
-1.056559e-02
-1.053352e-02
-1.049964e-02
-1.046528e-02
-1.043116e-02
-1.039503e-02
-1.035699e-02
-1.032019e-02
-1.028454e-02
-1.025061e-02
-1.022243e-02
-1.019891e-02
-1.017187e-02
-1.013981e-02
-1.010721e-02
-1.007670e-02
-1.004328e-02
-9.996560e-03
-9.933748e-03
-9.866608e-03
-9.820453e-03
-9.810244e-03
-9.817862e-03
-9.816758e-03
-9.796618e-03
-9.769676e-03
-9.731260e-03
-9.663676e-03
-9.600230e-03
-9.591951e-03
-9.588140e-03
-9.515680e-03
-9.397828e-03
-9.288267e-03
-9.215928e-03
-9.192014e-03
-9.223493e-03
-9.285836e-03
-9.336876e-03
-9.344399e-03
-9.318173e-03
-9.285318e-03
-9.253433e-03
-9.225514e-03
-9.206212e-03
-9.162598e-03
-9.031510e-03
-8.826224e-03
-8.674559e-03
-8.731988e-03
-8.921524e-03
-9.009943e-03
-8.984476e-03
-8.932153e-03
-8.829708e-03
-8.633761e-03
-8.383792e-03
-8.181480e-03
-8.105160e-03
-8.092999e-03
-8.009493e-03
-7.791327e-03
-7.618443e-03
-7.679109e-03
-7.790849e-03
-7.806246e-03
-7.868777e-03
-8.071401e-03
-8.319756e-03
-8.469956e-03
-8.482588e-03
-8.455901e-03
-8.385118e-03
-8.159835e-03
-7.802794e-03
-7.447998e-03
-7.225256e-03
-7.150896e-03
-7.118994e-03
-7.057848e-03
-7.000413e-03
-7.078333e-03
-7.377601e-03
-7.780114e-03
-7.972307e-03
-7.738780e-03
-7.301734e-03
-6.782115e-03
-6.056447e-03
-5.324195e-03
-4.976402e-03
-4.915648e-03
-4.884829e-03
-4.807020e-03
-4.665985e-03
-4.547277e-03
-4.779356e-03
-5.441485e-03
-5.936634e-03
-6.100627e-03
-6.368620e-03
-6.563393e-03
-6.257286e-03
-5.843287e-03
-5.634516e-03
-5.315155e-03
-4.709775e-03
-4.029342e-03
-3.567866e-03
-3.410345e-03
-3.364176e-03
-3.298027e-03
-3.195867e-03
-3.067424e-03
-3.037843e-03
-3.302113e-03
-3.709604e-03
-3.890829e-03
-3.868300e-03
-3.732033e-03
-3.304144e-03
-2.757718e-03
-2.743248e-03
-3.515089e-03
-4.793942e-03
-5.975403e-03
-6.704776e-03
-7.026073e-03
-6.795609e-03
-5.636006e-03
-3.461289e-03
-4.751766e-04
2.582179e-03
4.787642e-03
5.624017e-03
5.516637e-03
4.898061e-03
3.795180e-03
2.330287e-03
1.126682e-03
1.103711e-03
2.437050e-03
3.659500e-03
4.103396e-03
4.681167e-03
5.615972e-03
5.986073e-03
4.951878e-03
2.724348e-03
4.953141e-04
-1.578153e-03
-4.063282e-03
-6.377176e-03
-7.517444e-03
-7.393164e-03
-6.368813e-03
-4.643202e-03
-2.214241e-03
6.181297e-04
2.862186e-03
4.163050e-03
5.168037e-03
6.331860e-03
7.527148e-03
8.322731e-03
8.491100e-03
8.396615e-03
8.974015e-03
1.082403e-02
1.295060e-02
1.428608e-02
1.482300e-02
1.505785e-02
1.522798e-02
1.498915e-02
1.423544e-02
1.371200e-02
1.385600e-02
1.416532e-02
1.361334e-02
1.185608e-02
1.003093e-02
8.773728e-03
7.723685e-03
6.934168e-03
6.761397e-03
6.889573e-03
7.115505e-03
7.815074e-03
9.375870e-03
1.172743e-02
1.398904e-02
1.545430e-02
1.614177e-02
1.610720e-02
1.528124e-02
1.401718e-02
1.290477e-02
1.240046e-02
1.240799e-02
1.251051e-02
1.287541e-02
1.409962e-02
1.627583e-02
1.878980e-02
2.073895e-02
2.211004e-02
2.356936e-02
2.532500e-02
2.630186e-02
2.522524e-02
2.334271e-02
2.264971e-02
2.241299e-02
2.155819e-02
2.077420e-02
2.099701e-02
2.224944e-02
2.345245e-02
2.368561e-02
2.340798e-02
2.405418e-02
2.630231e-02
2.779147e-02
2.618629e-02
2.301762e-02
2.028067e-02
1.844977e-02
1.742453e-02
1.725372e-02
1.783928e-02
1.938723e-02
2.242168e-02
2.713072e-02
3.267757e-02
3.663374e-02
3.736952e-02
3.577424e-02
3.252565e-02
2.764876e-02
2.233281e-02
1.778454e-02
1.411807e-02
1.178527e-02
1.168541e-02
1.382977e-02
1.790353e-02
2.313947e-02
2.859794e-02
3.354896e-02
3.814446e-02
4.235175e-02
4.499019e-02
4.568489e-02
4.567608e-02
4.495710e-02
4.290017e-02
4.104725e-02
4.029302e-02
3.902205e-02
3.650485e-02
3.346734e-02
2.999523e-02
2.617966e-02
2.320644e-02
2.139862e-02
1.999457e-02
1.938087e-02
2.021190e-02
2.125454e-02
2.151522e-02
2.141024e-02
2.139680e-02
2.146106e-02
2.149490e-02
2.151515e-02
2.155189e-02
2.155798e-02
2.156481e-02
2.197408e-02
2.333319e-02
2.570584e-02
2.843013e-02
3.043197e-02
3.128486e-02
3.165752e-02
3.307567e-02
3.542617e-02
3.680559e-02
3.617230e-02
3.371547e-02
3.063616e-02
2.780652e-02
2.568005e-02
2.491119e-02
2.570622e-02
2.701853e-02
2.908688e-02
3.325159e-02
3.781805e-02
3.966154e-02
3.917111e-02
3.746489e-02
3.442402e-02
3.079585e-02
2.826495e-02
2.713826e-02
2.718967e-02
2.860488e-02
3.125855e-02
3.430433e-02
3.722230e-02
4.010179e-02
4.308673e-02
4.578751e-02
4.728355e-02
4.658959e-02
4.315331e-02
3.805495e-02
3.246596e-02
2.728291e-02
2.339638e-02
2.127446e-02
1.998845e-02
1.861656e-02
1.751967e-02
1.834183e-02
2.233093e-02
2.807900e-02
3.422112e-02
4.092773e-02
4.721445e-02
5.098870e-02
5.243809e-02
5.237305e-02
5.002710e-02
4.494741e-02
3.879104e-02
3.318168e-02
2.861921e-02
2.489939e-02
2.192137e-02
1.973085e-02
1.855248e-02
1.833618e-02
1.764948e-02
1.511468e-02
1.157353e-02
9.806135e-03
1.189196e-02
1.580170e-02
1.935377e-02
2.353305e-02
2.853551e-02
3.213543e-02
3.276080e-02
3.056876e-02
2.746086e-02
2.444079e-02
2.145529e-02
1.926260e-02
1.852980e-02
1.798084e-02
1.719396e-02
1.790399e-02
2.056233e-02
2.375856e-02
2.630203e-02
2.785563e-02
2.861362e-02
2.857337e-02
2.760273e-02
2.603232e-02
2.467303e-02
2.451923e-02
2.570351e-02
2.731541e-02
2.883711e-02
3.023382e-02
3.122547e-02
3.124185e-02
2.976962e-02
2.636965e-02
2.120788e-02
1.619898e-02
1.304937e-02
1.174618e-02
1.204864e-02
1.409362e-02
1.760940e-02
2.166230e-02
2.431987e-02
2.401094e-02
2.088998e-02
1.699061e-02
1.368507e-02
1.018544e-02
6.506200e-03
4.391251e-03
5.078752e-03
8.753052e-03
1.408021e-02
1.950973e-02
2.374979e-02
2.653259e-02
2.832454e-02
2.906484e-02
2.767318e-02
2.360594e-02
1.870117e-02
1.575408e-02
1.485213e-02
1.481185e-02
1.529365e-02
1.713896e-02
2.076717e-02
2.407793e-02
2.505620e-02
2.488784e-02
2.445591e-02
2.294338e-02
1.998669e-02
1.582350e-02
1.076604e-02
5.425971e-03
1.068723e-03
-1.523540e-03
-2.219164e-03
-8.944621e-04
3.176563e-03
9.995215e-03
1.828491e-02
2.624313e-02
3.284127e-02
3.742179e-02
3.969265e-02
3.988262e-02
3.888095e-02
3.722729e-02
3.456718e-02
3.045721e-02
2.496778e-02
1.899100e-02
1.341055e-02
8.828375e-03
5.559072e-03
3.940057e-03
4.038719e-03
6.022008e-03
9.652401e-03
1.345000e-02
1.688876e-02
2.086022e-02
2.381744e-02
2.261440e-02
1.729350e-02
8.832318e-03
-2.223881e-03
-1.418239e-02
-2.398437e-02
-3.012241e-02
-3.237957e-02
-3.067702e-02
-2.302439e-02
-8.317882e-03
9.294325e-03
2.411135e-02
3.489784e-02
4.231380e-02
4.710902e-02
4.999876e-02
5.174907e-02
5.318464e-02
5.460361e-02
5.602714e-02
5.761505e-02
5.926703e-02
5.965962e-02
5.752744e-02
5.375014e-02
4.944734e-02
4.507164e-02
4.103901e-02
3.788256e-02
3.601149e-02
3.617913e-02
3.882984e-02
4.306511e-02
4.757454e-02
5.192292e-02
5.623327e-02
6.056883e-02
6.495564e-02
6.937418e-02
7.341167e-02
7.640662e-02
7.837300e-02
8.026486e-02
8.285101e-02
8.467553e-02
8.411858e-02
8.239615e-02
8.084725e-02
7.948962e-02
7.811417e-02
7.669002e-02
7.486906e-02
7.183145e-02
6.719131e-02
6.173599e-02
5.591458e-02
4.819623e-02
3.752960e-02
2.567739e-02
1.384826e-02
1.515299e-03
-1.217313e-02
-2.780822e-02
-4.482450e-02
-6.131205e-02
-7.509633e-02
-8.579353e-02
-9.338943e-02
-9.791138e-02
-9.981355e-02
-1.003295e-01
-9.966215e-02
-9.738299e-02
-9.478797e-02
-9.318771e-02
-9.259606e-02
-9.272626e-02
-9.376806e-02
-9.616397e-02
-1.001624e-01
-1.052397e-01
-1.113408e-01
-1.190136e-01
-1.284424e-01
-1.396995e-01
-1.521922e-01
-1.647289e-01
-1.760300e-01
-1.856156e-01
-1.931280e-01
-1.983937e-01
-2.014802e-01
-2.028562e-01
-2.016675e-01
-1.959566e-01
-1.854091e-01
-1.698530e-01
-1.502420e-01
-1.290132e-01
-1.082827e-01
-8.745131e-02
-6.452184e-02
-3.879667e-02
-1.197518e-02
1.288376e-02
3.424041e-02
5.245347e-02
6.979124e-02
8.641135e-02
1.003158e-01
1.114546e-01
1.215383e-01
1.324364e-01
1.437842e-01
1.523390e-01
1.564570e-01
1.610650e-01
1.772311e-01
2.045215e-01
2.248424e-01
2.310248e-01
2.311903e-01
2.307602e-01
2.241175e-01
2.037016e-01
1.770285e-01
1.598490e-01
1.507093e-01
1.393652e-01
1.229722e-01
1.048594e-01
8.873855e-02
7.403971e-02
5.870448e-02
4.236780e-02
2.456232e-02
4.461280e-03
-1.633905e-02
-3.495112e-02
-5.033073e-02
-6.188246e-02
-6.988107e-02
-7.640897e-02
-8.318602e-02
-8.822153e-02
-8.943062e-02
-8.893536e-02
-8.880562e-02
-8.892631e-02
-8.877600e-02
-8.885755e-02
-9.029158e-02
-9.257122e-02
-9.372647e-02
-9.384057e-02
-9.492425e-02
-9.832991e-02
-1.034564e-01
-1.083437e-01
-1.134386e-01
-1.208674e-01
-1.307538e-01
-1.420477e-01
-1.531844e-01
-1.626160e-01
-1.696166e-01
-1.750553e-01
-1.791863e-01
-1.812844e-01
-1.819024e-01
-1.826690e-01
-1.837917e-01
-1.855809e-01
-1.904594e-01
-2.002487e-01
-2.136858e-01
-2.275018e-01
-2.384154e-01
-2.437645e-01
-2.387132e-01
-2.185156e-01
-1.827061e-01
-1.363378e-01
-9.199802e-02
-5.823347e-02
-3.258460e-02
-1.157546e-02
5.132798e-03
1.769200e-02
2.721279e-02
3.641702e-02
4.602755e-02
5.450621e-02
6.138051e-02
6.730353e-02
7.308409e-02
7.883106e-02
8.443222e-02
9.076242e-02
9.886509e-02
1.079009e-01
1.163364e-01
1.233605e-01
1.292896e-01
1.339949e-01
1.354744e-01
1.322936e-01
1.262890e-01
1.182695e-01
1.072039e-01
9.337359e-02
7.766369e-02
6.139384e-02
4.610060e-02
3.237385e-02
1.817798e-02
2.191847e-03
-1.250900e-02
-2.355813e-02
-3.230863e-02
-4.115152e-02
-5.219017e-02
-6.706839e-02
-8.648887e-02
-1.091262e-01
-1.346557e-01
-1.635289e-01
-1.933506e-01
-2.210582e-01
-2.450856e-01
-2.643516e-01
-2.785151e-01
-2.891529e-01
-2.963769e-01
-2.984508e-01
-2.941102e-01
-2.836179e-01
-2.660037e-01
-2.395482e-01
-2.078565e-01
-1.749441e-01
-1.426080e-01
-1.107851e-01
-7.898572e-02
-4.825638e-02
-2.103380e-02
8.434180e-04
1.813275e-02
3.300691e-02
4.698396e-02
6.010512e-02
7.186908e-02
8.181703e-02
9.042300e-02
1.001035e-01
1.128493e-01
1.256885e-01
1.345541e-01
1.436411e-01
1.716289e-01
2.256537e-01
2.707140e-01
2.838355e-01
2.818465e-01
2.810626e-01
2.821591e-01
2.814533e-01
2.786659e-01
2.761509e-01
2.749153e-01
2.737897e-01
2.704215e-01
2.637026e-01
2.556789e-01
2.479417e-01
2.404192e-01
2.328114e-01
2.251451e-01
2.174954e-01
2.098487e-01
2.022091e-01
1.946639e-01
1.869264e-01
1.780127e-01
1.661648e-01
1.489971e-01
1.227366e-01
8.502990e-02
4.165199e-02
-1.835901e-03
-4.385519e-02
-8.323920e-02
-1.186360e-01
-1.506688e-01
-1.796308e-01
-2.046465e-01
-2.243266e-01
-2.379040e-01
-2.457665e-01
-2.485030e-01
-2.488498e-01
-2.488188e-01
-2.488649e-01
-2.490418e-01
-2.489540e-01
-2.477171e-01
-2.453651e-01
-2.432438e-01
-2.414206e-01
-2.389947e-01
-2.364200e-01
-2.348722e-01
-2.349223e-01
-2.365119e-01
-2.391272e-01
-2.416907e-01
-2.432910e-01
-2.439446e-01
-2.440954e-01
-2.440593e-01
-2.438243e-01
-2.440508e-01
-2.464485e-01
-2.517847e-01
-2.592798e-01
-2.690755e-01
-2.811119e-01
-2.918280e-01
-2.982057e-01
-3.006962e-01
-2.996148e-01
-2.942306e-01
-2.854055e-01
-2.741532e-01
-2.615414e-01
-2.489746e-01
-2.378444e-01
-2.286083e-01
-2.210083e-01
-2.139664e-01
-2.067408e-01
-1.993839e-01
-1.924526e-01
-1.864365e-01
-1.808994e-01
-1.748515e-01
-1.673945e-01
-1.585219e-01
-1.486335e-01
-1.379971e-01
-1.264367e-01
-1.139797e-01
-1.011723e-01
-8.816336e-02
-7.377721e-02
-5.708840e-02
-3.892985e-02
-1.975027e-02
2.452319e-04
1.890823e-02
3.437745e-02
4.835654e-02
6.278151e-02
7.760468e-02
9.113382e-02
1.020536e-01
1.117575e-01
1.218965e-01
1.330119e-01
1.445149e-01
1.549795e-01
1.628814e-01
1.679252e-01
1.719904e-01
1.761295e-01
1.796017e-01
1.812240e-01
1.800252e-01
1.759722e-01
1.678855e-01
1.531698e-01
1.302975e-01
1.008416e-01
7.222082e-02
4.817070e-02
2.629017e-02
5.899094e-03
-1.125002e-02
-2.531182e-02
-3.660355e-02
-4.484668e-02
-5.032764e-02
-5.367258e-02
-5.585434e-02
-5.754924e-02
-5.911610e-02
-6.013735e-02
-6.044641e-02
-6.205135e-02
-6.704483e-02
-7.506104e-02
-8.568235e-02
-9.880919e-02
-1.131255e-01
-1.278340e-01
-1.436758e-01
-1.603406e-01
-1.755203e-01
-1.873530e-01
-1.955658e-01
-2.021316e-01
-2.074068e-01
-2.100392e-01
-2.096406e-01
-2.052989e-01
-1.927628e-01
-1.662330e-01
-1.266773e-01
-8.275424e-02
-4.343737e-02
-8.266974e-03
2.565163e-02
5.722963e-02
8.489704e-02
1.091281e-01
1.310158e-01
1.507657e-01
1.676817e-01
1.794941e-01
1.875222e-01
2.029857e-01
2.317308e-01
2.549419e-01
2.598151e-01
2.570652e-01
2.569172e-01
2.598362e-01
2.630631e-01
2.658043e-01
2.686221e-01
2.713678e-01
2.733412e-01
2.743103e-01
2.744602e-01
2.743649e-01
2.744000e-01
2.744677e-01
2.740914e-01
2.729627e-01
2.714744e-01
2.698194e-01
2.682243e-01
2.673525e-01
2.658485e-01
2.579075e-01
2.389468e-01
2.122278e-01
1.849790e-01
1.613880e-01
1.377327e-01
1.101620e-01
8.014720e-02
4.895133e-02
1.659697e-02
-1.500854e-02
-4.518686e-02
-7.695536e-02
-1.099432e-01
-1.395862e-01
-1.649649e-01
-1.881990e-01
-2.112871e-01
-2.341354e-01
-2.551859e-01
-2.727529e-01
-2.857112e-01
-2.953408e-01
-3.028418e-01
-3.090694e-01
-3.150929e-01
-3.218914e-01
-3.297113e-01
-3.381053e-01
-3.461835e-01
-3.534421e-01
-3.596751e-01
-3.644594e-01
-3.680030e-01
-3.717214e-01
-3.751904e-01
-3.766502e-01
-3.776663e-01
-3.809650e-01
-3.861285e-01
-3.920187e-01
-3.981365e-01
-4.029657e-01
-4.042971e-01
-4.016080e-01
-3.946683e-01
-3.836097e-01
-3.684551e-01
-3.495318e-01
-3.294015e-01
-3.104535e-01
-2.928622e-01
-2.748250e-01
-2.545019e-01
-2.330227e-01
-2.124953e-01
-1.932353e-01
-1.741247e-01
-1.542079e-01
-1.348410e-01
-1.180774e-01
-1.035834e-01
-9.063283e-02
-7.912898e-02
-6.961961e-02
-6.290869e-02
-5.882145e-02
-5.702627e-02
-5.660985e-02
-5.640631e-02
-5.545006e-02
-5.317930e-02
-4.906880e-02
-4.279060e-02
-3.361942e-02
-2.100899e-02
-6.049444e-03
9.684777e-03
2.455917e-02
3.727787e-02
4.750530e-02
5.601648e-02
6.333680e-02
6.931223e-02
7.402227e-02
7.832151e-02
8.232226e-02
8.558912e-02
8.881994e-02
9.302019e-02
9.829561e-02
1.038521e-01
1.086914e-01
1.125087e-01
1.156179e-01
1.189795e-01
1.235724e-01
1.298347e-01
1.374258e-01
1.459140e-01
1.547594e-01
1.631824e-01
1.702550e-01
1.754271e-01
1.788299e-01
1.816912e-01
1.842317e-01
1.855207e-01
1.856883e-01
1.855519e-01
1.850689e-01
1.838717e-01
1.823130e-01
1.808306e-01
1.794568e-01
1.777445e-01
1.749207e-01
1.705368e-01
1.649737e-01
1.591507e-01
1.531014e-01
1.461083e-01
1.380599e-01
1.296777e-01
1.219200e-01
1.144353e-01
1.061331e-01
9.679795e-02
8.678891e-02
7.663876e-02
6.653659e-02
5.639616e-02
4.652858e-02
3.795358e-02
3.161377e-02
2.703019e-02
2.281313e-02
1.873442e-02
1.572227e-02
1.432361e-02
1.402305e-02
1.396667e-02
1.470487e-02
1.698608e-02
1.950133e-02
2.110306e-02
2.229112e-02
2.411232e-02
2.668521e-02
2.854960e-02
2.899716e-02
2.898284e-02
2.846004e-02
2.640063e-02
2.326587e-02
2.044220e-02
1.902306e-02
1.892326e-02
1.909818e-02
1.866106e-02
1.744200e-02
1.601403e-02
1.423659e-02
1.115882e-02
6.207558e-03
-6.149102e-04
-8.158572e-03
-1.509645e-02
-2.066017e-02
-2.493137e-02
-2.800215e-02
-2.964471e-02
-3.024693e-02
-3.107770e-02
-3.180470e-02
-3.128458e-02
-3.041179e-02
-2.977800e-02
-2.825410e-02
-2.620612e-02
-2.521082e-02
-2.430893e-02
-2.223117e-02
-2.045618e-02
-2.004208e-02
-2.017363e-02
-2.055284e-02
-2.163884e-02
-2.319079e-02
-2.462574e-02
-2.541271e-02
-2.486043e-02
-2.260323e-02
-1.965849e-02
-1.652447e-02
-1.233303e-02
-6.229055e-03
1.778325e-03
1.052340e-02
1.928354e-02
2.847345e-02
3.875263e-02
5.005188e-02
6.094398e-02
7.009316e-02
7.794250e-02
8.514744e-02
9.165069e-02
9.679304e-02
1.002318e-01
1.030751e-01
1.056332e-01
1.069390e-01
1.069725e-01
1.068096e-01
1.074013e-01
1.085384e-01
1.087509e-01
1.069168e-01
1.032317e-01
9.932301e-02
9.605404e-02
9.253935e-02
8.852928e-02
8.496285e-02
8.240338e-02
8.078095e-02
7.951062e-02
7.795251e-02
7.559738e-02
7.254326e-02
6.968601e-02
6.812997e-02
6.745667e-02
6.580091e-02
6.352503e-02
6.260356e-02
6.323184e-02
6.461497e-02
6.610043e-02
6.751891e-02
6.895427e-02
7.041803e-02
7.186367e-02
7.327124e-02
7.473126e-02
7.627184e-02
7.746046e-02
7.761860e-02
7.680659e-02
7.556270e-02
7.381183e-02
6.910849e-02
5.937459e-02
4.785447e-02
3.721879e-02
2.657460e-02
1.506496e-02
3.338863e-03
-7.323100e-03
-1.634127e-02
-2.423616e-02
-3.101730e-02
-3.630451e-02
-4.047614e-02
-4.315325e-02
-4.318763e-02
-4.098363e-02
-3.814829e-02
-3.375508e-02
-2.634998e-02
-1.839011e-02
-1.237949e-02
-8.416392e-03
-6.132248e-03
-5.509623e-03
-5.965916e-03
-7.687743e-03
-1.154567e-02
-1.716239e-02
-2.316569e-02
-2.856663e-02
-3.293945e-02
-3.640546e-02
-3.946572e-02
-4.244906e-02
-4.457044e-02
-4.506738e-02
-4.519951e-02
-4.721652e-02
-5.246248e-02
-5.971175e-02
-6.711471e-02
-7.388306e-02
-7.935099e-02
-8.269984e-02
-8.373397e-02
-8.279288e-02
-8.071235e-02
-7.795160e-02
-7.486115e-02
-7.234988e-02
-7.152070e-02
-7.257983e-02
-7.506399e-02
-7.799882e-02
-8.108576e-02
-8.419760e-02
-8.534788e-02
-8.209859e-02
-7.442903e-02
-6.265353e-02
-4.768538e-02
-3.324724e-02
-2.311919e-02
-1.670047e-02
-1.212552e-02
-7.972464e-03
-3.353632e-03
2.115147e-03
8.327766e-03
1.562839e-02
2.497534e-02
3.716741e-02
5.195340e-02
6.764515e-02
8.404803e-02
1.024744e-01
1.212259e-01
1.367888e-01
1.499642e-01
1.625321e-01
1.727187e-01
1.787166e-01
1.830827e-01
1.922427e-01
2.083216e-01
2.213418e-01
2.246901e-01
2.238971e-01
2.245947e-01
2.249017e-01
2.176721e-01
2.026326e-01
1.905527e-01
1.843979e-01
1.772381e-01
1.647904e-01
1.465125e-01
1.237463e-01
9.827787e-02
7.274266e-02
4.972388e-02
2.987941e-02
1.070197e-02
-8.898428e-03
-2.759897e-02
-4.497983e-02
-6.091350e-02
-7.407698e-02
-8.326197e-02
-8.934986e-02
-9.309304e-02
-9.414631e-02
-9.285116e-02
-9.048794e-02
-8.945468e-02
-9.139862e-02
-9.610788e-02
-1.018021e-01
-1.079040e-01
-1.157095e-01
-1.252943e-01
-1.348636e-01
-1.429963e-01
-1.490713e-01
-1.533636e-01
-1.566049e-01
-1.596030e-01
-1.618748e-01
-1.625043e-01
-1.623729e-01
-1.621317e-01
-1.609145e-01
-1.571551e-01
-1.499238e-01
-1.402862e-01
-1.286029e-01
-1.145152e-01
-9.891493e-02
-8.305250e-02
-6.595874e-02
-4.678762e-02
-2.765680e-02
-9.765598e-03
7.536692e-03
2.362658e-02
3.767874e-02
5.096143e-02
6.271661e-02
7.039451e-02
7.572489e-02
8.186061e-02
8.762475e-02
9.136655e-02
9.415626e-02
9.631311e-02
9.715503e-02
9.798310e-02
1.003561e-01
1.040446e-01
1.087054e-01
1.141612e-01
1.191077e-01
1.225771e-01
1.258459e-01
1.300973e-01
1.348380e-01
1.382314e-01
1.390036e-01
1.386196e-01
1.387315e-01
1.396371e-01
1.410746e-01
1.436730e-01
1.492600e-01
1.584880e-01
1.690052e-01
1.791096e-01
1.891342e-01
1.995815e-01
2.092485e-01
2.157682e-01
2.191948e-01
2.217804e-01
2.242602e-01
2.260727e-01
2.274278e-01
2.287943e-01
2.302664e-01
2.317639e-01
2.331997e-01
2.345491e-01
2.360040e-01
2.377257e-01
2.388477e-01
2.378237e-01
2.348291e-01
2.312532e-01
2.259219e-01
2.101379e-01
1.784949e-01
1.472662e-01
1.300262e-01
1.172091e-01
9.958801e-02
7.875208e-02
5.827926e-02
3.977328e-02
2.389943e-02
1.013614e-02
-3.117266e-03
-1.465675e-02
-2.189045e-02
-2.596962e-02
-2.905940e-02
-3.215593e-02
-3.451471e-02
-3.518995e-02
-3.573672e-02
-3.857001e-02
-4.472634e-02
-5.324129e-02
-6.214103e-02
-7.024367e-02
-7.776278e-02
-8.575777e-02
-9.393984e-02
-1.008489e-01
-1.062544e-01
-1.107209e-01
-1.145568e-01
-1.171860e-01
-1.181346e-01
-1.185290e-01
-1.195507e-01
-1.205133e-01
-1.208690e-01
-1.214674e-01
-1.230806e-01
-1.257098e-01
-1.286932e-01
-1.315861e-01
-1.344135e-01
-1.373450e-01
-1.403214e-01
-1.425570e-01
-1.427786e-01
-1.401513e-01
-1.340648e-01
-1.244423e-01
-1.121115e-01
-9.805076e-02
-8.393175e-02
-7.102393e-02
-5.921470e-02
-4.698208e-02
-3.321479e-02
-1.918873e-02
-5.730179e-03
7.960983e-03
2.215996e-02
3.669668e-02
5.226005e-02
6.894021e-02
8.500358e-02
9.953101e-02
1.129489e-01
1.249307e-01
1.340347e-01
1.397714e-01
1.429739e-01
1.449435e-01
1.454015e-01
1.433124e-01
1.395904e-01
1.350642e-01
1.293752e-01
1.212608e-01
1.093851e-01
9.439491e-02
7.748199e-02
6.005297e-02
4.253787e-02
2.424307e-02
4.469363e-03
-1.681025e-02
-3.817309e-02
-5.787625e-02
-7.506535e-02
-9.058948e-02
-1.050130e-01
-1.177078e-01
-1.275704e-01
-1.340410e-01
-1.373669e-01
-1.380600e-01
-1.378015e-01
-1.378221e-01
-1.385198e-01
-1.405198e-01
-1.442610e-01
-1.484001e-01
-1.512548e-01
-1.523958e-01
-1.526384e-01
-1.526178e-01
-1.512839e-01
-1.476092e-01
-1.424514e-01
-1.362296e-01
-1.285209e-01
-1.198825e-01
-1.110527e-01
-1.022374e-01
-9.388041e-02
-8.638544e-02
-7.827327e-02
-6.759291e-02
-5.503294e-02
-4.220154e-02
-3.014283e-02
-1.844049e-02
-5.804065e-03
8.134992e-03
2.188645e-02
3.269688e-02
3.986111e-02
4.469251e-02
4.845922e-02
5.160822e-02
5.452097e-02
5.718422e-02
5.916363e-02
6.031585e-02
6.045653e-02
5.923660e-02
5.620344e-02
5.147819e-02
4.566103e-02
3.852057e-02
2.923360e-02
1.864187e-02
9.463771e-03
1.787847e-03
-6.305859e-03
-1.476690e-02
-2.196423e-02
-2.679812e-02
-2.988011e-02
-3.258134e-02
-3.543735e-02
-3.843022e-02
-4.148842e-02
-4.393893e-02
-4.493165e-02
-4.493904e-02
-4.480196e-02
-4.474329e-02
-4.498573e-02
-4.587137e-02
-4.718026e-02
-4.871410e-02
-5.086455e-02
-5.333010e-02
-5.468500e-02
-5.463724e-02
-5.449188e-02
-5.570032e-02
-5.785997e-02
-5.864273e-02
-5.757939e-02
-5.594194e-02
-5.364287e-02
-4.985149e-02
-4.484950e-02
-3.863561e-02
-3.087485e-02
-2.261346e-02
-1.499210e-02
-7.721809e-03
-8.560647e-04
4.663632e-03
8.925240e-03
1.318872e-02
1.872853e-02
2.544357e-02
3.193908e-02
3.812024e-02
4.483051e-02
5.193137e-02
5.948860e-02
6.831382e-02
7.782778e-02
8.619068e-02
9.266820e-02
9.720177e-02
1.000786e-01
1.016274e-01
1.021793e-01
1.015338e-01
9.912268e-02
9.507668e-02
8.908646e-02
8.064244e-02
7.047365e-02
6.022039e-02
5.161243e-02
4.556159e-02
4.151707e-02
3.877176e-02
3.702182e-02
3.572367e-02
3.415001e-02
3.185344e-02
2.937783e-02
2.745256e-02
2.544795e-02
2.305858e-02
2.155608e-02
2.086860e-02
1.919348e-02
1.634923e-02
1.329734e-02
1.004150e-02
5.455200e-03
-1.429077e-03
-1.023241e-02
-2.019059e-02
-3.094674e-02
-4.218864e-02
-5.309728e-02
-6.314320e-02
-7.217571e-02
-7.993537e-02
-8.600849e-02
-9.047022e-02
-9.279307e-02
-9.190830e-02
-8.749569e-02
-7.955195e-02
-6.931142e-02
-5.777682e-02
-4.535537e-02
-3.209783e-02
-1.783269e-02
-3.090430e-03
1.099465e-02
2.360309e-02
3.567804e-02
4.821760e-02
5.980104e-02
6.908144e-02
7.686986e-02
8.358000e-02
8.877602e-02
9.307047e-02
9.724116e-02
1.015073e-01
1.061984e-01
1.115233e-01
1.167145e-01
1.215924e-01
1.273867e-01
1.337039e-01
1.389066e-01
1.447457e-01
1.534454e-01
1.622221e-01
1.687154e-01
1.742854e-01
1.796522e-01
1.833580e-01
1.840358e-01
1.819319e-01
1.790335e-01
1.753414e-01
1.694108e-01
1.624620e-01
1.562791e-01
1.503567e-01
1.422431e-01
1.295477e-01
1.119343e-01
8.969341e-02
6.464062e-02
3.950014e-02
1.683705e-02
-3.014193e-03
-2.067077e-02
-3.592168e-02
-4.760716e-02
-5.557336e-02
-6.147332e-02
-6.712186e-02
-7.266826e-02
-7.686867e-02
-7.882336e-02
-7.919380e-02
-7.905357e-02
-7.797985e-02
-7.590026e-02
-7.447797e-02
-7.350523e-02
-7.144018e-02
-7.045396e-02
-7.318299e-02
-7.726158e-02
-8.071836e-02
-8.444802e-02
-8.824903e-02
-9.037544e-02
-9.038038e-02
-8.937753e-02
-8.893125e-02
-8.804308e-02
-8.394059e-02
-7.567050e-02
-6.319795e-02
-4.726604e-02
-2.784559e-02
-4.821690e-03
1.958657e-02
4.296143e-02
6.465405e-02
8.481765e-02
1.034054e-01
1.194681e-01
1.319920e-01
1.421290e-01
1.506071e-01
1.569486e-01
1.605492e-01
1.613301e-01
1.610164e-01
1.609975e-01
1.612841e-01
1.608465e-01
1.586869e-01
1.555198e-01
1.527975e-01
1.514559e-01
1.511555e-01
1.511904e-01
1.521576e-01
1.543418e-01
1.560249e-01
1.564787e-01
1.565458e-01
1.555387e-01
1.520960e-01
1.473888e-01
1.431071e-01
1.397423e-01
1.367967e-01
1.339306e-01
1.319192e-01
1.318013e-01
1.335714e-01
1.363242e-01
1.392788e-01
1.426221e-01
1.467017e-01
1.511208e-01
1.555505e-01
1.599130e-01
1.638347e-01
1.670246e-01
1.698990e-01
1.725514e-01
1.746201e-01
1.759964e-01
1.760872e-01
1.733688e-01
1.663781e-01
1.550974e-01
1.399609e-01
1.218751e-01
1.041316e-01
8.916577e-02
7.646165e-02
6.529370e-02
5.577056e-02
4.789280e-02
4.198688e-02
3.834619e-02
3.698591e-02
3.753214e-02
3.967219e-02
4.364426e-02
4.936408e-02
5.643367e-02
6.396698e-02
7.064969e-02
7.550585e-02
7.906450e-02
8.210541e-02
8.500216e-02
8.776810e-02
9.066477e-02
9.464081e-02
9.990144e-02
1.050861e-01
1.095682e-01
1.138174e-01
1.178351e-01
1.208082e-01
1.218173e-01
1.199579e-01
1.147135e-01
1.063965e-01
9.542638e-02
8.301777e-02
7.022675e-02
5.779092e-02
4.690120e-02
3.894348e-02
3.345778e-02
2.828704e-02
2.074469e-02
1.090140e-02
5.391824e-04
-1.005813e-02
-2.127529e-02
-3.240758e-02
-4.201492e-02
-4.909818e-02
-5.400592e-02
-5.713530e-02
-5.905765e-02
-6.095765e-02
-6.418141e-02
-6.885547e-02
-7.449229e-02
-8.082045e-02
-8.811146e-02
-9.645133e-02
-1.046103e-01
-1.110224e-01
-1.155931e-01
-1.185335e-01
-1.198937e-01
-1.194844e-01
-1.172352e-01
-1.141866e-01
-1.112527e-01
-1.084992e-01
-1.054033e-01
-1.014788e-01
-9.706629e-02
-9.272494e-02
-8.851396e-02
-8.391865e-02
-7.856692e-02
-7.321585e-02
-6.846178e-02
-6.351442e-02
-5.817505e-02
-5.325943e-02
-4.844649e-02
-4.310288e-02
-3.832240e-02
-3.496128e-02
-3.218418e-02
-2.957577e-02
-2.764868e-02
-2.663508e-02
-2.658454e-02
-2.738023e-02
-2.870843e-02
-3.020354e-02
-3.172261e-02
-3.306090e-02
-3.380959e-02
-3.399742e-02
-3.401264e-02
-3.360135e-02
-3.248114e-02
-3.152621e-02
-3.134999e-02
-3.145568e-02
-3.137746e-02
-3.137061e-02
-3.203730e-02
-3.302120e-02
-3.296458e-02
-3.173430e-02
-3.015086e-02
-2.818799e-02
-2.564720e-02
-2.330818e-02
-2.188905e-02
-2.146167e-02
-2.187114e-02
-2.311407e-02
-2.510936e-02
-2.821930e-02
-3.297020e-02
-3.885978e-02
-4.466054e-02
-4.922267e-02
-5.244327e-02
-5.527233e-02
-5.785949e-02
-5.968560e-02
-6.104497e-02
-6.243537e-02
-6.391716e-02
-6.534270e-02
-6.673951e-02
-6.855577e-02
-7.130328e-02
-7.496468e-02
-7.922271e-02
-8.365910e-02
-8.774405e-02
-9.076084e-02
-9.227504e-02
-9.240456e-02
-9.166823e-02
-8.947792e-02
-8.446805e-02
-7.704767e-02
-6.903781e-02
-6.268708e-02
-5.841873e-02
-5.539676e-02
-5.310646e-02
-5.138760e-02
-4.989988e-02
-4.879688e-02
-4.839615e-02
-4.792960e-02
-4.685536e-02
-4.599396e-02
-4.585125e-02
-4.596658e-02
-4.594880e-02
-4.595408e-02
-4.649738e-02
-4.798299e-02
-5.038103e-02
-5.327879e-02
-5.621070e-02
-5.868042e-02
-6.000972e-02
-5.978349e-02
-5.826710e-02
-5.571174e-02
-5.148569e-02
-4.458034e-02
-3.544285e-02
-2.592227e-02
-1.772123e-02
-1.076326e-02
-5.150089e-03
-2.071624e-03
-1.819422e-03
-3.032617e-03
-4.465143e-03
-5.933275e-03
-7.545422e-03
-8.618882e-03
-8.233703e-03
-7.152216e-03
-6.689353e-03
-6.737951e-03
-6.915844e-03
-7.105952e-03
-6.458249e-03
-4.303241e-03
-2.241021e-03
-1.712870e-03
-1.964884e-03
-2.073894e-03
-1.939848e-03
-2.071844e-03
-3.570060e-03
-7.301096e-03
-1.244569e-02
-1.724152e-02
-2.253503e-02
-3.033187e-02
-4.002201e-02
-4.982541e-02
-5.839325e-02
-6.523894e-02
-7.006522e-02
-7.301054e-02
-7.503078e-02
-7.796273e-02
-8.220448e-02
-8.665666e-02
-9.081727e-02
-9.534043e-02
-1.007866e-01
-1.055009e-01
-1.073577e-01
-1.078064e-01
-1.086066e-01
-1.088010e-01
-1.079379e-01
-1.072362e-01
-1.070757e-01
-1.072324e-01
-1.083660e-01
-1.110065e-01
-1.142649e-01
-1.165410e-01
-1.171779e-01
-1.176461e-01
-1.186043e-01
-1.187054e-01
-1.172130e-01
-1.145734e-01
-1.112679e-01
-1.070017e-01
-1.012831e-01
-9.400232e-02
-8.561675e-02
-7.718536e-02
-6.981671e-02
-6.397651e-02
-5.953741e-02
-5.603997e-02
-5.373323e-02
-5.321088e-02
-5.360824e-02
-5.326659e-02
-5.080313e-02
-4.625323e-02
-4.064133e-02
-3.526488e-02
-3.085651e-02
-2.731726e-02
-2.454886e-02
-2.271338e-02
-2.183235e-02
-2.151889e-02
-2.089873e-02
-1.956825e-02
-1.730238e-02
-1.281796e-02
-5.252604e-03
3.583485e-03
1.275308e-02
2.259826e-02
3.130826e-02
3.695831e-02
4.161974e-02
4.673914e-02
5.103764e-02
5.411834e-02
5.683004e-02
5.929378e-02
6.087556e-02
6.139480e-02
6.157492e-02
6.252332e-02
6.459507e-02
6.711263e-02
6.866306e-02
6.897996e-02
6.885660e-02
6.832185e-02
6.732285e-02
6.668938e-02
6.588569e-02
6.321386e-02
5.939604e-02
5.593083e-02
5.198924e-02
4.673227e-02
4.092058e-02
3.452008e-02
2.667360e-02
1.761457e-02
7.246231e-03
-5.203347e-03
-1.921651e-02
-3.300191e-02
-4.502509e-02
-5.396746e-02
-5.953334e-02
-6.305890e-02
-6.675546e-02
-7.081825e-02
-7.403751e-02
-7.612792e-02
-7.781759e-02
-8.009260e-02
-8.298308e-02
-8.595625e-02
-8.879640e-02
-9.175634e-02
-9.534642e-02
-9.994743e-02
-1.054472e-01
-1.108247e-01
-1.153708e-01
-1.195622e-01
-1.239742e-01
-1.284358e-01
-1.319378e-01
-1.338961e-01
-1.352421e-01
-1.364127e-01
-1.369805e-01
-1.370793e-01
-1.369715e-01
-1.363273e-01
-1.351643e-01
-1.343986e-01
-1.347172e-01
-1.359096e-01
-1.368390e-01
-1.371776e-01
-1.378655e-01
-1.392263e-01
-1.407741e-01
-1.422305e-01
-1.436559e-01
-1.451034e-01
-1.465426e-01
-1.479903e-01
-1.495035e-01
-1.508932e-01
-1.516840e-01
-1.517866e-01
-1.517117e-01
-1.517988e-01
-1.517809e-01
-1.510949e-01
-1.499482e-01
-1.493488e-01
-1.492010e-01
-1.481516e-01
-1.450311e-01
-1.397113e-01
-1.332506e-01
-1.252077e-01
-1.138914e-01
-9.932672e-02
-8.246359e-02
-6.488791e-02
-4.767225e-02
-3.124728e-02
-1.609656e-02
-2.680183e-03
9.501625e-03
2.113196e-02
3.265166e-02
4.423542e-02
5.577874e-02
6.688879e-02
7.691021e-02
8.534458e-02
9.229318e-02
9.834947e-02
1.042651e-01
1.097246e-01
1.137829e-01
1.173059e-01
1.221268e-01
1.280101e-01
1.338987e-01
1.395975e-01
1.454183e-01
1.513103e-01
1.563692e-01
1.597355e-01
1.615194e-01
1.608886e-01
1.564692e-01
1.487527e-01
1.389329e-01
1.277232e-01
1.146407e-01
9.912214e-02
8.161914e-02
6.301349e-02
4.414096e-02
2.539676e-02
6.730553e-03
-1.234923e-02
-3.219211e-02
-5.205237e-02
-7.109644e-02
-8.927654e-02
-1.061219e-01
-1.207633e-01
-1.329125e-01
-1.420217e-01
-1.479095e-01
-1.513326e-01
-1.540829e-01
-1.567304e-01
-1.585144e-01
-1.592277e-01
-1.594845e-01
-1.602849e-01
-1.615430e-01
-1.620676e-01
-1.603455e-01
-1.548082e-01
-1.451370e-01
-1.320826e-01
-1.168007e-01
-1.006196e-01
-8.494159e-02
-7.117861e-02
-5.925338e-02
-4.776723e-02
-3.673173e-02
-2.760348e-02
-2.102681e-02
-1.633267e-02
-1.199667e-02
-8.040453e-03
-6.008428e-03
-6.563727e-03
-8.702940e-03
-1.015113e-02
-1.041885e-02
-1.026204e-02
-9.258110e-03
-6.885431e-03
-3.980040e-03
-6.478983e-04
4.128878e-03
1.046749e-02
1.745109e-02
2.348937e-02
2.782300e-02
3.103354e-02
3.404486e-02
3.682418e-02
3.808178e-02
3.669152e-02
3.268216e-02
2.616466e-02
1.689351e-02
5.584043e-03
-7.387744e-03
-2.198661e-02
-3.800556e-02
-5.508185e-02
-7.256070e-02
-8.979674e-02
-1.063781e-01
-1.223152e-01
-1.374280e-01
-1.500847e-01
-1.582815e-01
-1.625375e-01
-1.640249e-01
-1.636147e-01
-1.616058e-01
-1.577288e-01
-1.521635e-01
-1.449991e-01
-1.366335e-01
-1.284565e-01
-1.220016e-01
-1.174012e-01
-1.142965e-01
-1.122471e-01
-1.109330e-01
-1.096254e-01
-1.064358e-01
-9.997615e-02
-9.115928e-02
-8.065705e-02
-6.849651e-02
-5.587561e-02
-4.395718e-02
-3.246414e-02
-2.111555e-02
-1.033562e-02
-5.009722e-04
8.367826e-03
1.688495e-02
2.569352e-02
3.513539e-02
4.535867e-02
5.665347e-02
6.905285e-02
8.142613e-02
9.155548e-02
9.870857e-02
1.036286e-01
1.069318e-01
1.088621e-01
1.102754e-01
1.113991e-01
1.118508e-01
1.122387e-01
1.133432e-01
1.148382e-01
1.164869e-01
1.186921e-01
1.218147e-01
1.259436e-01
1.305165e-01
1.345913e-01
1.372960e-01
1.386064e-01
1.388869e-01
1.380166e-01
1.351470e-01
1.298804e-01
1.227699e-01
1.144032e-01
1.046135e-01
9.376408e-02
8.366611e-02
7.419440e-02
6.360358e-02
5.303807e-02
4.493806e-02
3.920358e-02
3.487885e-02
3.143182e-02
2.875469e-02
2.701851e-02
2.651587e-02
2.816527e-02
3.233230e-02
3.750702e-02
4.234490e-02
4.821430e-02
5.592619e-02
6.336531e-02
6.948056e-02
7.508194e-02
8.033830e-02
8.503640e-02
8.994536e-02
9.562297e-02
1.015742e-01
1.069439e-01
1.115704e-01
1.164641e-01
1.219380e-01
1.270522e-01
1.311310e-01
1.342364e-01
1.370505e-01
1.399156e-01
1.427485e-01
1.458270e-01
1.497602e-01
1.547015e-01
1.602154e-01
1.653517e-01
1.696345e-01
1.730219e-01
1.748631e-01
1.738576e-01
1.696195e-01
1.623328e-01
1.523979e-01
1.395881e-01
1.231671e-01
1.042046e-01
8.426907e-02
6.474590e-02
4.627863e-02
2.866747e-02
1.120265e-02
-5.767194e-03
-2.084078e-02
-3.376623e-02
-4.551745e-02
-5.709596e-02
-6.857244e-02
-7.942527e-02
-8.963580e-02
-9.968997e-02
-1.097886e-01
-1.199554e-01
-1.305635e-01
-1.423803e-01
-1.558549e-01
-1.702977e-01
-1.848601e-01
-1.993522e-01
-2.136156e-01
-2.272918e-01
-2.401984e-01
-2.520247e-01
-2.620426e-01
-2.696181e-01
-2.751794e-01
-2.791535e-01
-2.814435e-01
-2.820916e-01
-2.805451e-01
-2.764130e-01
-2.687499e-01
-2.544309e-01
-2.276581e-01
-1.863534e-01
-1.413383e-01
-9.966631e-02
-5.938203e-02
-2.107275e-02
1.136812e-02
3.782131e-02
5.964669e-02
7.793140e-02
9.314628e-02
1.055852e-01
1.170090e-01
1.283421e-01
1.391546e-01
1.494070e-01
1.595412e-01
1.689567e-01
1.763032e-01
1.812199e-01
1.846517e-01
1.873892e-01
1.893607e-01
1.929656e-01
2.035884e-01
2.191599e-01
2.283668e-01
2.243896e-01
2.098059e-01
1.969976e-01
1.922579e-01
1.905911e-01
1.877563e-01
1.834311e-01
1.779536e-01
1.711812e-01
1.638119e-01
1.565706e-01
1.494282e-01
1.417572e-01
1.333388e-01
1.251158e-01
1.181888e-01
1.128756e-01
1.087245e-01
1.058456e-01
1.045882e-01
1.035367e-01
1.001878e-01
9.458456e-02
8.723420e-02
7.652089e-02
6.178997e-02
4.561390e-02
2.904224e-02
1.113121e-02
-7.400623e-03
-2.487530e-02
-4.014023e-02
-5.252490e-02
-6.229031e-02
-7.148542e-02
-8.102549e-02
-8.924548e-02
-9.544898e-02
-1.009435e-01
-1.066506e-01
-1.125247e-01
-1.180406e-01
-1.217475e-01
-1.219018e-01
-1.183292e-01
-1.117550e-01
-1.033395e-01
-9.327130e-02
-8.144830e-02
-6.853231e-02
-5.542001e-02
-4.242772e-02
-2.946154e-02
-1.645963e-02
-3.425420e-03
9.587320e-03
2.252549e-02
3.557457e-02
4.924262e-02
6.353894e-02
7.742974e-02
8.910325e-02
9.732247e-02
1.032558e-01
1.071676e-01
1.080829e-01
1.064428e-01
1.036846e-01
1.008379e-01
9.782858e-02
9.456375e-02
9.273546e-02
9.406762e-02
9.673706e-02
9.855525e-02
9.932160e-02
9.870206e-02
9.582434e-02
9.080553e-02
8.373756e-02
7.445677e-02
6.308560e-02
5.044266e-02
3.734583e-02
2.435895e-02
1.235879e-02
2.395843e-03
-5.167451e-03
-1.069546e-02
-1.408412e-02
-1.472725e-02
-1.250006e-02
-8.804307e-03
-3.801983e-03
3.640205e-03
1.301787e-02
2.291342e-02
3.221117e-02
4.125829e-02
5.094313e-02
6.035227e-02
6.810397e-02
7.452888e-02
8.022486e-02
8.516228e-02
8.915073e-02
9.229961e-02
9.527826e-02
9.773510e-02
9.831385e-02
9.650604e-02
9.266245e-02
8.763543e-02
8.211014e-02
7.689324e-02
7.287777e-02
7.064751e-02
6.985268e-02
6.955001e-02
6.832300e-02
6.527456e-02
6.041576e-02
5.395925e-02
4.564747e-02
3.553594e-02
2.427695e-02
1.322885e-02
3.946956e-03
-2.588676e-03
-7.108765e-03
-9.885383e-03
-1.041744e-02
-8.536412e-03
-4.734982e-03
-6.708343e-04
2.278144e-03
3.694961e-03
3.359873e-03
1.218362e-03
-1.821537e-03
-4.706980e-03
-6.873162e-03
-8.387230e-03
-9.761112e-03
-1.127744e-02
-1.271324e-02
-1.350987e-02
-1.369462e-02
-1.429410e-02
-1.646585e-02
-2.021307e-02
-2.349650e-02
-2.556164e-02
-2.779955e-02
-3.004660e-02
-3.090601e-02
-3.080862e-02
-3.061424e-02
-3.006788e-02
-2.831706e-02
-2.482676e-02
-2.002010e-02
-1.435981e-02
-8.380096e-03
-2.989927e-03
9.633067e-04
3.607014e-03
5.111601e-03
5.271442e-03
4.039172e-03
1.797559e-03
-1.721853e-03
-6.907618e-03
-1.238352e-02
-1.682620e-02
-2.027288e-02
-2.307239e-02
-2.491845e-02
-2.490379e-02
-2.254699e-02
-1.883086e-02
-1.411775e-02
-7.836388e-03
-1.404220e-04
8.391186e-03
1.709671e-02
2.576162e-02
3.449749e-02
4.297851e-02
5.036478e-02
5.619441e-02
6.091959e-02
6.542520e-02
6.885851e-02
6.985968e-02
6.966045e-02
6.941492e-02
6.871461e-02
6.729366e-02
6.573812e-02
6.483741e-02
6.454454e-02
6.384184e-02
6.264949e-02
6.203649e-02
6.256968e-02
6.371457e-02
6.397833e-02
6.265174e-02
6.019692e-02
5.693186e-02
5.287246e-02
4.853342e-02
4.405531e-02
3.889722e-02
3.298699e-02
2.718669e-02
2.266413e-02
1.909040e-02
1.460771e-02
9.509044e-03
5.642215e-03
2.812068e-03
1.270204e-04
-2.199153e-03
-3.529190e-03
-3.854745e-03
-4.200820e-03
-5.363674e-03
-6.927031e-03
-8.411544e-03
-9.826847e-03
-1.126805e-02
-1.271083e-02
-1.413383e-02
-1.562434e-02
-1.716489e-02
-1.830087e-02
-1.865557e-02
-1.869492e-02
-1.843553e-02
-1.701674e-02
-1.405652e-02
-9.972399e-03
-5.541303e-03
-1.255231e-03
2.920617e-03
7.558292e-03
1.299750e-02
1.804046e-02
2.150150e-02
2.418150e-02
2.698925e-02
2.994159e-02
3.285626e-02
3.572135e-02
3.860395e-02
4.151390e-02
4.440277e-02
4.724595e-02
5.014910e-02
5.318735e-02
5.584940e-02
5.721374e-02
5.735735e-02
5.722301e-02
5.726912e-02
5.722597e-02
5.659669e-02
5.511351e-02
5.270818e-02
4.934881e-02
4.531400e-02
4.160243e-02
3.838022e-02
3.471109e-02
3.037280e-02
2.597071e-02
2.214136e-02
1.919460e-02
1.711799e-02
1.594913e-02
1.559225e-02
1.547674e-02
1.577721e-02
1.736756e-02
1.979230e-02
2.177463e-02
2.362124e-02
2.617300e-02
2.914532e-02
3.211386e-02
3.504941e-02
3.764824e-02
3.931034e-02
3.999037e-02
4.015278e-02
4.029895e-02
3.979425e-02
3.750536e-02
3.378916e-02
2.969939e-02
2.616434e-02
2.317742e-02
2.032959e-02
1.789157e-02
1.624276e-02
1.495156e-02
1.343124e-02
1.181029e-02
1.145883e-02
1.376866e-02
1.825738e-02
2.401559e-02
3.062014e-02
3.845838e-02
4.809591e-02
5.862557e-02
6.835250e-02
7.590066e-02
8.145489e-02
8.596724e-02
8.993377e-02
9.263027e-02
9.306007e-02
9.174983e-02
9.014040e-02
8.880384e-02
8.728176e-02
8.501429e-02
8.243539e-02
8.045991e-02
7.901163e-02
7.765305e-02
7.630583e-02
7.454639e-02
7.144460e-02
6.644545e-02
5.965515e-02
5.230288e-02
4.497139e-02
3.704380e-02
2.795724e-02
1.817027e-02
9.238424e-03
1.304133e-03
-6.997542e-03
-1.423067e-02
-1.778143e-02
-1.949535e-02
-2.178161e-02
-2.414938e-02
-2.583622e-02
-2.714616e-02
-2.845604e-02
-3.002036e-02
-3.221696e-02
-3.478509e-02
-3.683222e-02
-3.827737e-02
-3.965834e-02
-4.119114e-02
-4.250863e-02
-4.310731e-02
-4.313205e-02
-4.307915e-02
-4.311346e-02
-4.310240e-02
-4.300691e-02
-4.324453e-02
-4.427342e-02
-4.577085e-02
-4.727830e-02
-4.870247e-02
-5.008823e-02
-5.154077e-02
-5.313489e-02
-5.444877e-02
-5.456279e-02
-5.355736e-02
-5.275389e-02
-5.294411e-02
-5.425948e-02
-5.643874e-02
-5.906006e-02
-6.178472e-02
-6.534533e-02
-7.040269e-02
-7.531394e-02
-7.873769e-02
-8.144172e-02
-8.413875e-02
-8.701819e-02
-9.086105e-02
-9.607727e-02
-1.013634e-01
-1.058400e-01
-1.099795e-01
-1.146210e-01
-1.201804e-01
-1.261794e-01
-1.317272e-01
-1.358932e-01
-1.381725e-01
-1.387009e-01
-1.386802e-01
-1.383048e-01
-1.366940e-01
-1.340558e-01
-1.310356e-01
-1.270824e-01
-1.218696e-01
-1.166886e-01
-1.122079e-01
-1.079329e-01
-1.038724e-01
-1.009014e-01
-9.957302e-02
-9.913251e-02
-9.824164e-02
-9.715699e-02
-9.678146e-02
-9.686342e-02
-9.696659e-02
-9.703273e-02
-9.671867e-02
-9.560065e-02
-9.406693e-02
-9.255137e-02
-9.112384e-02
-8.977753e-02
-8.832043e-02
-8.628449e-02
-8.375606e-02
-8.163147e-02
-7.979582e-02
-7.739209e-02
-7.488237e-02
-7.312568e-02
-7.181430e-02
-7.038112e-02
-6.882233e-02
-6.770195e-02
-6.743516e-02
-6.753968e-02
-6.757003e-02
-6.753874e-02
-6.753540e-02
-6.754267e-02
-6.752305e-02
-6.752896e-02
-6.760548e-02
-6.742260e-02
-6.639028e-02
-6.435241e-02
-6.171226e-02
-5.945872e-02
-5.797148e-02
-5.667457e-02
-5.477786e-02
-5.216455e-02
-4.981170e-02
-4.825804e-02
-4.699694e-02
-4.523701e-02
-4.261529e-02
-3.962084e-02
-3.664280e-02
-3.377226e-02
-3.108130e-02
-2.813669e-02
-2.393502e-02
-1.893496e-02
-1.543960e-02
-1.354797e-02
-1.128592e-02
-8.179465e-03
-5.390386e-03
-4.058719e-03
-3.644577e-03
-2.757223e-03
-1.632403e-03
-1.313013e-03
-1.990804e-03
-3.585399e-03
-5.978803e-03
-8.740828e-03
-1.173733e-02
-1.536109e-02
-1.920341e-02
-2.193877e-02
-2.350826e-02
-2.480235e-02
-2.617915e-02
-2.776583e-02
-2.996555e-02
-3.284530e-02
-3.583100e-02
-3.819050e-02
-3.993366e-02
-4.205970e-02
-4.468603e-02
-4.676505e-02
-4.772585e-02
-4.799423e-02
-4.866533e-02
-4.973610e-02
-5.026690e-02
-5.062921e-02
-5.170331e-02
-5.280092e-02
-5.281233e-02
-5.174328e-02
-5.070651e-02
-5.033346e-02
-4.935294e-02
-4.701259e-02
-4.465832e-02
-4.313963e-02
-4.185967e-02
-3.993596e-02
-3.732200e-02
-3.501664e-02
-3.344237e-02
-3.211918e-02
-3.068258e-02
-2.920745e-02
-2.817818e-02
-2.843183e-02
-3.040788e-02
-3.297354e-02
-3.479070e-02
-3.645987e-02
-3.943476e-02
-4.426628e-02
-4.953230e-02
-5.324619e-02
-5.538995e-02
-5.704764e-02
-5.928148e-02
-6.191847e-02
-6.391925e-02
-6.489151e-02
-6.505081e-02
-6.500999e-02
-6.488682e-02
-6.412622e-02
-6.197327e-02
-5.808640e-02
-5.353695e-02
-4.924455e-02
-4.506303e-02
-4.026765e-02
-3.486322e-02
-3.029301e-02
-2.662795e-02
-2.210091e-02
-1.711579e-02
-1.330659e-02
-9.560208e-03
-4.375903e-03
1.583914e-03
7.535781e-03
1.335393e-02
1.835929e-02
2.168249e-02
2.369614e-02
2.521201e-02
2.672382e-02
2.793451e-02
2.813714e-02
2.732013e-02
2.622735e-02
2.570204e-02
2.527715e-02
2.426300e-02
2.341881e-02
2.289857e-02
2.139904e-02
1.869964e-02
1.569215e-02
1.242636e-02
8.201660e-03
2.947860e-03
-2.455117e-03
-7.255871e-03
-1.212809e-02
-1.739914e-02
-2.183157e-02
-2.532640e-02
-2.912588e-02
-3.267799e-02
-3.484332e-02
-3.673293e-02
-3.921534e-02
-4.148413e-02
-4.278621e-02
-4.299282e-02
-4.238423e-02
-4.107244e-02
-3.899297e-02
-3.559017e-02
-3.053022e-02
-2.512997e-02
-2.048269e-02
-1.618390e-02
-1.205919e-02
-8.668835e-03
-5.965516e-03
-2.974044e-03
1.397789e-03
6.570713e-03
1.067714e-02
1.358022e-02
1.633543e-02
1.932693e-02
2.209037e-02
2.412679e-02
2.567722e-02
2.705469e-02
2.792158e-02
2.825817e-02
2.894966e-02
3.030385e-02
3.182642e-02
3.325168e-02
3.472523e-02
3.627858e-02
3.742695e-02
3.785148e-02
3.837363e-02
3.935779e-02
3.953171e-02
3.863797e-02
3.799462e-02
3.762283e-02
3.660622e-02
3.509596e-02
3.351881e-02
3.199786e-02
3.092673e-02
3.055344e-02
3.004474e-02
2.899882e-02
2.821812e-02
2.799977e-02
2.808916e-02
2.871903e-02
2.967427e-02
2.968262e-02
2.881595e-02
2.829944e-02
2.749160e-02
2.529575e-02
2.283085e-02
2.113493e-02
1.983401e-02
1.846091e-02
1.695809e-02
1.541667e-02
1.414553e-02
1.354132e-02
1.343389e-02
1.348681e-02
1.397525e-02
1.519391e-02
1.673570e-02
1.822334e-02
1.962962e-02
2.103402e-02
2.253508e-02
2.409754e-02
2.526994e-02
2.569938e-02
2.613699e-02
2.719065e-02
2.805460e-02
2.843732e-02
2.919603e-02
3.055425e-02
3.211559e-02
3.367299e-02
3.492773e-02
3.546573e-02
3.577227e-02
3.678879e-02
3.837883e-02
3.977380e-02
4.043940e-02
4.054831e-02
4.053415e-02
4.016816e-02
3.892711e-02
3.680834e-02
3.384136e-02
2.996296e-02
2.552521e-02
2.123931e-02
1.766501e-02
1.437266e-02
1.048408e-02
6.837778e-03
4.661631e-03
2.823424e-03
3.256795e-04
-2.009008e-03
-3.302626e-03
-3.567740e-03
-3.529184e-03
-3.467087e-03
-2.871677e-03
-1.212951e-03
1.341670e-03
3.740828e-03
5.586206e-03
7.782447e-03
1.009440e-02
1.116024e-02
1.149282e-02
1.253964e-02
1.421043e-02
1.554169e-02
1.600642e-02
1.630908e-02
1.736272e-02
1.888503e-02
2.042295e-02
2.193034e-02
2.310693e-02
2.352680e-02
2.348906e-02
2.342126e-02
2.341808e-02
2.349935e-02
2.355998e-02
2.311352e-02
2.198099e-02
2.106195e-02
2.092996e-02
2.113710e-02
2.087380e-02
1.966052e-02
1.799993e-02
1.671945e-02
1.625307e-02
1.594682e-02
1.489062e-02
1.335506e-02
1.187891e-02
1.047901e-02
8.974757e-03
7.502712e-03
6.595996e-03
6.253584e-03
5.552285e-03
4.466993e-03
3.899228e-03
3.862157e-03
3.983494e-03
4.533320e-03
6.008587e-03
8.424793e-03
1.128802e-02
1.424359e-02
1.723618e-02
1.992869e-02
2.187744e-02
2.366950e-02
2.617290e-02
2.874955e-02
3.029905e-02
3.075877e-02
3.109312e-02
3.212273e-02
3.317400e-02
3.347062e-02
3.342150e-02
3.324174e-02
3.239268e-02
3.049939e-02
2.788379e-02
2.561688e-02
2.384114e-02
2.161546e-02
1.876707e-02
1.579151e-02
1.290339e-02
1.003392e-02
7.155870e-03
4.292056e-03
1.375788e-03
-1.619175e-03
-4.331460e-03
-6.343829e-03
-8.218967e-03
-1.067288e-02
-1.270100e-02
-1.330371e-02
-1.326909e-02
-1.275042e-02
-1.092625e-02
-8.145596e-03
-5.050455e-03
-1.443390e-03
2.508752e-03
5.944367e-03
9.149523e-03
1.312315e-02
1.766653e-02
2.188197e-02
2.527641e-02
2.852750e-02
3.243722e-02
3.634650e-02
3.955219e-02
4.241509e-02
4.500393e-02
4.694745e-02
4.847745e-02
4.974554e-02
5.042215e-02
5.083284e-02
5.176795e-02
5.277024e-02
5.319168e-02
5.377938e-02
5.483372e-02
5.551273e-02
5.562772e-02
5.554304e-02
5.503869e-02
5.376272e-02
5.212576e-02
5.096199e-02
5.062258e-02
5.022632e-02
4.904000e-02
4.748431e-02
4.600691e-02
4.459457e-02
4.315435e-02
4.171709e-02
4.030320e-02
3.881478e-02
3.727211e-02
3.618687e-02
3.590099e-02
3.552907e-02
3.407988e-02
3.155602e-02
2.898603e-02
2.720312e-02
2.543770e-02
2.262183e-02
1.874600e-02
1.473125e-02
1.138725e-02
8.445981e-03
5.775751e-03
3.740120e-03
1.833237e-03
-6.955580e-04
-2.462950e-03
-1.826212e-03
3.564824e-05
1.386274e-03
1.743094e-03
2.011859e-03
3.151419e-03
4.809760e-03
6.172688e-03
6.730357e-03
6.694571e-03
6.678627e-03
6.902679e-03
6.636786e-03
4.888596e-03
2.569403e-03
1.649026e-03
1.958749e-03
1.840807e-03
1.660131e-04
-2.036843e-03
-2.993606e-03
-3.708453e-03
-5.927526e-03
-9.040520e-03
-1.204080e-02
-1.485947e-02
-1.770852e-02
-2.062142e-02
-2.352574e-02
-2.639053e-02
-2.926014e-02
-3.220344e-02
-3.509660e-02
-3.748195e-02
-3.913184e-02
-4.048603e-02
-4.188467e-02
-4.335356e-02
-4.487022e-02
-4.622377e-02
-4.697414e-02
-4.707309e-02
-4.698325e-02
-4.701154e-02
-4.701285e-02
-4.647242e-02
-4.493427e-02
-4.250907e-02
-3.978855e-02
-3.679839e-02
-3.264871e-02
-2.749783e-02
-2.316580e-02
-2.017353e-02
-1.747373e-02
-1.411908e-02
-9.921521e-03
-5.415425e-03
-1.247478e-03
2.086016e-03
4.491633e-03
6.169516e-03
7.631350e-03
8.838582e-03
9.364072e-03
9.439969e-03
9.324197e-03
8.693102e-03
7.449796e-03
6.030107e-03
4.298148e-03
1.735544e-03
-1.318038e-03
-4.120943e-03
-6.176355e-03
-7.640838e-03
-9.016701e-03
-1.052357e-02
-1.191853e-02
-1.265943e-02
-1.260450e-02
-1.242984e-02
-1.337230e-02
-1.565437e-02
-1.741282e-02
-1.766760e-02
-1.737298e-02
-1.766222e-02
-1.890133e-02
-2.050548e-02
-2.181315e-02
-2.245377e-02
-2.226296e-02
-2.105336e-02
-1.893145e-02
-1.626585e-02
-1.349637e-02
-1.006182e-02
-5.087858e-03
7.601131e-04
6.698628e-03
1.261969e-02
1.792452e-02
2.174898e-02
2.460761e-02
2.738843e-02
3.028790e-02
3.323883e-02
3.620443e-02
3.881827e-02
4.051703e-02
4.127707e-02
4.140012e-02
4.135420e-02
4.136495e-02
4.137750e-02
4.135310e-02
4.137397e-02
4.147744e-02
4.126387e-02
4.021220e-02
3.861859e-02
3.724858e-02
3.663771e-02
3.634796e-02
3.543647e-02
3.394679e-02
3.244471e-02
3.110977e-02
2.953687e-02
2.717201e-02
2.418629e-02
2.132430e-02
1.916926e-02
1.732063e-02
1.491934e-02
1.275113e-02
1.194308e-02
1.141127e-02
1.059472e-02
1.068765e-02
1.155687e-02
1.209552e-02
1.305690e-02
1.527597e-02
1.757527e-02
1.943964e-02
2.171829e-02
2.456936e-02
2.757991e-02
3.056098e-02
3.323635e-02
3.521910e-02
3.672868e-02
3.811480e-02
3.908464e-02
3.911107e-02
3.818786e-02
3.682600e-02
3.535345e-02
3.342282e-02
3.075059e-02
2.777320e-02
2.486050e-02
2.200186e-02
1.912522e-02
1.623085e-02
1.334197e-02
1.045889e-02
7.576206e-03
4.690907e-03
1.801235e-03
-1.088804e-03
-3.963668e-03
-6.836672e-03
-9.758492e-03
-1.263758e-02
-1.504186e-02
-1.651186e-02
-1.705242e-02
-1.709113e-02
-1.704130e-02
-1.701751e-02
-1.704244e-02
-1.712750e-02
-1.691569e-02
-1.590030e-02
-1.431564e-02
-1.289231e-02
-1.223636e-02
-1.200637e-02
-1.111126e-02
-9.397844e-03
-8.086782e-03
-8.721224e-03
-1.071975e-02
-1.186833e-02
-1.267960e-02
-1.471053e-02
-1.659813e-02
-1.724156e-02
-1.789695e-02
-1.900566e-02
-1.952352e-02
-1.893384e-02
-1.770161e-02
-1.689059e-02
-1.683598e-02
-1.697832e-02
-1.658849e-02
-1.532965e-02
-1.369565e-02
-1.242050e-02
-1.193109e-02
-1.192917e-02
-1.196201e-02
-1.194736e-02
-1.194742e-02
-1.193013e-02
-1.186248e-02
-1.190160e-02
-1.210878e-02
-1.175951e-02
-9.951106e-03
-7.734237e-03
-6.847116e-03
-6.521437e-03
-5.400229e-03
-3.722095e-03
-2.404929e-03
-1.981441e-03
-2.092219e-03
-2.059069e-03
-1.365548e-03
-2.100499e-05
1.494942e-03
2.929727e-03
4.372331e-03
5.898102e-03
7.212536e-03
7.828032e-03
7.821131e-03
7.757541e-03
8.268055e-03
9.586120e-03
1.121584e-02
1.241155e-02
1.279768e-02
1.281563e-02
1.268888e-02
1.200280e-02
1.067643e-02
9.154850e-03
7.709035e-03
6.304886e-03
4.866982e-03
3.386760e-03
1.954827e-03
6.271894e-04
-8.853115e-04
-3.069983e-03
-5.437118e-03
-6.704170e-03
-6.940551e-03
-6.760149e-03
-5.624827e-03
-3.343924e-03
-1.153655e-03
7.552429e-04
3.144477e-03
5.530465e-03
7.412374e-03
9.549855e-03
1.206868e-02
1.411103e-02
1.559061e-02
1.693392e-02
1.832977e-02
1.988333e-02
2.154112e-02
2.238610e-02
2.149719e-02
1.979301e-02
1.838875e-02
1.722950e-02
1.514103e-02
1.149739e-02
8.088243e-03
6.049887e-03
4.073349e-03
1.330428e-03
-1.675956e-03
-4.550771e-03
-7.435657e-03
-1.042319e-02
-1.304935e-02
-1.491009e-02
-1.676096e-02
-1.926713e-02
-2.164037e-02
-2.328413e-02
-2.460329e-02
-2.597850e-02
-2.747238e-02
-2.902965e-02
-3.028751e-02
-3.080087e-02
-3.109283e-02
-3.211634e-02
-3.370507e-02
-3.507737e-02
-3.572531e-02
-3.584224e-02
-3.580386e-02
-3.534453e-02
-3.419420e-02
-3.276135e-02
-3.100813e-02
-2.855997e-02
-2.608785e-02
-2.425709e-02
-2.229318e-02
-1.958801e-02
-1.659209e-02
-1.369892e-02
-1.080146e-02
-7.797458e-03
-5.093949e-03
-3.132913e-03
-1.260989e-03
1.243387e-03
3.259340e-03
3.706894e-03
3.478718e-03
3.573675e-03
3.714409e-03
2.717225e-03
5.210964e-04
-9.856626e-04
-1.752330e-03
-3.575494e-03
-5.756719e-03
-6.443294e-03
-6.167976e-03
-6.145103e-03
-6.400125e-03
-5.748699e-03
-3.519031e-03
-1.139127e-03
8.817911e-04
3.870988e-03
7.762840e-03
1.123754e-02
1.416690e-02
1.684292e-02
1.900559e-02
2.064942e-02
2.208509e-02
2.306485e-02
2.339905e-02
2.394711e-02
2.527296e-02
2.691733e-02
2.806915e-02
2.831545e-02
2.818559e-02
2.820213e-02
2.834130e-02
2.807474e-02
2.695749e-02
2.542940e-02
2.395213e-02
2.254246e-02
2.111577e-02
1.966764e-02
1.822649e-02
1.679270e-02
1.535199e-02
1.390721e-02
1.247931e-02
1.106055e-02
9.591042e-03
8.092013e-03
6.752130e-03
5.509592e-03
3.379946e-03
-3.582967e-04
-4.339928e-03
-7.416324e-03
-1.005018e-02
-1.321057e-02
-1.723437e-02
-2.119544e-02
-2.423064e-02
-2.630923e-02
-2.749274e-02
-2.788837e-02
-2.801575e-02
-2.774444e-02
-2.622978e-02
-2.383422e-02
-2.181979e-02
-1.992599e-02
-1.744570e-02
-1.508257e-02
-1.342608e-02
-1.207628e-02
-1.066098e-02
-9.193726e-03
-7.713199e-03
-6.325694e-03
-5.497655e-03
-6.059609e-03
-8.301507e-03
-1.076233e-02
-1.256399e-02
-1.461315e-02
-1.745127e-02
-2.047154e-02
-2.284330e-02
-2.459672e-02
-2.671802e-02
-2.924682e-02
-3.128166e-02
-3.278535e-02
-3.407007e-02
-3.489079e-02
-3.510242e-02
-3.502509e-02
-3.484797e-02
-3.493861e-02
-3.617230e-02
-3.850790e-02
-4.062550e-02
-4.247908e-02
-4.490906e-02
-4.736964e-02
-4.907139e-02
-5.039342e-02
-5.187464e-02
-5.336914e-02
-5.427743e-02
-5.465052e-02
-5.543121e-02
-5.626050e-02
-5.584378e-02
-5.482811e-02
-5.435515e-02
-5.382509e-02
-5.263594e-02
-5.117993e-02
-4.942297e-02
-4.686005e-02
-4.380457e-02
-4.100227e-02
-3.894357e-02
-3.744297e-02
-3.604520e-02
-3.462909e-02
-3.310029e-02
-3.102709e-02
-2.795301e-02
-2.394388e-02
-1.997918e-02
-1.680164e-02
-1.401709e-02
-1.119312e-02
-8.280086e-03
-5.273722e-03
-2.459653e-03
-6.978136e-04
-5.435034e-04
-1.559458e-03
-3.014113e-03
-4.478515e-03
-5.860197e-03
-7.373569e-03
-9.507257e-03
-1.266968e-02
-1.669461e-02
-2.052478e-02
-2.375886e-02
-2.733500e-02
-3.139829e-02
-3.489495e-02
-3.725917e-02
-3.895923e-02
-4.112820e-02
-4.356230e-02
-4.478265e-02
-4.440922e-02
-4.313885e-02
-4.180316e-02
-4.001714e-02
-3.678237e-02
-3.276668e-02
-2.942531e-02
-2.672647e-02
-2.377004e-02
-1.999187e-02
-1.590456e-02
-1.250266e-02
-1.009243e-02
-8.560723e-03
-7.308103e-03
-5.496283e-03
-2.946825e-03
-9.996501e-04
-2.645323e-04
1.029151e-03
3.176135e-03
4.365825e-03
4.721655e-03
5.725679e-03
7.389774e-03
8.748757e-03
9.222472e-03
9.490508e-03
1.055234e-02
1.217216e-02
1.355151e-02
1.419130e-02
1.426829e-02
1.422079e-02
1.416489e-02
1.424229e-02
1.492735e-02
1.636439e-02
1.794241e-02
1.884201e-02
1.923733e-02
2.058356e-02
2.281423e-02
2.409670e-02
2.416063e-02
2.398752e-02
2.400033e-02
2.406616e-02
2.406385e-02
2.401881e-02
2.403073e-02
2.413502e-02
2.401486e-02
2.317864e-02
2.198279e-02
2.145614e-02
2.200220e-02
2.320398e-02
2.402794e-02
2.412619e-02
2.402941e-02
2.408259e-02
2.405538e-02
2.343398e-02
2.213302e-02
2.060066e-02
1.911047e-02
1.770808e-02
1.637749e-02
1.475983e-02
1.238366e-02
9.770520e-03
7.931115e-03
6.698352e-03
5.117468e-03
2.671087e-03
4.102646e-04
-4.314566e-04
-1.196702e-03
-3.491316e-03
-6.605593e-03
-9.590726e-03
-1.242239e-02
-1.529099e-02
-1.817994e-02
-2.105227e-02
-2.400900e-02
-2.700046e-02
-2.949611e-02
-3.128813e-02
-3.333873e-02
-3.574445e-02
-3.713409e-02
-3.724814e-02
-3.708667e-02
-3.720006e-02
-3.707393e-02
-3.568902e-02
-3.271378e-02
-2.868718e-02
-2.438643e-02
-1.996061e-02
-1.496802e-02
-9.341687e-03
-3.494288e-03
2.394864e-03
8.081266e-03
1.273356e-02
1.578211e-02
1.764537e-02
1.906551e-02
2.050628e-02
2.204463e-02
2.335997e-02
2.399993e-02
2.405875e-02
2.399970e-02
2.400649e-02
2.400885e-02
2.398754e-02
2.403214e-02
2.407918e-02
2.366694e-02
2.249192e-02
2.100291e-02
1.933617e-02
1.709773e-02
1.401870e-02
9.803410e-03
4.558612e-03
-6.761140e-04
-4.594982e-03
-8.176443e-03
-1.315207e-02
-1.863938e-02
-2.319883e-02
-2.669995e-02
-2.934586e-02
-3.117425e-02
-3.259288e-02
-3.398178e-02
-3.542265e-02
-3.693605e-02
-3.842792e-02
-3.945472e-02
-3.974260e-02
-3.974173e-02
-3.949548e-02
-3.859417e-02
-3.726779e-02
-3.571852e-02
-3.320222e-02
-2.903880e-02
-2.368963e-02
-1.799206e-02
-1.219059e-02
-5.834343e-03
1.067624e-03
7.594934e-03
1.347841e-02
1.919448e-02
2.466339e-02
2.910179e-02
3.192932e-02
3.346806e-02
3.481039e-02
3.651577e-02
3.774800e-02
3.705427e-02
3.503571e-02
3.390019e-02
3.312341e-02
3.105610e-02
2.863652e-02
2.669438e-02
2.444602e-02
2.196078e-02
2.008022e-02
1.829360e-02
1.553476e-02
1.168751e-02
7.627863e-03
4.268537e-03
1.421913e-03
-1.377305e-03
-4.246297e-03
-7.251856e-03
-1.026508e-02
-1.239284e-02
-1.295413e-02
-1.284214e-02
-1.256842e-02
-1.174123e-02
-1.043133e-02
-8.850740e-03
-6.731649e-03
-4.256367e-03
-2.226862e-03
-3.082201e-04
2.150195e-03
4.058643e-03
4.641026e-03
5.173164e-03
6.513167e-03
8.132428e-03
9.180044e-03
9.375374e-03
9.275767e-03
9.275514e-03
9.302435e-03
9.259838e-03
9.268048e-03
9.427197e-03
9.142420e-03
7.408034e-03
4.406513e-03
1.441557e-03
-1.869424e-04
-7.607021e-04
-2.199562e-03
-5.029272e-03
-8.104765e-03
-1.042698e-02
-1.214727e-02
-1.431153e-02
-1.692443e-02
-1.896213e-02
-1.996755e-02
-2.012904e-02
-2.005108e-02
-2.004994e-02
-2.007112e-02
-2.005888e-02
-2.005337e-02
-2.008954e-02
-2.008164e-02
-1.996335e-02
-2.016270e-02
-2.134034e-02
-2.316344e-02
-2.418780e-02
-2.302395e-02
-2.081928e-02
-1.985370e-02
-1.998146e-02
-2.013189e-02
-2.008215e-02
-2.003144e-02
-2.004822e-02
-2.007294e-02
-2.006224e-02
-2.003120e-02
-2.005485e-02
-2.013652e-02
-1.986753e-02
-1.867084e-02
-1.652890e-02
-1.374974e-02
-1.081748e-02
-7.958398e-03
-5.053695e-03
-2.048045e-03
6.645522e-04
2.637517e-03
4.479962e-03
6.970782e-03
9.081633e-03
9.479693e-03
8.536231e-03
7.182185e-03
5.787959e-03
3.909515e-03
1.337202e-03
-1.013830e-03
-2.617921e-03
-3.938465e-03
-5.387094e-03
-6.865108e-03
-7.852648e-03
-7.803254e-03
-6.757331e-03
-5.661259e-03
-5.304651e-03
-4.920650e-03
-3.656478e-03
-1.966002e-03
-8.493388e-04
-5.374787e-04
3.630752e-04
2.673156e-03
5.060321e-03
6.664357e-03
7.992115e-03
9.455983e-03
1.089498e-02
1.220286e-02
1.391149e-02
1.646486e-02
1.868666e-02
1.932891e-02
1.962592e-02
2.090115e-02
2.270017e-02
2.357616e-02
2.280145e-02
2.176519e-02
2.136797e-02
2.075330e-02
1.945475e-02
1.789355e-02
1.636695e-02
1.504924e-02
1.429862e-02
1.415632e-02
1.424867e-02
1.432984e-02
1.424881e-02
1.402088e-02
1.445874e-02
1.643938e-02
1.869335e-02
1.941099e-02
1.918995e-02
1.906888e-02
1.913786e-02
1.919891e-02
1.917274e-02
1.908717e-02
1.920442e-02
1.996411e-02
2.132728e-02
2.283543e-02
2.427512e-02
2.571841e-02
2.719458e-02
2.859594e-02
2.995401e-02
3.178074e-02
3.438147e-02
3.687204e-02
3.830127e-02
3.865638e-02
3.892794e-02
4.005721e-02
4.169571e-02
4.303091e-02
4.362853e-02
4.374459e-02
4.368687e-02
4.315644e-02
4.201231e-02
4.067992e-02
3.869999e-02
3.523493e-02
3.125629e-02
2.800900e-02
2.524310e-02
2.242848e-02
1.950972e-02
1.656346e-02
1.371668e-02
1.135257e-02
9.898053e-03
9.407531e-03
9.449809e-03
9.452087e-03
9.253823e-03
9.554857e-03
1.126721e-02
1.373696e-02
1.567105e-02
1.749598e-02
2.011102e-02
2.320431e-02
2.592393e-02
2.780055e-02
2.920940e-02
3.059204e-02
3.203438e-02
3.356214e-02
3.508684e-02
3.611132e-02
3.645101e-02
3.702629e-02
3.810915e-02
3.881278e-02
3.889872e-02
3.880008e-02
3.872740e-02
3.886866e-02
3.963922e-02
4.105854e-02
4.259761e-02
4.359067e-02
4.379630e-02
4.370360e-02
4.368118e-02
4.371350e-02
4.373041e-02
4.371012e-02
4.367904e-02
4.372071e-02
4.381764e-02
4.350793e-02
4.234234e-02
4.076484e-02
3.930833e-02
3.800079e-02
3.632455e-02
3.374475e-02
3.066154e-02
2.789877e-02
2.592058e-02
2.411886e-02
2.166760e-02
1.916853e-02
1.741894e-02
1.608779e-02
1.471962e-02
1.323942e-02
1.168585e-02
1.031763e-02
9.603768e-03
9.313406e-03
8.480256e-03
6.958576e-03
5.508020e-03
4.782215e-03
4.376642e-03
3.405149e-03
2.690912e-03
3.346423e-03
3.864410e-03
3.044141e-03
2.137216e-03
2.004831e-03
2.132740e-03
2.063742e-03
2.119959e-03
2.895139e-03
4.064393e-03
4.621707e-03
4.513555e-03
4.526829e-03
5.280800e-03
6.365965e-03
6.887673e-03
7.291537e-03
8.331682e-03
9.252577e-03
9.608909e-03
1.029949e-02
1.173574e-02
1.328289e-02
1.415002e-02
1.443911e-02
1.517541e-02
1.637304e-02
1.692980e-02
1.635581e-02
1.519673e-02
1.453036e-02
1.399641e-02
1.220779e-02
9.338075e-03
6.299907e-03
3.349466e-03
6.384404e-04
-1.386449e-03
-2.768949e-03
-4.193692e-03
-6.343601e-03
-8.794759e-03
-1.015677e-02
-1.029618e-02
-1.013760e-02
-1.011010e-02
-1.017560e-02
-1.027130e-02
-1.006312e-02
-9.055533e-03
-7.474359e-03
-6.078751e-03
-5.467699e-03
-5.031088e-03
-3.326157e-03
-3.464634e-05
4.118934e-03
7.929165e-03
1.094930e-02
1.372414e-02
1.665740e-02
1.957463e-02
2.193401e-02
2.353395e-02
2.488059e-02
2.636984e-02
2.784577e-02
2.879393e-02
2.905092e-02
2.906820e-02
2.874963e-02
2.773582e-02
2.674585e-02
2.635520e-02
2.577092e-02
2.453305e-02
2.307671e-02
2.130530e-02
1.869270e-02
1.559670e-02
1.287773e-02
1.097330e-02
9.146787e-03
6.652609e-03
4.255174e-03
2.436287e-03
3.444378e-04
-2.457794e-03
-5.495699e-03
-8.051177e-03
-9.558536e-03
-1.007636e-02
-1.041508e-02
-1.142230e-02
-1.253820e-02
-1.282681e-02
-1.260079e-02
-1.277490e-02
-1.381849e-02
-1.496254e-02
-1.527989e-02
-1.513319e-02
-1.514366e-02
-1.529016e-02
-1.495538e-02
-1.385300e-02
-1.291051e-02
-1.255441e-02
-1.190102e-02
-1.056869e-02
-9.017935e-03
-7.556296e-03
-6.162416e-03
-4.746819e-03
-3.239713e-03
-1.732845e-03
-6.967916e-04
-4.299410e-04
-4.432933e-04
-6.308384e-04
-1.504448e-03
-3.020082e-03
-4.484468e-03
-5.248138e-03
-5.584184e-03
-6.437681e-03
-7.556967e-03
-7.993682e-03
-7.916593e-03
-7.873591e-03
-7.914084e-03
-7.859114e-03
-7.833850e-03
-8.364893e-03
-9.449651e-03
-1.018769e-02
-1.060911e-02
-1.153278e-02
-1.252217e-02
-1.294836e-02
-1.355346e-02
-1.461930e-02
-1.529252e-02
-1.535984e-02
-1.526438e-02
-1.523215e-02
-1.528490e-02
-1.539814e-02
-1.516689e-02
-1.405842e-02
-1.241704e-02
-1.111795e-02
-1.064972e-02
-1.005449e-02
-8.066408e-03
-5.558689e-03
-3.718453e-03
-2.291751e-03
-1.173374e-03
-7.226904e-04
-3.175427e-04
7.627001e-04
1.779038e-03
1.791156e-03
7.927795e-04
-6.022533e-04
-2.089721e-03
-4.070942e-03
-6.786028e-03
-9.762688e-03
-1.264758e-02
-1.553846e-02
-1.852797e-02
-2.127058e-02
-2.332063e-02
-2.517064e-02
-2.758226e-02
-2.997650e-02
-3.186033e-02
-3.404513e-02
-3.636980e-02
-3.750122e-02
-3.753039e-02
-3.740889e-02
-3.742837e-02
-3.742049e-02
-3.741484e-02
-3.758517e-02
-3.752323e-02
-3.624343e-02
-3.407121e-02
-3.282080e-02
-3.210736e-02
-3.013748e-02
-2.756896e-02
-2.582278e-02
-2.464893e-02
-2.294569e-02
-2.036360e-02
-1.828274e-02
-1.769183e-02
-1.727860e-02
-1.599830e-02
-1.433052e-02
-1.318628e-02
-1.295102e-02
-1.306922e-02
-1.309911e-02
-1.306456e-02
-1.305304e-02
-1.308208e-02
-1.311514e-02
-1.307454e-02
-1.298568e-02
-1.327151e-02
-1.431158e-02
-1.571675e-02
-1.732524e-02
-1.956216e-02
-2.215156e-02
-2.414257e-02
-2.549034e-02
-2.694858e-02
-2.914232e-02
-3.173955e-02
-3.380372e-02
-3.527698e-02
-3.663076e-02
-3.805601e-02
-3.958110e-02
-4.114238e-02
-4.226058e-02
-4.259939e-02
-4.301057e-02
-4.424815e-02
-4.590565e-02
-4.715696e-02
-4.753555e-02
-4.744962e-02
-4.742858e-02
-4.755625e-02
-4.740200e-02
-4.641114e-02
-4.481434e-02
-4.345115e-02
-4.289747e-02
-4.232269e-02
-4.039284e-02
-3.821223e-02
-3.749268e-02
-3.718380e-02
-3.595824e-02
-3.425275e-02
-3.315926e-02
-3.284765e-02
-3.186772e-02
-2.956800e-02
-2.724897e-02
-2.556574e-02
-2.423826e-02
-2.344225e-02
-2.295651e-02
-2.148287e-02
-1.927512e-02
-1.812691e-02
-1.813020e-02
-1.830155e-02
-1.828111e-02
-1.821615e-02
-1.824244e-02
-1.832993e-02
-1.828738e-02
-1.807265e-02
-1.843179e-02
-2.027430e-02
-2.253554e-02
-2.339368e-02
-2.324529e-02
-2.314406e-02
-2.322219e-02
-2.320185e-02
-2.314268e-02
-2.361633e-02
-2.477192e-02
-2.566704e-02
-2.575724e-02
-2.557575e-02
-2.597179e-02
-2.714868e-02
-2.811927e-02
-2.825993e-02
-2.805052e-02
-2.832647e-02
-2.950987e-02
-3.107037e-02
-3.252807e-02
-3.393117e-02
-3.544553e-02
-3.692565e-02
-3.783617e-02
-3.813582e-02
-3.876632e-02
-4.017099e-02
-4.177797e-02
-4.276896e-02
-4.303223e-02
-4.358631e-02
-4.499163e-02
-4.662784e-02
-4.757846e-02
-4.794560e-02
-4.921791e-02
-5.145211e-02
-5.281240e-02
-5.291809e-02
-5.274349e-02
-5.275058e-02
-5.281732e-02
-5.282555e-02
-5.280053e-02
-5.280267e-02
-5.286186e-02
-5.279598e-02
-5.215862e-02
-5.058970e-02
-4.810549e-02
-4.519831e-02
-4.224651e-02
-3.935017e-02
-3.659067e-02
-3.380099e-02
-3.034843e-02
-2.642559e-02
-2.393656e-02
-2.316458e-02
-2.174049e-02
-1.881156e-02
-1.578923e-02
-1.415972e-02
-1.347725e-02
-1.187715e-02
-9.819597e-03
-8.861856e-03
-7.845417e-03
-5.825579e-03
-4.387093e-03
-3.582892e-03
-1.701447e-03
4.725049e-04
1.075410e-03
6.390797e-04
9.768228e-04
3.021309e-03
5.259745e-03
5.956614e-03
5.784509e-03
5.571627e-03
5.401931e-03
6.073475e-03
8.280162e-03
1.035426e-02
1.074083e-02
1.028914e-02
1.079944e-02
1.299303e-02
1.510812e-02
1.563417e-02
1.539364e-02
1.530691e-02
1.537057e-02
1.539102e-02
1.536319e-02
1.534176e-02
1.533534e-02
1.534406e-02
1.535631e-02
1.531476e-02
1.524013e-02
1.533523e-02
1.555541e-02
1.490416e-02
1.269049e-02
1.061878e-02
1.015916e-02
1.046866e-02
1.026505e-02
9.173273e-03
7.751866e-03
6.176857e-03
3.962242e-03
1.350559e-03
-6.547477e-04
-1.972345e-03
-3.472197e-03
-5.792924e-03
-8.107833e-03
-9.087477e-03
-9.852465e-03
-1.196577e-02
-1.397267e-02
-1.447440e-02
-1.424148e-02
-1.410969e-02
-1.421423e-02
-1.445021e-02
-1.417351e-02
-1.248196e-02
-1.019268e-02
-9.206249e-03
-9.447342e-03
-9.422599e-03
-7.940751e-03
-5.421684e-03
-3.347440e-03
-2.004049e-03
-5.996759e-04
1.552122e-03
4.149238e-03
6.221461e-03
7.677771e-03
9.059802e-03
1.053700e-02
1.191457e-02
1.323299e-02
1.508805e-02
1.759599e-02
1.939209e-02
2.012513e-02
2.156809e-02
2.373670e-02
2.484107e-02
2.483577e-02
2.459931e-02
2.447896e-02
2.485263e-02
2.592937e-02
2.650412e-02
2.577831e-02
2.544164e-02
2.626143e-02
2.694273e-02
2.736778e-02
2.834645e-02
2.932633e-02
2.958455e-02
2.946891e-02
2.941399e-02
2.943465e-02
2.944030e-02
2.942779e-02
2.941603e-02
2.939282e-02
2.937919e-02
2.942567e-02
2.936668e-02
2.873087e-02
2.734593e-02
2.571352e-02
2.463253e-02
2.435696e-02
2.389311e-02
2.253885e-02
2.085491e-02
1.982342e-02
1.949334e-02
1.836021e-02
1.611428e-02
1.464641e-02
1.434367e-02
1.352987e-02
1.098317e-02
7.167982e-03
4.089465e-03
2.415635e-03
1.159338e-03
-2.797605e-04
-1.809987e-03
-3.269933e-03
-4.657214e-03
-6.106480e-03
-7.723481e-03
-9.084130e-03
-9.260817e-03
-8.364983e-03
-7.722442e-03
2.662404e-03
3.785033e-03
4.874859e-03
5.348730e-03
6.026826e-03
7.772239e-03
1.049984e-02
1.312363e-02
1.495539e-02
1.642392e-02
1.788707e-02
1.941538e-02
2.142203e-02
2.408352e-02
2.653273e-02
2.826229e-02
2.969215e-02
3.116874e-02
3.274958e-02
3.439658e-02
3.574530e-02
3.632033e-02
3.665067e-02
3.778376e-02
3.957185e-02
4.082398e-02
4.057004e-02
3.984879e-02
4.040374e-02
4.154111e-02
4.194777e-02
4.185016e-02
4.181053e-02
4.187872e-02
4.192567e-02
4.193181e-02
4.194146e-02
4.196554e-02
4.197431e-02
4.195573e-02
4.196836e-02
4.204528e-02
4.190214e-02
4.108655e-02
3.970147e-02
3.822103e-02
3.682574e-02
3.539389e-02
3.388186e-02
3.268550e-02
3.225492e-02
3.228730e-02
3.232756e-02
3.229362e-02
3.225509e-02
3.224634e-02
3.225260e-02
3.221500e-02
3.211222e-02
3.223431e-02
3.303373e-02
3.440981e-02
3.581386e-02
3.665138e-02
3.670379e-02
3.645103e-02
3.666459e-02
3.767075e-02
3.861531e-02
3.872941e-02
3.842922e-02
3.857093e-02
3.950116e-02
4.041510e-02
4.059447e-02
4.039995e-02
4.018727e-02
4.001398e-02
4.027852e-02
4.121860e-02
4.199004e-02
4.197318e-02
4.162989e-02
4.178789e-02
4.268200e-02
4.342381e-02
4.352109e-02
4.335545e-02
4.279108e-02
4.161250e-02
4.096982e-02
4.159485e-02
4.226037e-02
4.212055e-02
4.175059e-02
4.202746e-02
4.279597e-02
4.270169e-02
4.157984e-02
4.070908e-02
4.045456e-02
4.032629e-02
4.009027e-02
3.982071e-02
3.957964e-02
3.934752e-02
3.910510e-02
3.885041e-02
3.858813e-02
3.833607e-02
3.810571e-02
3.783586e-02
3.748151e-02
3.730942e-02
3.775738e-02
3.850571e-02
3.867042e-02
3.824314e-02
3.800088e-02
3.847752e-02
3.891935e-02
3.817646e-02
3.723605e-02
3.752748e-02
3.814209e-02
3.805253e-02
3.758364e-02
3.719767e-02
3.691290e-02
3.658985e-02
3.617673e-02
3.579921e-02
3.562139e-02
3.529815e-02
3.391292e-02
3.186508e-02
3.146207e-02
3.277101e-02
3.349189e-02
3.312903e-02
3.258223e-02
3.221861e-02
3.189472e-02
3.151826e-02
3.112506e-02
3.072337e-02
3.032132e-02
2.998670e-02
2.967285e-02
2.898246e-02
2.774332e-02
2.665448e-02
2.590615e-02
2.483215e-02
2.387812e-02
2.395750e-02
2.403762e-02
2.305509e-02
2.191723e-02
2.138098e-02
2.111506e-02
2.076973e-02
2.036019e-02
1.997183e-02
1.960301e-02
1.922698e-02
1.884194e-02
1.845823e-02
1.807750e-02
1.769395e-02
1.730341e-02
1.691636e-02
1.654374e-02
1.616234e-02
1.573157e-02
1.531979e-02
1.506202e-02
1.471765e-02
1.351499e-02
1.159199e-02
1.062619e-02
1.069562e-02
1.015394e-02
9.014481e-03
8.336034e-03
8.115086e-03
7.742735e-03
6.892642e-03
5.864739e-03
5.138743e-03
4.739641e-03
4.271174e-03
3.317955e-03
2.216035e-03
1.600232e-03
1.337475e-03
1.066098e-03
7.380249e-04
4.331826e-04
1.333294e-04
-2.276040e-04
-4.976597e-04
-3.210110e-04
1.887037e-04
3.074892e-04
-4.003578e-04
-1.429078e-03
-1.444394e-03
-4.396087e-04
7.445252e-05
-3.800202e-05
1.897912e-04
8.473288e-04
1.404581e-03
1.421199e-03
9.308561e-04
5.019205e-04
8.725378e-04
1.771234e-03
1.772095e-03
9.742134e-04
7.578785e-04
9.914748e-04
8.279183e-04
3.315837e-04
-1.402180e-04
-5.426765e-04
-9.589821e-04
-1.377679e-03
-1.756209e-03
-2.253720e-03
-3.150961e-03
-4.397103e-03
-5.645994e-03
-6.540951e-03
-7.002825e-03
-7.315232e-03
-7.666825e-03
-8.044091e-03
-8.405709e-03
-8.741255e-03
-9.083542e-03
-9.479829e-03
-9.854118e-03
-9.929806e-03
-9.696289e-03
-9.656745e-03
-9.799003e-03
-9.630999e-03
-9.560904e-03
-1.037109e-02
-1.170176e-02
-1.263824e-02
-1.271397e-02
-1.264982e-02
-1.331000e-02
-1.419530e-02
-1.469444e-02
-1.494949e-02
-1.515669e-02
-1.546545e-02
-1.630021e-02
-1.767048e-02
-1.869685e-02
-1.918298e-02
-1.980521e-02
-2.073697e-02
-2.167931e-02
-2.250948e-02
-2.345035e-02
-2.473430e-02
-2.607287e-02
-2.701015e-02
-2.748608e-02
-2.758807e-02
-2.756098e-02
-2.793387e-02
-2.897562e-02
-2.992367e-02
-3.015353e-02
-3.004144e-02
-3.015096e-02
-3.064893e-02
-3.114341e-02
-3.120538e-02
-3.083602e-02
-3.037264e-02
-3.017711e-02
-3.019882e-02
-3.022381e-02
-3.021200e-02
-3.023266e-02
-3.027172e-02
-3.012555e-02
-2.971969e-02
-2.940175e-02
-2.925926e-02
-2.898059e-02
-2.864240e-02
-2.850121e-02
-2.833042e-02
-2.803192e-02
-2.803414e-02
-2.848082e-02
-2.904975e-02
-2.940624e-02
-2.942256e-02
-2.929629e-02
-2.942951e-02
-3.004143e-02
-3.064437e-02
-3.077921e-02
-3.081164e-02
-3.107470e-02
-3.143612e-02
-3.174496e-02
-3.200575e-02
-3.225642e-02
-3.249730e-02
-3.271097e-02
-3.289520e-02
-3.307427e-02
-3.325679e-02
-3.335333e-02
-3.325380e-02
-3.308790e-02
-3.306706e-02
-3.305314e-02
-3.284463e-02
-3.253376e-02
-3.224421e-02
-3.196337e-02
-3.165373e-02
-3.138342e-02
-3.126542e-02
-3.116792e-02
-3.080269e-02
-3.027816e-02
-2.988541e-02
-2.960780e-02
-2.934033e-02
-2.906222e-02
-2.870877e-02
-2.821318e-02
-2.771988e-02
-2.741463e-02
-2.730066e-02
-2.722206e-02
-2.701344e-02
-2.669967e-02
-2.640130e-02
-2.620878e-02
-2.612392e-02
-2.606282e-02
-2.591637e-02
-2.562245e-02
-2.526131e-02
-2.495566e-02
-2.476396e-02
-2.458774e-02
-2.429979e-02
-2.393893e-02
-2.359834e-02
-2.334464e-02
-2.321717e-02
-2.318217e-02
-2.305990e-02
-2.273456e-02
-2.232452e-02
-2.197152e-02
-2.170817e-02
-2.147551e-02
-2.126126e-02
-2.110526e-02
-2.093134e-02
-2.061823e-02
-2.028338e-02
-2.006728e-02
-1.982593e-02
-1.944205e-02
-1.899933e-02
-1.857492e-02
-1.816625e-02
-1.775655e-02
-1.734613e-02
-1.694069e-02
-1.654048e-02
-1.614191e-02
-1.574445e-02
-1.535481e-02
-1.497434e-02
-1.457518e-02
-1.412936e-02
-1.368268e-02
-1.330483e-02
-1.299641e-02
-1.268598e-02
-1.230244e-02
-1.189080e-02
-1.151602e-02
-1.114476e-02
-1.075447e-02
-1.038475e-02
-1.004869e-02
-9.727949e-03
-9.411418e-03
-9.077570e-03
-8.697098e-03
-8.294011e-03
-7.918206e-03
-7.570480e-03
-7.242697e-03
-6.942406e-03
-6.643095e-03
-6.308097e-03
-5.977087e-03
-5.695085e-03
-5.426715e-03
-5.138607e-03
-4.843969e-03
-4.567989e-03
-4.319306e-03
-4.081475e-03
-3.842601e-03
-3.603382e-03
-3.366148e-03
-3.131701e-03
-2.899017e-03
-2.664902e-03
-2.430298e-03
-2.210117e-03
-2.013870e-03
-1.815177e-03
-1.592097e-03
-1.358688e-03
-1.128463e-03
-9.013471e-04
-6.799151e-04
-4.695370e-04
-2.644750e-04
-5.117486e-05
1.769201e-04
4.040104e-04
6.167909e-04
8.299564e-04
1.051789e-03
1.271005e-03
1.485157e-03
1.700286e-03
1.913278e-03
2.119480e-03
2.321488e-03
2.522346e-03
2.722180e-03
2.920415e-03
3.117018e-03
3.312134e-03
3.505746e-03
3.697917e-03
3.888789e-03
4.077902e-03
4.264062e-03
4.447138e-03
4.628746e-03
4.810730e-03
4.993771e-03
5.176375e-03
5.356823e-03
5.534465e-03
5.710461e-03
5.886515e-03
6.062681e-03
6.237570e-03
6.409464e-03
6.578810e-03
6.747354e-03
6.915546e-03
7.082723e-03
7.247953e-03
7.411098e-03
7.572673e-03
7.733118e-03
7.892506e-03
8.050496e-03
8.206808e-03
8.361400e-03
8.514452e-03
8.666180e-03
8.816701e-03
8.965994e-03
9.113927e-03
9.260402e-03
9.405427e-03
9.549101e-03
9.691487e-03
9.832583e-03
9.972378e-03
1.011087e-02
1.024803e-02
1.038387e-02
1.051840e-02
1.065162e-02
1.078353e-02
1.091410e-02
1.104332e-02
1.117118e-02
1.129767e-02
1.142279e-02
1.154653e-02
1.166888e-02
1.178983e-02
1.190938e-02
1.202752e-02
1.214423e-02
1.225950e-02
1.237333e-02
1.248571e-02
