1.462899e-03
2.106806e-03
-4.103137e-04
6.955599e-04
1.514766e-03
-1.375321e-04
-1.551197e-03
-2.869028e-03
1.657695e-03
2.223713e-03
-1.052654e-03
-3.188706e-03
-1.512043e-03
1.325334e-03
1.707528e-03
-2.039282e-03
-1.664318e-03
3.249603e-03
4.137540e-03
2.749814e-03
-3.050475e-03
-5.452168e-03
5.386560e-04
1.546737e-03
-2.039304e-03
-2.872408e-03
6.263852e-04
5.027836e-03
3.298259e-04
-7.286445e-03
-5.517740e-03
2.846244e-03
-1.862724e-04
-9.595301e-04
-4.537489e-04
-1.288288e-03
2.451832e-03
2.647411e-03
1.938211e-03
-5.754100e-04
4.176895e-04
1.806509e-03
-1.850650e-03
-6.641069e-03
-3.926368e-03
1.910514e-03
8.847985e-04
5.128636e-04
2.638870e-03
3.931499e-03
4.540688e-03
3.599208e-04
-6.384849e-04
1.488352e-03
2.614531e-03
5.001325e-04
-4.670222e-03
-2.051895e-03
3.406076e-03
5.489848e-03
3.336507e-03
1.369788e-03
5.270730e-04
-2.146980e-04
-9.534451e-04
2.559724e-04
1.188934e-03
1.365021e-03
2.698771e-03
3.333788e-03
4.162569e-03
5.924615e-03
6.225987e-03
2.522805e-03
8.759076e-04
1.187376e-03
6.981116e-04
-1.265087e-03
5.066320e-03
5.313394e-03
3.163435e-03
6.452223e-04
-1.119244e-03
1.991858e-03
-1.214953e-03
4.466631e-04
-1.841193e-03
-2.429762e-03
3.754437e-03
9.809652e-04
-1.708900e-03
4.367084e-03
3.078636e-03
4.488573e-04
2.467187e-03
5.242325e-03
2.830733e-03
-5.764130e-03
-5.552344e-03
3.418315e-04
2.540517e-03
2.875632e-03
7.971057e-03
5.730611e-03
-8.718243e-03
-8.193528e-03
1.615198e-03
2.020515e-03
3.308103e-03
3.446121e-03
-3.861889e-03
-6.487109e-03
-3.128168e-04
3.022787e-03
1.373622e-03
8.749888e-04
2.321468e-03
3.003938e-03
-2.070499e-03
-5.480323e-03
-7.485357e-04
-8.321953e-04
-4.518522e-03
-3.266036e-03
-1.621897e-03
-7.585965e-03
-7.149560e-03
-4.156041e-03
-6.453289e-03
-4.684844e-03
3.271761e-04
2.668809e-03
-4.096143e-03
-4.397380e-03
-3.588885e-03
-7.842673e-03
-9.029349e-03
-2.462009e-03
7.988446e-03
2.414675e-03
-8.144880e-03
-9.083821e-03
2.543616e-03
4.808446e-03
-3.297087e-03
-2.496005e-03
-1.991767e-03
-2.273973e-03
8.064037e-03
9.689183e-03
2.231207e-03
3.757365e-03
3.592341e-03
-2.072546e-03
-5.480196e-03
-2.908631e-03
-1.147987e-03
-6.161185e-03
-9.540368e-03
1.625628e-03
5.861720e-03
-3.018389e-03
-9.030280e-03
-9.366134e-04
-2.561529e-03
-7.525946e-03
-6.451985e-03
-2.516946e-03
1.707753e-03
-4.249210e-03
-4.697175e-03
1.654159e-03
1.237311e-02
9.460765e-03
1.556516e-03
5.872867e-03
1.245767e-02
7.296147e-03
-4.440322e-03
-1.703012e-03
5.083676e-03
9.844627e-03
1.059492e-02
4.192946e-03
-7.983840e-04
-2.657313e-03
-2.350801e-03
-5.910110e-03
-1.373610e-02
-8.730504e-03
-5.025429e-03
-6.680473e-03
3.032364e-03
5.117622e-03
2.438443e-03
6.261744e-03
4.874867e-03
5.079172e-03
8.077239e-03
1.014505e-02
5.543058e-03
-9.876050e-03
-9.958448e-03
1.841105e-03
2.162586e-03
-1.199172e-03
4.805714e-03
1.305764e-02
9.982455e-03
-4.762571e-03
-1.922814e-03
1.207626e-03
-4.804209e-03
-8.812617e-04
-4.717470e-03
-8.728116e-03
-3.935157e-03
7.380685e-03
-2.343029e-03
-1.664247e-02
-6.290584e-03
4.369334e-03
9.922098e-03
1.749725e-03
-8.504483e-03
-1.267746e-02
-1.300506e-02
-6.124339e-03
-6.930483e-04
4.008927e-03
9.348389e-03
1.971032e-02
1.384403e-02
-5.708963e-04
-5.191739e-04
9.962035e-03
1.846341e-02
3.762828e-03
-4.718827e-03
3.622363e-03
1.398110e-02
9.766064e-03
1.932054e-03
-1.064110e-03
-9.959969e-03
3.538210e-04
7.237336e-03
1.054638e-03
-9.235613e-03
-1.166474e-02
-1.300014e-03
-5.272425e-03
-1.408373e-02
-1.423218e-02
-8.609493e-03
-3.021495e-03
3.062211e-03
-3.737554e-04
-3.416014e-03
-3.052505e-03
2.616011e-03
3.433396e-03
3.121629e-03
9.573469e-03
8.811857e-03
1.800694e-03
-4.083380e-03
2.312313e-03
1.185496e-03
-5.927714e-03
-2.722614e-03
1.904353e-03
1.532290e-03
1.865036e-03
4.947690e-03
4.013574e-03
3.173287e-03
6.579249e-03
5.051460e-03
-5.634791e-04
-3.579469e-03
-8.192095e-04
1.464700e-03
2.002358e-03
-1.793973e-03
-2.946474e-03
-4.511066e-03
-8.493069e-03
-4.758779e-03
8.186392e-04
2.030448e-03
2.343627e-03
-5.946363e-05
-1.145387e-02
-1.537983e-02
-5.614353e-03
3.461599e-03
3.985861e-03
-2.656406e-03
-5.596082e-03
-2.779907e-03
5.603419e-03
6.424456e-03
1.325405e-03
-5.357716e-03
-7.125465e-03
3.380437e-03
7.514391e-03
5.468156e-03
2.158133e-03
4.790621e-03
2.932041e-03
-2.134446e-03
-2.859823e-03
2.705133e-03
9.700121e-03
5.830061e-03
-1.385606e-03
-3.600222e-03
-3.049626e-03
-3.241597e-03
-2.286076e-03
-1.294861e-03
3.030725e-03
5.405044e-03
2.799715e-03
-2.821760e-03
6.959570e-04
4.563527e-03
-3.138769e-03
-1.951774e-03
2.025936e-03
6.381037e-03
7.391553e-03
-8.952371e-04
-1.059575e-02
-1.470974e-02
-8.088231e-03
3.594511e-03
9.979367e-03
1.366137e-03
-6.924779e-03
-8.169542e-03
-6.996910e-03
-3.148826e-03
-4.681247e-03
-5.397674e-03
-5.985587e-03
-3.441086e-03
-1.224011e-03
-5.454362e-03
-3.414777e-03
-3.504959e-03
-8.444227e-03
-1.364258e-02
-1.077988e-02
-3.207841e-03
2.807669e-03
6.025315e-03
-8.458650e-04
-2.236590e-03
3.616720e-03
8.420446e-03
8.825925e-03
4.415979e-03
7.507110e-03
6.206115e-03
4.334935e-03
4.984171e-03
9.411484e-03
1.439571e-02
7.366370e-03
5.218748e-03
2.287762e-03
1.030590e-03
4.370554e-03
6.285573e-03
3.675870e-03
-2.440599e-03
-6.044811e-03
-3.976288e-04
7.401750e-03
3.550685e-03
-4.727635e-04
-3.215096e-03
-2.230353e-03
-1.051813e-03
-1.300985e-02
-1.340111e-02
3.609863e-03
1.176314e-02
5.415090e-03
-2.175333e-03
-2.892998e-03
-5.638427e-03
-3.591899e-03
9.403651e-04
-6.259414e-03
-7.097456e-03
3.224189e-04
7.726305e-04
-9.465740e-03
-1.623407e-02
-8.440892e-03
-1.201664e-02
-1.779864e-02
-5.586823e-03
3.748589e-03
2.554537e-03
3.659826e-04
7.652206e-03
6.921226e-03
-5.047096e-03
-7.174460e-03
-1.601848e-03
1.757362e-03
-1.043210e-03
-3.208325e-03
-6.716781e-03
-5.857599e-03
-5.674681e-03
-5.236764e-03
1.930297e-04
5.270922e-03
5.621112e-03
-7.696699e-03
-2.385623e-02
-2.369271e-02
-7.803846e-03
1.459094e-03
-2.562270e-04
-6.696190e-03
-1.105842e-02
-1.070620e-02
-2.434710e-03
1.756781e-03
-1.498750e-03
-5.287743e-03
-5.598538e-03
-1.164072e-02
-1.887425e-02
-1.748149e-03
7.529051e-03
-2.440130e-03
-3.783173e-03
3.138843e-03
1.192440e-02
1.147793e-02
1.256805e-03
-3.486923e-03
-3.347913e-03
-1.227976e-02
-1.731318e-02
9.451124e-04
2.092924e-02
2.583776e-02
1.679677e-02
1.465739e-04
-5.128582e-03
5.796197e-04
-4.293658e-03
-9.062897e-03
-1.137801e-02
-7.305896e-03
2.328283e-03
4.344081e-03
1.933079e-03
-3.638902e-03
-5.087024e-03
-8.938267e-03
-1.084437e-02
-7.861615e-03
-5.749939e-03
-8.346583e-03
-1.245283e-02
-1.483629e-02
-1.037250e-02
-4.338923e-03
3.943751e-03
6.116625e-03
-3.289539e-03
2.354395e-03
1.361037e-02
1.025994e-02
-3.300682e-03
-1.386863e-02
-1.133875e-02
1.130002e-03
7.324772e-04
-9.246927e-03
-1.061244e-02
-5.987476e-03
1.227895e-02
3.315863e-02
3.708795e-02
2.630683e-02
1.643554e-02
2.052602e-02
2.844660e-02
2.442400e-02
1.076138e-02
5.053738e-03
-2.416461e-03
-1.553134e-02
-2.336772e-02
-1.577251e-02
-1.684018e-02
-1.288127e-02
8.364592e-03
7.822237e-03
-3.916657e-03
-4.424332e-03
1.927464e-02
2.908426e-02
5.583751e-03
-1.988026e-02
-1.743605e-02
-1.217562e-02
-1.220185e-02
6.418548e-03
2.185960e-02
2.230869e-02
2.427454e-02
2.876487e-02
9.471869e-03
-1.460901e-02
-8.982391e-03
1.712685e-02
3.315952e-02
2.496106e-02
3.022182e-03
5.054329e-03
2.644505e-02
3.838854e-02
2.733001e-02
-9.291753e-03
-3.428960e-02
-3.783481e-02
-1.691429e-02
5.050706e-03
1.029790e-02
6.702724e-03
-1.634435e-03
-4.259591e-03
4.975812e-03
-2.401422e-04
-3.169458e-02
-5.646087e-02
-5.814864e-02
-3.913550e-02
-4.768310e-03
4.351678e-02
5.670367e-02
2.694959e-02
-1.438862e-02
-2.701996e-02
-3.724856e-03
4.593589e-03
3.126156e-03
8.055145e-03
-2.255685e-03
-1.587335e-02
-2.136264e-02
-2.740782e-02
-1.756447e-02
1.624739e-04
1.520455e-03
4.104478e-03
-4.392566e-04
-3.032749e-03
1.050914e-02
1.479450e-03
-7.832777e-03
-3.868682e-03
-2.401545e-03
-1.439840e-02
-3.879234e-02
-5.134001e-02
-3.249920e-02
-2.178512e-04
1.659112e-02
8.100690e-04
-1.338079e-02
9.852775e-04
-1.195085e-03
-1.897023e-02
-2.878936e-02
-8.897940e-03
2.486854e-02
4.526691e-02
4.358432e-02
4.024118e-02
5.232757e-02
4.966171e-02
2.639695e-02
1.067101e-02
5.507173e-03
-3.135879e-03
-1.264797e-02
-1.871756e-02
-1.318771e-02
1.183509e-03
2.739447e-03
-9.725534e-03
-1.243115e-02
-1.324467e-02
4.019282e-03
4.670571e-02
8.009484e-02
6.885388e-02
4.733743e-02
3.792738e-02
1.817757e-02
1.111148e-02
2.872735e-02
5.091078e-02
7.005767e-02
6.773356e-02
5.024716e-02
5.906248e-02
6.729946e-02
4.056167e-02
9.029871e-03
-1.373298e-02
-4.604711e-02
-7.042563e-02
-4.187432e-02
-7.515116e-03
-6.027454e-03
-1.734078e-02
-4.258936e-02
-4.862827e-02
-4.397962e-02
-3.101796e-02
-1.376108e-02
-1.130032e-02
-2.642130e-02
-2.005495e-02
1.701135e-02
7.020817e-04
-3.622138e-02
-4.831601e-02
-3.580822e-02
1.656726e-04
3.339781e-02
3.779762e-02
3.005974e-03
-2.217319e-02
-2.917494e-02
1.259768e-02
7.449388e-02
9.161820e-02
8.668198e-02
5.336322e-02
1.130307e-02
-3.843354e-03
3.150342e-03
2.451203e-03
-1.248204e-02
-2.663497e-02
-4.538810e-02
-3.684195e-02
-7.642837e-03
-5.725659e-03
5.315420e-03
3.671162e-02
4.161026e-02
3.045106e-02
9.335626e-03
-3.189624e-02
-6.212332e-02
-5.408409e-02
-3.485238e-02
-3.140926e-02
-2.975419e-02
-3.691396e-02
-2.820865e-02
-7.203152e-03
-2.524937e-02
-5.606292e-02
-6.108068e-02
-2.352261e-02
2.478523e-02
1.846902e-02
-2.065752e-02
-3.757765e-02
-2.524416e-02
-4.615768e-04
1.613857e-02
2.859242e-02
3.899199e-02
2.702602e-02
2.317111e-02
3.170613e-02
2.064185e-02
1.166661e-03
-4.365128e-03
1.575812e-02
2.230416e-02
1.106198e-03
-2.877706e-02
-2.725043e-02
-8.117589e-03
-2.455825e-02
-2.543270e-02
-2.133260e-02
-1.790265e-02
-1.489803e-02
-3.285338e-02
-3.712645e-02
-3.670747e-03
1.887300e-02
7.922001e-03
5.461481e-03
1.204122e-02
1.659932e-02
-2.896205e-03
-3.775803e-02
-5.143956e-02
-2.673848e-02
5.767237e-05
-3.933846e-03
-3.318770e-02
-3.470673e-02
3.945916e-03
3.399181e-02
3.111822e-02
5.473144e-03
-7.020054e-03
7.275009e-03
2.455052e-02
1.975119e-02
-1.961900e-02
-3.981523e-02
-7.286626e-03
1.416274e-02
1.520292e-02
1.781085e-02
2.107362e-02
3.025544e-02
4.311540e-02
4.383940e-02
5.161875e-02
5.423382e-02
1.921703e-02
-1.599559e-02
-2.110598e-02
3.898113e-03
4.080255e-02
5.220087e-02
3.952618e-02
1.042948e-02
-5.241969e-03
1.400220e-02
3.365642e-02
3.174273e-02
3.745615e-03
-2.919544e-02
-3.655489e-02
-5.601108e-03
3.695110e-02
3.926941e-02
1.540536e-02
-5.844445e-03
1.105987e-02
4.888746e-02
7.090606e-02
6.552544e-02
3.696123e-02
1.538913e-02
-1.755153e-03
-5.160032e-03
-4.975527e-03
-2.285114e-02
-4.049420e-02
-5.337384e-02
-4.538123e-02
-2.093703e-02
-3.622628e-03
3.415274e-03
-2.007200e-04
4.263727e-03
2.875588e-02
3.563161e-02
-2.478732e-03
-2.528398e-02
-3.079511e-02
-2.437735e-02
-9.204923e-03
2.142507e-03
1.932434e-02
4.087381e-02
4.987321e-02
2.623260e-02
-1.341179e-02
-3.435754e-02
-1.978077e-02
2.497677e-02
4.001357e-02
2.121186e-02
1.847822e-02
8.156796e-03
-2.481372e-02
-2.380896e-03
4.763885e-02
5.123126e-02
3.766115e-02
-1.185069e-02
-7.010597e-02
-8.680849e-02
-8.571303e-02
-7.215316e-02
-6.233874e-02
-6.185629e-02
-5.460614e-02
-4.678988e-02
-2.669385e-02
-6.103106e-03
1.121854e-02
2.156950e-02
2.021188e-02
8.461497e-03
-2.366748e-02
-4.336977e-02
-3.065342e-02
-1.003002e-02
5.119037e-03
2.493460e-02
4.100472e-02
4.695339e-02
3.071605e-02
-8.688561e-03
-3.520444e-02
-5.512603e-02
-5.711907e-02
-4.945985e-02
-3.767370e-02
-1.348741e-02
1.214217e-02
3.464444e-02
4.227103e-02
2.381420e-02
9.248652e-03
1.390399e-02
2.067991e-02
1.526582e-02
-2.540967e-02
-7.294467e-02
-8.244692e-02
-4.948962e-02
-3.448787e-03
4.324485e-02
7.580945e-02
9.091879e-02
7.187445e-02
3.197929e-02
7.505491e-03
-3.809277e-03
-1.932135e-02
-5.191126e-02
-6.012523e-02
-5.737011e-02
-5.584511e-02
-6.353173e-02
-7.747094e-02
-6.362535e-02
-1.995089e-02
2.432436e-02
3.721422e-02
2.064851e-02
1.353287e-03
-1.989133e-03
-1.510213e-02
-8.815749e-03
9.682076e-03
2.133264e-02
2.489257e-02
1.659143e-03
-2.323382e-02
-2.094379e-02
1.618333e-02
5.314928e-02
5.108494e-02
1.811461e-02
-1.225881e-02
-2.372448e-02
-3.367240e-02
-4.738104e-02
-2.512755e-02
-4.099078e-03
-9.906803e-03
-9.393586e-03
6.352138e-04
8.097695e-03
6.945257e-03
1.272780e-02
2.619095e-02
4.397992e-02
5.694224e-02
5.417617e-02
3.425167e-02
-1.483260e-02
-3.744174e-02
-3.169182e-02
-3.160698e-02
-1.321008e-02
-3.031835e-02
-7.334789e-02
-9.606820e-02
-9.940546e-02
-6.749253e-02
-5.220968e-02
-7.339896e-02
-7.497875e-02
-5.346879e-02
-1.837141e-02
1.221450e-02
2.931806e-02
4.844429e-02
5.080988e-02
4.527454e-02
5.687316e-02
5.154693e-02
4.392366e-02
5.948090e-02
6.162618e-02
5.009121e-02
4.299631e-02
4.709080e-02
4.880463e-02
3.534391e-02
3.144671e-02
3.409180e-02
2.368189e-02
-1.558890e-02
-5.325114e-02
-5.294491e-02
-3.549555e-02
-1.398760e-02
-1.196267e-02
-2.885975e-02
-3.443790e-02
-2.224356e-02
-1.747992e-02
-3.340597e-02
-2.529877e-02
-1.370622e-02
-1.527576e-02
-2.006646e-02
-4.552235e-02
-6.614345e-02
-5.584936e-02
-7.550070e-03
5.015158e-02
5.229281e-02
1.424196e-02
-3.121631e-04
5.101232e-03
9.900587e-03
7.575641e-04
5.228482e-03
1.710970e-02
2.301270e-02
2.735918e-02
1.868026e-02
-1.471612e-03
-2.186216e-02
-8.054162e-03
3.116510e-02
2.413962e-02
-2.925202e-02
-4.155703e-02
-9.852385e-04
5.503751e-02
8.131911e-02
4.643741e-02
1.327174e-03
-1.334751e-03
-5.209454e-03
-2.423218e-02
-2.838228e-02
-2.990078e-02
-4.989760e-02
-6.921307e-02
-4.274072e-02
1.575656e-02
4.654555e-02
3.884585e-02
1.856139e-02
1.081886e-02
-5.889469e-03
-2.187360e-02
-3.467635e-02
-3.886622e-02
-2.840175e-02
-2.095037e-02
1.173726e-03
3.068874e-02
5.087585e-02
4.776820e-02
2.686054e-02
5.223574e-03
-6.757051e-03
1.853006e-02
5.621018e-02
6.916040e-02
6.023671e-02
1.298143e-02
-1.085363e-02
-7.700504e-03
-1.331326e-02
-1.755922e-02
-1.754362e-02
1.659608e-02
4.254723e-02
3.981291e-02
2.712747e-02
2.624548e-02
4.688752e-02
4.779767e-02
1.880039e-02
-7.642801e-03
-2.595557e-02
-4.298416e-02
-4.147324e-02
-1.986831e-02
5.982878e-03
3.028978e-02
1.881000e-02
-9.515093e-03
-7.488042e-03
-2.477718e-04
1.958542e-02
4.597925e-02
5.758920e-02
3.955490e-02
1.349625e-02
-5.046019e-03
-2.010703e-02
-3.913787e-02
-5.741493e-02
-3.273573e-02
1.351037e-02
2.856792e-02
2.737178e-02
4.124613e-02
4.526525e-02
3.887424e-02
2.647034e-02
-5.222784e-03
-2.691073e-02
-2.970215e-02
5.307625e-03
5.177506e-02
5.334414e-02
4.420526e-02
4.180551e-02
2.350703e-02
8.708167e-03
-5.138015e-03
-2.407400e-02
-1.810769e-02
1.471517e-03
1.685548e-02
2.788607e-02
4.656259e-02
3.907509e-02
-2.363113e-03
-2.689583e-02
-2.251462e-02
-1.101686e-02
-2.120532e-02
-5.729261e-02
-7.222610e-02
-4.251727e-02
-1.777073e-02
-2.485023e-02
-3.894020e-02
-3.293717e-02
-1.018269e-02
1.029922e-02
-4.932124e-03
-3.103564e-02
-2.445429e-02
4.045847e-03
2.638926e-02
-6.991960e-03
-5.866484e-02
-6.441427e-02
-5.292569e-02
-4.738270e-02
-2.569310e-02
-3.856623e-03
1.691472e-03
3.157527e-03
2.806962e-03
6.703677e-03
1.684075e-02
4.546940e-02
6.860535e-02
8.056619e-02
4.399236e-02
1.150058e-02
3.304125e-02
5.125877e-02
6.256169e-02
7.371571e-02
9.097646e-02
8.778519e-02
3.066142e-02
-3.734574e-02
-4.576758e-02
-2.701967e-02
-5.803359e-03
1.866369e-02
2.993704e-02
2.768008e-02
1.609625e-02
1.624800e-03
3.113468e-04
-1.027085e-02
-4.971292e-02
-9.534131e-02
-1.149719e-01
-9.666668e-02
-5.907530e-02
-4.523666e-02
-6.342091e-02
-7.271486e-02
-5.370583e-02
-8.634792e-03
1.724801e-02
-6.474851e-03
-2.461933e-02
-1.756472e-02
-2.029087e-02
-1.359530e-02
3.368621e-03
1.090570e-02
-1.223847e-03
-9.950672e-03
-6.011136e-03
-1.282751e-02
-1.376255e-02
-5.823595e-03
-2.467504e-03
3.794568e-03
3.058720e-02
5.362418e-02
4.980355e-02
4.217628e-02
1.089318e-02
-1.727078e-02
-1.125555e-02
9.076395e-03
1.964898e-02
1.210841e-02
1.327659e-02
2.402155e-02
5.002571e-02
7.844524e-02
8.496434e-02
5.618532e-02
2.657499e-02
1.680878e-02
-1.138869e-03
-3.123471e-02
-6.590627e-02
-1.887278e-02
5.619847e-02
7.051342e-02
5.318695e-02
-1.334023e-02
-4.875742e-02
-3.127639e-02
-1.778968e-02
-1.401235e-02
-8.957985e-03
1.633726e-02
2.802367e-02
1.229349e-02
-1.059402e-02
-2.800312e-02
-3.553148e-02
-3.617892e-02
-2.755149e-02
-2.567852e-02
-2.207154e-02
7.191495e-03
3.861081e-02
4.601524e-02
2.752188e-02
9.468134e-03
-7.962393e-03
-2.246858e-02
-1.418287e-02
-1.301677e-02
-3.222210e-02
-5.091743e-02
-6.921291e-02
-8.621709e-02
-1.004427e-01
-9.488457e-02
-4.387616e-02
-1.145522e-02
-3.111140e-02
-5.513013e-02
-2.053353e-02
3.037694e-02
5.211032e-02
4.629655e-02
6.084307e-03
-1.849644e-02
-2.590854e-02
-3.339410e-02
-3.140894e-02
-1.099852e-02
1.721388e-02
3.801497e-02
5.417403e-02
4.664155e-02
2.162730e-02
1.235679e-03
-1.618469e-02
-1.659553e-02
8.059114e-03
1.116727e-02
-4.229415e-03
-1.048180e-02
-2.458717e-02
-3.874252e-02
-3.534877e-02
-4.716939e-03
1.459595e-02
1.368427e-02
3.362242e-02
5.645532e-02
5.441042e-02
3.169828e-02
1.271323e-02
-1.029268e-02
-2.031193e-02
-1.488659e-03
1.205612e-02
-2.440950e-03
-4.627424e-02
-7.368042e-02
-7.739711e-02
-4.114007e-03
6.311132e-02
6.538815e-02
5.507918e-02
2.571154e-02
2.905936e-02
4.793361e-02
5.720151e-02
6.550348e-02
7.397271e-02
7.172787e-02
6.349154e-02
4.812541e-02
1.610677e-02
-1.535292e-02
-4.599560e-02
-5.707466e-02
-3.192130e-02
-2.209445e-02
-3.762850e-03
2.808580e-02
3.350215e-02
3.051167e-02
2.530982e-02
2.098110e-02
2.391988e-02
1.234610e-02
-2.276623e-02
-5.890264e-02
-5.770194e-02
-3.424997e-02
-1.108052e-02
3.343447e-02
7.713753e-02
9.026814e-02
6.644821e-02
4.699696e-02
1.359108e-02
-3.943451e-02
-7.838511e-02
-7.591250e-02
-1.264789e-02
3.427531e-02
3.900211e-02
4.239273e-02
4.967259e-02
6.232990e-02
6.162928e-02
5.423440e-02
4.711289e-02
2.187209e-02
-2.750596e-03
-5.753359e-03
2.120025e-02
4.473585e-02
2.458382e-02
9.357374e-03
2.145672e-02
2.619983e-02
1.752585e-02
-6.936697e-03
-2.249669e-02
-3.663312e-03
2.784153e-02
3.179004e-02
2.386781e-02
2.127710e-02
5.365196e-03
6.709649e-03
1.651909e-02
1.985253e-02
8.429641e-03
-4.905849e-02
-8.774395e-02
-9.734207e-02
-9.971349e-02
-9.563951e-02
-9.246826e-02
-7.395518e-02
-4.796856e-02
-1.438295e-02
1.202725e-03
-1.050680e-02
-2.346379e-02
-2.572302e-02
-1.276590e-02
8.179871e-03
3.412568e-02
4.637186e-02
2.701640e-02
-7.942001e-03
-7.925621e-03
1.081489e-02
1.989703e-02
3.190146e-02
3.414246e-02
1.728395e-02
4.758398e-03
3.403885e-03
-7.201008e-03
-3.173196e-02
-6.396596e-02
-8.486675e-02
-7.906289e-02
-6.461762e-02
-6.460738e-02
-5.938188e-02
-2.446521e-02
2.643792e-02
3.611265e-02
2.316990e-02
8.953170e-03
2.695512e-06
-7.480000e-03
-2.569412e-02
-3.155297e-02
-1.620195e-02
1.595026e-03
-2.233517e-02
-4.317478e-02
-3.831752e-02
-2.310218e-02
-1.049394e-02
-1.801847e-02
-3.646925e-02
-6.133276e-02
-5.914383e-02
-1.864473e-02
3.137301e-02
6.567765e-02
6.558075e-02
4.047039e-02
2.201756e-02
-1.530159e-03
-2.636410e-02
-3.614897e-02
-5.309424e-02
-7.326170e-02
-9.392384e-02
-9.631678e-02
-5.810658e-02
-1.206916e-03
4.266122e-02
5.346810e-02
4.338232e-02
3.023246e-02
2.291393e-02
2.463669e-02
9.460079e-03
-2.619810e-03
1.198554e-02
2.653683e-02
3.990594e-02
4.878295e-02
4.062190e-02
5.828642e-03
-3.711748e-02
-5.465234e-02
-2.805792e-02
1.958011e-02
4.983021e-02
5.407541e-02
4.203527e-02
1.509804e-02
-4.165729e-03
6.371837e-03
1.083734e-02
-1.756869e-02
-4.381437e-02
-5.304134e-02
-5.721729e-02
-4.388187e-02
-2.012410e-02
1.313804e-02
3.921427e-02
4.553719e-02
3.905706e-02
4.347970e-02
4.117035e-02
-2.761118e-03
-2.738603e-02
-1.947295e-02
7.509033e-03
2.987551e-02
3.267941e-02
1.502619e-02
-1.687134e-02
-1.709071e-02
2.660478e-03
1.264415e-02
3.539516e-02
6.727109e-02
6.674570e-02
4.289801e-02
7.658952e-03
-2.266472e-02
-3.101148e-02
-1.388068e-02
5.049401e-03
1.853982e-02
2.931704e-02
2.209839e-02
1.172988e-03
-1.920671e-02
-2.610305e-02
-2.285140e-02
-1.108376e-02
-8.373739e-03
-2.096474e-02
-4.586815e-02
-8.044117e-02
-8.346355e-02
-5.550240e-02
-5.021076e-02
-5.579844e-02
-5.708274e-02
-4.903201e-02
-3.752143e-02
-4.587535e-02
-6.690890e-02
-7.020057e-02
-5.008733e-02
-3.187127e-02
-1.357159e-02
5.493096e-03
1.849082e-02
2.251968e-02
2.484923e-02
1.062825e-02
-4.123133e-03
3.710326e-03
6.423383e-03
1.298386e-04
-1.000503e-02
-2.574473e-03
8.787160e-03
1.958473e-02
2.586676e-02
7.025168e-03
-1.696946e-02
-2.499600e-02
-1.030203e-02
7.616151e-03
1.361360e-02
1.158262e-02
1.187520e-02
1.152518e-02
1.783473e-02
7.147010e-03
-1.667118e-02
-2.525362e-02
-7.755686e-03
1.316230e-02
2.035619e-02
4.129255e-02
6.218299e-02
7.343546e-02
7.764687e-02
7.762731e-02
7.119094e-02
5.429038e-02
3.728477e-02
2.594321e-02
6.584449e-03
-5.811791e-03
-6.448453e-03
3.668743e-03
2.668486e-02
3.739773e-02
3.283917e-02
1.090389e-02
-2.618446e-03
5.001785e-03
1.961921e-02
3.366850e-02
3.329499e-02
3.394760e-02
4.010412e-02
3.116975e-02
1.990161e-02
1.423328e-02
5.076538e-03
-7.953141e-03
-1.504438e-02
-1.231711e-02
-7.971084e-03
-7.267487e-03
-2.787849e-03
9.063326e-03
9.740402e-03
4.770754e-03
5.255047e-03
3.485139e-03
-9.467029e-03
-2.201425e-02
-2.913407e-02
-3.573878e-02
-2.957616e-02
-1.309929e-02
2.049317e-02
5.614094e-02
7.330223e-02
6.917508e-02
3.443775e-02
-6.337985e-03
-2.549074e-02
-2.824598e-02
-2.838798e-02
-2.598610e-02
-1.400846e-02
-4.378871e-03
-6.305874e-03
2.087481e-03
2.164881e-02
3.258298e-02
3.854977e-02
3.169004e-02
6.154108e-03
-4.474521e-03
1.651277e-02
5.572950e-02
7.984206e-02
6.905636e-02
2.282666e-02
-1.629464e-02
-3.661736e-02
-4.637798e-02
-4.520929e-02
-3.687001e-02
-2.244847e-02
-1.423056e-02
-1.096986e-02
-1.442789e-02
-1.342752e-02
-6.930530e-04
5.672527e-03
-3.016073e-03
2.721186e-03
8.015764e-03
1.442642e-03
1.745538e-02
4.068870e-02
4.486331e-02
2.205484e-02
-8.826917e-03
-1.108034e-02
5.474014e-03
1.465887e-02
9.757520e-03
-2.882567e-03
-2.004126e-02
-3.387270e-02
-4.212169e-02
-4.850918e-02
-5.150619e-02
-4.694704e-02
-3.566303e-02
-2.350794e-02
-7.648211e-03
-1.073542e-03
1.219166e-03
8.875033e-03
1.295478e-02
8.169708e-03
1.845455e-03
1.316618e-02
1.948279e-02
4.204974e-03
-1.446842e-02
-2.881497e-02
-3.435281e-02
-2.856762e-02
-2.798138e-02
-2.140264e-02
-7.855255e-03
-1.446851e-03
-4.753948e-03
-1.307638e-02
-1.424250e-02
-2.068916e-02
-3.442984e-02
-5.239434e-02
-6.702547e-02
-7.226446e-02
-6.820715e-02
-6.194562e-02
-4.905411e-02
-2.453152e-02
-9.298088e-03
-8.986228e-03
-2.183441e-02
-2.771700e-02
-1.577714e-02
-6.972765e-03
-2.473805e-03
4.206948e-04
8.590347e-04
5.533435e-03
1.592914e-03
-7.775026e-03
1.023233e-03
1.233273e-02
5.841192e-03
-1.880467e-03
3.864932e-03
2.302537e-02
3.966335e-02
4.591365e-02
2.972905e-02
1.069850e-03
-1.181913e-02
-6.475610e-03
1.696679e-02
3.148725e-02
2.681335e-02
1.387643e-02
1.526009e-03
3.951309e-03
1.455110e-03
-6.836730e-03
-1.284989e-02
-1.832959e-02
-1.597059e-02
6.612973e-03
3.692099e-02
4.895470e-02
5.023556e-02
3.858180e-02
3.855196e-02
4.968908e-02
4.503762e-02
2.779222e-02
8.506832e-03
-2.902125e-03
-5.727781e-03
-8.230098e-03
-1.651480e-02
-2.321951e-02
-2.829528e-02
-1.549148e-02
1.004907e-02
1.914619e-02
1.336967e-02
6.398742e-03
1.584675e-02
3.032132e-02
3.207444e-02
2.492807e-02
1.023982e-02
-1.928013e-03
-5.708385e-03
-6.185995e-03
5.776314e-03
1.887491e-02
2.277105e-02
2.796872e-02
3.832148e-02
4.889659e-02
3.488256e-02
2.324310e-02
4.700681e-02
7.924774e-02
9.295017e-02
8.282541e-02
5.152442e-02
3.834782e-02
5.437280e-02
6.213883e-02
4.634083e-02
1.661881e-02
-1.459649e-02
-3.436944e-02
-3.718385e-02
-3.152207e-02
-3.477917e-02
-4.714487e-02
-6.319583e-02
-7.660090e-02
-5.682028e-02
-2.870830e-02
-2.561849e-03
2.575312e-02
3.536230e-02
4.157693e-02
4.514874e-02
2.416507e-02
-8.588244e-04
-8.489675e-03
-1.355012e-02
-2.490295e-02
-3.776538e-02
-4.961801e-02
-4.674489e-02
-3.566690e-02
-2.564970e-02
-3.254806e-03
1.345053e-02
1.228853e-02
-2.089613e-03
-1.666665e-02
-1.791535e-02
-1.128149e-02
-1.766691e-02
-3.627295e-02
-4.164040e-02
-2.821843e-02
-1.328177e-02
-1.243131e-02
-2.106888e-02
-2.959628e-02
-2.319600e-02
-1.473429e-02
-7.532277e-03
2.946995e-03
-1.010811e-03
-1.209128e-02
-1.165595e-02
-1.990626e-03
-3.862528e-03
-1.042235e-02
-6.952510e-03
3.885809e-03
1.630004e-02
2.315526e-02
1.581616e-02
6.063742e-03
6.126679e-04
-1.535645e-03
2.031103e-03
4.927517e-04
-3.054998e-03
-6.085606e-03
-8.792874e-03
-5.438280e-03
9.488213e-03
2.084369e-02
1.965928e-02
1.982128e-02
2.221198e-02
1.035226e-02
-1.809061e-02
-3.857341e-02
-4.208034e-02
-3.450192e-02
-2.817299e-02
-2.738981e-02
-2.579368e-02
-2.359473e-02
-2.310020e-02
-1.837266e-02
-1.199477e-02
-1.115343e-02
-1.025497e-02
-1.335083e-02
-2.206384e-02
-1.880102e-02
-5.462366e-04
1.049511e-02
1.264971e-03
-1.697381e-02
-2.815316e-02
-2.598376e-02
-6.936436e-03
1.546159e-02
2.081849e-02
1.941074e-02
2.184738e-02
2.441458e-02
2.200417e-02
1.873799e-02
2.122971e-02
2.073488e-02
1.563883e-02
1.299995e-02
9.561396e-03
1.201334e-02
1.949288e-02
1.253022e-02
2.182198e-03
-1.206325e-02
-2.549575e-02
-2.405359e-02
-1.596307e-02
-3.289694e-03
2.853648e-03
3.062632e-03
2.426037e-03
-3.474559e-04
1.147753e-03
5.061383e-03
6.102694e-03
8.138508e-03
1.078632e-02
1.146656e-02
8.341177e-03
5.380015e-03
4.791376e-03
2.428959e-03
-8.366816e-03
-2.506227e-02
-2.925150e-02
-1.660563e-02
1.253379e-04
1.537323e-02
2.147989e-02
1.504564e-02
4.755798e-03
-1.675382e-03
2.839059e-03
1.346024e-02
2.170381e-02
1.960968e-02
2.056534e-02
2.584785e-02
1.722674e-02
4.013594e-03
-2.439513e-04
1.357385e-03
4.565224e-03
5.170024e-03
6.554105e-03
8.780710e-03
9.573194e-03
7.400541e-03
-3.861897e-04
1.360099e-05
9.141535e-03
1.657015e-02
1.737488e-02
1.298986e-02
2.791862e-03
-7.984477e-03
-1.456046e-02
-2.055605e-02
-2.379254e-02
-1.894145e-02
-1.880990e-02
-2.037155e-02
-1.784503e-02
-1.679650e-02
-1.901196e-02
-2.761262e-02
-2.986479e-02
-2.744028e-02
-2.401411e-02
-1.571030e-02
-3.705932e-03
5.924899e-03
5.738233e-03
1.363881e-04
-5.826535e-03
-1.194245e-02
-1.742802e-02
-2.328384e-02
-2.522896e-02
-1.629376e-02
-1.223721e-02
-2.491274e-02
-3.968845e-02
-5.047902e-02
-5.438764e-02
-5.231906e-02
-4.273002e-02
-2.261662e-02
-4.102573e-03
6.924673e-03
5.398781e-03
-1.201973e-02
-2.209525e-02
-2.004808e-02
-1.203186e-02
3.668011e-03
1.737991e-02
2.065517e-02
1.469638e-02
1.402016e-02
1.925689e-02
1.984446e-02
7.444373e-03
-4.042813e-03
-3.268966e-04
2.388401e-03
4.946622e-03
9.845743e-03
1.048229e-02
1.012331e-02
9.298201e-03
1.639135e-02
2.128232e-02
1.128742e-02
3.068334e-03
-3.773747e-03
-1.079229e-02
-1.146030e-02
-9.734381e-03
4.330651e-04
1.553120e-02
2.117596e-02
2.159833e-02
2.037545e-02
1.364049e-02
9.727867e-03
1.150787e-02
1.962513e-02
2.459161e-02
2.451624e-02
2.722547e-02
2.845059e-02
2.955843e-02
3.271239e-02
3.853671e-02
3.951092e-02
3.577071e-02
3.663476e-02
3.573730e-02
3.160234e-02
2.832316e-02
2.422698e-02
2.927815e-02
3.903663e-02
4.297600e-02
4.113708e-02
3.156861e-02
1.721123e-02
8.719955e-04
-1.619347e-02
-3.219814e-02
-3.989288e-02
-4.027522e-02
-3.301165e-02
-2.172417e-02
-1.457177e-02
-1.237452e-02
-1.277216e-02
-8.619577e-03
-1.705850e-03
7.861799e-04
-2.143089e-03
-5.486474e-03
-2.647639e-03
2.991099e-03
2.116120e-03
-5.367438e-03
-1.400870e-02
-1.517539e-02
-9.287761e-03
-7.211871e-03
-8.821239e-03
-4.197385e-03
5.352050e-03
1.209139e-02
1.519646e-02
1.070969e-02
4.038143e-04
-1.089146e-02
-1.620443e-02
-1.440902e-02
-9.075231e-03
-3.992357e-03
-3.425814e-04
7.759496e-03
1.509964e-02
1.951033e-02
2.265828e-02
2.646820e-02
3.018633e-02
2.750906e-02
1.889030e-02
4.491185e-03
-8.894039e-03
-1.997304e-02
-2.278189e-02
-1.562124e-02
-8.435101e-03
-2.489276e-03
7.331497e-04
-2.463282e-03
-6.826592e-03
-3.337940e-03
-8.162468e-04
-3.832131e-03
-6.520594e-03
-7.851435e-03
-8.060274e-03
-9.442111e-03
-1.171441e-02
-1.326046e-02
-1.309087e-02
-9.974501e-03
-3.855250e-03
1.276643e-03
2.603938e-03
3.702756e-03
6.892574e-03
6.820435e-03
4.204418e-03
4.242442e-03
1.729448e-03
-1.202765e-03
-2.674336e-03
-6.879504e-03
-1.190781e-02
-1.225228e-02
-8.298463e-03
-2.406644e-03
1.816455e-03
4.756396e-03
6.150018e-03
8.039362e-03
9.879749e-03
1.016667e-02
8.210625e-03
6.497335e-03
5.353207e-03
-2.432185e-04
-4.058723e-03
-7.276505e-03
-1.056365e-02
-9.551488e-03
-6.398346e-03
-3.548143e-03
-2.482939e-03
-1.319813e-03
-4.777286e-03
-7.748216e-03
-7.166486e-03
-6.746934e-03
-2.220861e-03
-4.406267e-04
1.384490e-03
6.744927e-03
1.372309e-02
2.168147e-02
2.463062e-02
2.243083e-02
2.212416e-02
1.771810e-02
1.125266e-02
2.588116e-03
-2.719615e-03
1.698356e-03
3.013488e-03
-2.568619e-03
-1.284272e-02
-1.948664e-02
-1.811439e-02
-1.763361e-02
-2.196928e-02
-2.605911e-02
-2.724501e-02
-2.805045e-02
-2.847747e-02
-2.622800e-02
-2.596549e-02
-2.825808e-02
-3.025794e-02
-3.135101e-02
-2.712070e-02
-1.876448e-02
-1.410373e-02
-8.808545e-03
-4.757751e-03
-4.393235e-03
-3.322879e-03
-1.899602e-03
4.267696e-03
1.153864e-02
1.640237e-02
1.944745e-02
1.877464e-02
1.553550e-02
1.224536e-02
1.144301e-02
1.467168e-02
1.839099e-02
1.935936e-02
1.960148e-02
1.877976e-02
1.669322e-02
1.206383e-02
8.025018e-03
4.686948e-03
1.494739e-03
2.667109e-03
1.554681e-03
8.196530e-04
1.269865e-03
2.237218e-03
-8.601280e-04
-8.209854e-03
-1.112258e-02
-1.256855e-02
-1.090453e-02
-9.474095e-03
-1.156470e-02
-1.686728e-02
-1.876306e-02
-1.531711e-02
-8.053291e-03
-2.246034e-03
-2.050817e-03
-1.600599e-03
-1.750141e-03
-5.730802e-03
-1.357216e-02
-1.781599e-02
-2.041965e-02
-2.381687e-02
-2.576569e-02
-2.292357e-02
-1.445819e-02
-5.480774e-03
-1.011630e-05
5.931021e-04
2.120440e-03
4.012938e-03
6.455216e-03
9.984815e-03
1.457113e-02
2.027639e-02
2.339492e-02
2.188471e-02
1.985326e-02
1.872146e-02
1.812413e-02
1.688523e-02
1.445292e-02
1.120666e-02
7.151531e-03
6.297166e-03
5.859979e-03
1.982331e-03
-1.465896e-03
8.335755e-04
8.183066e-03
1.245930e-02
1.070732e-02
9.328675e-03
7.368623e-03
2.973831e-03
6.710574e-04
-2.200368e-04
3.495082e-04
3.238533e-03
5.966395e-03
7.567158e-03
9.704438e-03
8.990820e-03
4.454239e-03
2.028037e-03
2.178354e-03
4.872550e-03
1.080728e-02
1.578628e-02
1.737989e-02
1.792290e-02
1.957261e-02
2.221579e-02
2.490591e-02
2.595993e-02
2.598274e-02
2.701330e-02
2.612627e-02
2.045746e-02
1.464790e-02
1.315804e-02
1.284729e-02
1.195923e-02
9.713541e-03
8.739790e-03
1.001310e-02
1.029497e-02
8.182891e-03
6.017774e-03
2.985656e-03
-3.190104e-03
-9.534167e-03
-1.483579e-02
-1.934182e-02
-2.107752e-02
-1.889644e-02
-1.824841e-02
-2.010143e-02
-2.114151e-02
-1.898490e-02
-1.814002e-02
-1.804485e-02
-1.820467e-02
-1.726800e-02
-1.558877e-02
-1.428082e-02
-1.572995e-02
-1.925272e-02
-1.842623e-02
-1.970806e-02
-2.367659e-02
-2.959740e-02
-3.228889e-02
-3.044853e-02
-2.683948e-02
-2.629249e-02
-2.888403e-02
-3.387336e-02
-3.730169e-02
-3.992787e-02
-4.033821e-02
-4.088651e-02
-4.264314e-02
-3.892578e-02
-3.327889e-02
-2.865626e-02
-2.213106e-02
-1.495389e-02
-9.461295e-03
-6.964251e-03
-4.948898e-03
-1.145016e-03
2.238637e-03
4.357764e-03
3.388595e-03
2.057576e-03
6.531473e-04
7.281148e-04
2.399567e-03
5.362329e-04
-2.493214e-03
-3.715810e-03
-1.844070e-03
2.250741e-03
3.669016e-03
1.905248e-03
-3.301990e-03
-4.270666e-03
-1.528135e-03
1.546994e-03
6.014941e-03
9.569118e-03
1.333439e-02
1.565557e-02
1.621638e-02
1.843356e-02
2.083982e-02
2.239973e-02
2.346762e-02
2.336049e-02
2.307092e-02
2.394153e-02
2.506455e-02
2.440850e-02
2.483305e-02
2.819972e-02
3.410418e-02
4.133339e-02
4.337685e-02
4.228772e-02
4.162203e-02
3.955801e-02
3.672398e-02
3.434390e-02
3.335101e-02
3.146906e-02
2.713834e-02
2.187942e-02
1.649779e-02
1.293686e-02
1.351123e-02
1.484306e-02
1.481834e-02
1.429807e-02
1.458060e-02
1.424825e-02
1.088503e-02
8.471326e-03
7.598112e-03
5.678700e-03
3.903887e-03
2.872094e-04
-3.211560e-03
-4.467225e-03
-3.781283e-03
-1.870998e-03
-1.064985e-03
1.203051e-03
3.242020e-03
2.756533e-03
2.338357e-03
1.149204e-03
-3.094656e-05
-2.702653e-03
-6.551400e-03
-9.705849e-03
-1.183777e-02
-1.274987e-02
-1.336561e-02
-1.290619e-02
-1.305983e-02
-1.377036e-02
-1.479783e-02
-1.636182e-02
-1.732163e-02
-1.827355e-02
-1.860376e-02
-1.818489e-02
-1.756906e-02
-1.645785e-02
-1.572733e-02
-1.578340e-02
-1.447800e-02
-1.197055e-02
-1.149260e-02
-1.300913e-02
-1.382428e-02
-1.307765e-02
-1.237097e-02
-1.224079e-02
-1.169237e-02
-1.080303e-02
-9.954694e-03
-9.683182e-03
-9.506093e-03
-8.387295e-03
-6.688117e-03
-5.322811e-03
-4.543149e-03
-4.101626e-03
-3.442935e-03
-2.899802e-03
-2.813491e-03
-2.847236e-03
-2.848948e-03
-2.636661e-03
-2.127723e-03
-1.840324e-03
-1.512300e-03
-1.201772e-03
-1.327059e-03
-1.786511e-03
-2.133154e-03
-2.157445e-03
-1.879527e-03
-1.062866e-03
-3.759274e-04
1.932315e-04
1.249249e-03
2.169332e-03
2.523295e-03
2.770315e-03
2.862785e-03
2.886845e-03
2.869884e-03
2.634488e-03
2.604115e-03
2.649879e-03
2.622246e-03
2.577302e-03
2.856117e-03
3.215066e-03
3.469712e-03
3.674798e-03
3.475328e-03
3.236416e-03
2.976293e-03
2.918497e-03
3.009717e-03
2.937667e-03
3.010078e-03
2.974602e-03
2.878118e-03
2.669732e-03
2.313831e-03
2.113062e-03
2.046547e-03
2.084713e-03
2.188284e-03
2.262115e-03
2.200198e-03
1.974965e-03
1.734531e-03
1.570862e-03
1.509930e-03
1.452727e-03
1.266632e-03
1.063523e-03
8.823326e-04
7.335896e-04
6.699888e-04
6.137053e-04
5.692654e-04
4.637618e-04
3.048092e-04
2.159410e-04
1.430780e-04
7.188977e-05
-1.549110e-05
-1.017254e-04
-1.536129e-04
-1.491301e-04
-1.169533e-04
-1.048371e-04
-1.271657e-04
-1.850935e-04
-2.616411e-04
-3.396454e-04
-4.007098e-04
-4.326685e-04
-4.490565e-04
-4.483601e-04
-4.122541e-04
-3.772539e-04
-3.771709e-04
-3.843233e-04
-3.852477e-04
-3.738882e-04
-3.547476e-04
-3.435016e-04
-3.319102e-04
-3.163483e-04
-2.976571e-04
-2.813602e-04
-2.738363e-04
-2.648659e-04
-2.524097e-04
-2.336519e-04
-2.123819e-04
-1.938481e-04
-1.776057e-04
-1.630349e-04
-1.493245e-04
-1.372387e-04
-1.261182e-04
-1.158223e-04
-1.066360e-04
-9.755051e-05
-8.837214e-05
-7.986593e-05
-7.212269e-05
-6.516229e-05
-5.874797e-05
-5.311517e-05
-4.811649e-05
-4.347605e-05
-3.921158e-05
-3.534470e-05
-3.184339e-05
-2.866644e-05
-2.577598e-05
-2.312862e-05
-2.066526e-05
-1.832352e-05
-1.604173e-05
-1.376088e-05
-1.142559e-05
