8.174861e-03
4.997840e-03
3.243409e-03
3.480607e-03
2.250382e-04
6.294653e-04
-3.339968e-03
-2.357340e-03
6.230376e-04
1.285439e-03
3.892559e-03
2.906973e-03
4.095559e-03
2.290682e-04
4.957536e-04
-8.896184e-04
-1.671286e-03
1.806676e-03
4.804311e-03
6.506814e-03
6.506270e-03
2.052322e-03
-2.499532e-03
-2.454208e-03
-5.626311e-03
-2.184102e-03
-4.153661e-04
4.249548e-03
4.393754e-03
1.008480e-03
3.975432e-03
-2.071493e-03
-5.445571e-03
-4.638543e-03
-1.150510e-03
-1.701336e-04
-5.566472e-03
-2.477197e-03
2.614927e-03
5.202453e-03
7.607433e-03
6.278976e-03
7.248086e-03
2.907173e-03
-2.091507e-03
-8.112018e-03
-1.256513e-02
-9.097581e-03
-8.274344e-03
-3.210852e-03
1.495944e-04
-1.332920e-03
2.765837e-03
-2.524852e-04
-2.720131e-03
-1.559392e-03
-2.750282e-03
-4.152469e-05
-1.237526e-03
-3.776511e-04
3.134676e-03
1.124866e-03
1.297387e-03
-9.342646e-05
-2.378598e-03
2.341120e-03
3.393689e-03
5.440540e-03
4.462706e-03
6.612543e-03
5.350176e-03
-4.641546e-03
-3.110738e-03
-3.559336e-03
-2.921870e-03
-6.915250e-03
-7.020200e-03
-6.431704e-03
-4.066749e-03
1.116881e-03
6.029724e-04
4.293627e-03
2.743606e-03
6.866636e-03
9.011279e-03
5.021918e-03
-2.122663e-03
-2.678425e-03
-4.940800e-05
-4.297794e-04
1.061146e-03
9.030758e-04
1.076344e-04
-1.829970e-03
-2.562197e-03
-2.072728e-03
-6.884102e-03
-9.822139e-03
-4.555000e-03
-5.702309e-03
3.062006e-04
3.574546e-03
1.389080e-03
5.507439e-04
-3.034896e-03
-1.899962e-03
-7.465013e-03
-6.327031e-03
3.111986e-03
5.802068e-03
3.081171e-03
-1.356027e-03
-7.090396e-03
-2.259810e-03
-5.818992e-03
-5.903775e-03
-1.746263e-03
-1.866749e-03
-3.697418e-03
-6.671270e-03
7.924728e-03
2.336139e-03
3.300676e-03
3.633961e-03
-2.720502e-03
-3.726202e-03
1.931359e-03
5.077186e-03
1.636577e-04
7.628260e-03
1.167658e-02
3.720517e-04
-5.638785e-03
5.260428e-03
2.888170e-03
-2.417925e-04
-1.295481e-03
-2.813175e-03
-7.388187e-03
-9.361735e-03
-6.708528e-03
3.085200e-03
4.476923e-03
3.021406e-03
1.159546e-02
7.928018e-03
2.610566e-03
2.649012e-03
1.892022e-03
-1.833564e-03
7.258509e-03
4.360978e-03
1.183002e-03
-6.611006e-04
-1.056048e-02
-9.597128e-03
-9.006003e-03
-3.156876e-03
1.138097e-03
-1.834936e-03
8.053541e-03
3.980154e-03
5.258992e-05
-5.936981e-03
-1.344807e-02
-1.213294e-02
-5.331378e-03
6.004141e-03
7.534433e-03
2.181915e-02
1.471799e-02
-4.506902e-04
-5.176789e-03
-1.945519e-03
-9.684068e-03
-1.907630e-03
4.563480e-03
-3.821625e-03
-6.676446e-03
-1.154330e-02
-4.820326e-03
-5.756947e-03
-4.615253e-03
4.502167e-03
9.182503e-03
9.155511e-03
1.025640e-02
4.380939e-03
5.389253e-04
-6.300237e-03
-2.652968e-03
-5.741373e-03
-3.897090e-03
4.760366e-03
7.530607e-03
1.273098e-02
1.133744e-02
-4.456655e-04
-2.517376e-03
-2.629065e-03
-1.199128e-04
9.734738e-03
6.825771e-03
7.048554e-03
-5.408657e-03
-7.394732e-03
-5.933942e-03
-6.174154e-03
1.924402e-03
1.097543e-02
1.456348e-02
1.308421e-02
8.997356e-03
-5.667721e-03
-2.959765e-03
1.408041e-04
-3.934849e-03
-5.175507e-03
-1.029032e-02
-4.754528e-03
3.086998e-03
-2.626446e-03
-3.523454e-03
-3.813695e-03
-2.005224e-03
2.733082e-03
5.834632e-03
5.446478e-03
4.009982e-03
4.598775e-03
-3.559812e-04
1.701292e-03
-1.015045e-03
-9.655311e-03
-8.531148e-03
-4.918364e-04
2.636193e-03
-1.326337e-03
-6.727785e-03
-3.110269e-03
6.972674e-03
2.002584e-03
-9.390108e-03
5.638776e-03
1.606231e-02
4.179096e-03
-9.748791e-03
-1.237646e-02
-2.129355e-03
1.163838e-03
-7.693643e-04
1.460010e-02
2.732731e-02
1.903982e-02
1.263995e-02
-1.585739e-03
-9.673356e-03
-1.599165e-02
-1.617186e-02
-2.637017e-03
5.755784e-04
3.127352e-03
7.139453e-03
6.840924e-03
2.416347e-03
1.468210e-03
-8.036087e-04
-4.656096e-03
-3.217608e-04
2.988708e-03
2.149674e-03
5.094035e-03
-8.711556e-03
-1.757935e-02
-9.631945e-03
4.327089e-03
6.921651e-03
1.720981e-03
1.508241e-02
6.616391e-03
-1.101138e-02
-9.881235e-03
-1.132911e-02
-3.924251e-03
5.905656e-03
-5.052736e-03
1.147754e-03
6.963782e-03
2.354470e-04
1.462443e-03
3.711260e-03
4.868905e-03
3.250696e-03
-2.194425e-04
9.708283e-04
8.156405e-03
4.845345e-03
-6.154212e-04
-6.523875e-03
-1.519697e-02
-2.135408e-03
1.324616e-02
5.323621e-03
-1.657659e-03
-4.756624e-03
-4.476027e-03
-1.790846e-02
-2.970313e-02
-6.297927e-03
2.018556e-03
3.060919e-03
1.019241e-02
1.600634e-02
6.664233e-03
8.427575e-03
6.688975e-03
9.028525e-04
-1.181457e-03
2.250240e-03
1.292138e-02
-1.788515e-02
-1.868862e-02
-5.892253e-03
-8.022467e-03
-7.974424e-03
-9.003276e-03
-3.802270e-03
-7.166432e-03
-3.126964e-03
-4.024271e-03
-6.833604e-04
2.664688e-03
-1.471131e-02
-5.847260e-03
7.574207e-03
-7.073879e-03
-8.965490e-03
-2.782457e-03
6.961094e-04
-1.385189e-03
-8.374854e-04
7.814437e-03
7.032339e-03
1.225268e-02
8.176681e-03
4.767612e-03
-5.993080e-03
-1.894121e-02
-1.382387e-02
-2.377755e-03
3.467706e-03
2.524463e-03
1.336471e-03
-1.146274e-04
1.092764e-02
1.395543e-02
8.328315e-03
8.895360e-03
4.589878e-03
3.452862e-03
1.581601e-03
-2.383280e-03
1.045272e-03
-8.402725e-04
1.051015e-04
9.354573e-03
1.599238e-02
1.763324e-02
2.482338e-03
4.427958e-04
7.977047e-04
3.921325e-03
-3.474694e-04
-6.043963e-03
1.008880e-03
-9.633667e-04
9.063163e-03
9.399704e-03
6.036468e-03
2.306108e-03
3.782762e-03
-3.719780e-03
1.941543e-04
7.748717e-03
6.462770e-03
-6.382427e-03
-2.037998e-02
-1.086133e-02
-1.042690e-02
-7.943731e-03
2.144983e-03
-3.098754e-03
-3.735109e-03
-5.215847e-03
-4.397995e-03
9.789224e-03
-7.084472e-04
-1.311210e-02
-1.405236e-02
-9.135998e-03
-1.112154e-02
-6.927190e-03
-1.677368e-03
-7.372887e-03
-1.455109e-03
-9.034171e-03
-1.880985e-02
-9.751140e-03
-1.414542e-02
-1.788735e-03
1.038439e-02
5.474095e-03
1.211183e-02
-8.866183e-03
-1.482176e-02
7.717124e-04
4.241994e-03
1.123451e-03
4.131768e-03
6.932048e-03
1.020449e-02
1.056442e-02
8.405241e-05
3.832726e-03
1.134747e-02
2.119648e-02
1.886214e-02
2.320738e-02
9.089438e-03
-1.788900e-02
-1.653173e-02
1.047244e-03
3.431437e-03
-4.794202e-03
8.288222e-04
3.915643e-03
7.542469e-04
-3.915410e-03
-2.187964e-03
1.805440e-03
8.322808e-03
3.513436e-03
8.081995e-03
2.916717e-03
-1.336217e-02
-2.348870e-02
-1.576289e-02
-2.073389e-03
-3.000635e-04
7.228921e-03
1.656742e-03
-9.960719e-03
-1.315578e-02
-1.495680e-02
-1.442660e-02
-5.217017e-03
8.276677e-03
4.245384e-03
-5.920928e-03
-1.634423e-02
-2.181749e-02
-1.604561e-02
-1.674425e-02
-2.346371e-02
-1.997410e-02
-2.474699e-03
-1.978158e-03
-7.999058e-03
-1.718307e-03
-1.091074e-02
-1.792491e-02
-1.587015e-02
-1.443234e-02
1.457826e-03
2.043386e-02
2.381434e-02
7.206040e-03
3.036040e-03
-2.721763e-03
1.439418e-02
2.946750e-02
2.440926e-02
3.992313e-02
4.705336e-02
4.430799e-02
3.189711e-02
1.829690e-03
-2.404641e-02
-2.849891e-02
-3.657265e-02
-3.615260e-02
-2.831160e-02
-1.320056e-02
-2.893721e-03
-1.619080e-02
-6.022650e-03
1.236598e-02
1.197630e-02
3.527273e-03
1.384940e-02
3.303957e-02
2.745308e-02
9.281433e-03
-6.355033e-03
-7.354544e-03
-3.106247e-03
1.271562e-03
9.914106e-03
2.111936e-02
4.738455e-03
-7.126856e-03
-6.488598e-03
-1.359050e-02
1.576079e-02
4.250246e-02
4.019354e-02
3.721360e-02
3.364728e-02
1.716949e-02
-1.245944e-02
-3.514262e-02
-2.938913e-02
-2.068235e-02
-1.873673e-02
-1.432019e-02
3.697226e-03
2.756208e-02
2.879689e-02
1.399154e-02
9.741969e-03
1.833991e-04
-2.000642e-02
-1.989233e-02
-6.087660e-03
-4.509172e-03
-2.745444e-02
-5.442786e-02
-3.587304e-02
-4.830954e-03
4.146063e-03
1.792830e-02
2.550515e-02
4.625963e-03
-7.752313e-03
-5.032691e-03
7.644101e-03
2.589299e-02
3.586098e-03
-1.085010e-02
-1.192894e-03
9.862439e-03
4.494154e-03
-1.329815e-02
-3.716227e-02
-4.374205e-02
-3.404201e-02
-2.006806e-02
4.012971e-03
7.515784e-03
1.045465e-02
-1.110168e-02
-2.255094e-02
3.610545e-05
7.900532e-03
8.928328e-03
3.346520e-02
2.697923e-02
3.518951e-03
-9.825216e-04
1.360330e-04
-2.507929e-02
-6.303477e-02
-7.773919e-02
-6.186436e-02
5.464680e-03
4.072865e-02
4.295979e-02
6.886419e-02
4.537026e-02
3.509006e-03
1.777053e-02
1.479567e-02
1.531561e-02
4.728262e-02
7.975953e-02
6.179181e-02
3.374358e-03
-4.262518e-02
-5.650868e-02
-4.511172e-02
-4.153345e-02
-2.603696e-02
-1.640933e-02
-7.424175e-03
9.171635e-03
4.505360e-02
6.705936e-02
8.001148e-02
8.610963e-02
4.354167e-02
8.131559e-03
-4.886135e-03
8.050689e-03
1.330243e-02
1.059372e-02
-2.463740e-03
-1.887221e-02
-2.238675e-03
-2.748154e-02
-4.154349e-02
-1.386366e-02
-2.981424e-02
-4.350397e-02
-4.482883e-02
-5.074984e-02
-4.551240e-02
-3.077769e-02
1.746507e-02
2.333887e-02
-1.463905e-02
1.919416e-02
5.841388e-02
5.146084e-02
5.155144e-02
6.380705e-02
6.778813e-02
5.336619e-02
4.127549e-02
-5.173785e-03
-5.516680e-02
-5.471927e-02
-5.031702e-02
-3.044668e-02
7.525834e-03
-8.285048e-03
-1.879101e-02
-8.288416e-03
-8.059118e-03
-1.496014e-02
-2.181631e-02
-6.034287e-03
-6.058916e-03
-3.200543e-02
-5.557176e-02
-5.562494e-02
-4.251069e-02
-2.298503e-02
4.940574e-03
3.090411e-02
2.877262e-02
2.426502e-02
4.003073e-02
5.422494e-02
5.185685e-02
4.262562e-02
5.823734e-02
4.576013e-02
2.057845e-02
2.703557e-02
-1.211000e-02
-5.099655e-02
-3.584170e-02
8.652745e-04
1.163914e-02
9.786041e-03
3.632067e-02
5.027728e-02
4.942357e-02
3.951520e-02
1.345549e-02
-2.254609e-02
-6.300922e-02
-7.035997e-02
-5.322572e-02
-5.475044e-02
-4.726436e-02
1.516972e-02
1.887444e-02
1.161751e-02
2.371098e-02
5.559699e-03
5.422142e-04
-3.190343e-03
-1.502610e-02
-2.269808e-02
7.713762e-03
1.663571e-02
3.894639e-02
6.801416e-02
6.382576e-02
5.161167e-02
4.787910e-02
6.143699e-02
3.011010e-02
-1.502772e-02
-3.748146e-02
-5.945591e-02
-6.816704e-02
-7.279294e-02
-6.501926e-02
-4.462374e-02
-4.132692e-02
-3.339519e-02
-2.542572e-02
-1.098878e-02
1.207450e-02
1.701521e-02
1.228328e-02
-7.445603e-03
-1.984836e-02
-2.484748e-02
-4.418272e-02
-6.230850e-02
-6.812854e-02
-4.444013e-02
-9.898154e-03
9.051328e-03
1.725433e-02
3.671778e-02
4.902541e-02
4.275972e-02
3.924440e-02
5.349981e-02
6.978562e-02
8.929905e-02
7.661891e-02
2.074686e-02
-6.412053e-04
4.168978e-03
-4.150556e-03
-9.378104e-03
-5.228740e-03
-9.835240e-03
-1.349946e-02
-1.951020e-02
-2.773081e-02
-2.462571e-02
-1.763318e-02
-1.500942e-02
-9.128454e-03
-7.672335e-03
-1.916136e-02
-2.028733e-02
2.426185e-03
9.584935e-03
7.708111e-04
-1.029194e-02
-7.925148e-03
-2.975249e-03
-3.345876e-02
-5.701284e-02
-5.165706e-02
-3.046812e-02
3.434971e-04
2.029646e-02
1.929694e-02
2.089991e-02
2.745699e-02
3.947197e-02
2.570781e-02
2.690083e-02
3.760334e-02
2.525363e-02
3.414831e-03
-2.271827e-02
-6.288356e-05
7.741398e-03
1.185610e-02
2.688045e-02
-1.053555e-02
-7.839412e-02
-1.048413e-01
-9.287224e-02
-6.753074e-02
-1.562386e-02
8.885506e-03
-1.702011e-03
-6.111678e-03
-1.263229e-02
-2.637605e-02
-3.502494e-02
-1.279684e-02
2.786896e-02
3.008483e-02
4.986813e-03
9.858202e-03
2.646832e-02
2.224733e-02
2.805487e-02
3.950591e-02
5.970669e-02
6.964844e-02
5.171136e-02
4.510916e-02
2.814189e-02
1.138264e-02
2.031787e-02
-9.821952e-03
-3.792731e-02
-1.070429e-02
-2.797138e-02
-5.922074e-02
-6.986841e-02
-7.585159e-02
-6.516742e-02
-6.252527e-02
-6.446502e-02
-3.816286e-02
-3.988029e-02
-4.750022e-02
-2.866695e-02
-2.130728e-02
1.477766e-02
2.177123e-02
1.970504e-02
4.741246e-02
5.838828e-02
4.683811e-02
3.160345e-02
4.866739e-02
8.701728e-02
9.606572e-02
6.277376e-02
2.131943e-02
2.476722e-02
2.392070e-02
-3.217669e-02
-4.546253e-02
-2.459990e-02
-2.252066e-02
-7.534018e-03
-1.077397e-02
-3.519279e-02
-3.204890e-02
-2.850219e-02
-3.086309e-02
-2.421726e-02
-1.900217e-02
-3.670674e-02
-6.876680e-02
-8.133981e-02
-5.745555e-02
1.471956e-02
5.163257e-02
5.236571e-02
3.111127e-02
3.064514e-02
6.665464e-02
5.898374e-02
3.811886e-02
5.545815e-02
9.101997e-02
8.249754e-02
3.604120e-02
1.822039e-02
1.357518e-02
1.140805e-02
1.840878e-02
5.451370e-04
-5.779650e-03
-5.336132e-03
-1.072578e-02
-1.340586e-02
-1.870677e-02
-5.390525e-03
1.310623e-02
2.137965e-02
7.341221e-03
-1.311471e-02
-4.696958e-02
-8.567555e-02
-5.453959e-02
4.113190e-03
1.006253e-02
-4.157329e-02
-7.742285e-02
-6.753409e-02
-7.502958e-02
-9.524381e-02
-9.277907e-02
-1.700820e-02
6.043003e-02
5.750419e-02
4.939480e-02
6.353402e-02
7.161471e-02
5.812596e-02
4.026028e-02
5.596591e-02
8.135232e-02
7.185909e-02
3.316637e-02
7.596238e-03
-4.550277e-04
-1.193175e-02
-2.057245e-02
3.942357e-04
3.400522e-02
1.778243e-02
-3.031431e-03
3.212636e-03
1.224275e-02
-9.718363e-03
-7.236987e-02
-9.656125e-02
-7.318074e-02
-6.106985e-02
-7.285964e-02
-9.809936e-02
-9.112919e-02
-6.526245e-02
-8.092434e-02
-6.776819e-02
-1.001993e-02
4.126391e-02
1.016932e-01
1.305051e-01
1.165208e-01
8.129732e-02
5.353058e-02
1.451971e-02
-1.660109e-02
-7.236480e-03
2.258602e-02
4.728105e-02
5.412170e-02
4.795500e-02
2.644566e-02
-1.182892e-02
-2.583265e-02
-1.602137e-02
-1.923578e-02
-1.841185e-02
-4.888554e-03
1.684911e-02
2.499508e-02
3.882442e-03
-1.700928e-03
7.843175e-03
6.147222e-03
-1.775759e-02
-2.967177e-02
-2.607779e-03
-1.619339e-02
-3.320547e-02
-4.503093e-02
-6.568569e-02
-7.446608e-02
-8.388893e-02
-8.563587e-02
-4.615295e-02
3.557387e-03
-5.105725e-03
-2.324466e-02
-9.306308e-03
2.435437e-03
9.515749e-03
4.860911e-02
6.969821e-02
6.901286e-02
8.962265e-02
9.021001e-02
7.801640e-02
5.234942e-02
1.098593e-02
-6.925599e-03
-3.602008e-02
-5.273743e-02
-3.922534e-02
-3.097329e-02
-4.072144e-02
-3.686976e-02
7.901316e-05
1.755603e-02
6.630027e-03
4.600619e-03
1.115065e-02
-1.064217e-02
-3.461018e-02
-2.547907e-02
-1.651215e-02
-8.779163e-03
-2.933295e-02
-5.925955e-02
-4.434627e-02
-1.898836e-02
-1.249251e-03
1.569544e-02
4.660302e-02
6.738109e-02
4.845591e-02
2.374243e-02
6.399956e-03
7.566558e-03
1.930933e-02
1.075434e-02
1.134170e-02
1.588482e-02
9.125661e-03
-4.879059e-03
-2.055521e-02
-1.909184e-02
-1.970374e-02
-3.369010e-02
-3.681781e-02
-3.581742e-02
-2.055434e-02
-1.303958e-02
-7.171769e-03
-3.117133e-03
-8.960676e-04
2.606699e-02
4.654729e-02
5.175429e-02
5.564575e-02
5.803916e-02
4.319007e-02
1.590880e-02
-1.067087e-02
-8.256045e-03
6.356417e-03
1.106270e-02
1.844796e-02
1.603003e-02
1.215687e-02
2.145218e-02
9.836827e-03
-7.085482e-03
-6.825455e-03
1.926810e-04
1.635012e-02
2.649389e-02
3.468988e-02
3.175493e-02
2.176001e-02
2.566679e-02
2.511915e-02
1.681095e-02
8.680209e-03
6.704875e-03
5.574942e-03
1.181701e-03
-8.061632e-03
-2.963619e-02
-4.876632e-02
-5.474533e-02
-4.803720e-02
-3.518794e-02
-2.124138e-02
-3.060685e-03
7.207510e-03
1.478653e-02
1.789788e-02
-1.325549e-02
-2.733770e-02
-2.169830e-02
-1.657798e-02
-7.875145e-03
5.625398e-04
7.139120e-03
-1.590188e-02
-3.317702e-02
-1.879808e-02
-4.251886e-03
-1.457682e-03
1.455292e-02
2.598572e-02
2.149356e-02
1.313643e-02
-1.156375e-02
-2.544608e-02
-1.144751e-02
4.212296e-03
1.687801e-02
2.557065e-02
6.473155e-03
-9.301882e-03
-1.341773e-02
-2.539203e-02
-1.743670e-02
2.212501e-03
3.774812e-03
4.429515e-03
5.355481e-03
-4.079557e-03
-2.719162e-03
-6.226195e-03
-1.201958e-02
8.417909e-03
2.693617e-02
3.792536e-02
3.316502e-02
1.575425e-02
1.068899e-02
5.336151e-03
-3.827620e-03
-5.260411e-03
-5.117634e-03
-7.246936e-03
-2.405806e-02
-4.410292e-02
-4.237643e-02
-2.990345e-02
-2.973211e-02
-3.816673e-02
-2.195930e-02
-8.895859e-03
-6.413696e-03
7.694004e-03
3.600220e-02
5.125001e-02
4.783477e-02
5.456841e-02
5.674566e-02
3.936753e-02
1.247075e-02
1.347980e-03
6.793638e-03
6.166484e-03
-4.568767e-03
-8.938528e-03
-1.455957e-02
-2.217529e-02
-1.617589e-02
-8.330680e-03
-7.347510e-05
1.213947e-02
2.043339e-02
1.903936e-02
2.045075e-02
2.449523e-02
3.143896e-02
3.400781e-02
2.261378e-02
1.845411e-02
1.818796e-02
7.659728e-03
-1.808776e-02
-2.726885e-02
-1.972549e-02
-9.561288e-03
-9.028941e-03
-1.342113e-02
-1.711170e-02
-3.780514e-02
-4.444187e-02
-2.600212e-02
-2.022095e-02
-3.050749e-02
-2.209425e-02
-8.124209e-03
-1.635895e-02
-3.228897e-02
-3.038908e-02
-2.397462e-02
-2.222057e-02
-1.485261e-02
3.451514e-03
1.852904e-02
3.097858e-02
2.973142e-02
2.546466e-02
3.895949e-02
3.618162e-02
3.392079e-02
4.460508e-02
4.169669e-02
1.981215e-02
2.565592e-03
-8.138033e-03
-1.276986e-02
-1.655833e-02
-3.615652e-02
-5.003473e-02
-5.344179e-02
-6.272691e-02
-6.440544e-02
-4.530078e-02
-3.130320e-02
-1.865173e-02
-7.636001e-03
-1.918044e-03
1.166754e-02
1.781585e-02
1.897436e-02
2.217141e-02
2.687060e-02
1.533280e-02
9.192004e-04
-4.406080e-03
-4.528424e-03
-9.467206e-03
-2.897972e-02
-2.164642e-02
-8.612535e-03
-2.890281e-04
1.200143e-02
2.155583e-02
3.436129e-02
3.854141e-02
3.891570e-02
2.540564e-02
1.670590e-02
8.329423e-03
-8.118637e-03
-5.562006e-03
-6.353972e-04
8.841488e-03
1.759943e-02
2.208650e-02
1.359073e-02
-5.537329e-03
-2.248203e-02
-2.497128e-02
-1.453274e-02
1.539091e-03
1.929662e-02
1.824016e-02
2.287715e-02
2.698080e-02
2.098247e-02
1.210732e-02
9.370260e-03
4.955652e-03
-8.709415e-03
-7.883353e-03
4.107302e-03
1.932139e-03
-2.859788e-03
-8.334399e-04
-9.099985e-05
5.624926e-03
1.125213e-02
1.570659e-02
1.367419e-02
2.801296e-03
-8.839499e-03
-8.634484e-03
-1.012638e-02
-2.386487e-02
-3.615936e-02
-3.312750e-02
-2.164061e-02
-1.130507e-02
-1.087876e-02
-2.547998e-02
-3.232779e-02
-1.873403e-02
-1.865746e-03
1.174943e-02
2.857284e-02
4.208807e-02
3.732369e-02
2.576652e-02
1.709431e-02
2.955054e-03
-4.780985e-03
4.129927e-03
1.249117e-02
1.755139e-02
1.627058e-02
2.096643e-03
-9.421774e-03
-2.491123e-02
-2.817450e-02
-9.933580e-03
6.066869e-03
-6.187912e-04
-1.435218e-02
-2.304784e-02
-2.530967e-02
-2.304367e-02
-2.163938e-02
-1.585819e-02
-6.233424e-03
8.286219e-04
1.023443e-03
1.832175e-03
-3.977490e-03
-2.003292e-02
-3.461783e-02
-3.309627e-02
-2.030610e-02
-1.355610e-02
-1.134721e-02
5.210047e-03
1.842241e-02
1.634108e-02
1.854895e-02
1.926591e-02
2.760370e-02
3.485237e-02
3.379081e-02
2.367053e-02
6.571855e-03
6.667759e-03
5.701049e-03
-9.675207e-03
-1.905921e-02
-2.232656e-02
-7.693633e-03
1.052281e-02
1.567786e-02
1.440624e-02
8.234551e-03
5.782015e-03
-6.212636e-03
-1.308084e-02
-1.280035e-02
-1.024473e-02
-1.051594e-02
-1.342739e-02
-1.815301e-02
-2.141525e-02
-1.810886e-03
1.152284e-02
4.774969e-03
2.218416e-03
1.357579e-02
1.906942e-02
9.285274e-04
-9.374303e-03
1.578221e-03
2.066744e-03
-1.694173e-03
9.632612e-03
1.572892e-02
1.253705e-02
9.692918e-03
4.896921e-03
2.358725e-03
-1.274619e-04
3.998127e-04
1.504285e-03
7.152914e-03
1.177564e-02
3.934569e-03
-9.042591e-04
-8.216102e-04
2.832322e-03
3.113828e-03
-3.211844e-03
-4.256057e-03
-4.557866e-03
-4.126451e-03
-6.222060e-03
-1.265583e-02
-1.042552e-02
-9.012049e-03
-1.292083e-02
-1.151961e-02
-3.404118e-03
-4.997993e-03
-1.431164e-02
-1.290734e-02
-7.370890e-03
-9.774475e-03
-5.625947e-03
2.949461e-03
2.361093e-03
-5.853220e-03
-1.301205e-02
-1.807626e-02
-2.403277e-02
-1.942839e-02
-8.905200e-03
-9.832136e-03
-1.512680e-02
-3.987662e-03
7.350340e-03
1.100836e-02
1.404735e-02
2.249733e-02
3.048127e-02
2.717823e-02
1.741589e-02
1.070983e-02
1.112799e-02
1.363467e-02
1.062839e-02
6.410611e-03
-1.587508e-03
-1.015365e-02
-7.207445e-03
-1.838236e-03
5.394117e-03
1.057365e-02
1.295080e-02
1.318948e-02
1.317321e-02
1.314164e-02
1.148964e-02
1.315907e-02
9.575599e-03
3.610928e-03
3.824109e-03
4.602250e-03
6.640844e-03
7.508725e-03
3.011524e-03
1.042367e-03
7.029564e-03
7.377355e-03
5.256251e-03
9.406815e-03
1.233161e-02
4.253939e-03
-6.268146e-03
-7.037018e-03
-9.545641e-03
-1.088559e-02
-8.928580e-03
-7.489622e-03
-1.118017e-02
-1.058458e-02
-6.367724e-03
-1.186330e-02
-8.111466e-03
3.822090e-03
6.525580e-03
3.773229e-03
2.417619e-04
-6.831414e-03
-1.230557e-02
-1.364858e-02
-1.761040e-02
-2.181187e-02
-2.192093e-02
-2.366982e-02
-2.063082e-02
-1.230526e-02
-4.821024e-03
3.334230e-03
1.009167e-03
-5.738700e-03
-1.300461e-02
-1.594563e-02
-6.141384e-03
6.143995e-03
1.037512e-02
1.571271e-02
1.870583e-02
6.881471e-03
-2.796235e-03
-3.288749e-03
-8.422444e-04
-5.102860e-03
-1.480606e-02
-1.524759e-02
-9.893677e-03
2.408018e-03
1.507989e-02
2.426207e-02
3.210629e-02
3.737658e-02
3.382369e-02
1.822206e-02
2.981429e-03
1.661774e-06
7.436946e-03
1.652020e-02
1.172726e-02
1.014471e-03
-5.478452e-03
-1.266890e-02
-1.781979e-02
-1.912507e-02
-1.374772e-02
-3.628361e-03
9.362320e-04
-3.924018e-03
-5.888082e-03
-3.506847e-03
1.389209e-04
1.032291e-03
-2.723533e-03
-8.976808e-03
-1.379932e-02
-1.316294e-02
-1.525754e-02
-1.628952e-02
-9.900537e-03
-1.212960e-03
1.513013e-02
2.179242e-02
1.877900e-02
1.378924e-02
9.312421e-03
5.737097e-03
9.910616e-04
1.879331e-03
-4.161646e-04
-1.385942e-03
-2.030407e-03
7.781146e-04
-2.967004e-04
-3.537712e-04
4.060910e-03
-9.263274e-05
1.000612e-03
1.874603e-03
1.060853e-03
5.392930e-03
1.175336e-02
1.846868e-02
1.814849e-02
2.179630e-02
2.940086e-02
2.351165e-02
1.639868e-02
1.632428e-02
1.107650e-02
-6.193593e-04
-7.421283e-03
-1.214387e-02
-1.856949e-02
-1.664614e-02
-9.964486e-03
-7.548584e-03
-7.983997e-03
-6.585840e-03
-2.853398e-03
9.749046e-04
-5.475993e-04
-7.190438e-03
-5.558751e-03
-5.722903e-03
-1.152748e-02
-1.574119e-02
-1.152028e-02
-7.575720e-03
-1.784389e-02
-2.139780e-02
-1.951423e-02
-1.823233e-02
-1.412767e-02
-6.118257e-03
7.674350e-03
1.260096e-02
1.340050e-02
1.916843e-02
2.162410e-02
2.127842e-02
2.139675e-02
1.785303e-02
1.353529e-02
5.070097e-03
-6.253655e-04
-2.091785e-03
-1.421758e-03
-3.877368e-03
-8.398040e-03
-6.280940e-03
-4.488132e-03
-2.249677e-03
-2.977824e-04
4.274957e-03
2.584183e-03
-3.779240e-03
-4.857124e-03
-5.816712e-03
-1.240653e-02
-1.539752e-02
-1.349458e-02
-1.363631e-02
-1.371990e-02
-1.264094e-02
-1.017814e-02
-7.706156e-03
-1.240427e-02
-1.606221e-02
-1.130387e-02
-1.129060e-02
-6.820854e-03
4.073986e-04
4.494717e-03
8.619767e-03
1.064305e-02
1.617233e-02
1.824558e-02
1.631209e-02
1.411959e-02
6.860788e-03
1.333582e-03
-1.727785e-03
-1.869511e-03
-2.012257e-03
-2.303893e-03
8.900932e-04
4.413469e-03
7.155691e-03
9.990713e-03
9.439032e-03
1.115229e-02
1.154696e-02
8.049132e-03
2.588210e-03
-1.844769e-03
8.209677e-04
5.768980e-03
5.965818e-03
3.149196e-03
8.928333e-03
7.265085e-03
1.379933e-03
1.156620e-03
7.691216e-04
1.145441e-03
6.406678e-04
2.387577e-03
7.217292e-03
9.710682e-03
2.814923e-03
-3.658646e-03
-1.261116e-03
7.978450e-04
2.265332e-03
7.524376e-03
8.336139e-03
3.961284e-03
5.991692e-03
6.793259e-03
5.001515e-03
7.520929e-04
-5.369653e-03
-1.000660e-02
-1.885626e-02
-2.422948e-02
-2.105897e-02
-1.462003e-02
-1.138017e-02
-1.315253e-02
-1.739176e-02
-1.976376e-02
-1.854001e-02
-1.513391e-02
-1.116796e-02
-2.456954e-03
8.971777e-03
1.619900e-02
1.899934e-02
1.690778e-02
8.743398e-03
3.490505e-03
1.705897e-03
-1.242286e-03
-1.728710e-03
3.649178e-04
2.962319e-03
4.475690e-03
9.293161e-03
8.348851e-03
4.640930e-03
3.349894e-03
-2.417741e-04
5.036985e-04
-4.870552e-03
-8.354123e-03
-7.422030e-03
-8.563159e-03
-1.025803e-02
-1.118501e-02
-9.063845e-03
-5.341624e-03
-1.851915e-03
-2.303670e-03
-1.021794e-03
-1.746852e-03
-7.207787e-03
-6.068680e-03
1.813237e-03
7.532193e-03
1.003679e-02
9.354560e-03
1.110350e-02
1.457485e-02
1.283816e-02
1.245371e-02
9.620758e-03
1.373967e-02
1.463811e-02
1.013372e-02
1.018676e-02
9.865533e-03
1.002463e-02
1.004808e-02
9.497406e-03
7.189640e-03
6.896966e-03
8.763174e-03
9.926751e-03
9.481110e-03
4.916561e-03
1.650313e-05
-3.814822e-03
-5.086490e-03
-4.907004e-03
-4.587809e-03
5.508837e-04
5.511114e-03
6.628799e-03
2.751583e-03
1.338165e-03
-1.530486e-03
-7.542111e-03
-1.426962e-02
-1.793065e-02
-1.464184e-02
-1.426147e-02
-1.196593e-02
-9.582695e-03
-7.676718e-03
-7.005700e-03
-7.489079e-03
-5.899237e-03
-3.385470e-03
-8.666055e-04
2.068331e-03
3.970227e-03
-2.119084e-04
-6.254130e-03
-9.214563e-03
-9.851931e-03
-1.353437e-02
-1.466124e-02
-1.140813e-02
-1.263697e-02
-1.382298e-02
-1.042609e-02
-6.296985e-03
-5.088545e-03
-6.544800e-03
-3.380415e-03
-1.881337e-03
-2.539101e-03
-4.310471e-03
-7.319858e-03
-7.735935e-03
-5.182401e-03
-5.042696e-03
-4.637847e-03
-2.208727e-03
-2.155704e-03
-4.307454e-03
-5.087595e-03
-4.808182e-03
-5.160013e-03
-3.173481e-03
-7.871940e-04
4.438172e-03
5.951523e-03
3.586637e-03
1.004536e-03
-1.860044e-03
-2.005881e-03
-2.073195e-03
-2.099719e-03
3.100223e-04
4.598204e-03
6.788691e-03
6.541895e-03
8.991406e-03
8.934289e-03
4.828629e-03
3.893477e-03
3.801686e-03
3.862864e-03
3.867952e-03
6.413322e-03
6.790631e-03
6.885460e-03
6.743699e-03
7.037386e-03
7.826688e-03
4.797917e-03
6.437718e-03
6.806867e-03
6.965942e-03
4.270641e-03
6.218418e-04
1.253076e-03
2.771293e-04
2.536958e-03
3.397642e-03
4.385798e-03
6.279524e-03
8.921770e-03
1.486812e-02
1.694030e-02
1.341898e-02
7.694914e-03
5.419761e-03
2.044262e-03
1.620374e-06
-4.858513e-04
1.102956e-03
5.344223e-03
4.250998e-03
-1.544834e-04
-7.082419e-04
4.137755e-03
1.807533e-03
-1.343616e-03
-2.431742e-03
-7.660190e-03
-1.060534e-02
-1.071346e-02
-5.777720e-03
-5.337190e-03
-4.370453e-03
-3.287461e-03
-5.071080e-03
-6.396817e-03
-1.009967e-02
-1.074521e-02
-1.109808e-02
-9.709149e-03
-6.661033e-03
-2.983711e-03
-1.954768e-03
-4.320687e-03
-8.165291e-03
-1.033745e-02
-1.133278e-02
-8.800676e-03
-5.260006e-03
-4.659373e-03
-2.373039e-03
4.884545e-04
-3.365712e-04
-2.376729e-04
1.105362e-03
8.320385e-04
8.034633e-04
2.194427e-03
5.795263e-03
9.104440e-03
7.149492e-03
7.497216e-03
9.785588e-03
9.543878e-03
1.152122e-02
1.414204e-02
1.552688e-02
1.298862e-02
1.268572e-02
1.115704e-02
7.970192e-03
6.499640e-03
2.883464e-03
2.359271e-03
3.910338e-03
6.500566e-03
9.618021e-03
9.605759e-03
9.764821e-03
9.678116e-03
9.760694e-03
8.063748e-03
4.555667e-03
4.124274e-03
2.334527e-03
9.139434e-04
-5.097002e-04
-2.335139e-03
-1.984359e-03
-2.700273e-03
-2.008085e-04
-1.551028e-03
-4.396251e-03
-2.549449e-03
-1.964120e-03
-2.028392e-03
-1.902986e-03
-2.501626e-03
-6.689904e-03
-1.077824e-02
-8.498036e-03
-4.176219e-03
-2.128520e-03
-2.067361e-03
-2.179564e-03
5.781360e-05
2.535842e-04
-2.248994e-03
-4.196809e-03
-7.872138e-03
-7.304146e-03
-5.796935e-03
-8.738018e-03
-1.124671e-02
-1.276826e-02
-1.480990e-02
-1.499961e-02
-1.371369e-02
-1.347101e-02
-1.602457e-02
-1.523733e-02
-1.144580e-02
-1.063511e-02
-9.685720e-03
-9.504228e-03
-6.150188e-03
-3.782422e-04
-8.763387e-05
-2.028312e-03
-3.189877e-03
-1.474631e-03
1.244082e-03
3.476616e-04
2.918506e-03
6.065528e-03
6.984322e-03
2.995916e-03
-1.587023e-03
-1.820584e-03
-2.038849e-03
-1.802291e-03
-2.149049e-03
1.474724e-04
9.398129e-04
1.285488e-03
3.681948e-03
5.673554e-03
4.379416e-03
2.588644e-03
-2.076359e-04
-5.941661e-04
1.208779e-03
5.091752e-04
9.048187e-04
8.476782e-04
5.214360e-03
5.923077e-03
3.553066e-03
9.291297e-04
-1.663194e-03
-4.166796e-03
-4.924528e-03
-4.990848e-03
-3.908891e-03
-1.657241e-03
-2.213056e-03
-3.193518e-04
1.998584e-03
3.753598e-03
3.662803e-03
5.806355e-03
7.021903e-03
6.305982e-03
5.645128e-03
4.091962e-03
4.002187e-03
3.817572e-03
5.922372e-03
6.983933e-03
6.788100e-03
7.062387e-03
6.881851e-03
7.034784e-03
6.922573e-03
6.984745e-03
7.060175e-03
5.775212e-03
2.248765e-03
-1.487758e-03
-3.651775e-03
-4.724622e-03
-4.809299e-03
-4.698178e-03
-1.763275e-03
7.055864e-04
3.323337e-03
4.052446e-03
3.859672e-03
3.001999e-03
-1.240338e-03
-1.877738e-03
-1.708490e-03
-1.877809e-03
-1.588226e-03
-2.076738e-03
-4.634759e-04
1.125312e-03
-9.020543e-04
-5.062808e-03
-7.304329e-03
-9.221559e-03
-9.518351e-03
-7.297298e-03
-5.284281e-03
-4.757089e-03
-7.624757e-03
-7.574823e-03
-5.864682e-03
-3.558986e-03
-1.947764e-03
-1.498075e-03
1.015656e-03
3.414151e-03
4.391067e-03
2.305573e-03
1.251081e-03
9.328719e-04
-1.882788e-03
-3.816334e-03
-7.628322e-03
-9.380348e-03
-7.104226e-03
-1.024928e-02
-8.290307e-03
-5.405376e-03
-3.924685e-03
-4.438693e-03
-6.531326e-03
-2.317616e-03
8.814099e-04
4.772868e-03
5.728369e-03
5.788501e-03
5.876165e-03
9.340334e-03
1.185713e-02
1.176225e-02
1.186216e-02
1.550784e-02
1.810621e-02
1.337948e-02
1.350488e-02
1.482546e-02
1.458578e-02
1.120209e-02
1.029955e-02
1.148145e-02
8.941126e-03
8.851348e-03
1.051968e-02
1.212580e-02
9.314220e-03
6.652549e-03
2.290897e-03
-2.249218e-03
-2.733651e-03
-2.854021e-03
-2.704150e-03
-5.227132e-03
-3.133551e-03
-4.487860e-03
-8.094872e-03
-8.756748e-03
-7.320928e-03
-5.605688e-03
-8.193936e-03
-9.394257e-03
-7.755500e-03
-5.431449e-03
-6.039276e-03
-1.950999e-03
-5.682081e-04
-3.186029e-03
-6.875945e-04
1.646654e-03
4.601953e-03
5.787926e-03
6.858663e-03
7.858015e-03
5.985657e-03
4.080665e-03
3.367801e-03
4.695390e-04
-2.981445e-03
-5.496268e-03
-5.366790e-03
-3.036620e-03
-2.318727e-03
4.978808e-04
-1.628403e-03
-9.564014e-04
6.548219e-04
2.295371e-04
-1.434786e-03
-2.924725e-03
2.610455e-04
-7.577533e-04
-2.615834e-03
-2.452704e-03
-2.681170e-03
-2.330399e-03
-4.509712e-03
-5.587657e-03
-5.611147e-03
-4.477182e-03
-2.170465e-03
-3.206600e-03
-5.061621e-03
-5.659248e-03
-3.302562e-03
-2.506144e-03
-2.426635e-03
-2.655101e-03
-1.428334e-03
-2.780601e-03
-5.814492e-03
-3.651564e-03
-2.551251e-03
-2.225973e-03
-3.901512e-03
-3.346783e-03
-2.030274e-03
-2.089737e-04
7.475506e-04
1.081132e-04
1.681607e-03
3.372375e-03
6.393963e-03
9.536903e-03
1.155502e-02
9.966168e-03
9.202317e-03
1.009358e-02
1.245128e-02
1.123159e-02
9.201169e-03
1.172103e-02
1.230635e-02
1.246744e-02
9.804754e-03
6.495524e-03
4.052090e-03
-6.093730e-04
-2.068714e-03
-2.610252e-03
-2.341861e-04
3.047447e-03
3.802057e-03
2.885240e-03
8.242264e-04
3.173633e-04
-3.581301e-03
-5.308845e-03
-4.472652e-03
-1.612189e-03
2.098774e-03
3.854813e-03
3.412197e-03
3.976107e-03
2.405611e-03
6.750079e-04
7.116907e-04
6.882065e-04
2.638004e-03
1.409135e-03
2.933914e-05
-2.015356e-03
-2.182629e-03
-3.897934e-03
-6.467818e-03
-5.316510e-03
-5.582702e-03
-8.616587e-03
-1.092745e-02
-1.085303e-02
-1.105498e-02
-1.085002e-02
-1.105095e-02
-1.082051e-02
-1.109282e-02
-1.053808e-02
-8.256850e-03
-8.027426e-03
-8.019294e-03
-7.942837e-03
-5.137438e-03
-2.245357e-03
2.465564e-05
2.631197e-03
4.095580e-03
2.321132e-03
9.240019e-04
8.444333e-04
1.423645e-03
1.183971e-03
1.719332e-03
2.879821e-03
1.336864e-03
8.952728e-04
8.544570e-04
8.156810e-04
9.778025e-04
5.912805e-04
2.609409e-03
3.121316e-03
6.748315e-04
-1.115932e-03
-2.359072e-03
-1.647286e-03
-2.470275e-03
2.943366e-04
3.180302e-03
4.767063e-03
6.166185e-03
1.958534e-03
-3.604408e-03
-7.797781e-03
-7.505126e-03
-4.930193e-03
-4.038923e-03
-2.100335e-03
4.185096e-04
2.696686e-03
4.811697e-03
6.913450e-03
8.910167e-03
7.274413e-03
4.141617e-03
1.514634e-03
-8.574029e-04
-1.307147e-03
9.434963e-04
2.051982e-03
2.150882e-03
6.334247e-04
-1.130820e-03
-3.568228e-04
1.531799e-03
2.169145e-03
1.583771e-03
2.682060e-03
4.585979e-03
4.525794e-03
2.326103e-03
1.223699e-03
2.610588e-03
4.449241e-03
4.029075e-03
4.399239e-03
4.051477e-03
4.401246e-03
6.178714e-03
7.595177e-03
6.051209e-03
4.672446e-03
2.924521e-03
1.238804e-03
1.107237e-03
-1.583988e-03
5.565239e-04
1.161241e-03
1.223434e-03
1.056176e-03
1.452857e-03
-1.476995e-03
-4.796405e-03
-6.600416e-03
-7.930227e-03
-7.400972e-03
-7.816037e-03
-7.481560e-03
-7.747736e-03
-7.537671e-03
-7.885430e-03
-7.045140e-03
-4.605828e-03
-6.052914e-03
-7.718231e-03
-7.743737e-03
-7.291984e-03
-4.595685e-03
-6.109055e-03
-7.367479e-03
-2.614275e-03
7.632384e-04
1.355723e-03
9.059891e-04
2.201106e-03
4.085657e-03
1.969597e-03
6.999574e-04
-1.449755e-03
-1.983110e-03
-1.430395e-03
-3.864628e-03
-3.043708e-03
-1.717998e-03
-2.892872e-04
3.120863e-03
4.137581e-03
2.297884e-03
1.047622e-03
1.349472e-03
1.117975e-03
1.273997e-03
1.227081e-03
8.721912e-04
-1.623225e-03
-3.486375e-03
-5.368901e-03
-7.172902e-03
-7.733788e-03
-7.515559e-03
-5.999144e-03
-7.084197e-03
-8.035660e-03
-7.154569e-03
-6.373418e-03
-7.221881e-03
-7.656312e-03
-4.443994e-03
-1.611037e-03
-1.983260e-03
-1.568210e-03
-2.086263e-03
-4.363651e-05
1.214776e-03
2.036721e-03
4.551507e-03
2.867843e-03
1.276980e-03
1.208654e-03
1.109735e-03
2.981039e-03
5.266375e-03
7.194787e-03
6.748123e-03
7.697543e-03
9.764645e-03
8.022856e-03
5.393856e-03
4.135445e-03
4.098734e-03
4.209893e-03
3.917218e-03
3.904983e-03
4.092627e-03
4.199707e-03
3.911112e-03
1.658413e-03
1.114872e-03
1.311695e-03
8.466778e-04
1.977622e-03
4.004957e-03
3.989666e-03
3.991710e-03
4.130407e-03
2.353949e-03
-3.168591e-04
-3.431273e-03
-4.776361e-03
-4.592794e-03
-4.762071e-03
-4.614196e-03
-4.762057e-03
-4.597865e-03
-4.816091e-03
-4.431624e-03
-3.402654e-03
-2.410397e-03
-1.654729e-03
-1.900488e-03
-1.703660e-03
-1.873955e-03
-1.713840e-03
-1.891273e-03
-1.589408e-03
7.887384e-04
1.250710e-03
1.135486e-03
1.286424e-03
1.050865e-03
3.333152e-03
4.197940e-03
3.992974e-03
4.225497e-03
3.853288e-03
5.696049e-03
4.981193e-03
3.670783e-03
4.365268e-03
3.262895e-03
1.615957e-03
-2.726694e-04
-9.011464e-05
1.387566e-03
9.001230e-04
1.715965e-03
3.792259e-03
4.124722e-03
4.021739e-03
4.142088e-03
4.008512e-03
4.152317e-03
3.999364e-03
1.993466e-03
-1.537010e-03
-1.448273e-03
-3.525556e-03
-4.308733e-03
-1.846958e-03
-1.915267e-03
-1.912190e-03
-4.521800e-03
-4.791005e-03
-4.767533e-03
-4.704288e-03
-4.965334e-03
-7.682020e-03
-6.538824e-03
-4.681779e-03
-4.820451e-03
-4.776581e-03
-3.839379e-03
-9.360357e-04
9.250896e-04
1.244302e-03
9.649013e-04
1.174997e-03
8.792803e-04
-8.084413e-04
-3.797406e-03
-4.143092e-03
-1.800628e-03
-2.023938e-03
-1.701666e-03
-2.093241e-03
2.594228e-04
-1.296746e-03
-4.709939e-03
-4.567147e-03
-4.856743e-03
-2.020701e-03
-2.236872e-03
-7.744785e-04
1.050958e-03
1.141743e-03
8.358312e-04
1.499735e-03
2.990683e-03
2.683753e-03
2.259547e-03
-8.711648e-04
-2.955578e-03
-5.073644e-03
-3.991628e-03
-2.054013e-03
-4.586112e-03
-4.470849e-03
-2.281348e-03
2.732371e-04
1.246138e-03
9.749012e-04
1.164608e-03
-1.767244e-03
-8.687875e-04
9.413560e-04
3.225699e-03
3.870231e-03
3.616331e-03
3.772386e-03
4.769763e-03
7.043909e-03
6.711487e-03
7.061302e-03
6.657496e-03
8.269802e-03
1.223272e-02
1.252541e-02
1.017178e-02
9.877098e-03
9.919958e-03
9.799654e-03
7.464378e-03
6.792371e-03
6.985140e-03
6.775095e-03
7.009676e-03
6.695613e-03
9.037067e-03
9.928390e-03
8.552733e-03
5.872771e-03
4.150387e-03
3.840404e-03
4.249368e-03
2.784991e-03
1.024876e-03
1.128925e-03
1.052473e-03
1.072901e-03
1.055597e-03
1.167805e-03
-3.740754e-04
-2.553321e-03
-4.473542e-03
-5.137388e-03
-4.711085e-03
-5.192390e-03
-4.589665e-03
-5.963281e-03
-7.845768e-03
-5.499213e-03
-6.818779e-03
-5.438978e-03
-4.686344e-03
-3.079130e-03
-1.467838e-03
-3.247327e-03
-4.568932e-03
-4.615808e-03
-4.901314e-03
-4.610641e-03
-1.981604e-03
-3.956890e-03
-4.955224e-03
-5.058188e-03
-3.309223e-03
-1.746880e-03
-2.152719e-03
-1.698880e-03
-2.924625e-03
-4.988632e-03
-4.583743e-03
-5.231270e-03
-3.838209e-03
-2.260569e-03
-8.828052e-04
-1.133636e-03
-1.837251e-03
9.937042e-04
1.101837e-03
4.122472e-03
2.125772e-03
-5.490854e-04
1.199880e-03
5.329774e-04
2.051472e-03
3.723953e-03
6.171470e-03
6.847624e-03
6.921084e-03
6.427545e-03
4.041288e-03
4.037244e-03
3.858818e-03
4.042416e-03
3.798724e-03
4.205655e-03
2.470019e-03
1.037259e-03
9.342974e-04
2.683264e-03
1.708386e-03
7.488063e-04
1.086391e-03
8.314819e-04
1.031396e-03
8.478715e-04
1.092656e-03
-9.927652e-04
-2.137946e-03
-1.771807e-03
-2.169487e-03
-1.590212e-03
6.390716e-04
1.174495e-03
-1.358613e-03
-1.758331e-03
1.137891e-03
-9.730246e-04
-3.182871e-04
1.277711e-03
4.853752e-04
-1.726499e-03
-1.906690e-04
1.138145e-03
7.567824e-04
-1.191989e-03
-2.134233e-03
-1.813985e-03
-1.973035e-03
1.139381e-03
-4.687823e-04
4.592567e-04
1.075242e-03
1.092614e-03
8.275055e-04
2.485710e-03
4.086805e-03
3.866567e-03
3.829890e-03
5.100576e-03
7.233999e-03
5.497342e-03
3.763744e-03
4.004448e-03
3.529264e-03
1.356138e-03
9.676351e-04
1.155310e-03
8.789824e-04
1.334860e-03
-7.566827e-04
-4.633867e-03
-4.704198e-03
-5.021318e-03
-4.588895e-03
-5.840137e-03
-7.726704e-03
-7.920430e-03
-6.112321e-03
-5.982775e-03
-8.374136e-03
-6.936208e-03
-5.408540e-03
-5.380974e-03
-4.947533e-03
-4.784336e-03
-4.946450e-03
-4.707789e-03
-6.970658e-03
-7.893530e-03
-7.569209e-03
-8.056634e-03
-5.886504e-03
-4.947253e-03
-2.661887e-03
-3.814213e-03
-3.250243e-03
-1.672607e-03
-3.866307e-04
1.581582e-03
-7.771498e-04
9.479409e-05
1.038123e-03
9.188363e-04
1.119762e-03
9.810988e-04
1.125935e-03
9.648372e-04
1.150465e-03
9.342977e-04
1.195389e-03
8.639855e-04
1.348409e-03
5.228944e-05
-1.962778e-03
-1.883210e-03
-1.974965e-03
-2.028989e-03
-4.594741e-03
-2.598999e-03
-2.003422e-03
-5.573447e-04
1.401683e-03
-2.197500e-04
-2.138961e-03
-5.761211e-03
-5.939651e-03
-4.148888e-03
-2.314275e-03
4.116275e-04
8.970653e-04
2.908100e-03
4.003368e-03
1.410077e-03
1.109260e-03
9.848654e-04
9.573500e-04
9.787836e-04
8.564276e-04
1.534602e-03
3.940289e-03
5.408795e-03
8.189761e-03
8.171421e-03
6.816145e-03
6.706022e-03
5.522069e-03
7.005869e-03
6.678532e-03
4.918400e-03
3.254125e-03
3.467273e-03
2.389374e-03
2.636174e-03
4.362680e-03
3.578477e-03
4.340266e-03
3.337829e-03
1.556276e-03
4.335032e-04
-1.712113e-03
-1.981328e-03
-1.903816e-03
-1.981312e-03
-1.928276e-03
-1.963962e-03
-4.310479e-03
-4.810167e-03
-5.000862e-03
-2.706344e-03
-2.644986e-03
-2.505354e-03
-1.116269e-03
-3.631913e-03
-4.141225e-03
-6.081555e-03
-7.221257e-03
-6.859022e-03
-7.087056e-03
-6.816286e-03
-7.078144e-03
-6.647770e-03
-5.580318e-03
-4.340715e-03
-1.379897e-03
-8.261452e-04
-9.128228e-04
-7.756713e-04
-8.949460e-04
-7.443562e-04
-8.255678e-04
-5.914663e-04
-7.426688e-04
-2.772860e-04
8.635062e-04
-2.321847e-04
-4.694285e-05
7.154513e-05
2.431013e-04
5.188585e-04
-6.855088e-04
4.523174e-04
1.148420e-03
9.656320e-04
1.477712e-03
6.273252e-04
-1.434471e-03
-1.375348e-03
-1.467304e-03
-1.359168e-03
-1.441688e-03
-1.174884e-03
1.349053e-03
1.092823e-03
2.238254e-03
4.106363e-03
3.959182e-03
4.070759e-03
3.976116e-03
3.999715e-03
4.067991e-03
3.979336e-03
4.081171e-03
3.819343e-03
4.328442e-03
4.950726e-03
5.460182e-03
6.853148e-03
5.612868e-03
3.868283e-03
3.665405e-03
3.697456e-03
3.503741e-03
3.535996e-03
3.391985e-03
3.468914e-03
3.291361e-03
3.414815e-03
3.143658e-03
3.640963e-03
5.571722e-03
5.715249e-03
5.600905e-03
5.536959e-03
6.392456e-03
5.950300e-03
4.005185e-03
2.983158e-03
1.216788e-03
2.618220e-04
1.072366e-04
1.613868e-03
2.533761e-03
2.401520e-03
2.307340e-03
2.413163e-03
2.005333e-03
3.169318e-03
2.509703e-03
2.200866e-03
3.484878e-03
2.319789e-03
1.349787e-03
-2.462711e-04
-1.731477e-03
-2.883187e-03
-2.615895e-03
-5.004617e-03
-3.948420e-03
-3.701375e-03
-4.870620e-03
-4.635003e-03
-4.669829e-03
-5.003017e-03
-6.731244e-03
-6.307610e-03
-4.954577e-03
-2.823357e-03
-2.129423e-03
-2.102521e-03
-2.090806e-03
-2.034731e-03
-2.054432e-03
-1.965077e-03
-2.036651e-03
-1.824441e-03
-2.580106e-03
-3.940963e-03
-3.487598e-03
-4.490410e-03
-5.499115e-03
-5.377196e-03
-5.219610e-03
-5.307006e-03
-4.041664e-03
-3.934286e-03
-5.068072e-03
-4.416295e-03
-4.701632e-03
-4.191756e-03
-4.490050e-03
-5.095184e-03
-4.208251e-03
-5.210937e-03
-4.318510e-03
-3.432510e-03
-3.619538e-03
-3.108862e-03
-1.982082e-03
-1.055623e-03
1.102201e-04
1.292588e-04
1.801435e-04
1.266865e-03
1.902994e-03
1.513135e-03
2.341194e-03
3.078116e-03
4.071009e-03
5.547490e-03
4.423982e-03
4.320293e-03
4.138626e-03
4.120033e-03
3.613938e-03
2.394529e-03
2.843313e-03
3.624236e-03
3.648063e-03
3.212074e-03
2.033028e-03
2.129348e-03
1.802993e-03
2.439674e-03
3.073243e-03
2.979012e-03
2.833220e-03
2.837574e-03
2.402290e-03
1.436306e-03
1.911535e-03
2.599617e-03
1.757376e-03
1.367206e-03
1.912608e-03
1.024822e-03
9.534843e-04
1.285603e-04
-2.324981e-04
-1.567586e-04
-2.581731e-04
-1.753790e-04
-2.817642e-04
-1.777186e-04
-3.846699e-04
-1.072647e-03
-1.135678e-03
-1.077702e-03
-1.073429e-03
-1.007652e-03
-1.009999e-03
-9.333567e-04
-9.702098e-04
-3.331054e-04
-3.587029e-05
-1.199864e-04
-5.794126e-05
-1.542623e-04
-1.014561e-04
-1.743635e-04
-6.375113e-04
-6.111510e-04
-1.716644e-04
-7.212048e-04
-3.275540e-04
-4.824546e-04
-4.843289e-04
-5.760301e-05
-6.110170e-04
-7.673049e-04
-1.208586e-03
-1.127624e-03
-1.090239e-03
-1.014857e-03
-9.519616e-04
-8.965916e-04
-8.300153e-04
-7.990134e-04
-7.141405e-04
-6.821004e-04
-5.947023e-04
-5.710786e-04
-4.770866e-04
-4.725848e-04
-2.430478e-04
8.367040e-05
6.610408e-05
1.292317e-04
9.390074e-05
1.857617e-04
9.667629e-06
1.579738e-05
2.268305e-04
1.911733e-04
2.386969e-04
2.252830e-04
2.716413e-04
5.127441e-04
5.159846e-04
5.556516e-04
7.369603e-04
7.113451e-04
6.634441e-04
6.510914e-04
5.458787e-04
3.540134e-04
3.151400e-04
4.392507e-04
4.879746e-04
4.380272e-04
4.099522e-04
3.717715e-04
3.378418e-04
3.083519e-04
2.678527e-04
2.067764e-04
2.151367e-04
1.822680e-04
1.577814e-04
1.326390e-04
3.111755e-05
-2.707670e-05
4.821603e-05
6.678933e-05
3.916817e-05
9.022085e-05
7.272300e-05
4.179367e-05
6.851384e-06
-1.415271e-05
-7.360590e-05
-1.260602e-04
-1.473895e-04
-2.156025e-04
-2.269895e-04
-2.095985e-04
-2.060370e-04
-1.643675e-04
-1.304731e-04
-1.216712e-04
-1.302147e-04
-1.441568e-04
-1.371152e-04
-1.450982e-04
-1.529714e-04
-1.489594e-04
-1.438279e-04
-1.299022e-04
-1.148760e-04
-9.606056e-05
-8.386255e-05
-7.663901e-05
-6.973087e-05
-6.365831e-05
-5.845523e-05
-5.433850e-05
-4.948304e-05
-4.608192e-05
-4.442314e-05
-4.448549e-05
