-4.853244e-05
-4.787796e-05
-4.713914e-05
-4.638058e-05
-4.557641e-05
-4.471938e-05
-4.379984e-05
-4.290995e-05
-4.205622e-05
-4.097485e-05
-3.941606e-05
-3.826941e-05
-4.034420e-05
-4.574655e-05
-4.899813e-05
-5.458478e-05
-6.565815e-05
-7.265811e-05
-7.556527e-05
-8.011188e-05
-8.586350e-05
-8.094927e-05
-5.578808e-05
-3.026001e-05
-2.143517e-05
-4.283415e-06
3.635802e-05
6.531552e-05
7.343677e-05
5.273783e-05
8.758403e-06
-8.630286e-06
-7.505095e-06
-2.508744e-05
-4.476015e-05
-1.719188e-05
7.623680e-06
-1.340268e-05
-6.447081e-05
-9.095496e-05
-1.197911e-04
-1.812545e-04
-2.223329e-04
-2.336478e-04
-2.077742e-04
-1.401824e-04
-7.212044e-05
-5.492326e-06
2.616648e-05
8.923558e-05
2.182290e-04
2.971125e-04
3.459395e-04
3.798454e-04
2.867069e-04
1.105081e-04
3.488373e-05
4.550038e-05
6.249758e-05
6.702965e-05
6.577864e-05
6.401065e-05
6.563398e-05
8.308903e-05
1.019192e-04
3.433976e-05
-1.907920e-04
-4.158558e-04
-5.201318e-04
-6.192839e-04
-7.970987e-04
-9.293563e-04
-7.967391e-04
-8.083371e-04
-1.102548e-03
-1.309241e-03
-1.351245e-03
-1.216605e-03
-9.280035e-04
-7.383770e-04
-6.562764e-04
-7.114627e-04
-8.211437e-04
-7.095154e-04
-3.147993e-04
2.589048e-04
7.545291e-04
7.326800e-04
3.266226e-04
1.214295e-04
1.394608e-04
1.756060e-04
1.837826e-04
2.010895e-04
2.121798e-04
7.355707e-05
-2.270172e-04
-3.820922e-04
-3.883494e-04
-3.618180e-04
-3.301411e-04
-3.487953e-04
-5.611735e-04
-8.014633e-04
-4.882743e-04
2.970507e-04
1.124428e-03
1.551837e-03
1.612894e-03
1.594765e-03
1.609801e-03
1.591955e-03
1.485301e-03
1.169236e-03
3.672254e-04
-5.785408e-04
-1.053033e-03
-6.108568e-04
3.959127e-04
1.339560e-03
1.643069e-03
1.266497e-03
5.468729e-04
2.290057e-04
2.729894e-04
3.472918e-04
3.499779e-04
2.826101e-04
2.572633e-04
6.106232e-04
1.379170e-03
1.840457e-03
1.908868e-03
1.475720e-03
4.014067e-04
-3.108772e-04
-2.114993e-05
7.347047e-04
1.611601e-03
1.943589e-03
1.905062e-03
1.977508e-03
2.123682e-03
1.541207e-03
-3.386874e-04
-2.393524e-03
-3.735547e-03
-4.146458e-03
-4.098151e-03
-3.612905e-03
-2.731957e-03
-2.400742e-03
-2.378724e-03
-1.799924e-03
-6.082995e-04
1.121813e-04
-5.784775e-04
-1.842931e-03
-2.632165e-03
-2.661519e-03
-1.945818e-03
-6.761022e-04
4.161084e-04
3.978147e-04
-7.347221e-04
-1.929353e-03
-2.343172e-03
-1.929864e-03
-7.769068e-04
3.130876e-04
6.392839e-04
5.609105e-04
4.850373e-04
4.894788e-04
5.813978e-04
6.750464e-04
3.159331e-04
-8.667556e-04
-2.056540e-03
-2.432355e-03
-2.364543e-03
-2.314560e-03
-2.325725e-03
-2.343586e-03
-2.401759e-03
-2.506271e-03
-2.242819e-03
-1.063382e-03
8.122061e-04
2.692757e-03
3.643427e-03
3.788212e-03
3.826263e-03
3.706063e-03
2.703789e-03
8.359527e-04
-6.714073e-04
-1.541737e-03
-2.342599e-03
-2.281491e-03
-1.395451e-03
-9.128621e-04
-8.662889e-04
-9.075577e-04
-1.351883e-03
-2.322938e-03
-2.886101e-03
-2.564700e-03
-1.169099e-03
9.385796e-04
3.021072e-03
4.062987e-03
4.191602e-03
4.232971e-03
4.200273e-03
3.141590e-03
5.118054e-04
-2.394984e-03
-3.759423e-03
-3.867093e-03
-3.773337e-03
-3.566184e-03
-2.742108e-03
-1.560007e-03
-5.056420e-04
5.585665e-04
5.140406e-04
-1.024134e-03
-2.621559e-03
-3.148002e-03
-2.993697e-03
-2.716973e-03
-2.829788e-03
-4.378592e-03
-7.172125e-03
-8.832742e-03
-7.839679e-03
-4.821333e-03
-2.442693e-03
-1.224762e-03
-1.069547e-03
-1.364493e-03
-9.147875e-04
1.111531e-03
3.329075e-03
3.180618e-03
1.257496e-03
9.892316e-04
3.393193e-03
6.473251e-03
8.401067e-03
8.832579e-03
8.178096e-03
6.526808e-03
4.821741e-03
3.958464e-03
3.139882e-03
1.128832e-03
-1.214989e-03
-2.834565e-03
-3.472765e-03
-3.621821e-03
-3.333239e-03
-3.123246e-03
-2.702101e-03
-1.687280e-03
-5.571291e-04
6.029986e-04
5.971470e-04
-9.235605e-04
-2.780575e-03
-4.613874e-03
-6.555403e-03
-7.398136e-03
-6.341303e-03
-3.533038e-03
-9.674052e-04
4.585687e-04
1.545089e-03
3.348658e-03
4.722439e-03
4.821432e-03
4.067382e-03
2.881858e-03
2.055933e-03
2.994726e-03
4.053288e-03
4.494326e-03
4.988372e-03
6.627594e-03
9.172713e-03
1.062945e-02
9.223139e-03
6.789381e-03
4.861128e-03
3.169138e-03
1.485356e-03
8.067172e-04
4.347798e-04
-5.172895e-04
-1.598692e-03
-2.737311e-03
-3.123960e-03
-2.891310e-03
-3.040507e-03
-4.504553e-03
-6.504822e-03
-6.546328e-03
-4.804684e-03
-3.546032e-03
-3.028418e-03
-3.112020e-03
-3.341168e-03
-2.343022e-03
6.313744e-04
3.515274e-03
4.787751e-03
5.432444e-03
6.064405e-03
5.367130e-03
3.057505e-03
-3.827580e-04
-2.943789e-03
-4.675772e-03
-6.349980e-03
-6.993793e-03
-6.937461e-03
-6.987545e-03
-7.141000e-03
-6.232817e-03
-3.562023e-03
-8.527861e-04
8.066323e-04
1.165882e-03
4.956286e-04
-6.716897e-04
-1.171321e-03
-1.048073e-03
-9.224511e-04
-1.374870e-03
-2.471270e-03
-3.378727e-03
-3.879836e-03
-3.103105e-03
-4.119100e-04
3.144326e-03
4.982483e-03
5.086553e-03
4.613451e-03
4.027398e-03
3.740390e-03
3.742131e-03
4.286700e-03
5.384461e-03
5.968591e-03
5.979188e-03
5.457552e-03
4.384053e-03
3.322312e-03
2.253547e-03
1.882749e-03
2.001247e-03
1.604739e-03
2.780701e-04
-1.103547e-03
-1.969042e-03
-2.119743e-03
-1.517028e-03
-6.526067e-04
-7.441398e-04
-1.424419e-03
-2.856175e-03
-5.656666e-03
-7.337176e-03
-6.214040e-03
-3.882273e-03
-2.031610e-03
-1.160253e-03
-3.215198e-04
1.205084e-03
2.427724e-03
3.466349e-03
4.434962e-03
5.514625e-03
5.906035e-03
5.728162e-03
6.111056e-03
7.791833e-03
9.640428e-03
9.836578e-03
7.713817e-03
3.952603e-03
2.409519e-04
-2.303058e-03
-3.705155e-03
-3.920674e-03
-3.686344e-03
-4.206305e-03
-6.014349e-03
-7.280649e-03
-6.098644e-03
-3.649297e-03
-2.379256e-03
-3.671447e-03
-5.881622e-03
-6.484608e-03
-4.544199e-03
-9.744920e-04
3.004561e-03
5.195660e-03
6.157056e-03
6.818547e-03
6.374922e-03
4.711293e-03
3.039719e-03
2.032219e-03
2.870528e-03
4.831022e-03
7.515947e-03
8.820957e-03
7.569326e-03
5.340492e-03
4.742722e-03
6.124055e-03
7.643531e-03
6.917566e-03
3.711919e-03
2.941822e-04
-6.149902e-04
6.386575e-04
1.016753e-03
-8.491509e-04
-3.973701e-03
-6.422493e-03
-7.052554e-03
-6.801087e-03
-6.619294e-03
-6.896156e-03
-7.771683e-03
-8.626653e-03
-8.694705e-03
-8.060847e-03
-7.271539e-03
-6.974642e-03
-8.664642e-03
-1.235433e-02
-1.546103e-02
-1.480606e-02
-1.216493e-02
-1.040047e-02
-9.548070e-03
-8.849961e-03
-7.911740e-03
-6.282902e-03
-4.125385e-03
-2.956800e-03
-2.788070e-03
-1.705013e-03
1.899547e-03
7.887089e-03
1.484387e-02
2.064421e-02
2.311573e-02
2.197802e-02
1.936677e-02
1.712085e-02
1.597151e-02
1.542146e-02
1.545057e-02
1.472442e-02
1.258787e-02
1.015671e-02
8.961346e-03
8.674879e-03
7.697291e-03
5.696169e-03
3.101941e-03
-1.281749e-04
-2.286076e-03
-2.801733e-03
-1.471088e-03
7.118202e-04
1.202802e-03
-9.232861e-04
-4.829673e-03
-8.556813e-03
-1.061383e-02
-1.135743e-02
-1.235431e-02
-1.412912e-02
-1.423356e-02
-1.179435e-02
-8.819578e-03
-7.008527e-03
-5.878781e-03
-4.398269e-03
-3.714151e-03
-3.811043e-03
-3.644247e-03
-2.736137e-03
-1.902996e-03
-2.281094e-03
-3.102637e-03
-2.212591e-03
3.772573e-04
3.651922e-03
6.308888e-03
7.903526e-03
7.822439e-03
6.039339e-03
3.794738e-03
2.732325e-03
3.446696e-03
4.162202e-03
4.224351e-03
3.932992e-03
3.684715e-03
4.685070e-03
7.609529e-03
9.948926e-03
8.983933e-03
3.825338e-03
-3.712610e-03
-9.624219e-03
-1.108003e-02
-9.103879e-03
-7.879065e-03
-9.244834e-03
-1.172958e-02
-1.353820e-02
-1.340008e-02
-1.166691e-02
-1.043577e-02
-1.183635e-02
-1.645949e-02
-2.215818e-02
-2.608211e-02
-2.739837e-02
-2.716106e-02
-2.630082e-02
-2.504119e-02
-2.331000e-02
-2.146412e-02
-1.958477e-02
-1.668308e-02
-1.222105e-02
-7.604225e-03
-2.548464e-03
4.007587e-03
1.179262e-02
1.985812e-02
2.712644e-02
3.283180e-02
3.705007e-02
3.918809e-02
3.914284e-02
3.761541e-02
3.496624e-02
3.069042e-02
2.523281e-02
1.990257e-02
1.680882e-02
1.661404e-02
1.808953e-02
1.916898e-02
1.808047e-02
1.560591e-02
1.314661e-02
1.153654e-02
1.016882e-02
8.084445e-03
3.728805e-03
-3.535980e-03
-1.171208e-02
-1.814880e-02
-2.119540e-02
-2.180663e-02
-2.196098e-02
-2.223465e-02
-2.340643e-02
-2.619907e-02
-2.998809e-02
-3.316466e-02
-3.409936e-02
-3.161630e-02
-2.640106e-02
-2.147336e-02
-1.850639e-02
-1.604424e-02
-1.148110e-02
-4.212446e-03
5.257307e-03
1.699766e-02
2.956212e-02
3.965894e-02
4.530450e-02
4.828263e-02
5.078488e-02
5.293762e-02
5.401893e-02
5.336110e-02
5.155552e-02
5.069973e-02
5.092477e-02
5.128323e-02
5.042355e-02
4.730726e-02
4.322411e-02
3.927679e-02
3.520445e-02
3.031888e-02
2.487519e-02
1.956791e-02
1.403439e-02
7.514866e-03
-2.019616e-04
-7.983401e-03
-1.538326e-02
-2.139791e-02
-2.509146e-02
-2.664184e-02
-2.816956e-02
-3.165116e-02
-3.468776e-02
-3.499800e-02
-3.340238e-02
-3.165373e-02
-3.040043e-02
-2.984835e-02
-2.938364e-02
-2.861640e-02
-2.761847e-02
-2.712883e-02
-2.614284e-02
-2.296966e-02
-1.756263e-02
-1.174886e-02
-6.614069e-03
-1.469278e-03
3.928805e-03
8.068503e-03
9.521778e-03
8.385654e-03
6.343774e-03
3.392529e-03
-1.405790e-03
-6.742341e-03
-1.129911e-02
-1.472027e-02
-1.746492e-02
-1.919285e-02
-1.915013e-02
-1.781545e-02
-1.627488e-02
-1.428335e-02
-1.162372e-02
-8.791435e-03
-5.677449e-03
-1.389665e-03
3.847620e-03
7.802578e-03
9.228294e-03
8.860837e-03
7.956464e-03
8.020539e-03
1.007351e-02
1.362247e-02
1.709856e-02
1.930542e-02
1.980071e-02
1.981792e-02
2.009147e-02
1.896127e-02
1.421579e-02
6.823570e-03
-1.161169e-03
-8.461867e-03
-1.505979e-02
-1.918785e-02
-1.989073e-02
-1.774262e-02
-1.374039e-02
-1.079502e-02
-1.044954e-02
-1.139324e-02
-1.183692e-02
-1.112506e-02
-9.910271e-03
-1.055372e-02
-1.418797e-02
-2.002583e-02
-2.564899e-02
-2.709548e-02
-2.371208e-02
-1.783247e-02
-1.215573e-02
-9.096636e-03
-8.011706e-03
-6.649328e-03
-1.707094e-03
8.419891e-03
2.101142e-02
3.074582e-02
3.516998e-02
3.507966e-02
3.394980e-02
3.497405e-02
3.741437e-02
3.892006e-02
3.754091e-02
3.332262e-02
2.733639e-02
2.177898e-02
1.937876e-02
2.147010e-02
2.669687e-02
3.055885e-02
3.079269e-02
2.707474e-02
1.989238e-02
1.175351e-02
5.124133e-03
1.208146e-03
-9.664729e-04
-3.604955e-03
-8.094568e-03
-1.405534e-02
-1.941459e-02
-2.355864e-02
-2.700158e-02
-3.002789e-02
-3.344027e-02
-3.754201e-02
-4.107233e-02
-4.302582e-02
-4.238598e-02
-3.901494e-02
-3.539199e-02
-3.361981e-02
-3.344828e-02
-3.368375e-02
-3.241553e-02
-2.876219e-02
-2.284966e-02
-1.584133e-02
-8.401102e-03
-1.340152e-03
5.901927e-03
1.263737e-02
1.731674e-02
1.866726e-02
1.625324e-02
1.321335e-02
1.132924e-02
9.973359e-03
9.753651e-03
1.212170e-02
1.767041e-02
2.441016e-02
2.940239e-02
3.122684e-02
3.061608e-02
2.939882e-02
2.834274e-02
2.723921e-02
2.584121e-02
2.370858e-02
1.914885e-02
1.162019e-02
4.602176e-03
2.129727e-03
3.500690e-03
5.301953e-03
5.772259e-03
4.990083e-03
5.015322e-03
7.971075e-03
1.388614e-02
2.048236e-02
2.511249e-02
2.770397e-02
3.069842e-02
3.483417e-02
3.830552e-02
3.999730e-02
4.016456e-02
4.007817e-02
4.041346e-02
3.981427e-02
3.554529e-02
2.666584e-02
1.526970e-02
6.280092e-03
1.397615e-03
-1.511337e-03
-4.140678e-03
-7.580282e-03
-1.165113e-02
-1.639281e-02
-2.253679e-02
-3.052339e-02
-3.850909e-02
-4.311862e-02
-4.289917e-02
-3.818627e-02
-3.075693e-02
-2.378888e-02
-2.113116e-02
-2.390291e-02
-2.998359e-02
-3.467082e-02
-3.552568e-02
-3.412398e-02
-3.216363e-02
-3.011744e-02
-2.748125e-02
-2.355513e-02
-1.787933e-02
-1.199194e-02
-1.017830e-02
-1.422443e-02
-2.131238e-02
-2.782789e-02
-3.069394e-02
-2.745507e-02
-1.879143e-02
-6.573526e-03
7.784500e-03
2.248680e-02
3.591081e-02
4.726568e-02
5.628592e-02
6.200130e-02
6.398698e-02
6.243060e-02
5.988557e-02
5.845564e-02
5.644083e-02
4.931639e-02
3.389716e-02
1.479415e-02
-2.160158e-03
-1.427278e-02
-2.192890e-02
-2.755461e-02
-3.174647e-02
-3.401257e-02
-3.601729e-02
-3.944110e-02
-4.300662e-02
-4.610835e-02
-4.882641e-02
-5.063650e-02
-5.114801e-02
-5.048520e-02
-4.877967e-02
-4.730678e-02
-4.670764e-02
-4.503082e-02
-4.002651e-02
-3.100918e-02
-1.989312e-02
-1.004964e-02
-2.536360e-03
3.558312e-03
8.268261e-03
1.107457e-02
1.154025e-02
1.214925e-02
1.568504e-02
2.088146e-02
2.477836e-02
2.668302e-02
2.787741e-02
3.098612e-02
3.601680e-02
4.099873e-02
4.373879e-02
4.291234e-02
3.923269e-02
3.447433e-02
3.071160e-02
3.018335e-02
3.193561e-02
3.299972e-02
3.147652e-02
2.692982e-02
1.966816e-02
1.138016e-02
3.825940e-03
-1.487263e-03
-4.793332e-03
-7.780697e-03
-9.658084e-03
-9.482719e-03
-8.776919e-03
-9.732987e-03
-1.122001e-02
-1.216550e-02
-1.412259e-02
-1.738044e-02
-1.979387e-02
-1.961065e-02
-1.649731e-02
-1.227604e-02
-9.753723e-03
-9.787303e-03
-1.191260e-02
-1.510011e-02
-1.736521e-02
-1.674657e-02
-1.378404e-02
-1.048160e-02
-7.468186e-03
-2.992215e-03
3.496388e-03
1.120751e-02
2.010765e-02
2.963928e-02
3.619735e-02
3.661261e-02
3.025693e-02
2.029307e-02
1.138906e-02
7.057384e-03
7.573128e-03
9.216673e-03
8.549587e-03
6.085519e-03
4.377955e-03
4.793944e-03
7.609829e-03
1.154316e-02
1.436867e-02
1.451647e-02
1.200985e-02
8.280598e-03
4.560667e-03
-1.402682e-03
-1.213210e-02
-2.633859e-02
-3.951440e-02
-4.744652e-02
-4.879512e-02
-4.582096e-02
-4.040608e-02
-3.408181e-02
-2.813530e-02
-2.332619e-02
-1.886265e-02
-1.476343e-02
-1.216158e-02
-1.207707e-02
-1.382046e-02
-1.564838e-02
-1.717596e-02
-1.965703e-02
-2.356022e-02
-2.830298e-02
-3.173069e-02
-3.068279e-02
-2.582426e-02
-2.005949e-02
-1.534478e-02
-1.240414e-02
-1.186492e-02
-1.240406e-02
-1.132197e-02
-6.640110e-03
-2.025548e-04
4.840117e-03
5.156191e-03
-1.182335e-03
-1.210515e-02
-2.343448e-02
-3.165327e-02
-3.573299e-02
-3.547807e-02
-3.038630e-02
-2.147800e-02
-1.266638e-02
-8.179864e-03
-7.705469e-03
-8.315265e-03
-8.181578e-03
-6.439052e-03
-2.626034e-03
2.792949e-03
7.890968e-03
1.236549e-02
1.604013e-02
1.888036e-02
2.211207e-02
2.604003e-02
2.816497e-02
2.815665e-02
2.688721e-02
2.472653e-02
2.260571e-02
2.158770e-02
2.138632e-02
2.187322e-02
2.223828e-02
2.103492e-02
1.634512e-02
6.971904e-03
-5.884018e-03
-1.820716e-02
-2.631898e-02
-2.845539e-02
-2.530209e-02
-1.783022e-02
-8.980370e-03
-1.647608e-03
4.026174e-03
7.618780e-03
9.297756e-03
9.140979e-03
7.537747e-03
5.504086e-03
3.283216e-03
6.904489e-04
-1.623468e-03
-2.548366e-03
-7.659254e-04
3.079219e-03
5.171797e-03
3.370295e-03
-7.719734e-04
-4.871499e-03
-8.510338e-03
-1.065895e-02
-1.028303e-02
-8.776473e-03
-7.172778e-03
-4.169370e-03
6.958887e-04
4.934081e-03
5.167795e-03
1.213554e-03
-4.951623e-03
-1.215481e-02
-1.798545e-02
-2.008123e-02
-1.786287e-02
-1.256243e-02
-6.509891e-03
-8.952624e-04
3.138882e-03
3.061826e-03
-1.540181e-03
-7.679046e-03
-1.295846e-02
-1.827479e-02
-2.488390e-02
-3.356548e-02
-4.101816e-02
-4.400426e-02
-4.317408e-02
-4.077784e-02
-3.980642e-02
-4.123914e-02
-4.368095e-02
-4.569397e-02
-4.589600e-02
-4.394323e-02
-4.187948e-02
-4.082884e-02
-4.101665e-02
-4.381234e-02
-4.814016e-02
-5.042796e-02
-4.841508e-02
-4.254973e-02
-3.567642e-02
-3.111859e-02
-3.010850e-02
-3.023635e-02
-2.838558e-02
-2.466909e-02
-2.063202e-02
-1.793705e-02
-1.615594e-02
-1.443947e-02
-1.222031e-02
-8.829430e-03
-3.797318e-03
2.544614e-03
7.757000e-03
1.063648e-02
1.106906e-02
1.121649e-02
1.358362e-02
1.787697e-02
2.225239e-02
2.768220e-02
3.476746e-02
4.185396e-02
4.628649e-02
4.741974e-02
4.592004e-02
4.249483e-02
3.838732e-02
3.427542e-02
3.060769e-02
2.805459e-02
2.596393e-02
2.235313e-02
1.673873e-02
8.597293e-03
-9.062182e-04
-9.191715e-03
-1.573974e-02
-2.071592e-02
-2.579997e-02
-3.204928e-02
-3.989197e-02
-4.842524e-02
-5.546532e-02
-5.930100e-02
-5.929937e-02
-5.622498e-02
-5.182971e-02
-4.764160e-02
-4.325290e-02
-3.821492e-02
-3.370786e-02
-3.039747e-02
-2.783270e-02
-2.404171e-02
-1.769232e-02
-8.575861e-03
3.718082e-03
1.812228e-02
3.169315e-02
4.316566e-02
5.205533e-02
5.763471e-02
5.901538e-02
5.562915e-02
4.741905e-02
3.572184e-02
2.303698e-02
1.306726e-02
6.921221e-03
2.665213e-03
-1.292555e-03
-4.836402e-03
-8.495606e-03
-1.269589e-02
-1.670551e-02
-1.772650e-02
-1.315217e-02
-4.062297e-03
6.579605e-03
1.460201e-02
1.891302e-02
2.197696e-02
2.586151e-02
3.105469e-02
3.776143e-02
4.441920e-02
4.959664e-02
5.226148e-02
5.254870e-02
5.112365e-02
4.972355e-02
5.004896e-02
5.302022e-02
5.749691e-02
6.070641e-02
6.081748e-02
5.735062e-02
5.138770e-02
4.563921e-02
4.207257e-02
4.231794e-02
4.607080e-02
4.986235e-02
4.942164e-02
4.354406e-02
3.503291e-02
2.676749e-02
2.008774e-02
1.435208e-02
8.277705e-03
-4.390955e-04
-1.269944e-02
-2.876856e-02
-4.685614e-02
-6.310126e-02
-7.524893e-02
-8.013187e-02
-7.599002e-02
-6.504787e-02
-4.974176e-02
-3.364790e-02
-2.142715e-02
-1.607635e-02
-1.539298e-02
-1.644280e-02
-1.810364e-02
-1.951794e-02
-1.852923e-02
-1.510441e-02
-1.329962e-02
-1.396997e-02
-1.312036e-02
-7.680873e-03
1.858574e-03
1.104165e-02
1.866686e-02
2.611462e-02
3.469052e-02
4.411384e-02
5.091695e-02
5.290631e-02
5.331900e-02
5.552020e-02
5.843680e-02
5.940579e-02
5.768612e-02
5.480990e-02
5.215123e-02
4.887673e-02
4.359921e-02
3.804902e-02
3.373968e-02
3.163232e-02
3.236797e-02
3.368910e-02
3.245493e-02
2.821072e-02
2.255907e-02
1.836390e-02
1.835147e-02
2.404623e-02
3.402803e-02
4.300425e-02
4.779536e-02
5.037980e-02
5.257318e-02
5.586706e-02
6.066362e-02
6.477274e-02
6.599737e-02
6.486991e-02
6.268816e-02
6.138659e-02
6.088970e-02
5.822150e-02
4.942213e-02
3.453177e-02
1.819392e-02
5.167515e-03
-2.037319e-03
-5.304061e-03
-8.317707e-03
-1.355086e-02
-2.189753e-02
-3.140389e-02
-4.127253e-02
-5.173357e-02
-6.255596e-02
-7.332992e-02
-8.321155e-02
-9.092389e-02
-9.532716e-02
-9.710610e-02
-9.890400e-02
-1.015237e-01
-1.034267e-01
-1.033357e-01
-1.013363e-01
-9.679161e-02
-8.568526e-02
-6.525321e-02
-3.911530e-02
-1.566406e-02
-6.403192e-04
7.969213e-03
1.446143e-02
2.123453e-02
2.907333e-02
3.840083e-02
4.920034e-02
6.066182e-02
7.299546e-02
8.602583e-02
9.836308e-02
1.075043e-01
1.114427e-01
1.100540e-01
1.051946e-01
9.637259e-02
8.279191e-02
6.627427e-02
5.069173e-02
3.925724e-02
3.194772e-02
2.571993e-02
1.884258e-02
1.248055e-02
6.947624e-03
5.739527e-04
-8.882615e-03
-2.111249e-02
-3.249276e-02
-3.880020e-02
-3.973848e-02
-3.709691e-02
-3.324438e-02
-2.931344e-02
-2.723210e-02
-2.657764e-02
-2.627566e-02
-2.654051e-02
-2.893213e-02
-3.391871e-02
-3.942885e-02
-4.390793e-02
-4.703635e-02
-5.019298e-02
-5.464805e-02
-5.990543e-02
-6.460299e-02
-6.722753e-02
-6.771887e-02
-6.798460e-02
-6.864310e-02
-6.849276e-02
-6.699450e-02
-6.258083e-02
-5.593046e-02
-4.943989e-02
-4.361894e-02
-3.656061e-02
-2.725023e-02
-1.609550e-02
-4.926393e-03
4.674153e-03
1.145419e-02
1.481097e-02
1.492620e-02
1.277559e-02
1.147667e-02
1.356742e-02
1.952482e-02
2.768580e-02
3.606761e-02
4.500485e-02
5.509722e-02
6.555005e-02
7.494823e-02
8.069162e-02
8.077532e-02
7.541071e-02
6.593247e-02
5.361198e-02
4.123045e-02
3.277306e-02
3.139414e-02
3.472555e-02
3.840571e-02
4.196703e-02
4.418995e-02
4.101526e-02
2.896890e-02
1.118233e-02
-5.703003e-03
-1.782700e-02
-2.526274e-02
-3.255974e-02
-4.201039e-02
-5.191320e-02
-5.965770e-02
-6.394426e-02
-6.554008e-02
-6.610794e-02
-6.846741e-02
-7.487454e-02
-8.330987e-02
-9.108201e-02
-9.646495e-02
-9.945829e-02
-1.015235e-01
-1.024520e-01
-1.020900e-01
-1.008439e-01
-9.765851e-02
-9.094768e-02
-8.057068e-02
-6.737982e-02
-5.210077e-02
-3.607116e-02
-2.105761e-02
-8.918738e-03
7.558830e-05
6.337831e-03
1.032076e-02
1.397661e-02
1.930247e-02
2.541529e-02
3.079694e-02
3.478067e-02
3.417419e-02
2.553971e-02
9.049773e-03
-9.386801e-03
-2.257040e-02
-2.580484e-02
-2.127458e-02
-1.710665e-02
-1.777725e-02
-2.062052e-02
-2.003079e-02
-1.374601e-02
-4.790275e-03
3.898435e-03
9.988435e-03
1.294171e-02
1.529117e-02
1.928558e-02
2.604190e-02
3.526714e-02
4.454230e-02
4.984221e-02
4.867553e-02
4.270881e-02
3.747676e-02
3.544676e-02
3.537524e-02
3.408284e-02
3.087295e-02
2.758505e-02
2.606655e-02
2.586654e-02
2.611861e-02
2.759358e-02
3.074217e-02
3.423193e-02
3.706168e-02
3.982367e-02
4.446344e-02
4.934126e-02
5.169535e-02
5.062051e-02
4.664646e-02
4.158496e-02
3.805155e-02
3.821220e-02
4.135877e-02
4.478022e-02
4.760076e-02
5.067441e-02
5.479627e-02
5.900067e-02
6.119213e-02
6.149662e-02
6.140251e-02
6.071149e-02
5.670754e-02
4.698413e-02
3.368521e-02
2.107438e-02
1.204480e-02
5.452209e-03
1.824923e-04
-3.339345e-03
-5.031052e-03
-4.929403e-03
-4.175746e-03
-5.035129e-03
-9.186155e-03
-1.645440e-02
-2.496477e-02
-3.300393e-02
-3.930007e-02
-4.450515e-02
-4.949770e-02
-5.410293e-02
-5.883349e-02
-6.356760e-02
-6.752822e-02
-7.041470e-02
-7.270310e-02
-7.503256e-02
-7.758832e-02
-8.109390e-02
-8.577790e-02
-9.165011e-02
-9.770716e-02
-1.001804e-01
-9.708304e-02
-9.118618e-02
-8.605957e-02
-8.299774e-02
-8.140538e-02
-8.014322e-02
-7.809614e-02
-7.574409e-02
-7.475279e-02
-7.607847e-02
-7.970382e-02
-8.234757e-02
-8.043023e-02
-7.112595e-02
-5.384766e-02
-3.232084e-02
-1.223485e-02
2.806116e-03
1.388739e-02
2.406775e-02
3.494361e-02
4.692469e-02
5.927528e-02
7.025473e-02
7.878299e-02
8.493703e-02
8.988226e-02
9.423114e-02
9.773957e-02
1.004251e-01
1.015696e-01
1.001998e-01
9.633717e-02
9.226886e-02
9.047778e-02
9.039939e-02
9.101536e-02
9.233887e-02
9.415852e-02
9.602699e-02
9.671892e-02
9.662098e-02
9.656619e-02
9.662758e-02
9.650199e-02
9.621212e-02
9.706856e-02
1.005379e-01
1.049696e-01
1.075949e-01
1.078412e-01
1.067155e-01
1.058114e-01
1.036086e-01
9.684853e-02
8.587715e-02
7.308366e-02
6.070746e-02
4.946737e-02
3.793542e-02
2.490151e-02
9.739842e-03
-7.262962e-03
-2.278055e-02
-3.489180e-02
-4.404489e-02
-5.252501e-02
-6.103239e-02
-6.731703e-02
-7.132204e-02
-7.577820e-02
-8.270724e-02
-9.092490e-02
-9.872287e-02
-1.052155e-01
-1.107612e-01
-1.164599e-01
-1.214751e-01
-1.244078e-01
-1.261934e-01
-1.275465e-01
-1.283572e-01
-1.287748e-01
-1.278983e-01
-1.250584e-01
-1.203600e-01
-1.140260e-01
-1.063696e-01
-9.915127e-02
-9.413321e-02
-9.135344e-02
-9.069638e-02
-9.061425e-02
-8.996485e-02
-8.919562e-02
-8.844272e-02
-8.703078e-02
-8.496819e-02
-8.158764e-02
-7.454713e-02
-6.142633e-02
-4.440654e-02
-2.811489e-02
-1.489868e-02
-4.543877e-03
4.748081e-03
1.363620e-02
2.171778e-02
2.809203e-02
3.200526e-02
3.469414e-02
3.804371e-02
4.157792e-02
4.434462e-02
4.689091e-02
4.941162e-02
5.245179e-02
5.705898e-02
6.273866e-02
6.941955e-02
7.634360e-02
8.168664e-02
8.423431e-02
8.481213e-02
8.444504e-02
8.287362e-02
7.802158e-02
6.921318e-02
5.897471e-02
5.088335e-02
4.581640e-02
4.210571e-02
3.789904e-02
3.263584e-02
2.715709e-02
2.180108e-02
1.653327e-02
1.068183e-02
4.125543e-03
-2.519181e-03
-9.438073e-03
-1.695215e-02
-2.342124e-02
-2.844391e-02
-3.262663e-02
-3.682609e-02
-4.190978e-02
-4.656631e-02
-4.967643e-02
-4.805076e-02
-3.956324e-02
-2.590221e-02
-9.181286e-03
8.572546e-03
2.621340e-02
4.170776e-02
5.443380e-02
6.527480e-02
7.345266e-02
7.810048e-02
7.926734e-02
7.838171e-02
7.713196e-02
7.637653e-02
7.645770e-02
7.696164e-02
7.740444e-02
7.855426e-02
8.077326e-02
8.337461e-02
8.624598e-02
8.860541e-02
8.941964e-02
8.887249e-02
8.707595e-02
8.496858e-02
8.429853e-02
8.632751e-02
8.971375e-02
9.118416e-02
8.883016e-02
8.320025e-02
7.741222e-02
7.461939e-02
7.512991e-02
7.647637e-02
7.623213e-02
7.350952e-02
6.942845e-02
6.609377e-02
6.494743e-02
6.601197e-02
6.954059e-02
7.373850e-02
7.481162e-02
6.991891e-02
6.051608e-02
5.020452e-02
4.248599e-02
3.795307e-02
3.443974e-02
3.063843e-02
2.640548e-02
2.213832e-02
1.825147e-02
1.438134e-02
1.080209e-02
7.084941e-03
3.111032e-03
-5.706103e-04
-3.603224e-03
-6.645809e-03
-1.062386e-02
-1.524132e-02
-1.919315e-02
-2.197907e-02
-2.457683e-02
-2.806156e-02
-3.133796e-02
-3.344050e-02
-3.580752e-02
-3.926596e-02
-4.430727e-02
-5.125520e-02
-5.802652e-02
-6.313477e-02
-6.758282e-02
-7.247559e-02
-7.702529e-02
-8.062479e-02
-8.269866e-02
-8.285875e-02
-8.053029e-02
-7.499958e-02
-6.678966e-02
-5.755430e-02
-4.951114e-02
-4.337871e-02
-3.880740e-02
-3.602054e-02
-3.517530e-02
-3.643569e-02
-4.044809e-02
-4.548029e-02
-4.938912e-02
-5.161142e-02
-5.307110e-02
-5.524256e-02
-5.983003e-02
-6.658511e-02
-7.231795e-02
-7.582327e-02
-7.818180e-02
-7.868627e-02
-7.773491e-02
-7.701497e-02
-7.778176e-02
-7.987687e-02
-8.354145e-02
-9.016524e-02
-9.790173e-02
-1.043739e-01
-1.088667e-01
-1.109822e-01
-1.108267e-01
-1.089122e-01
-1.062664e-01
-1.038563e-01
-1.019853e-01
-1.014788e-01
-1.028916e-01
-1.049706e-01
-1.062457e-01
-1.058764e-01
-1.035853e-01
-1.006847e-01
-9.846811e-02
-9.391688e-02
-8.218679e-02
-6.311085e-02
-4.200681e-02
-2.404662e-02
-9.640749e-03
3.057640e-03
1.406383e-02
2.314622e-02
3.051694e-02
3.657354e-02
4.275379e-02
5.010904e-02
5.805935e-02
6.593927e-02
7.371643e-02
8.155733e-02
8.947332e-02
9.678797e-02
1.026184e-01
1.065853e-01
1.078112e-01
1.069434e-01
1.057366e-01
1.040324e-01
9.952147e-02
9.241667e-02
8.358420e-02
7.318023e-02
6.186782e-02
5.092123e-02
3.946105e-02
2.715533e-02
1.498142e-02
3.642368e-03
-6.299560e-03
-1.524264e-02
-2.372419e-02
-3.173576e-02
-3.932076e-02
-4.666279e-02
-5.367398e-02
-5.946585e-02
-6.352496e-02
-6.497735e-02
-6.393372e-02
-6.100828e-02
-5.663604e-02
-5.177983e-02
-4.767847e-02
-4.379443e-02
-3.930034e-02
-3.265923e-02
-2.329812e-02
-1.289150e-02
-4.032121e-03
3.831856e-03
1.196298e-02
2.035277e-02
2.888305e-02
3.663186e-02
4.266294e-02
4.665068e-02
4.830371e-02
4.752500e-02
4.531883e-02
4.301968e-02
4.070345e-02
3.554543e-02
2.505883e-02
1.090114e-02
-1.636701e-03
-7.665695e-03
-8.988077e-03
-1.125430e-02
-1.547447e-02
-1.879914e-02
-1.993088e-02
-1.993974e-02
-2.001961e-02
-1.961082e-02
-1.685118e-02
-1.124683e-02
-3.962990e-03
3.283162e-03
8.777666e-03
1.215586e-02
1.352097e-02
1.335903e-02
1.128758e-02
6.189291e-03
-2.849617e-03
-1.553424e-02
-2.662851e-02
-3.018277e-02
-2.834140e-02
-2.796090e-02
-3.108595e-02
-3.438151e-02
-3.511008e-02
-3.396169e-02
-3.356477e-02
-3.427524e-02
-3.486849e-02
-3.601900e-02
-4.035145e-02
-4.764023e-02
-5.538198e-02
-6.142097e-02
-6.396089e-02
-6.330963e-02
-6.109018e-02
-5.888026e-02
-5.524387e-02
-4.638272e-02
-3.037898e-02
-1.160923e-02
3.512189e-03
1.322610e-02
1.895958e-02
2.121471e-02
2.124391e-02
2.132783e-02
2.344245e-02
2.782571e-02
3.315308e-02
3.874250e-02
4.480753e-02
5.230302e-02
6.198076e-02
7.331750e-02
8.389178e-02
9.311665e-02
1.007379e-01
1.055789e-01
1.081924e-01
1.092434e-01
1.090813e-01
1.081638e-01
1.073964e-01
1.073322e-01
1.070718e-01
1.052092e-01
1.016778e-01
9.722444e-02
9.180117e-02
8.487753e-02
7.489422e-02
6.049559e-02
4.246469e-02
2.368776e-02
7.805257e-03
-4.458823e-03
-1.460772e-02
-2.346165e-02
-3.156478e-02
-3.920170e-02
-4.577753e-02
-5.116161e-02
-5.649652e-02
-6.292930e-02
-7.116423e-02
-8.044032e-02
-8.963374e-02
-9.788359e-02
-1.056663e-01
-1.133519e-01
-1.203169e-01
-1.256921e-01
-1.292914e-01
-1.318431e-01
-1.321850e-01
-1.270376e-01
-1.128392e-01
-9.017085e-02
-6.543678e-02
-4.556115e-02
-3.310246e-02
-2.494767e-02
-1.783528e-02
-1.228161e-02
-9.322617e-03
-8.153346e-03
-7.865158e-03
-6.885247e-03
-3.777410e-03
1.517630e-03
8.050682e-03
1.532632e-02
2.257453e-02
2.928020e-02
3.480658e-02
3.907875e-02
4.324893e-02
4.756498e-02
5.046125e-02
5.122197e-02
5.025789e-02
4.732215e-02
4.246912e-02
3.539879e-02
2.717613e-02
1.938465e-02
1.386035e-02
1.167221e-02
1.161493e-02
1.149713e-02
1.009904e-02
7.524460e-03
3.895766e-03
1.099448e-04
-3.169471e-03
-6.343496e-03
-1.040447e-02
-1.651230e-02
-2.301601e-02
-2.787135e-02
-3.090947e-02
-3.228054e-02
-3.334464e-02
-3.514936e-02
-3.723568e-02
-3.846994e-02
-3.876543e-02
-3.971162e-02
-4.123450e-02
-4.259140e-02
-4.314219e-02
-4.324999e-02
-4.259538e-02
-3.993541e-02
-3.552800e-02
-3.014155e-02
-2.312568e-02
-1.407672e-02
-3.646873e-03
7.870416e-03
1.937713e-02
2.939148e-02
3.726267e-02
4.273346e-02
4.609447e-02
4.876615e-02
5.200018e-02
5.623432e-02
6.107128e-02
6.619925e-02
7.020664e-02
7.257266e-02
7.392719e-02
7.477709e-02
7.565126e-02
7.641467e-02
7.826283e-02
8.200762e-02
8.695559e-02
9.186370e-02
9.560750e-02
9.792961e-02
9.933226e-02
1.002317e-01
1.008102e-01
1.003861e-01
9.943518e-02
9.733935e-02
9.427978e-02
9.177470e-02
8.966898e-02
8.718700e-02
8.407994e-02
7.998618e-02
7.509027e-02
7.083867e-02
6.831916e-02
6.614337e-02
6.283250e-02
5.862036e-02
5.386562e-02
4.883073e-02
4.378465e-02
3.959544e-02
3.704671e-02
3.500424e-02
3.242044e-02
2.967554e-02
2.694808e-02
2.380784e-02
2.058734e-02
1.681970e-02
1.142806e-02
4.243478e-03
-2.793545e-03
-8.012095e-03
-1.092831e-02
-1.244440e-02
-1.500081e-02
-1.875761e-02
-2.315735e-02
-2.714938e-02
-3.037723e-02
-3.309968e-02
-3.484065e-02
-3.524882e-02
-3.498442e-02
-3.478821e-02
-3.557051e-02
-3.773662e-02
-3.961611e-02
-4.034012e-02
-4.071402e-02
-4.091679e-02
-4.098570e-02
-4.075834e-02
-3.998276e-02
-3.895208e-02
-3.808919e-02
-3.753616e-02
-3.753070e-02
-3.865077e-02
-3.996979e-02
-4.074860e-02
-4.114030e-02
-4.163636e-02
-4.215217e-02
-4.244083e-02
-4.227594e-02
-4.238300e-02
-4.329264e-02
-4.560241e-02
-4.845294e-02
-5.103903e-02
-5.331957e-02
-5.458012e-02
-5.464239e-02
-5.347578e-02
-5.079842e-02
-4.652423e-02
-4.091782e-02
-3.526641e-02
-3.071176e-02
-2.752252e-02
-2.628791e-02
-2.656776e-02
-2.811192e-02
-3.147582e-02
-3.508632e-02
-3.818710e-02
-4.073476e-02
-4.235406e-02
-4.382246e-02
-4.595469e-02
-4.695072e-02
-4.657633e-02
-4.602757e-02
-4.661856e-02
-4.842744e-02
-5.108511e-02
-5.423058e-02
-5.647162e-02
-5.758370e-02
-5.823897e-02
-5.897454e-02
-5.960564e-02
-5.910094e-02
-5.805468e-02
-5.664108e-02
-5.539863e-02
-5.472340e-02
-5.437756e-02
-5.362539e-02
-5.229504e-02
-5.103388e-02
-5.051375e-02
-4.965722e-02
-4.718279e-02
-4.356054e-02
-4.068791e-02
-3.823250e-02
-3.590574e-02
-3.459047e-02
-3.290541e-02
-3.018760e-02
-2.737515e-02
-2.514100e-02
-2.315211e-02
-2.120624e-02
-1.985604e-02
-1.908495e-02
-1.719404e-02
-1.368224e-02
-9.974797e-03
-6.889550e-03
-4.396505e-03
-3.511391e-03
-3.628962e-03
-3.870987e-03
-3.801128e-03
-2.763060e-03
-2.260117e-04
2.910176e-03
5.139865e-03
7.547428e-03
9.806580e-03
1.201077e-02
1.515703e-02
1.895958e-02
2.232182e-02
2.538185e-02
2.724665e-02
2.762596e-02
2.780317e-02
2.829315e-02
2.825442e-02
2.768301e-02
2.785568e-02
2.890205e-02
2.973795e-02
3.052115e-02
3.123920e-02
3.149390e-02
3.147001e-02
3.124642e-02
3.077985e-02
2.992300e-02
2.806723e-02
2.524047e-02
2.072175e-02
1.481777e-02
8.882736e-03
4.371158e-03
1.823892e-03
2.962286e-04
-8.331341e-04
-1.833363e-03
-2.732472e-03
-3.415672e-03
-4.519357e-03
-6.605325e-03
-8.682860e-03
-1.080485e-02
-1.172985e-02
-1.174024e-02
-1.133186e-02
-9.816384e-03
-6.478407e-03
-7.133137e-04
6.656351e-03
1.408385e-02
2.098543e-02
2.651064e-02
3.051509e-02
3.496940e-02
3.902140e-02
4.152044e-02
4.273277e-02
4.340837e-02
4.511675e-02
4.800502e-02
5.084788e-02
5.273944e-02
5.413183e-02
5.609406e-02
5.808035e-02
5.916428e-02
6.056874e-02
6.307743e-02
6.600246e-02
6.776283e-02
6.850748e-02
6.877266e-02
6.804106e-02
6.519510e-02
6.014145e-02
5.312463e-02
4.621558e-02
4.112070e-02
3.794564e-02
3.662144e-02
3.734494e-02
3.884948e-02
3.951636e-02
3.908767e-02
3.749116e-02
3.489072e-02
3.177621e-02
2.948407e-02
2.820608e-02
2.753834e-02
2.788919e-02
2.902214e-02
2.960509e-02
2.942075e-02
2.868150e-02
2.711615e-02
2.405454e-02
1.939092e-02
1.279147e-02
5.211041e-03
-1.744893e-03
-7.769786e-03
-1.351562e-02
-1.937304e-02
-2.511251e-02
-3.034631e-02
-3.477056e-02
-3.805287e-02
-4.064705e-02
-4.329144e-02
-4.627265e-02
-4.871214e-02
-5.074479e-02
-5.279840e-02
-5.398739e-02
-5.308072e-02
-5.032966e-02
-4.592761e-02
-4.062566e-02
-3.534038e-02
-3.076119e-02
-2.650753e-02
-2.220480e-02
-1.722251e-02
-1.188315e-02
-7.409155e-03
-4.084558e-03
-1.554150e-03
1.176899e-03
3.964352e-03
5.755852e-03
6.536367e-03
7.286762e-03
8.574847e-03
1.142716e-02
1.524658e-02
1.906557e-02
2.197578e-02
2.469468e-02
2.720702e-02
2.851487e-02
2.851408e-02
2.748065e-02
2.549988e-02
2.267558e-02
1.934017e-02
1.627095e-02
1.438804e-02
1.304669e-02
1.170252e-02
9.956461e-03
7.955090e-03
5.989753e-03
4.061065e-03
2.061356e-03
-2.464842e-06
-1.577342e-03
-2.022597e-03
-1.649753e-03
-1.027405e-03
-7.792462e-04
-8.253882e-04
-8.702464e-04
-8.582134e-04
-8.308174e-04
-8.612049e-04
-9.283146e-04
-7.471596e-04
1.641523e-04
1.826291e-03
4.263824e-03
7.833655e-03
1.196683e-02
1.543389e-02
1.718390e-02
1.722328e-02
1.587979e-02
1.495257e-02
1.556185e-02
1.687252e-02
1.753669e-02
1.662279e-02
1.488900e-02
1.400029e-02
1.434362e-02
1.501932e-02
1.568115e-02
1.572996e-02
1.470997e-02
1.270846e-02
1.025610e-02
7.563222e-03
3.871430e-03
-3.359252e-04
-4.133336e-03
-7.947617e-03
-1.108289e-02
-1.199375e-02
-1.069315e-02
-7.216891e-03
-2.447130e-03
1.435910e-03
3.748586e-03
4.367392e-03
3.559375e-03
1.432141e-03
-1.116646e-03
-3.654791e-03
-5.849783e-03
-7.893141e-03
-9.983280e-03
-1.249847e-02
-1.621036e-02
-1.910014e-02
-1.977374e-02
-1.940478e-02
-1.919363e-02
-2.013638e-02
-2.230644e-02
-2.438858e-02
-2.651792e-02
-2.755343e-02
-2.742153e-02
-2.604891e-02
-2.314082e-02
-2.001534e-02
-1.823388e-02
-1.725337e-02
-1.675900e-02
-1.752323e-02
-1.954406e-02
-2.190607e-02
-2.395424e-02
-2.602054e-02
-2.725053e-02
-2.734828e-02
-2.708265e-02
-2.762821e-02
-2.990002e-02
-3.328012e-02
-3.709658e-02
-4.057040e-02
-4.348079e-02
-4.640687e-02
-4.880627e-02
-5.080404e-02
-5.277285e-02
-5.432462e-02
-5.487775e-02
-5.462179e-02
-5.337696e-02
-5.114094e-02
-4.842364e-02
-4.497657e-02
-4.108043e-02
-3.688833e-02
-3.219107e-02
-2.744097e-02
-2.317678e-02
-1.966726e-02
-1.729569e-02
-1.597043e-02
-1.518677e-02
-1.376934e-02
-1.173593e-02
-9.616297e-03
-7.815280e-03
-6.843898e-03
-6.691313e-03
-6.984642e-03
-7.446633e-03
-8.073056e-03
-9.563560e-03
-1.186800e-02
-1.429879e-02
-1.592051e-02
-1.642922e-02
-1.548987e-02
-1.359634e-02
-1.209300e-02
-1.131316e-02
-9.927123e-03
-7.398859e-03
-4.335028e-03
-1.953192e-03
4.032268e-04
3.836543e-03
7.490810e-03
1.021709e-02
1.171904e-02
1.123837e-02
9.215419e-03
7.914010e-03
7.806556e-03
7.479398e-03
6.022693e-03
4.418187e-03
3.249569e-03
1.963477e-03
1.789841e-03
3.190016e-03
4.010302e-03
3.998416e-03
4.009685e-03
4.121076e-03
3.198133e-03
5.995722e-04
-1.987911e-03
-4.036048e-03
-5.963138e-03
-7.498350e-03
-8.081012e-03
-7.677212e-03
-5.955600e-03
-2.729425e-03
1.633664e-03
6.361550e-03
1.088915e-02
1.473285e-02
1.861114e-02
2.188014e-02
2.536139e-02
2.937732e-02
3.299079e-02
3.521411e-02
3.622982e-02
3.679425e-02
3.754219e-02
3.876533e-02
3.915003e-02
3.787780e-02
3.536733e-02
3.311629e-02
3.206421e-02
3.262814e-02
3.453288e-02
3.661760e-02
3.875130e-02
4.025072e-02
4.072046e-02
4.011102e-02
3.928004e-02
3.859551e-02
3.750670e-02
3.578368e-02
3.248108e-02
2.708966e-02
1.962692e-02
1.140008e-02
4.479443e-03
3.589124e-04
-1.655391e-03
-2.118242e-03
-1.954794e-03
-1.894000e-03
-2.220614e-03
-2.814778e-03
-2.828887e-03
-2.248639e-03
-1.747543e-03
-1.348524e-03
-7.223267e-04
1.001313e-03
3.516420e-03
6.047948e-03
8.798965e-03
1.152931e-02
1.359347e-02
1.487693e-02
1.531811e-02
1.461418e-02
1.364357e-02
1.377940e-02
1.540912e-02
1.761102e-02
1.943156e-02
2.047975e-02
2.123644e-02
2.271001e-02
2.529523e-02
2.733576e-02
2.668348e-02
2.321149e-02
1.917134e-02
1.524282e-02
1.221364e-02
1.126118e-02
1.184681e-02
1.349129e-02
1.559377e-02
1.768613e-02
1.919706e-02
1.958034e-02
1.946366e-02
1.947836e-02
1.960772e-02
1.915791e-02
1.770834e-02
1.628599e-02
1.605442e-02
1.711018e-02
1.759799e-02
1.642254e-02
1.392886e-02
1.104179e-02
8.515466e-03
7.172068e-03
5.973654e-03
4.720756e-03
3.894448e-03
3.811571e-03
4.061445e-03
3.406968e-03
9.914542e-04
-1.894417e-03
-3.703076e-03
-4.659135e-03
-5.639902e-03
-5.626587e-03
-4.356612e-03
-3.056828e-03
-1.817722e-03
-1.257943e-04
1.814900e-03
3.709891e-03
5.874453e-03
8.763234e-03
1.174265e-02
1.312826e-02
1.198145e-02
9.666534e-03
7.462222e-03
6.195847e-03
6.191833e-03
6.306964e-03
5.721781e-03
3.019615e-03
-1.255892e-03
-3.876718e-03
-4.705348e-03
-5.442089e-03
-6.125524e-03
-6.983703e-03
-7.798578e-03
-8.046450e-03
-7.711211e-03
-7.112995e-03
-7.031992e-03
-7.528506e-03
-8.332198e-03
-9.826890e-03
-1.132711e-02
-1.257182e-02
-1.416767e-02
-1.518744e-02
-1.525322e-02
-1.432244e-02
-1.323885e-02
-1.224661e-02
-1.185040e-02
-1.136908e-02
-1.029952e-02
-9.749697e-03
-9.975646e-03
-1.059021e-02
-1.115869e-02
-1.171868e-02
-1.174207e-02
-1.100031e-02
-9.769720e-03
-8.193372e-03
-6.394720e-03
-4.603584e-03
-3.899629e-03
-3.707329e-03
-3.450746e-03
-3.669580e-03
-4.408762e-03
-5.734520e-03
-6.948571e-03
-8.068197e-03
-9.699873e-03
-1.216277e-02
-1.545314e-02
-1.871751e-02
-2.187970e-02
-2.503057e-02
-2.796833e-02
-3.106552e-02
-3.358005e-02
-3.499209e-02
-3.529585e-02
-3.569964e-02
-3.680203e-02
-3.746030e-02
-3.708160e-02
-3.550916e-02
-3.300394e-02
-2.992838e-02
-2.690146e-02
-2.402905e-02
-2.227842e-02
-2.185935e-02
-2.256537e-02
-2.341089e-02
-2.363518e-02
-2.361790e-02
-2.369774e-02
-2.348461e-02
-2.220686e-02
-2.036629e-02
-1.932683e-02
-1.854392e-02
-1.797252e-02
-1.844815e-02
-2.008675e-02
-2.229134e-02
-2.350611e-02
-2.363251e-02
-2.396661e-02
-2.497939e-02
-2.582505e-02
-2.661883e-02
-2.722947e-02
-2.741243e-02
-2.797671e-02
-2.914909e-02
-2.926569e-02
-2.771313e-02
-2.554126e-02
-2.350172e-02
-2.167098e-02
-1.982966e-02
-1.738824e-02
-1.407701e-02
-1.081742e-02
-8.114597e-03
-5.741367e-03
-3.281046e-03
-1.041193e-03
7.159485e-04
2.050489e-03
3.199262e-03
4.568769e-03
6.861457e-03
9.150125e-03
1.131535e-02
1.277126e-02
1.301546e-02
1.218206e-02
1.119537e-02
9.676836e-03
7.635322e-03
5.608780e-03
4.152699e-03
3.244031e-03
1.981791e-03
9.153470e-04
6.430084e-04
1.016539e-03
1.654307e-03
1.707759e-03
9.899968e-04
-2.140016e-04
-2.025528e-03
-4.572040e-03
-7.172280e-03
-8.596941e-03
-9.577714e-03
-1.029258e-02
-1.059954e-02
-9.848234e-03
-8.375131e-03
-6.728178e-03
-4.221712e-03
-6.956867e-04
3.092223e-03
5.810197e-03
8.270415e-03
1.092254e-02
1.251349e-02
1.369015e-02
1.587150e-02
1.849188e-02
1.999822e-02
2.111624e-02
2.218900e-02
2.347150e-02
2.522908e-02
2.675044e-02
2.773169e-02
2.877088e-02
2.928955e-02
2.902104e-02
2.810611e-02
2.727478e-02
2.716063e-02
2.733185e-02
2.653820e-02
2.410067e-02
2.083758e-02
1.639249e-02
1.154370e-02
8.146309e-03
6.778638e-03
6.474466e-03
7.191674e-03
7.722007e-03
7.702499e-03
7.558149e-03
7.700340e-03
8.503776e-03
9.862171e-03
1.121102e-02
1.166656e-02
1.156722e-02
1.151954e-02
1.160515e-02
1.157375e-02
1.102121e-02
1.046294e-02
1.099779e-02
1.148127e-02
1.171783e-02
1.261441e-02
1.417306e-02
1.577655e-02
1.709615e-02
1.757484e-02
1.745862e-02
1.704858e-02
1.676848e-02
1.754067e-02
1.877262e-02
1.970362e-02
2.141100e-02
2.413907e-02
2.692298e-02
2.937724e-02
3.205929e-02
3.479598e-02
3.704885e-02
3.878610e-02
4.000379e-02
4.071451e-02
4.082404e-02
4.074336e-02
4.122035e-02
4.231990e-02
4.295372e-02
4.300853e-02
4.240542e-02
4.086544e-02
3.938228e-02
3.837081e-02
3.683535e-02
3.536044e-02
3.496450e-02
3.464746e-02
3.318973e-02
3.104932e-02
2.916158e-02
2.801429e-02
2.743335e-02
2.679581e-02
2.542619e-02
2.403987e-02
2.352661e-02
2.418636e-02
2.486247e-02
2.464210e-02
2.390363e-02
2.263838e-02
2.093391e-02
1.845598e-02
1.574097e-02
1.304105e-02
9.851838e-03
6.642190e-03
3.606731e-03
8.410383e-04
-1.142076e-03
-2.087002e-03
-2.251755e-03
-2.152275e-03
-1.869005e-03
-1.593004e-03
-1.819216e-03
-2.213127e-03
-2.988590e-03
-4.559650e-03
-6.609527e-03
-7.786245e-03
-8.483958e-03
-9.987791e-03
-1.147658e-02
-1.190320e-02
-1.233618e-02
-1.383079e-02
-1.518032e-02
-1.545296e-02
-1.568564e-02
-1.567571e-02
-1.491738e-02
-1.365533e-02
-1.241486e-02
-1.144969e-02
-9.900086e-03
-8.344719e-03
-7.841124e-03
-7.945179e-03
-8.040171e-03
-8.003168e-03
-7.957882e-03
-8.026596e-03
-8.148275e-03
-7.721920e-03
-6.169966e-03
-4.098803e-03
-2.278745e-03
-8.229534e-04
4.198788e-04
1.116398e-03
1.397851e-03
1.190983e-03
5.748310e-04
-1.154901e-03
-4.180041e-03
-7.749186e-03
-1.103909e-02
-1.404169e-02
-1.665341e-02
-1.842768e-02
-2.019780e-02
-2.342803e-02
-2.757797e-02
-3.126178e-02
-3.365121e-02
-3.495034e-02
-3.578303e-02
-3.706288e-02
-3.833598e-02
-3.907865e-02
-3.945602e-02
-4.013995e-02
-4.117856e-02
-4.225668e-02
-4.302465e-02
-4.322144e-02
-4.316541e-02
-4.313301e-02
-4.314775e-02
-4.315736e-02
-4.314393e-02
-4.313408e-02
-4.317718e-02
-4.322437e-02
-4.298167e-02
-4.221985e-02
-4.142150e-02
-4.086943e-02
-4.035303e-02
-4.037254e-02
-4.094631e-02
-4.134493e-02
-4.122924e-02
-4.018095e-02
-3.804926e-02
-3.566803e-02
-3.424451e-02
-3.342888e-02
-3.228812e-02
-3.031334e-02
-2.820596e-02
-2.650904e-02
-2.456630e-02
-2.313681e-02
-2.155736e-02
-2.005909e-02
-1.957350e-02
-1.965704e-02
-1.974520e-02
-1.973396e-02
-1.970901e-02
-1.970387e-02
-1.971299e-02
-1.972069e-02
-1.972045e-02
-1.969614e-02
-1.968114e-02
-1.974954e-02
-1.984863e-02
-1.942551e-02
-1.792577e-02
-1.587742e-02
-1.375981e-02
-1.172711e-02
-1.030686e-02
-9.901537e-03
-9.475784e-03
-8.497119e-03
-7.962788e-03
-7.670896e-03
-7.199633e-03
-7.202510e-03
-7.704188e-03
-8.017570e-03
-8.165597e-03
-8.177229e-03
-7.172877e-03
-5.034247e-03
-3.547169e-03
-2.382031e-03
-1.031049e-03
9.646428e-04
3.252265e-03
5.196433e-03
7.206391e-03
9.136753e-03
1.090190e-02
1.203204e-02
1.323742e-02
1.465103e-02
1.617394e-02
1.765385e-02
1.917315e-02
2.043196e-02
2.121828e-02
2.142650e-02
2.099613e-02
1.999985e-02
1.852730e-02
1.597887e-02
1.347525e-02
1.124657e-02
9.013219e-03
7.191708e-03
5.887651e-03
5.961450e-03
7.112415e-03
7.990650e-03
8.513509e-03
8.491729e-03
7.975872e-03
7.189415e-03
5.798065e-03
4.383135e-03
2.620385e-03
-6.464625e-04
-3.443332e-03
-5.217523e-03
-7.250929e-03
-8.261096e-03
-7.791345e-03
-6.165307e-03
-4.173589e-03
-2.132051e-03
3.561204e-04
2.874329e-03
4.280230e-03
5.650580e-03
7.344644e-03
9.128896e-03
1.090503e-02
1.203982e-02
1.323454e-02
1.463869e-02
1.621028e-02
1.772736e-02
1.899378e-02
1.950348e-02
1.954753e-02
1.906386e-02
1.751510e-02
1.543216e-02
1.359476e-02
1.238077e-02
1.166285e-02
1.142277e-02
1.163501e-02
1.256086e-02
1.412706e-02
1.619939e-02
1.853099e-02
1.973463e-02
2.044381e-02
2.110670e-02
2.135903e-02
2.134466e-02
2.130299e-02
2.128959e-02
2.130252e-02
2.134343e-02
2.135976e-02
2.098781e-02
2.004862e-02
1.857203e-02
1.590478e-02
1.332027e-02
1.178018e-02
1.136493e-02
1.138997e-02
1.186446e-02
1.336522e-02
1.540561e-02
1.744241e-02
1.938004e-02
2.127995e-02
2.322585e-02
2.528739e-02
2.733057e-02
2.873729e-02
2.926548e-02
3.021419e-02
3.230038e-02
3.439934e-02
3.510976e-02
3.549461e-02
3.644613e-02
3.699052e-02
3.705449e-02
3.702316e-02
3.671142e-02
3.591780e-02
3.526913e-02
3.511321e-02
3.418164e-02
3.186407e-02
2.998823e-02
2.868829e-02
2.758355e-02
2.720684e-02
2.679427e-02
2.555345e-02
2.402708e-02
2.252513e-02
2.112625e-02
1.940082e-02
1.738730e-02
1.557216e-02
1.431198e-02
1.360555e-02
1.347638e-02
1.357626e-02
1.334956e-02
1.254212e-02
1.172832e-02
1.143225e-02
1.142235e-02
1.171799e-02
1.256841e-02
1.339900e-02
1.339169e-02
1.262931e-02
1.185611e-02
1.092712e-02
9.154524e-03
7.346651e-03
5.653480e-03
4.311005e-03
2.890305e-03
2.846131e-04
-2.199777e-03
-3.693211e-03
-4.826804e-03
-6.578689e-03
-7.817481e-03
-8.253122e-03
-8.889752e-03
-9.925751e-03
-1.100534e-02
-1.166485e-02
-1.183642e-02
-1.252701e-02
-1.403715e-02
-1.505118e-02
-1.609912e-02
-1.742029e-02
-1.795782e-02
-1.739165e-02
-1.620308e-02
-1.564040e-02
-1.569273e-02
-1.601130e-02
-1.649383e-02
-1.694529e-02
-1.775246e-02
-1.878376e-02
-1.946995e-02
-1.965535e-02
-2.021554e-02
-2.132039e-02
-2.132642e-02
-2.017596e-02
-1.955836e-02
-1.967235e-02
-1.983587e-02
-1.932444e-02
-1.813974e-02
-1.753940e-02
-1.785287e-02
-1.877042e-02
-1.951355e-02
-1.965602e-02
-2.005976e-02
-2.136376e-02
-2.271187e-02
-2.351962e-02
-2.372558e-02
-2.364818e-02
-2.333319e-02
-2.298227e-02
-2.325660e-02
-2.405058e-02
-2.511985e-02
-2.563655e-02
-2.592398e-02
-2.616813e-02
-2.546981e-02
-2.405768e-02
-2.236385e-02
-1.958845e-02
-1.581897e-02
-1.228463e-02
-9.542225e-03
-6.847566e-03
-4.651128e-03
-3.707025e-03
-3.023755e-03
-2.326766e-03
-2.076919e-03
-2.112822e-03
-2.108396e-03
-2.039073e-03
-2.276425e-03
-3.121885e-03
-3.960658e-03
-4.112802e-03
-3.921944e-03
-4.374021e-03
-6.041064e-03
-7.694665e-03
-8.105091e-03
-7.909595e-03
-8.319003e-03
-9.782831e-03
-1.129760e-02
-1.283983e-02
-1.543824e-02
-1.743239e-02
-1.801783e-02
-1.860043e-02
-2.027848e-02
-2.264342e-02
-2.419899e-02
-2.572279e-02
-2.710222e-02
-2.751711e-02
-2.790674e-02
-2.916220e-02
-3.054441e-02
-3.139826e-02
-3.137880e-02
-3.057237e-02
-2.931636e-02
-2.763752e-02
-2.566360e-02
-2.316281e-02
-2.020003e-02
-1.774433e-02
-1.528822e-02
-1.236439e-02
-9.941574e-03
-7.750355e-03
-5.087411e-03
-2.345957e-03
-5.280324e-05
1.951488e-03
3.427751e-03
3.858558e-03
3.767596e-03
3.697569e-03
3.711557e-03
3.735684e-03
3.733015e-03
3.718796e-03
3.717702e-03
3.749470e-03
3.767715e-03
3.672478e-03
3.548869e-03
4.045629e-03
5.678966e-03
7.311407e-03
7.806785e-03
7.687769e-03
7.597920e-03
7.606972e-03
7.609729e-03
7.622507e-03
7.719563e-03
7.740791e-03
7.144129e-03
6.039078e-03
5.984918e-03
6.975479e-03
7.815185e-03
9.119453e-03
1.089773e-02
1.169419e-02
1.187510e-02
1.199429e-02
1.192980e-02
1.228014e-02
1.282330e-02
1.294050e-02
1.213240e-02
1.108558e-02
9.790221e-03
8.628702e-03
7.483195e-03
5.830404e-03
3.587962e-03
7.944775e-04
-1.979706e-03
-4.243269e-03
-6.153243e-03
-7.557745e-03
-8.499785e-03
-9.763814e-03
-1.092723e-02
-1.162070e-02
-1.251474e-02
-1.432864e-02
-1.611975e-02
-1.741022e-02
-1.824341e-02
-1.919723e-02
-2.020872e-02
-2.136574e-02
-2.186313e-02
-2.132638e-02
-2.019471e-02
-1.942508e-02
-1.875780e-02
-1.791882e-02
-1.672141e-02
-1.468417e-02
-1.211058e-02
-9.885709e-03
-8.184799e-03
-6.541744e-03
-4.609744e-03
-2.979957e-03
-1.049200e-03
1.696993e-03
4.740637e-03
7.301104e-03
9.183900e-03
1.085158e-02
1.202433e-02
1.331325e-02
1.433291e-02
1.463460e-02
1.435394e-02
1.348492e-02
1.240265e-02
1.168647e-02
1.157693e-02
1.120996e-02
9.751537e-03
7.714495e-03
5.572458e-03
3.453651e-03
2.024501e-03
2.157620e-03
2.761927e-03
2.240664e-03
2.120686e-03
3.045075e-03
4.081945e-03
5.595161e-03
7.541113e-03
9.600201e-03
1.162295e-02
1.329118e-02
1.440591e-02
1.561406e-02
1.742414e-02
1.901734e-02
1.949741e-02
1.937827e-02
1.925359e-02
1.926433e-02
1.941509e-02
1.952020e-02
1.877580e-02
1.685597e-02
1.523724e-02
1.464503e-02
1.497945e-02
1.582715e-02
1.737808e-02
1.885744e-02
1.978444e-02
2.117543e-02
2.293870e-02
2.475790e-02
2.653034e-02
2.744941e-02
2.813267e-02
2.898674e-02
2.993501e-02
3.125139e-02
3.310383e-02
3.457487e-02
3.491337e-02
3.532755e-02
3.689246e-02
3.844761e-02
3.885784e-02
3.924089e-02
4.073965e-02
4.233662e-02
4.306455e-02
4.369796e-02
4.466076e-02
4.574400e-02
4.652790e-02
4.671609e-02
4.665473e-02
4.667285e-02
4.671822e-02
4.644182e-02
4.569194e-02
4.505662e-02
4.444206e-02
4.249410e-02
3.920061e-02
3.590913e-02
3.274526e-02
2.918321e-02
2.529456e-02
2.105314e-02
1.633333e-02
1.175311e-02
7.664272e-03
3.168797e-03
-2.096911e-03
-6.274973e-03
-8.822676e-03
-1.192878e-02
-1.560706e-02
-1.847551e-02
-2.063569e-02
-2.277961e-02
-2.412945e-02
-2.554720e-02
-2.746743e-02
-2.975049e-02
-3.209369e-02
-3.386822e-02
-3.507560e-02
-3.539683e-02
-3.539192e-02
-3.589361e-02
-3.645974e-02
-3.592701e-02
-3.541896e-02
-3.520668e-02
-3.454520e-02
-3.323919e-02
-3.161225e-02
-3.061860e-02
-3.043024e-02
-3.027815e-02
-2.985135e-02
-2.958255e-02
-2.904120e-02
-2.803513e-02
-2.758891e-02
-2.737341e-02
-2.659309e-02
-2.572394e-02
-2.570062e-02
-2.657459e-02
-2.744600e-02
-2.769067e-02
-2.760271e-02
-2.754617e-02
-2.758787e-02
-2.765693e-02
-2.746342e-02
-2.671386e-02
-2.550644e-02
-2.399774e-02
-2.224391e-02
-2.001656e-02
-1.808094e-02
-1.637689e-02
-1.413282e-02
-1.207253e-02
-1.078474e-02
-1.015955e-02
-1.006135e-02
-9.849094e-03
-9.044374e-03
-8.225706e-03
-7.996459e-03
-8.055702e-03
-7.891672e-03
-7.441871e-03
-6.928489e-03
-5.850114e-03
-4.524315e-03
-4.061643e-03
-4.175437e-03
-4.015756e-03
-3.239820e-03
-2.430096e-03
-1.921578e-03
-1.396273e-03
-1.118718e-03
-1.358460e-03
-2.196575e-03
-3.190504e-03
-3.886709e-03
-4.597075e-03
-6.074535e-03
-7.580521e-03
-8.595643e-03
-1.002836e-02
-1.146942e-02
-1.248013e-02
-1.380835e-02
-1.488602e-02
-1.487001e-02
-1.376217e-02
-1.246859e-02
-1.174365e-02
-1.058134e-02
-8.852726e-03
-7.565653e-03
-6.083435e-03
-4.643346e-03
-3.653109e-03
-2.447800e-03
-1.332198e-03
-3.009156e-04
1.226825e-03
2.991189e-03
3.695295e-03
4.143082e-03
5.152576e-03
5.704905e-03
5.483708e-03
4.867399e-03
4.321301e-03
3.808721e-03
3.591302e-03
3.605003e-03
3.634668e-03
3.655449e-03
3.644519e-03
3.580094e-03
3.539110e-03
3.983464e-03
5.049505e-03
6.111847e-03
7.178449e-03
7.622196e-03
7.579771e-03
7.515121e-03
7.511548e-03
7.534222e-03
7.542605e-03
7.536417e-03
7.505022e-03
7.495911e-03
7.588353e-03
7.684136e-03
7.173479e-03
5.631158e-03
4.097159e-03
3.104199e-03
1.671064e-03
1.840222e-04
-8.186244e-04
-1.981533e-03
-3.112526e-03
-4.401310e-03
-6.225896e-03
-7.795806e-03
-8.253813e-03
-8.134894e-03
-8.077231e-03
-8.138721e-03
-7.985896e-03
-7.270913e-03
-6.028702e-03
-4.274523e-03
-2.271323e-03
-2.071151e-04
1.764843e-03
3.174993e-03
4.048191e-03
5.499026e-03
7.301727e-03
8.693972e-03
9.470302e-03
9.203831e-03
7.785230e-03
5.790688e-03
2.782180e-03
-1.356839e-03
-4.709339e-03
-7.007704e-03
-8.078240e-03
-8.138030e-03
-8.019778e-03
-8.463009e-03
-9.545491e-03
-1.041481e-02
-1.118714e-02
-1.137622e-02
-1.078051e-02
-1.071798e-02
-1.095472e-02
-1.129694e-02
-1.184672e-02
-1.209285e-02
-1.200290e-02
-1.189183e-02
-1.235817e-02
-1.368790e-02
-1.502303e-02
-1.590508e-02
-1.618397e-02
-1.559632e-02
-1.393092e-02
-1.239881e-02
-1.199114e-02
-1.162501e-02
-1.023806e-02
-8.659221e-03
-7.145968e-03
-5.103183e-03
-3.664661e-03
-2.632538e-03
-1.953080e-03
-1.438016e-03
-1.430236e-03
-1.936284e-03
-2.505820e-03
-3.329361e-03
-4.005068e-03
-4.126313e-03
-4.548503e-03
-6.123655e-03
-7.845382e-03
-8.463109e-03
-7.882086e-03
-6.228568e-03
-4.407458e-03
-2.974317e-03
-1.590301e-03
-1.095611e-04
1.740066e-03
3.282210e-03
3.694471e-03
3.598635e-03
3.680488e-03
3.759561e-03
2.769410e-03
6.101368e-04
-7.073483e-04
-1.408958e-03
-2.015313e-03
-2.644821e-03
-3.637577e-03
-4.914370e-03
-6.803283e-03
-8.072988e-03
-8.265099e-03
-8.124796e-03
-8.127750e-03
-8.235268e-03
-7.878258e-03
-6.478535e-03
-4.194454e-03
-8.933044e-04
2.903857e-03
5.936625e-03
8.649995e-03
1.079443e-02
1.191299e-02
1.306770e-02
1.448722e-02
1.607298e-02
1.753394e-02
1.874636e-02
1.966718e-02
2.091932e-02
2.213304e-02
2.309608e-02
2.406908e-02
2.530146e-02
2.656246e-02
2.729095e-02
2.803923e-02
2.877762e-02
2.903012e-02
2.897581e-02
2.892501e-02
2.897960e-02
2.905061e-02
2.878112e-02
2.796008e-02
2.721787e-02
2.702451e-02
2.660501e-02
2.539606e-02
2.413625e-02
2.282859e-02
2.111290e-02
1.965081e-02
1.871990e-02
1.730285e-02
1.556510e-02
1.398935e-02
1.245153e-02
1.148203e-02
1.128040e-02
1.135780e-02
1.139691e-02
1.140265e-02
1.138283e-02
1.130900e-02
1.127906e-02
1.177484e-02
1.284191e-02
1.360274e-02
1.415049e-02
1.459811e-02
1.482632e-02
1.455382e-02
1.452559e-02
1.487771e-02
1.510835e-02
1.617374e-02
1.834840e-02
1.939569e-02
1.924913e-02
1.904460e-02
1.956374e-02
2.071174e-02
2.123726e-02
2.118641e-02
2.114577e-02
2.120254e-02
2.095441e-02
2.012430e-02
1.938147e-02
1.924432e-02
1.886058e-02
1.733329e-02
1.543349e-02
1.410475e-02
1.345123e-02
1.331595e-02
1.311335e-02
1.246970e-02
1.174911e-02
1.051623e-02
8.182348e-03
6.179285e-03
4.678990e-03
3.309165e-03
1.826172e-03
5.450958e-04
-4.677095e-04
-1.149112e-03
-1.339174e-03
-1.580548e-03
-2.094456e-03
-2.316147e-03
-2.279861e-03
-2.653050e-03
-3.645942e-03
-4.896296e-03
-6.757743e-03
-8.500669e-03
-9.745932e-03
-1.040154e-02
-1.113441e-02
-1.189308e-02
-1.215270e-02
-1.211523e-02
-1.206160e-02
-1.205835e-02
-1.207789e-02
-1.211868e-02
-1.211422e-02
-1.198100e-02
-1.189877e-02
-1.267626e-02
-1.454733e-02
-1.587280e-02
-1.636515e-02
-1.679426e-02
-1.697533e-02
-1.675762e-02
-1.649095e-02
-1.650433e-02
-1.602970e-02
-1.534218e-02
-1.479694e-02
-1.377134e-02
-1.254919e-02
-1.205743e-02
-1.157015e-02
-1.058748e-02
-1.013515e-02
-1.009505e-02
-9.617168e-03
-9.052990e-03
-9.579201e-03
-1.014768e-02
-1.029029e-02
-1.023889e-02
-9.676556e-03
-8.624140e-03
-8.122554e-03
-8.058421e-03
-8.011017e-03
-8.518981e-03
-1.016197e-02
-1.179789e-02
-1.218878e-02
-1.197143e-02
-1.244256e-02
-1.392901e-02
-1.479845e-02
-1.395525e-02
-1.252448e-02
-1.196239e-02
-1.177061e-02
-1.135302e-02
-1.131781e-02
-1.157108e-02
-1.159584e-02
-1.187492e-02
-1.208944e-02
-1.209823e-02
-1.212204e-02
-1.217757e-02
-1.193098e-02
-1.109265e-02
-1.028198e-02
-1.012067e-02
-1.021834e-02
-9.735928e-03
-8.621370e-03
-8.070342e-03
-8.110488e-03
-8.227411e-03
-8.228643e-03
-8.115720e-03
-8.075546e-03
-8.610746e-03
-9.712855e-03
-1.024406e-02
-1.022309e-02
-1.014409e-02
-1.009040e-02
-1.005421e-02
-1.030667e-02
-1.111821e-02
-1.193339e-02
-1.219006e-02
-1.212587e-02
-1.205531e-02
-1.205409e-02
-1.215639e-02
-1.223440e-02
-1.174349e-02
-1.026375e-02
-8.707088e-03
-7.222974e-03
-5.169371e-03
-3.715244e-03
-2.716056e-03
-2.085821e-03
-1.353657e-03
-5.991533e-04
-1.052942e-04
3.803714e-04
7.801019e-04
1.285860e-03
2.027308e-03
3.101667e-03
3.664748e-03
3.714323e-03
3.200715e-03
1.863544e-03
2.986874e-04
-1.007292e-03
-1.644632e-03
-2.091917e-03
-2.727227e-03
-3.712355e-03
-4.727465e-03
-6.279171e-03
-7.779431e-03
-8.505542e-03
-9.188431e-03
-9.933792e-03
-1.045385e-02
-1.071292e-02
-1.047908e-02
-1.022811e-02
-9.657312e-03
-8.584798e-03
-8.161734e-03
-8.277899e-03
-7.859226e-03
-6.321363e-03
-4.758137e-03
-3.625988e-03
-1.957240e-03
2.355697e-04
2.898743e-03
5.097546e-03
6.783697e-03
7.917078e-03
9.413527e-03
1.090533e-02
1.164800e-02
1.234242e-02
1.307119e-02
1.356717e-02
1.397383e-02
1.435715e-02
1.538755e-02
1.718768e-02
1.876413e-02
1.968294e-02
2.074515e-02
2.195077e-02
2.377033e-02
2.610210e-02
2.732617e-02
2.803715e-02
2.874170e-02
2.905153e-02
2.876432e-02
2.789901e-02
2.714827e-02
2.699596e-02
2.662430e-02
2.533677e-02
2.373768e-02
2.241529e-02
2.178698e-02
2.134596e-02
2.068774e-02
1.969583e-02
1.875098e-02
1.727055e-02
1.531645e-02
1.329666e-02
1.111973e-02
8.862182e-03
6.692947e-03
4.436475e-03
2.733853e-03
9.309860e-04
-2.952593e-04
-5.778143e-04
-3.154492e-04
5.135432e-04
1.848836e-03
3.196745e-03
3.637874e-03
3.494510e-03
3.601902e-03
4.406096e-03
5.694269e-03
6.939252e-03
7.875407e-03
9.352889e-03
1.107028e-02
1.236948e-02
1.362372e-02
1.483882e-02
1.528389e-02
1.547072e-02
1.612194e-02
1.690360e-02
1.770821e-02
1.875751e-02
1.923371e-02
1.918242e-02
1.910628e-02
1.917783e-02
1.926008e-02
1.879415e-02
1.750599e-02
1.620154e-02
1.497467e-02
1.372541e-02
1.272798e-02
1.175891e-02
1.136033e-02
1.092041e-02
9.715483e-03
8.428913e-03
7.141051e-03
5.705683e-03
4.533563e-03
3.329220e-03
1.613270e-03
-1.917008e-04
-1.702358e-03
-2.938520e-03
-3.626033e-03
-4.116706e-03
-4.345739e-03
-4.345460e-03
-4.229667e-03
-4.131096e-03
-4.643194e-03
-6.186105e-03
-7.732922e-03
-8.739129e-03
-1.012645e-02
-1.154043e-02
-1.276675e-02
-1.477878e-02
-1.682402e-02
-1.831769e-02
-1.945981e-02
-2.034304e-02
-2.164214e-02
-2.295765e-02
-2.374168e-02
-2.382713e-02
-2.370323e-02
-2.421770e-02
-2.541029e-02
-2.597376e-02
-2.542656e-02
-2.430205e-02
-2.360574e-02
-2.288707e-02
-2.162255e-02
-2.026268e-02
-1.978871e-02
-1.992520e-02
-1.983838e-02
-1.907830e-02
-1.776032e-02
-1.623207e-02
-1.501029e-02
-1.382027e-02
-1.238531e-02
-1.110847e-02
-9.811783e-03
-8.592136e-03
-8.175351e-03
-7.961939e-03
-7.226716e-03
-6.497417e-03
-6.265466e-03
-5.789637e-03
-4.720857e-03
-4.184550e-03
-4.271997e-03
-4.394458e-03
-3.944267e-03
-2.738726e-03
-1.458317e-03
3.434797e-04
2.700794e-03
3.823383e-03
3.832783e-03
2.921524e-03
1.002894e-03
-5.250002e-04
-1.208207e-03
-1.545291e-03
-2.315931e-03
-3.383004e-03
-4.065866e-03
-4.203955e-03
-4.915065e-03
-6.719004e-03
-8.025792e-03
-8.737501e-03
-9.843636e-03
-1.102239e-02
-1.233745e-02
-1.411157e-02
-1.563617e-02
-1.634346e-02
-1.696308e-02
-1.766260e-02
-1.845761e-02
-1.952549e-02
-2.000957e-02
-1.997634e-02
-1.990042e-02
-1.989733e-02
-1.992079e-02
-1.992382e-02
-1.990924e-02
-1.990596e-02
-1.994120e-02
-1.996571e-02
-1.974129e-02
-1.919030e-02
-1.866404e-02
-1.818929e-02
-1.798821e-02
-1.757172e-02
-1.661174e-02
-1.557898e-02
-1.401208e-02
-1.250942e-02
-1.178290e-02
-1.113604e-02
-1.041375e-02
-9.671700e-03
-8.731150e-03
-8.032256e-03
-6.794928e-03
-5.002377e-03
-3.741106e-03
-2.564013e-03
-1.468834e-03
-1.787192e-04
1.657259e-03
3.183380e-03
3.601627e-03
3.742275e-03
4.430327e-03
5.213205e-03
5.741997e-03
6.456294e-03
7.180457e-03
7.672501e-03
8.358204e-03
9.108989e-03
9.899993e-03
1.090464e-02
1.133555e-02
1.156444e-02
1.228979e-02
1.305652e-02
1.347831e-02
1.411780e-02
1.538380e-02
1.726690e-02
1.883465e-02
1.929029e-02
1.924712e-02
1.919363e-02
1.872718e-02
1.770120e-02
1.692391e-02
1.617449e-02
1.546259e-02
1.497051e-02
1.446423e-02
1.419515e-02
1.415858e-02
1.443521e-02
1.521188e-02
1.600416e-02
1.651389e-02
1.699339e-02
1.721658e-02
1.724895e-02
1.723609e-02
1.697306e-02
1.644252e-02
1.616326e-02
1.612960e-02
1.619087e-02
1.650614e-02
1.682283e-02
1.634335e-02
1.534718e-02
1.424918e-02
1.295572e-02
1.175297e-02
1.134272e-02
1.089665e-02
9.653276e-03
8.588420e-03
8.061799e-03
7.591087e-03
7.393360e-03
7.478445e-03
7.518789e-03
6.984003e-03
5.938885e-03
5.474762e-03
5.211135e-03
4.422489e-03
3.876096e-03
4.426809e-03
5.251540e-03
5.492838e-03
5.683597e-03
6.427226e-03
7.220916e-03
7.494888e-03
7.674545e-03
7.943332e-03
7.970900e-03
7.970074e-03
7.566409e-03
7.330240e-03
7.889997e-03
8.775391e-03
8.567157e-03
7.754866e-03
6.972316e-03
5.932631e-03
4.928777e-03
3.940179e-03
3.588353e-03
3.158310e-03
1.660777e-03
-1.561486e-04
-1.465398e-03
-2.611980e-03
-3.773199e-03
-4.728652e-03
-6.058766e-03
-7.347080e-03
-8.034488e-03
-8.093088e-03
-8.524856e-03
-1.013161e-02
-1.177878e-02
-1.228395e-02
-1.215313e-02
-1.205743e-02
-1.209906e-02
-1.213560e-02
-1.205696e-02
-1.197712e-02
-1.245369e-02
-1.377346e-02
-1.507064e-02
-1.605378e-02
-1.696986e-02
-1.796267e-02
-1.900060e-02
-1.977638e-02
-2.001276e-02
-1.994863e-02
-1.982349e-02
-1.979979e-02
-2.035307e-02
-2.145124e-02
-2.194362e-02
-2.189894e-02
-2.205240e-02
-2.255004e-02
-2.290053e-02
-2.320963e-02
-2.323706e-02
-2.222746e-02
-2.095617e-02
-1.964382e-02
-1.812900e-02
-1.692110e-02
-1.620773e-02
-1.559110e-02
-1.458318e-02
-1.353532e-02
-1.244135e-02
-1.201317e-02
-1.212918e-02
-1.203276e-02
-1.123306e-02
-9.864218e-03
-8.576705e-03
-8.151064e-03
-7.792401e-03
-6.797803e-03
-5.736908e-03
-4.657294e-03
-4.193110e-03
-4.050370e-03
-3.875785e-03
-3.613300e-03
-2.733139e-03
-2.252503e-03
-2.533778e-03
-2.893836e-03
-2.625089e-03
-2.323575e-03
-2.287484e-03
-2.320447e-03
-2.345544e-03
-2.375662e-03
-2.374699e-03
-2.114788e-03
-1.613588e-03
-1.360244e-03
-1.096278e-03
-5.951484e-04
-3.925827e-04
-4.136811e-04
-1.354564e-04
4.394020e-04
4.251158e-04
-1.982503e-04
-3.386931e-04
4.297575e-04
1.777329e-03
3.310293e-03
4.523146e-03
5.711839e-03
7.147252e-03
8.425229e-03
9.722735e-03
1.094472e-02
1.135928e-02
1.156152e-02
1.229792e-02
1.306601e-02
1.332103e-02
1.355481e-02
1.406457e-02
1.412676e-02
1.363507e-02
1.304791e-02
1.222309e-02
1.155653e-02
1.143961e-02
1.098940e-02
9.394334e-03
7.755024e-03
7.260995e-03
7.391567e-03
7.441581e-03
7.364625e-03
7.585949e-03
8.400817e-03
9.210944e-03
9.452967e-03
9.436978e-03
9.449889e-03
9.210882e-03
8.409670e-03
7.593292e-03
7.340753e-03
7.401185e-03
7.449985e-03
7.441665e-03
7.424938e-03
7.423893e-03
7.431604e-03
7.439218e-03
7.426853e-03
7.398726e-03
7.422167e-03
7.653015e-03
7.922595e-03
7.925628e-03
8.211212e-03
8.251173e-03
7.771033e-03
7.029348e-03
5.940505e-03
4.927486e-03
3.958075e-03
3.566121e-03
3.080709e-03
1.825971e-03
8.086521e-04
3.084448e-04
-4.057749e-04
-1.168065e-03
-1.429069e-03
-1.389704e-03
-1.357498e-03
-1.363875e-03
-1.196182e-03
-7.551744e-04
-1.192535e-05
1.535240e-03
3.282661e-03
4.561315e-03
5.810871e-03
7.060507e-03
7.498798e-03
7.443905e-03
7.655416e-03
8.164009e-03
8.344455e-03
8.534006e-03
9.554085e-03
1.100771e-02
1.163505e-02
1.106593e-02
9.414100e-03
7.829645e-03
6.875283e-03
5.896074e-03
5.166684e-03
4.813907e-03
5.120939e-03
5.913134e-03
7.016841e-03
7.601212e-03
7.649101e-03
7.047467e-03
5.490982e-03
4.029858e-03
3.112275e-03
1.432379e-03
-9.122194e-04
-2.765806e-03
-3.947793e-03
-4.300386e-03
-4.720320e-03
-5.708328e-03
-6.466404e-03
-7.249549e-03
-8.078325e-03
-8.443421e-03
-7.885716e-03
-6.185013e-03
-4.609767e-03
-4.260119e-03
-4.034113e-03
-2.544869e-03
7.471049e-05
2.685494e-03
4.125783e-03
5.582086e-03
7.035285e-03
7.556739e-03
7.557183e-03
7.488868e-03
7.013658e-03
6.005743e-03
5.229582e-03
4.409887e-03
3.662988e-03
3.519366e-03
3.678322e-03
3.211377e-03
1.577395e-03
-2.600710e-05
-5.080303e-04
-6.447887e-04
-1.088003e-03
-1.376756e-03
-1.431766e-03
-1.401854e-03
-1.126252e-03
-6.034021e-04
-3.468477e-04
-3.023856e-04
-2.858010e-04
-5.911645e-04
-1.412782e-03
-1.936341e-03
-1.612273e-03
-1.489810e-03
-1.983371e-03
-2.754083e-03
-3.774493e-03
-4.720400e-03
-6.025190e-03
-7.299025e-03
-8.078963e-03
-8.261748e-03
-8.196584e-03
-8.170620e-03
-8.180269e-03
-8.189009e-03
-8.186696e-03
-8.198277e-03
-8.202608e-03
-8.159725e-03
-8.108699e-03
-8.358416e-03
-9.129508e-03
-9.921201e-03
-1.042488e-02
-1.106782e-02
-1.173097e-02
-1.268461e-02
-1.453377e-02
-1.635942e-02
-1.762965e-02
-1.802387e-02
-1.822742e-02
-1.868511e-02
-1.872303e-02
-1.850430e-02
-1.850974e-02
-1.797113e-02
-1.702292e-02
-1.629958e-02
-1.556547e-02
-1.403103e-02
-1.250915e-02
-1.183466e-02
-1.113861e-02
-9.898741e-03
-8.616813e-03
-8.129638e-03
-7.680994e-03
-6.750065e-03
-6.252709e-03
-5.753500e-03
-4.728110e-03
-4.125640e-03
-4.108316e-03
-4.714564e-03
-5.801573e-03
-6.320037e-03
-6.370384e-03
-6.320336e-03
-5.771181e-03
-4.685432e-03
-4.203721e-03
-4.287368e-03
-4.127577e-03
-3.349916e-03
-2.513661e-03
-2.033733e-03
-1.613639e-03
-1.189218e-03
-3.788926e-04
6.537583e-04
1.387511e-03
1.622567e-03
2.048469e-03
2.635521e-03
2.625814e-03
2.636272e-03
2.060398e-03
1.632575e-03
1.351813e-03
5.991391e-04
-1.643888e-04
-4.096877e-04
-5.755871e-04
-1.060462e-03
-1.596180e-03
-2.146118e-03
-2.370597e-03
-2.345739e-03
-2.305115e-03
-2.300497e-03
-2.337001e-03
-2.364491e-03
-2.171288e-03
-1.506320e-03
-4.745640e-04
1.143025e-03
2.999289e-03
3.665012e-03
3.532584e-03
3.866591e-03
4.952336e-03
6.026794e-03
7.026604e-03
7.622803e-03
8.374547e-03
9.670590e-03
1.097228e-02
1.139855e-02
1.156966e-02
1.231513e-02
1.313271e-02
1.336289e-02
1.329574e-02
1.351137e-02
1.404376e-02
1.429324e-02
1.447028e-02
1.497899e-02
1.574317e-02
1.656021e-02
1.676931e-02
1.701357e-02
1.720334e-02
1.721990e-02
1.725148e-02
1.729766e-02
1.704316e-02
1.623601e-02
1.546520e-02
1.521924e-02
1.500245e-02
1.453758e-02
1.433428e-02
1.412762e-02
1.334443e-02
1.227117e-02
1.155440e-02
1.140486e-02
1.093691e-02
9.787056e-03
9.205266e-03
9.737451e-03
1.093490e-02
1.154877e-02
1.152030e-02
1.094632e-02
9.897115e-03
9.120341e-03
8.351677e-03
7.709611e-03
7.499167e-03
6.991082e-03
5.922972e-03
5.434929e-03
5.519765e-03
5.358049e-03
4.552201e-03
3.711486e-03
3.456956e-03
3.521116e-03
3.576026e-03
3.570212e-03
3.551612e-03
3.527660e-03
3.535419e-03
3.611531e-03
3.656726e-03
3.171664e-03
2.068768e-03
1.247016e-03
9.042390e-04
1.242684e-03
2.078238e-03
3.195243e-03
3.637752e-03
3.525119e-03
3.673940e-03
4.494203e-03
5.421394e-03
5.710357e-03
5.119173e-03
3.963761e-03
3.419447e-03
3.465318e-03
3.632436e-03
3.703122e-03
3.203164e-03
1.894882e-03
5.988219e-04
-4.367549e-04
-1.367132e-03
-2.054929e-03
-2.528334e-03
-3.297608e-03
-4.077210e-03
-4.331060e-03
-4.281433e-03
-4.233851e-03
-4.239563e-03
-4.253315e-03
-4.254412e-03
-4.250405e-03
-4.248802e-03
-4.249446e-03
-4.249735e-03
-4.249473e-03
-4.248544e-03
-4.248556e-03
-4.248931e-03
-4.249804e-03
-4.246446e-03
-4.242562e-03
-4.246273e-03
-4.266769e-03
-4.260876e-03
-4.188532e-03
-4.159278e-03
-4.639114e-03
-5.684219e-03
-6.483887e-03
-7.259460e-03
-7.914693e-03
-8.129995e-03
-8.576444e-03
-9.575869e-03
-1.035906e-02
-1.115196e-02
-1.188045e-02
-1.212129e-02
-1.208696e-02
-1.204366e-02
-1.202693e-02
-1.203766e-02
-1.210474e-02
-1.215085e-02
-1.170438e-02
-1.060852e-02
-9.531523e-03
-8.557775e-03
-8.222866e-03
-7.762993e-03
-6.237955e-03
-4.654404e-03
-3.883492e-03
-3.233320e-03
-2.556924e-03
-2.047349e-03
-1.319658e-03
-5.861768e-04
9.985439e-05
1.094181e-03
2.122867e-03
3.285906e-03
3.765420e-03
3.181389e-03
2.047200e-03
1.579647e-03
1.433141e-03
7.229076e-04
-3.641385e-04
-1.188142e-03
-1.367075e-03
-1.288454e-03
-1.467422e-03
-1.970303e-03
-2.496398e-03
-3.293641e-03
-4.064470e-03
-4.313306e-03
-4.261069e-03
-4.194548e-03
-4.200304e-03
-4.291082e-03
-4.342695e-03
-3.853093e-03
-2.599673e-03
-1.373893e-03
-7.930135e-05
1.720218e-03
3.234359e-03
3.651578e-03
3.815452e-03
4.542360e-03
5.290564e-03
5.530596e-03
5.986524e-03
7.025467e-03
7.611568e-03
7.654936e-03
7.320670e-03
6.492509e-03
5.700549e-03
5.458578e-03
5.515056e-03
5.554117e-03
5.556610e-03
5.558560e-03
5.539043e-03
5.347631e-03
5.098736e-03
4.852689e-03
4.034412e-03
3.528235e-03
3.519192e-03
3.593176e-03
3.626110e-03
3.612576e-03
3.554504e-03
3.500265e-03
3.776117e-03
4.589280e-03
5.322596e-03
5.530167e-03
5.975918e-03
7.037463e-03
7.666365e-03
7.683912e-03
7.065917e-03
5.947599e-03
5.430859e-03
5.488487e-03
5.613053e-03
5.588693e-03
5.283478e-03
4.997974e-03
5.288395e-03
5.558968e-03
5.574574e-03
5.583248e-03
5.635031e-03
5.394807e-03
4.559768e-03
3.736270e-03
3.564217e-03
3.698041e-03
3.276484e-03
1.950880e-03
6.115218e-04
-3.947349e-04
-1.096664e-03
-1.558646e-03
-2.023522e-03
-2.229000e-03
-2.484535e-03
-3.171129e-03
-3.858605e-03
-4.612016e-03
-6.191232e-03
-7.785029e-03
-8.272968e-03
-8.124554e-03
-8.056125e-03
-8.352234e-03
-8.667310e-03
-8.386613e-03
-8.093881e-03
-8.052792e-03
-8.090834e-03
-8.148905e-03
-8.175497e-03
-7.927728e-03
-7.200965e-03
-6.422463e-03
-5.639692e-03
-4.588044e-03
-4.110062e-03
-4.173438e-03
-4.248962e-03
-3.998457e-03
-3.490094e-03
-3.221591e-03
-2.905157e-03
-2.403505e-03
-2.640829e-03
-3.468789e-03
-3.775637e-03
-4.025838e-03
-4.136426e-03
-4.126835e-03
-4.596679e-03
-5.629884e-03
-6.410507e-03
-7.189559e-03
-7.922731e-03
-8.183049e-03
-8.139830e-03
-8.024431e-03
-8.002690e-03
-8.497751e-03
-9.540025e-03
-1.031520e-02
-1.109493e-02
-1.182544e-02
-1.207106e-02
-1.203220e-02
-1.197375e-02
-1.197225e-02
-1.203566e-02
-1.209273e-02
-1.181631e-02
-1.100482e-02
-1.027628e-02
-1.006317e-02
-9.592977e-03
-8.537511e-03
-7.996844e-03
-8.016164e-03
-8.103726e-03
-8.114380e-03
-8.090594e-03
-8.082253e-03
-8.086360e-03
-8.092808e-03
-8.095153e-03
-8.083216e-03
-8.067019e-03
-8.088907e-03
-8.160459e-03
-8.005001e-03
-7.216812e-03
-5.843338e-03
-4.498473e-03
-4.118135e-03
-4.237392e-03
-3.782657e-03
-2.659605e-03
-2.104519e-03
-2.179163e-03
-2.293327e-03
-2.048679e-03
-1.467680e-03
-1.151208e-03
-1.156212e-03
-1.468188e-03
-2.019856e-03
-2.272903e-03
-2.261484e-03
-2.218199e-03
-2.186099e-03
-2.180481e-03
-2.403238e-03
-2.918454e-03
-3.440989e-03
-4.024022e-03
-4.304300e-03
-4.023360e-03
-3.180469e-03
-2.404396e-03
-2.173821e-03
-1.968581e-03
-1.501676e-03
-1.248806e-03
-1.013064e-03
-3.748556e-04
3.782385e-04
1.441990e-03
3.058836e-03
3.796407e-03
3.669071e-03
3.541649e-03
4.053803e-03
5.103319e-03
5.618339e-03
6.113416e-03
7.081178e-03
7.571461e-03
7.804333e-03
8.449939e-03
9.217496e-03
1.002109e-02
1.108064e-02
1.155976e-02
1.148876e-02
1.139665e-02
1.164521e-02
1.222090e-02
1.253400e-02
1.252973e-02
1.222073e-02
1.167241e-02
1.141442e-02
1.141075e-02
1.145859e-02
1.154863e-02
1.157367e-02
1.104247e-02
9.939252e-03
9.399502e-03
9.439780e-03
9.569219e-03
9.581266e-03
9.295243e-03
8.782835e-03
8.539440e-03
8.294128e-03
7.787026e-03
7.527289e-03
7.533783e-03
7.564799e-03
7.560725e-03
7.581490e-03
7.633493e-03
7.564621e-03
6.806778e-03
5.715465e-03
4.640858e-03
3.958524e-03
3.824420e-03
3.407074e-03
2.129370e-03
7.858108e-04
-2.757022e-04
-9.866000e-04
-1.180661e-03
-1.144892e-03
-1.130446e-03
-1.136488e-03
-1.103995e-03
-1.089113e-03
-1.351695e-03
-1.897934e-03
-2.164277e-03
-2.162696e-03
-2.127653e-03
-2.077036e-03
-2.026829e-03
-2.275320e-03
-3.085330e-03
-3.897739e-03
-4.139094e-03
-4.057435e-03
-3.997602e-03
-4.057761e-03
-4.127200e-03
-3.846001e-03
-3.008303e-03
-2.409811e-03
-2.678420e-03
-3.265671e-03
-3.873860e-03
-4.080874e-03
-3.777886e-03
-3.237964e-03
-2.989129e-03
-2.748575e-03
-2.242363e-03
-1.976016e-03
-1.973325e-03
-2.008678e-03
-2.008192e-03
-1.992065e-03
-1.979462e-03
-1.971631e-03
-1.968039e-03
-1.974302e-03
-1.964800e-03
-1.910632e-03
-1.873404e-03
-2.128655e-03
-2.699896e-03
-2.960405e-03
-2.663561e-03
-2.080605e-03
-1.850403e-03
-1.874814e-03
-1.657317e-03
-1.157876e-03
-8.966635e-04
-6.514291e-04
-1.685007e-04
9.670084e-05
1.272595e-04
8.010485e-05
-1.553582e-04
-4.384048e-04
-4.156275e-04
-4.123526e-04
-1.442207e-04
6.143772e-05
2.923317e-04
8.136281e-04
1.314060e-03
1.574224e-03
1.295684e-03
1.051992e-03
8.250192e-04
3.341312e-04
-1.577052e-04
-4.495182e-04
-1.829502e-04
2.937283e-04
1.010070e-03
1.794633e-03
2.502639e-03
2.908197e-03
2.401810e-03
2.396234e-03
2.798938e-03
2.301925e-03
2.283358e-03
3.228011e-03
3.792021e-03
3.767911e-03
3.576978e-03
3.513498e-03
4.005491e-03
4.999040e-03
5.452638e-03
5.390417e-03
5.286849e-03
5.253683e-03
5.234265e-03
5.201139e-03
5.208657e-03
5.232887e-03
4.986986e-03
4.226437e-03
3.447710e-03
3.194079e-03
3.302739e-03
3.408716e-03
2.957316e-03
1.680489e-03
4.666037e-04
4.851656e-05
4.073568e-04
4.631340e-04
-2.175593e-05
-3.197289e-04
-3.149985e-04
-2.228793e-04
-1.914181e-04
-4.423156e-04
-9.576553e-04
-1.179951e-03
-9.233358e-04
-4.634778e-04
-2.843503e-04
-5.905192e-05
6.194606e-04
1.072646e-03
7.808837e-04
4.888325e-04
6.906256e-04
1.166497e-03
1.346644e-03
1.348128e-03
1.689477e-03
2.114618e-03
2.077303e-03
2.512010e-03
2.876594e-03
2.850861e-03
2.770488e-03
2.937918e-03
3.347137e-03
3.528047e-03
3.656019e-03
3.980048e-03
4.356402e-03
4.960870e-03
5.516564e-03
5.664270e-03
5.636185e-03
5.557700e-03
5.079334e-03
4.207191e-03
3.788908e-03
3.551384e-03
2.924192e-03
2.325155e-03
2.165926e-03
1.795394e-03
5.774537e-04
-6.950371e-04
-1.309929e-03
-1.637807e-03
-1.728962e-03
-1.711339e-03
-1.900600e-03
-2.312506e-03
-2.504933e-03
-2.475910e-03
-2.433238e-03
-2.438115e-03
-2.434782e-03
-2.272169e-03
-1.922392e-03
-1.525063e-03
-7.461908e-04
4.253411e-05
1.738060e-04
1.058537e-04
2.662939e-05
2.644295e-04
4.565987e-04
2.905558e-04
-1.333009e-04
-5.325243e-04
-9.128126e-04
-1.072175e-03
-1.057621e-03
-1.028900e-03
-1.031320e-03
-1.073581e-03
-1.095154e-03
-9.066091e-04
-4.993866e-04
-3.241866e-04
-5.337472e-04
-9.143290e-04
-1.058006e-03
-1.207093e-03
-1.724580e-03
-2.264356e-03
-2.425855e-03
-2.370642e-03
-2.323138e-03
-2.314069e-03
-2.308625e-03
-2.287489e-03
-2.270210e-03
-2.274641e-03
-2.271795e-03
-2.112182e-03
-1.758297e-03
-1.417304e-03
-1.070477e-03
-9.008824e-04
-9.048163e-04
-1.092832e-03
-1.432807e-03
-1.577387e-03
-1.559880e-03
-1.551852e-03
-1.550282e-03
-1.386060e-03
-1.053593e-03
-8.959097e-04
-8.840837e-04
-8.754191e-04
-9.979246e-04
-1.451017e-03
-2.073653e-03
-2.635849e-03
-3.003845e-03
-3.361309e-03
-4.074084e-03
-4.782501e-03
-5.175770e-03
-5.206235e-03
-5.098498e-03
-5.015633e-03
-4.955410e-03
-4.893415e-03
-4.823393e-03
-4.753003e-03
-4.684049e-03
-4.615897e-03
-4.547118e-03
-4.478073e-03
-4.408993e-03
-4.339837e-03
-4.270595e-03
-4.201255e-03
-4.132622e-03
-4.063707e-03
-3.993299e-03
-3.920547e-03
-3.854136e-03
-3.798105e-03
-3.726500e-03
-3.547341e-03
-3.255589e-03
-2.944525e-03
-2.354493e-03
-1.640677e-03
-1.344947e-03
-1.361644e-03
-1.401053e-03
-1.256828e-03
-8.210966e-04
-2.929365e-04
7.433336e-05
2.895054e-04
6.392907e-04
1.088287e-03
1.440449e-03
1.770110e-03
2.221787e-03
2.415422e-03
2.370497e-03
2.303603e-03
2.266682e-03
2.242793e-03
2.211031e-03
2.176246e-03
2.141185e-03
2.108195e-03
2.073576e-03
2.040131e-03
2.008364e-03
1.978723e-03
1.937462e-03
1.887443e-03
1.866669e-03
1.949358e-03
2.019716e-03
1.854275e-03
1.719015e-03
1.783956e-03
1.872659e-03
1.733309e-03
1.588055e-03
1.543243e-03
1.525559e-03
1.499319e-03
1.462634e-03
1.427885e-03
1.395015e-03
1.363545e-03
1.330978e-03
1.298615e-03
1.265310e-03
1.233216e-03
1.202799e-03
1.174092e-03
1.137183e-03
1.092955e-03
1.070155e-03
1.127010e-03
1.181699e-03
1.059511e-03
9.409391e-04
9.036705e-04
8.871853e-04
8.601689e-04
8.206165e-04
7.913329e-04
7.864548e-04
7.671059e-04
5.944476e-04
2.726069e-04
1.125443e-04
1.091210e-04
1.304871e-04
1.280389e-04
8.059122e-05
-1.072223e-05
4.018324e-05
3.633282e-04
5.364552e-04
5.082260e-04
4.504647e-04
4.138686e-04
3.950982e-04
3.901352e-04
3.804648e-04
2.509182e-04
-5.409003e-05
-3.366228e-04
-4.952967e-04
-5.771896e-04
-6.659257e-04
-7.042963e-04
-6.945146e-04
-6.765803e-04
-6.582442e-04
-6.462999e-04
-6.779174e-04
-7.593484e-04
-8.283500e-04
-8.982581e-04
-9.576473e-04
-1.019492e-03
-1.030176e-03
-1.002524e-03
-9.699463e-04
-9.298798e-04
-8.922860e-04
-9.349851e-04
-1.100833e-03
-1.255751e-03
-1.321066e-03
-1.295251e-03
-1.237916e-03
-1.188013e-03
-1.143839e-03
-1.099737e-03
-1.054291e-03
-1.009751e-03
-9.662281e-04
-9.238222e-04
-8.810320e-04
-8.390084e-04
-7.989437e-04
-7.616526e-04
-7.081163e-04
-6.190627e-04
-4.779586e-04
-2.875192e-04
-1.936887e-04
-1.852516e-04
-1.806095e-04
-1.409757e-04
-7.299886e-05
-3.233640e-05
-2.094464e-05
-3.461488e-05
-6.549767e-05
-7.039625e-05
-5.333440e-05
-3.526163e-05
-2.062846e-05
-7.388020e-06
6.322860e-06
1.996863e-05
3.326151e-05
4.599478e-05
5.848213e-05
7.060961e-05
8.245200e-05
9.378051e-05
1.049155e-04
1.159613e-04
1.269170e-04
1.362782e-04
1.442202e-04
1.550331e-04
1.771603e-04
1.982338e-04
1.930188e-04
1.882869e-04
1.952025e-04
2.051842e-04
2.134787e-04
2.183397e-04
2.228873e-04
2.381045e-04
2.712934e-04
3.012829e-04
3.108537e-04
3.107540e-04
3.108509e-04
3.053486e-04
2.917495e-04
2.801096e-04
2.740567e-04
2.779428e-04
2.870441e-04
3.085206e-04
3.201998e-04
3.194766e-04
3.172611e-04
3.164231e-04
3.158754e-04
3.142421e-04
3.130427e-04
3.162196e-04
3.226371e-04
3.235279e-04
3.240261e-04
3.313030e-04
3.378098e-04
3.383264e-04
3.383198e-04
3.410946e-04
3.464959e-04
3.434139e-04
3.343114e-04
3.296856e-04
3.314548e-04
3.321816e-04
3.312227e-04
3.238243e-04
3.141770e-04
3.089994e-04
3.076534e-04
3.054796e-04
2.966236e-04
2.840222e-04
2.718917e-04
2.623557e-04
2.558340e-04
2.489091e-04
2.391625e-04
2.283224e-04
2.180042e-04
2.083277e-04
1.990340e-04
1.900417e-04
1.813930e-04
1.730891e-04
1.650958e-04
1.574436e-04
1.502196e-04
1.433071e-04
1.360890e-04
1.282356e-04
1.209525e-04
1.151202e-04
1.100732e-04
1.051964e-04
1.004314e-04
9.586217e-05
9.151381e-05
8.735727e-05
8.336804e-05
7.953819e-05
7.589692e-05
7.245831e-05
6.913057e-05
6.566667e-05
6.215189e-05
5.916016e-05
5.656581e-05
5.406492e-05
5.165238e-05
4.947834e-05
4.747386e-05
4.525381e-05
4.291375e-05
4.080689e-05
3.888028e-05
3.700872e-05
3.520945e-05
3.348624e-05
3.185988e-05
3.030476e-05
2.879423e-05
2.732404e-05
2.588999e-05
2.448076e-05
2.310207e-05
2.177762e-05
2.049520e-05
1.923871e-05
1.800460e-05
1.679239e-05
1.560258e-05
1.443575e-05
1.328997e-05
1.216404e-05
1.105646e-05
9.966261e-06
8.893104e-06
7.836740e-06
6.796942e-06
5.773523e-06
4.766360e-06
3.775384e-06
