-1.134587e-04
-1.131476e-04
-1.128919e-04
-1.125503e-04
-1.120283e-04
-1.111080e-04
-1.099035e-04
-1.086665e-04
-1.080310e-04
-1.076765e-04
-1.074933e-04
-1.070248e-04
-1.058060e-04
-1.031774e-04
-9.918066e-05
-9.441263e-05
-8.929406e-05
-8.643057e-05
-8.723351e-05
-9.228955e-05
-1.013836e-04
-1.105935e-04
-1.122906e-04
-1.016005e-04
-8.413273e-05
-6.773284e-05
-5.429949e-05
-4.469533e-05
-4.477682e-05
-5.158603e-05
-5.851661e-05
-5.909416e-05
-5.650254e-05
-5.156353e-05
-4.460468e-05
-3.785170e-05
-3.254704e-05
-1.615360e-05
3.146956e-06
1.377246e-05
1.870498e-05
2.309690e-05
3.069653e-05
4.542358e-05
6.954785e-05
1.007376e-04
1.272684e-04
1.305850e-04
1.194814e-04
1.025850e-04
9.061223e-05
7.864950e-05
5.412768e-05
1.578577e-05
-2.771429e-05
-6.803193e-05
-1.072477e-04
-1.285974e-04
-1.434561e-04
-1.572995e-04
-1.653020e-04
-1.580634e-04
-1.235242e-04
-5.376482e-05
4.196411e-05
1.257204e-04
1.647028e-04
1.909609e-04
2.112023e-04
2.168038e-04
2.042979e-04
2.253369e-04
2.646953e-04
2.975429e-04
3.039936e-04
3.100905e-04
2.781786e-04
2.559832e-04
2.717337e-04
2.932105e-04
2.976662e-04
2.633869e-04
2.559631e-04
2.524198e-04
2.411452e-04
2.271473e-04
2.172731e-04
2.296845e-04
2.869825e-04
4.082452e-04
5.890656e-04
7.699885e-04
8.438867e-04
8.838251e-04
9.174186e-04
9.389801e-04
9.448135e-04
9.150064e-04
8.322933e-04
6.916012e-04
5.260878e-04
3.647611e-04
2.135076e-04
3.856527e-05
-1.555723e-04
-3.159506e-04
-4.615066e-04
-6.160842e-04
-8.132408e-04
-1.033679e-03
-1.330028e-03
-1.627984e-03
-1.707993e-03
-1.601614e-03
-1.385313e-03
-1.147633e-03
-8.994320e-04
-7.253592e-04
-6.658758e-04
-7.265061e-04
-8.728081e-04
-1.059004e-03
-1.199560e-03
-1.211099e-03
-1.126034e-03
-9.675633e-04
-8.037954e-04
-7.596976e-04
-8.058730e-04
-9.534959e-04
-1.215214e-03
-1.532872e-03
-1.782568e-03
-1.960727e-03
-2.039516e-03
-2.084187e-03
-2.132903e-03
-2.192755e-03
-2.271179e-03
-2.350143e-03
-2.392675e-03
-2.361532e-03
-2.396050e-03
-2.474865e-03
-2.555444e-03
-2.595170e-03
-2.544130e-03
-2.519017e-03
-2.526638e-03
-2.545139e-03
-2.583348e-03
-2.639616e-03
-2.705135e-03
-2.750370e-03
-2.730770e-03
-2.590176e-03
-2.294338e-03
-1.879706e-03
-1.499653e-03
-1.189133e-03
-7.988128e-04
-3.693430e-04
-9.298410e-05
5.960510e-05
2.478492e-04
5.089353e-04
7.883260e-04
1.042656e-03
1.330030e-03
1.561859e-03
1.544957e-03
1.350360e-03
1.017467e-03
6.240894e-04
1.903654e-04
-2.794736e-04
-9.003921e-04
-1.581200e-03
-2.083202e-03
-2.329050e-03
-2.201101e-03
-1.752376e-03
-1.125831e-03
-4.931101e-04
1.808876e-04
9.041143e-04
1.691767e-03
2.701551e-03
3.791963e-03
4.870338e-03
5.847101e-03
6.611077e-03
7.108960e-03
7.381728e-03
7.322005e-03
7.010797e-03
6.540904e-03
6.066758e-03
5.564977e-03
5.128809e-03
4.720856e-03
4.280106e-03
3.772276e-03
3.320660e-03
2.853096e-03
2.389516e-03
1.842552e-03
1.065854e-03
5.266222e-05
-8.862691e-04
-1.522505e-03
-1.746701e-03
-1.416629e-03
-5.968636e-04
4.525725e-04
1.616783e-03
2.589533e-03
3.289030e-03
3.767999e-03
4.038607e-03
3.918619e-03
3.532498e-03
3.004458e-03
2.291820e-03
1.403540e-03
6.150613e-04
5.997951e-05
-3.847550e-04
-8.603750e-04
-1.316882e-03
-1.838229e-03
-2.419376e-03
-2.857644e-03
-3.182660e-03
-3.430651e-03
-3.730227e-03
-4.061982e-03
-4.277488e-03
-4.212301e-03
-3.999230e-03
-3.737555e-03
-3.542457e-03
-3.176253e-03
-2.478040e-03
-1.491574e-03
-4.923052e-04
4.735523e-04
1.284250e-03
1.821563e-03
1.726699e-03
1.020645e-03
8.945922e-06
-1.158717e-03
-2.136737e-03
-3.085469e-03
-3.863692e-03
-4.470727e-03
-4.827985e-03
-4.586057e-03
-4.209058e-03
-3.640516e-03
-2.933687e-03
-2.169496e-03
-1.413152e-03
-6.621437e-04
-1.420881e-04
6.597180e-05
-1.270268e-04
-6.632282e-04
-1.416592e-03
-2.132510e-03
-2.771226e-03
-3.196528e-03
-3.596998e-03
-4.204695e-03
-4.966564e-03
-5.632251e-03
-6.123652e-03
-6.261726e-03
-5.946842e-03
-5.445269e-03
-5.091737e-03
-4.452227e-03
-3.763605e-03
-3.241791e-03
-2.653480e-03
-1.935938e-03
-1.283129e-03
-9.072257e-04
-4.385559e-04
2.007850e-04
8.826580e-04
1.706432e-03
2.456945e-03
2.723206e-03
2.444417e-03
1.661851e-03
4.895341e-04
-6.888840e-04
-1.679846e-03
-2.449645e-03
-3.086999e-03
-3.575072e-03
-4.017415e-03
-4.301484e-03
-4.216975e-03
-3.815090e-03
-3.116367e-03
-2.239817e-03
-1.091727e-03
4.592762e-05
8.370637e-04
1.471581e-03
1.990701e-03
2.559907e-03
3.168707e-03
3.665113e-03
4.072525e-03
4.470456e-03
4.937176e-03
5.353472e-03
5.532878e-03
5.568786e-03
5.478973e-03
5.553186e-03
5.831264e-03
6.204951e-03
6.514264e-03
6.642430e-03
6.678940e-03
6.607655e-03
6.407333e-03
6.087834e-03
5.748076e-03
5.568770e-03
5.520855e-03
5.460019e-03
5.312099e-03
5.016258e-03
4.591399e-03
4.142656e-03
3.586130e-03
2.891564e-03
2.247264e-03
1.599848e-03
9.926460e-04
4.869871e-04
3.990990e-04
7.307070e-04
1.104109e-03
1.576776e-03
2.067666e-03
2.615884e-03
3.257241e-03
3.787934e-03
4.285999e-03
4.744323e-03
5.232682e-03
5.576253e-03
5.419923e-03
4.883449e-03
4.412536e-03
3.933981e-03
3.305004e-03
2.666721e-03
2.277627e-03
1.684493e-03
9.617813e-04
7.162461e-05
-1.120486e-03
-2.492868e-03
-4.000031e-03
-5.608207e-03
-7.228193e-03
-8.657535e-03
-9.598911e-03
-9.720690e-03
-8.966836e-03
-7.903845e-03
-6.625194e-03
-5.310372e-03
-4.206801e-03
-2.940718e-03
-1.561063e-03
-4.023881e-05
1.690503e-03
3.585604e-03
5.431435e-03
6.845290e-03
7.761552e-03
8.051752e-03
7.709529e-03
6.759293e-03
5.283011e-03
3.625252e-03
1.879439e-03
6.183679e-05
-1.704450e-03
-3.316944e-03
-4.559805e-03
-5.635220e-03
-6.738022e-03
-7.832770e-03
-8.788639e-03
-9.607991e-03
-1.040221e-02
-1.096112e-02
-1.114178e-02
-1.083938e-02
-1.002735e-02
-8.764912e-03
-7.316375e-03
-5.784691e-03
-4.237601e-03
-2.802601e-03
-1.577034e-03
-2.020655e-04
1.174377e-03
2.413834e-03
3.456775e-03
4.262607e-03
4.973715e-03
5.869248e-03
6.854180e-03
7.695958e-03
8.372274e-03
8.653995e-03
8.507460e-03
7.882739e-03
7.152208e-03
6.549370e-03
5.941854e-03
5.341553e-03
4.514399e-03
3.509203e-03
2.525505e-03
1.842285e-03
1.324646e-03
1.053923e-03
1.260461e-03
1.853244e-03
2.729762e-03
3.619930e-03
4.466443e-03
5.371659e-03
6.237725e-03
7.189969e-03
8.225246e-03
9.300355e-03
1.003902e-02
1.023479e-02
9.987442e-03
9.493727e-03
8.955044e-03
8.215984e-03
7.371651e-03
6.568287e-03
5.645512e-03
4.556736e-03
3.228814e-03
1.914013e-03
6.266499e-04
-8.012558e-04
-2.246033e-03
-3.631491e-03
-4.874908e-03
-5.902118e-03
-6.707595e-03
-7.409981e-03
-7.958581e-03
-8.454447e-03
-8.842016e-03
-9.255632e-03
-9.608003e-03
-9.636583e-03
-9.416538e-03
-9.018305e-03
-8.537797e-03
-7.978333e-03
-7.245879e-03
-6.454278e-03
-5.493536e-03
-4.461227e-03
-3.252139e-03
-1.866546e-03
-4.700894e-04
8.454486e-04
1.989999e-03
2.930242e-03
3.719204e-03
4.257062e-03
4.559660e-03
4.983678e-03
5.636986e-03
6.422729e-03
7.298093e-03
8.040511e-03
8.130999e-03
7.801325e-03
7.153964e-03
6.348296e-03
5.755774e-03
5.078744e-03
4.192910e-03
3.135039e-03
1.865147e-03
4.666057e-04
-1.060499e-03
-2.738600e-03
-4.525294e-03
-6.268850e-03
-7.684372e-03
-8.739900e-03
-9.495229e-03
-1.000898e-02
-1.009648e-02
-9.724187e-03
-9.080653e-03
-8.166961e-03
-7.152725e-03
-6.316119e-03
-5.472663e-03
-4.561799e-03
-3.687460e-03
-2.800798e-03
-1.739420e-03
-6.192673e-04
3.270760e-04
7.820836e-04
6.475921e-04
2.227693e-04
-1.165880e-04
-6.601931e-04
-1.483827e-03
-2.432623e-03
-3.579568e-03
-4.646854e-03
-5.299482e-03
-5.359277e-03
-4.781675e-03
-3.926768e-03
-3.214547e-03
-2.681748e-03
-2.058471e-03
-1.115501e-03
6.191577e-05
1.079695e-03
1.880149e-03
2.663768e-03
3.201114e-03
3.425903e-03
3.663640e-03
4.042635e-03
4.560512e-03
5.113805e-03
5.776123e-03
6.532620e-03
7.566003e-03
8.716339e-03
9.654563e-03
1.025990e-02
1.053281e-02
1.027693e-02
9.620921e-03
8.721529e-03
7.577075e-03
6.355429e-03
5.103429e-03
3.730073e-03
2.102463e-03
3.705462e-04
-1.427152e-03
-3.219027e-03
-4.807779e-03
-6.094094e-03
-6.757471e-03
-6.428305e-03
-5.410121e-03
-4.462089e-03
-3.485014e-03
-2.434140e-03
-1.405364e-03
-2.993456e-04
5.720812e-04
9.273129e-04
5.208151e-04
-4.876368e-04
-1.834038e-03
-2.993440e-03
-4.057107e-03
-5.211724e-03
-6.424026e-03
-7.576849e-03
-8.564865e-03
-8.935972e-03
-8.734408e-03
-8.048196e-03
-7.190744e-03
-6.286695e-03
-5.193430e-03
-4.248251e-03
-3.772858e-03
-3.836735e-03
-4.381238e-03
-5.276281e-03
-6.283762e-03
-7.267691e-03
-7.942209e-03
-8.196816e-03
-7.779359e-03
-6.795418e-03
-5.446298e-03
-3.973359e-03
-2.503335e-03
-1.129915e-03
1.076524e-04
1.582696e-03
3.265159e-03
5.086323e-03
6.886332e-03
8.334168e-03
9.477251e-03
1.028826e-02
1.078214e-02
1.085104e-02
1.057302e-02
9.976073e-03
9.106650e-03
7.976200e-03
6.627700e-03
5.099720e-03
3.340336e-03
1.336913e-03
-8.123203e-04
-3.086588e-03
-5.369287e-03
-7.633018e-03
-9.547762e-03
-1.081239e-02
-1.118417e-02
-1.062616e-02
-9.439797e-03
-7.917046e-03
-6.099932e-03
-4.023979e-03
-1.830699e-03
5.383995e-04
2.895063e-03
5.043846e-03
6.401110e-03
6.733816e-03
6.184393e-03
5.163694e-03
4.054080e-03
2.956421e-03
2.098922e-03
1.336827e-03
6.799918e-04
-7.511639e-06
-7.629889e-04
-1.584524e-03
-2.234828e-03
-3.092249e-03
-4.273629e-03
-5.635541e-03
-7.235208e-03
-9.045997e-03
-1.045125e-02
-1.070752e-02
-9.620671e-03
-7.394919e-03
-4.801766e-03
-2.418166e-03
-9.421181e-05
1.991234e-03
3.912668e-03
5.760588e-03
7.336960e-03
8.747646e-03
9.953178e-03
1.085432e-02
1.145666e-02
1.192854e-02
1.223254e-02
1.218124e-02
1.192324e-02
1.156256e-02
1.121685e-02
1.069851e-02
9.924295e-03
9.060084e-03
8.277912e-03
7.507927e-03
6.826418e-03
6.160751e-03
5.607968e-03
5.148422e-03
4.673372e-03
4.129162e-03
3.608054e-03
2.926352e-03
2.134412e-03
1.300219e-03
1.830561e-04
-1.117584e-03
-2.092245e-03
-2.355375e-03
-1.751449e-03
-5.502548e-04
6.625741e-04
1.568880e-03
2.472676e-03
3.582518e-03
4.658471e-03
5.490430e-03
6.015660e-03
6.255346e-03
6.136126e-03
5.776477e-03
5.304893e-03
4.908393e-03
4.432717e-03
3.891507e-03
3.210461e-03
2.292961e-03
1.324723e-03
2.264979e-04
-1.107393e-03
-2.566615e-03
-4.138258e-03
-5.802941e-03
-7.456117e-03
-8.869683e-03
-9.751822e-03
-1.014085e-02
-9.935407e-03
-9.296441e-03
-8.396983e-03
-7.313360e-03
-6.226017e-03
-5.240005e-03
-4.296890e-03
-3.341539e-03
-2.506007e-03
-1.743359e-03
-1.241519e-03
-1.048155e-03
-1.292153e-03
-1.848547e-03
-2.556204e-03
-3.518274e-03
-4.550711e-03
-5.236156e-03
-5.434121e-03
-5.305190e-03
-5.015273e-03
-4.741719e-03
-4.601538e-03
-4.466880e-03
-4.616842e-03
-5.104816e-03
-5.813117e-03
-6.491711e-03
-6.868692e-03
-7.032689e-03
-7.018934e-03
-6.737589e-03
-6.095900e-03
-5.108521e-03
-4.002031e-03
-2.914849e-03
-1.792319e-03
-5.926602e-04
4.579894e-04
1.274459e-03
1.966376e-03
2.803542e-03
3.682697e-03
4.367869e-03
4.893487e-03
5.164622e-03
5.329787e-03
5.374714e-03
5.157225e-03
4.571335e-03
3.951733e-03
3.370471e-03
2.613153e-03
1.801604e-03
1.030375e-03
1.286066e-04
-7.647930e-04
-1.189581e-03
-8.127013e-04
2.875021e-04
1.515976e-03
2.514080e-03
3.480088e-03
4.305760e-03
5.091254e-03
5.786150e-03
6.024310e-03
6.203806e-03
6.487138e-03
6.868326e-03
7.250817e-03
7.401981e-03
7.465363e-03
7.460551e-03
7.347492e-03
7.108401e-03
6.753824e-03
6.372903e-03
5.981032e-03
5.386893e-03
4.602919e-03
3.845352e-03
2.992643e-03
1.832856e-03
5.188914e-04
-1.056942e-03
-2.770218e-03
-4.363577e-03
-5.685689e-03
-6.857836e-03
-7.952177e-03
-8.636908e-03
-8.694366e-03
-8.214925e-03
-7.518676e-03
-6.690636e-03
-5.844295e-03
-4.917769e-03
-3.947349e-03
-2.736681e-03
-1.224021e-03
5.222263e-04
2.315672e-03
3.925684e-03
5.216976e-03
5.899965e-03
5.996490e-03
5.765734e-03
5.339695e-03
4.873120e-03
4.381592e-03
3.810590e-03
3.284206e-03
2.631553e-03
1.933699e-03
1.275398e-03
3.748255e-04
-8.585626e-04
-2.179503e-03
-3.523598e-03
-4.894215e-03
-6.289890e-03
-7.733322e-03
-9.164214e-03
-9.982051e-03
-9.858695e-03
-9.011710e-03
-7.765898e-03
-6.618815e-03
-5.383373e-03
-3.976634e-03
-2.606017e-03
-1.391673e-03
-4.606378e-04
1.351007e-05
-2.276858e-04
-9.911707e-04
-2.054666e-03
-3.050839e-03
-4.221045e-03
-5.499797e-03
-6.683870e-03
-7.767796e-03
-8.564717e-03
-9.403710e-03
-1.013653e-02
-1.045669e-02
-1.039395e-02
-9.915797e-03
-8.950028e-03
-7.600216e-03
-6.085698e-03
-4.489418e-03
-2.898944e-03
-1.407670e-03
2.474522e-04
2.000625e-03
3.708159e-03
5.268336e-03
6.517505e-03
7.209757e-03
7.158382e-03
6.465481e-03
5.431073e-03
4.480363e-03
3.407818e-03
2.465248e-03
1.879455e-03
1.686590e-03
1.857077e-03
2.456750e-03
3.551842e-03
4.993534e-03
6.609265e-03
8.277236e-03
9.874684e-03
1.153617e-02
1.312248e-02
1.461575e-02
1.555396e-02
1.582056e-02
1.552215e-02
1.490395e-02
1.427274e-02
1.365193e-02
1.275664e-02
1.157442e-02
1.029979e-02
8.976410e-03
7.953356e-03
7.233407e-03
7.042938e-03
7.009366e-03
6.915075e-03
6.650191e-03
6.116302e-03
5.376965e-03
4.682023e-03
4.082497e-03
3.308535e-03
2.428350e-03
1.715709e-03
7.184085e-04
-6.350196e-04
-2.270352e-03
-4.259295e-03
-6.558232e-03
-9.001829e-03
-1.153111e-02
-1.389421e-02
-1.564618e-02
-1.691768e-02
-1.811408e-02
-1.902152e-02
-1.927558e-02
-1.879666e-02
-1.762631e-02
-1.592112e-02
-1.411356e-02
-1.243249e-02
-1.086725e-02
-9.188319e-03
-7.651588e-03
-6.490325e-03
-5.489951e-03
-4.460665e-03
-3.447981e-03
-2.421442e-03
-1.232824e-03
-4.204706e-05
1.148645e-03
2.465014e-03
4.046394e-03
5.528139e-03
6.539165e-03
6.943992e-03
6.666249e-03
5.800910e-03
4.575741e-03
3.332993e-03
2.010086e-03
4.496961e-04
-1.288293e-03
-3.104115e-03
-4.838758e-03
-6.332197e-03
-6.921683e-03
-6.327064e-03
-4.773143e-03
-3.029713e-03
-1.522090e-03
-9.883685e-05
1.170119e-03
2.127622e-03
3.163978e-03
4.264203e-03
5.262606e-03
5.885105e-03
6.029935e-03
5.909335e-03
5.563894e-03
5.087234e-03
4.675734e-03
4.287425e-03
3.945424e-03
3.750018e-03
3.488382e-03
3.097197e-03
2.675825e-03
2.424627e-03
2.200436e-03
2.016644e-03
1.968371e-03
1.873098e-03
1.832553e-03
1.606156e-03
1.324472e-03
8.462469e-04
1.346943e-04
-5.519118e-04
-7.658016e-04
-4.230585e-04
2.565616e-04
1.012421e-03
1.420305e-03
1.799247e-03
2.302771e-03
3.085740e-03
4.437661e-03
6.261951e-03
8.307198e-03
9.770734e-03
1.028690e-02
9.854613e-03
8.724376e-03
7.373588e-03
6.028122e-03
4.810201e-03
3.743727e-03
2.712769e-03
1.474721e-03
1.632493e-04
-1.211908e-03
-2.703869e-03
-4.347672e-03
-6.137019e-03
-7.952316e-03
-9.501027e-03
-1.030802e-02
-9.871200e-03
-8.415495e-03
-6.792217e-03
-5.065227e-03
-3.123960e-03
-1.016770e-03
1.273692e-03
3.608126e-03
5.983427e-03
8.174832e-03
1.012038e-02
1.162889e-02
1.271018e-02
1.330251e-02
1.338660e-02
1.298894e-02
1.234193e-02
1.141366e-02
1.026816e-02
8.922950e-03
7.547074e-03
6.260260e-03
5.121205e-03
4.166920e-03
3.331555e-03
2.666931e-03
2.273750e-03
2.383924e-03
2.908416e-03
3.775050e-03
4.763467e-03
5.680525e-03
6.591336e-03
7.680681e-03
8.815361e-03
9.757438e-03
1.013293e-02
9.774378e-03
8.892019e-03
7.704366e-03
6.473459e-03
5.263495e-03
3.999786e-03
2.504370e-03
6.880012e-04
-1.097246e-03
-2.682600e-03
-3.932010e-03
-4.558354e-03
-4.360516e-03
-3.450989e-03
-2.227903e-03
-9.203283e-04
4.037935e-04
1.736409e-03
3.115187e-03
4.561530e-03
5.660229e-03
5.906248e-03
5.467143e-03
4.667780e-03
3.580776e-03
2.327315e-03
9.530498e-04
-6.233867e-04
-2.343434e-03
-4.002178e-03
-5.540863e-03
-6.738820e-03
-7.372755e-03
-7.592526e-03
-7.180333e-03
-6.155611e-03
-4.846926e-03
-3.400360e-03
-2.235526e-03
-1.554849e-03
-1.405543e-03
-1.786323e-03
-2.297422e-03
-2.494713e-03
-2.080498e-03
-1.350690e-03
-9.333858e-04
-1.125254e-03
-1.869812e-03
-3.049746e-03
-4.249178e-03
-4.946581e-03
-4.812414e-03
-3.839000e-03
-2.498824e-03
-1.252827e-03
-5.183898e-05
1.385197e-03
2.882047e-03
4.323786e-03
5.609995e-03
6.856494e-03
7.976750e-03
8.786872e-03
9.220669e-03
9.220568e-03
8.741275e-03
7.873710e-03
6.368643e-03
4.273284e-03
1.925061e-03
-5.877765e-04
-3.095566e-03
-5.217111e-03
-7.150057e-03
-8.820669e-03
-1.024313e-02
-1.128913e-02
-1.172895e-02
-1.149045e-02
-1.073434e-02
-9.615780e-03
-8.208028e-03
-6.458632e-03
-4.671904e-03
-2.782694e-03
-8.421028e-04
1.088057e-03
3.021052e-03
4.707147e-03
6.188633e-03
7.315210e-03
8.064277e-03
8.455304e-03
8.094001e-03
6.932076e-03
5.443503e-03
3.779775e-03
2.009082e-03
-2.857887e-05
-2.090157e-03
-4.162810e-03
-6.141266e-03
-7.978817e-03
-9.731881e-03
-1.136461e-02
-1.272272e-02
-1.390511e-02
-1.477028e-02
-1.523109e-02
-1.519145e-02
-1.443337e-02
-1.327989e-02
-1.207100e-02
-1.091783e-02
-9.882004e-03
-9.318841e-03
-8.971932e-03
-8.747023e-03
-8.421441e-03
-7.890848e-03
-7.274015e-03
-6.835712e-03
-6.577090e-03
-6.467188e-03
-6.314305e-03
-5.976942e-03
-5.419016e-03
-4.739916e-03
-4.253536e-03
-3.951161e-03
-3.565050e-03
-3.032122e-03
-2.462302e-03
-2.003215e-03
-1.659476e-03
-1.328491e-03
-9.326146e-04
-5.625361e-04
-4.852295e-04
-8.502687e-04
-1.259620e-03
-1.478098e-03
-1.775995e-03
-2.282402e-03
-2.993945e-03
-3.747032e-03
-4.491793e-03
-5.447267e-03
-6.505596e-03
-7.407979e-03
-8.264977e-03
-8.715042e-03
-8.444976e-03
-7.579303e-03
-6.261404e-03
-4.779109e-03
-3.502916e-03
-2.327435e-03
-1.198555e-03
-6.797232e-05
1.129850e-03
2.344983e-03
3.600617e-03
4.740340e-03
5.666798e-03
6.276704e-03
6.205992e-03
5.443549e-03
4.218630e-03
2.938591e-03
1.833497e-03
6.649275e-04
-4.907806e-04
-1.629530e-03
-2.519701e-03
-3.355475e-03
-3.896048e-03
-3.698367e-03
-3.054172e-03
-2.317282e-03
-1.441086e-03
-6.309422e-04
-1.251277e-05
1.622279e-04
-3.699359e-04
-1.550574e-03
-3.152568e-03
-5.172094e-03
-7.606253e-03
-1.023785e-02
-1.290407e-02
-1.558634e-02
-1.834584e-02
-2.114157e-02
-2.378889e-02
-2.613564e-02
-2.827487e-02
-3.005348e-02
-3.149808e-02
-3.260867e-02
-3.339821e-02
-3.408486e-02
-3.474928e-02
-3.519523e-02
-3.545930e-02
-3.560742e-02
-3.584341e-02
-3.629439e-02
-3.696925e-02
-3.771658e-02
-3.834398e-02
-3.900563e-02
-3.978141e-02
-4.048510e-02
-4.124832e-02
-4.234512e-02
-4.366063e-02
-4.499365e-02
-4.626296e-02
-4.742703e-02
-4.852499e-02
-4.969087e-02
-5.089765e-02
-5.200024e-02
-5.298857e-02
-5.397192e-02
-5.504492e-02
-5.609976e-02
-5.716319e-02
-5.797996e-02
-5.835437e-02
-5.825559e-02
-5.761240e-02
-5.671139e-02
-5.594135e-02
-5.504229e-02
-5.393137e-02
-5.243985e-02
-5.052865e-02
-4.816013e-02
-4.538212e-02
-4.207271e-02
-3.801006e-02
-3.320124e-02
-2.812792e-02
-2.355588e-02
-1.952376e-02
-1.612245e-02
-1.314243e-02
-1.039893e-02
-7.662778e-03
-5.107661e-03
-2.443954e-03
5.658296e-04
3.750852e-03
6.962077e-03
9.968440e-03
1.290656e-02
1.581100e-02
1.864214e-02
2.134553e-02
2.385271e-02
2.613609e-02
2.829430e-02
3.059523e-02
3.302443e-02
3.519520e-02
3.694107e-02
3.827572e-02
3.891143e-02
3.851780e-02
3.703063e-02
3.457155e-02
3.122825e-02
2.728732e-02
2.290093e-02
1.797384e-02
1.277277e-02
7.529022e-03
2.728802e-03
-1.364737e-03
-4.825898e-03
-7.660935e-03
-9.910962e-03
-1.166178e-02
-1.315891e-02
-1.462133e-02
-1.584117e-02
-1.695605e-02
-1.786318e-02
-1.851174e-02
-1.910717e-02
-1.985375e-02
-2.062226e-02
-2.097139e-02
-2.071413e-02
-1.997434e-02
-1.886948e-02
-1.744054e-02
-1.560120e-02
-1.366200e-02
-1.156460e-02
-9.432378e-03
-7.422541e-03
-5.319772e-03
-3.097484e-03
-9.867819e-04
1.102435e-03
3.323905e-03
5.483337e-03
7.542908e-03
9.752508e-03
1.206605e-02
1.449972e-02
1.741049e-02
2.064983e-02
2.400743e-02
2.763208e-02
3.126086e-02
3.508568e-02
3.898488e-02
4.282757e-02
4.669104e-02
5.038365e-02
5.412156e-02
5.773462e-02
6.141784e-02
6.526671e-02
6.902310e-02
7.267681e-02
7.616015e-02
7.939101e-02
8.261129e-02
8.588320e-02
8.905435e-02
9.201727e-02
9.478264e-02
9.723216e-02
9.923007e-02
1.007762e-01
1.019406e-01
1.026073e-01
1.026734e-01
1.022238e-01
1.011749e-01
9.931021e-02
9.614200e-02
9.159246e-02
8.591427e-02
7.934049e-02
7.234157e-02
6.515806e-02
5.795476e-02
5.101556e-02
4.436147e-02
3.838675e-02
3.304783e-02
2.853179e-02
2.499960e-02
2.212540e-02
1.946725e-02
1.711335e-02
1.490449e-02
1.282090e-02
1.101759e-02
9.402123e-03
7.959166e-03
6.320130e-03
4.468378e-03
2.702927e-03
9.865227e-04
-6.006984e-04
-1.938276e-03
-3.025175e-03
-3.832556e-03
-4.231112e-03
-4.161459e-03
-3.448764e-03
-2.272919e-03
-7.081494e-04
1.429007e-03
4.257617e-03
7.732310e-03
1.172398e-02
1.581586e-02
1.978172e-02
2.351805e-02
2.697098e-02
3.014459e-02
3.284079e-02
3.494314e-02
3.618629e-02
3.602308e-02
3.438394e-02
3.155097e-02
2.792753e-02
2.363285e-02
1.886259e-02
1.429265e-02
1.015427e-02
6.592839e-03
3.531921e-03
1.090151e-03
-8.630740e-04
-2.028122e-03
-2.408573e-03
-2.129771e-03
-1.397135e-03
-6.804884e-04
-5.379851e-04
-8.818908e-04
-1.797392e-03
-3.328041e-03
-5.175139e-03
-7.157916e-03
-9.543518e-03
-1.240349e-02
-1.576193e-02
-1.975146e-02
-2.427321e-02
-2.888214e-02
-3.330980e-02
-3.754168e-02
-4.143699e-02
-4.487001e-02
-4.786153e-02
-5.056613e-02
-5.294518e-02
-5.495055e-02
-5.664555e-02
-5.782352e-02
-5.821649e-02
-5.787639e-02
-5.686793e-02
-5.551743e-02
-5.400872e-02
-5.238596e-02
-5.072743e-02
-4.911490e-02
-4.737968e-02
-4.526473e-02
-4.273219e-02
-4.014288e-02
-3.800554e-02
-3.601501e-02
-3.401366e-02
-3.172338e-02
-2.949277e-02
-2.736768e-02
-2.509142e-02
-2.262322e-02
-2.025923e-02
-1.813568e-02
-1.615873e-02
-1.428195e-02
-1.270822e-02
-1.142219e-02
-1.041469e-02
-9.688556e-03
-9.088164e-03
-8.516819e-03
-7.779220e-03
-6.872680e-03
-6.024432e-03
-5.193466e-03
-4.425543e-03
-4.105155e-03
-3.987302e-03
-3.937977e-03
-3.978636e-03
-4.135292e-03
-4.462029e-03
-4.960645e-03
-5.531815e-03
-6.022454e-03
-6.507188e-03
-7.144572e-03
-8.062883e-03
-9.149107e-03
-1.042445e-02
-1.162280e-02
-1.254660e-02
-1.313206e-02
-1.342557e-02
-1.320104e-02
-1.221774e-02
-1.067461e-02
-8.682840e-03
-6.307493e-03
-3.762248e-03
-9.674631e-04
2.079811e-03
5.123836e-03
8.222537e-03
1.097482e-02
1.333886e-02
1.528965e-02
1.686248e-02
1.804396e-02
1.862790e-02
1.848943e-02
1.776138e-02
1.665188e-02
1.525665e-02
1.366852e-02
1.190798e-02
1.006209e-02
8.332965e-03
6.804388e-03
5.519987e-03
4.664408e-03
4.413117e-03
4.961408e-03
6.422777e-03
8.556316e-03
1.117469e-02
1.445074e-02
1.824722e-02
2.259949e-02
2.750545e-02
3.275302e-02
3.795230e-02
4.285095e-02
4.722496e-02
5.115864e-02
5.461571e-02
5.764541e-02
6.051074e-02
6.326764e-02
6.591648e-02
6.848184e-02
7.105154e-02
7.373081e-02
7.624202e-02
7.841473e-02
8.024177e-02
8.189890e-02
8.337747e-02
8.449837e-02
8.505446e-02
8.495003e-02
8.440986e-02
8.373502e-02
8.337382e-02
8.361693e-02
8.415405e-02
8.461493e-02
8.447323e-02
8.358097e-02
8.215757e-02
8.028068e-02
7.821495e-02
7.591725e-02
7.340383e-02
7.053712e-02
6.741788e-02
6.415662e-02
6.097486e-02
5.829154e-02
5.615186e-02
5.466672e-02
5.398610e-02
5.406936e-02
5.497403e-02
5.686695e-02
5.960346e-02
6.281494e-02
6.633884e-02
6.997740e-02
7.373134e-02
7.741551e-02
8.106784e-02
8.468763e-02
8.789958e-02
9.093504e-02
9.390268e-02
9.675381e-02
9.940576e-02
1.017477e-01
1.037873e-01
1.060813e-01
1.083349e-01
1.103648e-01
1.115859e-01
1.110460e-01
1.079522e-01
1.020874e-01
9.394544e-02
8.411510e-02
7.293950e-02
6.109391e-02
4.963645e-02
3.929484e-02
2.977346e-02
2.082325e-02
1.248504e-02
4.864586e-03
-2.326179e-03
-9.203359e-03
-1.608877e-02
-2.306961e-02
-3.017268e-02
-3.760027e-02
-4.555396e-02
-5.413136e-02
-6.307142e-02
-7.202451e-02
-8.092233e-02
-8.905380e-02
-9.599155e-02
-1.017010e-01
-1.061130e-01
-1.094190e-01
-1.117119e-01
-1.134955e-01
-1.149165e-01
-1.161194e-01
-1.172145e-01
-1.183394e-01
-1.196247e-01
-1.208872e-01
-1.219908e-01
-1.225238e-01
-1.224883e-01
-1.217211e-01
-1.203530e-01
-1.184442e-01
-1.157475e-01
-1.116996e-01
-1.061057e-01
-9.936870e-02
-9.172553e-02
-8.335908e-02
-7.439147e-02
-6.534681e-02
-5.634319e-02
-4.771901e-02
-3.981909e-02
-3.280448e-02
-2.675188e-02
-2.179005e-02
-1.789333e-02
-1.487566e-02
-1.231046e-02
-9.886550e-03
-7.823926e-03
-6.167040e-03
-4.882155e-03
-4.097104e-03
-3.542919e-03
-3.099143e-03
-2.904226e-03
-2.812668e-03
-2.863676e-03
-3.210686e-03
-4.005534e-03
-5.297090e-03
-6.982327e-03
-9.122269e-03
-1.176630e-02
-1.507335e-02
-1.890856e-02
-2.307273e-02
-2.755536e-02
-3.210303e-02
-3.689965e-02
-4.265077e-02
-4.936500e-02
-5.676330e-02
-6.496070e-02
-7.394702e-02
-8.327392e-02
-9.230233e-02
-1.007367e-01
-1.084683e-01
-1.153212e-01
-1.213600e-01
-1.267645e-01
-1.314269e-01
-1.352578e-01
-1.384733e-01
-1.412994e-01
-1.436059e-01
-1.452080e-01
-1.460657e-01
-1.461933e-01
-1.453224e-01
-1.436037e-01
-1.410963e-01
-1.377183e-01
-1.331867e-01
-1.273218e-01
-1.202109e-01
-1.124480e-01
-1.040829e-01
-9.536644e-02
-8.694360e-02
-7.940330e-02
-7.294371e-02
-6.726274e-02
-6.208151e-02
-5.804631e-02
-5.482212e-02
-5.214317e-02
-4.988109e-02
-4.824054e-02
-4.731753e-02
-4.707218e-02
-4.775139e-02
-4.905982e-02
-5.041940e-02
-5.181641e-02
-5.286291e-02
-5.336805e-02
-5.331880e-02
-5.277001e-02
-5.173704e-02
-5.035302e-02
-4.877749e-02
-4.694406e-02
-4.505809e-02
-4.295963e-02
-4.056894e-02
-3.790381e-02
-3.460770e-02
-3.019230e-02
-2.466100e-02
-1.806723e-02
-1.018397e-02
-9.178341e-04
9.639379e-03
2.125945e-02
3.256066e-02
4.157008e-02
4.895535e-02
5.571934e-02
6.191299e-02
6.754725e-02
7.280330e-02
7.729686e-02
8.099220e-02
8.402055e-02
8.676696e-02
8.910364e-02
9.080056e-02
9.180312e-02
9.180025e-02
9.063768e-02
8.827320e-02
8.481513e-02
7.989237e-02
7.330725e-02
6.565605e-02
5.786199e-02
4.994604e-02
4.257036e-02
3.609429e-02
3.066238e-02
2.625591e-02
2.237152e-02
1.912084e-02
1.614906e-02
1.335844e-02
1.054547e-02
7.378454e-03
3.913743e-03
-1.837648e-04
-4.960996e-03
-1.003525e-02
-1.529483e-02
-2.008159e-02
-2.441559e-02
-2.840944e-02
-3.197257e-02
-3.515596e-02
-3.805973e-02
-4.051234e-02
-4.220212e-02
-4.292489e-02
-4.239219e-02
-4.097478e-02
-3.902663e-02
-3.676641e-02
-3.426151e-02
-3.135653e-02
-2.787646e-02
-2.436590e-02
-2.088705e-02
-1.748708e-02
-1.411470e-02
-1.090682e-02
-8.078353e-03
-5.607050e-03
-3.527153e-03
-1.721624e-03
9.652399e-05
1.669566e-03
3.216722e-03
4.879716e-03
6.889468e-03
9.051205e-03
1.147186e-02
1.423960e-02
1.728275e-02
2.049207e-02
2.371484e-02
2.686300e-02
3.010820e-02
3.347835e-02
3.685255e-02
4.044229e-02
4.415162e-02
4.758812e-02
5.065139e-02
5.339053e-02
5.566437e-02
5.737518e-02
5.862965e-02
5.964691e-02
6.055453e-02
6.110994e-02
6.124716e-02
6.104211e-02
6.036764e-02
5.915673e-02
5.753690e-02
5.545273e-02
5.268067e-02
4.916721e-02
4.527495e-02
4.144015e-02
3.743207e-02
3.349676e-02
2.985960e-02
2.657930e-02
2.362620e-02
2.060757e-02
1.741481e-02
1.416133e-02
1.077419e-02
7.305815e-03
3.575165e-03
-1.721469e-05
-3.428478e-03
-6.992758e-03
-1.086314e-02
-1.489770e-02
-1.884032e-02
-2.276698e-02
-2.651752e-02
-2.971579e-02
-3.264693e-02
-3.532866e-02
-3.762627e-02
-3.949832e-02
-4.099947e-02
-4.196060e-02
-4.207630e-02
-4.124527e-02
-3.978172e-02
-3.792319e-02
-3.576227e-02
-3.336161e-02
-3.041636e-02
-2.712492e-02
-2.396258e-02
-2.095959e-02
-1.828049e-02
-1.590182e-02
-1.342368e-02
-1.073352e-02
-7.659558e-03
-4.398057e-03
-9.152109e-04
2.993393e-03
7.231044e-03
1.138323e-02
1.536591e-02
1.957048e-02
2.404713e-02
2.831314e-02
3.235116e-02
3.613471e-02
3.965022e-02
4.278862e-02
4.554339e-02
4.790519e-02
5.019117e-02
5.245222e-02
5.460678e-02
5.665151e-02
5.833326e-02
5.964539e-02
6.065011e-02
6.132617e-02
6.163385e-02
6.176078e-02
6.164714e-02
6.110090e-02
5.996612e-02
5.828748e-02
5.641491e-02
5.417938e-02
5.156356e-02
4.855660e-02
4.537340e-02
4.223594e-02
3.891213e-02
3.533970e-02
3.160704e-02
2.762507e-02
2.354739e-02
1.938033e-02
1.522214e-02
1.111676e-02
7.287050e-03
3.973496e-03
1.197693e-03
-1.101269e-03
-2.958217e-03
-4.547280e-03
-5.863076e-03
-6.901669e-03
-7.839480e-03
-8.671057e-03
-9.574519e-03
-1.046643e-02
-1.136878e-02
-1.220947e-02
-1.313988e-02
-1.416933e-02
-1.546524e-02
-1.726564e-02
-1.944484e-02
-2.183427e-02
-2.441548e-02
-2.688359e-02
-2.911446e-02
-3.116319e-02
-3.295650e-02
-3.453552e-02
-3.578996e-02
-3.661792e-02
-3.708722e-02
-3.685312e-02
-3.616247e-02
-3.546901e-02
-3.470973e-02
-3.374038e-02
-3.269713e-02
-3.131726e-02
-2.953312e-02
-2.773985e-02
-2.590152e-02
-2.413095e-02
-2.235819e-02
-2.047684e-02
-1.854975e-02
-1.663393e-02
-1.460155e-02
-1.251102e-02
-1.024161e-02
-7.791208e-03
-5.008453e-03
-1.931312e-03
1.443433e-03
5.066836e-03
8.623214e-03
1.163044e-02
1.395021e-02
1.567949e-02
1.698337e-02
1.794114e-02
1.856673e-02
1.884161e-02
1.862218e-02
1.786130e-02
1.654757e-02
1.489378e-02
1.297959e-02
1.092036e-02
8.689648e-03
6.345538e-03
4.257117e-03
2.465247e-03
6.892690e-04
-1.161174e-03
-3.219597e-03
-5.655311e-03
-8.892368e-03
-1.295081e-02
-1.769564e-02
-2.292923e-02
-2.864196e-02
-3.460014e-02
-4.062351e-02
-4.647450e-02
-5.178313e-02
-5.657872e-02
-6.098094e-02
-6.486822e-02
-6.818078e-02
-7.095707e-02
-7.329031e-02
-7.518925e-02
-7.668104e-02
-7.767625e-02
-7.802594e-02
-7.785071e-02
-7.723998e-02
-7.624211e-02
-7.489090e-02
-7.295344e-02
-7.049557e-02
-6.783745e-02
-6.501177e-02
-6.190563e-02
-5.837544e-02
-5.436376e-02
-5.001444e-02
-4.546800e-02
-4.138870e-02
-3.725092e-02
-3.286611e-02
-2.866499e-02
-2.452426e-02
-2.035275e-02
-1.624174e-02
-1.224974e-02
-8.179745e-03
-4.285397e-03
-7.967892e-04
2.025753e-03
3.808093e-03
4.399489e-03
3.990830e-03
2.954551e-03
1.517298e-03
-1.698774e-04
-2.030233e-03
-3.708683e-03
-5.177493e-03
-6.650049e-03
-7.977079e-03
-8.994920e-03
-9.716180e-03
-9.848642e-03
-9.371777e-03
-8.543351e-03
-7.368448e-03
-5.913786e-03
-4.177171e-03
-2.093289e-03
3.328297e-04
3.135318e-03
6.213942e-03
9.397538e-03
1.249817e-02
1.541221e-02
1.833102e-02
2.139600e-02
2.471743e-02
2.832793e-02
3.206519e-02
3.574987e-02
3.947307e-02
4.308974e-02
4.619759e-02
4.913450e-02
5.203980e-02
5.493565e-02
5.787374e-02
6.085030e-02
6.384467e-02
6.676289e-02
6.952807e-02
7.239157e-02
7.523854e-02
7.790646e-02
8.028336e-02
8.227830e-02
8.394562e-02
8.516061e-02
8.605324e-02
8.625813e-02
8.560405e-02
8.433701e-02
8.243770e-02
7.967503e-02
7.594690e-02
7.136009e-02
6.618326e-02
6.040372e-02
5.419994e-02
4.770971e-02
4.120747e-02
3.494121e-02
2.890483e-02
2.336857e-02
1.869567e-02
1.487762e-02
1.224821e-02
1.092366e-02
1.087482e-02
1.212824e-02
1.406594e-02
1.637563e-02
1.898322e-02
2.197599e-02
2.552026e-02
2.928657e-02
3.297866e-02
3.626116e-02
3.930299e-02
4.210271e-02
4.446429e-02
4.622297e-02
4.732483e-02
4.765924e-02
4.718821e-02
4.618781e-02
4.504460e-02
4.417057e-02
4.388194e-02
4.471781e-02
4.632718e-02
4.835494e-02
5.054730e-02
5.241701e-02
5.378262e-02
5.475116e-02
5.516588e-02
5.491514e-02
5.406369e-02
5.256602e-02
5.040090e-02
4.711365e-02
4.255141e-02
3.658242e-02
2.918388e-02
2.086983e-02
1.233131e-02
4.168350e-03
-3.296511e-03
-1.055605e-02
-1.785143e-02
-2.479156e-02
-3.123147e-02
-3.726071e-02
-4.268434e-02
-4.753232e-02
-5.141001e-02
-5.425577e-02
-5.637809e-02
-5.805649e-02
-5.963786e-02
-6.086578e-02
-6.176215e-02
-6.231212e-02
-6.215900e-02
-6.118236e-02
-5.922820e-02
-5.642459e-02
-5.288233e-02
-4.856640e-02
-4.403898e-02
-3.915372e-02
-3.379379e-02
-2.811471e-02
-2.223709e-02
-1.673099e-02
-1.165345e-02
-7.033561e-03
-3.075915e-03
-1.033320e-04
2.201724e-03
4.322601e-03
6.158129e-03
7.671267e-03
9.201593e-03
1.058352e-02
1.201087e-02
1.349396e-02
1.500256e-02
1.631141e-02
1.720237e-02
1.794547e-02
1.849032e-02
1.876964e-02
1.886432e-02
1.876434e-02
1.836130e-02
1.758484e-02
1.648733e-02
1.507147e-02
1.361950e-02
1.202068e-02
1.066815e-02
1.002895e-02
1.013646e-02
1.116031e-02
1.290148e-02
1.528502e-02
1.790665e-02
2.046825e-02
2.291622e-02
2.531609e-02
2.771015e-02
2.996156e-02
3.207989e-02
3.380279e-02
3.500482e-02
3.536969e-02
3.462011e-02
3.291607e-02
3.071581e-02
2.838630e-02
2.603806e-02
2.385444e-02
2.170031e-02
1.915593e-02
1.614585e-02
1.290810e-02
9.635956e-03
6.298546e-03
2.912590e-03
-3.664906e-04
-3.659465e-03
-6.843529e-03
-9.601318e-03
-1.194642e-02
-1.392206e-02
-1.555677e-02
-1.683105e-02
-1.784713e-02
-1.870747e-02
-1.953270e-02
-1.999928e-02
-1.988724e-02
-1.930554e-02
-1.826142e-02
-1.687642e-02
-1.498622e-02
-1.232889e-02
-8.824550e-03
-4.854909e-03
-9.972695e-04
2.792061e-03
6.224571e-03
9.118350e-03
1.119150e-02
1.195697e-02
1.106443e-02
8.241812e-03
3.736119e-03
-1.996576e-03
-8.544122e-03
-1.558051e-02
-2.251954e-02
-2.877162e-02
-3.416354e-02
-3.875472e-02
-4.257206e-02
-4.541747e-02
-4.729885e-02
-4.795870e-02
-4.696090e-02
-4.458330e-02
-4.154735e-02
-3.776878e-02
-3.274932e-02
-2.633928e-02
-1.869657e-02
-1.048714e-02
-1.940132e-03
6.553772e-03
1.460473e-02
2.183259e-02
2.757387e-02
3.208538e-02
3.572610e-02
3.848402e-02
4.077345e-02
4.304124e-02
4.530036e-02
4.761038e-02
4.994402e-02
5.209433e-02
5.400964e-02
5.570836e-02
5.670639e-02
5.701106e-02
5.664122e-02
5.577588e-02
5.465943e-02
5.326834e-02
5.153241e-02
4.938080e-02
4.695478e-02
4.409501e-02
4.089929e-02
3.735994e-02
3.317925e-02
2.818187e-02
2.265012e-02
1.654431e-02
1.012665e-02
3.789474e-03
-2.226164e-03
-7.530128e-03
-1.210084e-02
-1.599098e-02
-1.934461e-02
-2.232954e-02
-2.496692e-02
-2.757569e-02
-2.998489e-02
-3.210775e-02
-3.403083e-02
-3.562066e-02
-3.699072e-02
-3.802771e-02
-3.830771e-02
-3.749870e-02
-3.541957e-02
-3.201035e-02
-2.720825e-02
-2.121766e-02
-1.457858e-02
-7.405037e-03
-4.117416e-04
6.212553e-03
1.237461e-02
1.780474e-02
2.239624e-02
2.621699e-02
2.965938e-02
3.296453e-02
3.604857e-02
3.895778e-02
4.181131e-02
4.463449e-02
4.747806e-02
5.035103e-02
5.297242e-02
5.525540e-02
5.726510e-02
5.866626e-02
5.930459e-02
5.922427e-02
5.850165e-02
5.710871e-02
5.514972e-02
5.258185e-02
4.948392e-02
4.597807e-02
4.213041e-02
3.778492e-02
3.335610e-02
2.878092e-02
2.392896e-02
1.846418e-02
1.262935e-02
6.473904e-03
-1.380099e-05
-6.618478e-03
-1.331024e-02
-2.022117e-02
-2.701638e-02
-3.317889e-02
-3.842895e-02
-4.250919e-02
-4.540420e-02
-4.747149e-02
-4.880609e-02
-4.938757e-02
-4.913713e-02
-4.824863e-02
-4.736464e-02
-4.635032e-02
-4.523194e-02
-4.393062e-02
-4.262023e-02
-4.153952e-02
-4.083051e-02
-4.056359e-02
-4.081583e-02
-4.143224e-02
-4.211952e-02
-4.293789e-02
-4.382204e-02
-4.472209e-02
-4.564431e-02
-4.679498e-02
-4.806733e-02
-4.935186e-02
-5.056569e-02
-5.198624e-02
-5.392615e-02
-5.614298e-02
-5.844514e-02
-6.094624e-02
-6.334245e-02
-6.555953e-02
-6.781597e-02
-6.988336e-02
-7.159579e-02
-7.313229e-02
-7.440934e-02
-7.523025e-02
-7.546299e-02
-7.517586e-02
-7.460695e-02
-7.397538e-02
-7.324067e-02
-7.249168e-02
-7.166309e-02
-7.094327e-02
-7.017567e-02
-6.916124e-02
-6.804917e-02
-6.670533e-02
-6.508353e-02
-6.332851e-02
-6.123101e-02
-5.906520e-02
-5.673035e-02
-5.398339e-02
-5.105556e-02
-4.826397e-02
-4.584068e-02
-4.353963e-02
-4.143911e-02
-3.932676e-02
-3.671045e-02
-3.376398e-02
-3.059620e-02
-2.727468e-02
-2.398516e-02
-2.070354e-02
-1.741665e-02
-1.424317e-02
-1.097651e-02
-7.602097e-03
-4.361039e-03
-1.660257e-03
4.637568e-04
2.355024e-03
3.870645e-03
4.944636e-03
5.614465e-03
5.494258e-03
4.524270e-03
3.147232e-03
2.060735e-03
1.723958e-03
2.281088e-03
3.584069e-03
5.356389e-03
7.203151e-03
9.134627e-03
1.163011e-02
1.452470e-02
1.792145e-02
2.168575e-02
2.522329e-02
2.851647e-02
3.144678e-02
3.415133e-02
3.673409e-02
3.930040e-02
4.203236e-02
4.465092e-02
4.697715e-02
4.895384e-02
5.068632e-02
5.223955e-02
5.393475e-02
5.544593e-02
5.633880e-02
5.649297e-02
5.614420e-02
5.548695e-02
5.468257e-02
5.370918e-02
5.280922e-02
5.188929e-02
5.085986e-02
4.958526e-02
4.819394e-02
4.673284e-02
4.517613e-02
4.355284e-02
4.190775e-02
4.023996e-02
3.849019e-02
3.701484e-02
3.584423e-02
3.494212e-02
3.423674e-02
3.364216e-02
3.312679e-02
3.266705e-02
3.199153e-02
3.104105e-02
2.986342e-02
2.850831e-02
2.712175e-02
2.575034e-02
2.438716e-02
2.297506e-02
2.141176e-02
1.958042e-02
1.743019e-02
1.508405e-02
1.277658e-02
1.047103e-02
8.301417e-03
6.712968e-03
5.397671e-03
4.230334e-03
3.156505e-03
2.048221e-03
1.144365e-03
6.904737e-04
1.109986e-03
2.220026e-03
3.791747e-03
5.668628e-03
7.732336e-03
1.014575e-02
1.258578e-02
1.503807e-02
1.769233e-02
2.036034e-02
2.295828e-02
2.550165e-02
2.805841e-02
3.043794e-02
3.245213e-02
3.415206e-02
3.573555e-02
3.724719e-02
3.895712e-02
4.080604e-02
4.255939e-02
4.437286e-02
4.619401e-02
4.782269e-02
4.934088e-02
5.082341e-02
5.225705e-02
5.359290e-02
5.475503e-02
5.567389e-02
5.637011e-02
5.695508e-02
5.715800e-02
5.673170e-02
5.593602e-02
5.486844e-02
5.378528e-02
5.277275e-02
5.193055e-02
5.122407e-02
5.059640e-02
5.034600e-02
5.043880e-02
5.075106e-02
5.132061e-02
5.216066e-02
5.323914e-02
5.465447e-02
5.600346e-02
5.677724e-02
5.684007e-02
5.619014e-02
5.476161e-02
5.265176e-02
5.002329e-02
4.684560e-02
4.312950e-02
3.896611e-02
3.466929e-02
3.043439e-02
2.646371e-02
2.298009e-02
2.009033e-02
1.769345e-02
1.581802e-02
1.438377e-02
1.330215e-02
1.256394e-02
1.201579e-02
1.134649e-02
1.029470e-02
8.576655e-03
6.326620e-03
3.789472e-03
8.354718e-04
-2.620950e-03
-6.284196e-03
-9.720148e-03
-1.271373e-02
-1.542504e-02
-1.816672e-02
-2.083982e-02
-2.338382e-02
-2.582760e-02
-2.820386e-02
-3.018601e-02
-3.169349e-02
-3.296849e-02
-3.394643e-02
-3.492662e-02
-3.582313e-02
-3.650560e-02
-3.670273e-02
-3.613921e-02
-3.534311e-02
-3.448576e-02
-3.354849e-02
-3.273336e-02
-3.230740e-02
-3.241477e-02
-3.279988e-02
-3.328760e-02
-3.382923e-02
-3.448123e-02
-3.511107e-02
-3.582415e-02
-3.657615e-02
-3.745759e-02
-3.850991e-02
-3.963575e-02
-4.080404e-02
-4.211043e-02
-4.358764e-02
-4.513809e-02
-4.657285e-02
-4.742237e-02
-4.725865e-02
-4.627542e-02
-4.476011e-02
-4.294598e-02
-4.079732e-02
-3.840627e-02
-3.602403e-02
-3.361400e-02
-3.123562e-02
-2.902218e-02
-2.694399e-02
-2.525466e-02
-2.391560e-02
-2.291341e-02
-2.228601e-02
-2.214131e-02
-2.241581e-02
-2.315587e-02
-2.431318e-02
-2.550791e-02
-2.633236e-02
-2.650642e-02
-2.589027e-02
-2.440362e-02
-2.252936e-02
-2.086959e-02
-1.957381e-02
-1.843603e-02
-1.775791e-02
-1.770398e-02
-1.812865e-02
-1.888722e-02
-1.978400e-02
-2.088937e-02
-2.213147e-02
-2.358228e-02
-2.507878e-02
-2.679245e-02
-2.848635e-02
-3.023470e-02
-3.206325e-02
-3.409846e-02
-3.603893e-02
-3.775590e-02
-3.909390e-02
-4.005571e-02
-4.069156e-02
-4.111332e-02
-4.126194e-02
-4.132462e-02
-4.139025e-02
-4.142105e-02
-4.139181e-02
-4.121857e-02
-4.086236e-02
-4.034207e-02
-3.982195e-02
-3.927072e-02
-3.877154e-02
-3.854623e-02
-3.837418e-02
-3.804909e-02
-3.776330e-02
-3.733792e-02
-3.667152e-02
-3.586648e-02
-3.506057e-02
-3.437204e-02
-3.383327e-02
-3.317386e-02
-3.240549e-02
-3.165809e-02
-3.101477e-02
-3.057108e-02
-3.055309e-02
-3.088061e-02
-3.154125e-02
-3.246917e-02
-3.367097e-02
-3.500834e-02
-3.641093e-02
-3.790868e-02
-3.954350e-02
-4.134587e-02
-4.325429e-02
-4.511867e-02
-4.712152e-02
-4.925163e-02
-5.151464e-02
-5.394831e-02
-5.665518e-02
-5.944055e-02
-6.222085e-02
-6.500273e-02
-6.779240e-02
-7.064764e-02
-7.362025e-02
-7.661930e-02
-7.929280e-02
-8.156636e-02
-8.340001e-02
-8.488580e-02
-8.597572e-02
-8.675225e-02
-8.702704e-02
-8.679911e-02
-8.605032e-02
-8.476529e-02
-8.311813e-02
-8.138908e-02
-7.988614e-02
-7.884933e-02
-7.859148e-02
-7.923710e-02
-8.043739e-02
-8.164433e-02
-8.246889e-02
-8.253885e-02
-8.151736e-02
-7.884424e-02
-7.395792e-02
-6.666624e-02
-5.753316e-02
-4.748307e-02
-3.735170e-02
-2.762791e-02
-1.884204e-02
-1.135178e-02
-4.568894e-03
1.985412e-03
8.017505e-03
1.314518e-02
1.739020e-02
2.094460e-02
2.387445e-02
2.646213e-02
2.889442e-02
3.104840e-02
3.246387e-02
3.291107e-02
3.253576e-02
3.148853e-02
2.993950e-02
2.799379e-02
2.575158e-02
2.339507e-02
2.106972e-02
1.938597e-02
1.895215e-02
1.994424e-02
2.227463e-02
2.544959e-02
2.942973e-02
3.445085e-02
4.031224e-02
4.666931e-02
5.320871e-02
5.937703e-02
6.488661e-02
6.949537e-02
7.281603e-02
7.460893e-02
7.452640e-02
7.234966e-02
6.796484e-02
6.133818e-02
5.272450e-02
4.272869e-02
3.202434e-02
2.132236e-02
1.112637e-02
2.174477e-03
-5.108655e-03
-1.056112e-02
-1.423641e-02
-1.661606e-02
-1.819708e-02
-1.888447e-02
-1.881923e-02
-1.835035e-02
-1.785404e-02
-1.735067e-02
-1.694396e-02
-1.649963e-02
-1.574413e-02
-1.438664e-02
-1.237931e-02
-9.672535e-03
-6.477749e-03
-2.619574e-03
2.139703e-03
7.883895e-03
1.465428e-02
2.261835e-02
3.162899e-02
4.130426e-02
5.129250e-02
6.135067e-02
7.129624e-02
8.090014e-02
8.994167e-02
9.830288e-02
1.061529e-01
1.135269e-01
1.201533e-01
1.259127e-01
1.304686e-01
1.337654e-01
1.361659e-01
1.380031e-01
1.394301e-01
1.400364e-01
1.391789e-01
1.356933e-01
1.277655e-01
1.138198e-01
9.327062e-02
6.769504e-02
4.149486e-02
1.784293e-02
-1.050014e-03
-1.429366e-02
-2.158403e-02
-2.204076e-02
-1.631822e-02
-6.318212e-03
6.115175e-03
2.034223e-02
3.561374e-02
5.111152e-02
6.580781e-02
7.889977e-02
9.013551e-02
9.894819e-02
1.054341e-01
1.098752e-01
1.128393e-01
1.149777e-01
1.157355e-01
1.135581e-01
1.057286e-01
8.994606e-02
6.533417e-02
3.405170e-02
2.245765e-03
-2.546108e-02
-4.689088e-02
-6.297452e-02
-7.613229e-02
-8.730434e-02
-9.635407e-02
-1.029538e-01
-1.063906e-01
-1.062623e-01
-1.025419e-01
-9.524614e-02
-8.448764e-02
-7.044266e-02
-5.389319e-02
-3.652755e-02
-2.091362e-02
-7.880749e-03
2.044505e-03
8.320104e-03
1.112388e-02
1.118745e-02
9.207211e-03
5.847299e-03
1.637956e-03
-2.848665e-03
-7.214803e-03
-1.112287e-02
-1.469855e-02
-1.822373e-02
-2.216373e-02
-2.669446e-02
-3.178211e-02
-3.787538e-02
-4.467778e-02
-5.189487e-02
-5.927744e-02
-6.693421e-02
-7.463051e-02
-8.237600e-02
-8.997225e-02
-9.714167e-02
-1.037746e-01
-1.100492e-01
-1.159376e-01
-1.219720e-01
-1.280924e-01
-1.340153e-01
-1.397099e-01
-1.449473e-01
-1.493273e-01
-1.521906e-01
-1.525399e-01
-1.496512e-01
-1.434903e-01
-1.334877e-01
-1.190603e-01
-1.002117e-01
-7.832392e-02
-5.592914e-02
-3.496493e-02
-1.710746e-02
-3.365168e-03
6.979130e-03
1.464158e-02
2.003703e-02
2.327405e-02
2.443700e-02
2.358361e-02
2.114837e-02
1.775763e-02
1.391980e-02
9.843292e-03
5.753606e-03
1.733648e-03
-2.219593e-03
-6.017185e-03
-9.430212e-03
-1.193952e-02
-1.293983e-02
-1.237417e-02
-1.004437e-02
-5.843728e-03
2.429000e-04
8.267072e-03
1.829817e-02
2.976588e-02
4.161216e-02
5.315969e-02
6.426821e-02
7.476141e-02
8.435902e-02
9.265492e-02
9.948110e-02
1.046379e-01
1.077094e-01
1.081617e-01
1.057446e-01
1.001228e-01
9.113789e-02
7.941971e-02
6.526215e-02
4.938454e-02
3.312013e-02
1.794786e-02
4.757037e-03
-5.552245e-03
-1.242760e-02
-1.605751e-02
-1.655919e-02
-1.443109e-02
-9.977206e-03
-3.691620e-03
3.897662e-03
1.245346e-02
2.196283e-02
3.198768e-02
4.194321e-02
5.132742e-02
5.959289e-02
6.642219e-02
7.192544e-02
7.609193e-02
7.908275e-02
8.109753e-02
8.205857e-02
8.156222e-02
7.970718e-02
7.690344e-02
7.327804e-02
6.879033e-02
6.354180e-02
5.758753e-02
5.105983e-02
4.450754e-02
3.848736e-02
3.371457e-02
3.014271e-02
2.780140e-02
2.695075e-02
2.727504e-02
2.830409e-02
2.951840e-02
3.082535e-02
3.198551e-02
3.280071e-02
3.314717e-02
3.275541e-02
3.193183e-02
3.097083e-02
2.991111e-02
2.861392e-02
2.725599e-02
2.589006e-02
2.450246e-02
2.309272e-02
2.166497e-02
2.039598e-02
1.959576e-02
1.924377e-02
1.952576e-02
2.032589e-02
2.146635e-02
2.275535e-02
2.386341e-02
2.487099e-02
2.597939e-02
2.701119e-02
2.790112e-02
2.837555e-02
2.814821e-02
2.727047e-02
2.573186e-02
2.354331e-02
2.068052e-02
1.733671e-02
1.367335e-02
9.961006e-03
6.488263e-03
3.209776e-03
1.981415e-04
-2.430699e-03
-5.386497e-03
-8.953806e-03
-1.303262e-02
-1.757611e-02
-2.219808e-02
-2.682078e-02
-3.106821e-02
-3.467126e-02
-3.736073e-02
-3.897307e-02
-3.926437e-02
-3.811191e-02
-3.568626e-02
-3.215009e-02
-2.788322e-02
-2.323740e-02
-1.843891e-02
-1.386510e-02
-1.008080e-02
-7.265924e-03
-5.506922e-03
-4.691276e-03
-4.750228e-03
-5.566220e-03
-7.070547e-03
-9.144491e-03
-1.173379e-02
-1.459945e-02
-1.749331e-02
-2.021627e-02
-2.251914e-02
-2.420424e-02
-2.523732e-02
-2.555296e-02
-2.514643e-02
-2.412019e-02
-2.246078e-02
-2.046361e-02
-1.835379e-02
-1.599044e-02
-1.340394e-02
-1.061890e-02
-7.767446e-03
-4.923433e-03
-2.117072e-03
6.303622e-04
3.364189e-03
6.194501e-03
9.326373e-03
1.291241e-02
1.669045e-02
2.079976e-02
2.524790e-02
2.950630e-02
3.352261e-02
3.719418e-02
4.040305e-02
4.284829e-02
4.392559e-02
4.319537e-02
4.115236e-02
3.812944e-02
3.412352e-02
2.921225e-02
2.329734e-02
1.674941e-02
9.869800e-03
3.182622e-03
-2.847963e-03
-8.512591e-03
-1.383386e-02
-1.880407e-02
-2.361608e-02
-2.859678e-02
-3.334220e-02
-3.766774e-02
-4.142158e-02
-4.464067e-02
-4.750818e-02
-4.999801e-02
-5.199266e-02
-5.323572e-02
-5.342040e-02
-5.247426e-02
-5.074847e-02
-4.868173e-02
-4.624968e-02
-4.367230e-02
-4.121389e-02
-3.892891e-02
-3.676639e-02
-3.482324e-02
-3.369577e-02
-3.326663e-02
-3.345368e-02
-3.403827e-02
-3.494103e-02
-3.634418e-02
-3.804208e-02
-3.978493e-02
-4.179230e-02
-4.411236e-02
-4.649692e-02
-4.866095e-02
-5.046120e-02
-5.151997e-02
-5.170450e-02
-5.092100e-02
-4.911797e-02
-4.605224e-02
-4.147679e-02
-3.571610e-02
-2.927716e-02
-2.227319e-02
-1.511818e-02
-8.465291e-03
-2.400371e-03
2.717187e-03
7.078626e-03
1.068617e-02
1.364178e-02
1.586099e-02
1.742149e-02
1.808247e-02
1.771840e-02
1.642386e-02
1.432329e-02
1.136870e-02
7.472195e-03
2.527930e-03
-3.293316e-03
-9.791760e-03
-1.584773e-02
-2.090003e-02
-2.505278e-02
-2.811976e-02
-3.028697e-02
-3.166001e-02
-3.234232e-02
-3.230137e-02
-3.169927e-02
-3.083302e-02
-3.005302e-02
-2.899492e-02
-2.767040e-02
-2.601986e-02
-2.397243e-02
-2.174366e-02
-1.965532e-02
-1.768009e-02
-1.567423e-02
-1.341686e-02
-1.075995e-02
-7.867188e-03
-4.730505e-03
-1.324410e-03
2.240413e-03
5.697160e-03
9.061805e-03
1.259878e-02
1.624001e-02
1.963019e-02
2.252041e-02
2.499992e-02
2.705282e-02
2.873655e-02
3.009483e-02
3.094393e-02
3.106976e-02
3.046771e-02
2.943551e-02
2.812586e-02
2.647482e-02
2.473872e-02
2.283018e-02
2.111579e-02
1.954275e-02
1.814882e-02
1.690180e-02
1.561007e-02
1.419043e-02
1.271342e-02
1.117374e-02
9.441311e-03
7.789701e-03
6.073107e-03
4.258447e-03
2.504887e-03
1.067786e-03
-1.015923e-04
-9.968071e-04
-1.424653e-03
-1.262625e-03
-5.101023e-04
1.412497e-03
4.946024e-03
1.012378e-02
1.698105e-02
2.512790e-02
3.419413e-02
4.361216e-02
5.290861e-02
6.194923e-02
7.048941e-02
7.801472e-02
8.439727e-02
8.920875e-02
9.226670e-02
9.347587e-02
9.294497e-02
9.016084e-02
8.478801e-02
7.644442e-02
6.467689e-02
4.908720e-02
3.021400e-02
9.033955e-03
-1.236354e-02
-3.154876e-02
-4.679518e-02
-5.828020e-02
-6.615620e-02
-6.997158e-02
-6.938491e-02
-6.463944e-02
-5.653707e-02
-4.554432e-02
-3.232372e-02
-1.783218e-02
-3.405211e-03
1.009257e-02
2.140406e-02
3.066379e-02
3.817606e-02
4.401640e-02
4.820217e-02
5.043954e-02
5.075810e-02
4.958524e-02
4.755322e-02
4.512169e-02
4.242556e-02
3.979141e-02
3.715900e-02
3.475279e-02
3.275653e-02
3.121891e-02
3.045111e-02
3.039726e-02
3.105068e-02
3.221857e-02
3.370607e-02
3.505367e-02
3.613195e-02
3.645174e-02
3.589626e-02
3.451055e-02
3.226917e-02
2.894863e-02
2.428079e-02
1.832421e-02
1.110480e-02
3.053675e-03
-5.521493e-03
-1.422596e-02
-2.270642e-02
-3.054172e-02
-3.728451e-02
-4.270002e-02
-4.678455e-02
-4.937584e-02
-5.039231e-02
-4.980600e-02
-4.800974e-02
-4.534975e-02
-4.215837e-02
-3.851325e-02
-3.445593e-02
-2.978944e-02
-2.462592e-02
-1.916581e-02
-1.352177e-02
-7.675858e-03
-1.643459e-03
4.106794e-03
9.378443e-03
1.387918e-02
1.734137e-02
1.931697e-02
1.920151e-02
1.747222e-02
1.487340e-02
1.166028e-02
7.818446e-03
3.410413e-03
-1.198820e-03
-5.690125e-03
-9.901529e-03
-1.399432e-02
-1.795157e-02
-2.145706e-02
-2.403796e-02
-2.503798e-02
-2.448029e-02
-2.285006e-02
-2.055929e-02
-1.796103e-02
-1.499445e-02
-1.147364e-02
-7.797216e-03
-4.395407e-03
-1.422402e-03
8.483679e-04
1.991515e-03
1.802554e-03
5.590919e-04
-1.213234e-03
-3.052922e-03
-4.914614e-03
-6.671477e-03
-8.169185e-03
-9.527752e-03
-1.074190e-02
-1.177102e-02
-1.261258e-02
-1.323237e-02
-1.337511e-02
-1.281995e-02
-1.168253e-02
-1.027838e-02
-8.650138e-03
-6.778188e-03
-4.719365e-03
-2.633794e-03
-4.297586e-04
1.770732e-03
3.879315e-03
5.720075e-03
6.913680e-03
6.883564e-03
5.609230e-03
3.298139e-03
-7.930857e-05
-4.194155e-03
-8.852656e-03
-1.369526e-02
-1.869081e-02
-2.333975e-02
-2.735369e-02
-3.099777e-02
-3.393258e-02
-3.587439e-02
-3.667853e-02
-3.633241e-02
-3.499837e-02
-3.329203e-02
-3.133032e-02
-2.967416e-02
-2.877394e-02
-2.888628e-02
-2.969048e-02
-3.097720e-02
-3.257967e-02
-3.413875e-02
-3.561262e-02
-3.700648e-02
-3.830258e-02
-3.948970e-02
-4.059382e-02
-4.171062e-02
-4.298243e-02
-4.411058e-02
-4.489291e-02
-4.522071e-02
-4.480379e-02
-4.365692e-02
-4.192285e-02
-3.990176e-02
-3.764570e-02
-3.509378e-02
-3.211375e-02
-2.892298e-02
-2.575786e-02
-2.273565e-02
-1.991078e-02
-1.748439e-02
-1.571798e-02
-1.482798e-02
-1.505819e-02
-1.614145e-02
-1.756931e-02
-1.855762e-02
-1.887864e-02
-1.846028e-02
-1.733166e-02
-1.560506e-02
-1.328894e-02
-1.042911e-02
-7.216459e-03
-3.730231e-03
-1.641589e-04
3.117514e-03
6.469375e-03
1.002622e-02
1.363630e-02
1.719404e-02
2.084936e-02
2.451820e-02
2.778082e-02
3.055066e-02
3.289288e-02
3.481926e-02
3.647147e-02
3.783995e-02
3.914924e-02
4.032299e-02
4.132221e-02
4.197811e-02
4.226941e-02
4.242794e-02
4.243499e-02
4.219720e-02
4.162161e-02
4.072402e-02
3.976333e-02
3.923381e-02
3.934960e-02
3.995111e-02
4.074060e-02
4.170198e-02
4.260156e-02
4.343850e-02
4.415863e-02
4.435427e-02
4.422491e-02
4.393155e-02
4.355875e-02
4.308006e-02
4.230795e-02
4.132654e-02
4.050422e-02
3.998085e-02
3.983519e-02
4.016180e-02
4.089019e-02
4.185605e-02
4.270950e-02
4.340266e-02
4.415111e-02
4.507257e-02
4.597124e-02
4.683282e-02
4.774263e-02
4.856905e-02
4.939552e-02
5.017088e-02
5.090024e-02
5.135374e-02
5.141518e-02
5.101768e-02
5.025787e-02
4.930784e-02
4.806563e-02
4.669478e-02
4.519855e-02
4.349769e-02
4.155069e-02
3.942209e-02
3.728456e-02
3.514235e-02
3.306961e-02
3.120300e-02
2.950702e-02
2.812469e-02
2.718886e-02
2.667036e-02
2.632841e-02
2.588659e-02
2.529997e-02
2.470899e-02
2.425282e-02
2.399130e-02
2.376591e-02
2.345728e-02
2.306194e-02
2.265476e-02
2.214457e-02
2.142496e-02
2.059012e-02
1.950887e-02
1.839051e-02
1.731506e-02
1.632929e-02
1.547874e-02
1.468968e-02
1.410166e-02
1.355524e-02
1.294472e-02
1.240606e-02
1.178035e-02
1.099020e-02
9.891085e-03
8.637790e-03
7.359636e-03
6.012933e-03
4.517072e-03
2.946383e-03
1.324646e-03
-5.027600e-04
-2.565736e-03
-4.747456e-03
-6.902361e-03
-8.906782e-03
-1.076934e-02
-1.278628e-02
-1.459667e-02
-1.606621e-02
-1.721684e-02
-1.819448e-02
-1.918645e-02
-2.001170e-02
-2.070649e-02
-2.129575e-02
-2.180473e-02
-2.219914e-02
-2.272801e-02
-2.343912e-02
-2.414343e-02
-2.481957e-02
-2.574503e-02
-2.693562e-02
-2.817039e-02
-2.945089e-02
-3.088508e-02
-3.258660e-02
-3.420496e-02
-3.585966e-02
-3.757865e-02
-3.921576e-02
-4.060616e-02
-4.194242e-02
-4.299083e-02
-4.378161e-02
-4.449018e-02
-4.526940e-02
-4.593134e-02
-4.614559e-02
-4.624434e-02
-4.634308e-02
-4.646935e-02
-4.664097e-02
-4.680264e-02
-4.685495e-02
-4.686843e-02
-4.683363e-02
-4.696256e-02
-4.702338e-02
-4.691527e-02
-4.691893e-02
-4.689455e-02
-4.659406e-02
-4.628137e-02
-4.576464e-02
-4.497337e-02
-4.409055e-02
-4.308667e-02
-4.174419e-02
-4.017605e-02
-3.846708e-02
-3.699168e-02
-3.601510e-02
-3.519831e-02
-3.461727e-02
-3.407626e-02
-3.333053e-02
-3.249574e-02
-3.191865e-02
-3.124494e-02
-3.048308e-02
-2.996753e-02
-2.983010e-02
-2.983181e-02
-2.983916e-02
-2.976165e-02
-2.949070e-02
-2.897444e-02
-2.828126e-02
-2.767054e-02
-2.724316e-02
-2.666936e-02
-2.589172e-02
-2.506576e-02
-2.410027e-02
-2.310851e-02
-2.222987e-02
-2.122951e-02
-2.001298e-02
-1.843454e-02
-1.667256e-02
-1.494832e-02
-1.352992e-02
-1.232759e-02
-1.123413e-02
-1.011946e-02
-9.000858e-03
-8.011941e-03
-7.112730e-03
-6.213637e-03
-5.439386e-03
-4.679496e-03
-3.900527e-03
-2.969322e-03
-1.959247e-03
-9.169118e-04
1.554381e-05
8.868841e-04
1.954699e-03
3.136284e-03
4.386584e-03
5.721802e-03
7.065454e-03
8.249043e-03
9.163024e-03
9.800672e-03
1.033061e-02
1.077398e-02
1.091115e-02
1.083859e-02
1.052586e-02
9.906840e-03
9.075002e-03
8.295348e-03
7.519787e-03
6.615300e-03
5.783062e-03
4.783007e-03
3.528062e-03
2.317589e-03
1.287066e-03
4.490313e-04
-2.863478e-04
-7.774663e-04
-1.074256e-03
-1.201401e-03
-1.329676e-03
-1.552564e-03
-1.851783e-03
-2.153991e-03
-2.418074e-03
-2.556615e-03
-2.508110e-03
-2.308115e-03
-1.978927e-03
-1.642652e-03
-1.500574e-03
-1.486595e-03
-1.470867e-03
-1.383562e-03
-1.146149e-03
-7.402993e-04
-2.527806e-04
1.063339e-04
4.741901e-04
8.202636e-04
1.257831e-03
2.002641e-03
3.033560e-03
4.147912e-03
5.366186e-03
6.602079e-03
7.986613e-03
9.394937e-03
1.069721e-02
1.181944e-02
1.270778e-02
1.345742e-02
1.432028e-02
1.521693e-02
1.600843e-02
1.693224e-02
1.779589e-02
1.846028e-02
1.902837e-02
1.932833e-02
1.914791e-02
1.846174e-02
1.767015e-02
1.682536e-02
1.576317e-02
1.471818e-02
1.377041e-02
1.291512e-02
1.211571e-02
1.118811e-02
1.034906e-02
9.720012e-03
9.244803e-03
9.192607e-03
9.524200e-03
1.026267e-02
1.135204e-02
1.243946e-02
1.328984e-02
1.432661e-02
1.559272e-02
1.703441e-02
1.883612e-02
2.084919e-02
2.284822e-02
2.489728e-02
2.679017e-02
2.833355e-02
2.975251e-02
3.092683e-02
3.209658e-02
3.318128e-02
3.430328e-02
3.512523e-02
3.554221e-02
3.537028e-02
3.463299e-02
3.341065e-02
3.193254e-02
3.013661e-02
2.780594e-02
2.536125e-02
2.285084e-02
2.037007e-02
1.817562e-02
1.630486e-02
1.456538e-02
1.292995e-02
1.133375e-02
9.830077e-03
8.353620e-03
6.896537e-03
5.503431e-03
4.217478e-03
3.078512e-03
2.050388e-03
1.047674e-03
2.598353e-04
-6.288374e-04
-1.543172e-03
-2.347387e-03
-3.182575e-03
-3.891941e-03
-4.630426e-03
-5.614075e-03
-6.697090e-03
-7.774942e-03
-8.891797e-03
-9.799781e-03
-1.069196e-02
-1.159453e-02
-1.236820e-02
-1.302589e-02
-1.377707e-02
-1.466004e-02
-1.572289e-02
-1.671667e-02
-1.778688e-02
-1.886535e-02
-2.000231e-02
-2.123566e-02
-2.237171e-02
-2.337893e-02
-2.434060e-02
-2.540504e-02
-2.646346e-02
-2.757361e-02
-2.863610e-02
-2.996130e-02
-3.145661e-02
-3.275924e-02
-3.398062e-02
-3.517759e-02
-3.608992e-02
-3.698684e-02
-3.781684e-02
-3.871108e-02
-3.973363e-02
-4.055631e-02
-4.143851e-02
-4.225118e-02
-4.282999e-02
-4.338992e-02
-4.375818e-02
-4.359935e-02
-4.339706e-02
-4.307803e-02
-4.260364e-02
-4.209451e-02
-4.134832e-02
-4.034675e-02
-3.924420e-02
-3.798749e-02
-3.670493e-02
-3.569594e-02
-3.514206e-02
-3.507166e-02
-3.536360e-02
-3.600936e-02
-3.687195e-02
-3.759848e-02
-3.809707e-02
-3.841161e-02
-3.830182e-02
-3.773587e-02
-3.687455e-02
-3.598509e-02
-3.510175e-02
-3.418215e-02
-3.295816e-02
-3.155939e-02
-3.009657e-02
-2.860010e-02
-2.710007e-02
-2.536868e-02
-2.336205e-02
-2.126632e-02
-1.893897e-02
-1.654638e-02
-1.437224e-02
-1.239065e-02
-1.032816e-02
-8.132152e-03
-5.909142e-03
-3.636287e-03
-1.364098e-03
7.172145e-04
2.612037e-03
4.554932e-03
6.532881e-03
8.589429e-03
1.077776e-02
1.287654e-02
1.488098e-02
1.666627e-02
1.844123e-02
2.019896e-02
2.198596e-02
2.380382e-02
2.545848e-02
2.683939e-02
2.803629e-02
2.913298e-02
3.023521e-02
3.119313e-02
3.224498e-02
3.323668e-02
3.426380e-02
3.538010e-02
3.671591e-02
3.843569e-02
4.032154e-02
4.216196e-02
4.400764e-02
4.580308e-02
4.742167e-02
4.902379e-02
5.061235e-02
5.208585e-02
5.326409e-02
5.404272e-02
5.464823e-02
5.515660e-02
5.554595e-02
5.562177e-02
5.550631e-02
5.525096e-02
5.489530e-02
5.458805e-02
5.415105e-02
5.351312e-02
5.282422e-02
5.244362e-02
5.231788e-02
5.221394e-02
5.203167e-02
5.172059e-02
5.130620e-02
5.092151e-02
5.044228e-02
4.983530e-02
4.915975e-02
4.829420e-02
4.741229e-02
4.661267e-02
4.573962e-02
4.491368e-02
4.398974e-02
4.284738e-02
4.145814e-02
4.013431e-02
3.906509e-02
3.811182e-02
3.738118e-02
3.679913e-02
3.643008e-02
3.604355e-02
3.530540e-02
3.424150e-02
3.292279e-02
3.179392e-02
3.071963e-02
2.961577e-02
2.866550e-02
2.780912e-02
2.683231e-02
2.582411e-02
2.465781e-02
2.325907e-02
2.174924e-02
2.017393e-02
1.859434e-02
1.698555e-02
1.523370e-02
1.359109e-02
1.199111e-02
1.036798e-02
8.779721e-03
7.149629e-03
5.464897e-03
3.681330e-03
2.223457e-03
1.011022e-03
-2.169834e-04
-1.363523e-03
-2.477350e-03
-3.663306e-03
-4.621461e-03
-5.386232e-03
-6.221169e-03
-6.958131e-03
-7.619102e-03
-8.433666e-03
-9.268385e-03
-9.950456e-03
-1.059643e-02
-1.115361e-02
-1.179561e-02
-1.260542e-02
-1.370097e-02
-1.486112e-02
-1.588054e-02
-1.673621e-02
-1.754045e-02
-1.839531e-02
-1.935228e-02
-2.029448e-02
-2.125814e-02
-2.234752e-02
-2.345208e-02
-2.467557e-02
-2.622336e-02
-2.785199e-02
-2.946141e-02
-3.109809e-02
-3.270928e-02
-3.437166e-02
-3.607089e-02
-3.779709e-02
-3.963197e-02
-4.148801e-02
-4.329810e-02
-4.485542e-02
-4.629280e-02
-4.765066e-02
-4.890400e-02
-5.008075e-02
-5.123872e-02
-5.242542e-02
-5.350069e-02
-5.450092e-02
-5.535021e-02
-5.609011e-02
-5.649228e-02
-5.661894e-02
-5.668812e-02
-5.673643e-02
-5.675044e-02
-5.665914e-02
-5.636258e-02
-5.576595e-02
-5.489696e-02
-5.396499e-02
-5.295210e-02
-5.170591e-02
-5.030979e-02
-4.873305e-02
-4.724162e-02
-4.575956e-02
-4.418587e-02
-4.248864e-02
-4.065736e-02
-3.882003e-02
-3.720416e-02
-3.568902e-02
-3.427308e-02
-3.304036e-02
-3.203827e-02
-3.125442e-02
-3.055685e-02
-3.009214e-02
-2.987811e-02
-2.982038e-02
-2.975737e-02
-2.957883e-02
-2.921056e-02
-2.864569e-02
-2.803342e-02
-2.769838e-02
-2.763327e-02
-2.742822e-02
-2.694193e-02
-2.617658e-02
-2.502562e-02
-2.367643e-02
-2.217708e-02
-2.046654e-02
-1.849817e-02
-1.631363e-02
-1.410695e-02
-1.184216e-02
-9.683733e-03
-7.524051e-03
-5.277972e-03
-3.205017e-03
-1.309826e-03
6.281318e-04
2.581449e-03
4.604818e-03
6.774533e-03
8.921018e-03
1.111936e-02
1.329726e-02
1.541495e-02
1.753924e-02
1.995568e-02
2.221569e-02
2.414054e-02
2.587023e-02
2.748192e-02
2.889510e-02
2.998117e-02
3.100343e-02
3.187393e-02
3.263642e-02
3.320067e-02
3.358664e-02
3.370339e-02
3.370503e-02
3.369501e-02
3.373503e-02
3.393435e-02
3.436590e-02
3.503424e-02
3.579448e-02
3.661368e-02
3.735289e-02
3.805256e-02
3.859828e-02
3.921185e-02
4.015344e-02
4.131826e-02
4.232867e-02
4.338100e-02
4.441807e-02
4.548547e-02
4.646533e-02
4.726106e-02
4.792109e-02
4.828103e-02
4.854294e-02
4.894020e-02
4.952704e-02
5.018325e-02
5.071303e-02
5.103745e-02
5.116958e-02
5.111489e-02
5.080258e-02
5.015349e-02
4.923091e-02
4.825273e-02
4.698399e-02
4.539893e-02
4.384799e-02
4.217645e-02
4.033241e-02
3.842103e-02
3.666161e-02
3.496624e-02
3.342968e-02
3.208531e-02
3.103030e-02
3.018102e-02
2.969632e-02
2.914558e-02
2.839703e-02
2.769220e-02
2.743126e-02
2.735133e-02
2.731618e-02
2.733152e-02
2.735074e-02
2.737572e-02
2.738765e-02
2.739761e-02
2.739591e-02
2.739371e-02
2.738700e-02
2.739273e-02
2.741595e-02
2.747369e-02
2.755387e-02
2.762723e-02
2.760982e-02
2.739689e-02
2.687642e-02
2.604724e-02
2.509087e-02
2.411339e-02
2.301310e-02
2.202778e-02
2.121472e-02
2.063705e-02
2.007411e-02
1.924307e-02
1.819813e-02
1.719601e-02
1.630184e-02
1.567649e-02
1.509706e-02
1.442239e-02
1.383302e-02
1.354878e-02
1.341624e-02
1.322561e-02
1.290299e-02
1.245441e-02
1.201147e-02
1.162664e-02
1.127737e-02
1.108336e-02
1.078509e-02
1.024489e-02
9.509881e-03
8.803437e-03
8.210748e-03
7.515417e-03
6.810666e-03
6.272904e-03
5.717881e-03
5.014686e-03
4.350701e-03
4.029521e-03
3.668020e-03
3.128388e-03
2.521527e-03
2.080571e-03
1.793586e-03
1.716989e-03
1.665314e-03
1.487285e-03
1.108462e-03
4.964781e-04
-1.978392e-04
-8.201451e-04
-1.558311e-03
-2.540424e-03
-3.564239e-03
-4.660350e-03
-5.866060e-03
-6.981495e-03
-7.951694e-03
-8.903300e-03
-1.006235e-02
-1.137959e-02
-1.291747e-02
-1.453027e-02
-1.625418e-02
-1.818257e-02
-2.022158e-02
-2.212922e-02
-2.375787e-02
-2.540454e-02
-2.723374e-02
-2.887983e-02
-3.031825e-02
-3.168487e-02
-3.289259e-02
-3.420808e-02
-3.544971e-02
-3.649785e-02
-3.735804e-02
-3.812175e-02
-3.865078e-02
-3.906745e-02
-3.970061e-02
-4.058343e-02
-4.148125e-02
-4.229664e-02
-4.308505e-02
-4.350385e-02
-4.337474e-02
-4.292725e-02
-4.233192e-02
-4.185202e-02
-4.143776e-02
-4.101456e-02
-4.039007e-02
-3.957116e-02
-3.879418e-02
-3.796073e-02
-3.693644e-02
-3.594021e-02
-3.479491e-02
-3.352546e-02
-3.249263e-02
-3.160388e-02
-3.069881e-02
-2.960225e-02
-2.851581e-02
-2.752638e-02
-2.668455e-02
-2.600785e-02
-2.535418e-02
-2.489794e-02
-2.455624e-02
-2.431363e-02
-2.395757e-02
-2.340964e-02
-2.278519e-02
-2.234500e-02
-2.207273e-02
-2.192507e-02
-2.170782e-02
-2.130447e-02
-2.072723e-02
-2.013341e-02
-1.971463e-02
-1.953754e-02
-1.946908e-02
-1.935329e-02
-1.909007e-02
-1.862750e-02
-1.804335e-02
-1.756260e-02
-1.716921e-02
-1.692671e-02
-1.661542e-02
-1.613210e-02
-1.555738e-02
-1.508821e-02
-1.464509e-02
-1.420467e-02
-1.358509e-02
-1.279704e-02
-1.210259e-02
-1.145848e-02
-1.066551e-02
-9.843635e-03
-9.084112e-03
-8.181672e-03
-7.239170e-03
-6.492942e-03
-5.714751e-03
-5.053092e-03
-4.584589e-03
-4.018488e-03
-3.353780e-03
-2.821209e-03
-2.574133e-03
-2.356558e-03
-1.954746e-03
-1.283202e-03
-4.335175e-04
2.867387e-04
9.759056e-04
1.681292e-03
2.169497e-03
2.441239e-03
2.520176e-03
2.536073e-03
2.545379e-03
2.571861e-03
2.627832e-03
2.698778e-03
2.739153e-03
2.678070e-03
2.436978e-03
1.979744e-03
1.393562e-03
9.242590e-04
6.305299e-04
6.547404e-04
9.157137e-04
1.528463e-03
2.195133e-03
2.488309e-03
2.828281e-03
3.419107e-03
4.262471e-03
5.189248e-03
6.127327e-03
7.216598e-03
8.279894e-03
9.322104e-03
1.028721e-02
1.141378e-02
1.272873e-02
1.392039e-02
1.506166e-02
1.594435e-02
1.650059e-02
1.689280e-02
1.709563e-02
1.736064e-02
1.780348e-02
1.835685e-02
1.883144e-02
1.930398e-02
1.962940e-02
1.969829e-02
1.956853e-02
1.920894e-02
1.866090e-02
1.809580e-02
1.764851e-02
1.741083e-02
1.764475e-02
1.817323e-02
1.876310e-02
1.903557e-02
1.875090e-02
1.820939e-02
1.778978e-02
1.750750e-02
1.734873e-02
1.712569e-02
1.671630e-02
1.611907e-02
1.548917e-02
1.500112e-02
1.446192e-02
1.374286e-02
1.300654e-02
1.257521e-02
1.242739e-02
1.245492e-02
1.269779e-02
1.318585e-02
1.385310e-02
1.446219e-02
1.485152e-02
1.523364e-02
1.572861e-02
1.624552e-02
1.669065e-02
1.708078e-02
1.724498e-02
1.729428e-02
1.731444e-02
1.731330e-02
1.731729e-02
1.732591e-02
1.734456e-02
1.735813e-02
1.735983e-02
1.733359e-02
1.728522e-02
1.723068e-02
1.722477e-02
1.733701e-02
1.764726e-02
1.817522e-02
1.881016e-02
1.928313e-02
1.959787e-02
1.976829e-02
1.991964e-02
2.007030e-02
2.013853e-02
1.999606e-02
1.970028e-02
1.927584e-02
1.866468e-02
1.801419e-02
1.754758e-02
1.709622e-02
1.647210e-02
1.576298e-02
1.525571e-02
1.501091e-02
1.509241e-02
1.541939e-02
1.589164e-02
1.628753e-02
1.622126e-02
1.569814e-02
1.527129e-02
1.510608e-02
1.493561e-02
1.465644e-02
1.423419e-02
1.373960e-02
1.337893e-02
1.304241e-02
1.280600e-02
1.265547e-02
1.237190e-02
1.186350e-02
1.117687e-02
1.056288e-02
1.026966e-02
1.016556e-02
1.012397e-02
1.011337e-02
1.011234e-02
1.011699e-02
1.013472e-02
1.017307e-02
1.022354e-02
1.024552e-02
1.016440e-02
9.883067e-03
9.331689e-03
8.551369e-03
7.767430e-03
6.978772e-03
5.956186e-03
4.820398e-03
3.541237e-03
2.042032e-03
3.740042e-04
-1.355959e-03
-2.809688e-03
-4.090347e-03
-5.264076e-03
-6.382096e-03
-7.325996e-03
-8.327348e-03
-9.363020e-03
-1.040930e-02
-1.126568e-02
-1.190950e-02
-1.255371e-02
-1.311146e-02
-1.337250e-02
-1.331541e-02
-1.312781e-02
-1.307630e-02
-1.301094e-02
-1.316545e-02
-1.340033e-02
-1.346604e-02
-1.315189e-02
-1.270697e-02
-1.232648e-02
-1.194289e-02
-1.168735e-02
-1.137662e-02
-1.088156e-02
-1.023890e-02
-9.669945e-03
-9.269060e-03
-8.773258e-03
-8.087950e-03
-7.384061e-03
-7.025447e-03
-6.960067e-03
-6.949969e-03
-6.876456e-03
-6.609288e-03
-6.061176e-03
-5.275332e-03
-4.484569e-03
-3.706974e-03
-3.144611e-03
-2.686473e-03
-2.205847e-03
-1.797276e-03
-1.228807e-03
-5.175431e-04
4.744016e-05
2.994360e-04
4.296653e-04
5.235263e-04
5.574076e-04
4.781828e-04
1.896296e-04
-3.819817e-04
-1.198874e-03
-2.020710e-03
-2.805299e-03
-3.711654e-03
-4.538880e-03
-5.286073e-03
-6.102229e-03
-6.959368e-03
-7.791952e-03
-8.566059e-03
-9.005537e-03
-9.145805e-03
-9.197350e-03
-9.210609e-03
-9.216918e-03
-9.226395e-03
-9.240474e-03
-9.242772e-03
-9.224673e-03
-9.182652e-03
-9.142729e-03
-9.153496e-03
-9.291905e-03
-9.624220e-03
-1.016125e-02
-1.077429e-02
-1.128071e-02
-1.166444e-02
-1.201831e-02
-1.240455e-02
-1.271725e-02
-1.283739e-02
-1.290210e-02
-1.292809e-02
-1.287616e-02
-1.270473e-02
-1.238351e-02
-1.196374e-02
-1.159004e-02
-1.113829e-02
-1.061147e-02
-1.023155e-02
-1.017779e-02
-1.047154e-02
-1.081430e-02
-1.129452e-02
-1.187375e-02
-1.254648e-02
-1.338857e-02
-1.419450e-02
-1.501562e-02
-1.604163e-02
-1.728234e-02
-1.860990e-02
-1.984742e-02
-2.089111e-02
-2.174182e-02
-2.252684e-02
-2.327812e-02
-2.407168e-02
-2.477300e-02
-2.538533e-02
-2.583975e-02
-2.608236e-02
-2.631956e-02
-2.666826e-02
-2.712199e-02
-2.755178e-02
-2.800111e-02
-2.847253e-02
-2.882204e-02
-2.921792e-02
-2.964106e-02
-2.991059e-02
-3.016658e-02
-3.046276e-02
-3.074508e-02
-3.110458e-02
-3.179005e-02
-3.283425e-02
-3.398065e-02
-3.485191e-02
-3.543814e-02
-3.566229e-02
-3.578083e-02
-3.601779e-02
-3.647284e-02
-3.715284e-02
-3.782737e-02
-3.809406e-02
-3.828379e-02
-3.859776e-02
-3.907986e-02
-3.968524e-02
-4.017861e-02
-4.055836e-02
-4.070466e-02
-4.078027e-02
-4.085141e-02
-4.090664e-02
-4.091730e-02
-4.080431e-02
-4.048618e-02
-3.992088e-02
-3.921829e-02
-3.867511e-02
-3.828790e-02
-3.780584e-02
-3.724196e-02
-3.676963e-02
-3.637262e-02
-3.611560e-02
-3.575751e-02
-3.519479e-02
-3.453745e-02
-3.404602e-02
-3.371916e-02
-3.323206e-02
-3.250253e-02
-3.166968e-02
-3.107731e-02
-3.044017e-02
-2.972356e-02
-2.904050e-02
-2.836977e-02
-2.766815e-02
-2.700879e-02
-2.625977e-02
-2.543610e-02
-2.454635e-02
-2.387053e-02
-2.318466e-02
-2.242794e-02
-2.174327e-02
-2.089149e-02
-1.971903e-02
-1.845109e-02
-1.723652e-02
-1.609848e-02
-1.502731e-02
-1.415041e-02
-1.327325e-02
-1.239880e-02
-1.174238e-02
-1.099441e-02
-1.020159e-02
-9.395077e-03
-8.739297e-03
-8.158517e-03
-7.427186e-03
-6.629857e-03
-5.783504e-03
-5.061441e-03
-4.413903e-03
-3.661054e-03
-2.953294e-03
-2.357044e-03
-1.616018e-03
-7.457891e-04
6.810328e-05
9.394547e-04
1.848389e-03
2.445800e-03
3.062786e-03
3.690648e-03
4.198553e-03
4.579577e-03
4.943857e-03
5.306555e-03
5.490765e-03
5.398511e-03
5.166969e-03
4.932794e-03
4.834747e-03
4.684795e-03
4.619300e-03
4.482873e-03
4.133365e-03
3.570132e-03
2.913907e-03
2.538448e-03
2.749356e-03
3.384855e-03
4.043232e-03
4.275151e-03
4.349640e-03
4.376397e-03
4.352831e-03
4.334419e-03
4.321046e-03
4.325499e-03
4.321151e-03
4.303031e-03
4.252575e-03
4.193729e-03
4.160766e-03
4.237688e-03
4.500479e-03
5.007843e-03
5.681825e-03
6.269966e-03
6.630938e-03
7.091518e-03
7.717188e-03
8.351786e-03
8.693041e-03
8.837854e-03
9.046670e-03
9.442925e-03
1.005104e-02
1.074067e-02
1.129188e-02
1.185460e-02
1.257476e-02
1.328820e-02
1.364763e-02
1.406216e-02
1.466730e-02
1.533405e-02
1.576732e-02
1.594375e-02
1.615911e-02
1.653761e-02
1.710423e-02
1.771675e-02
1.809232e-02
1.864474e-02
1.927826e-02
1.997784e-02
2.054196e-02
2.093563e-02
2.145288e-02
2.208207e-02
2.261067e-02
2.291670e-02
2.284541e-02
2.259181e-02
2.232062e-02
2.197953e-02
2.142377e-02
2.105470e-02
2.096479e-02
2.084971e-02
2.055837e-02
1.998453e-02
1.915731e-02
1.829245e-02
1.741802e-02
1.669748e-02
1.605818e-02
1.546322e-02
1.471865e-02
1.386765e-02
1.309696e-02
1.227234e-02
1.144374e-02
1.093139e-02
1.033876e-02
9.570292e-03
8.853602e-03
8.255864e-03
7.594086e-03
6.929184e-03
6.499673e-03
6.367938e-03
6.504097e-03
6.775949e-03
7.113164e-03
7.713874e-03
8.445384e-03
9.270294e-03
1.029308e-02
1.133910e-02
1.246715e-02
1.367762e-02
1.478190e-02
1.572534e-02
1.662324e-02
1.765282e-02
1.874770e-02
1.978053e-02
2.091488e-02
2.212251e-02
2.339017e-02
2.449867e-02
2.547199e-02
2.651323e-02
2.763640e-02
2.849478e-02
2.925983e-02
2.969842e-02
2.985479e-02
2.999507e-02
3.019471e-02
3.046173e-02
3.073243e-02
3.108782e-02
3.133250e-02
3.147983e-02
3.149071e-02
3.140800e-02
3.133829e-02
3.117666e-02
3.128939e-02
3.159408e-02
3.194236e-02
3.214982e-02
3.221239e-02
3.222194e-02
3.219592e-02
3.216606e-02
3.216595e-02
3.223991e-02
3.241649e-02
3.269145e-02
3.309862e-02
3.375766e-02
3.427130e-02
3.444172e-02
3.449369e-02
3.450328e-02
3.449925e-02
3.450347e-02
3.451632e-02
3.451120e-02
3.444216e-02
3.425270e-02
3.390665e-02
3.344380e-02
3.298049e-02
3.228233e-02
3.132931e-02
3.018168e-02
2.892438e-02
2.770316e-02
2.653121e-02
2.533539e-02
2.411145e-02
2.280742e-02
2.141858e-02
2.002944e-02
1.868440e-02
1.741123e-02
1.618918e-02
1.498594e-02
1.407704e-02
1.322445e-02
1.246929e-02
1.165175e-02
1.064640e-02
9.733016e-03
8.986581e-03
8.250554e-03
7.335761e-03
6.399412e-03
5.499966e-03
4.493815e-03
3.536262e-03
2.580718e-03
1.626712e-03
7.173934e-04
-3.224246e-04
-1.352123e-03
-2.437188e-03
-3.564087e-03
-4.596413e-03
-5.588171e-03
-6.697195e-03
-7.763045e-03
-8.779566e-03
-9.632234e-03
-1.057819e-02
-1.165495e-02
-1.257998e-02
-1.334686e-02
-1.413506e-02
-1.499604e-02
-1.610913e-02
-1.738860e-02
-1.873057e-02
-2.005106e-02
-2.117111e-02
-2.189463e-02
-2.262529e-02
-2.337097e-02
-2.402349e-02
-2.484210e-02
-2.588282e-02
-2.686607e-02
-2.771315e-02
-2.837207e-02
-2.867273e-02
-2.880902e-02
-2.893103e-02
-2.908300e-02
-2.923589e-02
-2.932369e-02
-2.949421e-02
-2.960694e-02
-2.938219e-02
-2.907240e-02
-2.874616e-02
-2.823714e-02
-2.759139e-02
-2.702871e-02
-2.648656e-02
-2.603086e-02
-2.561485e-02
-2.537380e-02
-2.522417e-02
-2.509929e-02
-2.503502e-02
-2.490534e-02
-2.459619e-02
-2.426707e-02
-2.370738e-02
-2.280900e-02
-2.174361e-02
-2.074556e-02
-1.983628e-02
-1.889603e-02
-1.812449e-02
-1.748786e-02
-1.686964e-02
-1.622101e-02
-1.555326e-02
-1.514706e-02
-1.495341e-02
-1.466295e-02
-1.415180e-02
-1.343443e-02
-1.275837e-02
-1.256983e-02
-1.253538e-02
-1.249555e-02
-1.238606e-02
-1.210789e-02
-1.165474e-02
-1.114502e-02
-1.087543e-02
-1.080197e-02
-1.050800e-02
-1.015039e-02
-1.005172e-02
-1.010404e-02
-1.034055e-02
-1.081468e-02
-1.145696e-02
-1.206490e-02
-1.270913e-02
-1.335068e-02
-1.400779e-02
-1.444659e-02
-1.463019e-02
-1.488810e-02
-1.497514e-02
-1.499275e-02
-1.500977e-02
-1.502104e-02
-1.504678e-02
-1.508352e-02
-1.512951e-02
-1.516077e-02
-1.514709e-02
-1.504714e-02
-1.484006e-02
-1.454880e-02
-1.429931e-02
-1.429787e-02
-1.381169e-02
-1.389006e-02
-1.382879e-02
-1.392403e-02
-1.416333e-02
-1.423633e-02
-1.424763e-02
-1.428073e-02
-1.434100e-02
-1.439484e-02
-1.434452e-02
-1.403109e-02
-1.328563e-02
-1.204229e-02
-1.050902e-02
-9.020255e-03
-7.461291e-03
-5.637863e-03
-3.870522e-03
-2.070760e-03
-2.994505e-04
1.213973e-03
2.585468e-03
3.930501e-03
5.225019e-03
6.318557e-03
7.424962e-03
8.455551e-03
9.328587e-03
1.007130e-02
1.047464e-02
1.064476e-02
1.071402e-02
1.067351e-02
1.049139e-02
1.014837e-02
9.709310e-03
9.340391e-03
8.962999e-03
8.609803e-03
8.383682e-03
8.124210e-03
7.837940e-03
7.687081e-03
7.893716e-03
8.231392e-03
8.466889e-03
8.570961e-03
8.626916e-03
8.658157e-03
8.663155e-03
8.649384e-03
8.618000e-03
8.586282e-03
8.588445e-03
8.684277e-03
8.935314e-03
9.369562e-03
9.897873e-03
1.030465e-02
1.064328e-02
1.079701e-02
1.066973e-02
1.047409e-02
1.034800e-02
1.009485e-02
9.972981e-03
9.866066e-03
9.692070e-03
9.501855e-03
9.386176e-03
9.504864e-03
9.668064e-03
9.906025e-03
1.017604e-02
1.053550e-02
1.092003e-02
1.121723e-02
1.159510e-02
1.203730e-02
1.237860e-02
1.274019e-02
1.309763e-02
1.340455e-02
1.382117e-02
1.430745e-02
1.466146e-02
1.498351e-02
1.516934e-02
1.516773e-02
1.514543e-02
1.520341e-02
1.541248e-02
1.580607e-02
1.629219e-02
1.662504e-02
1.675414e-02
1.698353e-02
1.710820e-02
1.727395e-02
1.754869e-02
1.781439e-02
1.788981e-02
1.791140e-02
1.791378e-02
1.783639e-02
1.761999e-02
1.718072e-02
1.650679e-02
1.570943e-02
1.496187e-02
1.438671e-02
1.401888e-02
1.356422e-02
1.288805e-02
1.207290e-02
1.138646e-02
1.073590e-02
1.007215e-02
9.590071e-03
9.269044e-03
9.066213e-03
8.862786e-03
8.639336e-03
8.468376e-03
8.479911e-03
8.622534e-03
8.634979e-03
8.628620e-03
8.740438e-03
9.047679e-03
9.571224e-03
1.020284e-02
1.096024e-02
1.165187e-02
1.216420e-02
1.226977e-02
1.200552e-02
1.147045e-02
1.076260e-02
1.005524e-02
9.365457e-03
8.733908e-03
8.248131e-03
7.819882e-03
7.459276e-03
6.999205e-03
6.434449e-03
5.924933e-03
5.395138e-03
4.880877e-03
4.260774e-03
3.593948e-03
2.880887e-03
2.221706e-03
1.518987e-03
5.890115e-04
-4.089285e-04
-1.287840e-03
-1.994793e-03
-2.600006e-03
-3.216281e-03
-3.861897e-03
-4.514009e-03
-5.201165e-03
-5.733490e-03
-6.128851e-03
-6.429350e-03
-6.457193e-03
-6.252386e-03
-5.853821e-03
-5.321301e-03
-4.840674e-03
-4.472660e-03
-3.967204e-03
-3.239223e-03
-2.613177e-03
-1.987130e-03
-1.317252e-03
-6.933213e-04
-7.373863e-05
3.943020e-04
7.922659e-04
1.202956e-03
1.510294e-03
1.803584e-03
2.019012e-03
2.088945e-03
2.107010e-03
2.077506e-03
1.977178e-03
1.788935e-03
1.521990e-03
1.256825e-03
1.135870e-03
1.045836e-03
9.190467e-04
7.552960e-04
5.864470e-04
5.248310e-04
6.985500e-04
8.818646e-04
9.364915e-04
9.411647e-04
8.861695e-04
7.539874e-04
5.447874e-04
3.072379e-04
1.338688e-04
-4.131055e-05
-3.327265e-04
-7.407534e-04
-1.158672e-03
-1.461683e-03
-1.591461e-03
-1.607583e-03
-1.567700e-03
-1.488611e-03
-1.399449e-03
-1.348055e-03
-1.370134e-03
-1.228353e-03
-1.022821e-03
-8.831515e-04
-8.031136e-04
-6.745824e-04
-4.389000e-04
-9.802226e-05
2.765898e-04
6.228565e-04
9.544434e-04
1.378643e-03
1.908159e-03
2.433629e-03
3.036673e-03
3.729809e-03
4.267073e-03
4.690614e-03
4.883053e-03
4.888461e-03
4.870488e-03
4.887253e-03
4.973572e-03
5.110784e-03
5.221199e-03
5.277296e-03
5.365665e-03
5.489063e-03
5.578188e-03
5.557288e-03
5.542162e-03
5.585526e-03
5.686706e-03
5.796550e-03
5.828358e-03
5.891942e-03
6.008021e-03
6.102443e-03
6.057345e-03
5.964602e-03
5.860122e-03
5.742610e-03
5.624698e-03
5.506754e-03
5.394718e-03
5.287887e-03
5.188800e-03
5.092157e-03
4.990134e-03
4.864063e-03
4.693873e-03
4.462411e-03
4.177250e-03
3.897036e-03
3.721340e-03
3.540691e-03
3.306108e-03
3.023128e-03
2.746335e-03
2.587342e-03
2.473277e-03
2.372711e-03
2.282712e-03
2.192728e-03
2.100006e-03
2.002120e-03
1.902281e-03
1.804209e-03
1.715199e-03
1.640760e-03
1.584413e-03
1.539241e-03
1.486704e-03
1.384387e-03
1.201438e-03
1.077098e-03
9.934908e-04
9.305052e-04
8.893046e-04
8.420639e-04
7.446647e-04
5.570910e-04
4.406700e-04
3.468751e-04
2.418333e-04
1.135367e-04
-6.006220e-05
-2.779947e-04
-5.583814e-04
-9.278532e-04
-1.194804e-03
-1.251002e-03
-1.173390e-03
-1.019544e-03
-8.961582e-04
-8.788376e-04
-8.938016e-04
-1.004847e-03
-1.147977e-03
-1.251529e-03
-1.339294e-03
-1.531856e-03
-1.794408e-03
-2.009015e-03
-2.209035e-03
-2.395726e-03
-2.648385e-03
-2.980887e-03
-3.308912e-03
-3.482091e-03
-3.600849e-03
-3.683667e-03
-3.769880e-03
-3.862635e-03
-3.881904e-03
-3.913398e-03
-4.015856e-03
-4.168369e-03
-4.321585e-03
-4.456339e-03
-4.511211e-03
-4.537244e-03
-4.557711e-03
-4.574590e-03
-4.594267e-03
-4.611407e-03
-4.618406e-03
-4.601487e-03
-4.552959e-03
-4.475094e-03
-4.400627e-03
-4.380102e-03
-4.358506e-03
-4.310085e-03
-4.239924e-03
-4.174127e-03
-4.169571e-03
-4.192957e-03
-4.227352e-03
-4.265879e-03
-4.294472e-03
-4.307839e-03
-4.388993e-03
-4.518090e-03
-4.652437e-03
-4.763217e-03
-4.852057e-03
-4.953722e-03
-5.092068e-03
-5.243143e-03
-5.359591e-03
-5.463601e-03
-5.571052e-03
-5.641656e-03
-5.680987e-03
-5.673175e-03
-5.655608e-03
-5.645596e-03
-5.642543e-03
-5.639138e-03
-5.610592e-03
-5.544493e-03
-5.495050e-03
-5.467041e-03
-5.422993e-03
-5.346189e-03
-5.293789e-03
-5.248425e-03
-5.201138e-03
-5.160210e-03
-5.130482e-03
-5.122832e-03
-5.141498e-03
-5.180397e-03
-5.213519e-03
-5.234854e-03
-5.235373e-03
-5.244457e-03
-5.263310e-03
-5.291358e-03
-5.338248e-03
-5.373774e-03
-5.386246e-03
-5.389816e-03
-5.372284e-03
-5.337385e-03
-5.299274e-03
-5.268311e-03
-5.238990e-03
-5.237778e-03
-5.259968e-03
-5.267665e-03
-5.253196e-03
-5.201789e-03
-5.114223e-03
-5.016839e-03
-4.921173e-03
-4.833695e-03
-4.758492e-03
-4.692241e-03
-4.622423e-03
-4.536345e-03
-4.444314e-03
-4.347954e-03
-4.245412e-03
-4.136469e-03
-4.022889e-03
-3.912264e-03
-3.817517e-03
-3.737006e-03
-3.659221e-03
-3.573841e-03
-3.474510e-03
-3.373564e-03
-3.265399e-03
-3.154352e-03
-3.055951e-03
-2.969144e-03
-2.898581e-03
-2.833106e-03
-2.764380e-03
-2.688302e-03
-2.618714e-03
-2.552085e-03
-2.486559e-03
-2.423404e-03
-2.362174e-03
-2.302604e-03
-2.243173e-03
-2.181895e-03
-2.116236e-03
-2.044732e-03
-1.968466e-03
-1.894552e-03
-1.833232e-03
-1.771270e-03
-1.712842e-03
-1.655918e-03
-1.599359e-03
-1.539067e-03
-1.482559e-03
-1.431052e-03
-1.385081e-03
-1.341848e-03
-1.299670e-03
-1.259276e-03
-1.220523e-03
-1.184214e-03
-1.149766e-03
-1.115685e-03
-1.078596e-03
-1.041208e-03
-1.005113e-03
-9.704378e-04
-9.356160e-04
-8.981741e-04
-8.591128e-04
-8.207912e-04
-7.844815e-04
-7.500875e-04
-7.145482e-04
-6.783972e-04
-6.417523e-04
-6.087202e-04
-5.780568e-04
-5.479841e-04
-5.177076e-04
-4.870925e-04
-4.570711e-04
-4.272760e-04
-3.959435e-04
-3.641660e-04
-3.335058e-04
-3.035141e-04
-2.725086e-04
-2.406787e-04
-2.096402e-04
-1.795417e-04
-1.496744e-04
-1.200759e-04
-9.054026e-05
-6.183410e-05
-3.351725e-05
-4.910451e-06
2.343551e-05
5.133350e-05
7.941487e-05
1.073963e-04
1.352929e-04
1.625015e-04
1.887353e-04
2.139936e-04
2.385447e-04
2.629079e-04
2.868937e-04
3.102084e-04
3.331458e-04
3.562000e-04
3.789309e-04
4.011494e-04
4.228816e-04
4.440960e-04
4.647798e-04
4.848324e-04
5.041121e-04
5.225511e-04
5.405399e-04
5.581560e-04
5.753520e-04
5.920738e-04
6.083095e-04
6.240610e-04
6.393631e-04
6.542637e-04
6.687460e-04
6.828065e-04
6.965613e-04
7.099194e-04
7.228644e-04
7.354279e-04
7.476097e-04
7.594010e-04
7.708288e-04
7.818934e-04
7.925998e-04
8.029734e-04
8.130326e-04
8.227813e-04
8.322229e-04
8.413656e-04
8.502155e-04
8.587772e-04
8.670618e-04
8.750744e-04
8.828197e-04
8.903039e-04
8.975318e-04
9.045063e-04
9.112307e-04
9.177070e-04
9.239373e-04
9.299233e-04
9.356663e-04
9.411676e-04
9.464279e-04
9.514479e-04
9.562284e-04
