2.500995e-03
2.881041e-03
3.876820e-03
2.541351e-03
-5.408332e-04
-2.819705e-03
2.955447e-04
4.533181e-03
2.240856e-03
4.397168e-03
8.357421e-03
2.614883e-03
2.423488e-03
6.578957e-03
1.754818e-03
-6.522818e-03
-1.511374e-03
2.512776e-03
-1.869228e-03
-4.180010e-03
-1.549192e-03
4.729884e-03
7.334489e-03
5.101609e-03
1.763455e-03
3.825229e-03
5.059471e-03
1.390946e-03
2.263189e-04
4.185118e-03
2.348320e-03
-5.722726e-03
-9.566204e-03
-2.942679e-03
4.139208e-03
4.940390e-03
5.313796e-04
4.564232e-03
7.350934e-03
3.777838e-03
1.865522e-03
-5.967309e-04
-2.867325e-03
2.925211e-03
6.525376e-03
1.453114e-03
-2.898230e-03
-7.892861e-04
3.002923e-03
7.217422e-03
4.169320e-03
-7.914413e-04
5.542432e-03
9.696582e-03
1.789527e-03
-1.846818e-03
4.628551e-05
-2.406471e-03
1.793931e-03
8.401848e-03
5.311310e-03
6.892757e-03
1.041903e-02
6.018276e-03
-2.292486e-03
-4.271911e-04
6.756099e-03
1.000875e-02
1.100449e-02
1.033865e-02
5.562180e-03
-2.442346e-03
-3.502396e-03
3.390908e-03
8.910396e-03
7.076812e-03
-2.023797e-03
-4.905492e-03
3.637950e-03
1.268163e-02
1.406758e-02
8.982378e-03
7.448006e-03
8.328696e-03
3.722056e-03
8.724801e-04
4.522991e-03
5.491036e-03
2.076077e-03
-4.662512e-04
-2.781267e-03
2.984884e-04
8.052848e-03
7.444603e-03
3.272389e-04
-2.575970e-03
-1.834461e-03
1.150980e-03
4.742481e-03
1.180033e-03
-2.478337e-03
1.651128e-03
5.978798e-03
3.158838e-03
-5.438772e-04
-6.469018e-05
4.471119e-03
6.913480e-03
2.496459e-03
7.730535e-03
1.337980e-02
8.502601e-03
5.323149e-03
3.885883e-03
6.225103e-03
1.171849e-02
1.309408e-02
3.486530e-03
-4.005125e-03
9.184919e-04
3.709797e-03
3.764376e-04
-3.644988e-03
6.588837e-04
4.108424e-03
7.030535e-03
2.246055e-03
-5.503117e-03
-1.043143e-02
9.345822e-04
1.087549e-02
8.761112e-04
-3.890438e-03
4.226110e-03
1.246273e-02
1.594180e-02
-1.034540e-03
-1.208915e-02
-1.201734e-03
3.834667e-03
-6.178302e-03
-1.910310e-03
1.458282e-03
-9.654311e-03
-1.208238e-02
-4.171467e-04
-5.539845e-03
-3.635446e-03
-5.225345e-03
-1.169321e-02
-5.282790e-03
5.899958e-03
1.268380e-02
6.441834e-03
-2.190171e-03
-8.441992e-03
9.947325e-05
1.635737e-02
1.119620e-02
-8.832341e-03
-2.443434e-02
-1.710327e-02
-1.499681e-02
-2.251997e-02
-1.495174e-02
1.882818e-03
2.078021e-02
2.424664e-02
7.906868e-03
-1.101613e-02
-1.316462e-02
3.361871e-03
8.438629e-03
-8.719957e-03
-2.454479e-02
-1.934471e-02
-1.697058e-02
-2.096154e-02
-1.151045e-02
-1.147538e-02
-3.355157e-02
-3.027377e-02
3.126874e-03
6.042103e-03
-1.634849e-02
-1.027113e-02
3.615433e-03
2.309370e-02
3.402235e-02
2.611321e-02
1.158076e-02
2.907214e-02
4.340378e-02
2.893160e-02
2.084200e-02
2.009785e-02
1.574804e-03
6.953094e-03
-1.527835e-03
-1.045318e-02
6.045465e-03
-8.376255e-03
-2.056956e-02
-1.045243e-04
-2.083531e-02
-5.991235e-02
-4.513662e-02
-2.049448e-02
-1.010254e-02
2.918656e-03
-1.197946e-02
-9.150807e-03
-3.649913e-04
8.830639e-03
1.704325e-02
-6.189565e-03
-2.886371e-02
-1.720977e-02
-6.612732e-03
-1.281140e-02
-1.901071e-02
-2.807813e-02
-1.884985e-02
-8.055352e-04
2.133045e-02
3.403928e-02
3.334951e-02
3.565473e-02
3.717672e-02
5.472219e-02
6.716501e-02
7.088752e-02
6.169251e-02
5.272379e-02
6.502739e-02
7.304575e-02
6.186270e-02
3.602519e-02
2.498153e-02
3.854147e-02
2.694121e-02
1.182234e-03
-2.888502e-02
-5.927021e-02
-7.998756e-02
-1.192523e-01
-1.595244e-01
-1.548577e-01
-1.220019e-01
-1.098442e-01
-1.233726e-01
-9.745282e-02
-6.346780e-02
-6.988945e-02
-7.561012e-02
-6.475822e-02
-5.591532e-02
-2.710413e-02
6.189720e-04
-1.335387e-02
-4.317897e-02
-4.067594e-02
-2.363980e-02
-3.656086e-02
-5.317590e-02
-5.122206e-02
-3.666724e-02
-7.853012e-03
1.080513e-03
-2.706421e-02
-3.466906e-02
-1.897770e-02
-2.725382e-02
-6.133332e-02
-8.057793e-02
-9.371358e-02
-1.251162e-01
-1.401230e-01
-1.192889e-01
-1.130514e-01
-1.180878e-01
-8.779122e-02
-3.531278e-02
-7.611068e-03
9.008268e-03
2.501483e-02
2.863900e-02
1.873936e-02
3.130193e-02
5.431152e-02
6.159104e-02
3.391223e-02
-8.386357e-03
-2.916677e-02
-1.288393e-02
-7.715691e-03
-3.038878e-02
-5.330061e-03
4.196271e-02
5.701888e-02
2.984890e-02
1.091542e-02
3.081794e-02
5.212189e-02
2.937511e-02
4.751151e-03
1.723920e-02
2.597274e-02
6.382269e-03
-1.239718e-02
-2.493257e-02
-5.044866e-02
-6.952806e-02
-4.893075e-02
-2.371617e-02
-1.295496e-02
-6.072491e-03
3.355214e-02
9.386218e-02
1.149836e-01
9.375535e-02
7.936301e-02
9.494021e-02
9.383754e-02
5.127936e-02
1.937189e-02
1.007916e-02
2.007868e-02
4.086254e-02
5.184863e-02
4.175841e-02
2.831085e-02
-9.235689e-03
-8.701900e-02
-1.072434e-01
-4.975303e-02
-1.636160e-02
9.367464e-04
3.550794e-02
6.022537e-02
5.516471e-02
7.475537e-02
1.276513e-01
1.329826e-01
8.414706e-02
5.192254e-02
6.912655e-02
7.516251e-02
4.733786e-02
1.964438e-02
2.523777e-02
4.442686e-02
6.911852e-02
8.866934e-02
1.019035e-01
1.057774e-01
8.742214e-02
6.980679e-02
7.307640e-02
6.533834e-02
4.400160e-02
8.519599e-03
-1.671267e-02
-1.917836e-02
-3.512629e-02
-4.863270e-02
-3.254058e-02
-1.571835e-02
-3.125892e-03
-3.313773e-03
-7.930694e-03
1.212182e-02
5.387746e-02
9.723011e-02
1.009830e-01
4.547775e-02
-1.561219e-02
-4.283199e-02
-4.393742e-02
-7.548138e-02
-1.055269e-01
-1.041074e-01
-1.113292e-01
-9.006690e-02
-3.677725e-02
1.141499e-02
4.841779e-02
7.877262e-02
1.139312e-01
1.516633e-01
1.832788e-01
1.736558e-01
1.467280e-01
1.174969e-01
9.054289e-02
6.394273e-02
4.731608e-02
5.926624e-02
6.332787e-02
4.367242e-02
1.833236e-02
-1.844121e-02
-2.737621e-02
5.807471e-03
4.275017e-02
3.795531e-02
3.358151e-02
4.874122e-02
3.491442e-02
2.002221e-02
8.539242e-03
-1.965624e-02
-5.732756e-02
-5.471647e-02
-4.938687e-02
-6.432391e-02
-8.245215e-02
-1.121366e-01
-1.485748e-01
-1.394928e-01
-1.261110e-01
-1.468655e-01
-1.596127e-01
-1.143913e-01
-4.790791e-02
-1.587479e-02
-2.225780e-02
-2.998141e-02
-9.784531e-03
-8.876536e-04
-3.163439e-02
-6.302326e-02
-7.479501e-02
-7.866856e-02
-6.044615e-02
-2.027665e-02
3.416715e-02
8.316022e-02
1.130930e-01
1.295766e-01
1.417147e-01
1.382895e-01
1.322067e-01
1.301994e-01
1.437899e-01
1.311274e-01
9.776026e-02
5.340533e-02
2.945589e-02
1.909355e-02
2.480233e-04
-1.972575e-02
-3.308108e-03
5.076287e-02
7.712475e-02
4.884900e-02
2.604122e-02
1.617967e-02
-7.799032e-03
-4.814471e-02
-8.916269e-02
-1.202030e-01
-1.071016e-01
-8.160478e-02
-7.547137e-02
-9.277597e-02
-1.044962e-01
-9.776242e-02
-1.180223e-01
-1.390251e-01
-1.158825e-01
-6.847077e-02
-3.693103e-02
-4.577877e-02
-6.728359e-02
-8.051590e-02
-8.741159e-02
-7.801388e-02
-7.193234e-02
-6.455388e-02
-5.149983e-02
-3.527399e-02
-1.105492e-02
2.058893e-02
5.306336e-02
8.576287e-02
1.201963e-01
1.423541e-01
1.274181e-01
1.023831e-01
6.436271e-02
1.720058e-02
2.913224e-02
6.974445e-02
1.005502e-01
8.521888e-02
5.720258e-02
7.147371e-02
9.157769e-02
8.065093e-02
6.642403e-02
6.073244e-02
6.577540e-02
4.027852e-02
-3.225820e-02
-9.362797e-02
-8.178452e-02
-5.164791e-02
-2.455863e-02
2.171405e-02
6.208365e-02
8.162819e-02
6.346067e-02
3.698961e-02
4.417110e-03
-4.004563e-02
-1.076461e-01
-1.434005e-01
-1.297567e-01
-1.204020e-01
-1.454548e-01
-1.614061e-01
-1.403323e-01
-1.219497e-01
-1.253756e-01
-1.194064e-01
-1.013836e-01
-8.286422e-02
-7.307695e-02
-8.762517e-02
-9.750420e-02
-1.064292e-01
-1.189139e-01
-1.315194e-01
-1.339040e-01
-1.085168e-01
-8.945244e-02
-1.140554e-01
-9.431599e-02
-1.925850e-02
3.835157e-02
6.616216e-02
8.101562e-02
1.093822e-01
9.359956e-02
5.605383e-02
4.750111e-02
6.107018e-02
6.688648e-02
4.606814e-02
2.771722e-02
4.293158e-02
6.710857e-02
7.646437e-02
6.594963e-02
6.748724e-02
9.319272e-02
9.938684e-02
8.170671e-02
7.071142e-02
8.631766e-02
1.031015e-01
9.146854e-02
7.052096e-02
3.787155e-02
4.065428e-03
-1.948509e-02
-1.524344e-02
-5.731658e-03
7.358858e-03
2.415540e-02
1.493704e-02
-7.179654e-03
-4.710506e-02
-4.055100e-02
-6.646439e-03
2.647747e-02
5.665911e-02
5.135536e-02
5.381201e-02
6.824645e-02
3.132303e-02
-5.317232e-02
-9.539872e-02
-6.392146e-02
-1.135864e-02
-1.587961e-02
-4.538363e-02
-4.800359e-02
-3.525927e-02
-2.631600e-02
-2.012198e-02
-2.303613e-02
1.242732e-03
5.626072e-02
8.071167e-02
6.386564e-02
4.520984e-02
3.576278e-02
1.925572e-02
-4.528848e-03
-2.008607e-02
-5.245663e-03
8.980765e-03
-8.604859e-03
-3.802243e-02
-7.153790e-02
-5.832004e-02
-2.284829e-02
1.485419e-02
4.781354e-02
5.040175e-02
4.769451e-02
5.202300e-02
4.153592e-02
-2.274084e-03
-5.463330e-02
-6.732966e-02
-6.152416e-02
-7.475187e-02
-9.466483e-02
-8.876016e-02
-6.232575e-02
-3.558593e-02
-4.619103e-03
1.372551e-02
1.067644e-02
7.281999e-03
5.396270e-03
-1.992530e-03
-1.331247e-02
-1.806534e-02
-2.092275e-02
-4.465133e-02
-6.905800e-02
-7.636441e-02
-7.643523e-02
-6.070012e-02
-3.473164e-02
-1.565858e-04
2.385985e-02
2.227746e-02
1.211020e-02
1.967887e-03
-1.746261e-06
3.327162e-03
-6.405524e-03
-1.185756e-02
2.790621e-03
2.573164e-02
3.940789e-02
1.983692e-02
-6.833932e-03
6.269440e-03
1.772125e-02
2.394762e-02
2.705244e-02
1.832068e-02
2.171142e-03
-2.505562e-02
-5.575978e-02
-4.202619e-02
-1.931508e-02
-6.858607e-03
-9.604362e-03
-7.125961e-03
-1.179700e-02
-2.073345e-03
2.511576e-02
5.056171e-02
7.326352e-02
8.306939e-02
7.818751e-02
6.447499e-02
3.584410e-02
-1.057925e-03
-2.709689e-02
-1.707688e-02
5.336259e-03
1.696617e-02
7.933532e-03
-5.114980e-03
-7.763852e-03
-1.986471e-03
1.555270e-02
2.647114e-02
1.829581e-02
2.737516e-02
5.695646e-02
7.262712e-02
6.532446e-02
4.924692e-02
3.570318e-02
3.459341e-02
4.482085e-02
6.572481e-02
9.600623e-02
1.133144e-01
1.002391e-01
7.504358e-02
3.821628e-02
-8.751388e-03
-1.029074e-02
-2.603341e-02
-5.129580e-02
-7.592326e-02
-1.047999e-01
-1.209947e-01
-1.043208e-01
-7.581918e-02
-4.143908e-02
1.356919e-02
5.587854e-02
5.762867e-02
3.778949e-02
7.644151e-03
-2.781722e-02
-6.194708e-02
-6.822942e-02
-5.377189e-02
-4.122770e-02
-2.521803e-02
-5.411918e-03
-4.989324e-03
-2.125540e-02
-3.685390e-02
-4.974212e-02
-4.389771e-02
-1.471032e-02
9.978787e-03
1.875283e-02
1.755791e-02
2.546855e-02
3.039823e-02
2.083335e-02
1.591961e-02
2.731163e-02
3.846912e-02
2.783617e-02
6.818794e-03
-7.958322e-03
-1.479615e-03
1.022629e-02
2.053664e-03
-1.240642e-02
-1.378776e-02
-1.075518e-02
-3.423671e-02
-6.645597e-02
-6.994692e-02
-5.880926e-02
-3.713733e-02
-1.649734e-02
-2.811651e-02
-3.728516e-02
-2.185634e-02
-3.531870e-04
3.549323e-03
-8.385191e-03
-2.504477e-03
7.065545e-03
-9.649298e-03
-3.512384e-02
-5.236764e-02
-3.532436e-02
-1.834438e-02
-2.787659e-02
-3.482499e-02
-1.560643e-02
4.489780e-03
9.708724e-03
5.293810e-03
1.665444e-02
2.585078e-02
1.230244e-02
2.176123e-03
8.887705e-03
1.312998e-02
1.966738e-02
2.571656e-02
1.696520e-02
1.374639e-02
2.713616e-02
3.799227e-02
2.774360e-02
1.324895e-02
1.121704e-02
1.624609e-02
1.179684e-02
7.940832e-03
1.922128e-02
2.559544e-02
2.727187e-02
3.279367e-02
4.871471e-02
7.165892e-02
9.288744e-02
9.091422e-02
8.593657e-02
8.566812e-02
8.218013e-02
8.963413e-02
1.009255e-01
1.079481e-01
1.022169e-01
8.725728e-02
5.903107e-02
3.039916e-02
1.058432e-02
-4.511743e-03
-1.320937e-02
-1.098003e-02
-1.312853e-03
2.302308e-03
-1.270689e-03
1.216816e-02
2.583952e-02
1.233396e-02
-1.373181e-03
-7.463449e-03
-6.306990e-04
5.101592e-03
1.141626e-02
7.567461e-03
-8.617783e-03
-2.589319e-02
-2.682565e-02
-3.945286e-02
-5.137863e-02
-3.314380e-02
-8.650119e-03
1.602685e-02
4.135298e-02
3.255821e-02
2.335265e-02
4.328805e-02
4.989931e-02
2.130886e-02
-7.192072e-03
-3.339366e-02
-5.721177e-02
-4.444665e-02
-2.173063e-02
-1.399563e-02
-2.326599e-02
-1.305587e-02
-2.431017e-02
-4.165062e-02
-4.279755e-02
-5.812986e-02
-8.025057e-02
-9.431915e-02
-8.333504e-02
-8.589423e-02
-7.858552e-02
-5.766013e-02
-4.203121e-02
-4.492929e-02
-4.767855e-02
-3.872780e-02
-4.920224e-02
-6.717180e-02
-5.996114e-02
-4.176594e-02
-4.287987e-02
-5.035017e-02
-4.588673e-02
-2.809600e-02
3.938135e-04
5.428639e-03
-1.152813e-02
-2.709007e-02
-3.648642e-02
-2.981037e-02
-1.047504e-02
5.932825e-03
1.610586e-02
2.657675e-02
3.786222e-02
4.922353e-02
6.569756e-02
7.003635e-02
5.948795e-02
6.828519e-02
8.393681e-02
4.992286e-02
1.208343e-02
2.422085e-02
3.562982e-02
2.544943e-02
5.454021e-03
-1.912477e-02
-7.806743e-03
6.794728e-03
-1.650054e-02
-4.324766e-02
-4.647347e-02
-9.936633e-03
3.704189e-02
4.480513e-02
5.204212e-02
6.523922e-02
5.695729e-02
3.948524e-02
2.183890e-02
1.208152e-02
1.295359e-02
2.094618e-02
1.656958e-03
-1.215988e-02
2.076334e-02
4.133968e-02
2.743621e-02
1.798109e-02
8.754166e-04
-1.721055e-02
-1.083273e-02
-1.393878e-02
-1.901740e-02
-8.968455e-03
7.071536e-03
2.074152e-02
3.083841e-02
8.771332e-03
-2.621341e-02
-2.421950e-02
-3.837484e-02
-3.302745e-02
6.170267e-03
2.234500e-02
3.863613e-02
5.727499e-02
5.220826e-02
5.390359e-02
4.180453e-02
1.666283e-02
-1.448918e-03
1.466630e-02
4.068464e-02
5.306930e-02
5.189597e-02
3.736202e-02
2.495582e-02
2.676136e-02
2.243527e-02
2.954948e-03
-9.267227e-03
1.657056e-02
2.668145e-02
5.310094e-03
1.404897e-02
2.275011e-02
1.291061e-02
-5.724364e-03
-3.054301e-02
-4.488472e-02
-2.292056e-02
-1.390803e-03
4.589134e-03
-2.406213e-02
-5.053575e-02
-3.722840e-02
-2.626724e-02
-5.052193e-02
-7.940402e-02
-9.828382e-02
-8.855448e-02
-8.082139e-02
-7.359817e-02
-5.873431e-02
-5.040595e-02
-6.567981e-02
-8.807427e-02
-1.025654e-01
-8.854985e-02
-6.714050e-02
-5.805401e-02
-6.587019e-02
-7.504438e-02
-6.280313e-02
-4.637405e-02
-4.275700e-02
-4.395540e-02
-3.079851e-02
-1.013884e-02
4.230618e-03
1.263342e-02
1.983938e-02
2.833568e-02
4.086178e-02
5.269676e-02
5.194090e-02
5.966180e-02
6.296760e-02
7.222499e-02
8.932649e-02
1.054610e-01
1.234237e-01
1.454604e-01
1.249809e-01
7.972400e-02
2.061077e-02
-2.927195e-02
-5.995712e-02
-4.477310e-02
-1.283364e-02
-5.255346e-03
-3.263540e-02
-7.169442e-02
-9.585159e-02
-1.274445e-01
-1.594033e-01
-1.760279e-01
-1.624027e-01
-1.556761e-01
-1.609758e-01
-1.423530e-01
-1.041670e-01
-8.539334e-02
-5.762666e-02
-1.326506e-02
1.993537e-02
4.608436e-02
7.712038e-02
9.979244e-02
9.405370e-02
9.028714e-02
9.769910e-02
8.977131e-02
9.648088e-02
1.003735e-01
8.430251e-02
7.535541e-02
7.020578e-02
5.135400e-02
2.290882e-02
1.480654e-04
-6.968315e-04
1.483735e-02
1.808755e-02
-3.500763e-03
-2.957612e-02
-5.360988e-02
-7.275451e-02
-8.152701e-02
-7.605772e-02
-5.496788e-02
-2.942224e-02
-2.699974e-04
-1.307674e-03
4.063689e-03
1.977085e-02
2.970258e-02
5.032362e-02
7.596380e-02
1.122347e-01
1.318851e-01
1.277064e-01
1.318800e-01
1.322836e-01
1.350821e-01
1.181783e-01
8.627315e-02
5.499588e-02
1.543083e-02
-2.486802e-02
-6.228158e-02
-9.389645e-02
-1.117209e-01
-1.116487e-01
-1.136065e-01
-1.151018e-01
-9.856775e-02
-6.699155e-02
-4.402259e-02
-3.481979e-02
-2.493317e-02
-1.119496e-02
-7.604145e-03
-1.647194e-02
-2.671859e-02
-3.091809e-02
-3.053265e-02
-3.790655e-02
-3.985234e-02
-3.448252e-02
-4.744490e-02
-5.512089e-02
-3.846767e-02
-1.697238e-02
2.735482e-03
1.146232e-02
1.217320e-02
2.137971e-02
2.940611e-02
4.025628e-02
5.967317e-02
7.188561e-02
5.692813e-02
3.966611e-02
2.113987e-02
1.040964e-03
-6.692954e-03
-2.519502e-04
-7.794468e-03
-1.931138e-02
-2.967070e-02
-3.874790e-02
-3.658775e-02
-2.322183e-02
2.286762e-02
7.748014e-02
9.860155e-02
7.851742e-02
4.592404e-02
1.647710e-02
-3.682078e-04
-7.442165e-03
-1.052196e-02
-1.678979e-02
-5.603324e-03
2.246266e-03
-5.044300e-03
3.606757e-03
9.163509e-03
3.831988e-03
6.638024e-03
7.050824e-03
-1.026671e-02
-3.473994e-02
-5.617795e-02
-7.537858e-02
-8.164713e-02
-7.234807e-02
-5.400508e-02
-3.338121e-02
-1.044415e-02
1.274082e-02
4.851159e-02
8.532268e-02
1.197789e-01
1.382498e-01
1.227354e-01
9.505876e-02
6.198312e-02
2.958849e-02
7.929960e-03
-4.655744e-04
8.406216e-03
2.834546e-02
5.785296e-02
7.770505e-02
8.987489e-02
1.019904e-01
1.034296e-01
8.925990e-02
6.605830e-02
3.501216e-02
2.675406e-03
-2.431798e-02
-4.191142e-02
-4.955433e-02
-5.753627e-02
-5.666016e-02
-5.591454e-02
-6.130419e-02
-6.440329e-02
-5.257399e-02
-3.877145e-02
-2.820638e-02
-3.492797e-02
-4.642355e-02
-5.717229e-02
-6.633807e-02
-6.098853e-02
-4.976026e-02
-3.462079e-02
-2.457904e-02
-3.919549e-02
-4.945245e-02
-2.863132e-02
-1.147844e-02
-2.233535e-02
-3.161348e-02
-1.922640e-02
3.097569e-04
5.132916e-03
-1.717375e-02
-4.338945e-02
-3.468250e-02
-2.207362e-02
-1.716998e-02
-1.062489e-02
-6.763829e-03
2.928478e-03
1.337407e-02
2.312689e-02
3.240024e-02
3.087900e-02
2.153299e-02
1.365110e-02
6.205174e-03
-7.466635e-04
-6.206672e-03
3.569279e-03
1.552651e-02
2.670903e-02
4.415334e-02
5.328262e-02
5.097604e-02
4.685483e-02
4.141408e-02
3.102637e-02
2.485241e-02
2.044691e-02
9.154810e-03
-1.382686e-03
2.221055e-03
-5.596361e-03
-1.611978e-02
-1.764878e-02
2.249413e-03
2.758744e-02
4.197137e-02
3.181056e-02
1.557081e-02
1.397164e-02
2.424534e-02
3.180780e-02
2.654460e-02
2.816775e-02
1.844643e-02
3.287956e-03
-1.280681e-02
-2.631474e-02
-2.867044e-02
-2.517658e-02
-3.067453e-02
-3.695123e-02
-3.905205e-02
-3.227382e-02
-3.800749e-02
-3.881195e-02
-2.241356e-02
4.021593e-04
2.516973e-02
3.651356e-02
2.593121e-02
1.733609e-02
2.919368e-02
3.911063e-02
3.003221e-02
1.969406e-02
1.174044e-02
9.729672e-03
1.889632e-02
2.359140e-02
1.383649e-02
7.149089e-03
1.427952e-02
1.729194e-02
1.579111e-02
2.032379e-02
2.458796e-02
3.476243e-02
5.122611e-02
5.756816e-02
3.852212e-02
1.604144e-02
9.733901e-03
3.146880e-03
-2.903339e-03
-3.817722e-03
2.811793e-03
9.051516e-03
7.138868e-03
2.959026e-04
-1.484722e-03
1.491731e-03
-3.157829e-03
-8.502845e-03
-1.900029e-02
-3.626425e-02
-4.775326e-02
-6.006648e-02
-7.921339e-02
-9.187235e-02
-8.705426e-02
-7.920397e-02
-6.975742e-02
-4.988555e-02
-2.126056e-02
1.424620e-02
2.802765e-02
2.345617e-02
2.220889e-02
1.680073e-02
8.831122e-03
-2.960575e-03
-1.934552e-02
-2.856108e-02
-2.133383e-02
-1.096936e-02
-5.662924e-03
-8.825424e-04
6.203436e-03
1.736041e-02
3.514092e-02
4.591164e-02
3.818306e-02
2.502448e-02
1.644470e-02
1.139161e-02
7.715534e-05
-2.009122e-02
-3.348140e-02
-2.376380e-02
-1.576914e-02
-2.401692e-02
-3.138738e-02
-2.895163e-02
-1.972994e-02
-8.798503e-03
-6.251409e-03
-2.553965e-03
7.509361e-03
1.135518e-02
-2.688950e-03
-2.843225e-02
-3.801720e-02
-3.729049e-02
-3.289366e-02
-2.495128e-02
-1.397739e-02
-2.308494e-03
1.498933e-02
3.211197e-02
4.446914e-02
4.419913e-02
3.454652e-02
2.650386e-02
1.868025e-02
7.057204e-03
9.240758e-04
5.396771e-03
1.126437e-02
1.248960e-02
1.533941e-02
2.651934e-02
3.659702e-02
4.715506e-02
5.525229e-02
4.440736e-02
2.578434e-02
1.039009e-02
-3.049191e-03
-1.713968e-02
-3.166581e-02
-4.383234e-02
-4.317278e-02
-4.925002e-02
-5.434351e-02
-4.219387e-02
-2.849369e-02
-2.768543e-02
-3.360885e-02
-2.344000e-02
-8.071397e-03
8.883923e-03
2.409307e-02
1.695052e-02
4.154406e-03
-5.794105e-03
-1.962501e-02
-3.021389e-02
-2.157318e-02
-6.396077e-03
7.453268e-03
2.084724e-02
2.908347e-02
2.448044e-02
1.992591e-02
1.236474e-02
7.261179e-03
1.571425e-02
2.451149e-02
2.084654e-02
1.276492e-02
3.462439e-03
-1.216048e-02
-2.986944e-02
-3.797171e-02
-3.703784e-02
-3.137251e-02
-2.282046e-02
-1.707306e-02
-2.149620e-02
-1.740012e-02
-1.830914e-02
-2.495267e-02
-3.021276e-02
-2.253808e-02
-8.083084e-03
3.759903e-03
1.591446e-02
1.706808e-02
1.586861e-02
1.406978e-02
1.472963e-02
2.173025e-02
2.940975e-02
2.617321e-02
1.593806e-02
1.912354e-03
-1.213133e-02
-1.974111e-02
-2.807969e-02
-3.823171e-02
-3.793528e-02
-2.966388e-02
-2.162384e-02
-1.287187e-02
-3.372210e-03
4.960793e-03
6.295350e-03
2.081759e-03
2.854991e-03
9.570203e-03
1.543627e-02
2.233404e-02
2.755873e-02
2.875699e-02
2.546336e-02
1.962055e-02
1.642099e-02
2.454180e-02
3.715590e-02
4.593892e-02
4.185198e-02
3.154616e-02
2.628737e-02
2.326228e-02
1.745833e-02
1.412381e-02
1.156786e-02
6.451968e-03
-3.458958e-03
-1.563964e-02
-2.893028e-02
-3.611852e-02
-4.042551e-02
-3.411028e-02
-2.276468e-02
-1.405569e-02
-3.752735e-03
1.385108e-03
-1.736999e-03
-4.302956e-03
-5.143813e-03
-1.268275e-02
-1.620897e-02
-1.008605e-02
-6.396478e-03
-1.206482e-02
-1.628319e-02
-1.682588e-02
-1.094850e-02
-7.085788e-03
-4.066551e-03
5.045647e-03
1.153586e-02
8.671620e-03
1.089585e-02
1.662722e-02
1.957977e-02
2.444992e-02
2.766219e-02
2.906437e-02
2.471008e-02
1.966758e-02
9.803623e-03
-1.635468e-03
-7.241159e-03
-4.613446e-04
2.366719e-03
-3.695452e-03
-9.064548e-03
-9.195530e-03
-3.025282e-03
1.372193e-03
-5.638138e-03
-1.642367e-02
-2.096936e-02
-1.329378e-02
-5.475353e-03
-2.129249e-03
-5.158182e-03
6.208077e-04
4.545450e-03
-1.757559e-03
-4.676414e-03
1.930334e-03
1.040889e-02
1.497158e-02
2.383668e-02
3.128914e-02
3.451716e-02
3.166791e-02
2.440903e-02
1.353627e-02
-1.077952e-02
-3.496263e-02
-5.078302e-02
-4.982382e-02
-4.369507e-02
-4.222369e-02
-4.108929e-02
-3.643850e-02
-2.902005e-02
-2.154227e-02
-1.347468e-02
-5.280000e-03
-1.924083e-03
-1.867943e-03
7.064062e-04
2.222677e-03
4.226738e-03
9.074735e-03
1.584862e-02
1.842123e-02
1.280725e-02
5.909404e-03
-3.437345e-03
-1.529061e-02
-1.916442e-02
-1.027583e-02
-2.309590e-04
6.681843e-03
1.319404e-02
2.120487e-02
2.218055e-02
1.590650e-02
1.291377e-02
1.122597e-02
6.509605e-03
-5.375147e-05
-2.465411e-03
4.206519e-03
1.002631e-02
9.715472e-03
6.580089e-04
-8.937043e-03
-1.298318e-02
-1.747104e-02
-2.243210e-02
-2.264038e-02
-1.843780e-02
-1.382863e-02
-2.720096e-03
9.972282e-03
2.133832e-02
3.403377e-02
4.021628e-02
3.366943e-02
2.707246e-02
2.112135e-02
1.400197e-02
1.120070e-02
1.884125e-02
2.704048e-02
3.135777e-02
3.363373e-02
2.643522e-02
2.016106e-02
1.518934e-02
1.081203e-02
9.176680e-03
6.298879e-03
2.354323e-03
-6.773957e-03
-1.518467e-02
-1.105139e-02
-7.721230e-03
-6.512531e-03
-3.889747e-03
2.426825e-03
1.300063e-02
2.003846e-02
1.558061e-02
1.260652e-02
1.062134e-02
1.977993e-03
-8.808814e-03
-1.739539e-02
-2.302061e-02
-1.758978e-02
-8.301126e-03
-1.152691e-03
3.315796e-04
-1.583798e-03
2.323055e-03
5.482408e-03
1.426989e-03
-5.053053e-03
-1.040188e-02
-1.099740e-02
-7.413671e-04
6.536866e-03
4.087862e-03
3.650063e-03
8.313308e-03
1.027743e-02
1.094320e-02
8.654379e-03
3.256421e-03
-8.972473e-04
-4.016042e-03
-7.035589e-03
-1.163553e-02
-1.950613e-02
-2.552095e-02
-2.195087e-02
-1.586785e-02
-8.831242e-03
1.566747e-03
6.434841e-03
2.963322e-03
-7.944301e-04
-1.395653e-03
-2.397656e-03
-8.069653e-03
-1.305549e-02
-1.474102e-02
-1.575055e-02
-1.697617e-02
-2.093486e-02
-2.340140e-02
-2.014026e-02
-1.543229e-02
-9.973419e-03
1.178001e-04
8.512021e-03
1.465857e-02
1.428883e-02
1.337726e-02
1.003595e-02
2.633610e-03
-2.872092e-03
-4.164140e-04
-1.792783e-03
-1.910188e-03
3.521672e-03
1.140494e-02
1.786631e-02
1.278885e-02
7.406199e-03
6.918121e-03
8.640700e-03
1.157069e-02
9.466321e-03
5.839165e-03
5.618812e-03
3.201200e-03
-3.886415e-04
-3.295979e-03
-6.385864e-03
-8.668626e-03
-1.120384e-02
-1.493198e-02
-1.931046e-02
-2.016068e-02
-1.696589e-02
-1.093304e-02
-2.627535e-03
3.747626e-03
3.965306e-03
5.435568e-03
1.032490e-02
1.124882e-02
9.279697e-03
6.722394e-03
1.207175e-03
-2.119979e-03
-3.589506e-03
-7.827991e-03
-1.324875e-02
-1.391825e-02
-6.985309e-03
1.783587e-03
8.086031e-03
1.220045e-02
1.859132e-02
2.594755e-02
2.425493e-02
2.295288e-02
2.511983e-02
2.372159e-02
1.920578e-02
1.461684e-02
6.456613e-03
-3.094937e-03
-4.789937e-03
-1.109103e-03
3.012894e-03
1.250779e-02
1.831854e-02
1.170776e-02
4.586142e-03
-1.377019e-03
-6.645113e-03
-1.014509e-02
-1.101013e-02
-9.077757e-03
-8.196577e-03
-1.532449e-02
-2.921357e-02
-3.880305e-02
-4.429748e-02
-3.988976e-02
-3.316756e-02
-2.510530e-02
-2.032835e-02
-2.326743e-02
-2.592338e-02
-2.172499e-02
-2.194574e-02
-2.269697e-02
-1.706548e-02
-8.947434e-03
1.455527e-03
9.722112e-03
7.838517e-03
4.796915e-04
-1.818327e-03
-2.274186e-03
2.473850e-03
1.008444e-02
1.898615e-02
2.637747e-02
2.696003e-02
2.043501e-02
1.156317e-02
2.666975e-03
-2.156550e-03
3.492494e-03
7.791238e-03
6.680872e-03
3.513537e-03
3.650382e-04
-2.563277e-03
-4.178428e-03
-1.103125e-03
3.646173e-03
1.052884e-02
1.832361e-02
2.147315e-02
1.810955e-02
1.220655e-02
1.085836e-02
1.006014e-02
6.865621e-03
2.597389e-03
-3.576403e-03
-6.805616e-03
-2.256915e-03
-7.481661e-04
-6.361814e-03
-1.120536e-02
-1.491355e-02
-1.811249e-02
-1.839756e-02
-1.590536e-02
-1.044566e-02
-1.853423e-03
3.797894e-03
5.742311e-03
5.932025e-03
2.604250e-03
-2.109487e-03
-4.221694e-03
-6.876093e-03
-1.157853e-02
-1.529739e-02
-1.511039e-02
-9.067869e-03
-1.011352e-03
5.844198e-03
1.334399e-02
2.136593e-02
2.460526e-02
2.453642e-02
2.138531e-02
1.663796e-02
1.155940e-02
1.068006e-02
9.925159e-03
8.290019e-03
7.489584e-03
8.670770e-03
1.172251e-02
1.859600e-02
2.117818e-02
1.323999e-02
4.654499e-03
-1.968229e-03
-2.736703e-03
-2.850295e-03
-7.403939e-03
-8.699002e-03
-2.764098e-03
-2.905845e-04
-2.558874e-03
-6.864871e-03
-8.519225e-03
-6.871899e-03
-3.714545e-03
-1.172655e-03
1.305572e-04
-8.758349e-04
-5.009569e-03
-9.108680e-03
-1.192022e-02
-1.547868e-02
-2.053775e-02
-2.061153e-02
-1.544537e-02
-1.051594e-02
-4.563568e-03
2.761274e-03
5.397258e-03
1.498090e-03
-3.036183e-03
-2.982991e-03
2.011996e-03
6.781577e-03
7.656803e-03
5.263767e-03
3.952246e-03
4.798444e-03
6.087638e-03
5.862513e-03
3.118052e-03
-2.284938e-04
-2.398147e-03
-5.103117e-03
-7.245226e-03
-8.945179e-03
-7.098268e-03
-3.603880e-03
-8.300396e-05
2.950202e-03
-4.617858e-05
-1.785584e-03
3.104577e-03
6.918429e-03
6.667050e-03
5.121357e-03
3.465762e-03
4.424488e-03
6.739436e-03
9.380486e-03
1.073856e-02
5.039298e-03
2.645555e-03
8.437228e-03
1.260006e-02
1.625787e-02
1.397801e-02
9.937671e-03
5.075953e-03
2.096790e-03
5.123343e-03
9.053091e-03
1.307385e-02
1.211784e-02
7.842650e-03
-5.078867e-04
-9.546049e-03
-1.492472e-02
-1.680445e-02
-1.383832e-02
-8.805080e-03
-3.033278e-03
1.866736e-03
4.191136e-03
5.753521e-03
7.687551e-03
7.103677e-03
3.423772e-03
-4.680898e-03
-1.294891e-02
-2.278667e-02
-3.093684e-02
-3.596225e-02
-3.461717e-02
-3.159645e-02
-2.632311e-02
-1.785326e-02
-1.123246e-02
-7.691778e-03
-8.709429e-03
-8.235031e-03
-4.594394e-03
-2.063034e-03
-3.276872e-03
-9.924259e-03
-1.446875e-02
-1.576731e-02
-1.085892e-02
-5.142594e-03
1.944288e-03
9.106688e-03
1.341508e-02
1.796019e-02
2.108184e-02
2.195999e-02
2.338496e-02
2.368955e-02
2.514822e-02
2.695098e-02
2.531205e-02
2.327478e-02
1.949544e-02
1.671790e-02
1.913596e-02
2.161279e-02
1.889292e-02
1.279424e-02
8.384434e-03
6.300828e-03
3.370030e-03
4.066208e-03
4.090401e-03
8.210107e-04
-2.093765e-03
-4.950677e-03
-7.147483e-03
-1.085705e-02
-1.553111e-02
-2.077680e-02
-2.683861e-02
-3.252596e-02
-3.346391e-02
-2.956518e-02
-2.611958e-02
-2.046287e-02
-1.592165e-02
-1.362159e-02
-1.351365e-02
-1.488209e-02
-1.615295e-02
-1.521464e-02
-1.175800e-02
-1.052781e-02
-7.048896e-03
-7.387816e-04
6.078021e-03
1.075188e-02
8.894235e-03
6.471864e-03
7.541353e-03
1.240548e-02
1.464394e-02
1.150146e-02
1.064335e-02
1.411022e-02
1.564033e-02
1.313352e-02
9.680859e-03
7.197830e-03
4.104789e-03
-2.633124e-03
-7.609384e-03
-3.037588e-03
2.484873e-03
5.309378e-03
6.664712e-03
8.149639e-03
1.311415e-02
1.281006e-02
7.851484e-03
5.260293e-03
6.377898e-03
8.008281e-03
9.410545e-03
7.853721e-03
7.619332e-03
8.442468e-03
9.333283e-03
7.678328e-03
2.564711e-03
-2.270995e-03
1.392965e-03
6.054730e-03
8.895601e-03
1.099804e-02
9.802595e-03
7.336168e-03
4.692556e-03
3.672874e-03
1.465988e-03
-3.329756e-03
-8.252985e-03
-1.294990e-02
-2.005338e-02
-2.689082e-02
-2.197415e-02
-1.498594e-02
-9.316541e-03
-3.520737e-03
-1.112204e-03
-4.804128e-03
-7.099350e-03
-2.572605e-03
-9.501823e-04
-1.929452e-03
-4.939300e-03
-7.817274e-03
-1.071873e-02
-1.541345e-02
-1.889455e-02
-2.066225e-02
-1.722405e-02
-1.271533e-02
-7.994680e-03
-1.524351e-03
3.225955e-03
3.524440e-03
4.045007e-03
6.438163e-03
8.196223e-03
1.048593e-02
1.169446e-02
1.317644e-02
1.177924e-02
9.781740e-03
8.406873e-03
1.107704e-02
1.330101e-02
1.424007e-02
1.545028e-02
1.674719e-02
1.687603e-02
1.446331e-02
1.119284e-02
6.613767e-03
7.932799e-04
-6.939112e-03
-1.329518e-02
-1.406541e-02
-1.005642e-02
-6.208988e-03
-3.476373e-03
-6.041873e-03
-9.943825e-03
-1.303770e-02
-1.652054e-02
-2.085781e-02
-2.033056e-02
-1.427112e-02
-9.511621e-03
-5.518572e-03
-1.734925e-03
-8.885313e-04
-3.163551e-03
-6.362279e-03
-8.671493e-03
-1.224119e-02
-1.880486e-02
-2.058644e-02
-1.538404e-02
-1.084410e-02
-6.208454e-03
-8.400816e-04
-2.409565e-03
-6.507591e-03
-3.291351e-03
1.852159e-04
8.819134e-04
1.368722e-03
-5.107362e-04
-5.916052e-03
-1.119058e-02
-7.444955e-03
-1.104466e-03
8.819705e-04
2.179270e-03
-1.604672e-04
-1.076020e-03
-8.782458e-04
-3.261420e-03
-6.987245e-03
-8.873040e-03
-4.539051e-03
-5.807746e-05
1.235491e-03
4.659229e-03
7.549110e-03
4.899978e-03
2.606565e-03
1.291585e-03
-2.211963e-03
-3.979897e-03
-5.404243e-04
4.625892e-03
7.343939e-03
5.061326e-03
5.871793e-04
-2.483335e-03
-2.401897e-03
-3.620677e-03
-5.078228e-03
-2.538528e-03
-2.921411e-04
1.768882e-03
3.798802e-03
5.042593e-03
7.670812e-03
1.100151e-02
9.145769e-03
3.163471e-03
-2.818776e-03
-6.867708e-03
-7.893600e-03
-4.351592e-03
1.574290e-03
7.011748e-03
1.068849e-02
1.390650e-02
1.640912e-02
1.723187e-02
1.573202e-02
1.476077e-02
1.306258e-02
1.030420e-02
8.798549e-03
8.808226e-03
9.433024e-03
1.162297e-02
1.408694e-02
1.520612e-02
1.399794e-02
1.098869e-02
7.687144e-03
5.228373e-03
2.828915e-03
8.712231e-04
3.371632e-03
8.608821e-03
1.192281e-02
9.216750e-03
4.290646e-03
3.955971e-04
-4.846412e-03
-4.510209e-03
-9.386008e-03
-1.363387e-02
-1.362461e-02
-1.376548e-02
-1.380440e-02
-1.303385e-02
-1.258819e-02
-1.058541e-02
-8.523647e-03
-6.058883e-03
-1.893662e-03
8.352598e-04
-2.283640e-03
-2.634571e-03
-7.522846e-04
8.576717e-04
1.910128e-03
-7.455385e-06
-3.219744e-03
1.747657e-03
8.442936e-03
1.116919e-02
8.188766e-03
4.255534e-03
6.113020e-03
8.470949e-03
7.905690e-03
4.241666e-03
2.176768e-03
8.566031e-03
1.350614e-02
1.548270e-02
1.827609e-02
1.660143e-02
1.297787e-02
1.130314e-02
9.784163e-03
8.289910e-03
6.251813e-03
4.973393e-03
4.406756e-03
4.676165e-03
4.384988e-03
1.628310e-03
1.384706e-03
5.650358e-03
8.428069e-03
1.133154e-02
1.116079e-02
8.714101e-03
3.083311e-03
-2.371763e-03
-7.606986e-03
-1.228995e-02
-1.512224e-02
-1.642230e-02
-1.658077e-02
-1.559197e-02
-1.380745e-02
-1.152661e-02
-9.896918e-03
-5.741337e-03
-1.583395e-03
-7.751878e-04
-5.032938e-03
-8.193487e-03
-9.359606e-03
-4.169127e-03
2.201716e-03
5.426806e-03
3.180332e-03
1.546498e-03
1.694614e-03
1.304138e-03
5.641261e-04
-1.581231e-03
-1.645714e-03
-7.954625e-04
-3.655522e-03
-7.507443e-03
-7.898343e-03
-3.099180e-03
1.334029e-03
4.287473e-03
6.382688e-03
6.753173e-03
4.281924e-03
-4.228020e-04
-4.704524e-03
-7.759392e-03
-6.645242e-03
-1.082303e-02
-1.032912e-02
-6.301251e-03
-2.333734e-03
-1.710913e-04
-2.399657e-03
-3.290559e-03
-4.022515e-03
-3.289377e-03
-3.890824e-03
-7.326638e-03
-9.737892e-03
-1.026514e-02
-1.215724e-02
-1.213719e-02
-8.002533e-03
-1.488772e-03
2.207959e-03
5.821698e-03
1.059895e-02
1.392478e-02
1.432265e-02
1.248372e-02
1.146194e-02
1.061807e-02
9.218092e-03
7.514367e-03
6.504041e-03
5.180365e-03
3.138754e-03
1.546551e-03
2.277439e-03
3.843781e-03
3.522635e-03
2.758732e-03
1.918820e-03
1.799563e-04
-1.630681e-03
-2.798206e-03
-6.074584e-03
-1.106752e-02
-1.302694e-02
-1.273522e-02
-1.495614e-02
-1.900812e-02
-2.114429e-02
-1.904755e-02
-1.480551e-02
-1.196671e-02
-6.596774e-03
-2.403611e-06
3.389681e-03
5.556015e-03
9.352270e-03
8.698407e-03
6.350369e-03
4.909368e-03
1.845323e-03
9.270378e-04
9.728272e-04
3.248697e-03
5.901378e-03
8.206820e-03
9.564974e-03
1.167100e-02
1.353868e-02
1.320453e-02
1.225780e-02
1.012443e-02
8.626762e-03
9.164057e-03
1.154383e-02
1.432942e-02
1.358211e-02
1.022653e-02
7.740188e-03
5.285275e-03
2.009228e-03
-9.883633e-04
-3.100697e-03
-3.581631e-03
-1.712849e-03
2.076374e-04
2.043140e-03
3.769165e-03
4.392111e-03
3.752770e-03
2.194312e-03
-8.280623e-05
-5.077831e-03
-1.145942e-02
-1.489242e-02
-1.657299e-02
-1.454055e-02
-1.085064e-02
-7.518392e-03
-3.954922e-03
-2.588636e-03
-1.298681e-03
1.043432e-03
1.939403e-03
-1.355963e-03
-6.281458e-03
-8.542984e-03
-7.201429e-03
-8.798712e-03
-9.493872e-03
-7.611661e-03
-7.180830e-03
-5.303639e-03
-3.006811e-03
-1.289187e-03
8.860126e-04
3.239094e-03
5.905150e-03
7.840640e-03
7.825908e-03
4.356054e-03
1.292972e-03
-1.863443e-04
2.830086e-03
5.221959e-03
2.802538e-03
1.411738e-03
1.664458e-03
4.567362e-03
5.114370e-03
1.595487e-03
1.589882e-03
6.974131e-03
1.006380e-02
7.027424e-03
3.429693e-03
2.242156e-03
1.135576e-03
-2.673691e-03
-6.649860e-03
-6.588661e-03
-1.846349e-03
2.895191e-03
4.643587e-03
2.235889e-03
-3.210175e-04
-1.129907e-03
-3.958740e-03
-5.869363e-03
-7.903297e-03
-6.326255e-03
-3.219267e-03
-2.142351e-03
-5.687262e-03
-8.340708e-03
-8.679678e-03
-7.968583e-03
-6.265436e-03
-4.573110e-03
5.765380e-04
3.722622e-03
9.482246e-04
-2.731186e-03
-4.944452e-03
-2.437392e-03
1.087029e-04
-1.758912e-03
-1.364081e-03
2.569723e-03
4.795544e-03
3.469658e-03
1.706849e-03
3.305800e-03
5.658113e-03
5.081292e-03
2.970747e-03
2.765200e-04
-1.670474e-03
-2.725916e-03
-5.134116e-03
-6.584715e-03
-7.800423e-03
-9.862975e-03
-8.323906e-03
-5.912744e-03
-4.364255e-03
-1.433479e-03
1.319287e-03
3.433426e-03
4.399472e-03
3.964241e-03
2.944715e-03
2.010078e-03
3.452076e-03
4.279124e-03
5.146248e-03
7.097876e-03
1.023198e-02
1.297099e-02
1.379417e-02
1.266075e-02
1.144731e-02
8.230147e-03
2.882379e-03
-3.474763e-04
2.299236e-03
4.179278e-03
4.685700e-03
4.821193e-03
1.213131e-03
-2.000506e-04
3.565865e-03
4.466049e-03
8.837182e-04
-6.522141e-04
2.619663e-03
5.112830e-03
7.101894e-03
7.461441e-03
5.437699e-03
7.606442e-03
7.883522e-03
8.456960e-03
9.280193e-03
7.872203e-03
4.323223e-03
1.044092e-03
-1.130801e-03
-3.000803e-03
-4.615306e-03
-5.960171e-03
-8.586674e-03
-1.229864e-02
-1.497937e-02
-1.297206e-02
-9.581996e-03
-9.251033e-03
-9.134409e-03
-6.940783e-03
-6.397568e-03
-6.292433e-03
-5.775565e-03
-5.672118e-03
-6.387812e-03
-6.069545e-03
-2.351019e-03
2.934429e-03
5.336430e-03
1.773769e-03
-3.069661e-04
-2.826251e-03
-2.576959e-03
-6.427705e-04
1.148767e-03
3.634173e-03
6.223990e-03
7.515839e-03
6.139335e-03
3.449154e-03
2.201608e-03
1.662193e-03
-1.927916e-04
-2.804886e-03
-6.375464e-03
-9.953152e-03
-1.090631e-02
-9.266182e-03
-9.733141e-03
-1.104461e-02
-1.227214e-02
-1.320560e-02
-1.503950e-02
-1.598505e-02
-1.550610e-02
-1.319972e-02
-1.047106e-02
-7.261979e-03
-2.516051e-03
2.460519e-05
2.804594e-03
4.845090e-03
5.739128e-03
6.745795e-03
5.964987e-03
8.006961e-03
1.035106e-02
9.065220e-03
7.840518e-03
7.002813e-03
5.276806e-03
3.290444e-03
2.508713e-03
5.389369e-03
6.840258e-03
7.919814e-03
9.960885e-03
9.589221e-03
8.054271e-03
6.252091e-03
3.900743e-03
2.387913e-03
1.008220e-03
-3.277761e-04
-1.677197e-03
-2.663359e-03
-6.673661e-04
1.884116e-04
6.658128e-04
1.708646e-03
1.775391e-03
2.546946e-03
4.618579e-03
4.576764e-03
1.381922e-03
-1.094708e-03
1.699361e-03
3.041812e-03
2.237366e-03
2.671578e-03
1.534902e-03
-1.795665e-03
-2.650313e-03
5.998148e-04
2.105706e-03
3.575812e-03
2.845093e-03
1.124527e-03
-1.467767e-03
4.239294e-04
4.158071e-04
-3.317843e-03
-6.927075e-03
-9.472180e-03
-8.849103e-03
-8.542596e-03
-1.105317e-02
-1.225887e-02
-9.575636e-03
-7.375519e-03
-4.048143e-03
-1.841392e-03
-1.465515e-03
6.226176e-04
3.315097e-03
4.633815e-03
2.695572e-03
2.076499e-03
3.612589e-03
5.009504e-03
7.983859e-03
8.875756e-03
7.050638e-03
6.183933e-03
6.256868e-03
4.779168e-03
3.918745e-03
1.002251e-03
-1.514228e-03
-7.445930e-04
-7.351046e-04
-1.569537e-03
-2.738068e-03
-4.594086e-03
-8.278016e-03
-8.849281e-03
-6.589052e-03
-6.437917e-03
-5.977586e-03
-4.962260e-03
-4.073346e-03
-2.067104e-03
-9.657199e-04
-2.282969e-03
-3.216069e-03
-8.644222e-04
1.909712e-03
3.107507e-03
3.602749e-03
2.496836e-03
4.716237e-03
7.542198e-03
9.807776e-03
1.313976e-02
1.439791e-02
1.224216e-02
1.056964e-02
8.839561e-03
5.109409e-03
2.112150e-03
4.210140e-04
-4.124372e-05
-1.356677e-03
9.088554e-06
2.252965e-03
3.211226e-03
1.981227e-03
-9.547676e-04
-2.693888e-03
-2.825869e-03
-1.618917e-03
-1.073936e-03
1.967726e-03
3.951443e-03
5.775187e-03
4.300836e-03
1.684506e-03
-8.801990e-04
-3.275941e-03
-7.821756e-03
-1.212039e-02
-1.363926e-02
-1.184949e-02
-1.026290e-02
-8.755024e-03
-7.761938e-03
-6.210045e-03
-3.058728e-03
-1.662907e-03
-5.009568e-03
-9.145787e-03
-1.109684e-02
-1.277041e-02
-1.180729e-02
-1.065602e-02
-9.512721e-03
-6.438002e-03
-4.097580e-03
-4.156709e-03
-8.345479e-03
-6.729255e-03
-3.950299e-03
-1.909939e-03
-5.267793e-04
-3.398992e-03
-3.627995e-03
-1.076449e-03
1.509081e-03
3.228452e-03
6.371625e-03
9.124001e-03
1.099389e-02
8.700831e-03
5.863585e-03
2.458271e-03
1.256472e-03
3.476642e-03
2.395036e-03
9.030843e-05
-1.515881e-03
-8.361380e-04
2.226141e-03
3.439267e-03
6.043859e-03
8.131738e-03
1.051590e-02
1.268187e-02
1.043604e-02
5.941929e-03
1.343837e-03
-1.416525e-03
1.233649e-03
1.034042e-03
-9.384880e-04
1.813762e-03
4.864442e-03
1.402232e-03
-1.020686e-03
-9.245460e-04
-1.993167e-03
-2.331400e-03
-2.739043e-03
-3.437393e-03
-5.194710e-03
-7.768683e-03
-1.003758e-02
-1.259684e-02
-1.422730e-02
-1.136184e-02
-7.226963e-03
-4.347063e-03
-6.756195e-04
1.737943e-03
2.270222e-03
1.216110e-03
-1.437799e-04
-1.223430e-03
-3.050369e-03
-5.097026e-03
-1.852741e-03
7.474077e-04
2.555261e-03
5.845114e-03
7.770562e-03
5.323274e-03
2.576895e-03
1.259933e-03
1.552127e-03
1.813816e-03
1.559969e-03
1.534647e-03
-5.530030e-05
-1.143987e-03
-2.195350e-03
-4.130947e-03
-8.450406e-03
-1.220040e-02
-1.290850e-02
-1.024576e-02
-7.133247e-03
-8.927629e-03
-1.114302e-02
-8.871450e-03
-7.216799e-03
-4.666243e-03
-3.172361e-03
-2.162669e-03
-9.524866e-04
8.296384e-04
3.531273e-03
5.608458e-03
5.725468e-03
5.624981e-03
6.334918e-03
7.651525e-03
5.186475e-03
2.857035e-03
4.645154e-03
6.593084e-03
8.298221e-03
8.905169e-03
8.691598e-03
1.013399e-02
1.148509e-02
1.230192e-02
1.107487e-02
8.877611e-03
8.019762e-03
6.206017e-03
3.794940e-03
4.704180e-03
5.550830e-03
4.344632e-03
3.095432e-03
3.110776e-03
1.368067e-03
-8.986636e-05
-2.233444e-03
-6.175067e-03
-1.101984e-02
-1.521391e-02
-1.727054e-02
-1.488901e-02
-1.259521e-02
-1.087446e-02
-9.688257e-03
-1.154609e-02
-1.193862e-02
-8.453293e-03
-6.868171e-03
-4.632805e-03
-2.969044e-03
-6.051188e-03
-7.717540e-03
-3.459205e-03
-1.336490e-03
1.153986e-03
3.918434e-03
8.378120e-03
1.156768e-02
1.671672e-02
2.224147e-02
2.353641e-02
2.211794e-02
1.937997e-02
1.928314e-02
1.852978e-02
1.689850e-02
1.543183e-02
1.419566e-02
1.238700e-02
1.465856e-02
1.581304e-02
1.234312e-02
1.073726e-02
1.156394e-02
1.082228e-02
6.234280e-03
1.146633e-03
-3.370943e-03
-8.137261e-03
-1.202842e-02
-1.091846e-02
-8.991192e-03
-8.744207e-03
-8.439171e-03
-8.911270e-03
-6.247167e-03
-4.535411e-03
-6.499433e-03
-8.918477e-03
-1.047654e-02
-1.480860e-02
-1.793693e-02
-1.878627e-02
-1.473113e-02
-1.150881e-02
-8.266340e-03
-3.066887e-03
-3.093902e-04
1.575490e-03
1.206746e-03
-6.306889e-04
-2.301571e-03
-6.131194e-03
-1.181415e-02
-1.376512e-02
-1.471127e-02
-1.538489e-02
-1.605605e-02
-1.460391e-02
-1.264452e-02
-1.174327e-02
-8.760215e-03
-4.940475e-03
-2.356413e-04
3.222545e-03
5.928675e-03
2.493726e-03
-1.093926e-03
-3.846809e-03
-8.169718e-04
1.885877e-03
4.079460e-03
7.574600e-03
1.156754e-02
1.449045e-02
1.122848e-02
9.124007e-03
7.388842e-03
5.614287e-03
5.319543e-03
6.247438e-03
1.014421e-02
1.542827e-02
2.126401e-02
2.481011e-02
2.385647e-02
2.193372e-02
1.867286e-02
1.520114e-02
1.180014e-02
8.163853e-03
6.181533e-03
2.980891e-03
-6.288876e-04
-1.849328e-03
-6.791803e-04
-1.037073e-04
1.269445e-03
3.393912e-03
3.836099e-03
5.429396e-03
6.807878e-03
8.418169e-03
1.111377e-02
8.973968e-03
3.770138e-03
-4.123720e-03
-1.177187e-02
-1.661641e-02
-1.943098e-02
-2.029116e-02
-2.027628e-02
-1.951324e-02
-1.748749e-02
-1.402006e-02
-8.422168e-03
-2.460223e-03
6.558491e-04
2.856790e-03
4.125081e-03
4.181953e-03
4.207779e-03
2.711754e-03
-8.190992e-05
-2.276868e-03
-5.541704e-03
-9.494681e-03
-1.062078e-02
-6.337184e-03
-1.729028e-03
1.486008e-03
4.813110e-03
8.510560e-03
9.701875e-03
6.753865e-03
2.810453e-03
-3.693291e-03
-9.742376e-03
-1.070976e-02
-7.104253e-03
-1.870310e-03
1.879848e-03
7.061010e-03
1.132064e-02
1.265355e-02
1.074236e-02
8.335871e-03
7.200199e-03
5.101386e-03
1.659528e-03
-8.124908e-04
-5.607753e-03
-1.211119e-02
-1.158565e-02
-2.272035e-03
4.785007e-03
1.086971e-02
1.687443e-02
1.822457e-02
1.454397e-02
8.800964e-03
3.702276e-03
2.377910e-03
5.807228e-03
6.304868e-03
4.583691e-03
2.373130e-03
-5.784495e-04
-4.182094e-03
-8.925359e-03
-1.302531e-02
-1.140159e-02
-8.333154e-03
-3.097764e-03
1.732001e-03
7.012273e-03
1.106766e-02
1.166944e-02
8.087566e-03
1.930038e-03
-1.966125e-03
-6.487241e-03
-1.208904e-02
-1.616807e-02
-1.366969e-02
-9.957869e-03
-6.713547e-03
-2.012434e-03
2.706990e-03
7.506419e-03
1.143593e-02
1.292375e-02
1.388086e-02
1.349818e-02
1.378182e-02
1.075724e-02
6.233047e-03
1.639334e-03
-3.217576e-03
-6.681090e-03
-6.399792e-03
-5.483936e-03
-2.920738e-03
-8.306551e-05
3.037018e-03
6.823975e-03
9.551560e-03
1.173674e-02
1.351760e-02
1.489278e-02
1.246944e-02
6.807030e-03
-5.375754e-04
-8.687856e-03
-1.613553e-02
-2.180829e-02
-2.610778e-02
-2.721992e-02
-2.532850e-02
-2.100775e-02
-1.451832e-02
-5.890076e-03
-2.906096e-03
-6.806038e-03
-6.822634e-03
-3.128246e-03
-1.972308e-03
-1.921610e-03
-4.556173e-03
-8.090350e-03
-1.182093e-02
-1.489261e-02
-1.235387e-02
-9.015650e-03
-5.179989e-03
-1.045207e-03
1.311743e-03
3.443469e-03
3.087382e-03
6.017873e-03
7.837104e-03
1.023430e-02
1.328236e-02
1.473114e-02
1.199742e-02
6.215339e-03
6.406888e-05
-4.581021e-03
-7.791704e-03
-4.711714e-03
-2.220916e-03
-1.542135e-03
-4.051318e-04
7.009197e-04
-1.468611e-04
-1.315654e-03
-4.277987e-03
-6.824593e-03
-5.192212e-03
-2.141529e-03
-1.104269e-03
-2.595767e-03
-4.814164e-03
-3.680541e-03
-2.651817e-03
-2.105101e-03
7.758507e-04
2.375146e-03
4.616592e-03
4.909854e-03
4.072692e-04
-2.317448e-03
-4.565171e-03
-1.911594e-03
-1.134425e-03
-4.686574e-03
-6.773529e-03
-2.083395e-03
1.521835e-03
3.061661e-03
4.333380e-03
7.135306e-03
8.534696e-03
5.273960e-03
8.175787e-04
-1.895501e-03
-4.639314e-03
-6.918344e-03
-5.022904e-03
-4.216411e-03
-2.501381e-03
1.388908e-03
4.311682e-03
6.865748e-03
6.170609e-03
3.526674e-03
2.197277e-03
4.610900e-04
-2.638047e-03
-4.664587e-03
-6.839818e-03
-7.466050e-03
-5.384139e-03
-4.607821e-03
-2.263437e-03
-1.741943e-03
-5.410391e-04
2.696376e-03
3.444427e-03
1.097350e-03
-5.371688e-04
-1.178239e-03
-1.873246e-03
-2.229611e-03
-4.984024e-03
-6.110256e-03
-3.930516e-03
-2.041528e-03
-4.596611e-04
2.292346e-03
5.243860e-03
3.190204e-03
1.009234e-04
-1.893353e-03
-4.300899e-03
-8.627708e-03
-1.135163e-02
-7.873181e-03
-4.340551e-03
-1.357276e-03
-3.203412e-03
-5.616843e-03
-5.362076e-03
-3.658331e-03
-3.417585e-03
-2.613137e-03
-2.459023e-03
-2.407976e-03
-7.926264e-04
2.414085e-03
5.033893e-03
5.268407e-03
3.109993e-03
3.862370e-04
-1.669238e-03
-5.314371e-03
-7.247263e-03
-5.185624e-03
-2.811933e-03
-1.971328e-03
-6.251024e-04
5.915679e-04
3.999286e-04
-1.869014e-03
-2.348328e-03
-3.888817e-03
-7.232466e-03
-9.131934e-03
-6.991334e-03
-4.145566e-03
-1.580448e-03
1.894730e-03
4.556374e-03
5.560207e-03
6.026206e-03
6.356072e-03
5.707747e-03
5.160466e-03
6.061537e-03
6.004683e-03
4.482187e-03
3.496471e-03
2.994900e-03
2.130966e-03
3.097265e-03
4.985224e-03
6.618322e-03
7.900103e-03
9.443651e-03
1.176529e-02
1.372589e-02
1.421196e-02
1.588468e-02
1.799220e-02
1.880628e-02
1.759239e-02
1.522982e-02
1.273144e-02
1.033885e-02
9.745258e-03
9.624114e-03
6.376032e-03
3.554039e-03
7.653025e-04
1.083976e-04
1.542379e-03
1.715078e-03
1.570602e-03
3.807603e-03
5.422749e-03
3.232708e-03
1.439540e-03
-2.578952e-04
-2.736573e-03
-3.359086e-03
-4.114194e-03
-5.691300e-03
-3.523854e-03
-1.986957e-03
-1.237219e-03
1.199795e-03
7.836170e-04
2.487272e-03
3.421755e-03
4.309065e-03
4.389703e-03
3.393524e-03
8.254212e-04
-2.249419e-03
-3.443578e-03
-4.971829e-03
-6.513015e-03
-5.201436e-03
-3.968816e-03
-2.306463e-03
-6.706197e-04
4.345738e-04
3.775797e-03
5.084937e-03
5.148605e-03
5.247657e-03
3.976079e-03
1.542848e-03
1.030471e-03
1.761119e-03
2.117175e-03
3.869163e-03
5.807869e-03
7.321612e-03
8.428924e-03
8.021049e-03
7.487991e-03
6.420743e-03
5.385725e-03
3.776598e-03
1.514668e-03
-5.252107e-04
2.546695e-03
4.517333e-03
5.720733e-03
6.037039e-03
6.127990e-03
5.934432e-03
5.880350e-03
7.097461e-03
7.123476e-03
5.633612e-03
5.100891e-03
3.725773e-03
1.502021e-03
3.555305e-04
-1.511503e-03
-3.307742e-03
-3.833626e-03
-4.762817e-03
-5.159499e-03
-3.925636e-03
-4.372518e-03
-4.611163e-03
-3.610529e-03
-3.795681e-03
-3.144125e-03
-3.430129e-03
-3.319605e-03
-2.562685e-03
-3.758113e-03
-5.624474e-03
-7.720935e-03
-6.593212e-03
-5.841176e-03
-5.141678e-03
-3.562529e-03
-5.361980e-04
4.008409e-04
-1.542552e-03
-3.516881e-03
-5.018719e-03
-6.370891e-03
-4.101052e-03
-1.971495e-03
3.368478e-04
2.601846e-03
3.438399e-03
4.994543e-03
4.799545e-03
3.301486e-03
2.102740e-03
6.065245e-05
-4.356481e-04
5.123959e-04
1.055407e-03
2.080668e-03
2.336141e-03
1.780665e-03
2.097913e-03
3.958346e-03
4.328462e-03
2.587702e-03
-4.366910e-04
-3.031711e-03
-5.737049e-03
-5.861005e-03
-4.436843e-03
-4.086258e-03
-3.042659e-03
-3.421119e-03
-5.241921e-03
-7.083643e-03
-8.422413e-03
-1.042437e-02
-1.234961e-02
-1.330376e-02
-1.498580e-02
-1.584107e-02
-1.382637e-02
-1.078394e-02
-8.304979e-03
-6.806573e-03
-5.678160e-03
-4.107037e-03
-3.662662e-03
-2.716432e-03
-2.403698e-03
-2.616567e-03
-2.311283e-03
-1.971416e-03
-3.273295e-03
-6.459407e-03
-7.615210e-03
-5.456826e-03
-4.339780e-03
-3.835293e-03
-2.127843e-03
-2.393641e-03
-4.978593e-03
-6.988293e-03
-7.414520e-03
-4.992901e-03
-3.742793e-03
-2.127524e-03
-1.741642e-03
-3.718550e-03
-5.026595e-03
-7.008180e-03
-6.434010e-03
-4.967204e-03
-3.746984e-03
-8.869571e-04
9.640865e-04
2.334399e-03
3.525560e-03
4.571980e-03
3.945184e-03
1.869596e-03
3.210086e-03
5.315299e-03
4.825990e-03
1.623297e-03
-1.008031e-03
-5.227324e-04
1.830572e-03
3.380955e-03
4.694621e-03
4.468096e-03
3.260243e-03
2.156017e-03
2.019129e-03
2.996266e-03
4.178372e-03
3.163003e-03
2.199184e-03
2.089862e-03
2.748639e-03
3.033262e-03
4.631169e-03
6.681714e-03
7.786937e-03
7.045597e-03
5.046384e-03
3.823115e-03
4.195597e-03
2.480112e-03
1.607425e-03
1.043850e-03
-4.802127e-04
-1.849896e-03
-3.401271e-03
-4.414629e-03
-4.729681e-03
-6.932259e-03
-9.636053e-03
-1.072733e-02
-9.565611e-03
-7.113366e-03
-5.044428e-03
-3.830318e-03
-2.114327e-03
-1.057213e-03
-1.523246e-03
-3.256644e-03
-4.706197e-03
-4.548305e-03
-3.436868e-03
-4.849569e-03
-6.748972e-03
-8.015403e-03
-7.620557e-03
-6.268686e-03
-4.201291e-03
-3.485147e-04
2.073092e-03
3.140319e-03
4.536599e-03
4.727892e-03
3.056354e-03
1.467474e-03
4.231263e-04
-2.385871e-05
-8.484341e-04
-2.380373e-03
-3.255259e-04
4.960944e-04
8.517437e-04
1.561102e-03
2.350772e-03
3.091107e-03
5.412302e-03
5.573621e-03
6.456608e-03
8.030664e-03
7.625609e-03
6.897020e-03
6.150663e-03
5.206182e-03
3.673001e-03
3.455573e-03
5.515424e-03
5.284139e-03
4.597544e-03
3.376239e-03
8.829264e-04
-2.924344e-04
2.239087e-04
7.450348e-06
-1.321682e-03
-2.955455e-03
-2.556767e-03
-2.955532e-03
-2.218087e-03
-1.380010e-03
6.950206e-04
1.950114e-03
2.167453e-03
3.504224e-03
3.293753e-03
2.365863e-03
7.041408e-04
-1.102191e-03
-3.122318e-03
-2.442537e-03
-3.791463e-04
1.520203e-04
1.719478e-03
3.643814e-03
5.444085e-03
5.141476e-03
5.220791e-03
5.760270e-03
5.001332e-03
2.526938e-03
5.869752e-04
-1.306218e-03
-1.533852e-03
-5.334133e-04
1.059452e-03
3.175551e-03
4.849871e-03
4.631453e-03
2.879162e-03
1.508324e-03
3.754457e-04
-9.893485e-04
-2.962594e-03
-3.034290e-03
-1.484522e-03
-3.518154e-04
3.459310e-04
-1.420651e-04
5.217932e-04
-1.497520e-04
-1.289140e-03
-2.034567e-03
5.294213e-04
1.872837e-03
1.760706e-03
9.897728e-04
1.129072e-03
2.502923e-03
1.499689e-03
-3.758646e-03
5.557191e-03
9.058656e-03
6.158563e-03
-2.669801e-03
-6.609133e-03
-4.332086e-03
7.705325e-04
1.140063e-03
-1.150732e-04
-1.515595e-03
-1.427713e-03
1.444535e-03
3.489296e-03
4.322641e-03
1.790700e-03
-6.950455e-04
-2.176712e-03
-4.058084e-03
-6.927533e-03
-5.520774e-03
-4.141340e-03
-4.685642e-03
-5.033139e-03
-4.112779e-03
-3.947384e-03
-2.845769e-03
-8.043166e-04
5.022284e-04
7.841452e-04
-6.547697e-04
-2.635609e-03
-3.993612e-03
-5.368097e-03
-4.880741e-03
-2.586537e-03
-1.774596e-04
3.725815e-03
4.511040e-03
4.725141e-03
5.322942e-03
4.726242e-03
1.948662e-03
5.982512e-05
-5.971432e-04
-2.074935e-03
-5.682836e-03
-6.798374e-03
-6.497865e-03
-7.365540e-03
-1.037336e-02
-7.543450e-03
-5.758998e-03
-5.291352e-03
-2.420533e-03
-1.642341e-03
-8.652225e-04
-2.001612e-03
-2.967875e-03
-4.699204e-03
-4.760442e-03
-3.129597e-03
-7.614956e-04
3.331454e-03
2.151231e-03
1.438503e-03
3.270983e-03
4.347386e-03
5.340920e-03
5.321720e-03
4.354129e-03
2.859255e-03
1.876709e-03
1.235623e-03
3.087068e-03
2.109257e-03
1.641109e-03
8.471785e-04
1.591310e-04
4.925670e-04
1.480640e-03
8.043207e-04
1.405289e-03
3.174771e-03
3.672354e-03
5.536953e-03
7.332780e-03
7.134274e-03
6.406852e-03
6.185963e-03
5.866588e-03
5.038745e-03
4.096012e-03
2.928471e-03
2.260500e-03
1.448348e-03
1.401183e-03
-2.100345e-04
-1.437491e-03
-2.962588e-03
-2.924943e-03
-1.706390e-03
1.596415e-04
2.057199e-03
9.899861e-05
-1.379479e-03
-2.039140e-03
-2.917506e-03
-4.067846e-03
-5.008536e-03
-3.996258e-03
-2.588763e-03
-1.167929e-03
1.157019e-03
2.070315e-03
1.680680e-03
1.271446e-03
2.403740e-03
3.353098e-03
3.397459e-03
2.696917e-03
1.993622e-03
2.156817e-03
2.613201e-03
3.897905e-03
5.776802e-03
7.268354e-03
7.092315e-03
4.656948e-03
2.619594e-03
1.063993e-03
-4.151680e-04
1.606887e-03
2.536741e-03
4.320000e-03
5.234845e-03
4.371059e-03
3.064858e-03
1.488743e-03
2.630776e-03
4.908149e-03
3.759818e-03
2.135129e-03
1.056633e-03
-3.737133e-04
-2.256747e-03
-3.308458e-03
-2.678906e-03
5.698785e-04
1.584801e-03
1.984068e-03
2.876875e-03
3.739978e-03
4.464666e-03
4.791965e-03
4.531438e-03
2.841653e-03
7.471312e-04
-3.861346e-04
-1.512467e-03
-1.965256e-03
-2.299945e-03
-2.129547e-03
-1.387434e-03
-1.548960e-03
-1.245314e-03
-5.495407e-04
-7.754528e-04
-6.149534e-04
-5.205103e-04
-1.967756e-03
-2.889246e-03
-2.362542e-03
-3.595505e-03
-5.492707e-03
-6.398032e-03
-6.561482e-03
-6.835061e-03
-6.238917e-03
-5.739175e-03
-3.993515e-03
-2.415509e-03
-1.055707e-03
1.140103e-03
1.399341e-03
7.664524e-04
1.066142e-03
1.874645e-03
1.790446e-03
3.627128e-04
-8.702266e-04
-2.514009e-03
-3.478390e-03
-4.803554e-03
-4.666299e-03
-2.500410e-03
-8.093164e-04
1.126605e-03
3.025090e-03
3.200051e-03
3.072094e-03
2.853334e-03
3.005242e-03
2.773134e-03
3.001899e-03
3.002672e-03
2.579810e-03
2.830857e-03
3.147937e-03
4.019386e-03
4.151986e-03
4.269581e-03
3.009582e-03
2.143500e-03
1.699878e-03
2.041233e-04
6.370576e-04
2.370543e-03
3.742964e-03
1.161302e-03
1.060468e-05
-1.959076e-05
-8.799783e-04
-1.061232e-03
-1.173593e-03
-1.886003e-03
-1.697274e-03
-2.342783e-03
-3.787571e-03
-5.846290e-03
-5.305045e-03
-3.962150e-03
-2.635018e-03
4.779990e-06
1.493093e-03
4.528410e-04
-2.482763e-04
-1.172758e-03
-7.854209e-04
-1.605852e-03
-2.506661e-03
-2.412937e-03
-1.859879e-03
-5.977351e-04
5.618216e-04
1.625141e-03
2.730224e-03
3.169629e-03
3.101564e-03
2.962593e-03
1.914190e-03
-7.372959e-05
-2.072650e-03
-3.838139e-03
-5.367295e-03
-4.512071e-03
-3.052378e-03
-2.423081e-03
-1.626304e-03
-9.489910e-04
-3.043465e-04
3.942898e-04
-8.238785e-05
-1.227450e-03
-2.095249e-03
-2.497957e-03
-2.695266e-03
-2.383267e-03
-1.476649e-03
-2.178754e-04
2.130085e-04
2.301140e-04
-6.326708e-04
-1.058054e-03
-1.348937e-03
-1.303152e-03
-1.671681e-03
-2.628638e-03
-3.141131e-03
-3.999354e-03
-4.422250e-03
-4.802473e-03
-5.310360e-03
-4.522101e-03
-3.778713e-03
-2.638642e-03
-2.576474e-03
-2.749323e-03
-2.267914e-03
-2.177733e-03
-1.542339e-03
-2.027435e-03
-2.183672e-03
-1.032253e-03
2.941638e-04
8.281480e-04
1.898058e-03
2.578776e-03
2.672014e-03
2.094876e-03
9.885061e-04
-4.151967e-04
1.174405e-04
1.293281e-03
1.444790e-03
1.011632e-03
9.452630e-04
1.931651e-03
2.272467e-03
1.656488e-03
1.463136e-03
1.349245e-03
1.005196e-03
5.679943e-04
-4.147249e-05
-5.048991e-04
-8.285818e-04
-1.081990e-03
-1.465238e-03
-1.882642e-03
-2.335273e-03
-2.368503e-03
-1.802894e-03
-1.941808e-03
-2.824210e-03
-2.852862e-03
-2.898664e-03
-3.781092e-03
-3.977328e-03
-3.873995e-03
-3.775385e-03
-3.518050e-03
-2.624629e-03
-1.085782e-03
4.433483e-05
-5.140627e-04
-1.318814e-03
-1.662977e-03
-4.610901e-04
1.909019e-04
7.230279e-04
1.809874e-03
2.377398e-03
1.249078e-03
-2.553676e-04
-1.034242e-03
-5.912519e-04
5.328802e-04
1.034646e-03
4.806524e-04
7.824759e-04
1.668088e-03
2.074707e-03
1.858978e-03
1.159185e-03
8.537441e-04
3.159428e-04
-2.089868e-04
-6.191995e-04
-8.710004e-04
-5.268446e-04
1.371169e-04
5.392097e-04
6.538354e-04
6.431481e-04
9.440150e-04
1.540398e-03
1.559305e-03
1.009753e-03
8.064576e-04
7.217216e-04
7.023684e-04
8.984604e-04
1.090146e-03
1.105587e-03
1.115028e-03
1.339836e-03
1.551879e-03
1.706808e-03
1.108669e-03
6.447596e-04
2.438791e-04
4.132885e-04
5.261531e-04
5.557364e-04
8.418801e-04
8.455516e-04
7.488619e-04
4.699856e-04
3.009136e-04
3.039855e-05
3.391839e-04
8.239456e-04
7.591993e-04
9.636803e-04
1.232940e-03
1.373188e-03
1.469312e-03
1.159257e-03
8.799741e-04
6.542062e-04
5.466190e-04
4.790140e-04
4.821850e-04
5.927102e-04
7.517106e-04
9.072383e-04
1.143710e-03
1.228012e-03
1.056689e-03
1.002059e-03
1.061176e-03
8.453695e-04
5.634343e-04
4.390829e-04
3.047090e-04
2.870332e-04
3.936164e-04
5.204420e-04
5.511742e-04
5.167452e-04
4.753669e-04
4.550770e-04
4.560832e-04
4.376994e-04
3.863377e-04
4.279754e-04
4.478123e-04
3.416920e-04
2.185801e-04
2.034938e-04
2.345387e-04
2.406815e-04
2.510942e-04
2.719288e-04
2.592725e-04
2.850303e-04
3.234104e-04
3.035694e-04
3.081407e-04
3.172031e-04
3.279549e-04
2.655929e-04
1.909872e-04
1.426491e-04
1.110123e-04
6.272527e-05
4.925701e-05
9.135613e-05
1.049282e-04
1.889203e-05
-8.496454e-06
-1.196998e-05
-7.401008e-06
1.610961e-05
3.948258e-05
4.775349e-05
4.580604e-05
2.892637e-05
1.143977e-05
1.151988e-05
-1.507909e-05
-3.751724e-05
-5.592177e-05
-4.689158e-05
-2.606529e-05
-3.497703e-05
-3.803358e-05
-3.844159e-05
-3.581947e-05
-4.425294e-05
-4.420494e-05
-4.976931e-05
-4.737356e-05
-5.104225e-05
-5.436880e-05
-6.142796e-05
-7.254157e-05
-8.390295e-05
-8.303011e-05
-8.611910e-05
-9.227059e-05
-9.399891e-05
-9.514084e-05
-9.484157e-05
-8.904030e-05
-8.471913e-05
-8.082898e-05
-8.033851e-05
-8.090832e-05
-8.067386e-05
-8.256607e-05
-8.549579e-05
-8.985838e-05
-9.240670e-05
-9.272044e-05
-9.351140e-05
-9.511965e-05
-9.727498e-05
-9.870227e-05
-1.000587e-04
-1.022551e-04
-1.043360e-04
-1.060075e-04
-1.075268e-04
-1.090124e-04
-1.105587e-04
-1.118540e-04
-1.130473e-04
-1.140643e-04
-1.149031e-04
-1.155902e-04
-1.161864e-04
-1.167214e-04
-1.171384e-04
-1.175192e-04
-1.178814e-04
-1.182047e-04
-1.184939e-04
-1.187490e-04
-1.189694e-04
-1.191565e-04
-1.193135e-04
-1.194425e-04
-1.195449e-04
-1.196228e-04
-1.196777e-04
