7.993540e-04
7.984074e-04
7.975108e-04
7.963101e-04
7.950588e-04
7.938570e-04
7.934110e-04
7.954355e-04
8.003727e-04
8.031024e-04
8.048010e-04
8.025911e-04
7.920359e-04
7.799451e-04
7.747751e-04
7.720011e-04
7.734968e-04
7.833646e-04
7.897031e-04
7.894466e-04
7.895386e-04
7.892157e-04
7.892981e-04
8.014653e-04
8.279416e-04
8.358609e-04
8.122586e-04
7.907668e-04
7.908458e-04
7.886849e-04
7.970479e-04
8.182602e-04
7.991931e-04
7.888093e-04
7.711572e-04
7.472242e-04
7.527561e-04
7.898946e-04
8.043290e-04
7.896598e-04
7.247222e-04
6.763866e-04
6.063315e-04
5.214512e-04
5.520854e-04
6.976277e-04
8.588300e-04
1.033225e-03
1.151485e-03
1.201644e-03
1.165360e-03
1.039608e-03
9.287433e-04
8.982596e-04
7.298350e-04
5.162097e-04
4.754952e-04
5.000280e-04
5.745491e-04
6.239575e-04
6.873410e-04
7.179075e-04
7.808871e-04
8.522910e-04
9.594778e-04
9.991284e-04
1.046255e-03
1.066864e-03
9.810055e-04
7.030396e-04
4.713870e-04
2.043306e-04
-8.141603e-06
6.844665e-05
5.069482e-04
1.227833e-03
1.597577e-03
1.646639e-03
1.500966e-03
1.301614e-03
1.108817e-03
1.087041e-03
1.111934e-03
1.113963e-03
1.123434e-03
1.131140e-03
1.140329e-03
1.147680e-03
1.157519e-03
1.162903e-03
1.169504e-03
1.184346e-03
1.110141e-03
7.922484e-04
4.624562e-04
3.100079e-04
3.520554e-04
5.884649e-04
6.311229e-04
5.866637e-04
6.458900e-04
5.382704e-04
-1.340845e-05
-1.475972e-05
3.963903e-04
5.933075e-04
5.571037e-04
6.103715e-04
8.908130e-04
8.419391e-04
5.255739e-04
1.539124e-05
-2.333992e-04
-2.500440e-04
-2.607606e-04
-8.076431e-05
3.762701e-04
8.743872e-04
1.402054e-03
1.685170e-03
1.423315e-03
1.114159e-03
6.422780e-04
-4.092064e-04
-1.818803e-03
-2.525372e-03
-2.567879e-03
-2.139058e-03
-1.528181e-03
-4.754287e-04
3.945448e-04
5.218009e-04
6.986846e-04
5.496169e-04
4.751514e-04
9.110154e-04
9.735259e-04
6.853687e-04
4.074520e-04
-1.140013e-04
-6.733590e-04
-9.674934e-04
-1.253807e-03
-1.126598e-03
-6.802260e-04
1.828131e-04
6.835992e-04
1.438319e-03
1.979520e-03
2.573494e-03
2.855728e-03
2.836412e-03
2.887628e-03
2.842351e-03
2.569379e-03
2.168853e-03
1.711648e-03
2.341707e-03
3.492844e-03
4.340297e-03
4.412873e-03
3.717733e-03
3.234093e-03
3.443190e-03
2.824574e-03
2.397975e-03
2.312703e-03
1.747687e-03
1.641187e-03
1.661323e-03
1.729404e-03
2.222332e-03
2.430959e-03
2.624503e-03
3.159290e-03
2.951816e-03
2.484676e-03
1.790843e-03
1.018884e-03
4.531039e-04
-5.818987e-04
-1.229599e-03
-2.125584e-03
-3.069284e-03
-3.280539e-03
-3.258972e-03
-3.004329e-03
-2.514941e-03
-1.920527e-03
-9.861816e-04
-3.045915e-05
1.187233e-03
2.819009e-03
3.185265e-03
2.100961e-03
4.396935e-04
-7.986350e-04
-2.026472e-03
-3.766034e-03
-5.018661e-03
-5.986074e-03
-6.543062e-03
-6.505435e-03
-5.705104e-03
-4.348464e-03
-3.034814e-03
-2.376345e-03
-8.133492e-04
6.385063e-04
-3.563450e-05
-2.237064e-03
-4.259157e-03
-4.501402e-03
-2.918510e-03
-1.304342e-03
-2.502544e-04
1.132521e-03
2.694456e-03
3.489915e-03
5.331353e-03
7.090584e-03
7.774895e-03
6.064635e-03
2.503936e-03
-4.208408e-04
-5.082791e-05
3.415629e-03
6.750130e-03
1.017529e-02
1.353363e-02
1.404927e-02
1.169605e-02
8.781969e-03
4.823512e-03
-1.755810e-04
-2.435537e-03
-2.973492e-03
-1.338562e-03
8.852082e-04
6.874014e-05
-1.123032e-03
-5.206850e-05
2.400524e-03
4.988393e-03
7.979553e-03
1.113064e-02
1.367510e-02
1.536783e-02
1.499715e-02
1.121172e-02
6.849583e-03
3.044453e-03
-2.709797e-04
-3.252066e-03
-6.441362e-03
-6.589267e-03
-4.822770e-03
-2.704023e-03
-8.476261e-04
-7.947242e-04
-2.203470e-03
-4.670499e-03
-7.726844e-03
-9.990775e-03
-9.572960e-03
-7.157715e-03
-3.827308e-03
-7.273963e-04
3.074881e-03
4.850311e-03
2.334753e-03
-1.094971e-03
-3.135633e-03
-5.690878e-03
-9.100168e-03
-9.871649e-03
-7.358199e-03
-3.461513e-03
-4.154885e-04
2.425598e-03
5.788577e-03
7.446738e-03
7.137054e-03
3.901335e-03
-7.870276e-04
-4.151096e-03
-6.898520e-03
-8.345321e-03
-6.925251e-03
-5.384243e-03
-3.815434e-03
-2.131243e-03
-1.212413e-03
-3.373854e-03
-6.161601e-03
-8.357855e-03
-1.021093e-02
-1.045683e-02
-8.972002e-03
-6.762902e-03
-4.567867e-03
-1.526278e-03
1.635746e-03
6.984785e-03
1.220972e-02
1.512383e-02
1.608329e-02
1.448424e-02
1.038299e-02
4.289662e-03
-1.623018e-03
-3.199806e-03
-6.966117e-04
3.624264e-03
8.397676e-03
1.113163e-02
1.116287e-02
8.362782e-03
3.001310e-03
-2.615459e-04
-2.613068e-03
-3.109334e-03
-7.249880e-04
2.188061e-03
5.775588e-03
8.293451e-03
7.870300e-03
5.637705e-03
2.426725e-03
-1.264354e-03
-2.779161e-03
-9.424143e-04
2.418833e-03
7.063174e-03
1.069932e-02
1.175589e-02
1.011640e-02
7.386688e-03
4.829589e-03
4.481893e-03
7.482564e-03
1.016750e-02
9.936825e-03
8.622771e-03
7.204351e-03
4.425168e-03
4.359815e-04
-3.959449e-03
-9.588202e-03
-1.527437e-02
-1.577878e-02
-1.286668e-02
-8.657691e-03
-2.797489e-03
3.662272e-03
7.865960e-03
9.670417e-03
8.038673e-03
2.354634e-03
-7.469414e-04
1.151010e-03
4.940134e-03
6.463186e-03
2.614652e-03
-6.848265e-03
-1.500794e-02
-1.925632e-02
-1.884229e-02
-1.509794e-02
-1.030074e-02
-7.432392e-03
-5.434826e-03
-2.251571e-03
7.967978e-04
4.686184e-03
8.203852e-03
1.091988e-02
1.149543e-02
7.006547e-03
-8.120339e-04
-5.528656e-03
-3.885750e-03
-2.288153e-04
4.187823e-03
7.862728e-03
1.225378e-02
1.624088e-02
1.766319e-02
1.509442e-02
1.001834e-02
5.178914e-03
4.108635e-03
7.323589e-03
1.113781e-02
1.174384e-02
8.669508e-03
3.935406e-03
-1.115299e-03
-5.304192e-03
-7.193673e-03
-5.638246e-03
-2.179607e-03
1.406041e-03
4.637254e-03
7.749220e-03
9.567851e-03
1.046242e-02
9.349095e-03
7.324846e-03
3.462491e-03
-1.237547e-03
-5.224776e-03
-7.924176e-03
-9.508639e-03
-1.084386e-02
-1.224758e-02
-1.343026e-02
-1.522164e-02
-1.704777e-02
-1.521712e-02
-1.243536e-02
-8.625678e-03
-3.370408e-03
1.780838e-03
5.014355e-03
6.811282e-03
6.757857e-03
7.105181e-03
6.831325e-03
5.140563e-03
2.100389e-03
-1.355263e-03
-5.084419e-03
-8.897553e-03
-1.077339e-02
-1.066133e-02
-8.202674e-03
-6.193759e-03
-4.671071e-03
-2.412145e-03
-1.120296e-03
-7.892774e-04
-6.958367e-04
-4.049831e-04
-1.013766e-03
-1.655302e-03
-3.275685e-03
-5.532716e-03
-6.525409e-03
-4.755654e-03
-3.025597e-03
-1.916539e-03
-1.101603e-03
7.378625e-04
3.440584e-03
6.245406e-03
9.930340e-03
1.393243e-02
1.676345e-02
1.832583e-02
1.782670e-02
1.477244e-02
1.047765e-02
6.669570e-03
4.448172e-03
2.451734e-03
2.223904e-03
4.374474e-03
7.316162e-03
9.303262e-03
1.158098e-02
1.264881e-02
1.139580e-02
9.603613e-03
8.061458e-03
5.553299e-03
3.175922e-03
1.704030e-03
4.623612e-04
1.045275e-04
-1.305400e-04
-5.951462e-04
6.765403e-07
1.417124e-04
-9.602614e-04
-2.107927e-03
-2.536865e-03
-3.863862e-03
-5.955189e-03
-6.664380e-03
-7.059139e-03
-8.754714e-03
-1.030874e-02
-1.251874e-02
-1.377212e-02
-1.461915e-02
-1.483736e-02
-1.371324e-02
-1.039737e-02
-6.249921e-03
-2.729419e-03
8.217730e-04
4.971469e-03
7.603732e-03
6.464048e-03
3.717864e-03
6.349018e-04
-2.795987e-03
-5.169883e-03
-7.147561e-03
-9.006302e-03
-1.182129e-02
-1.539608e-02
-2.206504e-02
-2.805519e-02
-1.495451e-02
3.161641e-03
8.120627e-03
9.439851e-03
7.904702e-03
3.747131e-03
3.325823e-03
9.181941e-03
1.287092e-02
1.198391e-02
9.649962e-03
5.294120e-03
-2.340266e-03
-1.293876e-02
-1.869095e-02
-9.166267e-03
-1.338499e-03
3.096361e-03
7.360684e-03
1.006639e-02
1.043930e-02
8.138111e-03
5.640030e-03
5.713441e-03
8.323148e-03
1.120873e-02
1.380334e-02
1.535028e-02
1.475192e-02
1.150288e-02
8.714921e-03
7.007159e-03
4.192090e-03
5.415159e-04
-3.315368e-03
-8.070757e-03
-1.303767e-02
-1.787320e-02
-2.280125e-02
-2.766788e-02
-3.122097e-02
-3.297710e-02
-3.430876e-02
-3.565658e-02
-3.707528e-02
-3.917076e-02
-4.203404e-02
-4.435628e-02
-4.494312e-02
-4.550960e-02
-4.656330e-02
-4.753439e-02
-4.838666e-02
-5.173169e-02
-5.587208e-02
-5.951938e-02
-6.266469e-02
-6.602355e-02
-6.814291e-02
-6.994778e-02
-7.099084e-02
-7.161068e-02
-7.087200e-02
-6.942394e-02
-6.764608e-02
-6.515884e-02
-6.258429e-02
-6.004972e-02
-5.752447e-02
-5.497126e-02
-5.243789e-02
-5.054606e-02
-5.031818e-02
-5.120999e-02
-5.188564e-02
-5.427329e-02
-5.453799e-02
-4.492944e-02
-2.931738e-02
-1.374753e-02
1.865971e-03
1.719742e-02
2.874756e-02
3.680544e-02
4.371942e-02
5.055311e-02
5.628014e-02
5.929038e-02
5.954229e-02
5.661564e-02
5.238667e-02
4.912644e-02
4.864334e-02
5.098592e-02
5.424699e-02
5.532330e-02
5.427536e-02
5.014775e-02
4.398359e-02
3.474762e-02
2.140808e-02
7.503071e-03
-4.197872e-03
-1.435041e-02
-2.310034e-02
-3.148046e-02
-3.989447e-02
-4.712083e-02
-5.152750e-02
-5.532422e-02
-5.790782e-02
-5.720556e-02
-5.329909e-02
-5.095325e-02
-5.420954e-02
-5.775804e-02
-5.825179e-02
-5.586171e-02
-5.085863e-02
-4.361816e-02
-3.316220e-02
-2.213678e-02
-1.138541e-02
-6.296014e-04
1.053209e-02
2.347751e-02
3.847949e-02
5.492371e-02
7.102612e-02
8.684091e-02
1.031856e-01
1.189618e-01
1.282384e-01
1.319356e-01
1.336473e-01
1.296750e-01
1.243441e-01
1.203888e-01
1.166798e-01
1.138840e-01
1.150800e-01
1.190846e-01
1.221785e-01
1.235055e-01
1.229409e-01
1.206247e-01
1.173228e-01
1.143752e-01
1.115980e-01
1.002525e-01
8.299603e-02
6.238424e-02
2.686729e-02
-2.252851e-02
-7.552918e-02
-1.119265e-01
-1.341649e-01
-1.512235e-01
-1.591676e-01
-1.613214e-01
-1.598496e-01
-1.577675e-01
-1.547428e-01
-1.486366e-01
-1.420028e-01
-1.339324e-01
-1.236892e-01
-1.115576e-01
-9.861359e-02
-8.646192e-02
-7.010200e-02
-5.144361e-02
-3.019174e-02
-5.985411e-03
1.696270e-02
3.498963e-02
5.220251e-02
6.646728e-02
8.048704e-02
9.333171e-02
1.015395e-01
1.074873e-01
1.103711e-01
1.086505e-01
1.010783e-01
8.889490e-02
7.453338e-02
5.913585e-02
4.697587e-02
3.927095e-02
3.508006e-02
3.609787e-02
4.104486e-02
4.682589e-02
5.143740e-02
5.068106e-02
4.488637e-02
3.498160e-02
2.005876e-02
6.235836e-03
-4.984903e-03
-1.320344e-02
-1.421776e-02
-7.512323e-03
1.098808e-03
9.957104e-03
1.835229e-02
2.471100e-02
2.574966e-02
2.058659e-02
1.202065e-02
-5.800925e-04
-1.421355e-02
-2.769105e-02
-4.109259e-02
-4.991327e-02
-5.647046e-02
-6.217953e-02
-6.534368e-02
-6.245276e-02
-5.274650e-02
-3.939762e-02
-2.583937e-02
-1.246182e-02
1.152654e-03
1.296188e-02
2.114047e-02
2.663764e-02
2.656063e-02
2.058474e-02
1.006091e-02
-1.772180e-03
-1.452723e-02
-2.756322e-02
-3.921754e-02
-4.825253e-02
-5.689480e-02
-6.164219e-02
-6.011532e-02
-5.504978e-02
-4.982772e-02
-4.517632e-02
-4.051152e-02
-3.631227e-02
-3.224010e-02
-2.813359e-02
-2.361246e-02
-1.668825e-02
-6.150376e-03
5.886751e-03
1.786730e-02
2.983406e-02
4.166325e-02
5.409545e-02
6.525951e-02
7.077546e-02
7.446693e-02
7.463068e-02
7.379544e-02
7.804998e-02
8.296763e-02
8.560284e-02
8.264326e-02
7.571866e-02
6.409327e-02
4.391507e-02
2.712601e-02
1.342851e-02
-3.560660e-03
-2.390066e-02
-4.231082e-02
-5.974641e-02
-7.684747e-02
-9.047622e-02
-1.016412e-01
-1.047907e-01
-9.907411e-02
-8.903789e-02
-7.118929e-02
-5.084900e-02
-3.177675e-02
-1.198449e-02
7.287450e-03
2.179043e-02
3.285740e-02
4.108642e-02
4.063441e-02
3.293949e-02
2.463960e-02
1.596144e-02
8.912886e-03
1.917863e-03
-1.570723e-03
-6.197753e-04
3.295709e-03
7.232167e-03
4.444524e-03
-1.542869e-04
-5.816289e-03
-1.697114e-02
-3.161514e-02
-4.266243e-02
-5.205687e-02
-5.531807e-02
-4.881351e-02
-3.739255e-02
-2.294926e-02
-9.552652e-03
-1.209870e-04
6.891563e-03
1.195662e-02
1.502203e-02
1.841002e-02
2.378764e-02
2.998100e-02
3.708143e-02
4.448285e-02
4.939883e-02
5.306627e-02
5.221054e-02
4.613983e-02
3.854025e-02
2.864263e-02
1.892828e-02
1.148545e-02
5.404017e-03
2.052160e-04
-2.839625e-03
-4.165416e-03
-1.898100e-03
2.124593e-03
1.330424e-03
-1.059869e-03
-4.877006e-04
2.562374e-03
7.615514e-03
1.234564e-02
1.626864e-02
1.706394e-02
8.313205e-03
-7.594508e-03
-2.418004e-02
-4.333340e-02
-6.428808e-02
-7.949210e-02
-8.845403e-02
-9.545786e-02
-9.820685e-02
-9.414442e-02
-8.726196e-02
-8.074809e-02
-6.996424e-02
-5.440863e-02
-3.795262e-02
-2.027032e-02
-1.157967e-03
2.195591e-02
4.354034e-02
5.832871e-02
6.814857e-02
6.710336e-02
5.591862e-02
3.948019e-02
1.968378e-02
-2.565776e-03
-2.166146e-02
-3.048349e-02
-3.032666e-02
-2.098349e-02
-1.061615e-02
-1.568664e-03
5.754190e-03
7.127987e-03
2.985944e-03
-2.967352e-03
-6.789444e-03
-9.386295e-03
-1.113769e-02
-1.264999e-02
-1.656681e-02
-2.432301e-02
-3.408891e-02
-4.127930e-02
-4.729334e-02
-4.890969e-02
-4.477121e-02
-3.969436e-02
-3.493010e-02
-2.960791e-02
-2.411539e-02
-1.871156e-02
-1.415675e-02
-1.073293e-02
-7.554955e-03
-5.872618e-03
-7.036887e-03
-9.967574e-03
-1.321110e-02
-1.508054e-02
-1.231260e-02
-7.062467e-03
-4.285620e-03
-3.912491e-03
-4.525584e-03
-5.406931e-03
-7.860463e-03
-1.152267e-02
-1.438263e-02
-1.812005e-02
-2.340247e-02
-2.796916e-02
-3.212786e-02
-3.550349e-02
-3.568959e-02
-3.219190e-02
-2.667030e-02
-2.583634e-02
-2.780519e-02
-2.975491e-02
-2.967227e-02
-2.703818e-02
-2.222330e-02
-1.266854e-02
-4.253868e-04
1.172289e-02
2.401359e-02
3.612243e-02
4.390399e-02
4.773756e-02
5.078738e-02
4.956267e-02
4.637561e-02
4.414842e-02
4.198477e-02
3.579108e-02
2.768664e-02
1.993764e-02
1.354058e-02
7.477169e-03
4.514457e-03
5.175645e-03
7.992992e-03
1.205457e-02
1.565598e-02
1.946110e-02
2.564056e-02
3.466565e-02
4.399885e-02
5.315587e-02
6.237251e-02
7.029613e-02
7.503623e-02
7.664756e-02
7.749110e-02
7.867750e-02
7.900149e-02
7.898143e-02
7.843016e-02
7.658981e-02
7.460893e-02
7.219493e-02
6.832054e-02
5.933568e-02
4.262632e-02
2.486430e-02
7.502255e-03
-9.241802e-03
-2.292881e-02
-3.049232e-02
-2.523683e-02
-1.527565e-02
-4.324137e-03
7.547290e-03
1.566463e-02
1.899696e-02
1.534850e-02
9.120132e-03
1.133959e-03
-9.517985e-03
-2.073296e-02
-2.969367e-02
-3.807583e-02
-4.573632e-02
-5.268043e-02
-5.700285e-02
-5.767430e-02
-5.272349e-02
-4.318242e-02
-2.782561e-02
-1.133247e-02
4.355087e-03
2.100789e-02
3.941884e-02
5.399885e-02
6.437467e-02
7.424398e-02
7.911995e-02
8.096146e-02
8.006587e-02
7.695273e-02
7.179567e-02
6.642105e-02
5.684707e-02
4.162597e-02
2.593597e-02
2.631380e-03
-2.182962e-02
-4.256270e-02
-6.221414e-02
-7.879403e-02
-9.309352e-02
-1.061857e-01
-1.160397e-01
-1.230610e-01
-1.294223e-01
-1.349870e-01
-1.389696e-01
-1.385081e-01
-1.327275e-01
-1.255834e-01
-1.174532e-01
-1.085601e-01
-1.009818e-01
-9.601379e-02
-9.233614e-02
-8.963741e-02
-8.464181e-02
-7.336650e-02
-5.920388e-02
-4.513852e-02
-3.125744e-02
-1.684625e-02
-3.460626e-03
5.711751e-03
1.259461e-02
1.342214e-02
8.491253e-03
2.875793e-03
-2.162447e-03
-6.856599e-03
-7.509336e-03
-2.940793e-03
5.119556e-03
1.513805e-02
2.635817e-02
3.501198e-02
4.202125e-02
4.657069e-02
4.830040e-02
5.007164e-02
5.063907e-02
5.245227e-02
5.630281e-02
6.022915e-02
6.620235e-02
7.431697e-02
8.290352e-02
9.187377e-02
1.011237e-01
1.103771e-01
1.190343e-01
1.275985e-01
1.346109e-01
1.396821e-01
1.428026e-01
1.441859e-01
1.414610e-01
1.295304e-01
1.060232e-01
7.661259e-02
5.116292e-02
3.008445e-02
1.521981e-02
1.008336e-02
1.114963e-02
1.623477e-02
2.266874e-02
2.754913e-02
2.741314e-02
1.936376e-02
8.483646e-03
-4.036630e-03
-1.546292e-02
-2.536287e-02
-3.337430e-02
-3.999964e-02
-4.561219e-02
-5.151379e-02
-5.756928e-02
-6.235065e-02
-6.625498e-02
-6.915772e-02
-7.270182e-02
-7.741670e-02
-8.267257e-02
-8.763413e-02
-9.148387e-02
-9.559512e-02
-9.438380e-02
-8.668588e-02
-7.629056e-02
-6.559773e-02
-5.551235e-02
-4.589324e-02
-3.761329e-02
-2.931318e-02
-2.021035e-02
-1.116565e-02
-9.097177e-04
9.701419e-03
2.011309e-02
3.066752e-02
4.094325e-02
4.827678e-02
5.197404e-02
5.427775e-02
5.507807e-02
5.589689e-02
5.602351e-02
5.524996e-02
5.402965e-02
4.994084e-02
4.079606e-02
3.032940e-02
2.183789e-02
1.831628e-02
1.941274e-02
2.543978e-02
3.552634e-02
4.680613e-02
5.816155e-02
6.938334e-02
7.860897e-02
8.552368e-02
9.234789e-02
9.910870e-02
1.038831e-01
1.065188e-01
1.062772e-01
1.011689e-01
8.798644e-02
6.367885e-02
3.233072e-02
2.508651e-03
-2.443230e-02
-5.236360e-02
-6.677350e-02
-6.392546e-02
-5.585547e-02
-4.648937e-02
-3.606157e-02
-2.812264e-02
-2.410145e-02
-2.297749e-02
-2.315309e-02
-2.255956e-02
-2.376509e-02
-2.902231e-02
-2.927009e-02
-2.950691e-02
-3.177210e-02
-3.394608e-02
-3.812577e-02
-4.624672e-02
-5.561874e-02
-6.500594e-02
-7.508759e-02
-8.660018e-02
-9.908693e-02
-1.112275e-01
-1.222398e-01
-1.323037e-01
-1.394314e-01
-1.439906e-01
-1.446622e-01
-1.423212e-01
-1.337915e-01
-1.201895e-01
-1.035954e-01
-8.361651e-02
-6.634347e-02
-5.266964e-02
-4.197165e-02
-3.147591e-02
-2.300329e-02
-1.739880e-02
-1.234004e-02
-6.551842e-03
1.881212e-03
1.084573e-02
1.851443e-02
2.413024e-02
2.823556e-02
3.050908e-02
3.061212e-02
2.733444e-02
2.409553e-02
2.230986e-02
2.019496e-02
2.147475e-02
2.506741e-02
2.815980e-02
2.652368e-02
2.243980e-02
1.821469e-02
1.171999e-02
9.669639e-04
-1.447536e-02
-3.084542e-02
-4.795408e-02
-6.248444e-02
-6.975790e-02
-7.201405e-02
-6.861318e-02
-5.856101e-02
-4.280946e-02
-2.493002e-02
-8.127328e-03
7.006928e-03
1.667274e-02
2.648007e-02
3.424489e-02
3.826467e-02
4.382649e-02
5.232337e-02
6.096409e-02
7.139873e-02
8.240896e-02
9.193811e-02
1.005738e-01
1.089610e-01
1.143549e-01
1.176916e-01
1.199037e-01
1.187134e-01
1.136799e-01
1.104702e-01
1.128923e-01
1.172475e-01
1.174483e-01
1.133464e-01
1.090904e-01
9.817432e-02
8.122723e-02
6.494128e-02
4.595457e-02
2.481727e-02
4.382013e-03
-1.242990e-02
-2.314244e-02
-2.119750e-02
-9.985090e-03
2.136923e-03
1.592325e-02
3.303842e-02
4.964228e-02
6.390492e-02
7.627332e-02
8.433354e-02
8.917665e-02
9.097972e-02
8.954221e-02
8.523723e-02
7.352974e-02
5.293373e-02
3.062302e-02
1.203249e-02
-4.379365e-03
-1.818647e-02
-2.385875e-02
-2.061345e-02
-1.146428e-02
1.197006e-04
1.192760e-02
2.347017e-02
3.271217e-02
3.931094e-02
4.148737e-02
3.700062e-02
3.325653e-02
2.963527e-02
2.474443e-02
1.937918e-02
1.503887e-02
1.216503e-02
9.531423e-03
7.302649e-03
6.062641e-03
5.458948e-03
4.628931e-03
4.078939e-03
1.906372e-03
-1.306028e-03
-6.197003e-03
-1.586391e-02
-2.715529e-02
-3.826695e-02
-4.945352e-02
-5.776854e-02
-6.075659e-02
-6.203663e-02
-6.264376e-02
-6.153850e-02
-6.140609e-02
-6.385268e-02
-6.871063e-02
-7.421629e-02
-7.966239e-02
-8.434261e-02
-8.767315e-02
-9.145073e-02
-9.517433e-02
-9.622520e-02
-9.529475e-02
-9.382357e-02
-9.107226e-02
-9.079458e-02
-9.419457e-02
-9.751940e-02
-9.875919e-02
-9.585528e-02
-8.900570e-02
-7.412087e-02
-5.648244e-02
-3.790262e-02
-1.668807e-02
2.885948e-03
1.416099e-02
2.081102e-02
1.871590e-02
1.015389e-02
2.707356e-04
-9.179577e-03
-1.722919e-02
-2.184064e-02
-1.869857e-02
-8.056725e-03
5.238296e-03
1.854511e-02
3.095665e-02
4.210193e-02
5.423430e-02
6.623259e-02
7.689845e-02
8.505206e-02
8.876800e-02
8.810036e-02
8.130235e-02
7.102029e-02
5.618146e-02
3.912207e-02
2.384459e-02
1.142296e-02
5.779104e-03
5.753636e-03
8.315940e-03
1.455739e-02
2.573188e-02
3.742937e-02
4.895428e-02
6.298382e-02
7.735403e-02
8.933910e-02
9.990722e-02
1.051212e-01
1.048857e-01
9.768352e-02
8.247146e-02
6.437843e-02
3.886262e-02
6.921345e-03
-1.535065e-02
-2.951346e-02
-3.580473e-02
-3.656671e-02
-3.240391e-02
-2.296282e-02
-8.579107e-03
5.935791e-03
1.553902e-02
2.249571e-02
3.024111e-02
3.612981e-02
3.615957e-02
3.149030e-02
2.730484e-02
2.218011e-02
1.545455e-02
7.894326e-03
-1.658450e-03
-1.055683e-02
-1.652824e-02
-1.962351e-02
-1.792516e-02
-1.012995e-02
1.732430e-03
1.354937e-02
2.473143e-02
3.337673e-02
3.712422e-02
3.359888e-02
2.445939e-02
9.988014e-03
-4.083057e-03
-1.638279e-02
-2.658314e-02
-3.084701e-02
-2.749611e-02
-2.059628e-02
-1.154892e-02
-1.484067e-05
1.201052e-02
2.360600e-02
3.214811e-02
3.917017e-02
4.473472e-02
4.646719e-02
4.315658e-02
3.803920e-02
3.367041e-02
2.868262e-02
2.233517e-02
1.299690e-02
1.554800e-03
-1.197638e-02
-2.540378e-02
-3.717995e-02
-4.609031e-02
-4.611502e-02
-3.958611e-02
-3.163226e-02
-2.475639e-02
-1.934527e-02
-1.544248e-02
-1.442097e-02
-1.671566e-02
-2.306900e-02
-2.987739e-02
-3.054686e-02
-2.740538e-02
-2.343565e-02
-1.994766e-02
-1.802112e-02
-1.891370e-02
-2.245771e-02
-2.575943e-02
-2.752966e-02
-2.531843e-02
-1.882171e-02
-1.172175e-02
-5.022816e-03
1.930986e-03
7.121122e-03
5.634353e-03
-1.757430e-03
-1.041560e-02
-1.881148e-02
-2.590539e-02
-3.072649e-02
-3.054494e-02
-2.666532e-02
-2.197058e-02
-1.682546e-02
-1.188879e-02
-7.053572e-03
-4.098417e-03
-2.388735e-03
-1.904720e-03
-6.161174e-03
-1.525905e-02
-2.509143e-02
-3.432744e-02
-4.287913e-02
-4.979332e-02
-5.472444e-02
-5.794057e-02
-6.093543e-02
-6.490357e-02
-6.780895e-02
-6.859878e-02
-6.727153e-02
-6.263264e-02
-5.672349e-02
-4.953138e-02
-4.073255e-02
-3.116290e-02
-2.180888e-02
-1.330107e-02
-4.810764e-03
4.014511e-03
1.351650e-02
2.282254e-02
3.139131e-02
3.809806e-02
4.389204e-02
4.783415e-02
4.707194e-02
4.134921e-02
3.407724e-02
2.567187e-02
1.595004e-02
6.851669e-03
6.595258e-05
-5.816650e-03
-6.854139e-03
-2.296548e-03
3.089484e-03
8.777822e-03
1.622022e-02
2.231164e-02
2.757820e-02
3.402450e-02
3.919520e-02
4.232280e-02
4.326000e-02
4.244447e-02
4.106066e-02
3.850007e-02
3.455694e-02
3.041968e-02
2.787073e-02
2.533435e-02
2.172762e-02
1.695392e-02
9.958150e-03
-5.339680e-04
-1.072592e-02
-1.942089e-02
-2.820211e-02
-3.610745e-02
-4.044006e-02
-4.316620e-02
-4.573650e-02
-4.624072e-02
-4.494795e-02
-4.202080e-02
-3.755538e-02
-3.346377e-02
-2.829322e-02
-2.377930e-02
-2.069374e-02
-1.670370e-02
-1.389043e-02
-1.633147e-02
-2.225896e-02
-2.954224e-02
-4.090224e-02
-5.289176e-02
-6.231938e-02
-6.967202e-02
-7.326745e-02
-7.095634e-02
-6.271431e-02
-5.296820e-02
-4.159374e-02
-2.547544e-02
-8.646918e-03
6.098637e-03
1.722517e-02
2.942527e-02
4.290249e-02
5.524370e-02
6.189431e-02
6.360081e-02
6.182445e-02
5.775171e-02
5.322306e-02
4.799868e-02
4.069766e-02
3.278746e-02
2.554393e-02
1.522245e-02
5.036643e-03
-2.158281e-03
-8.297941e-03
-1.467447e-02
-2.195283e-02
-2.729010e-02
-3.009904e-02
-3.049945e-02
-2.668813e-02
-2.020076e-02
-1.218524e-02
-1.794515e-03
6.140709e-03
1.332621e-02
1.758622e-02
1.719843e-02
1.483606e-02
9.538036e-03
-9.040689e-04
-1.278104e-02
-2.400337e-02
-3.288279e-02
-3.830864e-02
-3.956979e-02
-3.642828e-02
-3.072136e-02
-2.290158e-02
-1.329194e-02
-3.384683e-03
6.535531e-03
1.610762e-02
2.393389e-02
2.938758e-02
3.230049e-02
3.438863e-02
3.664911e-02
3.902663e-02
4.104961e-02
4.473646e-02
4.849422e-02
5.197072e-02
5.581811e-02
5.699073e-02
5.396382e-02
4.765292e-02
4.047987e-02
3.162072e-02
2.068438e-02
1.071344e-02
2.897107e-03
-3.016740e-03
-7.696299e-03
-1.237884e-02
-1.864312e-02
-2.525116e-02
-3.118769e-02
-3.731337e-02
-4.282252e-02
-4.490173e-02
-4.233797e-02
-3.828144e-02
-3.399891e-02
-2.936096e-02
-2.781334e-02
-3.072104e-02
-3.495509e-02
-3.547678e-02
-3.254659e-02
-2.744817e-02
-1.969813e-02
-9.499523e-03
2.100736e-03
1.235809e-02
2.034673e-02
2.190701e-02
1.347914e-02
1.384807e-03
-1.368422e-02
-2.860307e-02
-3.989365e-02
-4.702832e-02
-5.002904e-02
-4.699100e-02
-3.864309e-02
-2.815734e-02
-1.777632e-02
-5.322792e-03
7.974875e-03
2.072647e-02
3.022717e-02
3.639898e-02
4.042407e-02
3.832322e-02
3.156376e-02
2.366109e-02
1.440198e-02
5.194334e-03
-2.410952e-03
-9.072059e-03
-1.098112e-02
-6.881710e-03
-2.163025e-03
3.912576e-03
1.203598e-02
1.950128e-02
2.519054e-02
2.951508e-02
3.281603e-02
3.363035e-02
3.301806e-02
3.238413e-02
3.018420e-02
2.666912e-02
2.252927e-02
1.705379e-02
1.004685e-02
4.510053e-03
-3.367736e-03
-1.323863e-02
-2.331675e-02
-3.252773e-02
-4.069145e-02
-4.705588e-02
-5.131927e-02
-5.455028e-02
-5.668254e-02
-5.775912e-02
-5.681632e-02
-5.477671e-02
-5.175765e-02
-4.739073e-02
-3.928375e-02
-2.846479e-02
-1.749421e-02
-6.609482e-03
4.268116e-03
1.529678e-02
2.588678e-02
3.428108e-02
4.015471e-02
4.390114e-02
4.674614e-02
4.735993e-02
4.495007e-02
3.974726e-02
3.417146e-02
2.764727e-02
2.005238e-02
1.393418e-02
7.833041e-03
2.333081e-03
-3.418940e-03
-9.417561e-03
-1.330220e-02
-1.776935e-02
-2.241469e-02
-2.597239e-02
-2.540010e-02
-2.023698e-02
-1.016404e-02
7.273218e-04
1.118661e-02
2.174946e-02
3.235178e-02
4.300855e-02
5.134965e-02
5.571897e-02
5.814631e-02
5.723858e-02
5.424424e-02
5.190850e-02
4.667308e-02
3.851709e-02
2.869841e-02
1.692639e-02
5.790069e-03
-3.664962e-03
-1.201733e-02
-2.003080e-02
-2.708793e-02
-3.296673e-02
-3.719026e-02
-4.038197e-02
-4.314490e-02
-4.584244e-02
-4.868859e-02
-5.007581e-02
-4.792947e-02
-4.367584e-02
-3.848163e-02
-3.254688e-02
-2.649038e-02
-2.154532e-02
-1.666338e-02
-1.228566e-02
-1.029485e-02
-1.100920e-02
-1.118587e-02
-9.136323e-03
-5.667642e-03
-4.941856e-03
-8.026176e-03
-1.216784e-02
-1.725527e-02
-2.361385e-02
-2.931646e-02
-3.425407e-02
-3.840527e-02
-4.169076e-02
-4.324291e-02
-4.226302e-02
-3.954951e-02
-3.557527e-02
-3.174794e-02
-2.684178e-02
-2.130156e-02
-1.585436e-02
-1.043007e-02
-4.903864e-03
4.546143e-04
4.813569e-03
8.561643e-03
1.183567e-02
1.376988e-02
1.280741e-02
9.160941e-03
5.638932e-03
2.592626e-03
-1.063248e-03
-3.380209e-03
-5.438919e-03
-7.602283e-03
-1.008473e-02
-1.113331e-02
-1.039150e-02
-7.244492e-03
-4.251933e-03
-1.547658e-03
2.251661e-03
7.112579e-03
1.186879e-02
1.549326e-02
2.023229e-02
2.454340e-02
2.856857e-02
3.366464e-02
3.903341e-02
4.285627e-02
4.510346e-02
4.723051e-02
4.884157e-02
4.932319e-02
5.043776e-02
5.198155e-02
5.386948e-02
5.586357e-02
5.707592e-02
5.543799e-02
5.184996e-02
4.829653e-02
4.438916e-02
4.017113e-02
3.466565e-02
2.820453e-02
2.281440e-02
1.882014e-02
1.514188e-02
1.398472e-02
1.604730e-02
1.888891e-02
2.271506e-02
2.492016e-02
2.381170e-02
2.084372e-02
1.663629e-02
1.044681e-02
3.271499e-03
-4.965245e-03
-1.567025e-02
-2.666323e-02
-3.703354e-02
-4.630476e-02
-5.286118e-02
-5.758281e-02
-6.056544e-02
-6.382954e-02
-6.709318e-02
-6.759043e-02
-6.518384e-02
-6.226055e-02
-5.961023e-02
-5.938620e-02
-6.275629e-02
-6.665578e-02
-6.992831e-02
-7.457243e-02
-7.743366e-02
-7.513758e-02
-7.042640e-02
-6.344636e-02
-5.483177e-02
-4.591196e-02
-3.858484e-02
-3.420906e-02
-3.234393e-02
-3.147516e-02
-2.970052e-02
-2.752920e-02
-2.425442e-02
-2.000121e-02
-1.299119e-02
-5.228776e-03
1.372270e-03
5.983432e-03
9.531937e-03
1.189179e-02
1.315998e-02
1.250304e-02
9.906613e-03
7.439675e-03
7.271813e-03
1.015981e-02
1.432842e-02
1.839773e-02
2.291602e-02
2.922036e-02
3.674398e-02
4.436159e-02
5.182640e-02
5.798305e-02
6.218319e-02
6.538590e-02
6.831792e-02
7.059091e-02
7.078455e-02
7.079079e-02
7.054426e-02
6.881035e-02
6.833912e-02
6.846877e-02
6.662137e-02
6.261793e-02
5.960491e-02
5.604953e-02
4.830575e-02
3.902152e-02
2.986720e-02
2.173564e-02
1.471484e-02
1.098250e-02
7.866799e-03
5.750990e-03
4.314524e-03
1.807677e-03
-9.912034e-04
-4.407620e-03
-8.299639e-03
-1.168998e-02
-1.532426e-02
-1.828557e-02
-2.024281e-02
-2.196356e-02
-2.388590e-02
-2.486417e-02
-2.686929e-02
-2.850398e-02
-2.887740e-02
-2.917224e-02
-2.984498e-02
-2.879588e-02
-2.724504e-02
-2.595103e-02
-2.451471e-02
-2.338602e-02
-2.284020e-02
-2.230907e-02
-2.202487e-02
-2.125560e-02
-2.096107e-02
-2.109550e-02
-2.096009e-02
-2.034526e-02
-1.982048e-02
-1.869294e-02
-1.698106e-02
-1.412640e-02
-9.908008e-03
-6.543285e-03
-3.245747e-03
8.521244e-04
5.959727e-04
-2.619902e-03
-4.180039e-03
-6.308406e-03
-8.555647e-03
-1.029087e-02
-1.202234e-02
-1.294550e-02
-1.211456e-02
-1.056971e-02
-8.721332e-03
-7.512474e-03
-6.350358e-03
-6.830570e-03
-8.937871e-03
-1.139372e-02
-1.479053e-02
-1.810859e-02
-2.277677e-02
-2.857411e-02
-3.448931e-02
-4.022345e-02
-4.461607e-02
-4.828011e-02
-5.188991e-02
-5.398641e-02
-5.233139e-02
-4.920732e-02
-4.447642e-02
-3.774612e-02
-3.209141e-02
-2.809460e-02
-2.519466e-02
-2.426585e-02
-2.609997e-02
-2.830529e-02
-2.866252e-02
-2.541407e-02
-2.233963e-02
-1.864229e-02
-1.377947e-02
-1.003301e-02
-5.361914e-03
-1.429134e-04
5.008581e-03
9.787955e-03
1.708674e-02
2.563684e-02
3.372050e-02
4.251137e-02
5.035967e-02
5.760744e-02
6.213789e-02
6.509760e-02
6.741438e-02
6.695934e-02
6.566693e-02
6.323463e-02
6.023765e-02
5.638823e-02
5.253520e-02
4.961316e-02
4.689513e-02
4.613861e-02
4.837651e-02
5.094916e-02
5.292076e-02
5.391699e-02
5.320616e-02
5.094611e-02
4.667085e-02
4.281996e-02
3.803275e-02
3.249537e-02
2.625937e-02
1.923298e-02
1.401338e-02
9.082756e-03
4.726995e-03
2.498633e-03
1.401384e-03
1.624440e-04
3.435450e-04
2.184530e-03
4.170371e-03
8.026823e-03
1.097644e-02
1.398110e-02
1.834856e-02
2.110653e-02
2.360647e-02
2.417196e-02
2.185369e-02
1.942997e-02
1.787334e-02
1.500747e-02
1.309586e-02
1.482734e-02
1.690589e-02
1.901207e-02
1.941609e-02
1.653508e-02
1.347194e-02
1.073021e-02
7.366865e-03
3.146455e-03
-2.166304e-03
-7.179966e-03
-1.049617e-02
-1.402634e-02
-1.851063e-02
-2.187819e-02
-2.428488e-02
-2.557489e-02
-2.646208e-02
-2.817726e-02
-2.865853e-02
-2.860592e-02
-2.854538e-02
-2.772691e-02
-2.755988e-02
-2.843468e-02
-2.874928e-02
-2.985040e-02
-3.187025e-02
-3.438719e-02
-3.480453e-02
-3.187676e-02
-2.801532e-02
-2.377232e-02
-1.996291e-02
-1.554270e-02
-1.370481e-02
-1.450933e-02
-1.602190e-02
-1.864297e-02
-2.139634e-02
-2.297779e-02
-2.285810e-02
-2.064278e-02
-1.815862e-02
-1.668051e-02
-1.458664e-02
-1.192545e-02
-1.016000e-02
-9.617829e-03
-1.081296e-02
-1.230388e-02
-1.370143e-02
-1.489394e-02
-1.493069e-02
-1.434872e-02
-1.375346e-02
-1.267277e-02
-1.159030e-02
-1.049335e-02
-8.586519e-03
-8.135739e-03
-9.093748e-03
-9.631654e-03
-1.082541e-02
-1.233512e-02
-1.359988e-02
-1.528507e-02
-1.787608e-02
-1.954077e-02
-2.121820e-02
-2.520202e-02
-2.813438e-02
-2.531257e-02
-2.028374e-02
-1.570649e-02
-1.034278e-02
-3.437838e-03
2.968435e-03
7.149885e-03
9.804957e-03
1.146252e-02
1.245911e-02
1.191057e-02
9.713874e-03
6.993306e-03
3.935902e-03
-9.413392e-05
-3.639551e-03
-6.617909e-03
-8.932876e-03
-1.049118e-02
-1.408722e-02
-1.646516e-02
-1.734965e-02
-1.839175e-02
-1.804196e-02
-1.703935e-02
-1.572967e-02
-1.247508e-02
-1.114250e-02
-1.026262e-02
-9.706488e-03
-1.064944e-02
-1.349218e-02
-1.555507e-02
-1.762451e-02
-2.053078e-02
-2.373567e-02
-2.398089e-02
-2.054229e-02
-1.793847e-02
-1.474844e-02
-8.398962e-03
-6.277873e-04
6.617860e-03
1.429163e-02
2.115331e-02
2.549849e-02
2.831856e-02
3.083658e-02
3.188563e-02
3.136474e-02
3.084690e-02
2.954385e-02
2.764484e-02
2.887758e-02
3.134105e-02
3.327788e-02
3.531792e-02
3.732767e-02
3.867328e-02
4.176633e-02
4.341209e-02
4.248201e-02
3.979346e-02
3.646231e-02
3.471429e-02
3.299937e-02
3.107559e-02
2.728025e-02
2.296483e-02
2.418987e-02
2.843437e-02
3.135875e-02
3.392313e-02
3.667715e-02
4.024097e-02
4.423593e-02
4.741818e-02
5.078350e-02
5.118668e-02
4.883938e-02
4.735730e-02
4.679166e-02
4.575527e-02
4.459679e-02
4.410059e-02
4.297254e-02
4.141773e-02
3.928307e-02
3.646517e-02
3.217873e-02
2.678542e-02
2.188157e-02
1.785539e-02
1.488631e-02
1.177432e-02
8.460479e-03
6.491634e-03
3.565604e-03
-8.939364e-05
-3.727506e-03
-6.624425e-03
-9.874747e-03
-1.312191e-02
-1.489070e-02
-1.644120e-02
-1.830507e-02
-1.964404e-02
-2.220486e-02
-2.491026e-02
-2.665587e-02
-2.891335e-02
-3.193883e-02
-3.514248e-02
-3.555915e-02
-3.352812e-02
-3.138210e-02
-2.801518e-02
-2.443074e-02
-2.138871e-02
-1.844411e-02
-1.478130e-02
-1.195513e-02
-9.732261e-03
-7.859845e-03
-6.762111e-03
-4.943630e-03
-4.643140e-03
-4.723475e-03
-3.977050e-03
-3.574750e-03
-3.603134e-03
-3.235168e-03
-2.525353e-03
-2.353200e-03
-2.520316e-03
-3.582317e-03
-4.972124e-03
-6.381572e-03
-7.587982e-03
-8.284211e-03
-9.142033e-03
-9.381849e-03
-9.614076e-03
-1.050542e-02
-1.194131e-02
-1.281636e-02
-1.259321e-02
-1.172957e-02
-1.152719e-02
-1.022057e-02
-7.721166e-03
-4.615418e-03
-7.887946e-05
3.372369e-03
6.056945e-03
8.276865e-03
1.098278e-02
1.493194e-02
1.798784e-02
1.933573e-02
2.086550e-02
2.098101e-02
1.904629e-02
1.466616e-02
1.157780e-02
8.920275e-03
6.501511e-03
5.294782e-03
3.496072e-03
3.162581e-03
3.339986e-03
2.484554e-03
1.419768e-03
8.028230e-04
-1.533259e-03
-3.999013e-03
-5.265488e-03
-6.816284e-03
-8.833106e-03
-9.561662e-03
-1.059632e-02
-1.220767e-02
-1.401045e-02
-1.515790e-02
-1.604567e-02
-1.624982e-02
-1.614037e-02
-1.561164e-02
-1.421079e-02
-1.187171e-02
-9.173228e-03
-6.446142e-03
-3.210916e-03
2.150090e-06
2.951491e-03
6.514031e-03
9.462953e-03
1.200379e-02
1.484129e-02
1.827682e-02
2.034465e-02
1.897125e-02
1.539219e-02
1.246677e-02
9.941090e-03
7.114322e-03
3.316245e-03
-5.019570e-04
-3.277864e-03
-5.998529e-03
-8.555204e-03
-1.048807e-02
-1.270522e-02
-1.430222e-02
-1.596352e-02
-1.811114e-02
-2.038726e-02
-1.937792e-02
-1.516038e-02
-1.281655e-02
-1.049758e-02
-7.557649e-03
-5.076654e-03
-3.240547e-03
-1.102561e-03
-6.016068e-04
-2.833638e-03
-6.337422e-03
-8.222552e-03
-7.664311e-03
-6.058510e-03
-4.337918e-03
-3.062033e-03
-5.365913e-03
-8.494448e-03
-1.103865e-02
-1.334291e-02
-1.454012e-02
-1.321557e-02
-1.044883e-02
-7.777319e-03
-5.430159e-03
-3.592267e-03
-2.306798e-03
-1.594305e-03
-2.270695e-03
-2.897638e-03
-3.442552e-03
-3.738595e-03
-4.363043e-03
-4.845784e-03
-5.990622e-03
-7.816040e-03
-1.051717e-02
-1.396487e-02
-1.704524e-02
-1.980122e-02
-2.178181e-02
-2.253647e-02
-2.289947e-02
-2.224414e-02
-2.186854e-02
-2.195012e-02
-2.103253e-02
-1.983288e-02
-2.017907e-02
-1.989567e-02
-1.956730e-02
-1.964403e-02
-1.910127e-02
-1.786561e-02
-1.727879e-02
-1.736804e-02
-1.711802e-02
-1.592822e-02
-1.439360e-02
-1.244726e-02
-1.064463e-02
-8.028428e-03
-4.380960e-03
-1.504743e-03
1.072662e-03
3.880359e-03
6.463549e-03
7.992793e-03
9.359093e-03
1.062032e-02
1.054025e-02
1.029564e-02
9.918626e-03
7.865609e-03
6.599425e-03
5.513100e-03
3.629099e-03
1.172932e-03
-1.330612e-03
-2.732991e-03
-4.184372e-03
-5.949131e-03
-7.277938e-03
-8.968095e-03
-9.942012e-03
-1.174667e-02
-1.353458e-02
-1.530198e-02
-1.633059e-02
-1.719318e-02
-1.742066e-02
-1.721143e-02
-1.677320e-02
-1.601727e-02
-1.410267e-02
-1.253498e-02
-1.086812e-02
-8.168515e-03
-5.462326e-03
-3.794049e-03
-2.267877e-03
2.863205e-04
2.138438e-03
2.841595e-03
3.256165e-03
3.257980e-03
3.511733e-03
4.296111e-03
4.558296e-03
5.101657e-03
5.572625e-03
6.837739e-03
9.129938e-03
1.065471e-02
1.191187e-02
1.328437e-02
1.463332e-02
1.601339e-02
1.697558e-02
1.706053e-02
1.699834e-02
1.703119e-02
1.702524e-02
1.698446e-02
1.746730e-02
1.875157e-02
1.918866e-02
1.954848e-02
2.135187e-02
2.174729e-02
2.204083e-02
2.268539e-02
2.284528e-02
2.261964e-02
2.172828e-02
2.082902e-02
1.885368e-02
1.582014e-02
1.307195e-02
1.096878e-02
8.199445e-03
7.209637e-03
6.231999e-03
5.547719e-03
5.569169e-03
5.582847e-03
5.574617e-03
5.594456e-03
5.513957e-03
5.690638e-03
6.521138e-03
7.016190e-03
7.755790e-03
7.922912e-03
7.844912e-03
7.863777e-03
7.864713e-03
7.881763e-03
7.797687e-03
7.985965e-03
8.552619e-03
8.081248e-03
7.815270e-03
7.835851e-03
7.973642e-03
7.661747e-03
6.298671e-03
5.319559e-03
3.311145e-03
1.257461e-03
-1.226972e-03
-4.065223e-03
-6.628897e-03
-8.301019e-03
-8.928333e-03
-8.777162e-03
-9.131813e-03
-9.482778e-03
-1.021191e-02
-1.066800e-02
-1.192487e-02
-1.367945e-02
-1.588635e-02
-1.987912e-02
-2.177086e-02
-1.937520e-02
-1.603883e-02
-1.275559e-02
-9.120719e-03
-5.246268e-03
-2.216291e-03
-2.472138e-04
3.740120e-04
9.586898e-04
1.904070e-03
2.073879e-03
8.854075e-04
-1.168602e-04
-8.086426e-04
-1.917777e-03
-2.540120e-03
-3.581196e-03
-4.672046e-03
-5.661316e-03
-6.984392e-03
-6.156159e-03
-2.891607e-03
7.939317e-05
2.333221e-03
4.849646e-03
8.032568e-03
9.808534e-03
1.146077e-02
1.463354e-02
1.601130e-02
1.640062e-02
1.616077e-02
1.505180e-02
1.325656e-02
1.004354e-02
7.986398e-03
6.721800e-03
4.881232e-03
3.334361e-03
3.469167e-03
4.346044e-03
5.045175e-03
7.325923e-03
9.684924e-03
9.262005e-03
8.109509e-03
6.324012e-03
5.466900e-03
5.563951e-03
6.844363e-03
9.117224e-03
1.121548e-02
1.365804e-02
1.566319e-02
1.812879e-02
2.029606e-02
2.095993e-02
2.213384e-02
2.351191e-02
2.496255e-02
2.751451e-02
2.983328e-02
3.137355e-02
3.333394e-02
3.412895e-02
3.305027e-02
3.132658e-02
2.861158e-02
2.536313e-02
2.191133e-02
1.725015e-02
1.296383e-02
8.911308e-03
4.917998e-03
1.557798e-03
-2.134070e-03
-6.226554e-03
-1.000748e-02
-1.264989e-02
-1.399575e-02
-1.476967e-02
-1.522674e-02
-1.607215e-02
-1.631497e-02
-1.613204e-02
-1.530661e-02
-1.514445e-02
-1.605927e-02
-1.677912e-02
-1.775314e-02
-1.873184e-02
-2.034957e-02
-2.104278e-02
-2.222942e-02
-2.353196e-02
-2.433979e-02
-2.607578e-02
-2.769394e-02
-2.937368e-02
-3.145793e-02
-3.301029e-02
-3.419855e-02
-3.459329e-02
-3.424617e-02
-3.352404e-02
-3.259578e-02
-3.072283e-02
-2.988370e-02
-2.995342e-02
-2.995203e-02
-2.997131e-02
-2.987204e-02
-3.007502e-02
-3.096281e-02
-3.117015e-02
-3.155401e-02
-3.223188e-02
-3.219433e-02
-3.235495e-02
-3.324793e-02
-3.310280e-02
-3.215432e-02
-3.066421e-02
-2.885767e-02
-2.632971e-02
-2.355810e-02
-2.145240e-02
-1.994828e-02
-1.882592e-02
-1.830722e-02
-1.752391e-02
-1.723450e-02
-1.679973e-02
-1.610541e-02
-1.520824e-02
-1.499790e-02
-1.469808e-02
-1.389637e-02
-1.309455e-02
-1.276131e-02
-1.277056e-02
-1.272542e-02
-1.288282e-02
-1.253216e-02
-1.103083e-02
-1.005823e-02
-7.746708e-03
-5.275411e-03
-3.354234e-03
-1.395688e-03
9.370206e-04
2.177898e-03
2.619071e-03
3.247288e-03
4.286194e-03
5.404259e-03
6.133799e-03
7.704014e-03
9.303045e-03
1.083199e-02
1.149384e-02
1.235319e-02
1.291832e-02
1.299001e-02
1.255652e-02
1.243835e-02
1.255041e-02
1.216237e-02
1.088081e-02
1.022931e-02
1.113286e-02
1.252600e-02
1.387658e-02
1.567448e-02
1.849818e-02
2.099970e-02
2.181384e-02
2.294455e-02
2.396085e-02
2.401541e-02
2.396862e-02
2.398586e-02
2.399201e-02
2.400796e-02
2.396490e-02
2.401416e-02
2.503719e-02
2.616195e-02
2.674076e-02
2.824915e-02
2.992347e-02
3.135629e-02
3.229620e-02
3.411881e-02
3.489846e-02
3.547947e-02
3.636396e-02
3.668411e-02
3.668857e-02
3.666881e-02
3.674743e-02
3.667305e-02
3.571945e-02
3.436726e-02
3.296342e-02
3.116345e-02
2.910298e-02
2.688549e-02
2.526605e-02
2.425192e-02
2.372219e-02
2.309927e-02
2.225149e-02
2.068253e-02
1.880247e-02
1.747781e-02
1.387327e-02
9.990427e-03
7.273672e-03
4.590648e-03
1.860857e-03
-2.018566e-04
-1.752893e-03
-2.780073e-03
-2.102472e-03
-1.823371e-03
-1.969496e-03
-1.913915e-03
-8.376133e-04
1.986840e-04
-5.445898e-04
-1.304686e-03
-2.476355e-03
-3.906071e-03
-5.172782e-03
-6.880015e-03
-8.890223e-03
-9.995304e-03
-1.128874e-02
-1.216294e-02
-1.330330e-02
-1.428777e-02
-1.440071e-02
-1.425815e-02
-1.335790e-02
-1.198302e-02
-1.029056e-02
-8.169700e-03
-5.901834e-03
-3.433970e-03
-1.599780e-03
1.222161e-03
4.359661e-03
6.089032e-03
6.108356e-03
3.629853e-03
1.208218e-03
-1.656298e-03
-3.380040e-03
-5.309037e-03
-8.052559e-03
-1.076075e-02
-1.346784e-02
-1.624203e-02
-1.803214e-02
-1.889513e-02
-2.064954e-02
-2.104546e-02
-2.087157e-02
-2.089930e-02
-2.090909e-02
-2.082522e-02
-2.107100e-02
-2.186959e-02
-2.217013e-02
-2.172174e-02
-2.036133e-02
-1.921834e-02
-1.597051e-02
-1.284540e-02
-1.032136e-02
-8.416064e-03
-7.022626e-03
-5.958862e-03
-4.926269e-03
-3.111818e-03
-1.422283e-03
7.151518e-04
2.368013e-03
3.668830e-03
4.487844e-03
4.517806e-03
4.577763e-03
4.426616e-03
3.196296e-03
2.274197e-03
2.281426e-03
2.240280e-03
2.414505e-03
3.343625e-03
3.540431e-03
3.481344e-03
3.423781e-03
3.612975e-03
4.560946e-03
4.719196e-03
4.650387e-03
5.498937e-03
6.751246e-03
7.009835e-03
7.343739e-03
7.997481e-03
7.629971e-03
6.896915e-03
4.798096e-03
2.310253e-03
4.016382e-04
-2.153650e-03
-5.013074e-03
-7.587592e-03
-9.206882e-03
-1.013082e-02
-9.533299e-03
-8.517581e-03
-7.492914e-03
-4.835706e-03
-3.883131e-03
-3.459465e-03
-4.594970e-03
-7.432921e-03
-9.999797e-03
-1.178510e-02
-1.430623e-02
-1.716049e-02
-1.979996e-02
-2.163600e-02
-2.102040e-02
-1.761957e-02
-1.532717e-02
-1.298058e-02
-8.591549e-03
-5.292930e-03
-2.698650e-03
2.646882e-05
2.838854e-03
5.457568e-03
7.079823e-03
8.419822e-03
9.795114e-03
1.036423e-02
1.056481e-02
1.147277e-02
1.162502e-02
1.161757e-02
1.216518e-02
1.284374e-02
1.370565e-02
1.416823e-02
1.533513e-02
1.684901e-02
1.808943e-02
1.849283e-02
1.845468e-02
1.766881e-02
1.627886e-02
1.523056e-02
1.409577e-02
1.385568e-02
1.349070e-02
1.230144e-02
1.144653e-02
1.072366e-02
1.025970e-02
8.791031e-03
6.969503e-03
5.476018e-03
4.857663e-03
4.405292e-03
2.585343e-03
2.739868e-03
4.224020e-03
4.536718e-03
4.875216e-03
6.701157e-03
7.080738e-03
6.851191e-03
6.975156e-03
6.855354e-03
5.671055e-03
3.867221e-03
1.739370e-03
-4.471701e-04
-2.089983e-03
-3.715217e-03
-5.929098e-03
-7.466299e-03
-8.722021e-03
-1.019381e-02
-1.139426e-02
-1.119268e-02
-1.037012e-02
-9.464495e-03
-8.457024e-03
-7.740895e-03
-6.019371e-03
-5.110928e-03
-4.030064e-03
-3.515949e-03
-3.355961e-03
-2.530711e-03
-1.754283e-03
-7.556529e-05
1.122504e-03
2.138714e-03
3.524186e-03
4.046362e-03
3.432570e-03
3.292925e-03
3.301680e-03
3.526190e-03
4.355099e-03
4.559655e-03
4.397051e-03
3.477552e-03
2.138744e-03
3.472655e-04
-2.158429e-03
-4.469799e-03
-6.434345e-03
-7.192898e-03
-8.304042e-03
-9.388113e-03
-9.920672e-03
-1.050824e-02
-1.274071e-02
-1.495774e-02
-1.428820e-02
-1.215217e-02
-9.924780e-03
-7.167115e-03
-4.880714e-03
-4.290649e-03
-4.255550e-03
-5.575361e-03
-7.870110e-03
-9.468649e-03
-1.079004e-02
-1.216038e-02
-1.280749e-02
-1.183164e-02
-9.376234e-03
-6.564279e-03
-3.949463e-03
-1.808824e-03
4.326606e-04
1.916086e-03
2.357888e-03
3.492216e-03
4.434176e-03
4.185645e-03
3.471879e-03
4.174008e-03
4.389345e-03
4.337355e-03
5.018602e-03
6.571598e-03
8.819580e-03
1.040791e-02
1.263502e-02
1.532518e-02
1.669694e-02
1.566584e-02
1.331429e-02
1.181814e-02
1.042998e-02
9.302689e-03
8.648026e-03
6.559609e-03
4.964122e-03
4.294368e-03
4.206854e-03
5.472005e-03
7.440855e-03
8.565659e-03
1.154932e-02
1.408800e-02
1.370692e-02
1.203573e-02
9.521483e-03
7.077722e-03
5.260007e-03
4.069933e-03
2.091984e-03
4.794452e-04
-2.965063e-04
2.699383e-04
1.649885e-03
2.986885e-03
4.574084e-03
6.435470e-03
7.700143e-03
8.800546e-03
9.757419e-03
9.924599e-03
1.028942e-02
1.093351e-02
1.118311e-02
1.192119e-02
1.222120e-02
1.219116e-02
1.219238e-02
1.140786e-02
1.025971e-02
9.736090e-03
8.816094e-03
8.741350e-03
9.308233e-03
9.042378e-03
8.761639e-03
8.487147e-03
7.288071e-03
5.820864e-03
3.620250e-03
1.084314e-03
-7.801863e-04
-2.937817e-03
-4.456374e-03
-5.815216e-03
-7.097230e-03
-7.339085e-03
-7.657931e-03
-8.409659e-03
-7.829120e-03
-6.534727e-03
-4.978941e-03
-2.737018e-03
-1.565646e-03
-1.109249e-03
-4.266380e-04
3.776194e-04
8.260433e-04
1.714205e-03
1.728055e-03
1.220452e-03
1.351343e-03
7.869558e-04
5.712324e-04
1.635257e-04
-3.621274e-04
-7.765259e-04
-2.328501e-03
-3.098186e-03
-3.819872e-03
-5.138584e-03
-7.504046e-03
-9.650575e-03
-1.180785e-02
-1.362577e-02
-1.618746e-02
-1.894535e-02
-2.086401e-02
-2.214375e-02
-2.374581e-02
-2.593565e-02
-2.702142e-02
-2.753471e-02
-2.816040e-02
-2.913387e-02
-2.902517e-02
-2.813258e-02
-2.742879e-02
-2.609859e-02
-2.487098e-02
-2.442830e-02
-2.366163e-02
-2.289322e-02
-2.171852e-02
-2.126071e-02
-2.118220e-02
-1.993760e-02
-1.855688e-02
-1.778768e-02
-1.705883e-02
-1.554167e-02
-1.327208e-02
-1.171628e-02
-9.973845e-03
-7.933782e-03
-6.628070e-03
-6.424357e-03
-6.108309e-03
-5.367050e-03
-5.878085e-03
-6.283569e-03
-6.668708e-03
-8.447857e-03
-9.224073e-03
-1.028167e-02
-1.181450e-02
-1.304744e-02
-1.334691e-02
-1.329350e-02
-1.331676e-02
-1.334119e-02
-1.325102e-02
-1.344301e-02
-1.435776e-02
-1.452055e-02
-1.504769e-02
-1.630728e-02
-1.681142e-02
-1.676054e-02
-1.680820e-02
-1.670707e-02
-1.628542e-02
-1.543221e-02
-1.375767e-02
-1.304316e-02
-1.200579e-02
-1.100118e-02
-1.040907e-02
-9.828322e-03
-8.922247e-03
-8.459687e-03
-7.725169e-03
-6.993055e-03
-6.477080e-03
-6.621957e-03
-7.560834e-03
-7.736933e-03
-8.228444e-03
-9.538033e-03
-1.102857e-02
-1.213938e-02
-1.261705e-02
-1.376975e-02
-1.457512e-02
-1.454667e-02
-1.466658e-02
-1.420369e-02
-1.253126e-02
-1.158611e-02
-9.940969e-03
-7.837631e-03
-5.678759e-03
-3.904051e-03
-1.368651e-03
1.377231e-03
3.305977e-03
4.670191e-03
5.973648e-03
7.354026e-03
8.696548e-03
9.349348e-03
9.532655e-03
1.032418e-02
1.057515e-02
1.088120e-02
1.157468e-02
1.181313e-02
1.247434e-02
1.285156e-02
1.283240e-02
1.284603e-02
1.225887e-02
1.102647e-02
1.048405e-02
1.058651e-02
1.030112e-02
9.041673e-03
8.268429e-03
8.204400e-03
7.230021e-03
6.059838e-03
5.589042e-03
4.448959e-03
3.641161e-03
3.633062e-03
3.659381e-03
3.674539e-03
3.575186e-03
3.743066e-03
4.950392e-03
5.919005e-03
7.077217e-03
9.618740e-03
1.226639e-02
1.514670e-02
1.911186e-02
2.170868e-02
2.321680e-02
2.544297e-02
2.701448e-02
2.821052e-02
2.960826e-02
3.203038e-02
3.436789e-02
3.473050e-02
3.387506e-02
3.155046e-02
2.989464e-02
2.887408e-02
2.756180e-02
2.620600e-02
2.429381e-02
2.168706e-02
1.984880e-02
1.962308e-02
2.116010e-02
2.374171e-02
2.599605e-02
2.794770e-02
2.986965e-02
3.213184e-02
3.365188e-02
3.535224e-02
3.737122e-02
3.887173e-02
3.889405e-02
3.693111e-02
3.458640e-02
3.087315e-02
2.737207e-02
2.470497e-02
2.200310e-02
1.957387e-02
1.728071e-02
1.521994e-02
1.567441e-02
1.716911e-02
1.845036e-02
2.008990e-02
2.180785e-02
2.263703e-02
2.292582e-02
2.225044e-02
2.042640e-02
1.731687e-02
1.560960e-02
1.450925e-02
1.306158e-02
1.063559e-02
8.370442e-03
7.414672e-03
6.094473e-03
5.807917e-03
5.917756e-03
6.014364e-03
5.476538e-03
3.829872e-03
3.519536e-03
2.882619e-03
1.708958e-03
1.182867e-03
3.128252e-04
1.742845e-04
1.789068e-04
-5.626397e-04
-8.133244e-04
-1.185726e-03
-2.959966e-03
-3.827290e-03
-4.863656e-03
-5.531940e-03
-5.504914e-03
-5.547541e-03
-5.165456e-03
-4.038227e-03
-3.113859e-03
-1.603458e-03
1.630376e-04
1.313578e-03
1.419579e-03
1.352981e-03
1.329609e-03
1.514280e-03
1.152237e-03
-6.841733e-04
-1.068340e-03
-8.281393e-04
-9.228641e-04
-1.891273e-03
-3.006721e-03
-3.705833e-03
-5.747248e-03
-7.134634e-03
-7.937170e-03
-9.474094e-03
-1.020828e-02
-1.136523e-02
-1.228014e-02
-1.242667e-02
-1.309279e-02
-1.343423e-02
-1.363535e-02
-1.450910e-02
-1.468829e-02
-1.459842e-02
-1.459553e-02
-1.466493e-02
-1.447265e-02
-1.320123e-02
-1.182642e-02
-1.124723e-02
-1.012631e-02
-8.085006e-03
-7.439481e-03
-6.702855e-03
-5.440113e-03
-4.418948e-03
-4.195711e-03
-3.232055e-03
-1.822151e-03
-8.777620e-04
-2.598076e-04
2.480742e-04
3.105169e-04
2.911814e-04
2.657782e-04
-5.863652e-05
-9.411775e-04
-2.350703e-03
-3.215509e-03
-4.286113e-03
-5.709484e-03
-6.962533e-03
-7.783786e-03
-8.446706e-03
-8.986085e-03
-9.842241e-03
-1.040827e-02
-1.157152e-02
-1.225029e-02
-1.232627e-02
-1.337304e-02
-1.450207e-02
-1.463136e-02
-1.454197e-02
-1.373867e-02
-1.250099e-02
-1.222936e-02
-1.227655e-02
-1.220608e-02
-1.310146e-02
-1.400627e-02
-1.264741e-02
-1.209687e-02
-1.236794e-02
-1.215778e-02
-1.081594e-02
-9.934441e-03
-9.997455e-03
-9.647111e-03
-8.502484e-03
-7.567446e-03
-6.009341e-03
-4.371704e-03
-2.775865e-03
-5.397985e-04
8.944988e-04
1.482072e-03
2.498335e-03
3.695873e-03
3.856832e-03
4.188729e-03
4.934974e-03
4.941186e-03
3.917699e-03
2.571193e-03
1.522195e-03
4.729593e-04
-6.948569e-04
-1.788002e-03
-2.931878e-03
-3.123044e-03
-3.028939e-03
-3.059119e-03
-3.050895e-03
-3.052498e-03
-3.043427e-03
-3.067583e-03
-2.992923e-03
-3.141166e-03
-3.789074e-03
-4.368667e-03
-4.965001e-03
-4.381317e-03
-3.455376e-03
-1.570201e-03
2.575608e-04
1.594396e-03
2.970588e-03
3.737629e-03
4.006806e-03
4.531468e-03
4.045241e-03
3.784325e-03
3.862330e-03
3.848217e-03
3.851812e-03
3.848591e-03
3.852669e-03
3.868118e-03
3.832679e-03
3.856271e-03
4.744082e-03
5.976609e-03
6.203557e-03
6.126593e-03
6.124611e-03
6.195011e-03
6.107826e-03
4.979522e-03
3.954445e-03
3.755431e-03
2.666871e-03
1.594976e-03
1.529223e-03
1.592078e-03
1.566198e-03
1.570359e-03
1.572125e-03
1.570117e-03
1.567086e-03
1.605748e-03
1.488606e-03
1.688736e-03
3.074797e-03
3.902275e-03
3.868457e-03
3.823089e-03
4.397534e-03
5.684516e-03
6.034064e-03
6.390718e-03
8.201212e-03
8.569965e-03
9.015335e-03
1.030658e-02
1.077094e-02
1.073420e-02
1.068876e-02
1.083518e-02
1.059313e-02
9.121756e-03
8.392840e-03
8.439248e-03
8.471680e-03
8.455774e-03
7.602830e-03
6.538435e-03
5.849517e-03
4.172823e-03
2.707863e-03
5.679313e-04
-9.023999e-04
-2.688812e-03
-4.313077e-03
-5.246944e-03
-5.334493e-03
-4.461097e-03
-3.332585e-03
-2.884567e-03
-1.694462e-03
-3.209381e-04
5.029821e-04
1.137115e-03
1.753531e-03
2.434177e-03
1.721642e-03
1.516204e-03
1.590832e-03
6.175311e-04
-6.176093e-04
-7.805165e-04
-6.916534e-04
-7.246101e-04
-7.228269e-04
-7.212836e-04
-7.180950e-04
-7.426660e-04
-6.967649e-04
-7.317149e-04
-1.664329e-03
-2.887116e-03
-3.064311e-03
-3.423561e-03
-4.030594e-03
-4.346792e-03
-5.002103e-03
-4.154847e-03
-3.113809e-03
-2.891072e-03
-1.781171e-03
-7.799555e-04
5.087060e-04
2.434919e-03
3.624992e-03
5.922075e-03
7.308699e-03
7.284450e-03
7.249354e-03
7.288879e-03
6.782927e-03
5.576895e-03
3.996017e-03
1.882782e-03
4.741152e-05
-2.467881e-03
-4.734683e-03
-5.991187e-03
-7.575698e-03
-9.680106e-03
-1.031582e-02
-1.094682e-02
-1.106091e-02
-1.112871e-02
-1.199966e-02
-1.228232e-02
-1.184860e-02
-1.107895e-02
-1.115844e-02
-1.085620e-02
-9.048555e-03
-8.650510e-03
-8.397512e-03
-7.680209e-03
-7.590162e-03
-7.646821e-03
-7.633782e-03
-7.633890e-03
-7.613927e-03
-7.675620e-03
-7.590649e-03
-6.546598e-03
-5.200620e-03
-4.175271e-03
-3.039993e-03
-1.932856e-03
-8.936435e-04
4.568096e-04
1.460841e-03
1.583106e-03
1.520233e-03
5.071785e-04
-5.592238e-04
2.408819e-04
4.060649e-04
-2.113360e-04
7.473438e-05
2.561654e-04
-6.549932e-04
-8.383065e-04
-7.322310e-04
-1.553484e-03
-2.696039e-03
-3.202797e-03
-4.284572e-03
-5.434783e-03
-6.454480e-03
-7.777790e-03
-9.546055e-03
-1.001484e-02
-9.905961e-03
-9.934309e-03
-9.934790e-03
-9.935023e-03
-9.932360e-03
-9.936460e-03
-9.931761e-03
-9.937037e-03
-9.947735e-03
-9.888789e-03
-1.011554e-02
-1.097691e-02
-1.165546e-02
-1.296689e-02
-1.418050e-02
-1.467476e-02
-1.553992e-02
-1.529117e-02
-1.454913e-02
-1.451156e-02
-1.448211e-02
-1.474513e-02
-1.557422e-02
-1.522637e-02
-1.452948e-02
-1.459181e-02
-1.448245e-02
-1.325913e-02
-1.229753e-02
-1.154924e-02
-1.046044e-02
-9.828274e-03
-8.990174e-03
-9.131587e-03
-9.423558e-03
-9.748558e-03
-1.079434e-02
-1.130124e-02
-1.247315e-02
-1.390986e-02
-1.459776e-02
-1.462189e-02
-1.465150e-02
-1.444386e-02
-1.354241e-02
-1.294380e-02
-1.231233e-02
-1.143323e-02
-1.122851e-02
-1.093340e-02
-9.672755e-03
-8.965327e-03
-8.875834e-03
-7.925020e-03
-6.521660e-03
-5.178984e-03
-3.832105e-03
-2.508644e-03
-1.077191e-03
1.157077e-04
2.408898e-04
1.547321e-04
2.052424e-04
1.040057e-04
2.829615e-04
1.197399e-03
1.359241e-03
1.331728e-03
1.195777e-03
4.674061e-04
-4.627622e-05
-9.112909e-04
-9.924476e-04
-1.143701e-03
-1.774458e-03
-1.143131e-03
-1.013161e-03
-9.715125e-04
3.277663e-04
1.185246e-03
1.356075e-03
2.581879e-03
3.436617e-03
3.707374e-03
5.156806e-03
5.844520e-03
6.096629e-03
6.354480e-03
6.046538e-03
6.444925e-03
6.010481e-03
5.739709e-03
5.810380e-03
5.794531e-03
5.791119e-03
5.786830e-03
5.787395e-03
5.779494e-03
5.780568e-03
5.789620e-03
5.730061e-03
5.942528e-03
6.833661e-03
7.497482e-03
8.073367e-03
7.961521e-03
7.001889e-03
6.847139e-03
6.861700e-03
6.998297e-03
7.711530e-03
8.188298e-03
9.382587e-03
1.030842e-02
1.033501e-02
1.028643e-02
1.034079e-02
1.000187e-02
9.228829e-03
9.101530e-03
9.170087e-03
9.130470e-03
9.171872e-03
9.105450e-03
8.501100e-03
7.996895e-03
7.971349e-03
7.992265e-03
7.980025e-03
7.976411e-03
7.976376e-03
7.971073e-03
7.970361e-03
7.964793e-03
7.966610e-03
7.966473e-03
7.971301e-03
7.972331e-03
8.003107e-03
7.921672e-03
8.079019e-03
8.928715e-03
9.173138e-03
9.124391e-03
9.750690e-03
1.018431e-02
9.426789e-03
9.086852e-03
9.216751e-03
9.120728e-03
8.471289e-03
8.036223e-03
7.998597e-03
8.083929e-03
8.526493e-03
8.402959e-03
8.206889e-03
9.051274e-03
9.293165e-03
9.611281e-03
1.045733e-02
1.017712e-02
8.326156e-03
7.947003e-03
8.133030e-03
8.084393e-03
8.090991e-03
8.096225e-03
8.103582e-03
8.103510e-03
8.109893e-03
8.113614e-03
8.117544e-03
8.119167e-03
8.126345e-03
8.151456e-03
8.051058e-03
8.299242e-03
8.950788e-03
8.283851e-03
8.129760e-03
8.079389e-03
7.206066e-03
6.963825e-03
7.038419e-03
7.003162e-03
7.098204e-03
6.922784e-03
5.992746e-03
5.868705e-03
5.846264e-03
5.226865e-03
4.639126e-03
3.717689e-03
3.611914e-03
3.581499e-03
2.952787e-03
2.435291e-03
1.312119e-03
-1.003343e-04
-8.909524e-04
-9.340241e-04
-8.885963e-04
-9.001475e-04
-8.878165e-04
-9.103062e-04
-8.276688e-04
-9.357925e-04
-2.037317e-03
-3.151318e-03
-3.652300e-03
-4.317896e-03
-5.195531e-03
-5.448785e-03
-5.401964e-03
-5.431491e-03
-5.355717e-03
-5.445744e-03
-6.556013e-03
-7.639246e-03
-7.712774e-03
-7.645549e-03
-7.654929e-03
-7.675437e-03
-7.606805e-03
-7.244290e-03
-6.418075e-03
-4.700925e-03
-3.065752e-03
-1.402588e-03
8.428095e-04
2.108884e-03
2.918089e-03
4.703113e-03
5.427852e-03
5.974319e-03
6.283158e-03
6.957708e-03
7.351196e-03
7.311865e-03
6.868567e-03
6.224916e-03
6.145010e-03
6.229117e-03
6.158614e-03
5.815865e-03
5.731753e-03
5.259521e-03
4.099940e-03
3.863430e-03
3.966957e-03
3.943744e-03
3.947943e-03
3.950923e-03
3.952574e-03
3.952722e-03
3.979804e-03
3.895232e-03
4.066407e-03
4.998841e-03
5.539329e-03
6.263524e-03
6.997229e-03
7.522478e-03
8.445072e-03
8.621743e-03
8.509861e-03
8.633445e-03
8.437574e-03
7.554234e-03
7.328612e-03
6.890906e-03
6.302721e-03
6.249162e-03
6.299438e-03
6.315131e-03
5.675389e-03
4.512961e-03
3.917536e-03
2.827154e-03
1.737950e-03
1.734408e-03
1.638151e-03
9.194154e-04
4.106792e-04
-4.383288e-04
-6.491283e-04
-4.619068e-04
-6.703197e-04
-1.576166e-03
-1.762488e-03
-1.685627e-03
-1.652215e-03
-1.723043e-03
-2.803107e-03
-3.921679e-03
-4.045859e-03
-3.854328e-03
-4.143360e-03
-4.832883e-03
-4.137502e-03
-3.870134e-03
-3.959093e-03
-4.028958e-03
-3.832464e-03
-2.919517e-03
-3.111617e-03
-3.911787e-03
-4.855035e-03
-5.959254e-03
-6.480716e-03
-7.644878e-03
-8.467681e-03
-9.475580e-03
-1.151624e-02
-1.204116e-02
-1.232167e-02
-1.360219e-02
-1.427802e-02
-1.436088e-02
-1.414607e-02
-1.297492e-02
-1.192628e-02
-1.142112e-02
-1.073315e-02
-8.699117e-03
-7.137830e-03
-6.380159e-03
-5.548393e-03
-4.353587e-03
-3.990450e-03
-4.058908e-03
-4.051570e-03
-4.052461e-03
-4.060105e-03
-4.063823e-03
-4.071063e-03
-4.071030e-03
-4.079783e-03
-4.088516e-03
-4.084501e-03
-4.063483e-03
-4.583310e-03
-5.045401e-03
-4.699346e-03
-4.864849e-03
-4.515691e-03
-5.048433e-03
-5.434535e-03
-5.935059e-03
-6.562925e-03
-7.440480e-03
-7.995420e-03
-9.242702e-03
-1.063314e-02
-1.103976e-02
-1.103773e-02
-1.101602e-02
-1.058474e-02
-9.051375e-03
-6.956852e-03
-6.440759e-03
-5.895267e-03
-4.299576e-03
-3.397846e-03
-3.167453e-03
-2.933022e-03
-2.043340e-03
-1.865806e-03
-1.966296e-03
-1.940069e-03
-1.968318e-03
-1.968925e-03
-1.496220e-03
-9.436950e-04
-6.953304e-04
8.266713e-05
5.995901e-04
1.361333e-03
1.339916e-03
1.582478e-03
3.354121e-03
3.784525e-03
3.615219e-03
4.310295e-03
5.568065e-03
5.933349e-03
6.104510e-03
6.962357e-03
7.769294e-03
7.984630e-03
7.394291e-03
8.002345e-03
8.253187e-03
8.134915e-03
8.151228e-03
8.144176e-03
8.140258e-03
8.106314e-03
8.150983e-03
8.097033e-03
7.110887e-03
5.876610e-03
5.737327e-03
5.817472e-03
5.774347e-03
5.767276e-03
5.803355e-03
5.443584e-03
4.709070e-03
4.537992e-03
3.659194e-03
2.416181e-03
1.978086e-03
1.181035e-03
5.020135e-04
-1.075140e-04
-1.047099e-03
-1.245268e-03
-1.158105e-03
-1.270238e-03
-1.109532e-03
-2.732165e-04
3.331695e-06
2.307846e-04
4.374386e-04
7.870579e-04
8.946404e-04
9.286155e-06
-1.979473e-04
-1.017048e-04
-1.486467e-04
-6.791065e-05
-3.564832e-04
-1.108033e-03
-9.193164e-04
-8.060874e-04
-3.081464e-04
-3.055255e-04
-1.209208e-03
-7.989717e-04
-2.593322e-04
-1.016751e-03
-1.337502e-03
-1.644533e-03
-2.339954e-03
-2.576034e-03
-3.372152e-03
-3.559974e-03
-2.550048e-03
-2.037869e-03
-1.263584e-03
3.473861e-04
9.881465e-04
9.325019e-04
9.271992e-04
9.085694e-04
9.977047e-04
8.111472e-04
-1.296044e-04
-2.538425e-04
-2.717570e-04
-1.020622e-03
-1.407684e-03
-1.386199e-03
-1.384413e-03
-1.398125e-03
-1.405354e-03
-1.346191e-03
-1.653216e-03
-1.999663e-03
-1.642302e-03
-2.802638e-03
-3.747822e-03
-3.757500e-03
-3.050790e-03
-1.493245e-03
-7.144211e-04
-2.066316e-04
7.504237e-04
9.126364e-04
8.243214e-04
8.394213e-04
8.226892e-04
8.965254e-04
5.303319e-04
-6.777643e-04
-7.514410e-04
-5.114767e-04
-1.164564e-03
-4.791694e-04
1.001190e-04
8.750284e-04
2.435469e-03
3.030780e-03
3.547112e-03
5.184664e-03
5.525118e-03
6.186862e-03
7.466312e-03
7.767564e-03
7.640181e-03
7.219909e-03
6.497469e-03
5.640585e-03
5.360415e-03
5.442054e-03
5.336780e-03
4.803112e-03
4.138358e-03
3.229978e-03
3.048554e-03
2.700168e-03
1.939893e-03
2.014116e-03
3.015592e-03
2.931990e-03
1.606733e-03
8.143645e-04
7.970216e-04
8.361018e-04
8.111008e-04
4.666271e-04
-2.987896e-04
-1.181077e-03
-1.366912e-03
-4.297574e-04
-2.660803e-04
-9.088297e-04
-1.372698e-03
-1.622812e-03
-2.479419e-03
-2.698156e-03
-3.113649e-03
-3.663504e-03
-3.924761e-03
-4.731726e-03
-5.263572e-03
-6.416727e-03
-7.211228e-03
-7.219574e-03
-7.190187e-03
-7.203555e-03
-7.202239e-03
-7.227987e-03
-7.135691e-03
-7.305380e-03
-8.260853e-03
-8.403375e-03
-7.735303e-03
-7.278934e-03
-7.131929e-03
-6.013135e-03
-4.625424e-03
-3.749933e-03
-3.039769e-03
-2.637639e-03
-2.619987e-03
-2.636761e-03
-2.633166e-03
-2.631218e-03
-2.627134e-03
-2.645139e-03
-2.636286e-03
-2.141937e-03
-1.623676e-03
-1.285762e-03
-6.159759e-04
-1.303887e-03
-2.014255e-03
-2.559162e-03
-2.677328e-03
-2.620720e-03
-2.658434e-03
-2.578261e-03
-2.764284e-03
-3.191817e-03
-3.039113e-03
-3.606614e-03
-4.131296e-03
-4.903479e-03
-4.850849e-03
-4.196229e-03
-4.789499e-03
-4.765233e-03
-3.845086e-03
-3.805979e-03
-3.653756e-03
-3.000840e-03
-3.628939e-03
-3.841753e-03
-4.327602e-03
-5.496291e-03
-6.228470e-03
-7.053087e-03
-7.512584e-03
-8.313388e-03
-8.989686e-03
-9.486155e-03
-1.064758e-02
-1.152874e-02
-1.085589e-02
-1.052658e-02
-9.991310e-03
-9.507186e-03
-9.532370e-03
-9.266322e-03
-8.427545e-03
-7.665874e-03
-7.327286e-03
-7.139065e-03
-6.002507e-03
-4.965373e-03
-4.364244e-03
-2.983377e-03
-1.840428e-03
-1.201920e-03
8.342533e-04
2.555878e-03
3.552518e-03
4.448583e-03
6.160023e-03
6.859792e-03
7.928054e-03
8.788809e-03
8.815658e-03
8.708910e-03
8.959867e-03
9.829874e-03
9.983570e-03
9.851567e-03
1.005962e-02
9.694573e-03
7.835699e-03
7.536100e-03
7.585415e-03
6.901621e-03
6.331556e-03
5.472722e-03
5.233458e-03
4.858789e-03
4.108349e-03
3.324161e-03
2.865331e-03
2.042958e-03
1.308280e-03
1.347845e-04
-3.600910e-04
-4.998614e-04
-1.411119e-03
-2.028005e-03
-2.611474e-03
-2.723407e-03
-2.670614e-03
-2.700050e-03
-2.674142e-03
-2.678596e-03
-3.455521e-03
-4.702511e-03
-5.015106e-03
-4.960063e-03
-5.452593e-03
-6.018362e-03
-6.262526e-03
-7.075246e-03
-7.318252e-03
-7.275281e-03
-7.281830e-03
-6.469800e-03
-5.224251e-03
-4.969020e-03
-4.712227e-03
-3.458926e-03
-1.953911e-03
-7.969208e-04
-3.214436e-04
8.379340e-04
1.849089e-03
1.910272e-03
1.850126e-03
1.873654e-03
1.869015e-03
1.890129e-03
1.794112e-03
2.003490e-03
2.583657e-03
2.048807e-03
1.787934e-03
2.284378e-03
2.927124e-03
3.120524e-03
2.864380e-03
1.993567e-03
1.782098e-03
1.396194e-03
7.439695e-04
6.990352e-04
6.805014e-04
9.324629e-04
2.148230e-03
3.686332e-03
4.740935e-03
5.533687e-03
7.342785e-03
7.733307e-03
7.449371e-03
7.716421e-03
8.299740e-03
7.749482e-03
7.465471e-03
7.674146e-03
7.452671e-03
6.027235e-03
5.364170e-03
4.934058e-03
3.199428e-03
2.853910e-03
3.027107e-03
2.980772e-03
2.980620e-03
2.982440e-03
2.961884e-03
3.041107e-03
2.879954e-03
2.050697e-03
1.834157e-03
1.163449e-03
-3.201877e-04
-5.754036e-04
-3.514653e-04
-5.866738e-04
-1.466415e-03
-1.698962e-03
-2.203130e-03
-2.661760e-03
-2.885735e-03
-3.796023e-03
-3.619729e-03
-2.796044e-03
-2.708223e-03
-2.770100e-03
-2.776377e-03
-2.699019e-03
-2.834569e-03
-3.903833e-03
-5.110789e-03
-6.028360e-03
-6.224626e-03
-6.162980e-03
-6.250668e-03
-6.112572e-03
-5.318956e-03
-5.089051e-03
-4.527210e-03
-2.884349e-03
-2.693977e-03
-3.655669e-03
-3.805807e-03
-2.881981e-03
-2.714137e-03
-2.218544e-03
-9.537489e-04
-4.416311e-04
-4.937215e-04
-4.744588e-04
-7.450390e-05
6.800724e-04
1.497456e-03
1.758983e-03
2.010604e-03
2.848966e-03
3.009445e-03
2.928617e-03
2.948761e-03
2.934385e-03
3.241639e-03
4.061204e-03
4.815784e-03
5.214140e-03
5.245445e-03
5.223952e-03
5.230848e-03
5.222516e-03
5.212001e-03
5.250097e-03
4.983067e-03
4.170098e-03
3.355244e-03
2.173584e-03
1.777219e-03
1.553160e-03
7.670354e-04
4.588930e-04
-8.037402e-05
4.555735e-04
1.641081e-03
1.808877e-03
2.200430e-03
2.808813e-03
2.961381e-03
2.773535e-03
1.552224e-03
5.748604e-04
5.338223e-04
5.794386e-04
5.080457e-04
7.876277e-04
1.195764e-03
6.524439e-04
4.898278e-04
5.035358e-04
6.908626e-04
1.581525e-03
2.258678e-03
2.753975e-03
2.829219e-03
2.785686e-03
2.794090e-03
2.790449e-03
2.781685e-03
2.775019e-03
2.806324e-03
2.519177e-03
1.700423e-03
9.486235e-04
-3.984245e-04
-1.634235e-03
-2.094923e-03
-2.860620e-03
-3.043018e-03
-2.965405e-03
-2.970033e-03
-3.027996e-03
-2.975977e-03
-1.928689e-03
-8.447070e-04
-5.433395e-04
2.504399e-04
7.950516e-04
1.459104e-03
1.603557e-03
1.526115e-03
1.539501e-03
1.510273e-03
1.564241e-03
1.447768e-03
7.215809e-04
3.406940e-04
3.174507e-04
3.792697e-04
8.253561e-04
1.545263e-03
2.339644e-03
2.776346e-03
3.605905e-03
4.352561e-03
4.724175e-03
4.016680e-03
3.646120e-03
3.719217e-03
3.636074e-03
3.720626e-03
4.552357e-03
4.705162e-03
3.784463e-03
3.565210e-03
2.978477e-03
2.660664e-03
3.284364e-03
2.643238e-03
2.371723e-03
2.446388e-03
2.532239e-03
2.259446e-03
1.558086e-03
2.244838e-03
2.522366e-03
2.305074e-03
2.515042e-03
3.406657e-03
3.601399e-03
3.951735e-03
4.661497e-03
4.637937e-03
3.481090e-03
2.413058e-03
2.250553e-03
1.718093e-03
1.187309e-03
1.099168e-03
1.402883e-03
2.203563e-03
2.337024e-03
2.255255e-03
2.267210e-03
2.277552e-03
2.186462e-03
2.380721e-03
2.813413e-03
2.577859e-03
3.232055e-03
3.431074e-03
2.809795e-03
2.242626e-03
2.174168e-03
2.225944e-03
2.132664e-03
2.327941e-03
2.634572e-03
2.696859e-03
4.193559e-03
4.588932e-03
4.404341e-03
4.451608e-03
4.462227e-03
4.347975e-03
4.914844e-03
6.541865e-03
6.823990e-03
6.647929e-03
6.707692e-03
6.728682e-03
5.916444e-03
4.458163e-03
4.442640e-03
4.189354e-03
2.311851e-03
1.920267e-03
2.155486e-03
2.054658e-03
1.064974e-03
-1.565032e-04
-2.949803e-04
-2.134034e-04
-2.495212e-04
-2.519481e-04
-2.543654e-04
-2.579755e-04
-2.911738e-04
-2.042075e-04
-3.833824e-04
-1.272362e-03
-1.496726e-03
-1.414817e-03
-1.446488e-03
-1.447583e-03
-1.457500e-03
-1.443067e-03
-1.511509e-03
-1.364572e-03
-8.679767e-04
-9.779695e-05
1.719522e-03
2.398772e-03
3.017159e-03
3.839851e-03
4.208843e-03
4.212595e-03
4.215967e-03
4.223557e-03
3.450972e-03
2.212908e-03
1.868118e-03
1.909296e-03
1.961364e-03
1.862777e-03
1.001742e-03
9.018455e-04
1.549753e-03
4.680665e-04
-3.576380e-04
-4.990598e-04
-1.330290e-03
-1.592443e-03
-1.522303e-03
-1.534480e-03
-1.560586e-03
-1.490077e-03
-1.691008e-03
-2.596271e-03
-3.269822e-03
-3.778321e-03
-3.878931e-03
-3.814985e-03
-3.845573e-03
-4.308853e-03
-4.949999e-03
-5.021988e-03
-4.979661e-03
-4.991714e-03
-5.018980e-03
-4.933600e-03
-5.111830e-03
-5.891208e-03
-6.401174e-03
-7.177963e-03
-7.379111e-03
-7.207791e-03
-7.415566e-03
-8.302501e-03
-8.847169e-03
-9.494586e-03
-9.644520e-03
-9.575700e-03
-9.598891e-03
-9.595610e-03
-9.602866e-03
-9.595841e-03
-9.594829e-03
-9.636806e-03
-9.393776e-03
-8.500647e-03
-7.904400e-03
-7.195933e-03
-6.477529e-03
-7.153383e-03
-7.445041e-03
-7.251271e-03
-6.608379e-03
-6.174475e-03
-6.173629e-03
-6.188568e-03
-6.155117e-03
-6.248429e-03
-6.069137e-03
-5.172739e-03
-4.938567e-03
-5.113724e-03
-5.591105e-03
-6.275969e-03
-7.174791e-03
-7.337751e-03
-7.751900e-03
-8.959460e-03
-9.661319e-03
-1.066283e-02
-1.180701e-02
-1.232468e-02
-1.296125e-02
-1.309055e-02
-1.302848e-02
-1.311566e-02
-1.239028e-02
-1.101124e-02
-1.050701e-02
-9.114415e-03
-8.485665e-03
-7.931837e-03
-6.401149e-03
-6.007387e-03
-5.417594e-03
-5.064809e-03
-4.814980e-03
-3.992440e-03
-3.831380e-03
-3.921324e-03
-3.891806e-03
-3.871170e-03
-4.242969e-03
-4.977954e-03
-5.060042e-03
-5.091706e-03
-4.913208e-03
-4.010372e-03
-3.802291e-03
-3.987399e-03
-3.777109e-03
-2.925295e-03
-2.456818e-03
-1.689663e-03
-9.180447e-04
-5.679592e-04
-3.246979e-04
5.434768e-04
7.973210e-04
5.786108e-04
2.154738e-05
-5.847579e-04
-1.498606e-03
-1.672348e-03
-1.583433e-03
-1.587670e-03
-1.666654e-03
-1.488018e-03
-6.028554e-04
1.327814e-04
1.221005e-03
1.892411e-03
2.937670e-03
4.063776e-03
4.176413e-03
4.073497e-03
4.177828e-03
4.065198e-03
2.891872e-03
1.839396e-03
1.829296e-03
1.837467e-03
8.185421e-04
-3.875080e-04
-5.122383e-04
-4.278670e-04
-4.600479e-04
-4.485529e-04
-4.507783e-04
-4.825147e-04
3.843743e-05
1.282474e-03
1.862551e-03
1.840977e-03
1.829727e-03
1.842613e-03
1.837807e-03
1.839793e-03
1.839809e-03
1.842686e-03
1.821010e-03
1.898366e-03
1.733810e-03
1.016903e-03
5.119789e-04
-3.470736e-04
-4.855106e-04
-4.300544e-04
-1.402252e-03
-2.643751e-03
-2.801578e-03
-2.684423e-03
-2.779862e-03
-2.706934e-03
-1.624407e-03
-5.432923e-04
-3.482259e-04
6.881818e-04
1.814900e-03
1.879069e-03
1.834201e-03
2.157256e-03
2.443960e-03
2.602888e-03
3.014251e-03
2.875133e-03
1.942158e-03
1.776278e-03
1.865603e-03
1.840959e-03
1.838589e-03
1.842900e-03
1.839631e-03
1.842342e-03
1.838070e-03
1.841171e-03
1.835763e-03
1.859445e-03
1.776297e-03
1.964097e-03
2.655425e-03
3.340596e-03
5.094907e-03
6.415154e-03
7.463457e-03
8.609562e-03
9.729976e-03
1.019037e-02
1.089955e-02
1.176678e-02
1.200487e-02
1.115817e-02
1.087984e-02
1.110499e-02
1.086274e-02
9.426353e-03
8.651015e-03
8.738512e-03
8.284218e-03
7.111516e-03
6.280373e-03
5.545673e-03
5.090359e-03
3.919803e-03
2.421832e-03
1.122091e-03
7.463513e-04
5.654954e-04
-3.766388e-04
-3.394041e-05
1.353259e-03
1.716471e-03
2.057398e-03
3.847983e-03
4.707933e-03
5.754908e-03
6.431400e-03
6.412853e-03
6.400739e-03
6.408623e-03
6.415275e-03
6.409690e-03
6.416106e-03
6.413130e-03
6.437091e-03
6.364930e-03
6.524168e-03
7.205999e-03
7.717739e-03
8.597075e-03
8.785296e-03
8.695364e-03
8.724299e-03
8.734366e-03
8.683209e-03
8.814386e-03
9.197515e-03
9.171065e-03
9.727577e-03
9.724461e-03
8.829242e-03
8.649685e-03
8.811293e-03
8.689045e-03
7.564610e-03
6.494447e-03
6.393381e-03
6.522645e-03
6.418795e-03
5.331061e-03
4.205402e-03
4.152201e-03
4.199382e-03
3.276326e-03
2.039653e-03
1.835574e-03
1.920596e-03
1.895456e-03
1.896451e-03
1.897434e-03
1.934524e-03
1.829974e-03
2.003810e-03
3.320580e-03
4.210142e-03
4.220487e-03
4.191693e-03
4.185530e-03
4.254818e-03
4.162570e-03
3.084411e-03
2.002528e-03
1.412705e-03
2.100678e-04
-3.416790e-04
-3.894576e-04
-1.787736e-03
-3.711865e-03
-4.378884e-03
-4.959447e-03
-5.793792e-03
-6.276294e-03
-7.038339e-03
-7.293419e-03
-7.830120e-03
-8.380189e-03
-8.204720e-03
-7.260138e-03
-6.608499e-03
-6.070923e-03
-5.952024e-03
-6.027015e-03
-5.963471e-03
-5.579824e-03
-5.487292e-03
-5.920338e-03
-5.998987e-03
-5.950125e-03
-5.931352e-03
-6.010997e-03
-5.846082e-03
-4.992141e-03
-4.733806e-03
-4.796672e-03
-4.773435e-03
-4.774356e-03
-4.763026e-03
-4.737460e-03
-5.110427e-03
-5.854746e-03
-5.873886e-03
-5.926695e-03
-7.062094e-03
-7.837412e-03
-7.566132e-03
-7.415702e-03
-6.930833e-03
-5.967874e-03
-5.444511e-03
-4.838453e-03
-4.577671e-03
-3.776219e-03
-3.630725e-03
-4.270273e-03
-4.140213e-03
-4.542219e-03
-4.715473e-03
-4.593953e-03
-4.912303e-03
-5.698304e-03
-5.831801e-03
-5.747805e-03
-5.766215e-03
-5.756663e-03
-5.777409e-03
-5.686786e-03
-5.850103e-03
-6.694159e-03
-6.966117e-03
-6.842594e-03
-6.298081e-03
-5.729714e-03
-5.760156e-03
-5.552649e-03
-4.292969e-03
-3.401243e-03
-3.455756e-03
-3.382756e-03
-2.189286e-03
-1.194558e-03
-1.008644e-03
-4.892262e-04
1.535137e-04
1.044722e-03
1.618105e-03
2.131206e-03
2.543960e-03
4.060957e-03
4.722118e-03
4.583481e-03
4.669291e-03
5.334705e-03
5.723988e-03
5.903691e-03
6.820017e-03
7.483462e-03
8.004320e-03
8.195708e-03
7.955729e-03
7.134692e-03
6.385606e-03
4.620082e-03
3.578207e-03
3.438129e-03
2.291460e-03
1.286525e-03
5.628497e-04
-6.302551e-04
-1.074817e-03
-9.754940e-04
-1.433120e-03
-2.681546e-03
-3.320135e-03
-3.301134e-03
-3.282946e-03
-3.292291e-03
-3.284619e-03
-3.280764e-03
-3.281193e-03
-3.278490e-03
-3.230740e-03
-3.379816e-03
-3.095813e-03
-1.488265e-03
-9.138420e-04
-9.707151e-04
-1.036173e-03
-1.694073e-03
-2.071510e-03
-2.271535e-03
-3.189543e-03
-3.320295e-03
-3.373001e-03
-4.057120e-03
-4.597917e-03
-5.490036e-03
-5.650634e-03
-5.627852e-03
-5.581008e-03
-4.547107e-03
-3.386852e-03
-2.926942e-03
-2.193227e-03
-1.454841e-03
-1.001535e-03
1.794839e-04
1.154275e-03
1.311358e-03
1.914699e-03
2.371173e-03
2.365934e-03
2.324318e-03
2.401450e-03
2.266566e-03
1.478633e-03
1.156672e-03
1.194484e-03
1.188598e-03
1.178066e-03
1.178995e-03
1.173027e-03
1.168862e-03
1.166355e-03
1.184989e-03
1.074350e-03
1.328407e-03
1.931290e-03
1.328040e-03
1.666933e-03
2.234186e-03
2.358226e-03
3.503336e-03
4.519580e-03
4.594703e-03
5.343186e-03
6.607999e-03
6.893032e-03
6.818867e-03
6.808523e-03
6.876380e-03
6.781039e-03
5.651462e-03
4.599009e-03
4.412009e-03
3.952012e-03
3.249084e-03
2.345155e-03
2.140137e-03
1.826742e-03
1.005318e-03
2.879361e-04
-2.346227e-04
-1.139829e-03
-9.424605e-04
-1.561993e-04
7.883909e-04
1.893332e-03
2.382789e-03
3.545917e-03
4.456338e-03
4.369307e-03
4.512919e-03
5.483917e-03
5.250516e-03
4.484381e-03
5.044806e-03
5.553878e-03
5.538992e-03
5.490377e-03
5.597167e-03
5.345407e-03
4.843908e-03
5.220144e-03
4.567864e-03
3.752990e-03
2.705185e-03
1.913306e-03
1.069985e-03
8.067294e-04
9.238348e-04
1.485581e-03
1.927785e-03
2.142837e-03
3.028640e-03
3.192814e-03
3.171555e-03
3.045909e-03
2.243371e-03
1.955825e-03
1.707723e-03
8.399242e-04
1.865414e-04
-4.192742e-04
-1.335199e-03
-1.532247e-03
-1.882890e-03
-2.593214e-03
-2.694568e-03
-2.642280e-03
-2.665228e-03
-2.668500e-03
-2.669038e-03
-2.669980e-03
-2.674054e-03
-2.672987e-03
-2.677830e-03
-2.678752e-03
-2.678694e-03
-2.670802e-03
-2.736437e-03
-2.467494e-03
-2.007132e-03
-2.566350e-03
-2.753864e-03
-2.670216e-03
-2.729759e-03
-2.382239e-03
-1.681456e-03
-1.432106e-03
-7.454633e-04
-4.804102e-04
4.109074e-05
1.688061e-03
1.985138e-03
1.826154e-03
1.868590e-03
1.868789e-03
1.841437e-03
1.909632e-03
1.784020e-03
1.014178e-03
6.754880e-04
7.292556e-04
6.658724e-04
7.632065e-04
1.473542e-03
1.864908e-03
1.804254e-03
1.789729e-03
1.815450e-03
1.743420e-03
1.828786e-03
2.909428e-03
4.280411e-03
5.195034e-03
5.845018e-03
6.302615e-03
6.323915e-03
6.278131e-03
6.684376e-03
7.366557e-03
7.429064e-03
7.432851e-03
7.227134e-03
6.357207e-03
5.586731e-03
4.515442e-03
3.745457e-03
2.935481e-03
2.411317e-03
1.283490e-03
4.297519e-04
-4.520974e-04
-1.666055e-03
-1.878519e-03
-2.218551e-03
-3.492025e-03
-4.102984e-03
-4.279674e-03
-5.131427e-03
-5.628933e-03
-6.389036e-03
-6.314082e-03
-5.779502e-03
-6.096929e-03
-5.427157e-03
-5.572372e-03
-6.358713e-03
-6.428059e-03
-6.362210e-03
-6.372989e-03
-6.365321e-03
-6.354163e-03
-6.343243e-03
-6.336767e-03
-6.323411e-03
-6.310204e-03
-6.296649e-03
-6.336748e-03
-6.137603e-03
-6.483182e-03
-8.262697e-03
-8.600143e-03
-8.394120e-03
-8.427109e-03
-8.393107e-03
-8.375482e-03
-8.374826e-03
-7.815917e-03
-6.586758e-03
-6.035310e-03
-6.040691e-03
-6.027725e-03
-5.997320e-03
-5.978428e-03
-5.950286e-03
-5.946668e-03
-5.893478e-03
-5.578570e-03
-5.296109e-03
-5.087633e-03
-4.756174e-03
-4.649264e-03
-4.983989e-03
-5.675084e-03
-5.761724e-03
-5.672178e-03
-5.662800e-03
-5.635682e-03
-5.582792e-03
-5.631593e-03
-5.437164e-03
-4.668010e-03
-4.167309e-03
-3.407850e-03
-3.196182e-03
-3.345369e-03
-3.128180e-03
-2.201895e-03
-2.376143e-03
-3.084879e-03
-2.568887e-03
-2.039273e-03
-2.009939e-03
-2.046971e-03
-1.961397e-03
-1.410792e-03
-9.283931e-04
-8.105184e-04
-1.038788e-03
-2.148477e-03
-2.945495e-03
-2.874037e-03
-2.894483e-03
-3.932985e-03
-4.843008e-03
-4.499473e-03
-3.727782e-03
-2.953893e-03
-2.712459e-03
-2.411842e-03
-1.303066e-03
-5.301714e-04
3.048215e-04
1.278486e-03
1.979277e-03
3.401304e-03
3.701467e-03
4.272505e-03
5.409407e-03
5.622180e-03
5.597766e-03
5.980453e-03
5.857717e-03
5.718795e-03
6.211810e-03
5.893759e-03
6.256888e-03
6.025808e-03
5.300178e-03
4.595201e-03
4.149440e-03
3.208864e-03
2.283013e-03
1.095938e-03
4.577339e-04
2.746703e-04
-4.540057e-04
-5.980771e-04
-5.069473e-04
-5.124760e-04
-4.728750e-04
-5.218774e-04
-4.145959e-04
5.709383e-04
1.468070e-03
1.477668e-03
1.668529e-03
2.025212e-03
1.635650e-03
2.027658e-03
2.454487e-03
2.460565e-03
2.156479e-03
1.540629e-03
1.441365e-03
1.496750e-03
1.480684e-03
1.482891e-03
1.484629e-03
1.485801e-03
1.472783e-03
1.520642e-03
1.339621e-03
6.349634e-04
9.548239e-05
-2.632802e-04
-3.791796e-04
-1.557315e-04
5.314152e-04
6.803784e-04
1.196889e-03
2.195450e-03
2.453437e-03
2.417344e-03
2.707449e-03
3.294610e-03
3.879307e-03
4.156102e-03
3.962631e-03
3.258470e-03
2.702744e-03
2.376610e-03
2.233490e-03
1.378833e-03
8.357306e-04
1.294700e-03
1.524124e-03
2.014182e-03
2.287298e-03
2.224221e-03
2.250577e-03
2.647464e-03
3.095734e-03
2.917220e-03
2.396080e-03
2.871452e-03
3.012995e-03
2.980910e-03
2.845945e-03
2.169141e-03
2.025656e-03
2.095522e-03
2.000244e-03
2.117335e-03
2.723286e-03
2.833697e-03
3.096957e-03
3.475001e-03
3.010949e-03
2.682420e-03
2.679802e-03
2.663154e-03
2.649637e-03
2.578824e-03
2.627777e-03
3.356011e-03
4.026741e-03
4.426384e-03
5.099352e-03
5.548070e-03
6.048249e-03
6.110614e-03
6.275302e-03
6.651205e-03
6.626284e-03
6.513303e-03
6.441653e-03
6.378310e-03
6.247023e-03
6.257927e-03
6.679320e-03
6.805130e-03
6.628720e-03
6.314383e-03
6.191777e-03
5.837463e-03
4.933116e-03
3.998133e-03
3.396987e-03
2.881933e-03
2.088995e-03
1.867205e-03
1.562478e-03
4.813436e-04
3.216589e-04
8.131175e-04
9.664374e-04
1.060050e-03
1.550526e-03
1.626725e-03
1.529891e-03
1.516181e-03
1.469858e-03
1.440940e-03
1.592349e-03
2.058628e-03
2.314083e-03
2.106617e-03
2.418520e-03
2.494704e-03
2.381133e-03
2.341072e-03
2.283720e-03
2.231510e-03
2.163163e-03
2.144444e-03
2.017232e-03
1.630640e-03
1.274720e-03
7.823075e-04
4.302391e-04
-2.136101e-04
-5.585425e-04
-6.698282e-04
-1.130015e-03
-1.264714e-03
-1.442284e-03
-1.426585e-03
-1.303649e-03
-1.714877e-03
-1.831918e-03
-1.803326e-03
-2.081224e-03
-2.346959e-03
-2.350465e-03
-2.315770e-03
-2.483228e-03
-2.550681e-03
-2.360500e-03
-2.645955e-03
-2.814123e-03
-2.746700e-03
-2.962810e-03
-3.467973e-03
-3.789812e-03
-4.086870e-03
-4.257194e-03
-4.557469e-03
-4.572522e-03
-4.468843e-03
-4.415072e-03
-4.367096e-03
-4.164000e-03
-3.769787e-03
-3.650598e-03
-3.668317e-03
-3.525401e-03
-3.086772e-03
-3.135045e-03
-3.409852e-03
-3.389515e-03
-3.280124e-03
-3.339137e-03
-3.472668e-03
-3.201100e-03
-3.339526e-03
-3.428006e-03
-3.019344e-03
-2.875581e-03
-2.857038e-03
-2.792811e-03
-2.732766e-03
-2.680055e-03
-2.637948e-03
-2.429108e-03
-2.152229e-03
-2.294910e-03
-2.421889e-03
-2.362639e-03
-2.303063e-03
-2.252534e-03
-2.198856e-03
-2.146852e-03
-2.088180e-03
-2.047307e-03
-2.086323e-03
-2.133754e-03
-2.104731e-03
-1.870336e-03
-1.820787e-03
-1.938137e-03
-1.709766e-03
-1.597683e-03
-1.575711e-03
-1.509066e-03
-1.544525e-03
-1.605810e-03
-1.377813e-03
-1.353840e-03
-1.497960e-03
-1.261692e-03
-1.337136e-03
-1.554526e-03
-1.420591e-03
-1.271946e-03
-1.009377e-03
-9.250496e-04
-8.900470e-04
-7.004448e-04
-5.403991e-04
-5.098144e-04
-4.282844e-04
-2.842326e-04
-2.622949e-04
-1.455679e-04
-1.110242e-04
-5.751432e-05
1.606362e-04
1.987687e-04
2.176927e-04
3.851563e-04
4.672924e-04
4.609305e-04
4.769670e-04
5.897624e-04
6.986817e-04
6.936524e-04
7.227168e-04
8.826908e-04
9.901756e-04
1.066572e-03
1.066577e-03
1.043225e-03
1.029643e-03
1.013566e-03
9.975355e-04
9.817410e-04
9.657541e-04
9.496572e-04
9.336044e-04
9.210928e-04
8.926882e-04
9.026422e-04
1.005328e-03
1.051682e-03
1.120033e-03
1.102062e-03
1.085527e-03
1.165725e-03
1.165581e-03
1.118535e-03
1.025250e-03
9.319871e-04
8.996459e-04
8.761945e-04
8.534142e-04
8.208878e-04
7.321920e-04
6.605962e-04
6.405004e-04
6.239029e-04
5.592436e-04
4.942078e-04
4.442906e-04
2.905870e-04
2.334312e-04
2.429521e-04
2.796827e-04
3.137860e-04
3.246867e-04
3.819907e-04
3.819054e-04
4.003320e-04
4.696946e-04
5.049967e-04
5.362332e-04
5.429974e-04
5.710721e-04
5.874647e-04
5.884721e-04
5.628150e-04
5.291839e-04
5.028006e-04
4.697785e-04
4.074671e-04
3.594876e-04
3.273535e-04
2.479123e-04
1.761832e-04
1.356428e-04
9.224686e-05
4.076857e-05
2.068156e-05
1.372527e-05
4.892567e-06
-3.778396e-06
-1.244001e-05
-1.933045e-05
-2.732772e-05
-6.700266e-05
-1.113001e-04
-1.302982e-04
-1.800936e-04
-2.017563e-04
-2.203024e-04
-2.361196e-04
-2.432102e-04
-2.411455e-04
-2.282334e-04
-1.999974e-04
-1.928220e-04
-1.886057e-04
-1.677142e-04
-1.576334e-04
-1.565484e-04
-1.638412e-04
-1.729793e-04
-1.749634e-04
-1.839754e-04
-1.884167e-04
-2.035280e-04
-2.096334e-04
-2.070418e-04
-2.223525e-04
-2.226042e-04
-2.159401e-04
-2.184219e-04
-2.180291e-04
-2.015669e-04
-1.820734e-04
-1.788215e-04
-1.661870e-04
-1.555359e-04
-1.450691e-04
-1.341036e-04
-1.218418e-04
-1.168597e-04
-1.144104e-04
-1.110867e-04
-1.083418e-04
-1.055247e-04
-1.031020e-04
-1.034918e-04
-1.044195e-04
-1.030407e-04
-1.045849e-04
-1.031645e-04
-9.847592e-05
-9.279280e-05
-9.160336e-05
-9.261323e-05
-8.867597e-05
-8.663531e-05
-8.601934e-05
-8.501937e-05
-8.458574e-05
-8.352615e-05
-8.105133e-05
-8.058102e-05
-7.984441e-05
-7.936052e-05
-7.985276e-05
-7.883408e-05
-7.835607e-05
-7.988391e-05
-8.141769e-05
-8.191828e-05
-8.358349e-05
-8.646703e-05
-8.838976e-05
-8.993580e-05
-9.187354e-05
-9.422899e-05
-9.629062e-05
-9.833545e-05
-9.985742e-05
-1.014930e-04
-1.030636e-04
-1.047775e-04
-1.066953e-04
-1.085748e-04
-1.103654e-04
-1.122348e-04
-1.140721e-04
-1.160004e-04
-1.181393e-04
-1.202821e-04
-1.224515e-04
-1.247204e-04
-1.270361e-04
-1.293126e-04
-1.315759e-04
-1.338946e-04
-1.362206e-04
-1.385351e-04
-1.408484e-04
-1.431588e-04
-1.454685e-04
-1.477776e-04
-1.500896e-04
-1.523962e-04
-1.547019e-04
-1.570281e-04
-1.593608e-04
-1.616938e-04
-1.640303e-04
-1.663745e-04
-1.687244e-04
-1.710798e-04
-1.734422e-04
-1.758124e-04
-1.781902e-04
-1.805759e-04
-1.829698e-04
-1.853722e-04
-1.877831e-04
