-1.759007e-04
-1.757117e-04
-1.753216e-04
-1.700656e-04
-1.596102e-04
-1.583741e-04
-1.684457e-04
-1.827566e-04
-2.034912e-04
-2.234114e-04
-2.435035e-04
-2.575281e-04
-2.658572e-04
-2.656493e-04
-2.800788e-04
-2.824975e-04
-2.994055e-04
-3.512493e-04
-3.812797e-04
-4.013684e-04
-4.763235e-04
-5.969519e-04
-6.722388e-04
-7.067859e-04
-7.798365e-04
-9.481029e-04
-1.115859e-03
-1.178618e-03
-1.080212e-03
-9.443616e-04
-7.947517e-04
-6.422680e-04
-3.888713e-04
-4.725189e-05
3.354606e-04
5.597218e-04
6.044966e-04
7.317431e-04
8.001765e-04
9.039625e-04
1.059651e-03
1.212779e-03
1.338337e-03
1.139192e-03
1.050435e-03
1.123694e-03
1.018949e-03
7.232102e-04
3.664274e-04
2.669867e-04
3.330961e-04
3.636222e-04
3.756649e-04
4.071310e-04
4.329809e-04
4.503357e-04
4.697350e-04
4.857348e-04
1.832220e-04
-5.536803e-04
-8.074959e-04
-7.242007e-04
-1.083327e-03
-1.862847e-03
-2.227971e-03
-2.321457e-03
-2.970106e-03
-3.763640e-03
-3.977974e-03
-3.962769e-03
-3.978123e-03
-3.267262e-03
-2.261768e-03
-1.230211e-03
-5.143369e-04
2.250533e-04
9.879314e-04
1.156150e-03
1.056697e-03
9.470443e-04
-6.579767e-05
-1.004075e-03
-9.785521e-04
-8.323815e-04
-8.874600e-04
-9.328865e-04
-9.292936e-04
-9.156092e-04
-9.057800e-04
-7.974933e-04
-1.165742e-04
3.948164e-04
3.533205e-04
2.577535e-04
-1.861492e-04
-9.713648e-04
-1.803810e-03
-2.558301e-03
-3.369751e-03
-3.876978e-03
-3.903647e-03
-3.909113e-03
-3.463062e-03
-2.009487e-03
-9.316356e-04
-9.468182e-04
-1.106415e-03
-1.001940e-03
-9.387714e-04
-1.012262e-03
-1.053665e-03
-9.939611e-04
-1.563098e-04
1.737563e-03
3.815250e-03
5.487823e-03
6.110304e-03
6.058506e-03
6.064091e-03
6.136533e-03
5.480153e-03
3.676396e-03
2.499416e-03
2.228811e-03
3.021742e-04
-1.305572e-03
-2.058238e-03
-4.189631e-03
-5.212302e-03
-4.899855e-03
-4.781001e-03
-4.737045e-03
-3.428833e-03
-9.755084e-04
9.645308e-04
1.844102e-03
2.955086e-03
4.121950e-03
4.329773e-03
3.423422e-03
3.187753e-03
3.694181e-03
4.668021e-03
4.065081e-03
3.272489e-03
2.708630e-03
2.324288e-03
2.288014e-03
1.568643e-03
1.377051e-03
1.527361e-03
1.907198e-03
3.785720e-03
5.897340e-03
5.474721e-03
2.921902e-03
3.428337e-04
-8.451416e-04
-7.562683e-04
-6.014739e-04
-5.987690e-04
-5.878488e-04
-5.767219e-04
-5.383607e-04
4.138748e-04
2.794198e-03
4.322068e-03
4.232498e-03
3.702881e-03
2.403096e-03
1.635385e-03
1.761220e-03
1.876410e-03
1.826511e-03
1.814485e-03
1.879412e-03
1.704972e-03
3.940782e-04
-9.690835e-04
-2.831311e-03
-6.074444e-03
-9.429341e-03
-1.174252e-02
-1.305505e-02
-1.319853e-02
-1.223659e-02
-1.001655e-02
-8.048484e-03
-4.119320e-03
5.717473e-04
3.364303e-03
3.454179e-03
2.012106e-03
5.950992e-04
-4.990131e-04
-2.280696e-03
-4.374119e-03
-4.917182e-03
-4.597902e-03
-3.671066e-03
-2.234942e-03
-4.938523e-04
1.712056e-03
3.032876e-03
4.274970e-03
5.492146e-03
6.838774e-03
7.229583e-03
7.049141e-03
7.013126e-03
7.291156e-03
8.600314e-03
9.545987e-03
1.052697e-02
1.327867e-02
1.367470e-02
1.180361e-02
1.025881e-02
9.193266e-03
7.915532e-03
6.699933e-03
5.274013e-03
3.400959e-03
7.072398e-04
-1.816667e-04
-7.669798e-04
-1.882575e-03
-2.099218e-03
-1.582052e-03
-1.958262e-04
5.805150e-04
1.124122e-03
1.624303e-03
7.391427e-04
1.152094e-04
-1.215049e-03
-3.500135e-03
-4.806131e-03
-6.444272e-03
-8.518983e-03
-9.780823e-03
-1.086898e-02
-1.115507e-02
-1.100657e-02
-1.065997e-02
-8.891779e-03
-6.080436e-03
-4.061976e-03
-3.768409e-03
-3.049286e-03
-7.936421e-04
-5.241583e-04
-1.733278e-03
-1.919139e-03
-2.716103e-03
-5.582363e-03
-6.755263e-03
-6.219565e-03
-4.933772e-03
-2.730394e-03
-1.137037e-03
1.011041e-03
5.083323e-03
8.446794e-03
1.074365e-02
1.228520e-02
1.247322e-02
1.205746e-02
1.060099e-02
8.277490e-03
7.363925e-03
7.103307e-03
6.594918e-03
8.335666e-03
1.036690e-02
1.157547e-02
1.243188e-02
1.218787e-02
1.023215e-02
7.486290e-03
4.906029e-03
3.175480e-03
1.824475e-03
-3.559293e-04
-1.660410e-03
-1.574379e-03
-1.395273e-03
-1.442527e-03
-2.069781e-03
-4.212904e-03
-6.049880e-03
-6.274208e-03
-7.334247e-03
-9.766528e-03
-1.150942e-02
-1.443414e-02
-1.788993e-02
-1.982839e-02
-2.148983e-02
-2.405587e-02
-2.455929e-02
-2.176750e-02
-1.739018e-02
-1.231463e-02
-5.813872e-03
-5.892866e-04
2.138097e-03
4.333078e-03
5.946835e-03
7.145933e-03
8.098171e-03
8.507530e-03
1.059993e-02
1.487504e-02
1.920406e-02
2.390968e-02
2.893701e-02
3.155347e-02
3.142865e-02
3.080205e-02
2.908370e-02
2.585595e-02
2.170146e-02
1.785236e-02
1.406422e-02
1.011862e-02
5.518828e-03
2.702684e-03
3.357496e-04
-1.238376e-03
-1.198372e-03
-1.017267e-03
-1.099955e-03
-1.091100e-03
-1.009458e-03
-1.454028e-03
-4.087927e-03
-6.798025e-03
-1.051359e-02
-1.521855e-02
-1.984322e-02
-2.491828e-02
-2.811329e-02
-2.995892e-02
-2.975603e-02
-2.798966e-02
-2.504697e-02
-2.231070e-02
-1.816292e-02
-1.280752e-02
-8.786945e-03
-7.601124e-03
-7.863342e-03
-7.900942e-03
-7.345292e-03
-5.857119e-03
-4.524359e-03
-2.520591e-03
-8.073216e-04
-4.761418e-04
4.966103e-04
1.549413e-03
1.625026e-03
2.031837e-03
3.576688e-03
4.927868e-03
6.136755e-03
7.404488e-03
8.515967e-03
8.990511e-03
1.026240e-02
1.056892e-02
8.960314e-03
8.247750e-03
8.555674e-03
8.706976e-03
8.806275e-03
1.023889e-02
1.257796e-02
1.349349e-02
1.262967e-02
1.111636e-02
1.160871e-02
1.321573e-02
1.349405e-02
1.326543e-02
1.330405e-02
1.280053e-02
9.999941e-03
5.744099e-03
1.900816e-03
-7.845494e-04
-1.899046e-03
-1.381452e-03
-4.633334e-04
-1.490661e-03
-5.201071e-03
-8.591141e-03
-1.185564e-02
-1.665897e-02
-2.080346e-02
-2.342886e-02
-2.589052e-02
-2.797491e-02
-2.843120e-02
-2.803616e-02
-2.608216e-02
-2.101272e-02
-1.515378e-02
-1.064046e-02
-9.638287e-03
-1.200370e-02
-1.492208e-02
-1.736557e-02
-1.884904e-02
-1.862827e-02
-1.556011e-02
-1.021595e-02
-5.637393e-03
-3.353505e-03
-9.115911e-04
1.897732e-04
2.174251e-03
7.201441e-03
1.283219e-02
1.791775e-02
2.217739e-02
2.466688e-02
2.786624e-02
3.096652e-02
3.237413e-02
3.229133e-02
3.183462e-02
3.053402e-02
2.917285e-02
2.779957e-02
2.725806e-02
2.558404e-02
2.166715e-02
1.587836e-02
6.989122e-03
-1.733162e-03
-7.115314e-03
-1.045196e-02
-1.355373e-02
-1.429648e-02
-1.271450e-02
-1.025560e-02
-9.073098e-03
-9.199713e-03
-9.369441e-03
-1.048753e-02
-1.342830e-02
-1.624586e-02
-1.871370e-02
-2.128619e-02
-2.330063e-02
-2.315873e-02
-2.158423e-02
-1.964508e-02
-1.687897e-02
-1.382858e-02
-1.115151e-02
-7.742955e-03
-4.698681e-03
-1.297325e-03
4.127453e-04
-4.975538e-04
-3.689547e-03
-7.051779e-03
-1.067522e-02
-1.677678e-02
-2.366973e-02
-2.937427e-02
-3.217665e-02
-3.241349e-02
-3.076627e-02
-2.511619e-02
-1.570720e-02
-6.398571e-03
1.436836e-03
9.895603e-03
1.723775e-02
2.351121e-02
2.780350e-02
2.841279e-02
2.787780e-02
2.776836e-02
2.693709e-02
2.715890e-02
2.892731e-02
3.181094e-02
3.430553e-02
3.771466e-02
4.078210e-02
4.198780e-02
4.044879e-02
3.623616e-02
3.059626e-02
2.315473e-02
1.331535e-02
3.445468e-03
-3.732281e-03
-8.889459e-03
-1.476481e-02
-1.989337e-02
-2.232385e-02
-2.350039e-02
-2.614594e-02
-2.770572e-02
-2.741488e-02
-2.717778e-02
-2.729306e-02
-2.703221e-02
-2.453340e-02
-2.238117e-02
-2.164450e-02
-1.862681e-02
-1.500118e-02
-1.159938e-02
-6.965121e-03
-3.647181e-03
-1.366646e-03
8.082610e-04
2.698911e-03
4.753204e-03
5.434594e-03
4.327179e-03
8.902483e-04
-4.074272e-03
-6.955703e-03
-7.991126e-03
-8.706902e-03
-7.922496e-03
-4.964228e-03
-2.923049e-03
-1.058401e-03
7.676357e-04
3.025136e-03
5.664638e-03
8.424096e-03
1.082319e-02
1.357164e-02
1.497227e-02
1.474094e-02
1.446387e-02
1.271179e-02
8.911891e-03
6.057085e-03
4.797613e-03
2.035487e-03
-1.616115e-03
-3.706857e-03
-5.193164e-03
-7.867849e-03
-9.779605e-03
-1.175278e-02
-1.307942e-02
-1.307481e-02
-1.326716e-02
-1.465032e-02
-1.471955e-02
-1.310957e-02
-1.248463e-02
-1.159502e-02
-9.062370e-03
-6.279928e-03
-3.762897e-03
-1.205965e-03
9.014309e-04
1.400354e-03
1.154811e-03
1.122288e-03
1.296861e-03
2.591663e-03
5.029683e-03
6.822973e-03
9.407344e-03
1.092968e-02
1.136724e-02
1.168712e-02
1.078111e-02
1.032305e-02
1.058545e-02
1.074461e-02
1.069371e-02
1.067219e-02
1.066230e-02
1.060761e-02
1.066171e-02
1.078831e-02
1.063613e-02
9.113075e-03
6.764535e-03
5.486424e-03
4.311277e-03
4.347665e-03
5.922753e-03
8.355131e-03
1.201496e-02
1.501396e-02
1.736849e-02
1.920943e-02
1.828001e-02
1.530410e-02
1.125281e-02
3.553362e-03
-6.977217e-03
-1.742844e-02
-2.614807e-02
-3.201550e-02
-3.487496e-02
-3.456131e-02
-3.092013e-02
-2.537152e-02
-1.595169e-02
-5.487331e-03
3.378353e-03
1.031848e-02
1.543776e-02
1.956918e-02
2.143415e-02
2.313715e-02
2.505052e-02
2.640454e-02
2.849422e-02
2.996238e-02
3.042194e-02
3.252770e-02
3.312631e-02
3.088429e-02
2.612427e-02
1.898765e-02
6.702746e-03
-9.981899e-03
-2.479220e-02
-3.650379e-02
-4.413956e-02
-4.804332e-02
-4.895164e-02
-4.787898e-02
-4.520645e-02
-4.004420e-02
-3.113033e-02
-1.979491e-02
-4.454745e-03
1.278115e-02
2.473605e-02
3.302356e-02
4.298437e-02
5.151519e-02
5.525916e-02
5.533671e-02
5.123050e-02
4.006322e-02
1.888898e-02
-6.137305e-03
-2.671842e-02
-4.089623e-02
-4.891981e-02
-5.390857e-02
-5.833007e-02
-6.028112e-02
-5.954220e-02
-5.678613e-02
-5.062611e-02
-3.868409e-02
-2.161811e-02
1.434780e-03
3.010642e-02
5.334477e-02
6.871834e-02
7.656600e-02
7.732963e-02
7.399528e-02
6.492729e-02
4.910615e-02
2.570239e-02
-1.352134e-03
-2.513563e-02
-4.284827e-02
-5.330501e-02
-5.796091e-02
-5.875198e-02
-5.619353e-02
-4.982554e-02
-3.983170e-02
-3.026986e-02
-2.169830e-02
-1.370230e-02
-5.648335e-03
1.221210e-03
8.373210e-03
1.619299e-02
2.369494e-02
2.845334e-02
3.044652e-02
3.098044e-02
3.092635e-02
2.965848e-02
2.599080e-02
2.254428e-02
1.895939e-02
1.536629e-02
1.272370e-02
9.940570e-03
5.959909e-03
3.311305e-03
1.666304e-03
-6.896656e-04
-2.255430e-04
2.741354e-03
5.515003e-03
8.263266e-03
1.226467e-02
1.570116e-02
1.749686e-02
1.938066e-02
2.205507e-02
2.267091e-02
2.225422e-02
2.157820e-02
1.891831e-02
1.623987e-02
1.360026e-02
1.115246e-02
7.687180e-03
3.572466e-03
-1.247056e-03
-5.439687e-03
-1.109218e-02
-1.943544e-02
-2.939449e-02
-3.841093e-02
-4.490782e-02
-5.075664e-02
-5.382612e-02
-5.241708e-02
-4.913962e-02
-4.519956e-02
-4.175357e-02
-3.928864e-02
-3.748982e-02
-3.700886e-02
-3.515635e-02
-2.849619e-02
-1.944681e-02
-1.363474e-02
-1.050910e-02
-8.091846e-03
-5.228391e-03
-2.723308e-03
-1.249524e-04
2.717093e-03
7.146888e-03
9.997735e-03
1.141728e-02
1.420028e-02
1.903658e-02
2.446165e-02
3.046619e-02
3.786468e-02
4.468278e-02
4.989843e-02
5.315441e-02
5.379649e-02
5.294148e-02
5.085221e-02
4.821602e-02
4.654315e-02
4.661773e-02
4.785285e-02
4.780883e-02
4.645478e-02
4.366644e-02
3.720623e-02
2.702219e-02
1.256010e-02
-1.539260e-03
-1.178026e-02
-1.864448e-02
-2.249574e-02
-2.570629e-02
-2.771795e-02
-2.944786e-02
-3.132472e-02
-3.095485e-02
-2.835897e-02
-2.643750e-02
-2.426345e-02
-2.234044e-02
-2.345188e-02
-2.596573e-02
-3.114127e-02
-3.652710e-02
-4.022107e-02
-4.461101e-02
-4.780826e-02
-4.863572e-02
-4.597395e-02
-3.681564e-02
-2.217302e-02
-6.001725e-03
1.016002e-02
2.567612e-02
3.965035e-02
5.003149e-02
5.444192e-02
5.378917e-02
4.765361e-02
3.535168e-02
1.575705e-02
-5.366461e-03
-2.059044e-02
-3.028348e-02
-3.614126e-02
-3.808002e-02
-3.743095e-02
-3.541019e-02
-3.110041e-02
-2.183047e-02
-9.736904e-03
2.060995e-03
1.328980e-02
2.290779e-02
3.014541e-02
3.410496e-02
3.455814e-02
3.406007e-02
3.167133e-02
2.412577e-02
1.290111e-02
3.420059e-04
-1.001147e-02
-1.709308e-02
-2.082491e-02
-2.127896e-02
-1.981200e-02
-1.562313e-02
-1.011336e-02
-5.672225e-03
-9.012105e-04
5.106971e-03
8.585006e-03
1.262575e-02
1.724892e-02
2.057865e-02
2.203620e-02
2.401727e-02
2.561087e-02
2.420825e-02
1.986303e-02
1.358164e-02
2.663488e-03
-1.185998e-02
-2.377907e-02
-3.232073e-02
-4.090684e-02
-4.815762e-02
-5.295433e-02
-5.403493e-02
-5.182230e-02
-4.525262e-02
-3.569969e-02
-2.509977e-02
-1.542229e-02
-9.233775e-03
-3.691194e-03
2.063214e-03
3.906450e-03
4.303494e-03
3.832665e-03
2.586562e-03
4.492254e-04
-2.137858e-03
-3.679150e-03
-2.579146e-03
3.968584e-04
4.348350e-03
7.929325e-03
1.010888e-02
1.010272e-02
8.484283e-03
6.382688e-03
4.013734e-03
5.577317e-03
1.013061e-02
1.600854e-02
2.333238e-02
3.019180e-02
3.803445e-02
4.557444e-02
4.907419e-02
4.988432e-02
4.764276e-02
4.089133e-02
2.980706e-02
1.666433e-02
4.151822e-03
-5.000700e-03
-9.342712e-03
-1.255293e-02
-1.453490e-02
-1.457493e-02
-1.430308e-02
-1.441354e-02
-1.464009e-02
-1.497284e-02
-1.585172e-02
-1.851481e-02
-2.768410e-02
-4.457936e-02
-7.008543e-02
-9.403527e-02
-9.373415e-02
-7.886317e-02
-6.252045e-02
-4.500215e-02
-2.601242e-02
-7.576357e-03
8.558597e-03
2.138100e-02
2.754577e-02
2.672731e-02
2.317009e-02
1.844232e-02
1.222690e-02
6.457685e-03
1.553501e-03
-2.644309e-03
-4.521569e-03
-4.368255e-03
-4.112419e-03
-3.714748e-03
-1.076193e-03
2.294120e-03
9.186771e-03
1.971241e-02
2.859660e-02
3.454101e-02
3.783353e-02
3.803317e-02
3.768455e-02
3.693802e-02
3.313497e-02
2.754153e-02
2.228657e-02
1.832090e-02
1.560572e-02
1.172009e-02
5.033124e-03
-2.947364e-03
-1.026391e-02
-1.532114e-02
-1.739410e-02
-1.738841e-02
-1.612357e-02
-1.268608e-02
-8.532651e-03
-4.811558e-03
-2.955201e-03
-3.076804e-03
-3.880126e-03
-6.635141e-03
-1.244712e-02
-2.033708e-02
-3.031629e-02
-4.179758e-02
-5.265783e-02
-5.984687e-02
-6.082504e-02
-5.915199e-02
-5.467657e-02
-4.024029e-02
-2.035235e-02
-1.059978e-03
1.471502e-02
2.709727e-02
3.737622e-02
4.421707e-02
4.919760e-02
5.273094e-02
5.318856e-02
5.149305e-02
4.783772e-02
4.431774e-02
4.341675e-02
4.380869e-02
4.496498e-02
4.904803e-02
5.303659e-02
5.349939e-02
5.163755e-02
4.587345e-02
3.211067e-02
1.335005e-02
-5.242338e-03
-2.256962e-02
-3.724428e-02
-5.015753e-02
-5.903450e-02
-6.738879e-02
-7.508081e-02
-7.771312e-02
-7.655991e-02
-7.316921e-02
-6.610335e-02
-5.832320e-02
-5.386371e-02
-5.071276e-02
-4.702333e-02
-4.340327e-02
-4.015507e-02
-3.625240e-02
-3.162157e-02
-2.517385e-02
-1.342625e-02
-6.745260e-04
1.000221e-02
2.174061e-02
3.071359e-02
3.457029e-02
3.294543e-02
2.604550e-02
1.650404e-02
6.018732e-03
-2.291630e-03
-7.212638e-03
-8.063585e-03
-4.772202e-03
1.095659e-03
8.684415e-03
1.915529e-02
3.249542e-02
4.666683e-02
6.072338e-02
7.421477e-02
8.673667e-02
9.706767e-02
1.052167e-01
1.101508e-01
1.107616e-01
1.073366e-01
9.936623e-02
8.376488e-02
5.413627e-02
1.899150e-02
-3.302089e-03
-1.447426e-02
-2.381189e-02
-3.158109e-02
-3.609546e-02
-3.939169e-02
-4.419920e-02
-4.932331e-02
-5.174825e-02
-5.331057e-02
-5.671159e-02
-5.890424e-02
-5.996183e-02
-6.067516e-02
-5.374359e-02
-3.259741e-02
-5.068224e-03
2.200316e-02
4.279643e-02
5.805351e-02
7.001719e-02
7.978201e-02
8.658457e-02
9.153428e-02
9.613226e-02
9.750707e-02
9.268013e-02
8.021778e-02
5.581002e-02
2.456450e-02
1.224740e-03
-1.343449e-02
-2.676366e-02
-4.610517e-02
-6.458172e-02
-7.577038e-02
-8.073311e-02
-8.383340e-02
-8.745932e-02
-8.945905e-02
-8.834886e-02
-8.626166e-02
-8.187091e-02
-7.481913e-02
-6.652651e-02
-5.445412e-02
-3.996011e-02
-2.599151e-02
-1.532799e-02
-8.470192e-03
-2.098026e-03
4.785909e-03
1.043723e-02
1.178734e-02
1.107535e-02
9.605752e-03
6.251195e-03
2.227739e-03
-1.817070e-03
-6.097843e-03
-1.042202e-02
-1.472060e-02
-1.905225e-02
-2.346624e-02
-2.773032e-02
-2.763654e-02
-2.127649e-02
-1.406198e-02
-5.286342e-03
1.406881e-02
3.829505e-02
5.833466e-02
7.603989e-02
9.382140e-02
1.098019e-01
1.231906e-01
1.338918e-01
1.420079e-01
1.460067e-01
1.470235e-01
1.479652e-01
1.483016e-01
1.481789e-01
1.479097e-01
1.444991e-01
1.305385e-01
9.639700e-02
4.816925e-02
1.315203e-02
-6.557285e-03
-2.166205e-02
-3.789307e-02
-5.528264e-02
-7.141340e-02
-8.033844e-02
-8.453196e-02
-8.930508e-02
-9.478397e-02
-9.913274e-02
-1.019209e-01
-1.044524e-01
-1.072577e-01
-1.102721e-01
-1.133359e-01
-1.162581e-01
-1.187652e-01
-1.210832e-01
-1.224417e-01
-1.220826e-01
-1.213435e-01
-1.184056e-01
-1.000476e-01
-6.904008e-02
-3.922097e-02
-1.558449e-02
6.123528e-03
2.714236e-02
4.625822e-02
6.339616e-02
7.885273e-02
9.227866e-02
1.040986e-01
1.144545e-01
1.223382e-01
1.271969e-01
1.284051e-01
1.230267e-01
1.111063e-01
8.927788e-02
5.479431e-02
1.836246e-02
-1.011489e-02
-3.691906e-02
-6.276189e-02
-8.203628e-02
-9.790540e-02
-1.116158e-01
-1.163680e-01
-1.150324e-01
-1.130752e-01
-1.085986e-01
-1.012964e-01
-8.350810e-02
-5.575179e-02
-3.730397e-02
-2.550348e-02
-7.951231e-04
2.594969e-02
3.650800e-02
3.828133e-02
4.041730e-02
4.131977e-02
3.629711e-02
2.737979e-02
1.744756e-02
7.184737e-03
-3.786514e-03
-1.356993e-02
-2.020600e-02
-2.557691e-02
-2.789159e-02
-2.691804e-02
-2.217354e-02
-1.282394e-02
-1.083949e-03
1.206581e-02
2.453145e-02
3.620030e-02
4.817752e-02
5.706100e-02
6.571340e-02
7.654838e-02
8.642523e-02
9.235681e-02
9.576197e-02
9.759095e-02
9.438659e-02
8.516889e-02
7.165939e-02
5.465951e-02
3.693360e-02
2.039995e-02
3.676562e-03
-1.679662e-02
-3.796267e-02
-5.463458e-02
-7.730978e-02
-1.004345e-01
-1.140717e-01
-1.197385e-01
-1.273224e-01
-1.365601e-01
-1.389940e-01
-1.335955e-01
-1.251652e-01
-1.165613e-01
-1.098379e-01
-1.006854e-01
-8.165048e-02
-4.585293e-02
-1.158417e-02
1.002170e-02
2.689167e-02
4.246675e-02
5.370282e-02
6.059497e-02
6.328722e-02
6.200585e-02
5.757273e-02
4.514957e-02
2.853719e-02
1.787019e-02
1.344349e-02
1.248181e-02
1.628214e-02
2.325578e-02
3.146238e-02
4.065102e-02
5.074157e-02
6.002282e-02
7.022333e-02
8.131747e-02
8.876501e-02
9.049951e-02
8.870747e-02
8.331946e-02
7.368538e-02
6.039933e-02
4.120864e-02
1.667510e-02
-7.521901e-03
-2.960414e-02
-4.952017e-02
-6.754330e-02
-8.070026e-02
-8.691646e-02
-8.854936e-02
-8.788058e-02
-8.718595e-02
-8.546356e-02
-7.974389e-02
-7.209767e-02
-6.530602e-02
-5.972191e-02
-5.428681e-02
-4.817956e-02
-3.995702e-02
-3.031390e-02
-2.070725e-02
-1.072510e-02
-3.006934e-04
8.311143e-03
6.569588e-03
-4.579002e-03
-1.579515e-02
-2.537908e-02
-3.450519e-02
-3.895256e-02
-3.417103e-02
-2.672735e-02
-1.988524e-02
-6.803458e-03
1.216596e-02
2.814561e-02
4.016210e-02
4.982749e-02
5.856705e-02
6.734601e-02
7.386848e-02
7.728131e-02
7.925924e-02
8.001985e-02
7.921356e-02
7.531072e-02
6.806912e-02
5.923734e-02
4.703794e-02
3.293770e-02
2.153642e-02
1.368834e-02
8.127181e-03
2.647794e-03
-5.260456e-03
-1.622415e-02
-2.722671e-02
-3.604329e-02
-4.210577e-02
-4.591451e-02
-4.845442e-02
-4.786704e-02
-4.605204e-02
-4.304046e-02
-3.692482e-02
-2.665706e-02
-1.359667e-02
-4.360387e-04
1.242026e-02
2.567890e-02
3.712482e-02
4.266091e-02
4.558631e-02
4.923813e-02
5.209335e-02
5.304335e-02
5.255896e-02
4.989171e-02
4.273659e-02
3.361573e-02
2.588757e-02
1.681308e-02
8.607492e-03
4.480048e-03
1.014533e-03
-4.131343e-03
-9.121711e-03
-1.222994e-02
-1.518589e-02
-2.000347e-02
-2.540758e-02
-3.034769e-02
-3.412509e-02
-3.663387e-02
-3.899596e-02
-4.115793e-02
-4.048180e-02
-3.570125e-02
-2.907475e-02
-2.261188e-02
-1.768055e-02
-1.563228e-02
-1.616160e-02
-1.815463e-02
-2.137896e-02
-2.676604e-02
-3.429574e-02
-4.138905e-02
-4.770354e-02
-5.260337e-02
-5.448735e-02
-5.224840e-02
-4.536282e-02
-3.478185e-02
-1.929616e-02
-4.062063e-03
4.523258e-03
9.152206e-03
1.501552e-02
1.956787e-02
2.180961e-02
2.420214e-02
2.713673e-02
2.983352e-02
3.249103e-02
3.628712e-02
4.001720e-02
4.222719e-02
4.268520e-02
4.245626e-02
4.157486e-02
4.034807e-02
4.124795e-02
4.245753e-02
4.119635e-02
4.002396e-02
4.017768e-02
3.974356e-02
3.829032e-02
3.865189e-02
3.910700e-02
3.671306e-02
3.327599e-02
2.935794e-02
2.446436e-02
1.573311e-02
4.035286e-03
-8.673750e-03
-2.035252e-02
-3.039511e-02
-3.882300e-02
-4.478661e-02
-4.873564e-02
-4.894322e-02
-4.492900e-02
-3.985609e-02
-3.399609e-02
-2.639772e-02
-1.840311e-02
-1.073237e-02
-3.386041e-03
3.401043e-03
9.091784e-03
1.128604e-02
1.066422e-02
6.512951e-03
-1.746707e-03
-1.409948e-02
-2.964592e-02
-3.774502e-02
-3.959309e-02
-3.883000e-02
-3.394342e-02
-2.498012e-02
-1.674417e-02
-8.535894e-03
1.047238e-03
8.145221e-03
1.292250e-02
1.778039e-02
2.181198e-02
2.311303e-02
2.259593e-02
2.048932e-02
1.572353e-02
9.472794e-03
2.895821e-03
-3.436584e-03
-9.575060e-03
-1.342371e-02
-1.446716e-02
-1.547919e-02
-1.637072e-02
-1.690074e-02
-1.818551e-02
-1.861073e-02
-1.723520e-02
-1.439760e-02
-1.020166e-02
-5.292558e-03
-2.241994e-03
-1.187365e-03
-6.936492e-05
4.335395e-04
3.101734e-04
4.588311e-04
2.020941e-03
4.754440e-03
7.831598e-03
1.179757e-02
1.579147e-02
2.050826e-02
2.386285e-02
2.435880e-02
2.634422e-02
2.854832e-02
2.868632e-02
2.838396e-02
2.844029e-02
2.846579e-02
2.751763e-02
2.506678e-02
2.197512e-02
1.674180e-02
1.059929e-02
7.071398e-03
5.651048e-03
5.506072e-03
6.711292e-03
1.035198e-02
1.564693e-02
2.096576e-02
2.639059e-02
3.352623e-02
4.128079e-02
4.614979e-02
4.761226e-02
4.740062e-02
4.568254e-02
3.950718e-02
2.681602e-02
1.204407e-02
-1.656768e-03
-1.341911e-02
-2.469732e-02
-3.426271e-02
-4.066947e-02
-4.408985e-02
-4.503416e-02
-4.451033e-02
-4.215446e-02
-3.741376e-02
-3.194645e-02
-2.681490e-02
-2.257073e-02
-1.970806e-02
-1.754383e-02
-1.656555e-02
-1.623495e-02
-1.486977e-02
-1.343588e-02
-1.059312e-02
-5.449533e-03
1.080248e-03
7.659508e-03
1.385030e-02
1.889141e-02
2.370197e-02
2.572510e-02
2.525682e-02
2.422258e-02
2.213352e-02
2.040319e-02
1.927178e-02
1.813856e-02
1.646068e-02
1.346856e-02
9.917078e-03
7.500677e-03
3.510726e-03
-1.113012e-03
-4.223707e-03
-7.977975e-03
-1.319451e-02
-1.847971e-02
-2.403927e-02
-3.043234e-02
-3.641893e-02
-4.186262e-02
-4.518089e-02
-4.751313e-02
-4.979835e-02
-5.042593e-02
-4.837227e-02
-4.540952e-02
-4.219273e-02
-3.742212e-02
-3.092379e-02
-2.103661e-02
-8.032913e-03
5.216319e-03
1.746962e-02
2.717256e-02
3.349137e-02
3.645992e-02
3.751003e-02
3.542573e-02
3.010826e-02
2.294811e-02
1.395107e-02
5.252942e-03
-2.347013e-03
-9.225765e-03
-1.464116e-02
-1.856100e-02
-2.116207e-02
-2.208590e-02
-2.052047e-02
-1.734825e-02
-1.282008e-02
-7.024111e-03
-3.582110e-04
5.540940e-03
1.070383e-02
1.477680e-02
1.874830e-02
2.350011e-02
2.707039e-02
2.944296e-02
3.127452e-02
3.169806e-02
3.146986e-02
3.145013e-02
3.160707e-02
3.170495e-02
3.169525e-02
3.168211e-02
3.168782e-02
3.165091e-02
3.080419e-02
2.952908e-02
2.949033e-02
3.098310e-02
3.177678e-02
3.036908e-02
2.941522e-02
2.895208e-02
2.761733e-02
2.707490e-02
2.622834e-02
2.355205e-02
1.881800e-02
1.041469e-02
-6.663678e-04
-1.253181e-02
-2.396912e-02
-3.534779e-02
-4.317921e-02
-4.698465e-02
-5.106812e-02
-5.334861e-02
-5.149482e-02
-4.831045e-02
-4.567165e-02
-4.151815e-02
-3.512205e-02
-3.013456e-02
-2.386469e-02
-1.409027e-02
-6.443714e-03
-2.157280e-03
1.237818e-03
5.928707e-03
9.837408e-03
1.132844e-02
1.319919e-02
1.482253e-02
1.645035e-02
1.857272e-02
1.942694e-02
1.923456e-02
1.913873e-02
1.913455e-02
1.806073e-02
1.534613e-02
1.115205e-02
5.982672e-03
-8.681743e-05
-7.499122e-03
-1.252292e-02
-1.588273e-02
-1.864520e-02
-2.105337e-02
-2.225757e-02
-2.191911e-02
-1.993505e-02
-1.659847e-02
-1.182337e-02
-6.401494e-03
6.319671e-04
8.457029e-03
1.389018e-02
1.711045e-02
1.923223e-02
1.960090e-02
1.701120e-02
1.144619e-02
4.590362e-03
-2.880434e-03
-1.254981e-02
-2.172021e-02
-2.771626e-02
-3.081515e-02
-3.263430e-02
-3.256508e-02
-3.091457e-02
-2.938358e-02
-2.705941e-02
-2.279940e-02
-1.623990e-02
-9.944167e-03
-4.855241e-03
6.643264e-04
7.290459e-03
1.305861e-02
1.825708e-02
2.348554e-02
2.726242e-02
2.941576e-02
3.007511e-02
2.941114e-02
2.668387e-02
2.321125e-02
2.065963e-02
1.740475e-02
1.462202e-02
1.361602e-02
1.416578e-02
1.611986e-02
1.889438e-02
2.168211e-02
2.429746e-02
2.579567e-02
2.568203e-02
2.381081e-02
1.921908e-02
1.163052e-02
1.746405e-03
-7.475905e-03
-1.401938e-02
-1.990520e-02
-2.410220e-02
-2.527863e-02
-2.492472e-02
-2.477033e-02
-2.439528e-02
-2.243343e-02
-2.026057e-02
-1.978209e-02
-1.897654e-02
-1.527994e-02
-1.106984e-02
-8.744432e-03
-7.790468e-03
-5.959152e-03
-3.208198e-03
-5.213980e-04
1.955659e-03
3.320685e-03
2.244102e-03
4.701116e-04
-2.504112e-03
-6.100794e-03
-8.226347e-03
-9.975873e-03
-1.421916e-02
-1.765092e-02
-1.878689e-02
-1.940919e-02
-1.954255e-02
-1.862953e-02
-1.568660e-02
-1.292342e-02
-8.688292e-03
-3.840055e-03
1.408103e-03
7.279885e-03
1.101556e-02
1.285734e-02
1.337442e-02
1.325015e-02
1.320097e-02
1.324056e-02
1.325428e-02
1.314422e-02
1.160291e-02
8.817253e-03
6.104541e-03
4.259471e-03
3.247872e-03
2.102264e-03
1.666985e-03
8.893953e-04
1.257209e-03
3.549309e-03
5.527999e-03
9.148686e-03
1.457310e-02
2.013327e-02
2.550793e-02
3.070234e-02
3.539398e-02
3.728796e-02
3.693792e-02
3.670260e-02
3.617576e-02
3.318757e-02
2.699722e-02
1.802383e-02
7.668816e-03
-2.220011e-03
-9.814604e-03
-1.818837e-02
-2.758411e-02
-3.454857e-02
-4.050447e-02
-4.580553e-02
-4.860673e-02
-4.858756e-02
-4.799667e-02
-4.672143e-02
-4.537932e-02
-4.396909e-02
-4.338543e-02
-4.345350e-02
-4.251097e-02
-4.121179e-02
-4.108380e-02
-4.063712e-02
-3.733511e-02
-3.365797e-02
-3.054296e-02
-2.589230e-02
-2.042334e-02
-1.521692e-02
-1.028606e-02
-6.261227e-03
-1.461739e-03
5.325866e-03
1.139246e-02
1.700291e-02
2.252326e-02
2.661636e-02
3.004919e-02
3.253101e-02
3.336878e-02
3.324655e-02
3.322057e-02
3.333789e-02
3.328740e-02
3.210067e-02
2.955221e-02
2.663112e-02
2.216720e-02
1.548012e-02
8.911136e-03
2.527561e-03
-3.756197e-03
-9.199823e-03
-1.312471e-02
-1.641516e-02
-1.765897e-02
-1.739560e-02
-1.719498e-02
-1.721585e-02
-1.654427e-02
-1.425655e-02
-1.051108e-02
-6.582069e-03
-3.683828e-03
2.031395e-05
3.895073e-03
7.093746e-03
1.219437e-02
1.900960e-02
2.467917e-02
2.944816e-02
3.327975e-02
3.542900e-02
3.457527e-02
3.134312e-02
2.667850e-02
2.076185e-02
1.254168e-02
2.344669e-03
-7.000270e-03
-1.432316e-02
-1.911845e-02
-2.278931e-02
-2.557841e-02
-2.615305e-02
-2.582198e-02
-2.579414e-02
-2.576972e-02
-2.463958e-02
-2.345481e-02
-2.339118e-02
-2.346622e-02
-2.337502e-02
-2.400864e-02
-2.551233e-02
-2.589953e-02
-2.555247e-02
-2.518468e-02
-2.307280e-02
-1.937913e-02
-1.489439e-02
-8.747333e-03
-2.905087e-03
2.321951e-03
7.521105e-03
1.113293e-02
1.258649e-02
1.500452e-02
1.660200e-02
1.645942e-02
1.623939e-02
1.632434e-02
1.636193e-02
1.611704e-02
1.485812e-02
1.315035e-02
1.040308e-02
8.490509e-03
6.611084e-03
4.868890e-03
3.752454e-03
4.066959e-03
6.442840e-03
8.109211e-03
9.845618e-03
1.251758e-02
1.520424e-02
1.671673e-02
1.680936e-02
1.667577e-02
1.645014e-02
1.465592e-02
1.183311e-02
9.214726e-03
6.782045e-03
5.111294e-03
4.090369e-03
4.223149e-03
5.523132e-03
7.041520e-03
8.330526e-03
9.723085e-03
1.020780e-02
1.003594e-02
9.872088e-03
8.632049e-03
5.783036e-03
2.058459e-03
-5.002876e-04
-3.099948e-03
-4.980843e-03
-7.059978e-03
-9.599126e-03
-1.097294e-02
-1.105537e-02
-1.213478e-02
-1.314437e-02
-1.311625e-02
-1.371530e-02
-1.514613e-02
-1.550018e-02
-1.508569e-02
-1.354824e-02
-1.087095e-02
-8.066089e-03
-5.340541e-03
-1.944263e-03
1.969771e-03
3.845390e-03
4.800000e-03
5.806894e-03
5.580758e-03
3.931179e-03
2.513985e-03
5.713307e-04
-1.235381e-03
-2.392479e-03
-3.539483e-03
-5.142862e-03
-7.356225e-03
-8.723586e-03
-1.060535e-02
-1.330978e-02
-1.501439e-02
-1.505112e-02
-1.482660e-02
-1.463662e-02
-1.299649e-02
-1.012412e-02
-6.625642e-03
-2.657073e-03
4.524513e-04
3.855966e-03
7.791678e-03
1.202170e-02
1.684252e-02
2.102215e-02
2.489793e-02
2.793924e-02
3.040580e-02
3.281495e-02
3.412414e-02
3.409291e-02
3.310390e-02
2.923109e-02
2.362879e-02
1.836750e-02
1.339068e-02
8.396959e-03
4.540965e-03
2.285490e-03
1.211072e-03
-4.525774e-05
-7.765455e-04
-6.028752e-04
4.147414e-04
1.702693e-03
1.944045e-03
1.752608e-03
1.745336e-03
1.780773e-03
1.140656e-03
-1.030217e-03
-3.051631e-03
-5.427198e-03
-1.022922e-02
-1.548061e-02
-1.893581e-02
-2.121783e-02
-2.318162e-02
-2.371940e-02
-2.260726e-02
-2.110576e-02
-1.960728e-02
-1.692416e-02
-1.286683e-02
-9.270236e-03
-6.625183e-03
-4.123534e-03
-2.399136e-03
-1.235877e-03
-1.538744e-04
-1.569641e-06
-5.039410e-04
-1.921223e-03
-2.667251e-03
-2.532513e-03
-3.312233e-03
-4.855547e-03
-6.223593e-03
-7.109692e-03
-7.138350e-03
-7.013123e-03
-7.011276e-03
-6.892575e-03
-5.094006e-03
-2.324991e-03
-5.837907e-04
1.670544e-03
4.860362e-03
8.472445e-03
9.711883e-03
1.008926e-02
1.147906e-02
1.295463e-02
1.415626e-02
1.550587e-02
1.680951e-02
1.819534e-02
1.880345e-02
1.870099e-02
1.875262e-02
1.968078e-02
1.980423e-02
1.878663e-02
1.855062e-02
1.874155e-02
1.809625e-02
1.510778e-02
1.084126e-02
6.563924e-03
-4.783757e-04
-8.145727e-03
-1.344011e-02
-1.768412e-02
-2.144473e-02
-2.527639e-02
-2.751560e-02
-2.860391e-02
-2.947279e-02
-2.819077e-02
-2.527858e-02
-2.247397e-02
-1.945110e-02
-1.480224e-02
-9.265234e-03
-4.813538e-03
-1.140573e-03
2.354455e-03
5.079097e-03
7.588407e-03
1.016016e-02
1.270293e-02
1.537914e-02
1.804737e-02
1.956064e-02
2.069634e-02
2.157289e-02
2.159333e-02
2.144291e-02
2.083253e-02
1.869957e-02
1.664538e-02
1.419951e-02
1.062605e-02
7.434890e-03
3.247401e-03
-2.569228e-03
-9.213241e-03
-1.408109e-02
-1.760604e-02
-2.231415e-02
-2.743805e-02
-3.012061e-02
-3.237952e-02
-3.439159e-02
-3.579160e-02
-3.626464e-02
-3.606742e-02
-3.484812e-02
-3.246030e-02
-3.094906e-02
-2.947239e-02
-2.683619e-02
-2.396147e-02
-2.132184e-02
-1.881998e-02
-1.733310e-02
-1.696037e-02
-1.441645e-02
-1.092049e-02
-9.619776e-03
-7.631147e-03
-2.815666e-03
1.959525e-03
4.665011e-03
6.010772e-03
8.507641e-03
1.221370e-02
1.475874e-02
1.579765e-02
1.700354e-02
1.838224e-02
2.071825e-02
2.435320e-02
2.715211e-02
2.843543e-02
2.908706e-02
2.917211e-02
2.912001e-02
2.912545e-02
2.909532e-02
2.812191e-02
2.554095e-02
2.286643e-02
2.132076e-02
1.796817e-02
1.250080e-02
8.383460e-03
6.285767e-03
3.103427e-03
-1.049760e-05
-2.318296e-03
-3.516513e-03
-4.749464e-03
-5.614099e-03
-5.527640e-03
-5.296777e-03
-6.087178e-03
-7.648230e-03
-9.062735e-03
-1.135076e-02
-1.431647e-02
-1.793361e-02
-2.041107e-02
-2.349714e-02
-2.612747e-02
-2.721448e-02
-2.813564e-02
-2.718496e-02
-2.438238e-02
-2.154059e-02
-1.858940e-02
-1.412702e-02
-8.738146e-03
-3.508571e-03
1.516268e-03
5.553585e-03
8.192726e-03
1.060546e-02
1.317882e-02
1.532305e-02
1.645856e-02
1.772155e-02
1.829430e-02
1.902577e-02
2.029253e-02
2.044474e-02
1.881541e-02
1.639769e-02
1.510379e-02
1.389773e-02
1.182968e-02
9.026322e-03
6.310559e-03
2.879900e-03
2.789085e-04
-4.588490e-04
-6.526113e-04
-2.006279e-03
-2.741029e-03
-1.764641e-03
-2.094087e-04
6.267272e-05
-1.867930e-04
-1.916461e-04
-1.195952e-04
-7.687662e-05
-6.030371e-04
-2.123385e-03
-3.445060e-03
-4.632549e-03
-6.034814e-03
-8.441479e-03
-1.117010e-02
-1.371405e-02
-1.623973e-02
-1.878823e-02
-2.075055e-02
-2.179371e-02
-2.199417e-02
-2.096036e-02
-2.058107e-02
-2.013528e-02
-1.740868e-02
-1.565376e-02
-1.465289e-02
-1.198729e-02
-9.172396e-03
-6.630816e-03
-3.926029e-03
-4.640892e-04
2.358927e-03
4.812072e-03
7.419496e-03
1.009872e-02
1.185607e-02
1.296082e-02
1.416510e-02
1.538330e-02
1.505094e-02
1.364007e-02
1.214189e-02
1.163119e-02
1.178115e-02
1.090060e-02
8.501263e-03
7.054571e-03
7.179839e-03
7.379770e-03
7.287158e-03
7.190884e-03
7.207554e-03
6.480171e-03
5.084530e-03
4.621564e-03
3.902257e-03
4.218441e-03
4.725424e-03
3.870900e-03
4.433985e-03
4.534074e-03
4.838087e-03
7.038185e-03
7.753714e-03
7.373124e-03
7.657409e-03
8.730712e-03
8.148552e-03
7.309190e-03
7.371524e-03
7.414285e-03
6.248294e-03
5.052350e-03
5.023742e-03
4.829687e-03
3.442091e-03
2.761417e-03
3.714315e-03
5.196029e-03
5.454079e-03
5.216931e-03
4.908889e-03
4.052873e-03
4.680488e-03
5.504453e-03
5.442337e-03
5.292919e-03
5.441868e-03
6.590248e-03
7.740596e-03
7.790215e-03
7.668694e-03
8.283984e-03
9.759122e-03
1.041271e-02
1.124279e-02
1.242603e-02
1.259985e-02
1.239634e-02
1.198620e-02
1.009393e-02
7.958194e-03
7.526190e-03
6.946485e-03
5.493504e-03
3.966399e-03
3.137756e-03
3.251155e-03
3.365110e-03
2.655046e-03
1.184192e-03
7.907480e-04
1.146208e-03
2.341612e-03
3.440253e-03
3.120840e-03
1.577769e-03
8.525040e-04
3.801095e-04
-1.825820e-03
-5.490165e-03
-8.436016e-03
-1.007763e-02
-1.206523e-02
-1.339516e-02
-1.464958e-02
-1.525216e-02
-1.509990e-02
-1.405566e-02
-1.170556e-02
-1.001960e-02
-8.634458e-03
-6.117471e-03
-3.586790e-03
-2.327301e-03
-1.648791e-03
-1.106020e-03
-1.903777e-03
-3.371032e-03
-3.560897e-03
-3.268095e-03
-3.270833e-03
-3.327092e-03
-2.683003e-03
-1.249649e-03
-8.074174e-04
-1.023829e-03
-1.019551e-03
-9.101158e-04
-9.096233e-04
-9.332925e-04
-9.306679e-04
-9.270510e-04
-9.279962e-04
-8.914815e-04
-8.340549e-04
-8.252455e-04
-8.359410e-04
-8.310282e-04
-3.051725e-04
1.123339e-03
1.682442e-03
1.513485e-03
1.503215e-03
1.573042e-03
1.330130e-03
-3.913353e-05
-1.368049e-03
-2.670613e-03
-3.284849e-03
-3.184442e-03
-2.956595e-03
-1.869771e-03
-7.516000e-04
-3.349965e-04
9.241716e-04
2.321563e-03
3.714793e-03
5.940406e-03
8.581057e-03
1.026992e-02
1.227128e-02
1.336262e-02
1.322342e-02
1.306788e-02
1.310123e-02
1.229938e-02
1.079411e-02
9.191132e-03
7.024508e-03
5.346289e-03
2.344819e-03
-1.127506e-03
-3.683368e-03
-6.073512e-03
-8.659124e-03
-1.114130e-02
-1.240450e-02
-1.262367e-02
-1.382391e-02
-1.469325e-02
-1.455725e-02
-1.449031e-02
-1.548999e-02
-1.693052e-02
-1.824507e-02
-1.945386e-02
-2.077723e-02
-2.160340e-02
-2.217642e-02
-2.271488e-02
-2.180959e-02
-2.124837e-02
-2.136116e-02
-2.143294e-02
-2.107157e-02
-1.968612e-02
-1.886269e-02
-1.820097e-02
-1.592303e-02
-1.280144e-02
-9.179166e-03
-6.417294e-03
-5.825825e-03
-3.786029e-03
-1.647152e-03
-5.650542e-04
1.996122e-03
3.286878e-03
4.666029e-03
7.114552e-03
8.174957e-03
1.042911e-02
1.229334e-02
1.327078e-02
1.588979e-02
1.692628e-02
1.446806e-02
1.178644e-02
1.122053e-02
9.033375e-03
6.264686e-03
3.535682e-03
2.468277e-03
2.736178e-03
2.820356e-03
2.675965e-03
2.655732e-03
2.687851e-03
2.686284e-03
2.705475e-03
2.807503e-03
3.676533e-03
4.857731e-03
3.877729e-03
2.503072e-03
1.694620e-03
-8.909959e-04
-2.357755e-03
-2.816856e-03
-3.879063e-03
-3.318480e-03
-2.966098e-03
-2.659876e-03
-1.921717e-03
-1.253461e-03
7.074412e-04
2.685984e-03
2.990276e-03
2.709677e-03
2.897917e-03
4.586131e-03
6.894467e-03
7.626130e-03
7.364642e-03
7.337765e-03
8.297881e-03
9.457106e-03
8.377923e-03
7.065315e-03
7.113927e-03
6.329188e-03
3.383129e-03
2.222150e-03
2.563863e-03
6.038897e-04
-2.141407e-03
-2.996553e-03
-5.305276e-03
-7.517272e-03
-9.354473e-03
-1.109768e-02
-1.150487e-02
-1.226339e-02
-1.337201e-02
-1.233521e-02
-1.106320e-02
-1.110632e-02
-1.130127e-02
-1.043802e-02
-8.088364e-03
-6.400898e-03
-6.445631e-03
-6.738963e-03
-6.686440e-03
-6.630947e-03
-6.656580e-03
-7.405256e-03
-8.893828e-03
-1.010632e-02
-1.000229e-02
-8.748809e-03
-7.261913e-03
-6.500669e-03
-5.524560e-03
-2.651342e-03
7.105699e-05
2.618968e-03
5.156487e-03
7.676992e-03
1.049180e-02
1.260880e-02
1.438293e-02
1.631290e-02
1.753195e-02
1.784550e-02
1.770566e-02
1.750465e-02
1.669195e-02
1.642915e-02
1.612249e-02
1.420431e-02
1.199523e-02
1.007973e-02
7.540407e-03
5.738670e-03
3.730845e-03
2.543594e-03
2.289296e-03
6.333522e-04
-1.618668e-03
-2.161597e-03
-1.881678e-03
-1.829118e-03
-9.777890e-04
-8.200907e-04
-1.841420e-03
-2.061767e-03
-1.849908e-03
-1.839755e-03
-1.891753e-03
-1.885864e-03
-1.879775e-03
-1.917641e-03
-1.863203e-03
-1.466620e-03
2.669374e-04
2.996617e-03
5.677966e-03
7.474526e-03
9.433902e-03
1.188891e-02
1.236062e-02
1.202464e-02
1.205390e-02
1.212226e-02
1.151570e-02
1.003788e-02
9.527646e-03
9.801290e-03
9.877338e-03
9.567814e-03
8.197658e-03
7.235276e-03
6.320433e-03
3.551509e-03
1.538570e-03
-5.236141e-04
-4.072285e-03
-6.702254e-03
-6.970302e-03
-8.174271e-03
-1.059043e-02
-1.143289e-02
-1.171282e-02
-1.298363e-02
-1.358511e-02
-1.443721e-02
-1.562814e-02
-1.576036e-02
-1.554682e-02
-1.510750e-02
-1.367766e-02
-1.224297e-02
-1.103242e-02
-1.062245e-02
-8.559875e-03
-5.763747e-03
-2.325633e-03
2.796823e-03
7.186047e-03
9.361113e-03
1.241562e-02
1.477044e-02
1.571657e-02
1.546164e-02
1.412323e-02
1.262379e-02
1.203773e-02
1.215498e-02
1.141475e-02
9.094703e-03
7.279400e-03
5.945519e-03
3.781268e-03
2.641083e-03
2.825041e-03
2.982816e-03
2.908725e-03
2.918077e-03
3.000291e-03
3.016217e-03
3.000833e-03
3.000273e-03
2.990001e-03
2.907830e-03
1.605492e-03
-1.311893e-03
-3.971432e-03
-6.422290e-03
-9.026618e-03
-1.149636e-02
-1.419206e-02
-1.577372e-02
-1.563423e-02
-1.537839e-02
-1.464712e-02
-1.237972e-02
-1.064111e-02
-1.029484e-02
-8.141259e-03
-6.014807e-03
-5.080746e-03
-2.496503e-03
-1.092890e-03
3.667031e-04
2.903029e-03
3.478254e-03
3.283431e-03
4.223530e-03
3.836503e-03
2.886937e-03
2.872144e-03
3.087080e-03
3.039085e-03
1.955187e-03
8.290948e-04
1.759603e-03
2.037229e-03
2.409686e-03
3.071191e-03
3.162930e-03
2.964774e-03
8.797660e-04
-1.631049e-03
-1.823285e-03
-2.036259e-03
-4.833441e-03
-6.556674e-03
-6.867846e-03
-8.074080e-03
-9.530947e-03
-1.068509e-02
-1.082856e-02
-1.066599e-02
-1.034080e-02
-8.934611e-03
-7.533261e-03
-6.187831e-03
-5.731986e-03
-5.891706e-03
-5.986332e-03
-5.994348e-03
-5.975972e-03
-5.864895e-03
-5.770297e-03
-4.728572e-03
-1.855505e-03
7.751304e-05
1.974287e-03
3.768105e-03
6.145488e-03
8.706010e-03
1.148499e-02
1.309664e-02
1.402339e-02
1.671537e-02
1.785612e-02
1.570586e-02
1.287574e-02
1.220906e-02
9.736061e-03
4.931202e-03
2.168261e-03
-1.036384e-04
-1.314308e-03
-2.669309e-03
-5.272285e-03
-5.989021e-03
-5.553893e-03
-5.384080e-03
-5.401117e-03
-4.988484e-03
-3.062643e-03
-9.979941e-04
-5.777537e-04
-7.491952e-04
-7.248006e-04
-6.738598e-04
-4.585846e-04
1.172629e-03
3.558220e-03
4.358323e-03
5.465710e-03
8.155184e-03
9.025649e-03
8.610704e-03
8.791271e-03
9.899594e-03
9.485572e-03
8.585631e-03
8.593169e-03
8.763502e-03
8.730408e-03
8.701076e-03
8.763925e-03
8.820803e-03
8.818672e-03
8.809996e-03
8.824102e-03
9.486718e-03
1.092557e-02
1.047124e-02
8.858260e-03
8.625743e-03
8.965236e-03
8.347148e-03
5.964951e-03
5.744709e-03
6.716183e-03
6.076340e-03
5.288642e-03
5.299152e-03
4.503769e-03
4.183793e-03
4.444741e-03
4.559934e-03
3.460639e-03
5.851382e-04
-5.170693e-04
-1.025108e-04
-1.883877e-04
-2.553648e-03
-4.895007e-03
-4.946079e-03
-4.566637e-03
-4.655892e-03
-5.998841e-03
-8.810257e-03
-9.765025e-03
-1.053220e-02
-1.392554e-02
-1.695000e-02
-1.977036e-02
-2.304544e-02
-2.572218e-02
-2.747534e-02
-2.861301e-02
-3.070293e-02
-3.230659e-02
-3.216153e-02
-3.042160e-02
-2.811665e-02
-2.638118e-02
-2.361122e-02
-2.088348e-02
-1.826856e-02
-1.569197e-02
-1.317127e-02
-1.045125e-02
-8.329207e-03
-6.923145e-03
-5.741942e-03
-4.852520e-03
-4.215557e-03
-3.228833e-03
-1.894973e-03
-5.175388e-04
5.062966e-04
5.471787e-04
4.177868e-04
1.017244e-03
3.107843e-03
5.106266e-03
5.539738e-03
7.453175e-03
9.954377e-03
1.017067e-02
1.057391e-02
1.350137e-02
1.501707e-02
1.462652e-02
1.441451e-02
1.454692e-02
1.457462e-02
1.453910e-02
1.453656e-02
1.373417e-02
1.088587e-02
8.228077e-03
5.778935e-03
5.058574e-03
4.263286e-03
1.947200e-03
5.766510e-04
7.576731e-04
6.062777e-04
-8.509731e-04
-1.609175e-03
-2.144593e-03
-3.367545e-03
-3.740352e-03
-3.363158e-03
-1.823089e-03
4.853780e-04
1.407715e-03
1.242524e-03
2.675243e-03
5.598182e-03
7.426643e-03
9.437640e-03
1.073820e-02
1.068299e-02
1.049171e-02
1.054617e-02
1.058378e-02
9.816404e-03
7.530416e-03
5.789328e-03
4.546629e-03
2.130505e-03
-6.616018e-04
-2.796114e-03
-3.862594e-03
-5.673760e-03
-7.646618e-03
-7.970279e-03
-7.589105e-03
-7.476624e-03
-7.535342e-03
-7.539735e-03
-7.093393e-03
-5.094806e-03
-2.889783e-03
-9.807626e-04
1.484641e-03
2.299505e-03
3.439768e-03
5.806620e-03
6.866238e-03
6.627473e-03
6.498183e-03
6.583014e-03
6.602919e-03
6.624869e-03
6.679925e-03
6.691183e-03
6.682000e-03
6.676527e-03
6.166954e-03
4.166364e-03
2.211284e-03
1.961350e-03
2.244167e-03
2.238704e-03
2.228470e-03
2.303377e-03
2.375283e-03
2.398325e-03
2.392397e-03
2.391066e-03
2.393873e-03
2.057835e-03
-4.038873e-04
-2.504345e-03
-2.435313e-03
-3.146131e-03
-6.064827e-03
-7.225245e-03
-7.719050e-03
-9.932469e-03
-1.153391e-02
-1.138799e-02
-1.109951e-02
-1.117288e-02
-1.120097e-02
-1.111110e-02
-1.107824e-02
-1.109415e-02
-1.098837e-02
-9.685452e-03
-7.232687e-03
-5.457848e-03
-2.912689e-03
-8.397418e-04
1.043851e-03
2.797539e-03
3.127748e-03
2.890937e-03
2.977961e-03
2.675273e-03
1.197195e-05
-1.886546e-03
-1.651736e-03
-1.351911e-03
-1.463239e-03
-1.513119e-03
-1.472116e-03
-1.416302e-03
-1.147143e-03
-1.398072e-04
-1.295252e-04
3.661365e-04
1.689118e-03
3.126390e-03
2.628852e-03
1.309465e-03
2.284752e-03
3.692070e-03
3.691361e-03
2.397030e-03
-4.151179e-04
-1.481928e-03
-1.087733e-03
-1.064748e-03
-2.421599e-03
-4.549374e-03
-4.619601e-03
-4.831072e-03
-5.601098e-03
-5.651236e-03
-5.435669e-03
-5.425260e-03
-5.467894e-03
-5.460771e-03
-5.450577e-03
-5.452675e-03
-5.435583e-03
-5.360708e-03
-5.927854e-03
-7.432710e-03
-8.758352e-03
-9.805873e-03
-9.970023e-03
-9.812502e-03
-9.436365e-03
-8.445524e-03
-7.973303e-03
-5.892976e-03
-4.690668e-03
-4.881037e-03
-3.895655e-03
-1.412498e-03
1.335080e-04
1.286054e-03
2.469383e-03
3.888285e-03
4.528207e-03
4.436085e-03
4.416004e-03
4.477375e-03
4.655188e-03
6.144553e-03
8.509175e-03
9.451886e-03
9.282636e-03
9.212060e-03
9.241490e-03
8.364741e-03
7.019382e-03
6.677262e-03
5.720141e-03
4.673150e-03
4.647615e-03
4.325789e-03
2.902257e-03
1.564262e-03
3.947494e-04
1.891601e-04
4.048305e-04
4.352607e-04
4.438847e-04
4.841482e-04
-5.449442e-05
-1.499850e-03
-2.001369e-03
-2.666155e-03
-4.005526e-03
-4.300028e-03
-4.007993e-03
-3.886217e-03
-3.902621e-03
-3.896190e-03
-3.198348e-03
-9.181519e-04
9.490321e-04
1.249007e-03
2.196454e-03
3.655926e-03
5.077766e-03
6.213929e-03
7.584596e-03
8.138828e-03
8.965074e-03
1.131245e-02
1.285850e-02
1.303608e-02
1.417038e-02
1.560966e-02
1.703605e-02
1.831970e-02
1.967294e-02
1.999872e-02
1.963712e-02
1.839344e-02
1.744932e-02
1.712265e-02
1.585349e-02
1.450580e-02
1.325628e-02
1.201733e-02
1.067527e-02
9.226984e-03
6.850150e-03
4.178931e-03
1.607170e-03
-9.372784e-04
-4.070865e-03
-8.014547e-03
-1.019792e-02
-1.118794e-02
-1.331064e-02
-1.463161e-02
-1.404869e-02
-1.286819e-02
-1.295370e-02
-1.150523e-02
-8.623825e-03
-6.917993e-03
-5.688547e-03
-3.259838e-03
-7.725422e-04
1.781992e-05
3.150102e-04
1.764127e-03
3.285654e-03
4.506504e-03
4.873318e-03
5.990763e-03
7.406503e-03
8.793652e-03
8.959318e-03
7.450393e-03
6.021572e-03
3.961157e-03
2.296739e-03
9.462287e-04
-1.251020e-03
-2.652593e-03
-3.795555e-03
-4.462801e-03
-4.977720e-03
-5.499554e-03
-4.638113e-03
-4.954995e-03
-5.153455e-03
-4.515500e-03
-5.239506e-03
-5.334038e-03
-5.876708e-03
-6.418674e-03
-6.338323e-03
-6.183870e-03
-6.199951e-03
-6.226039e-03
-6.215593e-03
-6.209091e-03
-6.165440e-03
-6.040678e-03
-5.990199e-03
-5.919193e-03
-4.801726e-03
-3.524114e-03
-3.129582e-03
-2.362896e-03
-2.389959e-03
-1.695299e-03
-1.022546e-03
-2.480937e-04
-2.366067e-05
-8.818650e-04
-1.457854e-04
-9.784507e-05
-1.008497e-03
-1.158082e-03
-1.629603e-03
-3.078752e-03
-3.565262e-03
-4.273078e-03
-5.467392e-03
-5.658763e-03
-5.026945e-03
-3.550970e-03
-2.872496e-03
-3.047906e-03
-3.022656e-03
-1.888484e-03
-7.766697e-04
-1.633526e-03
-1.854714e-03
-2.229968e-03
-3.429009e-03
-4.849587e-03
-5.251973e-03
-5.065649e-03
-5.028751e-03
-5.078310e-03
-5.076675e-03
-4.873319e-03
-4.806094e-03
-4.064283e-03
-2.639356e-03
-2.174312e-03
-2.314696e-03
-2.150675e-03
-5.860212e-04
1.771507e-03
2.632895e-03
2.426694e-03
2.494295e-03
3.369341e-03
4.762399e-03
5.162091e-03
4.979382e-03
4.949974e-03
5.422124e-03
6.882412e-03
7.584054e-03
7.391916e-03
7.285290e-03
7.446120e-03
8.433177e-03
8.383302e-03
7.382755e-03
7.269197e-03
7.479066e-03
7.403666e-03
6.429411e-03
5.140918e-03
4.836237e-03
3.789242e-03
2.388506e-03
1.085400e-03
4.987855e-04
-4.114539e-05
-2.058516e-03
-3.805314e-03
-4.054598e-03
-4.995007e-03
-6.273801e-03
-7.556016e-03
-8.154770e-03
-8.584736e-03
-9.745905e-03
-1.013401e-02
-9.984826e-03
-1.092925e-02
-1.199888e-02
-1.152411e-02
-9.414109e-03
-7.290196e-03
-5.369466e-03
-2.032832e-03
9.144244e-04
3.200437e-03
5.621808e-03
8.209491e-03
1.062434e-02
1.291496e-02
1.526107e-02
1.748477e-02
1.865968e-02
1.855627e-02
1.825190e-02
1.814784e-02
1.806860e-02
1.732871e-02
1.585357e-02
1.530059e-02
1.457266e-02
1.418814e-02
1.380400e-02
1.293630e-02
1.238149e-02
1.113714e-02
1.033407e-02
9.680363e-03
8.396059e-03
6.987641e-03
5.850996e-03
4.378390e-03
2.065965e-03
1.632184e-04
-8.040001e-04
-2.501644e-03
-4.087207e-03
-5.060556e-03
-6.003532e-03
-7.082543e-03
-8.028323e-03
-8.740804e-03
-8.012701e-03
-7.313909e-03
-7.350211e-03
-7.390381e-03
-7.207637e-03
-6.868958e-03
-5.797995e-03
-4.987444e-03
-4.567885e-03
-3.508406e-03
-2.954102e-03
-2.367486e-03
-1.401338e-03
-1.118906e-03
-9.772485e-04
4.266548e-05
7.336083e-04
6.529492e-04
1.131585e-03
2.461812e-03
3.284909e-03
3.667599e-03
3.826539e-03
4.012311e-03
4.959596e-03
4.962226e-03
3.651779e-03
2.526400e-03
1.721953e-03
1.296971e-03
-2.812464e-04
-1.142643e-03
-1.430872e-03
-2.188709e-03
-3.251577e-03
-3.539187e-03
-3.390242e-03
-4.032887e-03
-4.905438e-03
-5.089870e-03
-5.733905e-03
-6.289227e-03
-6.203228e-03
-6.539901e-03
-7.957460e-03
-9.041371e-03
-9.629007e-03
-1.002859e-02
-9.894176e-03
-9.636323e-03
-9.477889e-03
-9.309696e-03
-8.609139e-03
-7.005561e-03
-5.782984e-03
-4.967152e-03
-4.150454e-03
-3.252087e-03
-2.467217e-03
-1.606919e-03
-8.666079e-04
-1.122204e-04
9.683958e-05
-9.610708e-06
-1.197282e-05
1.617771e-04
8.900426e-04
1.405785e-03
1.330022e-03
1.204206e-03
1.186018e-03
1.157834e-03
1.020402e-03
3.542489e-04
-1.957093e-04
-1.868843e-04
-1.159431e-04
-1.642602e-04
-5.815267e-04
-1.271392e-03
-1.412358e-03
-1.283347e-03
-1.255603e-03
-1.411468e-03
-2.016602e-03
-2.341841e-03
-2.521548e-03
-3.069711e-03
-3.220631e-03
-2.976575e-03
-2.361880e-03
-1.816991e-03
-1.711772e-03
-1.531403e-03
-8.612432e-04
-5.367939e-04
-5.707453e-04
-1.595226e-04
3.256422e-04
-5.644136e-05
-4.615004e-05
1.923388e-04
-3.406958e-04
-9.181516e-04
-1.339206e-03
-1.762160e-03
-2.504595e-03
-2.975245e-03
-3.357992e-03
-3.962580e-03
-4.112057e-03
-3.860674e-03
-3.652072e-03
-3.508035e-03
-3.296679e-03
-2.708956e-03
-1.832833e-03
-1.299803e-03
-7.356142e-04
-5.249289e-05
3.573062e-04
9.140815e-04
1.383623e-03
1.394801e-03
1.025210e-03
7.150200e-04
7.190271e-04
6.641818e-04
3.323299e-04
2.094574e-04
2.896736e-04
3.369055e-04
3.499809e-04
3.778729e-04
4.830352e-04
7.790073e-04
9.365642e-04
9.212720e-04
1.059207e-03
1.308586e-03
1.326258e-03
1.103222e-03
1.097000e-03
1.254278e-03
1.249454e-03
1.099947e-03
9.819452e-04
9.833930e-04
8.607119e-04
7.997827e-04
8.147717e-04
8.176101e-04
8.072602e-04
8.043793e-04
8.047618e-04
7.146767e-04
5.615316e-04
5.380146e-04
5.740358e-04
5.874617e-04
5.653723e-04
4.487237e-04
3.950046e-04
4.328890e-04
4.671197e-04
4.911017e-04
5.183002e-04
5.390798e-04
5.555500e-04
5.725098e-04
6.226637e-04
7.237124e-04
7.602617e-04
7.480894e-04
7.446587e-04
7.479516e-04
7.479916e-04
7.487032e-04
7.487029e-04
7.472648e-04
7.787263e-04
8.626389e-04
9.140358e-04
9.383077e-04
9.907598e-04
1.046179e-03
1.082256e-03
1.101718e-03
1.095410e-03
1.064355e-03
1.053784e-03
1.027053e-03
9.599125e-04
8.837211e-04
7.983850e-04
7.181402e-04
6.350319e-04
5.622938e-04
5.083031e-04
4.595243e-04
4.117720e-04
3.601224e-04
3.280848e-04
3.093109e-04
2.768369e-04
2.445773e-04
2.324936e-04
2.279885e-04
2.210461e-04
2.129168e-04
2.054924e-04
1.984950e-04
1.916455e-04
1.850393e-04
1.787054e-04
1.726323e-04
1.670543e-04
1.616701e-04
1.561281e-04
1.507207e-04
1.455758e-04
1.406298e-04
1.358583e-04
1.312680e-04
1.269954e-04
1.240639e-04
1.218773e-04
1.172636e-04
1.123254e-04
1.074872e-04
1.030035e-04
9.887928e-05
9.476953e-05
9.106241e-05
8.758538e-05
8.471090e-05
8.221544e-05
7.952049e-05
7.688844e-05
7.458812e-05
7.234468e-05
7.002375e-05
6.769251e-05
6.531857e-05
6.289526e-05
6.043631e-05
5.797064e-05
5.552372e-05
5.309712e-05
5.068991e-05
4.830318e-05
4.593782e-05
4.359461e-05
4.127432e-05
3.897714e-05
3.670373e-05
