0.01 0 -0
0.02 0 -0
0.03 0 -0
0.04 0.00653783 -0.000121172
0.05 0.0166716 -0.000308991
0.06 -0.0329924 0.00061148
0.07 -0.156772 0.0029056
0.08 -0.383085 0.00710008
0.09 -0.755124 0.0139954
0.1 -1.30428 0.0241734
0.11 -2.03602 0.0377356
0.12 -2.92461 0.0542046
0.13 -3.96351 0.0734595
0.14 -5.03426 0.0933047
0.15 -6.07141 0.112527
0.16 -7.03203 0.130331
0.17 -7.89369 0.146301
0.18 -8.68003 0.160875
0.19 -9.37995 0.173848
0.2 -9.9979 0.185301
0.21 -10.5356 0.195267
0.22 -11.006 0.203985
0.23 -11.431 0.211861
0.24 -11.8053 0.218798
0.25 -12.1246 0.224716
0.26 -12.4087 0.229983
0.27 -12.6621 0.23468
0.28 -12.8777 0.238675
0.29 -13.0627 0.242103
0.3 -13.2254 0.24512
0.31 -13.3721 0.247838
0.32 -13.4964 0.250143
0.33 -13.5898 0.251873
0.34 -13.6617 0.253206
0.35 -13.7204 0.254293
0.36 -13.76 0.255028
0.37 -13.7598 0.255024
0.38 -13.752 0.25488
0.39 -13.749 0.254824
0.4 -13.7565 0.254962
0.41 -13.7727 0.255263
0.42 -13.7961 0.255696
0.43 -13.8389 0.256489
0.44 -13.9079 0.257768
0.45 -14.0137 0.259729
0.46 -14.1516 0.262286
0.47 -14.3216 0.265436
0.48 -14.5153 0.269025
0.49 -14.7324 0.27305
0.5 -14.9663 0.277385
0.51 -15.2109 0.281917
0.52 -15.4607 0.286548
0.53 -15.71 0.291169
0.54 -15.9663 0.295918
0.55 -16.2275 0.300759
0.56 -16.4832 0.3055
0.57 -16.7316 0.310103
0.58 -16.9788 0.314685
0.59 -17.2183 0.319123
0.6 -17.4493 0.323404
0.61 -17.6748 0.327584
0.62 -17.8822 0.331428
0.63 -18.084 0.335169
0.64 -18.2756 0.338719
0.65 -18.4513 0.341976
0.66 -18.6186 0.345077
0.67 -18.7722 0.347923
0.68 -18.9101 0.35048
0.69 -19.0355 0.352804
0.7 -19.148 0.354888
0.71 -19.2412 0.356616
0.72 -19.3175 0.35803
0.73 -19.3768 0.359129
0.74 -19.4186 0.359903
0.75 -19.4468 0.360427
0.76 -19.4649 0.360762
0.77 -19.4744 0.360938
0.78 -19.4569 0.360613
0.79 -19.4093 0.359731
0.8 -19.3491 0.358616
0.81 -19.2782 0.357301
0.82 -19.1918 0.3557
0.83 -19.0836 0.353695
0.84 -18.9557 0.351324
0.85 -18.8138 0.348695
0.86 -18.6588 0.345822
0.87 -18.4972 0.342826
0.88 -18.3316 0.339756
0.89 -18.1622 0.336618
0.9 -17.9904 0.333433
0.91 -17.8164 0.330209
0.92 -17.6431 0.326996
0.93 -17.473 0.323844
0.94 -17.3098 0.320819
0.95 -17.1525 0.317905
0.96 -17.0083 0.31523
0.97 -16.8705 0.312677
0.98 -16.7539 0.310516
0.99 -16.7362 0.310187
1 -16.7656 0.310732
1.01 -16.9346 0.313865
1.02 -17.677 0.327625
1.03 -18.7973 0.348388
1.04 -20.08 0.372161
1.05 -20.1655 0.373746
1.06 -20.2365 0.375062
1.07 -20.5062 0.38006
1.08 -20.6156 0.382088
1.09 -21.0092 0.389383
1.1 -21.3899 0.39644
1.11 -21.8671 0.405285
1.12 -22.2524 0.412426
1.13 -22.6542 0.419871
1.14 -23.0961 0.428062
1.15 -23.54 0.436289
1.16 -23.9309 0.443535
1.17 -24.2747 0.449907
1.18 -24.6067 0.45606
1.19 -24.9433 0.462299
1.2 -25.2486 0.467956
1.21 -25.502 0.472654
1.22 -25.731 0.476897
1.23 -25.952 0.480994
1.24 -26.1656 0.484953
1.25 -26.3367 0.488123
1.26 -26.4761 0.490707
1.27 -26.6034 0.493066
1.28 -26.7355 0.495514
1.29 -26.8499 0.497636
1.3 -26.9295 0.49911
1.31 -26.9858 0.500154
1.32 -27.0397 0.501154
1.33 -27.0931 0.502142
1.34 -27.1314 0.502852
1.35 -27.1518 0.50323
1.36 -27.1606 0.503394
1.37 -27.1654 0.503482
1.38 -27.1537 0.503267
1.39 -27.1163 0.502572
1.4 -27.0517 0.501376
1.41 -26.9678 0.49982
1.42 -26.8814 0.498219
1.43 -26.7929 0.496578
1.44 -26.6999 0.494856
1.45 -26.6039 0.493075
1.46 -26.512 0.491373
1.47 -26.425 0.48976
1.48 -26.3494 0.488359
1.49 -26.3067 0.487567
1.5 -26.3247 0.487902
1.51 -26.3724 0.488784
1.52 -26.8325 0.497313
1.53 -27.1816 0.503783
1.54 -27.217 0.504439
1.55 -27.3214 0.506373
1.56 -27.451 0.508776
1.57 -27.6558 0.512571
1.58 -27.9 0.517098
1.59 -28.246 0.523511
1.6 -28.6495 0.530989
1.61 -29.0647 0.538684
1.62 -29.458 0.545974
1.63 -29.8423 0.553096
1.64 -30.2261 0.560209
1.65 -30.5802 0.566772
1.66 -30.8882 0.572481
1.67 -31.1514 0.577359
1.68 -31.3881 0.581745
1.69 -31.6002 0.585676
1.7 -31.7797 0.589005
1.71 -31.9078 0.591378
1.72 -32.0115 0.593299
1.73 -32.1022 0.59498
1.74 -32.1654 0.596152
1.75 -32.1824 0.596467
1.76 -32.1693 0.596225
1.77 -32.127 0.595441
1.78 -32.0327 0.593692
1.79 -31.866 0.590603
1.8 -31.6215 0.586072
1.81 -31.3257 0.580589
1.82 -31.0034 0.574616
1.83 -30.652 0.568103
1.84 -30.2569 0.56078
1.85 -29.8136 0.552565
1.86 -29.3383 0.543754
1.87 -28.8516 0.534734
1.88 -28.3531 0.525495
1.89 -27.8381 0.515951
1.9 -27.3112 0.506184
1.91 -26.7823 0.496382
1.92 -26.2516 0.486545
1.93 -25.7135 0.476573
1.94 -25.1713 0.466524
1.95 -24.6322 0.456532
1.96 -24.1023 0.446711
1.97 -23.5806 0.437043
1.98 -23.0674 0.427531
1.99 -22.5694 0.4183
2 -22.0934 0.409478
2.01 -21.6462 0.401189
2.02 -21.2251 0.393386
2.03 -20.8284 0.386033
2.04 -20.4597 0.379199
2.05 -20.1738 0.3739
2.06 -19.9664 0.370057
2.07 -19.8996 0.368818
2.08 -20.1473 0.37341
2.09 -20.5637 0.381126
2.1 -21.7731 0.403541
2.11 -23.8754 0.442505
2.12 -26.781 0.496358
2.13 -29.9404 0.554914
2.14 -32.4308 0.601072
2.15 -32.632 0.6048
2.16 -32.8177 0.608242
2.17 -33.1534 0.614464
2.18 -33.3439 0.617995
2.19 -33.8961 0.628229
2.2 -34.3044 0.635797
2.21 -34.7626 0.644289
2.22 -34.9849 0.64841
2.23 -35.3155 0.654537
2.24 -35.6705 0.661115
2.25 -35.9838 0.666922
2.26 -36.1781 0.670524
2.27 -36.3379 0.673486
2.28 -36.5249 0.676952
2.29 -36.7298 0.680748
2.3 -36.8691 0.683331
2.31 -36.9238 0.684344
2.32 -37.0024 0.685801
2.33 -37.0907 0.687437
2.34 -37.1775 0.689046
2.35 -37.1978 0.689423
2.36 -37.1979 0.689424
2.37 -37.1978 0.689422
2.38 -37.1757 0.689014
2.39 -37.1247 0.688068
2.4 -37.0378 0.686457
2.41 -36.9364 0.684578
2.42 -36.832 0.682642
2.43 -36.7093 0.680369
2.44 -36.5565 0.677537
2.45 -36.3847 0.674352
2.46 -36.207 0.671059
2.47 -36.0241 0.66767
2.48 -35.8273 0.664022
2.49 -35.6164 0.660112
2.5 -35.4058 0.656209
2.51 -35.2035 0.65246
2.52 -34.9926 0.648551
2.53 -34.7969 0.644924
2.54 -34.6424 0.64206
2.55 -34.5149 0.639698
2.56 -34.4965 0.639357
2.57 -34.5728 0.640772
2.58 -34.9654 0.648047
2.59 -36.0294 0.667767
2.6 -37.545 0.695858
2.61 -37.4469 0.694039
2.62 -37.333 0.691929
2.63 -37.5189 0.695374
2.64 -37.6246 0.697334
2.65 -38.0467 0.705157
2.66 -38.2715 0.709323
2.67 -38.5324 0.714159
2.68 -38.8045 0.719202
2.69 -39.2026 0.726579
2.7 -39.541 0.732851
2.71 -39.792 0.737503
2.72 -39.9827 0.741038
2.73 -40.2104 0.745258
2.74 -40.4433 0.749575
2.75 -40.599 0.75246
2.76 -40.6876 0.754102
2.77 -40.7523 0.755302
2.78 -40.8368 0.756868
2.79 -40.8908 0.757869
2.8 -40.8879 0.757815
2.81 -40.8126 0.756419
2.82 -40.6975 0.754286
2.83 -40.5415 0.751394
2.84 -40.3283 0.747444
2.85 -40.0503 0.74229
2.86 -39.7181 0.736134
2.87 -39.3334 0.729004
2.88 -38.8774 0.720552
2.89 -38.3429 0.710647
2.9 -37.7351 0.69938
2.91 -37.0856 0.687343
2.92 -36.4193 0.674995
2.93 -35.7317 0.662251
2.94 -35.0236 0.649125
2.95 -34.3038 0.635786
2.96 -33.5783 0.622338
2.97 -32.8481 0.608805
2.98 -32.1145 0.59521
2.99 -31.3845 0.581679
3 -30.6667 0.568375
3.01 -29.9715 0.55549
3.02 -29.3036 0.543112
3.03 -28.6364 0.530745
3.04 -27.9803 0.518586
3.05 -27.3767 0.507399
3.06 -26.8235 0.497146
3.07 -26.2896 0.487251
3.08 -25.7904 0.477998
3.09 -25.4102 0.470951
3.1 -25.1164 0.465506
3.11 -24.9842 0.463056
3.12 -25.2711 0.468373
3.13 -26.0247 0.482341
3.14 -27.2253 0.504594
3.15 -29.5394 0.547483
3.16 -32.5961 0.604134
3.17 -35.1432 0.651343
3.18 -37.3573 0.692379
3.19 -40.0104 0.741551
3.2 -41.5701 0.770458
3.21 -42.088 0.780057
3.22 -42.19 0.781947
3.23 -42.005 0.778519
3.24 -42.1821 0.781801
3.25 -42.7946 0.793154
3.26 -43.1575 0.79988
3.27 -43.1584 0.799897
3.28 -43.2316 0.801253
3.29 -43.497 0.806173
3.3 -43.9267 0.814136
3.31 -44.0265 0.815985
3.32 -43.9787 0.8151
3.33 -44.0903 0.817168
3.34 -44.2973 0.821004
3.35 -44.4705 0.824215
3.36 -44.4389 0.823629
3.37 -44.3896 0.822715
3.38 -44.4745 0.824288
3.39 -44.5742 0.826136
3.4 -44.5772 0.826193
3.41 -44.4967 0.824701
3.42 -44.4665 0.824141
3.43 -44.5261 0.825245
3.44 -44.5655 0.825976
3.45 -44.5304 0.825325
3.46 -44.4832 0.82445
3.47 -44.4932 0.824635
3.48 -44.5348 0.825406
3.49 -44.5395 0.825494
3.5 -44.5029 0.824814
3.51 -44.4846 0.824475
3.52 -44.5062 0.824876
3.53 -44.5315 0.825345
3.54 -44.5041 0.824838
3.55 -44.4685 0.824177
3.56 -44.4597 0.824015
3.57 -44.4604 0.824027
3.58 -44.5214 0.825158
3.59 -44.569 0.82604
3.6 -44.5179 0.825093
3.61 -44.5398 0.825499
3.62 -44.5483 0.825657
3.63 -44.4968 0.824702
3.64 -44.5696 0.826052
3.65 -44.571 0.826078
3.66 -44.6067 0.826739
3.67 -44.6758 0.82802
3.68 -44.8439 0.831135
3.69 -45.0158 0.83432
3.7 -45.1657 0.837099
3.71 -45.3334 0.840207
3.72 -45.4879 0.84307
3.73 -45.6695 0.846436
3.74 -45.7937 0.84874
3.75 -45.9004 0.850716
3.76 -45.9607 0.851835
3.77 -46.0268 0.853059
3.78 -46.0785 0.854018
3.79 -46.0821 0.854083
3.8 -46.0788 0.854024
3.81 -46.0688 0.853838
3.82 -46.0731 0.853918
3.83 -46.0751 0.853954
3.84 -46.0718 0.853893
3.85 -46.068 0.853824
3.86 -46.0631 0.853733
3.87 -46.0615 0.853703
3.88 -46.0591 0.853658
3.89 -46.055 0.853582
3.9 -46.0537 0.853558
3.91 -46.0539 0.853561
3.92 -46.0524 0.853534
3.93 -46.049 0.853471
3.94 -46.046 0.853415
3.95 -46.0448 0.853393
3.96 -46.0439 0.853375
3.97 -46.0097 0.852742
3.98 -45.5447 0.844123
3.99 -44.5878 0.826389
4 -43.4966 0.806165
4.01 -42.3785 0.785442
4.02 -41.284 0.765156
4.03 -40.2094 0.74524
4.04 -39.07 0.724121
4.05 -37.8685 0.701853
4.06 -36.7105 0.680392
4.07 -35.6217 0.660212
4.08 -34.5795 0.640895
4.09 -33.6769 0.624167
4.1 -32.7918 0.607762
4.11 -32.1083 0.595094
4.12 -31.7082 0.587679
4.13 -31.5568 0.584873
4.14 -31.7332 0.588141
4.15 -32.2827 0.598326
4.16 -33.2768 0.616751
4.17 -34.5338 0.640047
4.18 -36.1023 0.669119
4.19 -37.8991 0.702421
4.2 -40.0711 0.742676
4.21 -41.8027 0.774769
4.22 -43.3384 0.803232
4.23 -45.0264 0.834518
4.24 -45.9667 0.851945
4.25 -46.2082 0.85642
4.26 -46.2877 0.857895
4.27 -46.4662 0.861203
4.28 -46.5155 0.862117
4.29 -46.7127 0.865771
4.3 -46.9515 0.870197
4.31 -47.0791 0.872562
4.32 -47.1733 0.874308
4.33 -47.317 0.876971
4.34 -47.515 0.880641
4.35 -47.6871 0.883831
4.36 -47.7575 0.885135
4.37 -47.7943 0.885818
4.38 -47.9203 0.888153
4.39 -48.0043 0.889711
4.4 -48.0677 0.890886
4.41 -48.0674 0.89088
4.42 -48.0816 0.891142
4.43 -48.1381 0.89219
4.44 -48.1537 0.892479
4.45 -48.1468 0.892352
4.46 -48.1232 0.891913
4.47 -48.1276 0.891995
4.48 -48.1494 0.892399
4.49 -48.1502 0.892415
4.5 -48.1342 0.892118
4.51 -48.1271 0.891987
4.52 -48.1377 0.892182
4.53 -48.1458 0.892332
4.54 -48.1236 0.891922
4.55 -48.1149 0.891759
4.56 -48.1493 0.892396
4.57 -48.1571 0.892542
4.58 -48.1316 0.89207
4.59 -48.1222 0.891896
4.6 -48.1897 0.893146
4.61 -48.1937 0.89322
4.62 -48.0819 0.891148
4.63 -48.0896 0.891291
4.64 -48.1603 0.892601
4.65 -48.1759 0.89289
4.66 -48.1589 0.892574
4.67 -48.1187 0.89183
4.68 -48.1792 0.892951
4.69 -48.2899 0.895003
4.7 -48.3789 0.896653
4.71 -48.4612 0.898178
4.72 -48.5746 0.90028
4.73 -48.7254 0.903074
4.74 -48.8485 0.905356
4.75 -48.9233 0.906743
4.76 -48.9857 0.907899
4.77 -49.0613 0.909301
4.78 -49.1191 0.910372
4.79 -49.134 0.910647
4.8 -49.1151 0.910297
4.81 -49.1096 0.910195
4.82 -49.1282 0.910541
4.83 -49.1349 0.910664
4.84 -49.1218 0.910422
4.85 -49.1099 0.910201
4.86 -49.1144 0.910284
4.87 -49.1261 0.910501
4.88 -49.1324 0.910619
4.89 -49.1635 0.911194
4.9 -49.1682 0.911283
4.91 -49.0988 0.909995
4.92 -49.0733 0.909523
4.93 -49.1221 0.910426
4.94 -49.186 0.911612
4.95 -49.1876 0.911642
4.96 -49.0935 0.909897
4.97 -49.0475 0.909044
4.98 -49.1127 0.910253
4.99 -49.1658 0.911236
5 -49.1287 0.910549
5.01 -49.1144 0.910284
5.02 -49.1271 0.91052
5.03 -49.1198 0.910385
5.04 -48.8096 0.904635
5.05 -48.0071 0.889761
5.06 -46.9713 0.870564
5.07 -45.8743 0.850232
5.08 -44.8118 0.830541
5.09 -43.7215 0.810332
5.1 -42.5919 0.789396
5.11 -41.4763 0.76872
5.12 -40.4911 0.750461
5.13 -39.6164 0.734249
5.14 -38.7016 0.717293
5.15 -37.9859 0.704029
5.16 -37.5801 0.696508
5.17 -37.2535 0.690456
5.18 -37.0678 0.687013
5.19 -37.1786 0.689067
5.2 -38.2616 0.70914
5.21 -39.3898 0.730048
5.22 -40.0616 0.7425
5.23 -40.9234 0.758473
5.24 -42.2827 0.783666
5.25 -44.0423 0.816278
5.26 -45.5038 0.843365
5.27 -46.6737 0.865049
5.28 -47.8752 0.887318
5.29 -49.3889 0.915372
5.3 -49.6544 0.920293
5.31 -49.5813 0.918938
5.32 -49.7217 0.921541
5.33 -49.7084 0.921293
5.34 -50.0377 0.927397
5.35 -50.1611 0.929683
5.36 -50.1399 0.92929
5.37 -50.1727 0.9299
5.38 -50.3426 0.933048
5.39 -50.5342 0.936599
5.4 -50.5907 0.937647
5.41 -50.5414 0.936733
5.42 -50.5892 0.937619
5.43 -50.7233 0.940104
5.44 -50.7749 0.941061
5.45 -50.7626 0.940833
5.46 -50.7173 0.939993
5.47 -50.7555 0.940701
5.48 -50.8208 0.941911
5.49 -50.8097 0.941705
5.5 -50.7706 0.94098
5.51 -50.7542 0.940676
5.52 -50.7882 0.941306
5.53 -50.8131 0.941768
5.54 -50.7912 0.941363
5.55 -50.765 0.940878
5.56 -50.7725 0.941016
5.57 -50.7972 0.941473
5.58 -50.8 0.941525
5.59 -50.7794 0.941143
5.6 -50.7678 0.940929
5.61 -50.7797 0.941149
5.62 -50.7916 0.941369
5.63 -50.7887 0.941315
5.64 -50.7777 0.941112
5.65 -50.7778 0.941114
5.66 -50.7898 0.941337
5.67 -50.7941 0.941416
5.68 -50.792 0.941378
5.69 -50.8078 0.94167
5.7 -50.8584 0.942607
5.71 -50.9313 0.94396
5.72 -51.0064 0.945351
5.73 -51.0787 0.94669
5.74 -51.1529 0.948066
5.75 -51.2258 0.949417
5.76 -51.2835 0.950486
5.77 -51.3207 0.951176
5.78 -51.3425 0.95158
5.79 -51.3597 0.9519
5.8 -51.3663 0.952021
5.81 -51.3647 0.951991
5.82 -51.3611 0.951924
5.83 -51.3587 0.951881
5.84 -51.3623 0.951946
5.85 -51.3642 0.951983
5.86 -51.3622 0.951945
5.87 -51.3597 0.951898
5.88 -51.3602 0.951909
5.89 -51.3725 0.952136
5.9 -51.4301 0.953204
5.91 -51.4168 0.952958
5.92 -51.3073 0.950927
5.93 -51.3132 0.951037
5.94 -51.3869 0.952404
5.95 -51.4327 0.953251
5.96 -51.4239 0.953088
5.97 -51.3257 0.951268
5.98 -51.2939 0.950679
5.99 -51.3669 0.952031
6 -51.4218 0.95305
6.01 -51.4178 0.952975
6.02 -51.3382 0.9515
6.03 -51.2957 0.950712
6.04 -51.3929 0.952514
6.05 -51.4174 0.952968
6.06 -51.0152 0.945514
6.07 -50.2465 0.931267
6.08 -49.4421 0.916358
6.09 -48.5945 0.900649
6.1 -47.6654 0.88343
6.11 -46.5947 0.863584
6.12 -45.4594 0.842542
6.13 -44.4455 0.823751
6.14 -43.4378 0.805075
6.15 -42.2757 0.783536
6.16 -41.1971 0.763545
6.17 -40.3907 0.7486
6.18 -39.6225 0.734363
6.19 -38.8408 0.719874
6.2 -38.3202 0.710224
6.21 -38.0308 0.704862
6.22 -38.0538 0.705288
6.23 -38.8061 0.719231
6.24 -39.921 0.739894
6.25 -41.0098 0.760074
6.26 -42.0805 0.779919
6.27 -43.7842 0.811495
6.28 -45.7693 0.848286
6.29 -47.0992 0.872935
6.3 -48.0623 0.890785
6.31 -49.4718 0.916908
6.32 -51.0167 0.945542
6.33 -51.573 0.955852
6.34 -51.4858 0.954237
6.35 -51.543 0.955295
6.36 -51.7268 0.958703
6.37 -51.9339 0.962541
6.38 -51.8996 0.961905
6.39 -51.8139 0.960318
6.4 -51.9375 0.962607
6.41 -52.1125 0.96585
6.42 -52.2112 0.967681
6.43 -52.1325 0.966221
6.44 -52.1041 0.965696
6.45 -52.2173 0.967794
6.46 -52.3021 0.969364
6.47 -52.295 0.969233
6.48 -52.2243 0.967923
6.49 -52.2264 0.967963
6.5 -52.2988 0.969304
6.51 -52.3169 0.96964
6.52 -52.2736 0.968837
6.53 -52.2374 0.968166
6.54 -52.2614 0.968611
6.55 -52.3025 0.969372
6.56 -52.2944 0.969223
6.57 -52.2591 0.968568
6.58 -52.252 0.968436
6.59 -52.2788 0.968933
6.6 -52.292 0.969178
6.61 -52.2722 0.968812
6.62 -52.2561 0.968513
6.63 -52.2696 0.968762
6.64 -52.2872 0.96909
6.65 -52.284 0.96903
6.66 -52.2698 0.968766
6.67 -52.2652 0.968681
6.68 -52.2841 0.969032
6.69 -52.3024 0.969371
6.7 -52.3174 0.969649
6.71 -52.3461 0.97018
6.72 -52.3959 0.971103
6.73 -52.4575 0.972245
6.74 -52.5087 0.973195
6.75 -52.5473 0.97391
6.76 -52.5797 0.974509
6.77 -52.6083 0.97504
6.78 -52.6256 0.975362
6.79 -52.6292 0.975428
6.8 -52.6254 0.975357
6.81 -52.6247 0.975344
6.82 -52.6285 0.975414
6.83 -52.6295 0.975433
6.84 -52.627 0.975387
6.85 -52.625 0.975349
6.86 -52.6262 0.975371
6.87 -52.6282 0.975409
6.88 -52.628 0.975405
6.89 -52.626 0.975368
6.9 -52.6256 0.975361
6.91 -52.6359 0.975552
6.92 -52.6881 0.97652
6.93 -52.6973 0.97669
6.94 -52.6364 0.975561
6.95 -52.6173 0.975207
6.96 -52.6204 0.975264
6.97 -52.6715 0.976211
6.98 -52.699 0.976721
6.99 -52.6153 0.97517
7 -52.5878 0.97466
7.01 -52.6611 0.97602
7.02 -52.5977 0.974843
7.03 -52.1118 0.965838
7.04 -51.3785 0.952247
7.05 -50.6419 0.938595
7.06 -49.8297 0.923541
7.07 -48.9061 0.906424
7.08 -47.8273 0.88643
7.09 -46.645 0.864517
7.1 -45.4497 0.842363
7.11 -44.207 0.819331
7.12 -42.8902 0.794926
7.13 -41.5397 0.769895
7.14 -40.1529 0.744192
7.15 -38.927 0.721472
7.16 -37.776 0.700139
7.17 -36.6448 0.679173
7.18 -35.71 0.661848
7.19 -35.0222 0.6491
7.2 -34.6194 0.641634
7.21 -34.5429 0.640217
7.22 -35.1784 0.651996
7.23 -36.858 0.683124
7.24 -38.9209 0.721359
7.25 -40.2072 0.745199
7.26 -42.3885 0.785627
7.27 -44.7093 0.828641
7.28 -46.2646 0.857467
7.29 -47.7514 0.885023
7.3 -48.9931 0.908037
7.31 -50.3855 0.933843
7.32 -51.8885 0.9617
7.33 -52.6776 0.976325
7.34 -52.6624 0.976043
7.35 -52.7334 0.97736
7.36 -52.8075 0.978732
7.37 -52.8493 0.979506
7.38 -52.8872 0.98021
7.39 -52.8946 0.980347
7.4 -52.9889 0.982094
7.41 -53.0669 0.98354
7.42 -53.0508 0.983242
7.43 -53.0542 0.983304
7.44 -53.082 0.98382
7.45 -53.1119 0.984375
7.46 -53.1398 0.984892
7.47 -53.1028 0.984205
7.48 -53.0979 0.984114
7.49 -53.1159 0.984448
7.5 -53.1261 0.984637
7.51 -53.124 0.984599
7.52 -53.104 0.984228
7.53 -53.1052 0.984249
7.54 -53.121 0.984544
7.55 -53.1236 0.984591
7.56 -53.1141 0.984415
7.57 -53.107 0.984284
7.58 -53.112 0.984376
7.59 -53.1203 0.984531
7.6 -53.1171 0.98447
7.61 -53.1087 0.984315
7.62 -53.1091 0.984323
7.63 -53.1174 0.984477
7.64 -53.1206 0.984536
7.65 -53.116 0.984449
7.66 -53.1109 0.984356
7.67 -53.1126 0.984388
7.68 -53.1183 0.984493
7.69 -53.1184 0.984495
7.7 -53.118 0.984487
7.71 -53.1266 0.984646
7.72 -53.1538 0.985151
7.73 -53.1901 0.985823
7.74 -53.2258 0.986485
7.75 -53.2601 0.987121
7.76 -53.2914 0.987701
7.77 -53.317 0.988175
7.78 -53.3307 0.98843
7.79 -53.3331 0.988473
7.8 -53.3318 0.988449
7.81 -53.333 0.988472
7.82 -53.3352 0.988513
7.83 -53.3343 0.988496
7.84 -53.3321 0.988454
7.85 -53.3322 0.988457
7.86 -53.3334 0.98848
7.87 -53.3343 0.988497
7.88 -53.3332 0.988475
7.89 -53.3321 0.988455
7.9 -53.3329 0.988471
7.91 -53.3337 0.988485
7.92 -53.3394 0.98859
7.93 -53.3884 0.989499
7.94 -53.3864 0.989462
7.95 -53.3104 0.988053
7.96 -53.3517 0.988819
7.97 -53.3856 0.989446
7.98 -53.3488 0.988765
7.99 -53.3665 0.989093
8 -53.3411 0.988622
8.01 -53.3211 0.988251
8.02 -53.3593 0.988959
8.03 -53.3761 0.98927
8.04 -53.3093 0.988032
8.05 -52.9087 0.980608
8.06 -52.2729 0.968824
8.07 -51.5632 0.95567
8.08 -50.6914 0.939513
8.09 -49.7102 0.921327
8.1 -48.6226 0.901169
8.11 -47.3954 0.878425
8.12 -46.0828 0.854097
8.13 -44.7276 0.82898
8.14 -43.3034 0.802583
8.15 -41.8459 0.77557
8.16 -40.5249 0.751088
8.17 -39.2485 0.72743
8.18 -38.1096 0.706322
8.19 -37.0992 0.687595
8.2 -36.4499 0.675562
8.21 -36.0398 0.66796
8.22 -36.0795 0.668697
8.23 -37.3558 0.692352
8.24 -39.199 0.726512
8.25 -40.9485 0.758938
8.26 -42.0854 0.780009
8.27 -44.1639 0.818533
8.28 -46.1934 0.856147
8.29 -47.5451 0.881199
8.3 -48.4426 0.897833
8.31 -49.205 0.911963
8.32 -50.4823 0.935636
8.33 -51.7029 0.958261
8.34 -52.7192 0.977096
8.35 -53.3103 0.988052
8.36 -53.3632 0.989032
8.37 -53.5258 0.992045
8.38 -53.7152 0.995555
8.39 -53.5914 0.993261
8.4 -53.4744 0.991093
8.41 -53.5482 0.99246
8.42 -53.7373 0.995965
8.43 -53.7874 0.996893
8.44 -53.6524 0.994392
8.45 -53.5953 0.993333
8.46 -53.7039 0.995347
8.47 -53.777 0.996701
8.48 -53.7428 0.996067
8.49 -53.6488 0.994325
8.5 -53.6501 0.99435
8.51 -53.7377 0.995972
8.52 -53.7518 0.996234
8.53 -53.7 0.995275
8.54 -53.6585 0.994505
8.55 -53.6905 0.995098
8.56 -53.7388 0.995994
8.57 -53.7255 0.995746
8.58 -53.6834 0.994966
8.59 -53.6775 0.994858
8.6 -53.709 0.995441
8.61 -53.7259 0.995754
8.62 -53.7077 0.995417
8.63 -53.6862 0.995019
8.64 -53.6945 0.995172
8.65 -53.716 0.99557
8.66 -53.7154 0.99556
8.67 -53.6983 0.995243
8.68 -53.6925 0.995134
8.69 -53.7041 0.99535
8.7 -53.7135 0.995525
8.71 -53.7097 0.995454
8.72 -53.7114 0.995486
8.73 -53.7357 0.995935
8.74 -53.772 0.996608
8.75 -53.7979 0.997089
8.76 -53.8078 0.997271
8.77 -53.813 0.997369
8.78 -53.8205 0.997507
8.79 -53.8256 0.997601
8.8 -53.8235 0.997563
8.81 -53.8183 0.997467
8.82 -53.8185 0.99747
8.83 -53.8228 0.997549
8.84 -53.8241 0.997573
8.85 -53.8212 0.99752
8.86 -53.8187 0.997474
8.87 -53.8206 0.997509
8.88 -53.8231 0.997556
8.89 -53.8225 0.997544
8.9 -53.8203 0.997503
8.91 -53.8267 0.997621
8.92 -53.8798 0.998606
8.93 -53.876 0.998537
8.94 -53.8306 0.997694
8.95 -53.8423 0.997911
8.96 -53.8447 0.997955
8.97 -53.8813 0.998635
8.98 -53.8625 0.998286
8.99 -53.804 0.997201
9 -53.8493 0.998041
9.01 -53.8623 0.998282
9.02 -53.8253 0.997597
9.03 -53.4489 0.99062
9.04 -52.8824 0.980121
9.05 -52.1834 0.967165
9.06 -51.2655 0.950153
9.07 -50.1917 0.930252
9.08 -48.9095 0.906487
9.09 -47.4436 0.879317
9.1 -45.8149 0.849132
9.11 -44.0877 0.817119
9.12 -42.2714 0.783457
9.13 -40.4314 0.749354
9.14 -38.5282 0.71408
9.15 -36.7576 0.681263
9.16 -35.2078 0.65254
9.17 -33.8396 0.627183
9.18 -32.8053 0.608011
9.19 -32.084 0.594645
9.2 -31.8051 0.589474
9.21 -32.0727 0.594434
9.22 -34.5277 0.639935
9.23 -36.9998 0.685753
9.24 -38.5185 0.7139
9.25 -40.9835 0.759587
9.26 -43.4229 0.804799
9.27 -45.3128 0.839826
9.28 -46.7039 0.865609
9.29 -48.098 0.891446
9.3 -49.6067 0.919409
9.31 -50.9449 0.944211
9.32 -52.2424 0.968259
9.33 -53.4617 0.990856
9.34 -53.9448 0.999811
9.35 -53.9923 1.00069
9.36 -53.7721 0.99661
9.37 -53.6622 0.994574
9.38 -53.7249 0.995736
9.39 -53.8689 0.998404
9.4 -53.9048 0.999069
9.41 -53.7152 0.995555
9.42 -53.7039 0.995346
9.43 -53.797 0.997072
9.44 -53.8657 0.998346
9.45 -53.8138 0.997383
9.46 -53.7274 0.995782
9.47 -53.7432 0.996075
9.48 -53.8293 0.99767
9.49 -53.8324 0.997729
9.5 -53.7747 0.996659
9.51 -53.7455 0.996117
9.52 -53.78 0.996756
9.53 -53.8263 0.997615
9.54 -53.8039 0.997199
9.55 -53.7642 0.996464
9.56 -53.7656 0.996489
9.57 -53.7993 0.997114
9.58 -53.8115 0.99734
9.59 -53.7871 0.996888
9.6 -53.7664 0.996505
9.61 -53.7801 0.996758
9.62 -53.8026 0.997176
9.63 -53.8019 0.997163
9.64 -53.7813 0.996781
9.65 -53.7742 0.996648
9.66 -53.7892 0.996928
9.67 -53.7989 0.997106
9.68 -53.792 0.996979
9.69 -53.7801 0.996759
9.7 -53.7815 0.996784
9.71 -53.7919 0.996977
9.72 -53.7965 0.997063
9.73 -53.7885 0.996915
9.74 -53.8147 0.997399
9.75 -53.8207 0.99751
9.76 -53.8218 0.99753
9.77 -53.8231 0.997556
9.78 -53.811 0.997331
9.79 -53.8156 0.997416
9.8 -53.8202 0.997501
9.81 -53.8225 0.997545
9.82 -53.8169 0.997441
9.83 -53.8142 0.997391
9.84 -53.8174 0.99745
9.85 -53.8209 0.997515
9.86 -53.8197 0.997493
9.87 -53.8159 0.997423
9.88 -53.816 0.997424
9.89 -53.8188 0.997476
9.9 -53.8201 0.997499
9.91 -53.818 0.997461
9.92 -53.8163 0.997429
9.93 -53.818 0.997462
9.94 -53.8631 0.998297
9.95 -53.8735 0.998489
9.96 -53.8136 0.997379
9.97 -53.8237 0.997567
9.98 -53.8477 0.998011
9.99 -53.8349 0.997774
10 -53.8572 0.998187
10.01 -53.8447 0.997955
10.02 -53.8173 0.997448
10.03 -53.827 0.997628
10.04 -53.8696 0.998416
10.05 -53.8568 0.998181
10.06 -53.8171 0.997445
10.07 -53.8499 0.998053
10.08 -53.5077 0.991711
10.09 -52.8473 0.97947
10.1 -51.9412 0.962676
10.11 -50.7861 0.941267
10.12 -49.4862 0.917175
10.13 -47.9099 0.88796
10.14 -46.0921 0.854269
10.15 -44.0962 0.817278
10.16 -42.017 0.778742
10.17 -39.8646 0.738848
10.18 -37.6757 0.698279
10.19 -35.507 0.658085
10.2 -33.4143 0.6193
10.21 -31.4441 0.582784
10.22 -29.5926 0.548468
10.23 -27.8742 0.51662
10.24 -26.298 0.487406
10.25 -24.8732 0.461
10.26 -23.594 0.43729
10.27 -22.4406 0.415912
10.28 -21.4049 0.396717
10.29 -20.4874 0.379713
10.3 -19.6797 0.364743
10.31 -18.9728 0.351642
10.32 -18.3548 0.340186
10.33 -17.8258 0.330383
10.34 -17.3896 0.322299
10.35 -17.0429 0.315873
10.36 -16.7841 0.311076
10.37 -16.6134 0.307912
10.38 -16.5374 0.306504
10.39 -16.5483 0.306705
10.4 -16.5744 0.30719
10.41 -16.7322 0.310113
10.42 -19.4805 0.361051
10.43 -23.257 0.431045
10.44 -27.7338 0.514018
10.45 -33.5069 0.621015
10.46 -38.7969 0.719061
10.47 -43.5352 0.80688
10.48 -47.6727 0.883564
10.49 -51.4179 0.952977
10.5 -53.7712 0.996594
10.51 -54.6737 1.01332
10.52 -54.0143 1.0011
10.53 -53.4516 0.990669
10.54 -53.661 0.994552
10.55 -54.254 1.00554
10.56 -54.3735 1.00776
10.57 -53.7492 0.996185
10.58 -53.6069 0.993549
10.59 -53.9371 0.999669
10.6 -54.2556 1.00557
10.61 -54.064 1.00202
10.62 -53.7338 0.9959
10.63 -53.7702 0.996575
10.64 -54.0722 1.00217
10.65 -54.1363 1.00336
10.66 -53.9141 0.999243
10.67 -53.7853 0.996854
10.68 -53.9082 0.999133
10.69 -54.0813 1.00234
10.7 -54.0236 1.00127
10.71 -53.8671 0.998372
10.72 -53.8584 0.99821
10.73 -53.9814 1.00049
10.74 -54.0368 1.00152
10.75 -53.9528 0.99996
10.76 -53.877 0.998554
10.77 -53.9217 0.999383
10.78 -53.9976 1.00079
10.79 -53.9903 1.00065
10.8 -53.923 0.999407
10.81 -53.9044 0.999062
10.82 -53.9554 1.00001
10.83 -53.9888 1.00063
10.84 -53.9583 1.00006
10.85 -53.9193 0.999338
10.86 -53.931 0.999556
10.87 -53.9678 1.00024
10.88 -53.9713 1.0003
10.89 -53.9417 0.999753
10.9 -53.927 0.999481
10.91 -53.9505 0.999917
10.92 -53.9733 1.00034
10.93 -53.9568 1.00003
10.94 -53.9339 0.999609
10.95 -53.9393 0.999709
10.96 -53.9594 1.00008
10.97 -53.9632 1.00015
10.98 -53.9458 0.99983
10.99 -53.9393 0.999709
11 -53.9514 0.999933
11.01 -53.9591 1.00008
11.02 -53.9523 0.99995
11.03 -53.9428 0.999774
11.04 -53.945 0.999815
11.05 -53.9537 0.999977
11.06 -53.955 0.999999
11.07 -53.9478 0.999866
11.08 -53.9445 0.999805
11.09 -53.949 0.999888
11.1 -53.9519 0.999942
11.11 -53.9577 1.00005
11.12 -53.9543 0.999987
11.13 -53.9452 0.999819
11.14 -53.9472 0.999855
11.15 -53.9531 0.999964
11.16 -53.9539 0.99998
11.17 -53.9487 0.999883
11.18 -53.9488 0.999884
11.19 -53.9534 0.999971
11.2 -53.9547 0.999995
11.21 -53.951 0.999926
11.22 -53.9483 0.999876
11.23 -53.9514 0.999933
11.24 -53.952 0.999945
11.25 -53.8883 0.998763
11.26 -53.7976 0.997083
11.27 -53.7042 0.995351
11.28 -53.5975 0.993374
11.29 -53.4863 0.991313
11.3 -53.356 0.988899
11.31 -53.2118 0.986226
11.32 -53.0569 0.983354
11.33 -52.8959 0.98037
11.34 -52.7152 0.977022
11.35 -52.5144 0.9733
11.36 -52.2996 0.969318
11.37 -52.0771 0.965195
11.38 -51.848 0.96095
11.39 -51.5957 0.956272
11.4 -51.3241 0.951238
11.41 -51.0457 0.946079
11.42 -50.761 0.940802
11.43 -50.4686 0.935384
11.44 -50.158 0.929626
11.45 -49.836 0.923659
11.46 -49.5135 0.917682
11.47 -49.1894 0.911674
11.48 -48.8601 0.90557
11.49 -48.5193 0.899255
11.5 -48.179 0.892948
11.51 -47.844 0.886739
11.52 -47.5135 0.880613
11.53 -47.1799 0.874431
11.54 -46.8473 0.868266
11.55 -46.5244 0.862282
11.56 -46.2087 0.856431
11.57 -45.8998 0.850706
11.58 -45.5947 0.845051
11.59 -45.2975 0.839542
11.6 -45.0126 0.834262
11.61 -44.7382 0.829177
11.62 -44.4729 0.82426
11.63 -44.2169 0.819514
11.64 -43.9732 0.814998
11.65 -43.7434 0.810739
11.66 -43.5258 0.806706
11.67 -43.3196 0.802884
11.68 -43.1263 0.7993
11.69 -42.9476 0.795989
11.7 -42.7836 0.792949
11.71 -42.633 0.790159
11.72 -42.4961 0.787622
11.73 -42.3743 0.785364
11.74 -42.2682 0.783398
11.75 -42.1773 0.781713
11.76 -42.101 0.780299
11.77 -42.0401 0.77917
11.78 -41.9968 0.778367
11.79 -41.9749 0.777961
11.8 -41.965 0.777778
11.81 -41.9554 0.777601
11.82 -41.9651 0.77778
11.83 -42.1985 0.782105
11.84 -42.6458 0.790396
11.85 -43.1352 0.799466
11.86 -43.6622 0.809233
11.87 -44.4771 0.824336
11.88 -45.3201 0.839961
11.89 -46.101 0.854435
11.9 -46.9404 0.869992
11.91 -47.8585 0.887008
11.92 -48.7906 0.904283
11.93 -49.5379 0.918134
11.94 -50.147 0.929423
11.95 -50.7266 0.940164
11.96 -51.3138 0.951047
11.97 -51.7717 0.959534
11.98 -52.0423 0.964551
11.99 -52.2167 0.967782
12 -52.3838 0.970879
12.01 -52.4554 0.972207
12.02 -52.4398 0.971917
12.03 -52.4108 0.97138
12.04 -52.4159 0.971475
12.05 -52.4736 0.972544
12.06 -52.4722 0.972517
12.07 -52.4394 0.97191
12.08 -52.435 0.971828
12.09 -52.4601 0.972295
12.1 -52.4751 0.972572
12.11 -52.4584 0.972263
12.12 -52.441 0.97194
12.13 -52.4461 0.972034
12.14 -52.4665 0.972412
12.15 -52.4655 0.972394
12.16 -52.4509 0.972123
12.17 -52.4456 0.972025
12.18 -52.4549 0.972198
12.19 -52.4647 0.972379
12.2 -52.4586 0.972265
12.21 -52.4491 0.972091
12.22 -52.4523 0.972149
12.23 -52.4615 0.972319
12.24 -52.4619 0.972327
12.25 -52.464 0.972366
12.26 -52.414 0.971438
12.27 -52.355 0.970346
12.28 -52.2867 0.96908
12.29 -52.2138 0.967728
12.3 -52.1464 0.966479
12.31 -52.0611 0.964899
12.32 -51.9679 0.963172
12.33 -51.8685 0.961329
12.34 -51.7811 0.95971
12.35 -51.6861 0.957949
12.36 -51.5763 0.955913
12.37 -51.4603 0.953763
12.38 -51.3464 0.951653
12.39 -51.2334 0.949558
12.4 -51.1117 0.947303
12.41 -50.9806 0.944872
12.42 -50.8471 0.942398
12.43 -50.7155 0.939959
12.44 -50.58 0.937448
12.45 -50.4375 0.934806
12.46 -50.2896 0.932065
12.47 -50.1418 0.929326
12.48 -49.9939 0.926585
12.49 -49.8419 0.923768
12.5 -49.6852 0.920864
12.51 -49.5271 0.917934
12.52 -49.3699 0.91502
12.53 -49.2121 0.912096
12.54 -49.0518 0.909125
12.55 -48.8901 0.906126
12.56 -48.7295 0.90315
12.57 -48.5705 0.900205
12.58 -48.412 0.897266
12.59 -48.2531 0.894322
12.6 -48.0958 0.891406
12.61 -47.9416 0.888547
12.62 -47.7899 0.885736
12.63 -47.6401 0.88296
12.64 -47.4926 0.880226
12.65 -47.3488 0.877562
12.66 -47.2094 0.874978
12.67 -47.0738 0.872463
12.68 -46.9418 0.870018
12.69 -46.8143 0.867654
12.7 -46.6922 0.865391
12.71 -46.5754 0.863227
12.72 -46.4638 0.861159
12.73 -46.3576 0.859189
12.74 -46.2574 0.857333
12.75 -46.1637 0.855596
12.76 -46.0763 0.853977
12.77 -45.9952 0.852473
12.78 -45.9207 0.851092
12.79 -45.8532 0.849842
12.8 -45.7928 0.848722
12.81 -45.7394 0.847731
12.82 -45.6929 0.84687
12.83 -45.6536 0.846142
12.84 -45.6216 0.84555
12.85 -45.5969 0.845092
12.86 -45.5793 0.844765
12.87 -45.5756 0.844697
12.88 -45.5743 0.844672
12.89 -45.5727 0.844642
12.9 -45.5672 0.84454
12.91 -45.5652 0.844504
12.92 -45.56 0.844407
12.93 -45.7075 0.847141
12.94 -46.0172 0.852881
12.95 -46.4287 0.860508
12.96 -46.8481 0.86828
12.97 -47.1108 0.87315
12.98 -47.4473 0.879387
12.99 -47.929 0.888315
13 -48.3949 0.896949
13.01 -48.769 0.903883
13.02 -49.0364 0.908838
13.03 -49.3178 0.914054
13.04 -49.6258 0.919762
13.05 -49.878 0.924436
13.06 -50.0265 0.92719
13.07 -50.1166 0.928859
13.08 -50.1673 0.929799
13.09 -50.1903 0.930225
13.1 -50.2226 0.930824
13.11 -50.2415 0.931175
13.12 -50.239 0.931128
13.13 -50.2234 0.930838
13.14 -50.2151 0.930684
13.15 -50.2309 0.930978
13.16 -50.2459 0.931256
13.17 -50.2386 0.931121
13.18 -50.2281 0.930927
13.19 -50.2282 0.930928
13.2 -50.2375 0.9311
13.21 -50.2418 0.931181
13.22 -50.2337 0.93103
13.23 -50.2289 0.930941
13.24 -50.233 0.931016
13.25 -50.2386 0.931121
13.26 -50.2377 0.931104
13.27 -50.2321 0.930999
13.28 -50.2312 0.930982
13.29 -50.2355 0.931063
13.3 -50.2377 0.931103
13.31 -50.2355 0.931063
13.32 -50.2358 0.931068
13.33 -50.2398 0.931142
13.34 -50.2373 0.931096
13.35 -50.2434 0.931209
13.36 -50.1955 0.930321
13.37 -50.1105 0.928747
13.38 -50.0502 0.927629
13.39 -49.9956 0.926617
13.4 -49.935 0.925493
13.41 -49.8623 0.924146
13.42 -49.7886 0.92278
13.43 -49.7227 0.921558
13.44 -49.6602 0.9204
13.45 -49.5887 0.919074
13.46 -49.5126 0.917664
13.47 -49.4402 0.916324
13.48 -49.3717 0.915053
13.49 -49.3032 0.913784
13.5 -49.2287 0.912403
13.51 -49.154 0.911018
13.52 -49.0832 0.909707
13.53 -49.0143 0.90843
13.54 -48.9438 0.907123
13.55 -48.8711 0.905775
13.56 -48.8004 0.904465
13.57 -48.7332 0.903219
13.58 -48.6667 0.901987
13.59 -48.5994 0.90074
13.6 -48.5326 0.899502
13.61 -48.4689 0.89832
13.62 -48.4078 0.897188
13.63 -48.3474 0.896069
13.64 -48.2875 0.894958
13.65 -48.2297 0.893888
13.66 -48.175 0.892875
13.67 -48.1226 0.891902
13.68 -48.0712 0.890951
13.69 -48.0217 0.890032
13.7 -47.975 0.889168
13.71 -47.9313 0.888358
13.72 -47.8898 0.887587
13.73 -47.8501 0.886852
13.74 -47.8131 0.886166
13.75 -47.7792 0.885537
13.76 -47.7481 0.884961
13.77 -47.7193 0.884428
13.78 -47.693 0.883941
13.79 -47.6698 0.88351
13.8 -47.6496 0.883136
13.81 -47.6321 0.882812
13.82 -47.6171 0.882534
13.83 -47.605 0.882309
13.84 -47.6009 0.882233
13.85 -47.6 0.882216
13.86 -47.5945 0.882115
13.87 -47.5852 0.881942
13.88 -47.5824 0.881891
13.89 -47.5875 0.881985
13.9 -47.5912 0.882054
13.91 -47.5884 0.882001
13.92 -47.584 0.881921
13.93 -47.5824 0.881891
13.94 -47.6392 0.882944
13.95 -47.7547 0.885083
13.96 -47.9001 0.887779
13.97 -48.0717 0.890959
13.98 -48.1882 0.893119
13.99 -48.2788 0.894798
14 -48.4058 0.897151
14.01 -48.5419 0.899674
14.02 -48.6529 0.901732
14.03 -48.7389 0.903324
14.04 -48.7697 0.903896
14.05 -48.7881 0.904236
14.06 -48.8644 0.90565
14.07 -48.977 0.907738
14.08 -49.033 0.908777
14.09 -49.003 0.90822
14.1 -48.9686 0.907583
14.11 -48.985 0.907886
14.12 -49.0215 0.908562
14.13 -49.0191 0.908519
14.14 -48.9884 0.907949
14.15 -48.9795 0.907784
14.16 -49.0029 0.908218
14.17 -49.0189 0.908515
14.18 -49.0056 0.908268
14.19 -48.9879 0.90794
14.2 -48.9918 0.908012
14.21 -49.0088 0.908327
14.22 -49.0112 0.908372
14.23 -48.998 0.908127
14.24 -48.9912 0.908001
14.25 -48.9997 0.908159
14.26 -49.0086 0.908324
14.27 -49.0046 0.90825
14.28 -48.9957 0.908085
14.29 -48.9959 0.908087
14.3 -49.0034 0.908227
14.31 -49.0061 0.908277
14.32 -49.0002 0.908168
14.33 -48.9914 0.908006
14.34 -48.9789 0.907774
14.35 -48.97 0.907609
14.36 -48.9598 0.907418
14.37 -48.9468 0.907178
14.38 -48.9423 0.907096
14.39 -48.9437 0.90712
14.4 -48.9421 0.90709
14.41 -48.9273 0.906817
14.42 -48.9083 0.906465
14.43 -48.903 0.906366
14.44 -48.8997 0.906305
14.45 -48.8841 0.906016
14.46 -48.8613 0.905594
14.47 -48.842 0.905236
14.48 -48.83 0.905013
14.49 -48.8151 0.904737
14.5 -48.7925 0.904318
14.51 -48.7689 0.903882
14.52 -48.7514 0.903556
14.53 -48.7367 0.903285
14.54 -48.7186 0.902949
14.55 -48.6978 0.902563
14.56 -48.6795 0.902224
14.57 -48.6662 0.901978
14.58 -48.6533 0.901739
14.59 -48.6383 0.90146
14.6 -48.6308 0.901322
14.61 -48.628 0.90127
14.62 -48.6198 0.901117
14.63 -48.6047 0.900837
14.64 -48.5903 0.90057
14.65 -48.5863 0.900496
14.66 -48.5854 0.90048
14.67 -48.5789 0.900359
14.68 -48.5695 0.900185
14.69 -48.5649 0.900099
14.7 -48.5663 0.900126
14.71 -48.567 0.900139
14.72 -48.5642 0.900087
14.73 -48.5615 0.900036
14.74 -48.5626 0.900057
14.75 -48.5654 0.900109
14.76 -48.5653 0.900108
14.77 -48.5631 0.900066
14.78 -48.5623 0.900051
14.79 -48.5639 0.900082
14.8 -48.5652 0.900105
14.81 -48.5642 0.900087
14.82 -48.5628 0.900061
14.83 -48.5615 0.900037
14.84 -48.5687 0.900171
14.85 -48.6004 0.900758
14.86 -48.6352 0.901403
14.87 -48.6669 0.90199
14.88 -48.6897 0.902413
14.89 -48.7085 0.902761
14.9 -48.7327 0.90321
14.91 -48.7426 0.903394
14.92 -48.7449 0.903436
14.93 -48.7447 0.903432
14.94 -48.7443 0.903426
14.95 -48.7458 0.903452
14.96 -48.745 0.903438
14.97 -48.7445 0.903429
14.98 -48.7446 0.90343
14.99 -48.7451 0.90344
15 -48.7452 0.903442
15.01 -48.7449 0.903436
15.02 -48.7446 0.90343
15.03 -48.7448 0.903434
15.04 -48.7452 0.903442
15.05 -48.745 0.903438
15.06 -48.7448 0.903434
15.07 -48.7447 0.903433
15.08 -48.745 0.903438
15.09 -48.7452 0.903441
15.1 -48.7449 0.903437
15.11 -48.7448 0.903435
15.12 -48.7449 0.903437
15.13 -48.7451 0.903439
15.14 -48.745 0.903439
15.15 -48.7449 0.903436
15.16 -48.7449 0.903436
15.17 -48.745 0.903438
15.18 -48.745 0.903439
15.19 -48.745 0.903438
15.2 -48.7449 0.903436
15.21 -48.7449 0.903437
15.22 -48.745 0.903438
15.23 -48.745 0.903438
15.24 -48.7449 0.903437
15.25 -48.7449 0.903437
15.26 -48.745 0.903437
15.27 -48.745 0.903438
15.28 -48.745 0.903438
15.29 -48.7449 0.903437
15.3 -48.7449 0.903437
15.31 -48.745 0.903438
15.32 -48.745 0.903438
15.33 -48.745 0.903437
15.34 -48.7449 0.903437
15.35 -48.745 0.903437
15.36 -48.745 0.903438
15.37 -48.745 0.903437
15.38 -48.745 0.903437
15.39 -48.745 0.903437
15.4 -48.745 0.903437
15.41 -48.745 0.903438
15.42 -48.745 0.903437
15.43 -48.745 0.903437
15.44 -48.745 0.903437
15.45 -48.745 0.903437
15.46 -48.745 0.903437
15.47 -48.745 0.903437
15.48 -48.745 0.903437
15.49 -48.745 0.903437
15.5 -48.745 0.903437
15.51 -48.745 0.903437
15.52 -48.745 0.903437
15.53 -48.745 0.903437
15.54 -48.745 0.903437
15.55 -48.745 0.903437
15.56 -48.745 0.903437
15.57 -48.745 0.903437
15.58 -48.745 0.903437
15.59 -48.745 0.903437
15.6 -48.745 0.903437
15.61 -48.745 0.903437
15.62 -48.745 0.903437
15.63 -48.745 0.903437
15.64 -48.745 0.903437
15.65 -48.745 0.903437
15.66 -48.745 0.903437
15.67 -48.745 0.903437
15.68 -48.745 0.903437
15.69 -48.745 0.903437
15.7 -48.745 0.903437
15.71 -48.745 0.903437
15.72 -48.745 0.903437
15.73 -48.745 0.903437
15.74 -48.745 0.903437
15.75 -48.745 0.903437
15.76 -48.745 0.903437
15.77 -48.745 0.903437
15.78 -48.745 0.903437
15.79 -48.745 0.903437
15.8 -48.745 0.903437
15.81 -48.745 0.903437
15.82 -48.745 0.903437
15.83 -48.745 0.903437
15.84 -48.745 0.903437
15.85 -48.745 0.903437
15.86 -48.745 0.903437
15.87 -48.745 0.903437
15.88 -48.745 0.903437
15.89 -48.745 0.903437
15.9 -48.745 0.903437
15.91 -48.745 0.903437
15.92 -48.745 0.903437
15.93 -48.745 0.903437
15.94 -48.745 0.903437
15.95 -48.745 0.903437
15.96 -48.745 0.903437
15.97 -48.745 0.903437
15.98 -48.745 0.903437
15.99 -48.745 0.903437
16 -48.745 0.903437
16.01 -48.745 0.903437
16.02 -48.745 0.903437
16.03 -48.745 0.903437
16.04 -48.745 0.903437
16.05 -48.745 0.903437
16.06 -48.745 0.903437
16.07 -48.745 0.903437
16.08 -48.745 0.903437
16.09 -48.745 0.903437
16.1 -48.745 0.903437
16.11 -48.745 0.903437
16.12 -48.745 0.903437
16.13 -48.745 0.903437
16.14 -48.745 0.903437
16.15 -48.745 0.903437
16.16 -48.745 0.903437
16.17 -48.745 0.903437
16.18 -48.745 0.903437
16.19 -48.745 0.903437
16.2 -48.745 0.903437
16.21 -48.745 0.903437
16.22 -48.745 0.903437
16.23 -48.745 0.903437
16.24 -48.745 0.903437
16.25 -48.745 0.903437
16.26 -48.745 0.903437
16.27 -48.745 0.903437
16.28 -48.745 0.903437
16.29 -48.745 0.903437
16.3 -48.745 0.903437
16.31 -48.745 0.903437
16.32 -48.745 0.903437
16.33 -48.745 0.903437
16.34 -48.745 0.903437
16.35 -48.745 0.903437
16.36 -48.745 0.903437
16.37 -48.745 0.903437
16.38 -48.745 0.903437
16.39 -48.745 0.903437
16.4 -48.745 0.903437
16.41 -48.745 0.903437
16.42 -48.745 0.903437
16.43 -48.745 0.903437
16.44 -48.745 0.903437
16.45 -48.745 0.903437
16.46 -48.745 0.903437
16.47 -48.745 0.903437
16.48 -48.745 0.903437
16.49 -48.745 0.903437
16.5 -48.745 0.903437
16.51 -48.745 0.903437
16.52 -48.745 0.903437
16.53 -48.745 0.903437
16.54 -48.745 0.903437
16.55 -48.745 0.903437
16.56 -48.745 0.903437
16.57 -48.745 0.903437
16.58 -48.745 0.903437
16.59 -48.745 0.903437
16.6 -48.745 0.903437
16.61 -48.745 0.903437
16.62 -48.745 0.903437
16.63 -48.745 0.903437
16.64 -48.745 0.903437
16.65 -48.745 0.903437
16.66 -48.745 0.903437
16.67 -48.745 0.903437
16.68 -48.745 0.903437
16.69 -48.745 0.903437
16.7 -48.745 0.903437
16.71 -48.745 0.903437
16.72 -48.745 0.903437
16.73 -48.745 0.903437
16.74 -48.745 0.903437
16.75 -48.745 0.903437
16.76 -48.745 0.903437
16.77 -48.745 0.903437
16.78 -48.745 0.903437
16.79 -48.745 0.903437
16.8 -48.745 0.903437
16.81 -48.745 0.903437
16.82 -48.745 0.903437
16.83 -48.745 0.903437
16.84 -48.745 0.903437
16.85 -48.745 0.903437
16.86 -48.745 0.903437
16.87 -48.745 0.903437
16.88 -48.745 0.903437
16.89 -48.745 0.903437
16.9 -48.745 0.903437
16.91 -48.745 0.903437
16.92 -48.745 0.903437
16.93 -48.745 0.903437
16.94 -48.745 0.903437
16.95 -48.745 0.903437
16.96 -48.745 0.903437
16.97 -48.745 0.903437
16.98 -48.745 0.903437
16.99 -48.745 0.903437
17 -48.745 0.903437
17.01 -48.745 0.903437
17.02 -48.745 0.903437
17.03 -48.745 0.903437
17.04 -48.745 0.903437
17.05 -48.745 0.903437
17.06 -48.745 0.903437
17.07 -48.745 0.903437
17.08 -48.745 0.903437
17.09 -48.745 0.903437
17.1 -48.745 0.903437
17.11 -48.745 0.903437
17.12 -48.745 0.903437
17.13 -48.745 0.903437
17.14 -48.745 0.903437
17.15 -48.745 0.903437
17.16 -48.745 0.903437
17.17 -48.745 0.903437
17.18 -48.745 0.903437
17.19 -48.745 0.903437
17.2 -48.745 0.903437
17.21 -48.745 0.903437
17.22 -48.745 0.903437
17.23 -48.745 0.903437
17.24 -48.745 0.903437
17.25 -48.745 0.903437
17.26 -48.745 0.903437
17.27 -48.745 0.903437
17.28 -48.745 0.903437
17.29 -48.745 0.903437
17.3 -48.745 0.903437
17.31 -48.745 0.903437
17.32 -48.745 0.903437
17.33 -48.745 0.903437
17.34 -48.745 0.903437
17.35 -48.745 0.903437
17.36 -48.745 0.903437
17.37 -48.745 0.903437
17.38 -48.745 0.903437
17.39 -48.745 0.903437
17.4 -48.745 0.903437
17.41 -48.745 0.903437
17.42 -48.745 0.903437
17.43 -48.745 0.903437
17.44 -48.745 0.903437
17.45 -48.745 0.903437
17.46 -48.745 0.903437
17.47 -48.745 0.903437
17.48 -48.745 0.903437
17.49 -48.745 0.903437
17.5 -48.745 0.903437
17.51 -48.745 0.903437
17.52 -48.745 0.903437
17.53 -48.745 0.903437
17.54 -48.745 0.903437
17.55 -48.745 0.903437
17.56 -48.745 0.903437
17.57 -48.745 0.903437
17.58 -48.745 0.903437
17.59 -48.745 0.903437
17.6 -48.745 0.903437
17.61 -48.745 0.903437
17.62 -48.745 0.903437
17.63 -48.745 0.903437
17.64 -48.745 0.903437
17.65 -48.745 0.903437
17.66 -48.745 0.903437
17.67 -48.745 0.903437
17.68 -48.745 0.903437
17.69 -48.745 0.903437
17.7 -48.745 0.903437
17.71 -48.745 0.903437
17.72 -48.745 0.903437
17.73 -48.745 0.903437
17.74 -48.745 0.903437
17.75 -48.745 0.903437
17.76 -48.745 0.903437
17.77 -48.745 0.903437
17.78 -48.745 0.903437
17.79 -48.745 0.903437
17.8 -48.745 0.903437
17.81 -48.745 0.903437
17.82 -48.745 0.903437
17.83 -48.745 0.903437
17.84 -48.745 0.903437
17.85 -48.745 0.903437
17.86 -48.745 0.903437
17.87 -48.745 0.903437
17.88 -48.745 0.903437
17.89 -48.745 0.903437
17.9 -48.745 0.903437
17.91 -48.745 0.903437
17.92 -48.745 0.903437
17.93 -48.745 0.903437
17.94 -48.745 0.903437
17.95 -48.745 0.903437
17.96 -48.745 0.903437
17.97 -48.745 0.903437
17.98 -48.745 0.903437
17.99 -48.745 0.903437
18 -48.745 0.903437
18.01 -48.745 0.903437
18.02 -48.745 0.903437
18.03 -48.745 0.903437
18.04 -48.745 0.903437
18.05 -48.745 0.903437
18.06 -48.745 0.903437
18.07 -48.745 0.903437
18.08 -48.745 0.903437
18.09 -48.745 0.903437
18.1 -48.745 0.903437
18.11 -48.745 0.903437
18.12 -48.745 0.903437
18.13 -48.745 0.903437
18.14 -48.745 0.903437
18.15 -48.745 0.903437
18.16 -48.745 0.903437
18.17 -48.745 0.903437
18.18 -48.745 0.903437
18.19 -48.745 0.903437
18.2 -48.745 0.903437
18.21 -48.745 0.903437
18.22 -48.745 0.903437
18.23 -48.745 0.903437
18.24 -48.745 0.903437
18.25 -48.745 0.903437
18.26 -48.745 0.903437
18.27 -48.745 0.903437
18.28 -48.745 0.903437
18.29 -48.745 0.903437
18.3 -48.745 0.903437
18.31 -48.745 0.903437
18.32 -48.745 0.903437
18.33 -48.745 0.903437
18.34 -48.745 0.903437
18.35 -48.745 0.903437
18.36 -48.745 0.903437
18.37 -48.745 0.903437
18.38 -48.745 0.903437
18.39 -48.745 0.903437
18.4 -48.745 0.903437
18.41 -48.745 0.903437
18.42 -48.745 0.903437
18.43 -48.745 0.903437
18.44 -48.745 0.903437
18.45 -48.745 0.903437
18.46 -48.745 0.903437
18.47 -48.745 0.903437
18.48 -48.745 0.903437
18.49 -48.745 0.903437
18.5 -48.745 0.903437
18.51 -48.745 0.903437
18.52 -48.745 0.903437
18.53 -48.745 0.903437
18.54 -48.745 0.903437
18.55 -48.745 0.903437
18.56 -48.745 0.903437
18.57 -48.745 0.903437
18.58 -48.745 0.903437
18.59 -48.745 0.903437
18.6 -48.745 0.903437
18.61 -48.745 0.903437
18.62 -48.745 0.903437
18.63 -48.745 0.903437
18.64 -48.745 0.903437
18.65 -48.745 0.903437
18.66 -48.745 0.903437
18.67 -48.745 0.903437
18.68 -48.745 0.903437
18.69 -48.745 0.903437
18.7 -48.745 0.903437
18.71 -48.745 0.903437
18.72 -48.745 0.903437
18.73 -48.745 0.903437
18.74 -48.745 0.903437
18.75 -48.745 0.903437
18.76 -48.745 0.903437
18.77 -48.745 0.903437
18.78 -48.745 0.903437
18.79 -48.745 0.903437
18.8 -48.745 0.903437
18.81 -48.745 0.903437
18.82 -48.745 0.903437
18.83 -48.745 0.903437
18.84 -48.745 0.903437
18.85 -48.745 0.903437
18.86 -48.745 0.903437
18.87 -48.745 0.903437
18.88 -48.745 0.903437
18.89 -48.745 0.903437
18.9 -48.745 0.903437
18.91 -48.745 0.903437
18.92 -48.745 0.903437
18.93 -48.745 0.903437
18.94 -48.745 0.903437
18.95 -48.745 0.903437
18.96 -48.745 0.903437
18.97 -48.745 0.903437
18.98 -48.745 0.903437
18.99 -48.745 0.903437
19 -48.745 0.903437
19.01 -48.745 0.903437
19.02 -48.745 0.903437
19.03 -48.745 0.903437
19.04 -48.745 0.903437
19.05 -48.745 0.903437
19.06 -48.745 0.903437
19.07 -48.745 0.903437
19.08 -48.745 0.903437
19.09 -48.745 0.903437
19.1 -48.745 0.903437
19.11 -48.745 0.903437
19.12 -48.745 0.903437
19.13 -48.745 0.903437
19.14 -48.745 0.903437
19.15 -48.745 0.903437
19.16 -48.745 0.903437
19.17 -48.745 0.903437
19.18 -48.745 0.903437
19.19 -48.745 0.903437
19.2 -48.745 0.903437
19.21 -48.745 0.903437
19.22 -48.745 0.903437
19.23 -48.745 0.903437
19.24 -48.745 0.903437
19.25 -48.745 0.903437
19.26 -48.745 0.903437
19.27 -48.745 0.903437
19.28 -48.745 0.903437
19.29 -48.745 0.903437
19.3 -48.745 0.903437
19.31 -48.745 0.903437
19.32 -48.745 0.903437
19.33 -48.745 0.903437
19.34 -48.745 0.903437
19.35 -48.745 0.903437
19.36 -48.745 0.903437
19.37 -48.745 0.903437
19.38 -48.745 0.903437
19.39 -48.745 0.903437
19.4 -48.745 0.903437
19.41 -48.745 0.903437
19.42 -48.745 0.903437
19.43 -48.745 0.903437
19.44 -48.745 0.903437
19.45 -48.745 0.903437
19.46 -48.745 0.903437
19.47 -48.745 0.903437
19.48 -48.745 0.903437
19.49 -48.745 0.903437
19.5 -48.745 0.903437
19.51 -48.745 0.903437
19.52 -48.745 0.903437
19.53 -48.745 0.903437
19.54 -48.745 0.903437
19.55 -48.745 0.903437
19.56 -48.745 0.903437
19.57 -48.745 0.903437
19.58 -48.745 0.903437
19.59 -48.745 0.903437
19.6 -48.745 0.903437
19.61 -48.745 0.903437
19.62 -48.745 0.903437
19.63 -48.745 0.903437
19.64 -48.745 0.903437
19.65 -48.745 0.903437
19.66 -48.745 0.903437
19.67 -48.745 0.903437
19.68 -48.745 0.903437
19.69 -48.745 0.903437
19.7 -48.745 0.903437
19.71 -48.745 0.903437
19.72 -48.745 0.903437
19.73 -48.745 0.903437
19.74 -48.745 0.903437
19.75 -48.745 0.903437
19.76 -48.745 0.903437
19.77 -48.745 0.903437
19.78 -48.745 0.903437
19.79 -48.745 0.903437
19.8 -48.745 0.903437
19.81 -48.745 0.903437
19.82 -48.745 0.903437
19.83 -48.745 0.903437
19.84 -48.745 0.903437
19.85 -48.745 0.903437
19.86 -48.745 0.903437
19.87 -48.745 0.903437
19.88 -48.745 0.903437
19.89 -48.745 0.903437
19.9 -48.745 0.903437
19.91 -48.745 0.903437
19.92 -48.745 0.903437
19.93 -48.745 0.903437
19.94 -48.745 0.903437
19.95 -48.745 0.903437
19.96 -48.745 0.903437
19.97 -48.745 0.903437
19.98 -48.745 0.903437
19.99 -48.745 0.903437
20 -48.745 0.903437
