0.01 0 -0.000107297 4.00498e-05
0.02 0 -0.000107297 3.99489e-05
0.03 0 -0.000107297 3.93472e-05
0.04 0 -0.000107295 3.70905e-05
0.05 0 -0.000107291 3.10537e-05
0.06 0 -0.000107291 1.87732e-05
0.07 0 -0.000107311 -1.56011e-06
0.08 0 -0.000107361 -3.05491e-05
0.09 0 -0.000107456 -6.7888e-05
0.1 0 -0.000107611 -0.000112564
0.11 0 -0.000107828 -0.000162849
0.12 0 -0.000108102 -0.000216974
0.13 0 -0.000108421 -0.000273453
0.14 0 -0.000108752 -0.00033089
0.15 0 -0.000109066 -0.000388258
0.16 0 -0.000109348 -0.000445144
0.17 0 -0.000109598 -0.00050148
0.18 0 -0.000109823 -0.0005573
0.19 0 -0.000110024 -0.000612679
0.2 0 -0.0001102 -0.000667705
0.21 0 -0.000110354 -0.000722455
0.22 0 -0.000110489 -0.000776951
0.23 0 -0.000110612 -0.00083114
0.24 0 -0.000110722 -0.000884927
0.25 0 -0.000110814 -0.000938206
0.26 0 -0.000110899 -0.000990866
0.27 0 -0.000110974 -0.00104276
0.28 0 -0.000111039 -0.00109366
0.29 0 -0.000111095 -0.0011434
0.3 0 -0.000111146 -0.00119182
0.31 0 -0.000111192 -0.00123856
0.32 0 -0.000111232 -0.00128317
0.33 0 -0.000111264 -0.00132513
0.34 0 -0.000111289 -0.00136383
0.35 0 -0.000111313 -0.00139876
0.36 0 -0.000111333 -0.00142931
0.37 0 -0.000111348 -0.00145398
0.38 0 -0.000111355 -0.00146639
0.39 0 -0.000111353 -0.00145797
0.4 0 -0.000111353 -0.00142423
0.41 0 -0.000111356 -0.00137358
0.42 0 -0.000111362 -0.00131811
0.43 0 -0.000111374 -0.00125723
0.44 0 -0.000111396 -0.00118883
0.45 0 -0.000111428 -0.00111717
0.46 0 -0.000111469 -0.00104536
0.47 0 -0.000111519 -0.000973321
0.48 0 -0.000111572 -0.000900914
0.49 0 -0.000111632 -0.000828689
0.5 0 -0.000111696 -0.000756608
0.51 0 -0.00011176 -0.000683693
0.52 0 -0.000111829 -0.000608657
0.53 0 -0.000111898 -0.000530572
0.54 0 -0.00011197 -0.000449051
0.55 0 -0.000112046 -0.000364104
0.56 0 -0.00011212 -0.000275967
0.57 0 -0.000112194 -0.000184995
0.58 0 -0.000112266 -9.14492e-05
0.59 0 -0.000112336 4.56004e-06
0.6 0 -0.000112404 0.000102964
0.61 0 -0.000112469 0.00020387
0.62 0 -0.000112529 0.000307438
0.63 0 -0.000112587 0.000413743
0.64 0 -0.000112642 0.00052308
0.65 0 -0.000112692 0.000635893
0.66 0 -0.00011274 0.000752481
0.67 0 -0.000112785 0.000872969
0.68 0 -0.000112825 0.000997713
0.69 0 -0.000112862 0.00112719
0.7 0 -0.000112895 0.00126162
0.71 0 -0.000112924 0.00140099
0.72 0 -0.000112948 0.00154518
0.73 0 -0.000112969 0.00169399
0.74 0 -0.000112984 0.001847
0.75 0 -0.000112996 0.00200337
0.76 0 -0.000113004 0.00216253
0.77 0 -0.000113009 0.00232467
0.78 0 -0.000113011 0.00248983
0.79 0 -0.000113003 0.00265752
0.8 0 -0.000112988 0.00282736
0.81 0 -0.000112973 0.00299942
0.82 0 -0.000112952 0.00317377
0.83 0 -0.000112925 0.00335055
0.84 0 -0.000112892 0.00352989
0.85 0 -0.000112856 0.00371153
0.86 0 -0.000112814 0.00389481
0.87 0 -0.000112768 0.00407936
0.88 0 -0.00011272 0.00426513
0.89 0 -0.00011267 0.00445173
0.9 0 -0.000112618 0.00463861
0.91 0 -0.000112564 0.00482507
0.92 0 -0.000112508 0.00501025
0.93 0 -0.000112451 0.00519318
0.94 0 -0.000112394 0.0053728
0.95 0 -0.000112336 0.00554793
0.96 0 -0.000112278 0.00571723
0.97 0 -0.000112217 0.0058789
0.98 0 -0.000112153 0.00603017
0.99 0 -0.000112103 0.00616623
1 0 -0.000112062 0.00627518
1.01 0 -0.000112035 0.00632306
1.02 0 -0.000112052 0.00629437
1.03 0 -0.000112157 0.00621266
1.04 0 -0.000112565 0.00610531
1.05 0 -0.000113057 0.00599088
1.06 0 -0.000113298 0.0058733
1.07 0 -0.000113342 0.00574795
1.08 0 -0.000113404 0.00561272
1.09 0 -0.000113513 0.00546884
1.1 0 -0.000113647 0.00531945
1.11 0 -0.000113783 0.00516746
1.12 0 -0.000113901 0.00501446
1.13 0 -0.000114013 0.00486089
1.14 0 -0.000114138 0.00470658
1.15 0 -0.000114262 0.00455107
1.16 0 -0.000114367 0.00439363
1.17 0 -0.000114462 0.00423345
1.18 0 -0.000114551 0.00407002
1.19 0 -0.000114648 0.00390261
1.2 0 -0.000114733 0.00373064
1.21 0 -0.000114807 0.00355428
1.22 0 -0.000114871 0.00337309
1.23 0 -0.000114938 0.00318638
1.24 0 -0.000115004 0.00299448
1.25 0 -0.000115059 0.00279799
1.26 0 -0.000115102 0.00259656
1.27 0 -0.000115144 0.00238951
1.28 0 -0.000115188 0.00217732
1.29 0 -0.000115227 0.00196097
1.3 0 -0.000115256 0.001741
1.31 0 -0.000115277 0.00151732
1.32 0 -0.000115297 0.00128916
1.33 0 -0.000115317 0.00105623
1.34 0 -0.000115333 0.00081954
1.35 0 -0.000115342 0.00058022
1.36 0 -0.000115349 0.000338988
1.37 0 -0.000115353 9.64494e-05
1.38 0 -0.000115356 -0.000146758
1.39 0 -0.000115349 -0.000389915
1.4 0 -0.000115333 -0.000632342
1.41 0 -0.000115308 -0.000874514
1.42 0 -0.000115281 -0.00111709
1.43 0 -0.000115252 -0.00135874
1.44 0 -0.00011522 -0.00159711
1.45 0 -0.000115184 -0.00183038
1.46 0 -0.000115147 -0.00205708
1.47 0 -0.000115108 -0.00227551
1.48 0 -0.000115067 -0.00248335
1.49 0 -0.00011503 -0.0026766
1.5 0 -0.000114999 -0.00284808
1.51 0 -0.000114965 -0.00298491
1.52 0 -0.000114941 -0.00305369
1.53 0 -0.000114946 -0.0030286
1.54 0 -0.000115066 -0.00293741
1.55 0 -0.000115394 -0.00282574
1.56 0 -0.000115435 -0.00270861
1.57 0 -0.00011546 -0.00258285
1.58 0 -0.000115544 -0.00244604
1.59 0 -0.000115632 -0.00229492
1.6 0 -0.000115773 -0.00212705
1.61 0 -0.000115895 -0.00194488
1.62 0 -0.000116035 -0.00175308
1.63 0 -0.000116145 -0.00155479
1.64 0 -0.000116272 -0.00135121
1.65 0 -0.000116372 -0.00114276
1.66 0 -0.000116464 -0.000929231
1.67 0 -0.000116543 -0.000710008
1.68 0 -0.000116614 -0.000484302
1.69 0 -0.00011668 -0.000251381
1.7 0 -0.000116735 -1.11449e-05
1.71 0 -0.000116775 0.000237106
1.72 0 -0.000116806 0.000494371
1.73 0 -0.000116838 0.000760573
1.74 0 -0.000116862 0.00103546
1.75 0 -0.000116874 0.00131991
1.76 0 -0.000116877 0.00161516
1.77 0 -0.000116881 0.00192136
1.78 0 -0.000116875 0.00223822
1.79 0 -0.00011685 0.00256522
1.8 0 -0.000116806 0.00290104
1.81 0 -0.000116746 0.00324473
1.82 0 -0.000116677 0.00359632
1.83 0 -0.000116603 0.00395603
1.84 0 -0.000116516 0.00432508
1.85 0 -0.000116415 0.00470586
1.86 0 -0.000116303 0.00509999
1.87 0 -0.000116181 0.00550627
1.88 0 -0.000116046 0.00592077
1.89 0 -0.000115899 0.00634052
1.9 0 -0.000115746 0.00676552
1.91 0 -0.000115591 0.00719631
1.92 0 -0.000115431 0.0076323
1.93 0 -0.000115266 0.00807183
1.94 0 -0.000115096 0.00851289
1.95 0 -0.000114924 0.00895375
1.96 0 -0.00011475 0.00939286
1.97 0 -0.000114575 0.00982857
1.98 0 -0.000114397 0.0102592
1.99 0 -0.000114219 0.0106827
2 0 -0.000114043 0.0110973
2.01 0 -0.000113869 0.0115008
2.02 0 -0.000113699 0.0118914
2.03 0 -0.000113528 0.0122676
2.04 0 -0.000113355 0.0126285
2.05 0 -0.000113195 0.012972
2.06 0 -0.000113043 0.0132934
2.07 0 -0.000112894 0.0135845
2.08 0 -0.000112774 0.0138288
2.09 0 -0.00011268 0.013994
2.1 0 -0.000112631 0.0140284
2.11 0 -0.000112876 0.0139432
2.12 0 -0.000113392 0.013821
2.13 0 -0.000114334 0.0136973
2.14 0 -0.000115593 0.0135631
2.15 0 -0.000117102 0.0134258
2.16 0 -0.000117214 0.0132902
2.17 0 -0.000117168 0.0131449
2.18 0 -0.00011735 0.0129832
2.19 0 -0.000117409 0.0128073
2.2 0 -0.00011762 0.0126203
2.21 0 -0.000117688 0.0124244
2.22 0 -0.00011781 0.0122207
2.23 0 -0.000117858 0.0120095
2.24 0 -0.000118005 0.0117912
2.25 0 -0.000118073 0.0115661
2.26 0 -0.000118144 0.0113345
2.27 0 -0.000118189 0.0110967
2.28 0 -0.000118237 0.0108529
2.29 0 -0.000118307 0.0106024
2.3 0 -0.000118336 0.0103458
2.31 0 -0.000118359 0.0100833
2.32 0 -0.000118373 0.00981401
2.33 0 -0.000118405 0.00953772
2.34 0 -0.000118425 0.00925528
2.35 0 -0.000118434 0.00896729
2.36 0 -0.000118431 0.00867395
2.37 0 -0.000118434 0.00837428
2.38 0 -0.000118438 0.00806539
2.39 0 -0.000118439 0.00774516
2.4 0 -0.000118435 0.00741372
2.41 0 -0.000118432 0.00707144
2.42 0 -0.000118435 0.0067181
2.43 0 -0.000118437 0.00635342
2.44 0 -0.000118435 0.00597714
2.45 0 -0.000118433 0.00558905
2.46 0 -0.000118432 0.00518906
2.47 0 -0.000118434 0.00477718
2.48 0 -0.000118435 0.0043536
2.49 0 -0.000118433 0.00391869
2.5 0 -0.000118432 0.00347301
2.51 0 -0.000118432 0.00301738
2.52 0 -0.000118429 0.00255291
2.53 0 -0.000118424 0.00208114
2.54 0 -0.000118425 0.00160435
2.55 0 -0.000118422 0.00112601
2.56 0 -0.000118429 0.000651871
2.57 0 -0.000118444 0.000193453
2.58 0 -0.000118419 -0.000228749
2.59 0 -0.000118416 -0.000571086
2.6 0 -0.000118446 -0.00078531
2.61 0 -0.000118481 -0.00086021
2.62 0 -0.00011843 -0.000826838
2.63 0 -0.000118412 -0.00074195
2.64 0 -0.000118439 -0.000648651
2.65 0 -0.000118484 -0.00054991
2.66 0 -0.000118555 -0.000432101
2.67 0 -0.00011858 -0.000290291
2.68 0 -0.000118672 -0.000127312
2.69 0 -0.000118784 5.29124e-05
2.7 0 -0.000118878 0.000246556
2.71 0 -0.000118953 0.000450311
2.72 0 -0.000118996 0.000661955
2.73 0 -0.000119053 0.000880086
2.74 0 -0.00011911 0.00110403
2.75 0 -0.000119142 0.00133348
2.76 0 -0.000119157 0.00156797
2.77 0 -0.000119166 0.00180818
2.78 0 -0.000119177 0.00205482
2.79 0 -0.000119185 0.00230847
2.8 0 -0.000119178 0.00257253
2.81 0 -0.000119173 0.00285227
2.82 0 -0.000119175 0.0031515
2.83 0 -0.000119178 0.00347187
2.84 0 -0.000119178 0.00381432
2.85 0 -0.000119174 0.00418065
2.86 0 -0.000119173 0.00457344
2.87 0 -0.000119174 0.00499558
2.88 0 -0.000119175 0.00545011
2.89 0 -0.000119174 0.00594003
2.9 0 -0.000119171 0.00646814
2.91 0 -0.00011917 0.00703678
2.92 0 -0.000119171 0.00764696
2.93 0 -0.000119171 0.00829825
2.94 0 -0.00011917 0.00899006
2.95 0 -0.000119169 0.00972228
2.96 0 -0.000119169 0.0104949
2.97 0 -0.000119169 0.0113079
2.98 0 -0.000119168 0.0121607
2.99 0 -0.000119167 0.0130528
3 0 -0.000119167 0.013983
3.01 0 -0.000119127 0.0149442
3.02 0 -0.000118937 0.0159155
3.03 0 -0.000118631 0.0168741
3.04 0 -0.000118311 0.0178094
3.05 0 -0.000117988 0.0187185
3.06 0 -0.000117665 0.0195977
3.07 0 -0.000117334 0.0204431
3.08 0 -0.000116994 0.0212547
3.09 0 -0.000116658 0.0220338
3.1 0 -0.000116327 0.0227751
3.11 0 -0.000115989 0.0234667
3.12 0 -0.000115698 0.0240899
3.13 0 -0.000115438 0.0246192
3.14 0 -0.000115219 0.0250091
3.15 0 -0.000115137 0.0252096
3.16 0 -0.000115249 0.0252109
3.17 0 -0.000115682 0.0250949
3.18 0 -0.000116051 0.0249791
3.19 0 -0.000116569 0.0249002
3.2 0 -0.000117396 0.0248227
3.21 0 -0.000118564 0.0247217
3.22 0 -0.000119307 0.0246139
3.23 0 -0.000119213 0.0245155
3.24 0 -0.000119228 0.024417
3.25 0 -0.000119449 0.0243026
3.26 0 -0.000119504 0.024166
3.27 0 -0.000119552 0.0240089
3.28 0 -0.000119582 0.0238355
3.29 0 -0.000119665 0.0236501
3.3 0 -0.00011984 0.0234556
3.31 0 -0.000119863 0.0232533
3.32 0 -0.000119874 0.0230442
3.33 0 -0.000119921 0.0228287
3.34 0 -0.000119993 0.0226075
3.35 0 -0.000120064 0.0223801
3.36 0 -0.000120063 0.0221466
3.37 0 -0.000120056 0.0219081
3.38 0 -0.000120093 0.0216643
3.39 0 -0.000120136 0.0214139
3.4 0 -0.000120146 0.0211566
3.41 0 -0.000120133 0.0208937
3.42 0 -0.000120125 0.0206277
3.43 0 -0.000120146 0.0203596
3.44 0 -0.000120158 0.0200881
3.45 0 -0.000120145 0.0198113
3.46 0 -0.000120133 0.0195281
3.47 0 -0.000120134 0.019238
3.48 0 -0.000120148 0.0189407
3.49 0 -0.000120149 0.018636
3.5 0 -0.000120138 0.018324
3.51 0 -0.000120132 0.0180049
3.52 0 -0.000120139 0.017679
3.53 0 -0.000120147 0.0173471
3.54 0 -0.000120139 0.01701
3.55 0 -0.000120127 0.0166688
3.56 0 -0.000120126 0.016325
3.57 0 -0.000120126 0.0159806
3.58 0 -0.000120141 0.0156387
3.59 0 -0.00012016 0.0153042
3.6 0 -0.000120142 0.0149844
3.61 0 -0.000120145 0.0146881
3.62 0 -0.000120156 0.0144233
3.63 0 -0.000120133 0.0141978
3.64 0 -0.000120151 0.0140208
3.65 0 -0.000120152 0.0139058
3.66 0 -0.000120131 0.0138705
3.67 0 -0.000120138 0.0139126
3.68 0 -0.000120141 0.0139983
3.69 0 -0.000120213 0.0140972
3.7 0 -0.000120252 0.0142039
3.71 0 -0.000120285 0.0143239
3.72 0 -0.000120355 0.0144604
3.73 0 -0.000120415 0.0146127
3.74 0 -0.000120479 0.0147786
3.75 0 -0.000120526 0.0149563
3.76 0 -0.000120565 0.0151445
3.77 0 -0.000120599 0.015342
3.78 0 -0.00012063 0.0155479
3.79 0 -0.000120646 0.0157624
3.8 0 -0.000120656 0.0159856
3.81 0 -0.00012066 0.0162168
3.82 0 -0.000120659 0.0164559
3.83 0 -0.000120661 0.0167055
3.84 0 -0.000120659 0.0169689
3.85 0 -0.000120659 0.0172479
3.86 0 -0.000120657 0.0175448
3.87 0 -0.000120656 0.0178618
3.88 0 -0.000120656 0.0182011
3.89 0 -0.000120655 0.0185647
3.9 0 -0.000120654 0.0189545
3.91 0 -0.000120655 0.019372
3.92 0 -0.000120654 0.0198185
3.93 0 -0.000120653 0.0202952
3.94 0 -0.000120652 0.020803
3.95 0 -0.000120652 0.0213428
3.96 0 -0.000120652 0.0219151
3.97 0 -0.000120652 0.0225205
3.98 0 -0.000120661 0.0231607
3.99 0 -0.000120662 0.0238386
4 0 -0.000120647 0.0245573
4.01 0 -0.000120641 0.0253183
4.02 0 -0.000120647 0.0261219
4.03 0 -0.000120665 0.0269717
4.04 0 -0.000120665 0.0278763
4.05 0 -0.000120644 0.0288406
4.06 0 -0.000120638 0.029863
4.07 0 -0.000120638 0.0309397
4.08 0 -0.000120628 0.0320638
4.09 0 -0.000120452 0.0332156
4.1 0 -0.000120082 0.0343646
4.11 0 -0.000119694 0.035485
4.12 0 -0.000119313 0.0365563
4.13 0 -0.000118917 0.037558
4.14 0 -0.000118582 0.0384695
4.15 0 -0.000118216 0.0392722
4.16 0 -0.000117839 0.0399502
4.17 0 -0.000117682 0.040491
4.18 0 -0.000117548 0.0408686
4.19 0 -0.000117322 0.0410632
4.2 0 -0.000117288 0.0410943
4.21 0 -0.000117455 0.0410231
4.22 0 -0.000117813 0.040931
4.23 0 -0.000118278 0.0408653
4.24 0 -0.00011856 0.040824
4.25 0 -0.000118875 0.0407845
4.26 0 -0.000119433 0.040728
4.27 0 -0.000120136 0.0406536
4.28 0 -0.000120636 0.0405706
4.29 0 -0.000120702 0.040478
4.3 0 -0.000120785 0.040368
4.31 0 -0.000120806 0.0402385
4.32 0 -0.000120863 0.0400928
4.33 0 -0.000120925 0.039935
4.34 0 -0.000120978 0.0397682
4.35 0 -0.000121072 0.0395947
4.36 0 -0.000121072 0.0394152
4.37 0 -0.000121113 0.0392303
4.38 0 -0.000121153 0.0390402
4.39 0 -0.000121187 0.038845
4.4 0 -0.000121218 0.0386444
4.41 0 -0.000121221 0.0384388
4.42 0 -0.000121233 0.0382284
4.43 0 -0.000121258 0.0380127
4.44 0 -0.000121271 0.0377915
4.45 0 -0.000121275 0.0375657
4.46 0 -0.000121274 0.0373363
4.47 0 -0.000121276 0.0371043
4.48 0 -0.000121285 0.0368699
4.49 0 -0.000121285 0.0366333
4.5 0 -0.000121279 0.0363941
4.51 0 -0.000121278 0.0361523
4.52 0 -0.000121281 0.0359082
4.53 0 -0.000121284 0.0356622
4.54 0 -0.000121277 0.035415
4.55 0 -0.000121273 0.0351674
4.56 0 -0.000121285 0.0349203
4.57 0 -0.000121288 0.0346749
4.58 0 -0.000121278 0.0344325
4.59 0 -0.000121276 0.0341945
4.6 0 -0.000121295 0.0339625
4.61 0 -0.0001213 0.0337384
4.62 0 -0.000121264 0.0335242
4.63 0 -0.000121263 0.0333222
4.64 0 -0.000121292 0.0331354
4.65 0 -0.00012129 0.0329672
4.66 0 -0.000121284 0.0328234
4.67 0 -0.000121272 0.0327116
4.68 0 -0.000121274 0.032645
4.69 0 -0.000121293 0.0326388
4.7 0 -0.000121289 0.0326878
4.71 0 -0.000121284 0.0327646
4.72 0 -0.000121299 0.0328501
4.73 0 -0.000121333 0.0329427
4.74 0 -0.000121374 0.0330467
4.75 0 -0.000121404 0.0331642
4.76 0 -0.000121438 0.0332955
4.77 0 -0.000121478 0.0334398
4.78 0 -0.000121514 0.0335962
4.79 0 -0.000121536 0.0337638
4.8 0 -0.000121547 0.0339421
4.81 0 -0.000121558 0.0341304
4.82 0 -0.000121572 0.0343274
4.83 0 -0.000121577 0.0345318
4.84 0 -0.000121573 0.0347443
4.85 0 -0.000121569 0.0349682
4.86 0 -0.00012157 0.0352056
4.87 0 -0.000121574 0.0354576
4.88 0 -0.000121576 0.035725
4.89 0 -0.000121584 0.0360087
4.9 0 -0.000121588 0.0363091
4.91 0 -0.000121566 0.0366269
4.92 0 -0.000121557 0.0369627
4.93 0 -0.000121574 0.0373171
4.94 0 -0.000121591 0.0376907
4.95 0 -0.000121593 0.0380842
4.96 0 -0.000121566 0.0384982
4.97 0 -0.000121548 0.0389338
4.98 0 -0.000121571 0.0393919
4.99 0 -0.000121587 0.0398733
5 0 -0.000121575 0.0403787
5.01 0 -0.00012157 0.0409085
5.02 0 -0.000121576 0.0414638
5.03 0 -0.000121572 0.0420457
5.04 0 -0.000121573 0.0426561
5.05 0 -0.000121579 0.0432985
5.06 0 -0.000121569 0.0439765
5.07 0 -0.000121556 0.0446925
5.08 0 -0.000121567 0.0454471
5.09 0 -0.000121575 0.0462395
5.1 0 -0.000121565 0.0470718
5.11 0 -0.000121551 0.0479498
5.12 0 -0.000121556 0.0488763
5.13 0 -0.000121555 0.0498452
5.14 0 -0.000121336 0.0508375
5.15 0 -0.000121017 0.0518269
5.16 0 -0.00012075 0.052791
5.17 0 -0.000120413 0.0537131
5.18 0 -0.000120045 0.0545797
5.19 0 -0.000119729 0.0553764
5.2 0 -0.000119482 0.0560847
5.21 0 -0.000119228 0.0566869
5.22 0 -0.000118915 0.0571729
5.23 0 -0.000118734 0.0575325
5.24 0 -0.000118615 0.0577526
5.25 0 -0.000118575 0.0578348
5.26 0 -0.000118631 0.057806
5.27 0 -0.000118811 0.0577256
5.28 0 -0.00011925 0.0576549
5.29 0 -0.000119584 0.0576094
5.3 0 -0.000119895 0.0575661
5.31 0 -0.000120457 0.0575043
5.32 0 -0.000121113 0.0574279
5.33 0 -0.000121656 0.0573472
5.34 0 -0.000121752 0.0572601
5.35 0 -0.000121783 0.0571594
5.36 0 -0.00012177 0.0570439
5.37 0 -0.000121797 0.0569163
5.38 0 -0.000121861 0.0567791
5.39 0 -0.000121908 0.0566339
5.4 0 -0.000121963 0.0564819
5.41 0 -0.000121923 0.0563238
5.42 0 -0.000121967 0.0561602
5.43 0 -0.000122004 0.0559912
5.44 0 -0.000122027 0.0558172
5.45 0 -0.000122032 0.0556386
5.46 0 -0.000122019 0.0554553
5.47 0 -0.00012204 0.0552672
5.48 0 -0.000122064 0.0550752
5.49 0 -0.000122065 0.05488
5.5 0 -0.000122054 0.0546821
5.51 0 -0.000122053 0.0544818
5.52 0 -0.000122062 0.0542799
5.53 0 -0.000122072 0.0540771
5.54 0 -0.000122064 0.0538742
5.55 0 -0.000122055 0.0536713
5.56 0 -0.000122059 0.0534687
5.57 0 -0.000122065 0.0532672
5.58 0 -0.000122067 0.0530673
5.59 0 -0.00012206 0.0528698
5.6 0 -0.000122057 0.0526757
5.61 0 -0.000122061 0.052486
5.62 0 -0.000122064 0.0523019
5.63 0 -0.000122063 0.0521249
5.64 0 -0.00012206 0.0519567
5.65 0 -0.00012206 0.0517997
5.66 0 -0.000122064 0.0516565
5.67 0 -0.000122065 0.0515309
5.68 0 -0.000122062 0.0514278
5.69 0 -0.00012206 0.0513535
5.7 0 -0.000122061 0.0513164
5.71 0 -0.000122064 0.0513228
5.72 0 -0.000122064 0.0513667
5.73 0 -0.000122066 0.0514306
5.74 0 -0.000122078 0.0515031
5.75 0 -0.000122098 0.0515838
5.76 0 -0.000122123 0.0516755
5.77 0 -0.000122147 0.0517791
5.78 0 -0.000122169 0.0518947
5.79 0 -0.00012219 0.0520224
5.8 0 -0.000122208 0.0521621
5.81 0 -0.00012222 0.0523139
5.82 0 -0.000122227 0.0524774
5.83 0 -0.000122232 0.0526519
5.84 0 -0.000122234 0.0528365
5.85 0 -0.000122235 0.0530317
5.86 0 -0.000122234 0.0532393
5.87 0 -0.000122233 0.0534604
5.88 0 -0.000122234 0.0536957
5.89 0 -0.000122237 0.0539453
5.9 0 -0.000122253 0.0542094
5.91 0 -0.000122253 0.0544882
5.92 0 -0.000122217 0.0547818
5.93 0 -0.000122217 0.0550901
5.94 0 -0.000122245 0.0554134
5.95 0 -0.000122253 0.0557517
5.96 0 -0.000122253 0.0561052
5.97 0 -0.000122225 0.0564742
5.98 0 -0.00012221 0.0568589
5.99 0 -0.000122238 0.0572598
6 0 -0.000122252 0.0576773
6.01 0 -0.00012225 0.0581119
6.02 0 -0.00012223 0.0585643
6.03 0 -0.000122211 0.0590352
6.04 0 -0.000122243 0.0595259
6.05 0 -0.000122258 0.0600378
6.06 0 -0.000122236 0.0605735
6.07 0 -0.000122221 0.0611367
6.08 0 -0.000122221 0.0617314
6.09 0 -0.000122238 0.0623611
6.1 0 -0.000122249 0.0630308
6.11 0 -0.000122229 0.0637479
6.12 0 -0.000122195 0.0645155
6.13 0 -0.000122091 0.0653274
6.14 0 -0.000121908 0.0661695
6.15 0 -0.000121642 0.067029
6.16 0 -0.00012135 0.067897
6.17 0 -0.0001211 0.0687673
6.18 0 -0.000120804 0.0696315
6.19 0 -0.000120437 0.0704784
6.2 0 -0.000120087 0.0712951
6.21 0 -0.000119745 0.0720677
6.22 0 -0.000119415 0.0727813
6.23 0 -0.000119175 0.073419
6.24 0 -0.000118893 0.0739624
6.25 0 -0.000118574 0.0743965
6.26 0 -0.000118398 0.0747024
6.27 0 -0.000118315 0.0748616
6.28 0 -0.000118344 0.0748794
6.29 0 -0.000118596 0.0748083
6.3 0 -0.000118975 0.0747242
6.31 0 -0.000119551 0.0746662
6.32 0 -0.000119956 0.07462
6.33 0 -0.000120587 0.0745605
6.34 0 -0.000121327 0.0744886
6.35 0 -0.000121964 0.0744177
6.36 0 -0.000122375 0.0743491
6.37 0 -0.000122408 0.0742735
6.38 0 -0.000122389 0.0741849
6.39 0 -0.000122376 0.0740837
6.4 0 -0.000122412 0.0739719
6.41 0 -0.000122468 0.0738513
6.42 0 -0.000122509 0.073723
6.43 0 -0.000122481 0.073588
6.44 0 -0.000122476 0.0734468
6.45 0 -0.000122516 0.0733
6.46 0 -0.000122541 0.0731479
6.47 0 -0.000122545 0.0729908
6.48 0 -0.000122524 0.0728289
6.49 0 -0.000122528 0.0726626
6.5 0 -0.000122552 0.0724924
6.51 0 -0.00012256 0.0723186
6.52 0 -0.000122546 0.0721417
6.53 0 -0.000122536 0.0719623
6.54 0 -0.000122543 0.0717812
6.55 0 -0.000122556 0.0715986
6.56 0 -0.000122554 0.0714152
6.57 0 -0.000122542 0.0712315
6.58 0 -0.000122541 0.0710484
6.59 0 -0.000122549 0.0708666
6.6 0 -0.000122553 0.0706869
6.61 0 -0.000122547 0.0705104
6.62 0 -0.000122541 0.0703381
6.63 0 -0.000122546 0.0701713
6.64 0 -0.000122551 0.0700115
6.65 0 -0.00012255 0.0698602
6.66 0 -0.000122546 0.0697196
6.67 0 -0.000122544 0.0695916
6.68 0 -0.000122547 0.069479
6.69 0 -0.00012255 0.0693853
6.7 0 -0.000122549 0.0693139
6.71 0 -0.000122545 0.0692692
6.72 0 -0.000122546 0.069256
6.73 0 -0.000122549 0.0692738
6.74 0 -0.000122553 0.0693145
6.75 0 -0.000122557 0.0693688
6.76 0 -0.000122565 0.0694325
6.77 0 -0.000122581 0.0695061
6.78 0 -0.000122597 0.0695913
6.79 0 -0.000122611 0.0696892
6.8 0 -0.000122622 0.0698006
6.81 0 -0.000122631 0.0699262
6.82 0 -0.000122639 0.0700657
6.83 0 -0.000122643 0.0702189
6.84 0 -0.000122643 0.0703857
6.85 0 -0.000122643 0.070567
6.86 0 -0.000122643 0.070764
6.87 0 -0.000122644 0.0709777
6.88 0 -0.000122644 0.0712081
6.89 0 -0.000122643 0.0714551
6.9 0 -0.000122643 0.0717187
6.91 0 -0.000122646 0.0719987
6.92 0 -0.00012266 0.0722952
6.93 0 -0.000122666 0.0726078
6.94 0 -0.000122645 0.0729364
6.95 0 -0.000122639 0.073281
6.96 0 -0.000122644 0.0736413
6.97 0 -0.000122654 0.0740177
6.98 0 -0.000122667 0.0744105
6.99 0 -0.000122641 0.0748205
7 0 -0.000122628 0.0752486
7.01 0 -0.000122656 0.0756964
7.02 0 -0.00012266 0.076166
7.03 0 -0.000122649 0.0766605
7.04 0 -0.000122635 0.077184
7.05 0 -0.000122632 0.0777408
7.06 0 -0.000122648 0.078335
7.07 0 -0.000122653 0.0789721
7.08 0 -0.000122643 0.0796592
7.09 0 -0.00012263 0.0804023
7.1 0 -0.000122556 0.0812011
7.11 0 -0.000122392 0.0820479
7.12 0 -0.000122186 0.0829338
7.13 0 -0.000121939 0.0838522
7.14 0 -0.000121636 0.0847976
7.15 0 -0.000121319 0.0857638
7.16 0 -0.000120978 0.0867417
7.17 0 -0.00012055 0.0877199
7.18 0 -0.000120106 0.0886852
7.19 0 -0.000119656 0.0896227
7.2 0 -0.000119184 0.0905154
7.21 0 -0.000118726 0.091344
7.22 0 -0.000118277 0.0920865
7.23 0 -0.000117875 0.0927191
7.24 0 -0.000117609 0.0932225
7.25 0 -0.000117338 0.0935726
7.26 0 -0.000117137 0.0937474
7.27 0 -0.000117141 0.0937554
7.28 0 -0.000117744 0.0936673
7.29 0 -0.000118506 0.0935774
7.3 0 -0.000119143 0.0935227
7.31 0 -0.000119638 0.0934753
7.32 0 -0.000120494 0.0934055
7.33 0 -0.000121456 0.0933236
7.34 0 -0.000122131 0.0932491
7.35 0 -0.000122683 0.0931805
7.36 0 -0.00012266 0.0931077
7.37 0 -0.000122663 0.0930252
7.38 0 -0.00012271 0.0929339
7.39 0 -0.000122677 0.0928351
7.4 0 -0.00012273 0.092729
7.41 0 -0.00012275 0.0926155
7.42 0 -0.000122741 0.092495
7.43 0 -0.000122749 0.0923678
7.44 0 -0.000122759 0.0922343
7.45 0 -0.000122765 0.0920947
7.46 0 -0.000122784 0.0919493
7.47 0 -0.000122767 0.0917984
7.48 0 -0.00012277 0.0916423
7.49 0 -0.000122777 0.0914813
7.5 0 -0.000122778 0.0913156
7.51 0 -0.00012278 0.0911457
7.52 0 -0.000122773 0.0909719
7.53 0 -0.000122773 0.0907945
7.54 0 -0.000122779 0.090614
7.55 0 -0.000122779 0.0904311
7.56 0 -0.000122776 0.0902463
7.57 0 -0.000122774 0.0900606
7.58 0 -0.000122775 0.0898745
7.59 0 -0.000122778 0.089689
7.6 0 -0.000122777 0.0895049
7.61 0 -0.000122774 0.0893232
7.62 0 -0.000122774 0.0891448
7.63 0 -0.000122777 0.0889708
7.64 0 -0.000122778 0.0888025
7.65 0 -0.000122776 0.0886411
7.66 0 -0.000122775 0.088488
7.67 0 -0.000122775 0.0883449
7.68 0 -0.000122777 0.0882133
7.69 0 -0.000122777 0.088095
7.7 0 -0.000122775 0.0879921
7.71 0 -0.000122775 0.087907
7.72 0 -0.000122776 0.0878418
7.73 0 -0.000122777 0.0877988
7.74 0 -0.000122776 0.0877812
7.75 0 -0.000122775 0.0877892
7.76 0 -0.000122777 0.0878186
7.77 0 -0.000122781 0.087863
7.78 0 -0.000122787 0.0879181
7.79 0 -0.000122796 0.0879835
7.8 0 -0.000122806 0.0880613
7.81 0 -0.000122816 0.0881533
7.82 0 -0.000122825 0.0882623
7.83 0 -0.000122829 0.08839
7.84 0 -0.000122832 0.0885348
7.85 0 -0.000122832 0.0886953
7.86 0 -0.000122832 0.0888718
7.87 0 -0.000122833 0.0890651
7.88 0 -0.000122832 0.0892756
7.89 0 -0.000122832 0.0895034
7.9 0 -0.000122832 0.0897487
7.91 0 -0.000122832 0.0900112
7.92 0 -0.000122834 0.0902909
7.93 0 -0.000122847 0.0905876
7.94 0 -0.00012285 0.090901
7.95 0 -0.000122825 0.091231
7.96 0 -0.000122835 0.0915772
7.97 0 -0.000122853 0.0919394
7.98 0 -0.000122834 0.0923175
7.99 0 -0.000122841 0.0927115
8 0 -0.000122839 0.0931219
8.01 0 -0.000122824 0.0935492
8.02 0 -0.000122842 0.0939944
8.03 0 -0.000122846 0.0944589
8.04 0 -0.000122832 0.0949445
8.05 0 -0.000122832 0.0954541
8.06 0 -0.000122832 0.0959913
8.07 0 -0.000122834 0.0965603
8.08 0 -0.000122832 0.0971651
8.09 0 -0.000122828 0.0978104
8.1 0 -0.000122834 0.0985031
8.11 0 -0.000122828 0.0992498
8.12 0 -0.000122809 0.100054
8.13 0 -0.000122681 0.100912
8.14 0 -0.000122487 0.101816
8.15 0 -0.000122253 0.102759
8.16 0 -0.000121984 0.10373
8.17 0 -0.000121674 0.104721
8.18 0 -0.000121291 0.10572
8.19 0 -0.000120868 0.106714
8.2 0 -0.000120423 0.107686
8.21 0 -0.000119947 0.108614
8.22 0 -0.000119472 0.109478
8.23 0 -0.000119031 0.110254
8.24 0 -0.000118618 0.110916
8.25 0 -0.000118265 0.111445
8.26 0 -0.00011792 0.111822
8.27 0 -0.000117766 0.112029
8.28 0 -0.000117748 0.112077
8.29 0 -0.000117964 0.112021
8.3 0 -0.000118688 0.11194
8.31 0 -0.000119326 0.111885
8.32 0 -0.000119691 0.11185
8.33 0 -0.00012025 0.111806
8.34 0 -0.000120985 0.111742
8.35 0 -0.000121642 0.111671
8.36 0 -0.000122284 0.111601
8.37 0 -0.000122847 0.11153
8.38 0 -0.00012291 0.111452
8.39 0 -0.000122846 0.111362
8.4 0 -0.000122847 0.111262
8.41 0 -0.000122851 0.111155
8.42 0 -0.000122915 0.111042
8.43 0 -0.00012294 0.110924
8.44 0 -0.000122888 0.110801
8.45 0 -0.000122872 0.110676
8.46 0 -0.000122907 0.110547
8.47 0 -0.000122922 0.110412
8.48 0 -0.00012292 0.110272
8.49 0 -0.000122885 0.110127
8.5 0 -0.000122887 0.109977
8.51 0 -0.000122915 0.109823
8.52 0 -0.000122918 0.109664
8.53 0 -0.000122903 0.109502
8.54 0 -0.00012289 0.109337
8.55 0 -0.000122899 0.109168
8.56 0 -0.000122915 0.108998
8.57 0 -0.000122911 0.108827
8.58 0 -0.000122897 0.108656
8.59 0 -0.000122896 0.108484
8.6 0 -0.000122905 0.108314
8.61 0 -0.000122911 0.108147
8.62 0 -0.000122905 0.107982
8.63 0 -0.000122898 0.107821
8.64 0 -0.000122901 0.107666
8.65 0 -0.000122908 0.107517
8.66 0 -0.000122907 0.107375
8.67 0 -0.000122902 0.107243
8.68 0 -0.0001229 0.107121
8.69 0 -0.000122904 0.10701
8.7 0 -0.000122907 0.106913
8.71 0 -0.000122905 0.10683
8.72 0 -0.000122902 0.106764
8.73 0 -0.000122902 0.106715
8.74 0 -0.000122905 0.106687
8.75 0 -0.000122906 0.106681
8.76 0 -0.000122904 0.106698
8.77 0 -0.000122902 0.106733
8.78 0 -0.000122904 0.106777
8.79 0 -0.000122905 0.106825
8.8 0 -0.000122904 0.106881
8.81 0 -0.000122903 0.106953
8.82 0 -0.000122903 0.107045
8.83 0 -0.000122904 0.107157
8.84 0 -0.000122905 0.107289
8.85 0 -0.000122904 0.107438
8.86 0 -0.000122903 0.107606
8.87 0 -0.000122904 0.107793
8.88 0 -0.000122904 0.107997
8.89 0 -0.000122904 0.10822
8.9 0 -0.000122903 0.10846
8.91 0 -0.000122905 0.108718
8.92 0 -0.00012292 0.108994
8.93 0 -0.000122922 0.109287
8.94 0 -0.000122905 0.109597
8.95 0 -0.000122909 0.109924
8.96 0 -0.000122913 0.110268
8.97 0 -0.000122918 0.110628
8.98 0 -0.00012292 0.111006
8.99 0 -0.000122896 0.111402
9 0 -0.00012291 0.111817
9.01 0 -0.000122921 0.112253
9.02 0 -0.000122905 0.112711
9.03 0 -0.000122909 0.113196
9.04 0 -0.000122903 0.11371
9.05 0 -0.000122904 0.11426
9.06 0 -0.000122906 0.114849
9.07 0 -0.000122901 0.115483
9.08 0 -0.000122906 0.11617
9.09 0 -0.000122898 0.11692
9.1 0 -0.000122878 0.117737
9.11 0 -0.00012276 0.118624
9.12 0 -0.000122568 0.119574
9.13 0 -0.000122328 0.120581
9.14 0 -0.000121985 0.121638
9.15 0 -0.000121576 0.122735
9.16 0 -0.000121125 0.123859
9.17 0 -0.000120575 0.124992
9.18 0 -0.000119971 0.126111
9.19 0 -0.00011931 0.127191
9.2 0 -0.000118593 0.128204
9.21 0 -0.000117972 0.129119
9.22 0 -0.000117289 0.129906
9.23 0 -0.000116749 0.130539
9.24 0 -0.000116405 0.130994
9.25 0 -0.000116096 0.13125
9.26 0 -0.000116015 0.131313
9.27 0 -0.000116368 0.131248
9.28 0 -0.000117464 0.131154
9.29 0 -0.00011839 0.131091
9.3 0 -0.000119019 0.131039
9.31 0 -0.000120076 0.130961
9.32 0 -0.000121093 0.130868
9.33 0 -0.000121987 0.13078
9.34 0 -0.000122726 0.130697
9.35 0 -0.000122948 0.130608
9.36 0 -0.000122875 0.13051
9.37 0 -0.000122874 0.130409
9.38 0 -0.000122878 0.130307
9.39 0 -0.000122918 0.130203
9.4 0 -0.000122947 0.130094
9.41 0 -0.00012287 0.129979
9.42 0 -0.000122874 0.129859
9.43 0 -0.000122908 0.129733
9.44 0 -0.000122917 0.129602
9.45 0 -0.000122914 0.129466
9.46 0 -0.000122878 0.129325
9.47 0 -0.000122886 0.129178
9.48 0 -0.000122915 0.129026
9.49 0 -0.000122912 0.128869
9.5 0 -0.000122896 0.128707
9.51 0 -0.000122887 0.128541
9.52 0 -0.000122897 0.12837
9.53 0 -0.000122912 0.128196
9.54 0 -0.000122905 0.128018
9.55 0 -0.000122892 0.127838
9.56 0 -0.000122894 0.127656
9.57 0 -0.000122903 0.127473
9.58 0 -0.000122907 0.12729
9.59 0 -0.0001229 0.127107
9.6 0 -0.000122893 0.126925
9.61 0 -0.000122898 0.126746
9.62 0 -0.000122904 0.12657
9.63 0 -0.000122904 0.126397
9.64 0 -0.000122898 0.12623
9.65 0 -0.000122895 0.126069
9.66 0 -0.0001229 0.125915
9.67 0 -0.000122903 0.12577
9.68 0 -0.000122901 0.125635
9.69 0 -0.000122898 0.12551
9.7 0 -0.000122898 0.125398
9.71 0 -0.000122901 0.125299
9.72 0 -0.000122902 0.125215
9.73 0 -0.0001229 0.125147
9.74 0 -0.000122897 0.125097
9.75 0 -0.0001229 0.125067
9.76 0 -0.000122902 0.12506
9.77 0 -0.000122901 0.125076
9.78 0 -0.000122899 0.125109
9.79 0 -0.000122898 0.125151
9.8 0 -0.000122901 0.125197
9.81 0 -0.000122901 0.12525
9.82 0 -0.0001229 0.125319
9.83 0 -0.000122899 0.125408
9.84 0 -0.0001229 0.125517
9.85 0 -0.000122901 0.125645
9.86 0 -0.0001229 0.125792
9.87 0 -0.000122899 0.125958
9.88 0 -0.000122899 0.126142
9.89 0 -0.0001229 0.126344
9.9 0 -0.000122901 0.126563
9.91 0 -0.0001229 0.126801
9.92 0 -0.000122899 0.127056
9.93 0 -0.0001229 0.127329
9.94 0 -0.000122912 0.127618
9.95 0 -0.000122918 0.127925
9.96 0 -0.000122898 0.128247
9.97 0 -0.000122899 0.128586
9.98 0 -0.000122912 0.12894
9.99 0 -0.000122903 0.12931
10 0 -0.000122911 0.129695
10.01 0 -0.000122911 0.130096
10.02 0 -0.000122897 0.130511
10.03 0 -0.000122904 0.130943
10.04 0 -0.000122915 0.131392
10.05 0 -0.000122912 0.131859
10.06 0 -0.000122899 0.132347
10.07 0 -0.000122894 0.132858
10.08 0 -0.000122914 0.133396
10.09 0 -0.000122917 0.133965
10.1 0 -0.0001229 0.134569
10.11 0 -0.000122895 0.135215
10.12 0 -0.000122905 0.135911
10.13 0 -0.000122912 0.136667
10.14 0 -0.000122904 0.137492
10.15 0 -0.000122794 0.138391
10.16 0 -0.00012257 0.139359
10.17 0 -0.000122296 0.140388
10.18 0 -0.000121931 0.14147
10.19 0 -0.000121463 0.142597
10.2 0 -0.000120897 0.143755
10.21 0 -0.000120233 0.14493
10.22 0 -0.000119465 0.146103
10.23 0 -0.00011861 0.147254
10.24 0 -0.000117684 0.148365
10.25 0 -0.000116712 0.149417
10.26 0 -0.000115726 0.150397
10.27 0 -0.000114744 0.151293
10.28 0 -0.000113797 0.152101
10.29 0 -0.000112905 0.152816
10.3 0 -0.000112089 0.153439
10.31 0 -0.000111359 0.153973
10.32 0 -0.000110722 0.154421
10.33 0 -0.000110182 0.15479
10.34 0 -0.000109743 0.155084
10.35 0 -0.000109403 0.155308
10.36 0 -0.000109158 0.155467
10.37 0 -0.000109004 0.155566
10.38 0 -0.000108937 0.155608
10.39 0 -0.000108948 0.155595
10.4 0 -0.000108958 0.155548
10.41 0 -0.000109931 0.155489
10.42 0 -0.0001114 0.155418
10.43 0 -0.000113047 0.155327
10.44 0 -0.00011498 0.155225
10.45 0 -0.000117182 0.15512
10.46 0 -0.000118926 0.155017
10.47 0 -0.000120058 0.15492
10.48 0 -0.000121238 0.154829
10.49 0 -0.000122234 0.15474
10.5 0 -0.000123076 0.154654
10.51 0 -0.000123142 0.15457
10.52 0 -0.00012286 0.154489
10.53 0 -0.000122739 0.15441
10.54 0 -0.000122771 0.154329
10.55 0 -0.000122963 0.154246
10.56 0 -0.000123005 0.154163
10.57 0 -0.000122811 0.15408
10.58 0 -0.00012275 0.153998
10.59 0 -0.000122885 0.153918
10.6 0 -0.000122948 0.153839
10.61 0 -0.000122917 0.153763
10.62 0 -0.000122799 0.153689
10.63 0 -0.000122812 0.153618
10.64 0 -0.000122914 0.15355
10.65 0 -0.000122924 0.153485
10.66 0 -0.000122861 0.153424
10.67 0 -0.000122818 0.153366
10.68 0 -0.000122857 0.153311
10.69 0 -0.000122911 0.153261
10.7 0 -0.000122894 0.153214
10.71 0 -0.000122843 0.153172
10.72 0 -0.000122843 0.153135
10.73 0 -0.000122879 0.153102
10.74 0 -0.000122898 0.153075
10.75 0 -0.000122871 0.153053
10.76 0 -0.000122847 0.153037
10.77 0 -0.000122862 0.153027
10.78 0 -0.000122885 0.153026
10.79 0 -0.000122883 0.153032
10.8 0 -0.000122862 0.153047
10.81 0 -0.000122856 0.153067
10.82 0 -0.000122872 0.153092
10.83 0 -0.000122882 0.153118
10.84 0 -0.000122872 0.153143
10.85 0 -0.000122864 0.153167
10.86 0 -0.000122868 0.153188
10.87 0 -0.000122879 0.153211
10.88 0 -0.00012288 0.153234
10.89 0 -0.000122871 0.153259
10.9 0 -0.000122866 0.153285
10.91 0 -0.000122873 0.153312
10.92 0 -0.000122881 0.15334
10.93 0 -0.000122876 0.15337
10.94 0 -0.000122868 0.153401
10.95 0 -0.00012287 0.153433
10.96 0 -0.000122876 0.153467
10.97 0 -0.000122878 0.153502
10.98 0 -0.000122872 0.153539
10.99 0 -0.00012287 0.153578
11 0 -0.000122874 0.153619
11.01 0 -0.000122876 0.153663
11.02 0 -0.000122874 0.153709
11.03 0 -0.000122871 0.153758
11.04 0 -0.000122872 0.153811
11.05 0 -0.000122875 0.153866
11.06 0 -0.000122875 0.153924
11.07 0 -0.000122873 0.153985
11.08 0 -0.000122872 0.15405
11.09 0 -0.000122873 0.154118
11.1 0 -0.000122874 0.15419
11.11 0 -0.000122876 0.154265
11.12 0 -0.000122875 0.154344
11.13 0 -0.000122872 0.154427
11.14 0 -0.000122872 0.154514
11.15 0 -0.000122875 0.154604
11.16 0 -0.000122874 0.154699
11.17 0 -0.000122873 0.154799
11.18 0 -0.000122873 0.154903
11.19 0 -0.000122875 0.155012
11.2 0 -0.000122875 0.155127
11.21 0 -0.000122874 0.155246
11.22 0 -0.000122873 0.155372
11.23 0 -0.000122874 0.155503
11.24 0 -0.000122874 0.155641
11.25 0 -0.000122875 0.155786
11.26 0 -0.000122874 0.155938
11.27 0 -0.000122872 0.156098
11.28 0 -0.000122873 0.156266
11.29 0 -0.000122874 0.156443
11.3 0 -0.000122874 0.156629
11.31 0 -0.000122873 0.156824
11.32 0 -0.000122873 0.157029
11.33 0 -0.000122875 0.157244
11.34 0 -0.000122875 0.157472
11.35 0 -0.000122874 0.157713
11.36 0 -0.000122872 0.157968
11.37 0 -0.000122879 0.158237
11.38 0 -0.000122861 0.158518
11.39 0 -0.000122815 0.15881
11.4 0 -0.000122755 0.15911
11.41 0 -0.000122678 0.159415
11.42 0 -0.000122593 0.159724
11.43 0 -0.0001225 0.160033
11.44 0 -0.000122395 0.160344
11.45 0 -0.000122281 0.160653
11.46 0 -0.000122162 0.16096
11.47 0 -0.000122036 0.161264
11.48 0 -0.000121904 0.161563
11.49 0 -0.000121764 0.161855
11.5 0 -0.000121621 0.16214
11.51 0 -0.000121476 0.162416
11.52 0 -0.00012133 0.162682
11.53 0 -0.000121181 0.162938
11.54 0 -0.000121032 0.163182
11.55 0 -0.000120886 0.163415
11.56 0 -0.000120743 0.163636
11.57 0 -0.000120604 0.163845
11.58 0 -0.000120467 0.164041
11.59 0 -0.000120336 0.164225
11.6 0 -0.000120211 0.164396
11.61 0 -0.000120093 0.164555
11.62 0 -0.000119981 0.164702
11.63 0 -0.000119876 0.164836
11.64 0 -0.000119779 0.164959
11.65 0 -0.000119689 0.165071
11.66 0 -0.000119608 0.165171
11.67 0 -0.000119534 0.16526
11.68 0 -0.000119468 0.165339
11.69 0 -0.000119411 0.165407
11.7 0 -0.000119361 0.165466
11.71 0 -0.00011932 0.165515
11.72 0 -0.000119286 0.165554
11.73 0 -0.000119259 0.165585
11.74 0 -0.00011924 0.165606
11.75 0 -0.000119229 0.16562
11.76 0 -0.000119223 0.165626
11.77 0 -0.000119224 0.165624
11.78 0 -0.000119224 0.165617
11.79 0 -0.000119224 0.165606
11.8 0 -0.000119222 0.165593
11.81 0 -0.000119327 0.16558
11.82 0 -0.000119477 0.165566
11.83 0 -0.000119593 0.165549
11.84 0 -0.000119753 0.16553
11.85 0 -0.000119898 0.165512
11.86 0 -0.00012004 0.165494
11.87 0 -0.000120261 0.165477
11.88 0 -0.000120468 0.165459
11.89 0 -0.000120614 0.165439
11.9 0 -0.000120809 0.165416
11.91 0 -0.000121071 0.165389
11.92 0 -0.000121379 0.165361
11.93 0 -0.000121658 0.165331
11.94 0 -0.000121878 0.165301
11.95 0 -0.000122108 0.165272
11.96 0 -0.000122349 0.165246
11.97 0 -0.000122529 0.165223
11.98 0 -0.000122645 0.165203
11.99 0 -0.000122725 0.165188
12 0 -0.000122798 0.165176
12.01 0 -0.000122823 0.165169
12.02 0 -0.000122839 0.165166
12.03 0 -0.000122852 0.165167
12.04 0 -0.00012285 0.165174
12.05 0 -0.000122869 0.165186
12.06 0 -0.000122873 0.165206
12.07 0 -0.000122858 0.165232
12.08 0 -0.000122857 0.165266
12.09 0 -0.000122867 0.165307
12.1 0 -0.000122868 0.165353
12.11 0 -0.000122866 0.165405
12.12 0 -0.000122859 0.165461
12.13 0 -0.000122861 0.165521
12.14 0 -0.000122868 0.165585
12.15 0 -0.000122867 0.165652
12.16 0 -0.000122863 0.165723
12.17 0 -0.000122861 0.165796
12.18 0 -0.000122864 0.165873
12.19 0 -0.000122867 0.165953
12.2 0 -0.000122865 0.166035
12.21 0 -0.000122862 0.166119
12.22 0 -0.000122849 0.166203
12.23 0 -0.000122833 0.166288
12.24 0 -0.000122816 0.166375
12.25 0 -0.000122793 0.166462
12.26 0 -0.000122772 0.166551
12.27 0 -0.000122748 0.166643
12.28 0 -0.000122721 0.166736
12.29 0 -0.000122695 0.166832
12.3 0 -0.000122669 0.166928
12.31 0 -0.00012264 0.167026
12.32 0 -0.000122606 0.167125
12.33 0 -0.000122572 0.167225
12.34 0 -0.000122541 0.167326
12.35 0 -0.000122509 0.167428
12.36 0 -0.000122472 0.167531
12.37 0 -0.000122433 0.167634
12.38 0 -0.000122394 0.167738
12.39 0 -0.000122356 0.167843
12.4 0 -0.000122315 0.167948
12.41 0 -0.000122271 0.168055
12.42 0 -0.000122226 0.168162
12.43 0 -0.000122181 0.168269
12.44 0 -0.000122135 0.168376
12.45 0 -0.000122087 0.168484
12.46 0 -0.000122037 0.168591
12.47 0 -0.000121987 0.168698
12.48 0 -0.000121936 0.168804
12.49 0 -0.000121885 0.168909
12.5 0 -0.000121832 0.169014
12.51 0 -0.000121779 0.169117
12.52 0 -0.000121725 0.169219
12.53 0 -0.000121672 0.169319
12.54 0 -0.000121618 0.169418
12.55 0 -0.000121564 0.169515
12.56 0 -0.00012151 0.16961
12.57 0 -0.000121457 0.169703
12.58 0 -0.000121404 0.169793
12.59 0 -0.000121351 0.169882
12.6 0 -0.000121299 0.169968
12.61 0 -0.000121248 0.170051
12.62 0 -0.000121197 0.170132
12.63 0 -0.000121148 0.170211
12.64 0 -0.000121099 0.170287
12.65 0 -0.000121052 0.170359
12.66 0 -0.000121006 0.170429
12.67 0 -0.000120962 0.170496
12.68 0 -0.000120919 0.17056
12.69 0 -0.000120878 0.170621
12.7 0 -0.000120838 0.170678
12.71 0 -0.000120801 0.170732
12.72 0 -0.000120766 0.170783
12.73 0 -0.000120732 0.170831
12.74 0 -0.000120701 0.170875
12.75 0 -0.000120672 0.170916
12.76 0 -0.000120645 0.170953
12.77 0 -0.000120621 0.170987
12.78 0 -0.000120598 0.171018
12.79 0 -0.000120579 0.171045
12.8 0 -0.000120561 0.171069
12.81 0 -0.000120546 0.171089
12.82 0 -0.000120533 0.171106
12.83 0 -0.000120523 0.17112
12.84 0 -0.000120515 0.171131
12.85 0 -0.00012051 0.171139
12.86 0 -0.000120507 0.171143
12.87 0 -0.000120506 0.171144
12.88 0 -0.000120507 0.171142
12.89 0 -0.000120508 0.171138
12.9 0 -0.000120506 0.171132
12.91 0 -0.000120505 0.171124
12.92 0 -0.000120531 0.171113
12.93 0 -0.000120586 0.1711
12.94 0 -0.000120671 0.171086
12.95 0 -0.00012079 0.171071
12.96 0 -0.000120913 0.171055
12.97 0 -0.000121011 0.171038
12.98 0 -0.000121111 0.171021
12.99 0 -0.000121252 0.171005
13 0 -0.000121388 0.170989
13.01 0 -0.0001215 0.170974
13.02 0 -0.000121593 0.17096
13.03 0 -0.000121682 0.170947
13.04 0 -0.000121788 0.170936
13.05 0 -0.000121866 0.170927
13.06 0 -0.000121913 0.170919
13.07 0 -0.000121947 0.170913
13.08 0 -0.000121962 0.170909
13.09 0 -0.000121972 0.170907
13.1 0 -0.000121989 0.170908
13.11 0 -0.000121993 0.170911
13.12 0 -0.000121992 0.170916
13.13 0 -0.000121989 0.170923
13.14 0 -0.000121984 0.170932
13.15 0 -0.00012199 0.170944
13.16 0 -0.000121995 0.170957
13.17 0 -0.000121992 0.170971
13.18 0 -0.000121989 0.170987
13.19 0 -0.000121989 0.171006
13.2 0 -0.000121992 0.171026
13.21 0 -0.000121993 0.171047
13.22 0 -0.000121991 0.171069
13.23 0 -0.000121989 0.171092
13.24 0 -0.000121991 0.171116
13.25 0 -0.000121992 0.171141
13.26 0 -0.000121992 0.171167
13.27 0 -0.00012199 0.171194
13.28 0 -0.00012199 0.171222
13.29 0 -0.000121991 0.17125
13.3 0 -0.000121992 0.17128
13.31 0 -0.000121991 0.17131
13.32 0 -0.000121991 0.171343
13.33 0 -0.000121993 0.17138
13.34 0 -0.00012199 0.171418
13.35 0 -0.000121977 0.171449
13.36 0 -0.000121965 0.171476
13.37 0 -0.000121948 0.171502
13.38 0 -0.000121934 0.171531
13.39 0 -0.000121923 0.171563
13.4 0 -0.000121905 0.171599
13.41 0 -0.000121886 0.171636
13.42 0 -0.000121865 0.171673
13.43 0 -0.000121846 0.171712
13.44 0 -0.000121828 0.171751
13.45 0 -0.000121807 0.171791
13.46 0 -0.000121784 0.171831
13.47 0 -0.000121762 0.171873
13.48 0 -0.00012174 0.171915
13.49 0 -0.000121718 0.171958
13.5 0 -0.000121694 0.172001
13.51 0 -0.000121669 0.172045
13.52 0 -0.000121646 0.172087
13.53 0 -0.000121622 0.17213
13.54 0 -0.000121599 0.172172
13.55 0 -0.000121574 0.172214
13.56 0 -0.000121551 0.172255
13.57 0 -0.000121528 0.172295
13.58 0 -0.000121506 0.172334
13.59 0 -0.000121483 0.172372
13.6 0 -0.00012146 0.172409
13.61 0 -0.000121439 0.172446
13.62 0 -0.000121418 0.172481
13.63 0 -0.000121397 0.172515
13.64 0 -0.000121377 0.172548
13.65 0 -0.000121357 0.17258
13.66 0 -0.000121339 0.172611
13.67 0 -0.000121321 0.17264
13.68 0 -0.000121303 0.172668
13.69 0 -0.000121286 0.172694
13.7 0 -0.000121271 0.172719
13.71 0 -0.000121256 0.172743
13.72 0 -0.000121242 0.172765
13.73 0 -0.000121229 0.172785
13.74 0 -0.000121217 0.172804
13.75 0 -0.000121206 0.172822
13.76 0 -0.000121195 0.172838
13.77 0 -0.000121186 0.172852
13.78 0 -0.000121178 0.172865
13.79 0 -0.00012117 0.172876
13.8 0 -0.000121164 0.172886
13.81 0 -0.000121159 0.172895
13.82 0 -0.000121154 0.172901
13.83 0 -0.000121151 0.172907
13.84 0 -0.000121149 0.172911
13.85 0 -0.000121149 0.172913
13.86 0 -0.000121148 0.172915
13.87 0 -0.000121145 0.172915
13.88 0 -0.000121144 0.172913
13.89 0 -0.000121146 0.17291
13.9 0 -0.000121147 0.172907
13.91 0 -0.000121146 0.172902
13.92 0 -0.000121145 0.172896
13.93 0 -0.000121154 0.17289
13.94 0 -0.00012118 0.172883
13.95 0 -0.000121213 0.172875
13.96 0 -0.000121253 0.172868
13.97 0 -0.000121303 0.17286
13.98 0 -0.000121335 0.172852
13.99 0 -0.000121358 0.172844
14 0 -0.000121403 0.172838
14.01 0 -0.000121448 0.172831
14.02 0 -0.000121483 0.172826
14.03 0 -0.000121508 0.172821
14.04 0 -0.000121516 0.172816
14.05 0 -0.000121521 0.172813
14.06 0 -0.000121541 0.17281
14.07 0 -0.000121575 0.172808
14.08 0 -0.000121593 0.172807
14.09 0 -0.000121584 0.172808
14.1 0 -0.000121573 0.172808
14.11 0 -0.000121578 0.17281
14.12 0 -0.000121589 0.172813
14.13 0 -0.000121589 0.172817
14.14 0 -0.000121579 0.172822
14.15 0 -0.000121577 0.172827
14.16 0 -0.000121584 0.172833
14.17 0 -0.000121589 0.172842
14.18 0 -0.000121585 0.172851
14.19 0 -0.000121579 0.172863
14.2 0 -0.00012158 0.172875
14.21 0 -0.000121586 0.172888
14.22 0 -0.000121586 0.172902
14.23 0 -0.000121582 0.172916
14.24 0 -0.00012158 0.172931
14.25 0 -0.000121583 0.172947
14.26 0 -0.000121586 0.172963
14.27 0 -0.000121584 0.172979
14.28 0 -0.000121582 0.172995
14.29 0 -0.000121582 0.173013
14.3 0 -0.000121584 0.17303
14.31 0 -0.000121584 0.173044
14.32 0 -0.000121582 0.173053
14.33 0 -0.000121581 0.173058
14.34 0 -0.000121582 0.173059
14.35 0 -0.000121582 0.173059
14.36 0 -0.000121582 0.173059
14.37 0 -0.00012158 0.173061
14.38 0 -0.000121578 0.173065
14.39 0 -0.000121576 0.173072
14.4 0 -0.000121574 0.173079
14.41 0 -0.000121568 0.173085
14.42 0 -0.000121561 0.173092
14.43 0 -0.000121558 0.173098
14.44 0 -0.000121558 0.173106
14.45 0 -0.000121553 0.173113
14.46 0 -0.000121546 0.17312
14.47 0 -0.000121542 0.173128
14.48 0 -0.000121539 0.173135
14.49 0 -0.000121536 0.173142
14.5 0 -0.000121531 0.173149
14.51 0 -0.000121525 0.173157
14.52 0 -0.000121521 0.173164
14.53 0 -0.000121518 0.173171
14.54 0 -0.000121515 0.173178
14.55 0 -0.00012151 0.173184
14.56 0 -0.000121505 0.173191
14.57 0 -0.000121503 0.173197
14.58 0 -0.0001215 0.173203
14.59 0 -0.000121496 0.173209
14.6 0 -0.000121493 0.173215
14.61 0 -0.000121493 0.173221
14.62 0 -0.000121491 0.173226
14.63 0 -0.000121486 0.173231
14.64 0 -0.000121481 0.173235
14.65 0 -0.000121479 0.17324
14.66 0 -0.000121479 0.173243
14.67 0 -0.000121476 0.173247
14.68 0 -0.000121473 0.173249
14.69 0 -0.000121471 0.173252
14.7 0 -0.000121471 0.173253
14.71 0 -0.00012147 0.173255
14.72 0 -0.000121469 0.173256
14.73 0 -0.000121467 0.173256
14.74 0 -0.000121468 0.173254
14.75 0 -0.000121469 0.173253
14.76 0 -0.000121469 0.17325
14.77 0 -0.000121468 0.173248
14.78 0 -0.000121468 0.173245
14.79 0 -0.000121468 0.173242
14.8 0 -0.000121469 0.173239
14.81 0 -0.000121468 0.173236
14.82 0 -0.000121468 0.173233
14.83 0 -0.000121473 0.173231
14.84 0 -0.000121483 0.173228
14.85 0 -0.000121492 0.173226
14.86 0 -0.0001215 0.173224
14.87 0 -0.000121508 0.173223
14.88 0 -0.000121513 0.173222
14.89 0 -0.000121516 0.173221
14.9 0 -0.000121522 0.17322
14.91 0 -0.000121524 0.17322
14.92 0 -0.000121524 0.17322
14.93 0 -0.000121524 0.17322
14.94 0 -0.000121524 0.173221
14.95 0 -0.000121524 0.173221
14.96 0 -0.000121524 0.173222
14.97 0 -0.000121524 0.173223
14.98 0 -0.000121524 0.173225
14.99 0 -0.000121524 0.173227
15 0 -0.000121524 0.173229
15.01 0 -0.000121524 0.173231
15.02 0 -0.000121524 0.173233
15.03 0 -0.000121524 0.173235
15.04 0 -0.000121524 0.173238
15.05 0 -0.000121524 0.17324
15.06 0 -0.000121524 0.173242
15.07 0 -0.000121524 0.173244
15.08 0 -0.000121524 0.173246
15.09 0 -0.000121524 0.173248
15.1 0 -0.000121524 0.17325
15.11 0 -0.000121524 0.173253
15.12 0 -0.000121524 0.173255
15.13 0 -0.000121524 0.173257
15.14 0 -0.000121524 0.173259
15.15 0 -0.000121524 0.173261
15.16 0 -0.000121524 0.173264
15.17 0 -0.000121524 0.173265
15.18 0 -0.000121524 0.173267
15.19 0 -0.000121524 0.173269
15.2 0 -0.000121524 0.17327
15.21 0 -0.000121524 0.173271
15.22 0 -0.000121524 0.173271
15.23 0 -0.000121524 0.17327
15.24 0 -0.000121524 0.173269
15.25 0 -0.000121524 0.173268
15.26 0 -0.000121524 0.173267
15.27 0 -0.000121524 0.173266
15.28 0 -0.000121524 0.173265
15.29 0 -0.000121524 0.173264
15.3 0 -0.000121524 0.173263
15.31 0 -0.000121524 0.173263
15.32 0 -0.000121524 0.173262
15.33 0 -0.000121524 0.173262
15.34 0 -0.000121524 0.173261
15.35 0 -0.000121524 0.173261
15.36 0 -0.000121524 0.173261
15.37 0 -0.000121524 0.173262
15.38 0 -0.000121524 0.173262
15.39 0 -0.000121524 0.173262
15.4 0 -0.000121524 0.173263
15.41 0 -0.000121524 0.173263
15.42 0 -0.000121524 0.173263
15.43 0 -0.000121524 0.173263
15.44 0 -0.000121524 0.173264
15.45 0 -0.000121524 0.173264
15.46 0 -0.000121524 0.173264
15.47 0 -0.000121524 0.173265
15.48 0 -0.000121524 0.173265
15.49 0 -0.000121524 0.173266
15.5 0 -0.000121524 0.173266
15.51 0 -0.000121524 0.173267
15.52 0 -0.000121524 0.173268
15.53 0 -0.000121524 0.173268
15.54 0 -0.000121524 0.173269
15.55 0 -0.000121524 0.173269
15.56 0 -0.000121524 0.17327
15.57 0 -0.000121524 0.17327
15.58 0 -0.000121524 0.17327
15.59 0 -0.000121524 0.17327
15.6 0 -0.000121524 0.17327
15.61 0 -0.000121524 0.17327
15.62 0 -0.000121524 0.173269
15.63 0 -0.000121524 0.173269
15.64 0 -0.000121524 0.173269
15.65 0 -0.000121524 0.173268
15.66 0 -0.000121524 0.173268
15.67 0 -0.000121524 0.173268
15.68 0 -0.000121524 0.173267
15.69 0 -0.000121524 0.173267
15.7 0 -0.000121524 0.173266
15.71 0 -0.000121524 0.173266
15.72 0 -0.000121524 0.173265
15.73 0 -0.000121524 0.173265
15.74 0 -0.000121524 0.173264
15.75 0 -0.000121524 0.173264
15.76 0 -0.000121524 0.173264
15.77 0 -0.000121524 0.173263
15.78 0 -0.000121524 0.173263
15.79 0 -0.000121524 0.173263
15.8 0 -0.000121524 0.173263
15.81 0 -0.000121524 0.173263
15.82 0 -0.000121524 0.173263
15.83 0 -0.000121524 0.173263
15.84 0 -0.000121524 0.173263
15.85 0 -0.000121524 0.173263
15.86 0 -0.000121524 0.173263
15.87 0 -0.000121524 0.173264
15.88 0 -0.000121524 0.173264
15.89 0 -0.000121524 0.173265
15.9 0 -0.000121524 0.173265
15.91 0 -0.000121524 0.173265
15.92 0 -0.000121524 0.173266
15.93 0 -0.000121524 0.173266
15.94 0 -0.000121524 0.173267
15.95 0 -0.000121524 0.173267
15.96 0 -0.000121524 0.173267
15.97 0 -0.000121524 0.173268
15.98 0 -0.000121524 0.173268
15.99 0 -0.000121524 0.173268
16 0 -0.000121524 0.173269
16.01 0 -0.000121524 0.173269
16.02 0 -0.000121524 0.173269
16.03 0 -0.000121524 0.173269
16.04 0 -0.000121524 0.173269
16.05 0 -0.000121524 0.173269
16.06 0 -0.000121524 0.173269
16.07 0 -0.000121524 0.173268
16.08 0 -0.000121524 0.173268
16.09 0 -0.000121524 0.173268
16.1 0 -0.000121524 0.173268
16.11 0 -0.000121524 0.173267
16.12 0 -0.000121524 0.173267
16.13 0 -0.000121524 0.173266
16.14 0 -0.000121524 0.173266
16.15 0 -0.000121524 0.173266
16.16 0 -0.000121524 0.173265
16.17 0 -0.000121524 0.173265
16.18 0 -0.000121524 0.173265
16.19 0 -0.000121524 0.173264
16.2 0 -0.000121524 0.173264
16.21 0 -0.000121524 0.173264
16.22 0 -0.000121524 0.173264
16.23 0 -0.000121524 0.173264
16.24 0 -0.000121524 0.173264
16.25 0 -0.000121524 0.173264
16.26 0 -0.000121524 0.173264
16.27 0 -0.000121524 0.173264
16.28 0 -0.000121524 0.173264
16.29 0 -0.000121524 0.173264
16.3 0 -0.000121524 0.173264
16.31 0 -0.000121524 0.173264
16.32 0 -0.000121524 0.173265
16.33 0 -0.000121524 0.173265
16.34 0 -0.000121524 0.173265
16.35 0 -0.000121524 0.173266
16.36 0 -0.000121524 0.173266
16.37 0 -0.000121524 0.173266
16.38 0 -0.000121524 0.173267
16.39 0 -0.000121524 0.173267
16.4 0 -0.000121524 0.173267
16.41 0 -0.000121524 0.173267
16.42 0 -0.000121524 0.173268
16.43 0 -0.000121524 0.173268
16.44 0 -0.000121524 0.173268
16.45 0 -0.000121524 0.173268
16.46 0 -0.000121524 0.173268
16.47 0 -0.000121524 0.173268
16.48 0 -0.000121524 0.173268
16.49 0 -0.000121524 0.173268
16.5 0 -0.000121524 0.173268
16.51 0 -0.000121524 0.173268
16.52 0 -0.000121524 0.173268
16.53 0 -0.000121524 0.173267
16.54 0 -0.000121524 0.173267
16.55 0 -0.000121524 0.173267
16.56 0 -0.000121524 0.173267
16.57 0 -0.000121524 0.173266
16.58 0 -0.000121524 0.173266
16.59 0 -0.000121524 0.173266
16.6 0 -0.000121524 0.173265
16.61 0 -0.000121524 0.173265
16.62 0 -0.000121524 0.173265
16.63 0 -0.000121524 0.173265
16.64 0 -0.000121524 0.173265
16.65 0 -0.000121524 0.173264
16.66 0 -0.000121524 0.173264
16.67 0 -0.000121524 0.173264
16.68 0 -0.000121524 0.173264
16.69 0 -0.000121524 0.173264
16.7 0 -0.000121524 0.173264
16.71 0 -0.000121524 0.173264
16.72 0 -0.000121524 0.173264
16.73 0 -0.000121524 0.173265
16.74 0 -0.000121524 0.173265
16.75 0 -0.000121524 0.173265
16.76 0 -0.000121524 0.173265
16.77 0 -0.000121524 0.173265
16.78 0 -0.000121524 0.173266
16.79 0 -0.000121524 0.173266
16.8 0 -0.000121524 0.173266
16.81 0 -0.000121524 0.173266
16.82 0 -0.000121524 0.173267
16.83 0 -0.000121524 0.173267
16.84 0 -0.000121524 0.173267
16.85 0 -0.000121524 0.173267
16.86 0 -0.000121524 0.173267
16.87 0 -0.000121524 0.173267
16.88 0 -0.000121524 0.173267
16.89 0 -0.000121524 0.173268
16.9 0 -0.000121524 0.173268
16.91 0 -0.000121524 0.173268
16.92 0 -0.000121524 0.173268
16.93 0 -0.000121524 0.173267
16.94 0 -0.000121524 0.173267
16.95 0 -0.000121524 0.173267
16.96 0 -0.000121524 0.173267
16.97 0 -0.000121524 0.173267
16.98 0 -0.000121524 0.173267
16.99 0 -0.000121524 0.173267
17 0 -0.000121524 0.173266
17.01 0 -0.000121524 0.173266
17.02 0 -0.000121524 0.173266
17.03 0 -0.000121524 0.173266
17.04 0 -0.000121524 0.173266
17.05 0 -0.000121524 0.173265
17.06 0 -0.000121524 0.173265
17.07 0 -0.000121524 0.173265
17.08 0 -0.000121524 0.173265
17.09 0 -0.000121524 0.173265
17.1 0 -0.000121524 0.173265
17.11 0 -0.000121524 0.173265
17.12 0 -0.000121524 0.173265
17.13 0 -0.000121524 0.173265
17.14 0 -0.000121524 0.173265
17.15 0 -0.000121524 0.173265
17.16 0 -0.000121524 0.173265
17.17 0 -0.000121524 0.173265
17.18 0 -0.000121524 0.173265
17.19 0 -0.000121524 0.173265
17.2 0 -0.000121524 0.173265
17.21 0 -0.000121524 0.173266
17.22 0 -0.000121524 0.173266
17.23 0 -0.000121524 0.173266
17.24 0 -0.000121524 0.173266
17.25 0 -0.000121524 0.173266
17.26 0 -0.000121524 0.173266
17.27 0 -0.000121524 0.173267
17.28 0 -0.000121524 0.173267
17.29 0 -0.000121524 0.173267
17.3 0 -0.000121524 0.173267
17.31 0 -0.000121524 0.173267
17.32 0 -0.000121524 0.173267
17.33 0 -0.000121524 0.173267
17.34 0 -0.000121524 0.173267
17.35 0 -0.000121524 0.173267
17.36 0 -0.000121524 0.173267
17.37 0 -0.000121524 0.173267
17.38 0 -0.000121524 0.173267
17.39 0 -0.000121524 0.173267
17.4 0 -0.000121524 0.173267
17.41 0 -0.000121524 0.173267
17.42 0 -0.000121524 0.173267
17.43 0 -0.000121524 0.173266
17.44 0 -0.000121524 0.173266
17.45 0 -0.000121524 0.173266
17.46 0 -0.000121524 0.173266
17.47 0 -0.000121524 0.173266
17.48 0 -0.000121524 0.173266
17.49 0 -0.000121524 0.173265
17.5 0 -0.000121524 0.173265
17.51 0 -0.000121524 0.173265
17.52 0 -0.000121524 0.173265
17.53 0 -0.000121524 0.173265
17.54 0 -0.000121524 0.173265
17.55 0 -0.000121524 0.173265
17.56 0 -0.000121524 0.173265
17.57 0 -0.000121524 0.173265
17.58 0 -0.000121524 0.173265
17.59 0 -0.000121524 0.173265
17.6 0 -0.000121524 0.173265
17.61 0 -0.000121524 0.173265
17.62 0 -0.000121524 0.173265
17.63 0 -0.000121524 0.173265
17.64 0 -0.000121524 0.173266
17.65 0 -0.000121524 0.173266
17.66 0 -0.000121524 0.173266
17.67 0 -0.000121524 0.173266
17.68 0 -0.000121524 0.173266
17.69 0 -0.000121524 0.173266
17.7 0 -0.000121524 0.173266
17.71 0 -0.000121524 0.173266
17.72 0 -0.000121524 0.173267
17.73 0 -0.000121524 0.173267
17.74 0 -0.000121524 0.173267
17.75 0 -0.000121524 0.173267
17.76 0 -0.000121524 0.173267
17.77 0 -0.000121524 0.173267
17.78 0 -0.000121524 0.173267
17.79 0 -0.000121524 0.173267
17.8 0 -0.000121524 0.173267
17.81 0 -0.000121524 0.173267
17.82 0 -0.000121524 0.173267
17.83 0 -0.000121524 0.173267
17.84 0 -0.000121524 0.173267
17.85 0 -0.000121524 0.173266
17.86 0 -0.000121524 0.173266
17.87 0 -0.000121524 0.173266
17.88 0 -0.000121524 0.173266
17.89 0 -0.000121524 0.173266
17.9 0 -0.000121524 0.173266
17.91 0 -0.000121524 0.173266
17.92 0 -0.000121524 0.173266
17.93 0 -0.000121524 0.173266
17.94 0 -0.000121524 0.173265
17.95 0 -0.000121524 0.173265
17.96 0 -0.000121524 0.173265
17.97 0 -0.000121524 0.173265
17.98 0 -0.000121524 0.173265
17.99 0 -0.000121524 0.173265
18 0 -0.000121524 0.173265
18.01 0 -0.000121524 0.173265
18.02 0 -0.000121524 0.173265
18.03 0 -0.000121524 0.173265
18.04 0 -0.000121524 0.173265
18.05 0 -0.000121524 0.173265
18.06 0 -0.000121524 0.173266
18.07 0 -0.000121524 0.173266
18.08 0 -0.000121524 0.173266
18.09 0 -0.000121524 0.173266
18.1 0 -0.000121524 0.173266
18.11 0 -0.000121524 0.173266
18.12 0 -0.000121524 0.173266
18.13 0 -0.000121524 0.173266
18.14 0 -0.000121524 0.173266
18.15 0 -0.000121524 0.173266
18.16 0 -0.000121524 0.173266
18.17 0 -0.000121524 0.173267
18.18 0 -0.000121524 0.173267
18.19 0 -0.000121524 0.173267
18.2 0 -0.000121524 0.173267
18.21 0 -0.000121524 0.173267
18.22 0 -0.000121524 0.173267
18.23 0 -0.000121524 0.173267
18.24 0 -0.000121524 0.173267
18.25 0 -0.000121524 0.173267
18.26 0 -0.000121524 0.173267
18.27 0 -0.000121524 0.173266
18.28 0 -0.000121524 0.173266
18.29 0 -0.000121524 0.173266
18.3 0 -0.000121524 0.173266
18.31 0 -0.000121524 0.173266
18.32 0 -0.000121524 0.173266
18.33 0 -0.000121524 0.173266
18.34 0 -0.000121524 0.173266
18.35 0 -0.000121524 0.173266
18.36 0 -0.000121524 0.173266
18.37 0 -0.000121524 0.173266
18.38 0 -0.000121524 0.173266
18.39 0 -0.000121524 0.173266
18.4 0 -0.000121524 0.173265
18.41 0 -0.000121524 0.173265
18.42 0 -0.000121524 0.173265
18.43 0 -0.000121524 0.173265
18.44 0 -0.000121524 0.173265
18.45 0 -0.000121524 0.173265
18.46 0 -0.000121524 0.173265
18.47 0 -0.000121524 0.173265
18.48 0 -0.000121524 0.173266
18.49 0 -0.000121524 0.173266
18.5 0 -0.000121524 0.173266
18.51 0 -0.000121524 0.173266
18.52 0 -0.000121524 0.173266
18.53 0 -0.000121524 0.173266
18.54 0 -0.000121524 0.173266
18.55 0 -0.000121524 0.173266
18.56 0 -0.000121524 0.173266
18.57 0 -0.000121524 0.173266
18.58 0 -0.000121524 0.173266
18.59 0 -0.000121524 0.173266
18.6 0 -0.000121524 0.173266
18.61 0 -0.000121524 0.173266
18.62 0 -0.000121524 0.173266
18.63 0 -0.000121524 0.173266
18.64 0 -0.000121524 0.173266
18.65 0 -0.000121524 0.173266
18.66 0 -0.000121524 0.173266
18.67 0 -0.000121524 0.173266
18.68 0 -0.000121524 0.173266
18.69 0 -0.000121524 0.173266
18.7 0 -0.000121524 0.173266
18.71 0 -0.000121524 0.173266
18.72 0 -0.000121524 0.173266
18.73 0 -0.000121524 0.173266
18.74 0 -0.000121524 0.173266
18.75 0 -0.000121524 0.173266
18.76 0 -0.000121524 0.173266
18.77 0 -0.000121524 0.173266
18.78 0 -0.000121524 0.173266
18.79 0 -0.000121524 0.173266
18.8 0 -0.000121524 0.173266
18.81 0 -0.000121524 0.173266
18.82 0 -0.000121524 0.173266
18.83 0 -0.000121524 0.173266
18.84 0 -0.000121524 0.173266
18.85 0 -0.000121524 0.173266
18.86 0 -0.000121524 0.173266
18.87 0 -0.000121524 0.173266
18.88 0 -0.000121524 0.173266
18.89 0 -0.000121524 0.173266
18.9 0 -0.000121524 0.173266
18.91 0 -0.000121524 0.173266
18.92 0 -0.000121524 0.173266
18.93 0 -0.000121524 0.173266
18.94 0 -0.000121524 0.173266
18.95 0 -0.000121524 0.173266
18.96 0 -0.000121524 0.173266
18.97 0 -0.000121524 0.173266
18.98 0 -0.000121524 0.173266
18.99 0 -0.000121524 0.173266
19 0 -0.000121524 0.173266
19.01 0 -0.000121524 0.173266
19.02 0 -0.000121524 0.173266
19.03 0 -0.000121524 0.173266
19.04 0 -0.000121524 0.173266
19.05 0 -0.000121524 0.173266
19.06 0 -0.000121524 0.173266
19.07 0 -0.000121524 0.173266
19.08 0 -0.000121524 0.173266
19.09 0 -0.000121524 0.173266
19.1 0 -0.000121524 0.173266
19.11 0 -0.000121524 0.173266
19.12 0 -0.000121524 0.173266
19.13 0 -0.000121524 0.173266
19.14 0 -0.000121524 0.173266
19.15 0 -0.000121524 0.173266
19.16 0 -0.000121524 0.173266
19.17 0 -0.000121524 0.173266
19.18 0 -0.000121524 0.173266
19.19 0 -0.000121524 0.173266
19.2 0 -0.000121524 0.173266
19.21 0 -0.000121524 0.173266
19.22 0 -0.000121524 0.173266
19.23 0 -0.000121524 0.173266
19.24 0 -0.000121524 0.173266
19.25 0 -0.000121524 0.173266
19.26 0 -0.000121524 0.173266
19.27 0 -0.000121524 0.173266
19.28 0 -0.000121524 0.173266
19.29 0 -0.000121524 0.173266
19.3 0 -0.000121524 0.173266
19.31 0 -0.000121524 0.173266
19.32 0 -0.000121524 0.173266
19.33 0 -0.000121524 0.173266
19.34 0 -0.000121524 0.173266
19.35 0 -0.000121524 0.173266
19.36 0 -0.000121524 0.173266
19.37 0 -0.000121524 0.173266
19.38 0 -0.000121524 0.173266
19.39 0 -0.000121524 0.173266
19.4 0 -0.000121524 0.173266
19.41 0 -0.000121524 0.173266
19.42 0 -0.000121524 0.173266
19.43 0 -0.000121524 0.173266
19.44 0 -0.000121524 0.173266
19.45 0 -0.000121524 0.173266
19.46 0 -0.000121524 0.173266
19.47 0 -0.000121524 0.173266
19.48 0 -0.000121524 0.173266
19.49 0 -0.000121524 0.173266
19.5 0 -0.000121524 0.173266
19.51 0 -0.000121524 0.173266
19.52 0 -0.000121524 0.173266
19.53 0 -0.000121524 0.173266
19.54 0 -0.000121524 0.173266
19.55 0 -0.000121524 0.173266
19.56 0 -0.000121524 0.173266
19.57 0 -0.000121524 0.173266
19.58 0 -0.000121524 0.173266
19.59 0 -0.000121524 0.173266
19.6 0 -0.000121524 0.173266
19.61 0 -0.000121524 0.173266
19.62 0 -0.000121524 0.173266
19.63 0 -0.000121524 0.173266
19.64 0 -0.000121524 0.173266
19.65 0 -0.000121524 0.173266
19.66 0 -0.000121524 0.173266
19.67 0 -0.000121524 0.173266
19.68 0 -0.000121524 0.173266
19.69 0 -0.000121524 0.173266
19.7 0 -0.000121524 0.173266
19.71 0 -0.000121524 0.173266
19.72 0 -0.000121524 0.173266
19.73 0 -0.000121524 0.173266
19.74 0 -0.000121524 0.173266
19.75 0 -0.000121524 0.173266
19.76 0 -0.000121524 0.173266
19.77 0 -0.000121524 0.173266
19.78 0 -0.000121524 0.173266
19.79 0 -0.000121524 0.173266
19.8 0 -0.000121524 0.173266
19.81 0 -0.000121524 0.173266
19.82 0 -0.000121524 0.173266
19.83 0 -0.000121524 0.173266
19.84 0 -0.000121524 0.173266
19.85 0 -0.000121524 0.173266
19.86 0 -0.000121524 0.173266
19.87 0 -0.000121524 0.173266
19.88 0 -0.000121524 0.173266
19.89 0 -0.000121524 0.173266
19.9 0 -0.000121524 0.173266
19.91 0 -0.000121524 0.173266
19.92 0 -0.000121524 0.173266
19.93 0 -0.000121524 0.173266
19.94 0 -0.000121524 0.173266
19.95 0 -0.000121524 0.173266
19.96 0 -0.000121524 0.173266
19.97 0 -0.000121524 0.173266
19.98 0 -0.000121524 0.173266
19.99 0 -0.000121524 0.173266
20 0 -0.000121524 0.173266
