0.01 0 -0.000291234 0.00010648
0.02 0 -0.000291234 9.82061e-05
0.03 0 -0.000291234 8.25211e-05
0.04 0 -0.00029126 5.96574e-05
0.05 0 -0.00029132 2.96368e-05
0.06 0 -0.000291427 -7.3292e-06
0.07 0 -0.000291604 -5.07414e-05
0.08 0 -0.000291854 -0.000100305
0.09 0 -0.000292193 -0.000156013
0.1 0 -0.000292638 -0.000217688
0.11 0 -0.000293189 -0.000285049
0.12 0 -0.000293843 -0.000357825
0.13 0 -0.000294565 -0.000435456
0.14 0 -0.000295325 -0.000517202
0.15 0 -0.000296072 -0.000602233
0.16 0 -0.000296766 -0.000689651
0.17 0 -0.000297412 -0.000778632
0.18 0 -0.000297998 -0.00086839
0.19 0 -0.000298528 -0.000958247
0.2 0 -0.000298998 -0.00104757
0.21 0 -0.000299403 -0.00113569
0.22 0 -0.000299762 -0.00122201
0.23 0 -0.000300078 -0.00130592
0.24 0 -0.00030035 -0.00138654
0.25 0 -0.000300581 -0.0014629
0.26 0 -0.00030078 -0.00153435
0.27 0 -0.000300951 -0.00160021
0.28 0 -0.000301091 -0.00165953
0.29 0 -0.000301198 -0.00171069
0.3 0 -0.000301281 -0.00175164
0.31 0 -0.000301347 -0.00178115
0.32 0 -0.000301385 -0.00179872
0.33 0 -0.000301393 -0.00180371
0.34 0 -0.000301386 -0.0017983
0.35 0 -0.000301385 -0.00178521
0.36 0 -0.000301387 -0.00176632
0.37 0 -0.000301386 -0.00174244
0.38 0 -0.000301384 -0.00171181
0.39 0 -0.000301389 -0.00167331
0.4 0 -0.0003014 -0.00162652
0.41 0 -0.000301421 -0.00157065
0.42 0 -0.000301451 -0.00150588
0.43 0 -0.000301496 -0.00143332
0.44 0 -0.000301561 -0.00135331
0.45 0 -0.000301647 -0.00126528
0.46 0 -0.000301758 -0.00116881
0.47 0 -0.000301892 -0.00106417
0.48 0 -0.000302051 -0.000952333
0.49 0 -0.00030223 -0.000834768
0.5 0 -0.000302429 -0.000712587
0.51 0 -0.000302637 -0.000586551
0.52 0 -0.000302846 -0.000457343
0.53 0 -0.000303056 -0.000325486
0.54 0 -0.00030327 -0.000191106
0.55 0 -0.000303482 -5.40237e-05
0.56 0 -0.000303691 8.62773e-05
0.57 0 -0.000303897 0.000231012
0.58 0 -0.000304094 0.000380909
0.59 0 -0.000304291 0.000536343
0.6 0 -0.000304481 0.000698148
0.61 0 -0.00030466 0.000866815
0.62 0 -0.000304833 0.0010426
0.63 0 -0.000304998 0.0012259
0.64 0 -0.000305151 0.00141675
0.65 0 -0.000305293 0.00161511
0.66 0 -0.000305423 0.001821
0.67 0 -0.000305539 0.00203399
0.68 0 -0.000305642 0.00225355
0.69 0 -0.000305728 0.00247945
0.7 0 -0.000305799 0.00271257
0.71 0 -0.000305858 0.00295412
0.72 0 -0.000305899 0.00320329
0.73 0 -0.000305927 0.00345935
0.74 0 -0.000305946 0.00372242
0.75 0 -0.000305955 0.00399113
0.76 0 -0.000305949 0.00426299
0.77 0 -0.000305924 0.00453657
0.78 0 -0.000305885 0.0048112
0.79 0 -0.000305833 0.00508505
0.8 0 -0.00030577 0.00535543
0.81 0 -0.000305702 0.00561975
0.82 0 -0.000305628 0.00587545
0.83 0 -0.000305546 0.00612007
0.84 0 -0.000305459 0.0063512
0.85 0 -0.000305372 0.00656649
0.86 0 -0.00030529 0.0067636
0.87 0 -0.000305214 0.00694022
0.88 0 -0.000305146 0.00709402
0.89 0 -0.000305088 0.0072227
0.9 0 -0.000305042 0.00732395
0.91 0 -0.000305008 0.00739558
0.92 0 -0.000304988 0.00743544
0.93 0 -0.000304985 0.00744145
0.94 0 -0.000304989 0.00742089
0.95 0 -0.000304988 0.00739386
0.96 0 -0.000304989 0.00736467
0.97 0 -0.000305074 0.00732246
0.98 0 -0.000305263 0.00727108
0.99 0 -0.000305524 0.00721755
1 0 -0.000305885 0.00715575
1.01 0 -0.000306146 0.00707753
1.02 0 -0.000306204 0.0069828
1.03 0 -0.000306284 0.00687607
1.04 0 -0.000306309 0.00675853
1.05 0 -0.000306383 0.00662734
1.06 0 -0.000306542 0.00648032
1.07 0 -0.000306691 0.00631785
1.08 0 -0.000306872 0.00614
1.09 0 -0.000307104 0.00594527
1.1 0 -0.000307428 0.00573373
1.11 0 -0.000307756 0.00550759
1.12 0 -0.000308047 0.00526868
1.13 0 -0.000308355 0.00501821
1.14 0 -0.000308677 0.00475711
1.15 0 -0.000309001 0.00448619
1.16 0 -0.00030929 0.00420629
1.17 0 -0.000309542 0.00391823
1.18 0 -0.00030979 0.00362285
1.19 0 -0.000310028 0.00332096
1.2 0 -0.000310245 0.00301364
1.21 0 -0.000310424 0.00270208
1.22 0 -0.000310581 0.00238692
1.23 0 -0.000310734 0.00206901
1.24 0 -0.000310873 0.00174979
1.25 0 -0.000310987 0.00143086
1.26 0 -0.000311074 0.00111331
1.27 0 -0.000311153 0.000798113
1.28 0 -0.000311231 0.000486701
1.29 0 -0.000311296 0.00018092
1.3 0 -0.00031134 -0.000117223
1.31 0 -0.000311369 -0.000404994
1.32 0 -0.000311393 -0.000679379
1.33 0 -0.000311417 -0.000938648
1.34 0 -0.000311434 -0.00118171
1.35 0 -0.000311443 -0.00140684
1.36 0 -0.000311447 -0.00161189
1.37 0 -0.000311452 -0.00179473
1.38 0 -0.000311457 -0.00195318
1.39 0 -0.000311459 -0.00208516
1.4 0 -0.000311455 -0.00218867
1.41 0 -0.000311449 -0.00226177
1.42 0 -0.000311447 -0.00230252
1.43 0 -0.000311448 -0.00230894
1.44 0 -0.000311449 -0.00228755
1.45 0 -0.000311446 -0.00225738
1.46 0 -0.000311446 -0.0022224
1.47 0 -0.000311475 -0.00217687
1.48 0 -0.00031148 -0.0021233
1.49 0 -0.000311487 -0.00205893
1.5 0 -0.000311512 -0.00198031
1.51 0 -0.00031153 -0.00189004
1.52 0 -0.000311571 -0.00178982
1.53 0 -0.000311639 -0.00167773
1.54 0 -0.000311735 -0.0015495
1.55 0 -0.000311873 -0.00140179
1.56 0 -0.000312044 -0.00123421
1.57 0 -0.000312249 -0.00104793
1.58 0 -0.000312478 -0.000843484
1.59 0 -0.000312732 -0.000619325
1.6 0 -0.000313026 -0.000372756
1.61 0 -0.000313311 -0.000103062
1.62 0 -0.00031358 0.000189155
1.63 0 -0.000313833 0.000504155
1.64 0 -0.000314073 0.000841304
1.65 0 -0.000314294 0.00119972
1.66 0 -0.000314475 0.00157921
1.67 0 -0.00031462 0.00197938
1.68 0 -0.000314744 0.00239969
1.69 0 -0.000314845 0.00283868
1.7 0 -0.000314912 0.00329509
1.71 0 -0.00031495 0.00376849
1.72 0 -0.000314961 0.00425751
1.73 0 -0.000314933 0.00475962
1.74 0 -0.000314856 0.00527239
1.75 0 -0.000314728 0.00579378
1.76 0 -0.000314556 0.00632135
1.77 0 -0.000314355 0.00685431
1.78 0 -0.000314135 0.0073944
1.79 0 -0.00031389 0.00794118
1.8 0 -0.000313619 0.00849099
1.81 0 -0.000313333 0.00903995
1.82 0 -0.000313035 0.00958443
1.83 0 -0.000312725 0.0101209
1.84 0 -0.000312405 0.0106462
1.85 0 -0.000312084 0.0111577
1.86 0 -0.00031177 0.0116528
1.87 0 -0.000311469 0.0121286
1.88 0 -0.000311179 0.0125824
1.89 0 -0.000310897 0.0130113
1.9 0 -0.000310628 0.0134127
1.91 0 -0.000310379 0.013784
1.92 0 -0.000310153 0.0141228
1.93 0 -0.000309945 0.0144268
1.94 0 -0.000309759 0.0146936
1.95 0 -0.0003096 0.0149213
1.96 0 -0.00030947 0.015108
1.97 0 -0.000309369 0.0152518
1.98 0 -0.000309298 0.0153512
1.99 0 -0.000309257 0.0154046
2 0 -0.000309252 0.0154108
2.01 0 -0.000309264 0.0153796
2.02 0 -0.000309263 0.01534
2.03 0 -0.00030932 0.0153016
2.04 0 -0.000309534 0.0152555
2.05 0 -0.000309815 0.0152017
2.06 0 -0.000310239 0.0151334
2.07 0 -0.000310941 0.015046
2.08 0 -0.000311866 0.014949
2.09 0 -0.000312961 0.0148463
2.1 0 -0.000314367 0.0147301
2.11 0 -0.000315205 0.0145921
2.12 0 -0.000315445 0.0144299
2.13 0 -0.000315601 0.0142454
2.14 0 -0.0003158 0.0140392
2.15 0 -0.000316054 0.0138107
2.16 0 -0.000316317 0.01356
2.17 0 -0.000316622 0.0132877
2.18 0 -0.000316843 0.0129934
2.19 0 -0.000317189 0.0126768
2.2 0 -0.000317564 0.012339
2.21 0 -0.000317817 0.0119808
2.22 0 -0.000318026 0.0116032
2.23 0 -0.000318231 0.0112076
2.24 0 -0.000318464 0.0107949
2.25 0 -0.000318666 0.0103678
2.26 0 -0.000318789 0.00992762
2.27 0 -0.000318881 0.00947515
2.28 0 -0.000318998 0.00901389
2.29 0 -0.000319102 0.00854675
2.3 0 -0.000319169 0.00807455
2.31 0 -0.000319198 0.00759948
2.32 0 -0.00031922 0.00712529
2.33 0 -0.000319262 0.00665549
2.34 0 -0.000319283 0.00619334
2.35 0 -0.000319265 0.00574204
2.36 0 -0.000319221 0.00530396
2.37 0 -0.000319175 0.00488127
2.38 0 -0.000319134 0.00447719
2.39 0 -0.000319078 0.00409501
2.4 0 -0.000319008 0.00373766
2.41 0 -0.00031894 0.00340801
2.42 0 -0.00031888 0.00310882
2.43 0 -0.000318823 0.00284281
2.44 0 -0.000318764 0.00261249
2.45 0 -0.000318708 0.00242026
2.46 0 -0.000318667 0.00226837
2.47 0 -0.000318639 0.00215894
2.48 0 -0.000318621 0.00209398
2.49 0 -0.000318612 0.00207536
2.5 0 -0.000318612 0.0020988
2.51 0 -0.000318615 0.00214278
2.52 0 -0.000318712 0.00218776
2.53 0 -0.0003189 0.00223854
2.54 0 -0.000319174 0.00230538
2.55 0 -0.000319452 0.00238816
2.56 0 -0.000319506 0.00248531
2.57 0 -0.000319567 0.00260025
2.58 0 -0.000319603 0.00273904
2.59 0 -0.00031974 0.00290577
2.6 0 -0.00031995 0.0031009
2.61 0 -0.000320189 0.00332389
2.62 0 -0.000320419 0.00357507
2.63 0 -0.000320568 0.00385515
2.64 0 -0.000320879 0.00416467
2.65 0 -0.000321175 0.00450386
2.66 0 -0.00032139 0.00487213
2.67 0 -0.000321547 0.00526863
2.68 0 -0.000321677 0.00569344
2.69 0 -0.000321856 0.00614728
2.7 0 -0.000321987 0.00663074
2.71 0 -0.000322039 0.00714495
2.72 0 -0.000322056 0.00768903
2.73 0 -0.00032208 0.00826167
2.74 0 -0.000322094 0.00886392
2.75 0 -0.000322028 0.00949379
2.76 0 -0.000321864 0.0101447
2.77 0 -0.000321641 0.0108114
2.78 0 -0.000321401 0.0114924
2.79 0 -0.00032112 0.0121855
2.8 0 -0.000320784 0.0128855
2.81 0 -0.000320412 0.0135869
2.82 0 -0.000320021 0.0142858
2.83 0 -0.000319625 0.0149813
2.84 0 -0.000319212 0.0156731
2.85 0 -0.000318787 0.0163587
2.86 0 -0.000318362 0.0170338
2.87 0 -0.000317941 0.0176946
2.88 0 -0.000317522 0.0183377
2.89 0 -0.000317103 0.0189596
2.9 0 -0.000316689 0.0195574
2.91 0 -0.00031629 0.0201281
2.92 0 -0.000315906 0.0206688
2.93 0 -0.000315538 0.0211768
2.94 0 -0.000315187 0.0216495
2.95 0 -0.000314859 0.0220845
2.96 0 -0.00031456 0.0224795
2.97 0 -0.000314289 0.0228324
2.98 0 -0.000314047 0.023141
2.99 0 -0.000313838 0.0234037
3 0 -0.000313667 0.0236187
3.01 0 -0.000313536 0.0237847
3.02 0 -0.000313449 0.0239001
3.03 0 -0.000313396 0.023964
3.04 0 -0.000313373 0.0239754
3.05 0 -0.000313382 0.0239435
3.06 0 -0.000313394 0.0238979
3.07 0 -0.000313551 0.0238506
3.08 0 -0.000313891 0.0237943
3.09 0 -0.00031437 0.0237298
3.1 0 -0.00031504 0.0236507
3.11 0 -0.00031604 0.0235524
3.12 0 -0.000317387 0.0234426
3.13 0 -0.000318958 0.0233252
3.14 0 -0.000320946 0.0231953
3.15 0 -0.000322621 0.0230465
3.16 0 -0.000323058 0.0228728
3.17 0 -0.000323281 0.0226723
3.18 0 -0.000323301 0.0224476
3.19 0 -0.000323209 0.022201
3.2 0 -0.00032368 0.0219328
3.21 0 -0.000324158 0.021643
3.22 0 -0.000324226 0.0213312
3.23 0 -0.000324229 0.0209966
3.24 0 -0.00032437 0.0206384
3.25 0 -0.000324674 0.0202567
3.26 0 -0.000324939 0.0198526
3.27 0 -0.000324888 0.0194273
3.28 0 -0.000324866 0.0189819
3.29 0 -0.000325037 0.0185194
3.3 0 -0.000325183 0.0180415
3.31 0 -0.000325221 0.0175492
3.32 0 -0.000325147 0.0170459
3.33 0 -0.000325122 0.0165367
3.34 0 -0.000325213 0.0160251
3.35 0 -0.000325218 0.0155124
3.36 0 -0.000325119 0.0150009
3.37 0 -0.000325006 0.0144948
3.38 0 -0.000324939 0.0139994
3.39 0 -0.000324907 0.0135189
3.4 0 -0.000324796 0.0130575
3.41 0 -0.000324632 0.012619
3.42 0 -0.000324497 0.0122073
3.43 0 -0.000324403 0.0118257
3.44 0 -0.000324306 0.0114775
3.45 0 -0.000324168 0.0111654
3.46 0 -0.00032403 0.0108922
3.47 0 -0.000323939 0.0106603
3.48 0 -0.000323881 0.0104717
3.49 0 -0.000323818 0.0103285
3.5 0 -0.000323753 0.0102326
3.51 0 -0.000323719 0.0101863
3.52 0 -0.000323733 0.0101917
3.53 0 -0.000323752 0.0102366
3.54 0 -0.000323849 0.0102936
3.55 0 -0.000324039 0.0103551
3.56 0 -0.000324413 0.0104313
3.57 0 -0.000325008 0.0105242
3.58 0 -0.000325338 0.0106364
3.59 0 -0.000325411 0.0107762
3.6 0 -0.000325512 0.0109474
3.61 0 -0.000325645 0.0111491
3.62 0 -0.000325845 0.0113795
3.63 0 -0.000326001 0.0116376
3.64 0 -0.000326217 0.0119224
3.65 0 -0.000326409 0.0122348
3.66 0 -0.000326529 0.0125779
3.67 0 -0.000326685 0.0129557
3.68 0 -0.000326816 0.0133715
3.69 0 -0.000326931 0.0138277
3.7 0 -0.000326996 0.014326
3.71 0 -0.00032704 0.014867
3.72 0 -0.000327075 0.0154508
3.73 0 -0.000327094 0.0160775
3.74 0 -0.00032706 0.0167442
3.75 0 -0.000326937 0.017447
3.76 0 -0.000326776 0.0181835
3.77 0 -0.000326576 0.0189507
3.78 0 -0.000326321 0.0197425
3.79 0 -0.000326007 0.020552
3.8 0 -0.000325623 0.0213726
3.81 0 -0.000325183 0.0221977
3.82 0 -0.000324701 0.0230224
3.83 0 -0.000324196 0.0238446
3.84 0 -0.000323676 0.0246624
3.85 0 -0.000323134 0.0254723
3.86 0 -0.000322584 0.0262694
3.87 0 -0.000322026 0.0270493
3.88 0 -0.000321463 0.0278078
3.89 0 -0.000320901 0.0285406
3.9 0 -0.000320344 0.0292437
3.91 0 -0.000319799 0.0299131
3.92 0 -0.000319269 0.0305453
3.93 0 -0.000318758 0.0311366
3.94 0 -0.000318274 0.0316839
3.95 0 -0.000317821 0.0321844
3.96 0 -0.000317406 0.0326352
3.97 0 -0.000317031 0.0330341
3.98 0 -0.000316715 0.0333789
3.99 0 -0.000316444 0.0336684
4 0 -0.000316191 0.0339016
4.01 0 -0.000315998 0.0340784
4.02 0 -0.000315894 0.0341991
4.03 0 -0.00031585 0.0342644
4.04 0 -0.000315844 0.0342749
4.05 0 -0.00031583 0.0342417
4.06 0 -0.000315848 0.0341943
4.07 0 -0.000316105 0.034145
4.08 0 -0.0003166 0.0340874
4.09 0 -0.000317234 0.0340241
4.1 0 -0.000317973 0.0339529
4.11 0 -0.000319018 0.0338697
4.12 0 -0.000320301 0.0337787
4.13 0 -0.00032182 0.0336834
4.14 0 -0.000323566 0.0335833
4.15 0 -0.000325313 0.0334798
4.16 0 -0.000327186 0.0333735
4.17 0 -0.000327631 0.0332553
4.18 0 -0.000327611 0.0331112
4.19 0 -0.000327778 0.032937
4.2 0 -0.00032768 0.0327355
4.21 0 -0.000328054 0.0325076
4.22 0 -0.000328243 0.0322526
4.23 0 -0.000328282 0.0319694
4.24 0 -0.000328375 0.0316583
4.25 0 -0.000328537 0.0313197
4.26 0 -0.000328674 0.0309541
4.27 0 -0.000328712 0.0305624
4.28 0 -0.000328792 0.0301456
4.29 0 -0.000328823 0.0297056
4.3 0 -0.000328906 0.0292444
4.31 0 -0.000328949 0.0287637
4.32 0 -0.000328888 0.0282672
4.33 0 -0.000328892 0.0277582
4.34 0 -0.000328925 0.0272384
4.35 0 -0.000328889 0.0267099
4.36 0 -0.000328809 0.0261771
4.37 0 -0.000328694 0.0256462
4.38 0 -0.000328589 0.025124
4.39 0 -0.000328496 0.0246164
4.4 0 -0.000328339 0.0241294
4.41 0 -0.000328159 0.0236687
4.42 0 -0.000327991 0.023239
4.43 0 -0.000327843 0.0228441
4.44 0 -0.000327714 0.0224868
4.45 0 -0.00032757 0.0221696
4.46 0 -0.00032744 0.0218951
4.47 0 -0.000327348 0.0216655
4.48 0 -0.000327277 0.0214828
4.49 0 -0.000327221 0.0213485
4.5 0 -0.000327173 0.0212642
4.51 0 -0.000327153 0.0212309
4.52 0 -0.000327165 0.0212489
4.53 0 -0.000327212 0.0213031
4.54 0 -0.00032738 0.0213661
4.55 0 -0.000327639 0.0214232
4.56 0 -0.000327927 0.0214745
4.57 0 -0.000328249 0.0215244
4.58 0 -0.000328604 0.0215809
4.59 0 -0.000328991 0.0216563
4.6 0 -0.000329105 0.0217595
4.61 0 -0.000329123 0.021892
4.62 0 -0.000329202 0.0220543
4.63 0 -0.00032929 0.0222503
4.64 0 -0.000329462 0.0224844
4.65 0 -0.000329604 0.0227601
4.66 0 -0.000329691 0.0230803
4.67 0 -0.000329772 0.0234484
4.68 0 -0.000329864 0.0238675
4.69 0 -0.000329944 0.0243394
4.7 0 -0.000329982 0.0248653
4.71 0 -0.000329978 0.0254451
4.72 0 -0.000329945 0.0260774
4.73 0 -0.000329856 0.0267574
4.74 0 -0.000329693 0.0274786
4.75 0 -0.000329457 0.0282331
4.76 0 -0.000329156 0.0290128
4.77 0 -0.000328803 0.0298083
4.78 0 -0.000328383 0.0306096
4.79 0 -0.000327894 0.0314075
4.8 0 -0.000327376 0.0321952
4.81 0 -0.000326855 0.0329665
4.82 0 -0.000326332 0.0337155
4.83 0 -0.0003258 0.0344365
4.84 0 -0.000325257 0.0351243
4.85 0 -0.000324721 0.0357742
4.86 0 -0.000324211 0.0363821
4.87 0 -0.000323726 0.0369446
4.88 0 -0.000323266 0.0374611
4.89 0 -0.000322851 0.0379382
4.9 0 -0.000322415 0.0383847
4.91 0 -0.000321968 0.0388028
4.92 0 -0.000321571 0.0391898
4.93 0 -0.000321231 0.0395426
4.94 0 -0.000320949 0.0398596
4.95 0 -0.000320649 0.0401421
4.96 0 -0.000320322 0.0403929
4.97 0 -0.000320062 0.0406132
4.98 0 -0.000319889 0.0408027
4.99 0 -0.000319745 0.0409601
5 0 -0.00031959 0.0410836
5.01 0 -0.000319475 0.0411716
5.02 0 -0.000319434 0.0412232
5.03 0 -0.000319409 0.0412382
5.04 0 -0.000319427 0.0412157
5.05 0 -0.000319449 0.0411753
5.06 0 -0.00031954 0.0411479
5.07 0 -0.000319662 0.0411346
5.08 0 -0.000319784 0.0411205
5.09 0 -0.00031998 0.0410959
5.1 0 -0.000320359 0.0410525
5.11 0 -0.000320973 0.0409945
5.12 0 -0.000321697 0.0409396
5.13 0 -0.000322356 0.0408905
5.14 0 -0.000323116 0.0408311
5.15 0 -0.000324277 0.0407547
5.16 0 -0.00032564 0.0406728
5.17 0 -0.000326924 0.0405939
5.18 0 -0.000328276 0.0405115
5.19 0 -0.000329967 0.0404127
5.2 0 -0.00033038 0.0402873
5.21 0 -0.000330217 0.0401287
5.22 0 -0.000330499 0.0399368
5.23 0 -0.000330404 0.0397148
5.24 0 -0.000330586 0.0394632
5.25 0 -0.00033074 0.0391822
5.26 0 -0.000330797 0.0388725
5.27 0 -0.000330911 0.0385349
5.28 0 -0.000330891 0.0381697
5.29 0 -0.00033093 0.0377779
5.3 0 -0.000331059 0.0373612
5.31 0 -0.00033108 0.0369213
5.32 0 -0.000330987 0.0364613
5.33 0 -0.000331034 0.0359837
5.34 0 -0.000331077 0.0354908
5.35 0 -0.000331108 0.0349839
5.36 0 -0.000331058 0.0344649
5.37 0 -0.000330962 0.0339366
5.38 0 -0.000331038 0.0334028
5.39 0 -0.000331099 0.032867
5.4 0 -0.000331066 0.0323333
5.41 0 -0.000331023 0.0318053
5.42 0 -0.000331006 0.0312867
5.43 0 -0.000331055 0.0307811
5.44 0 -0.000331085 0.0302923
5.45 0 -0.000331042 0.0298238
5.46 0 -0.000331017 0.0293792
5.47 0 -0.000331034 0.028962
5.48 0 -0.000331061 0.0285755
5.49 0 -0.000331064 0.028223
5.5 0 -0.000331033 0.0279077
5.51 0 -0.000331025 0.0276325
5.52 0 -0.000331047 0.0274003
5.53 0 -0.000331059 0.0272137
5.54 0 -0.000331049 0.0270754
5.55 0 -0.000331032 0.0269876
5.56 0 -0.000331036 0.0269524
5.57 0 -0.000331051 0.0269696
5.58 0 -0.000331055 0.0270301
5.59 0 -0.000331052 0.0271176
5.6 0 -0.00033107 0.0272259
5.61 0 -0.000331126 0.0273618
5.62 0 -0.000331204 0.0275318
5.63 0 -0.000331279 0.0277388
5.64 0 -0.000331347 0.0279866
5.65 0 -0.000331409 0.0282797
5.66 0 -0.000331458 0.0286216
5.67 0 -0.000331484 0.0290143
5.68 0 -0.000331483 0.0294594
5.69 0 -0.000331478 0.0299595
5.7 0 -0.000331482 0.0305177
5.71 0 -0.000331486 0.0311348
5.72 0 -0.000331485 0.0318086
5.73 0 -0.000331481 0.0325367
5.74 0 -0.000331479 0.0333168
5.75 0 -0.000331483 0.0341468
5.76 0 -0.000331485 0.035024
5.77 0 -0.000331483 0.0359459
5.78 0 -0.00033148 0.0369099
5.79 0 -0.000331481 0.0379131
5.8 0 -0.000331484 0.0389526
5.81 0 -0.000331484 0.0400253
5.82 0 -0.000331481 0.041128
5.83 0 -0.00033148 0.0422573
5.84 0 -0.000331482 0.0434098
5.85 0 -0.000331483 0.0445819
5.86 0 -0.000331482 0.0457702
5.87 0 -0.000331481 0.0469708
5.88 0 -0.000331481 0.0481802
5.89 0 -0.000331424 0.0493918
5.9 0 -0.000330992 0.0505889
5.91 0 -0.000330316 0.0517484
5.92 0 -0.000329618 0.0528524
5.93 0 -0.000328904 0.0538889
5.94 0 -0.000328244 0.0548482
5.95 0 -0.000327589 0.0557273
5.96 0 -0.000326884 0.0565313
5.97 0 -0.00032616 0.0572639
5.98 0 -0.000325518 0.0579245
5.99 0 -0.000324963 0.0585113
6 0 -0.000324466 0.0590237
6.01 0 -0.000323992 0.0594635
6.02 0 -0.000323525 0.0598342
6.03 0 -0.000323158 0.0601401
6.04 0 -0.000322926 0.0603849
6.05 0 -0.00032273 0.0605724
6.06 0 -0.000322536 0.0607065
6.07 0 -0.000322402 0.0607909
6.08 0 -0.00032236 0.0608292
6.09 0 -0.000322394 0.0608247
6.1 0 -0.000322425 0.0607903
6.11 0 -0.000322494 0.0607498
6.12 0 -0.000322722 0.0607181
6.13 0 -0.000322979 0.0606942
6.14 0 -0.000323284 0.0606642
6.15 0 -0.000323766 0.0606157
6.16 0 -0.000324447 0.0605554
6.17 0 -0.000325281 0.0604974
6.18 0 -0.000326069 0.0604411
6.19 0 -0.00032698 0.0603743
6.2 0 -0.000328218 0.060291
6.21 0 -0.000329669 0.0601952
6.22 0 -0.000331307 0.0600888
6.23 0 -0.000332082 0.0599623
6.24 0 -0.000331934 0.0598026
6.25 0 -0.000331976 0.0596043
6.26 0 -0.000332026 0.0593693
6.27 0 -0.000332093 0.0590986
6.28 0 -0.000332297 0.0587921
6.29 0 -0.000332309 0.0584514
6.3 0 -0.000332204 0.0580787
6.31 0 -0.000332261 0.0576765
6.32 0 -0.000332384 0.0572478
6.33 0 -0.000332391 0.0567957
6.34 0 -0.000332316 0.0563237
6.35 0 -0.000332289 0.0558345
6.36 0 -0.000332359 0.055331
6.37 0 -0.000332415 0.054816
6.38 0 -0.000332372 0.054293
6.39 0 -0.000332266 0.0537656
6.4 0 -0.000332281 0.0532377
6.41 0 -0.000332383 0.0527131
6.42 0 -0.000332381 0.0521958
6.43 0 -0.000332323 0.0516895
6.44 0 -0.000332287 0.0511979
6.45 0 -0.000332322 0.0507246
6.46 0 -0.000332378 0.0502733
6.47 0 -0.000332351 0.0498475
6.48 0 -0.000332307 0.0494505
6.49 0 -0.000332309 0.0490858
6.5 0 -0.000332344 0.0487565
6.51 0 -0.000332361 0.0484657
6.52 0 -0.000332332 0.0482161
6.53 0 -0.00033231 0.0480106
6.54 0 -0.000332327 0.0478516
6.55 0 -0.000332349 0.0477416
6.56 0 -0.000332345 0.0476827
6.57 0 -0.000332324 0.0476768
6.58 0 -0.00033232 0.0477211
6.59 0 -0.000332341 0.0478055
6.6 0 -0.000332372 0.0479227
6.61 0 -0.000332405 0.0480757
6.62 0 -0.000332452 0.0482714
6.63 0 -0.000332507 0.0485142
6.64 0 -0.000332553 0.048807
6.65 0 -0.000332571 0.0491528
6.66 0 -0.000332564 0.0495536
6.67 0 -0.000332561 0.0500118
6.68 0 -0.000332568 0.0505291
6.69 0 -0.000332572 0.0511064
6.7 0 -0.00033257 0.0517429
6.71 0 -0.000332563 0.0524362
6.72 0 -0.000332564 0.0531843
6.73 0 -0.000332569 0.0539853
6.74 0 -0.00033257 0.0548375
6.75 0 -0.000332566 0.0557384
6.76 0 -0.000332564 0.0566859
6.77 0 -0.000332566 0.0576775
6.78 0 -0.000332569 0.0587106
6.79 0 -0.000332568 0.0597823
6.8 0 -0.000332566 0.0608898
6.81 0 -0.000332566 0.0620301
6.82 0 -0.000332568 0.0632
6.83 0 -0.000332568 0.0643962
6.84 0 -0.000332567 0.0656154
6.85 0 -0.000332566 0.066854
6.86 0 -0.000332566 0.0681085
6.87 0 -0.000332568 0.0693752
6.88 0 -0.000332567 0.0706505
6.89 0 -0.000332566 0.0719308
6.9 0 -0.000332566 0.0732123
6.91 0 -0.000332514 0.0744893
6.92 0 -0.000332125 0.0757478
6.93 0 -0.000331476 0.0769685
6.94 0 -0.000330806 0.0781392
6.95 0 -0.000330055 0.0792549
6.96 0 -0.000329292 0.0803094
6.97 0 -0.000328545 0.0812951
6.98 0 -0.000327748 0.0822068
6.99 0 -0.000326916 0.0830417
7 0 -0.000326133 0.0837986
7.01 0 -0.000325444 0.0844766
7.02 0 -0.000324787 0.0850762
7.03 0 -0.000324144 0.0855993
7.04 0 -0.000323571 0.0860482
7.05 0 -0.000323094 0.0864263
7.06 0 -0.000322714 0.0867372
7.07 0 -0.0003224 0.0869845
7.08 0 -0.000322132 0.0871722
7.09 0 -0.000321931 0.0873037
7.1 0 -0.000321828 0.0873825
7.11 0 -0.000321812 0.0874117
7.12 0 -0.000321825 0.0873947
7.13 0 -0.000321811 0.0873511
7.14 0 -0.00032221 0.0873102
7.15 0 -0.0003227 0.0872712
7.16 0 -0.000323369 0.0872181
7.17 0 -0.000324396 0.0871541
7.18 0 -0.000325336 0.0870853
7.19 0 -0.000326635 0.0870082
7.2 0 -0.000328089 0.0869204
7.21 0 -0.000329594 0.0868227
7.22 0 -0.000331337 0.086712
7.23 0 -0.000332552 0.0865813
7.24 0 -0.000332774 0.0864201
7.25 0 -0.000332797 0.0862191
7.26 0 -0.000332802 0.0859759
7.27 0 -0.000332735 0.0856933
7.28 0 -0.000332955 0.085373
7.29 0 -0.000332977 0.0850165
7.3 0 -0.000332884 0.0846263
7.31 0 -0.000332909 0.0842056
7.32 0 -0.00033291 0.0837573
7.33 0 -0.000332991 0.0832845
7.34 0 -0.000332997 0.0827899
7.35 0 -0.00033291 0.0822764
7.36 0 -0.000332957 0.0817473
7.37 0 -0.000332972 0.0812062
7.38 0 -0.000332898 0.0806567
7.39 0 -0.00033292 0.0801025
7.4 0 -0.000332936 0.0795474
7.41 0 -0.000332942 0.0789951
7.42 0 -0.000332947 0.0784493
7.43 0 -0.00033291 0.077914
7.44 0 -0.000332921 0.0773928
7.45 0 -0.000332945 0.0768897
7.46 0 -0.000332937 0.0764082
7.47 0 -0.00033293 0.0759519
7.48 0 -0.00033292 0.0755242
7.49 0 -0.000332927 0.0751286
7.5 0 -0.000332942 0.0747681
7.51 0 -0.000332933 0.0744459
7.52 0 -0.000332925 0.0741648
7.53 0 -0.000332926 0.0739275
7.54 0 -0.000332932 0.0737367
7.55 0 -0.000332937 0.0735946
7.56 0 -0.00033293 0.0735035
7.57 0 -0.000332925 0.0734652
7.58 0 -0.00033293 0.0734804
7.59 0 -0.00033294 0.0735448
7.6 0 -0.000332954 0.0736507
7.61 0 -0.00033298 0.0737951
7.62 0 -0.00033302 0.0739825
7.63 0 -0.000333055 0.0742197
7.64 0 -0.000333075 0.0745108
7.65 0 -0.000333078 0.0748575
7.66 0 -0.000333075 0.0752617
7.67 0 -0.000333076 0.0757255
7.68 0 -0.00033308 0.0762495
7.69 0 -0.00033308 0.0768328
7.7 0 -0.000333076 0.0774737
7.71 0 -0.000333076 0.0781706
7.72 0 -0.000333078 0.0789224
7.73 0 -0.000333079 0.0797274
7.74 0 -0.000333078 0.0805837
7.75 0 -0.000333076 0.0814891
7.76 0 -0.000333077 0.0824415
7.77 0 -0.000333079 0.0834382
7.78 0 -0.000333079 0.0844767
7.79 0 -0.000333077 0.0855542
7.8 0 -0.000333077 0.0866677
7.81 0 -0.000333078 0.0878142
7.82 0 -0.000333079 0.0889905
7.83 0 -0.000333078 0.0901935
7.84 0 -0.000333077 0.0914195
7.85 0 -0.000333077 0.0926652
7.86 0 -0.000333078 0.0939271
7.87 0 -0.000333078 0.0952015
7.88 0 -0.000333078 0.0964848
7.89 0 -0.000333077 0.0977733
7.9 0 -0.000333077 0.0990634
7.91 0 -0.000333078 0.100351
7.92 0 -0.000333044 0.101632
7.93 0 -0.000332693 0.102895
7.94 0 -0.000332118 0.104119
7.95 0 -0.000331487 0.105289
7.96 0 -0.000330802 0.106396
7.97 0 -0.00033006 0.107436
7.98 0 -0.000329271 0.108402
7.99 0 -0.000328469 0.109289
8 0 -0.000327658 0.110096
8.01 0 -0.000326886 0.110822
8.02 0 -0.000326166 0.111468
8.03 0 -0.000325506 0.112034
8.04 0 -0.000324873 0.112523
8.05 0 -0.000324314 0.112938
8.06 0 -0.000323869 0.113284
8.07 0 -0.00032348 0.113564
8.08 0 -0.000323164 0.113782
8.09 0 -0.000322936 0.113942
8.1 0 -0.000322786 0.114048
8.11 0 -0.000322704 0.114103
8.12 0 -0.000322679 0.114112
8.13 0 -0.000322707 0.114082
8.14 0 -0.000322895 0.114036
8.15 0 -0.000323436 0.113997
8.16 0 -0.000324052 0.113955
8.17 0 -0.000324845 0.113896
8.18 0 -0.000326027 0.113828
8.19 0 -0.000327046 0.113755
8.2 0 -0.000328416 0.113672
8.21 0 -0.000329918 0.113576
8.22 0 -0.000331383 0.113468
8.23 0 -0.000332979 0.113346
8.24 0 -0.000333248 0.113199
8.25 0 -0.000333191 0.113013
8.26 0 -0.000333331 0.112782
8.27 0 -0.000333187 0.112506
8.28 0 -0.000333298 0.112191
8.29 0 -0.000333401 0.111837
8.3 0 -0.000333344 0.11145
8.31 0 -0.000333241 0.111031
8.32 0 -0.000333284 0.110585
8.33 0 -0.00033336 0.110114
8.34 0 -0.000333342 0.109623
8.35 0 -0.000333309 0.109114
8.36 0 -0.000333287 0.108591
8.37 0 -0.000333333 0.108057
8.38 0 -0.000333412 0.107515
8.39 0 -0.000333356 0.10697
8.4 0 -0.000333218 0.106425
8.41 0 -0.000333262 0.105883
8.42 0 -0.000333372 0.105347
8.43 0 -0.000333365 0.104822
8.44 0 -0.000333298 0.104311
8.45 0 -0.000333253 0.103817
8.46 0 -0.000333304 0.103344
8.47 0 -0.000333366 0.102896
8.48 0 -0.00033333 0.102475
8.49 0 -0.000333279 0.102087
8.5 0 -0.000333285 0.101732
8.51 0 -0.000333326 0.101415
8.52 0 -0.000333346 0.101139
8.53 0 -0.000333309 0.100905
8.54 0 -0.000333285 0.100717
8.55 0 -0.000333306 0.100578
8.56 0 -0.000333332 0.100488
8.57 0 -0.000333326 0.100451
8.58 0 -0.000333301 0.100467
8.59 0 -0.000333299 0.100533
8.6 0 -0.000333334 0.100645
8.61 0 -0.00033337 0.100802
8.62 0 -0.000333381 0.101008
8.63 0 -0.000333381 0.101269
8.64 0 -0.000333388 0.101588
8.65 0 -0.000333401 0.101966
8.66 0 -0.000333401 0.102403
8.67 0 -0.00033339 0.102901
8.68 0 -0.000333387 0.103459
8.69 0 -0.000333394 0.104075
8.7 0 -0.000333399 0.104748
8.71 0 -0.000333396 0.105477
8.72 0 -0.00033339 0.10626
8.73 0 -0.00033339 0.107096
8.74 0 -0.000333396 0.107982
8.75 0 -0.000333398 0.108917
8.76 0 -0.000333393 0.109899
8.77 0 -0.000333391 0.110924
8.78 0 -0.000333393 0.111991
8.79 0 -0.000333396 0.113097
8.8 0 -0.000333395 0.114239
8.81 0 -0.000333392 0.115413
8.82 0 -0.000333392 0.116618
8.83 0 -0.000333395 0.117848
8.84 0 -0.000333395 0.119102
8.85 0 -0.000333394 0.120375
8.86 0 -0.000333392 0.121665
8.87 0 -0.000333393 0.122966
8.88 0 -0.000333395 0.124277
8.89 0 -0.000333394 0.125593
8.9 0 -0.000333393 0.12691
8.91 0 -0.000333352 0.128224
8.92 0 -0.000332984 0.129523
8.93 0 -0.000332409 0.130788
8.94 0 -0.000331779 0.132005
8.95 0 -0.000330981 0.133166
8.96 0 -0.000330152 0.134262
8.97 0 -0.000329265 0.135285
8.98 0 -0.000328291 0.136229
8.99 0 -0.000327317 0.13709
9 0 -0.000326392 0.137867
9.01 0 -0.000325505 0.138559
9.02 0 -0.000324646 0.139169
9.03 0 -0.000323864 0.139698
9.04 0 -0.000323176 0.140151
9.05 0 -0.000322575 0.140531
9.06 0 -0.000322064 0.140843
9.07 0 -0.00032165 0.141091
9.08 0 -0.000321331 0.14128
9.09 0 -0.000321096 0.141413
9.1 0 -0.000320946 0.141495
9.11 0 -0.000320893 0.141528
9.12 0 -0.000320916 0.141516
9.13 0 -0.00032092 0.141475
9.14 0 -0.000321389 0.141435
9.15 0 -0.000322214 0.141394
9.16 0 -0.000323182 0.141335
9.17 0 -0.000324495 0.141265
9.18 0 -0.000325787 0.141191
9.19 0 -0.000327319 0.141106
9.2 0 -0.000328799 0.141013
9.21 0 -0.000330422 0.14091
9.22 0 -0.000331931 0.140795
9.23 0 -0.000333102 0.140665
9.24 0 -0.000333682 0.140512
9.25 0 -0.000333519 0.14032
9.26 0 -0.000333461 0.140081
9.27 0 -0.000333579 0.139793
9.28 0 -0.000333553 0.13946
9.29 0 -0.000333536 0.139088
9.3 0 -0.000333597 0.138683
9.31 0 -0.000333502 0.138246
9.32 0 -0.000333504 0.13778
9.33 0 -0.00033362 0.137288
9.34 0 -0.000333594 0.136772
9.35 0 -0.000333632 0.136236
9.36 0 -0.000333584 0.135683
9.37 0 -0.000333428 0.135116
9.38 0 -0.000333511 0.134539
9.39 0 -0.000333611 0.133956
9.4 0 -0.000333579 0.13337
9.41 0 -0.000333524 0.132786
9.42 0 -0.000333482 0.132208
9.43 0 -0.000333543 0.131639
9.44 0 -0.000333598 0.131084
9.45 0 -0.00033355 0.130546
9.46 0 -0.000333507 0.130029
9.47 0 -0.000333519 0.129536
9.48 0 -0.00033356 0.129072
9.49 0 -0.000333573 0.128639
9.5 0 -0.000333533 0.128241
9.51 0 -0.000333514 0.12788
9.52 0 -0.000333541 0.12756
9.53 0 -0.000333562 0.127284
9.54 0 -0.000333552 0.127053
9.55 0 -0.000333528 0.126871
9.56 0 -0.000333527 0.126739
9.57 0 -0.000333549 0.12666
9.58 0 -0.000333555 0.126635
9.59 0 -0.000333541 0.126664
9.6 0 -0.000333535 0.126746
9.61 0 -0.000333558 0.126878
9.62 0 -0.000333588 0.127061
9.63 0 -0.000333593 0.127301
9.64 0 -0.000333581 0.127601
9.65 0 -0.000333578 0.127963
9.66 0 -0.000333586 0.128385
9.67 0 -0.000333592 0.128866
9.68 0 -0.000333588 0.129407
9.69 0 -0.000333581 0.130006
9.7 0 -0.000333582 0.130663
9.71 0 -0.000333588 0.131376
9.72 0 -0.00033359 0.132144
9.73 0 -0.000333585 0.132965
9.74 0 -0.000333581 0.133837
9.75 0 -0.000333585 0.134759
9.76 0 -0.00033359 0.135727
9.77 0 -0.000333587 0.13674
9.78 0 -0.000333583 0.137795
9.79 0 -0.000333583 0.138889
9.8 0 -0.000333587 0.14002
9.81 0 -0.000333588 0.141183
9.82 0 -0.000333585 0.142377
9.83 0 -0.000333583 0.143597
9.84 0 -0.000333585 0.144841
9.85 0 -0.000333587 0.146105
9.86 0 -0.000333587 0.147385
9.87 0 -0.000333584 0.148679
9.88 0 -0.000333584 0.149981
9.89 0 -0.000333586 0.15129
9.9 0 -0.000333587 0.1526
9.91 0 -0.000333586 0.153908
9.92 0 -0.000333585 0.155212
9.93 0 -0.000333581 0.156506
9.94 0 -0.000333319 0.157782
9.95 0 -0.000332838 0.159024
9.96 0 -0.000332242 0.160216
9.97 0 -0.000331512 0.161342
9.98 0 -0.000330715 0.162391
9.99 0 -0.000329843 0.163352
10 0 -0.000328955 0.164215
10.01 0 -0.000328066 0.164981
10.02 0 -0.0003272 0.165655
10.03 0 -0.000326399 0.166248
10.04 0 -0.00032567 0.166768
10.05 0 -0.000324974 0.167226
10.06 0 -0.000324296 0.167633
10.07 0 -0.000323693 0.167998
10.08 0 -0.000323157 0.16833
10.09 0 -0.000322639 0.168635
10.1 0 -0.000322095 0.168921
10.11 0 -0.000321584 0.169191
10.12 0 -0.000321129 0.169448
10.13 0 -0.000320672 0.169695
10.14 0 -0.000320193 0.169933
10.15 0 -0.000319725 0.170162
10.16 0 -0.000319294 0.170382
10.17 0 -0.000318869 0.170593
10.18 0 -0.000318447 0.170794
10.19 0 -0.000318037 0.170986
10.2 0 -0.000317645 0.171167
10.21 0 -0.000317276 0.171338
10.22 0 -0.000316927 0.171499
10.23 0 -0.000316587 0.17165
10.24 0 -0.000316265 0.171791
10.25 0 -0.000315967 0.171923
10.26 0 -0.000315687 0.172046
10.27 0 -0.000315423 0.172161
10.28 0 -0.000315172 0.172267
10.29 0 -0.000314939 0.172365
10.3 0 -0.000314726 0.172456
10.31 0 -0.000314528 0.172539
10.32 0 -0.000314345 0.172615
10.33 0 -0.000314176 0.172684
10.34 0 -0.000314026 0.172746
10.35 0 -0.000313895 0.172801
10.36 0 -0.00031378 0.172848
10.37 0 -0.000313683 0.172887
10.38 0 -0.000313607 0.172918
10.39 0 -0.000313558 0.172939
10.4 0 -0.000313543 0.17295
10.41 0 -0.000313432 0.172942
10.42 0 -0.000313196 0.172908
10.43 0 -0.000313879 0.172842
10.44 0 -0.000316686 0.172746
10.45 0 -0.000320055 0.172628
10.46 0 -0.000323074 0.172496
10.47 0 -0.00032579 0.172355
10.48 0 -0.000328222 0.172209
10.49 0 -0.000330803 0.172063
10.5 0 -0.000332648 0.171924
10.51 0 -0.000333556 0.171797
10.52 0 -0.000333698 0.171687
10.53 0 -0.000333199 0.171597
10.54 0 -0.000333408 0.171529
10.55 0 -0.000333807 0.171479
10.56 0 -0.000333763 0.171444
10.57 0 -0.000333517 0.171422
10.58 0 -0.000333342 0.171412
10.59 0 -0.000333576 0.171413
10.6 0 -0.000333762 0.171423
10.61 0 -0.000333643 0.171441
10.62 0 -0.000333447 0.171465
10.63 0 -0.000333478 0.171493
10.64 0 -0.000333643 0.171524
10.65 0 -0.000333694 0.171557
10.66 0 -0.000333564 0.171595
10.67 0 -0.000333475 0.17164
10.68 0 -0.000333564 0.171693
10.69 0 -0.000333654 0.171755
10.7 0 -0.000333626 0.171826
10.71 0 -0.000333534 0.171904
10.72 0 -0.000333524 0.17199
10.73 0 -0.000333601 0.172082
10.74 0 -0.000333633 0.172181
10.75 0 -0.000333582 0.172287
10.76 0 -0.000333539 0.1724
10.77 0 -0.000333563 0.172519
10.78 0 -0.00033361 0.172645
10.79 0 -0.000333605 0.172777
10.8 0 -0.000333564 0.172915
10.81 0 -0.000333554 0.173059
10.82 0 -0.000333584 0.17321
10.83 0 -0.000333604 0.173366
10.84 0 -0.000333586 0.173528
10.85 0 -0.000333562 0.173695
10.86 0 -0.000333569 0.173868
10.87 0 -0.000333591 0.174047
10.88 0 -0.000333593 0.174231
10.89 0 -0.000333576 0.174421
10.9 0 -0.000333574 0.174616
10.91 0 -0.000333574 0.174815
10.92 0 -0.000333548 0.175017
10.93 0 -0.000333495 0.175221
10.94 0 -0.000333426 0.175427
10.95 0 -0.000333364 0.175632
10.96 0 -0.000333302 0.175836
10.97 0 -0.000333222 0.176038
10.98 0 -0.000333126 0.176237
10.99 0 -0.000333031 0.176432
11 0 -0.000332943 0.176623
11.01 0 -0.000332849 0.17681
11.02 0 -0.000332744 0.176992
11.03 0 -0.000332635 0.177168
11.04 0 -0.000332531 0.177339
11.05 0 -0.00033243 0.177504
11.06 0 -0.000332325 0.177662
11.07 0 -0.000332215 0.177814
11.08 0 -0.000332109 0.177959
11.09 0 -0.000332009 0.178097
11.1 0 -0.00033191 0.178229
11.11 0 -0.000331814 0.178354
11.12 0 -0.000331715 0.178474
11.13 0 -0.000331615 0.178588
11.14 0 -0.000331523 0.178698
11.15 0 -0.000331434 0.178804
11.16 0 -0.000331345 0.178906
11.17 0 -0.000331252 0.179005
11.18 0 -0.000331163 0.179102
11.19 0 -0.000331079 0.179195
11.2 0 -0.000330993 0.179286
11.21 0 -0.000330905 0.179375
11.22 0 -0.000330817 0.179463
11.23 0 -0.000330733 0.179549
11.24 0 -0.000330648 0.179634
11.25 0 -0.000330562 0.179719
11.26 0 -0.000330474 0.179803
11.27 0 -0.000330382 0.179886
11.28 0 -0.000330295 0.179969
11.29 0 -0.000330207 0.180053
11.3 0 -0.000330115 0.180136
11.31 0 -0.000330022 0.180218
11.32 0 -0.000329928 0.180301
11.33 0 -0.000329838 0.180383
11.34 0 -0.000329745 0.180465
11.35 0 -0.000329648 0.180545
11.36 0 -0.00032955 0.180625
11.37 0 -0.000329458 0.180704
11.38 0 -0.000329367 0.180782
11.39 0 -0.000329275 0.180859
11.4 0 -0.000329177 0.180934
11.41 0 -0.000329083 0.181008
11.42 0 -0.000328995 0.181081
11.43 0 -0.000328905 0.181152
11.44 0 -0.000328815 0.181222
11.45 0 -0.000328722 0.181291
11.46 0 -0.000328632 0.181358
11.47 0 -0.000328548 0.181425
11.48 0 -0.000328461 0.181491
11.49 0 -0.000328371 0.181556
11.5 0 -0.000328282 0.18162
11.51 0 -0.000328196 0.181683
11.52 0 -0.000328111 0.181746
11.53 0 -0.000328023 0.181809
11.54 0 -0.000327934 0.181872
11.55 0 -0.000327845 0.181934
11.56 0 -0.000327759 0.181995
11.57 0 -0.000327671 0.182057
11.58 0 -0.000327581 0.182118
11.59 0 -0.000327491 0.182179
11.6 0 -0.000327402 0.18224
11.61 0 -0.000327315 0.1823
11.62 0 -0.000327226 0.182359
11.63 0 -0.000327137 0.182418
11.64 0 -0.000327049 0.182475
11.65 0 -0.000326964 0.182532
11.66 0 -0.000326879 0.182587
11.67 0 -0.000326796 0.182641
11.68 0 -0.000326715 0.182692
11.69 0 -0.000326637 0.182742
11.7 0 -0.000326563 0.18279
11.71 0 -0.000326492 0.182835
11.72 0 -0.000326424 0.182877
11.73 0 -0.000326361 0.182916
11.74 0 -0.000326303 0.182952
11.75 0 -0.000326251 0.182985
11.76 0 -0.000326205 0.183013
11.77 0 -0.000326165 0.183038
11.78 0 -0.000326132 0.183059
11.79 0 -0.000326106 0.183075
11.8 0 -0.000326099 0.183086
11.81 0 -0.000326079 0.183093
11.82 0 -0.000326058 0.183093
11.83 0 -0.000326075 0.183083
11.84 0 -0.000326049 0.183064
11.85 0 -0.000326177 0.183035
11.86 0 -0.000326722 0.182998
11.87 0 -0.00032739 0.182958
11.88 0 -0.000327979 0.182919
11.89 0 -0.000328469 0.18288
11.9 0 -0.000328889 0.182843
11.91 0 -0.000329423 0.182809
11.92 0 -0.00032992 0.182778
11.93 0 -0.00033026 0.182751
11.94 0 -0.000330508 0.182728
11.95 0 -0.000330728 0.182708
11.96 0 -0.000330966 0.182693
11.97 0 -0.000331138 0.182681
11.98 0 -0.000331209 0.182672
11.99 0 -0.000331239 0.182666
12 0 -0.000331283 0.182663
12.01 0 -0.000331321 0.182664
12.02 0 -0.000331291 0.182666
12.03 0 -0.000331253 0.182671
12.04 0 -0.000331275 0.182679
12.05 0 -0.000331299 0.18269
12.06 0 -0.000331295 0.182702
12.07 0 -0.000331285 0.182716
12.08 0 -0.000331279 0.182733
12.09 0 -0.000331294 0.182752
12.1 0 -0.000331305 0.182773
12.11 0 -0.000331293 0.182796
12.12 0 -0.000331283 0.182821
12.13 0 -0.000331288 0.182847
12.14 0 -0.000331298 0.182876
12.15 0 -0.000331299 0.182906
12.16 0 -0.00033129 0.182939
12.17 0 -0.000331286 0.182974
12.18 0 -0.000331293 0.183012
12.19 0 -0.000331297 0.183051
12.2 0 -0.000331294 0.183093
12.21 0 -0.000331289 0.183137
12.22 0 -0.00033129 0.183184
12.23 0 -0.000331296 0.183233
12.24 0 -0.000331296 0.183284
12.25 0 -0.000331294 0.183339
12.26 0 -0.000331294 0.183398
12.27 0 -0.000331294 0.183464
12.28 0 -0.000331292 0.183534
12.29 0 -0.000331261 0.183604
12.3 0 -0.000331203 0.183672
12.31 0 -0.000331147 0.183741
12.32 0 -0.000331077 0.18381
12.33 0 -0.00033101 0.183879
12.34 0 -0.000330951 0.183947
12.35 0 -0.000330887 0.184015
12.36 0 -0.000330819 0.184082
12.37 0 -0.000330746 0.18415
12.38 0 -0.000330678 0.184218
12.39 0 -0.000330611 0.184285
12.4 0 -0.000330541 0.184353
12.41 0 -0.000330467 0.18442
12.42 0 -0.000330392 0.184487
12.43 0 -0.00033032 0.184554
12.44 0 -0.000330248 0.184621
12.45 0 -0.000330172 0.184688
12.46 0 -0.000330095 0.184755
12.47 0 -0.000330019 0.184821
12.48 0 -0.000329944 0.184887
12.49 0 -0.000329867 0.184953
12.5 0 -0.000329789 0.185018
12.51 0 -0.000329711 0.185082
12.52 0 -0.000329634 0.185146
12.53 0 -0.000329557 0.18521
12.54 0 -0.000329479 0.185273
12.55 0 -0.000329401 0.185335
12.56 0 -0.000329324 0.185396
12.57 0 -0.000329248 0.185457
12.58 0 -0.000329172 0.185516
12.59 0 -0.000329096 0.185574
12.6 0 -0.000329021 0.185632
12.61 0 -0.000328947 0.185688
12.62 0 -0.000328875 0.185743
12.63 0 -0.000328804 0.185796
12.64 0 -0.000328733 0.185848
12.65 0 -0.000328665 0.185899
12.66 0 -0.000328598 0.185948
12.67 0 -0.000328534 0.185995
12.68 0 -0.000328471 0.18604
12.69 0 -0.00032841 0.186084
12.7 0 -0.000328351 0.186126
12.71 0 -0.000328296 0.186166
12.72 0 -0.000328242 0.186203
12.73 0 -0.000328192 0.186239
12.74 0 -0.000328144 0.186272
12.75 0 -0.000328099 0.186303
12.76 0 -0.000328058 0.186332
12.77 0 -0.00032802 0.186358
12.78 0 -0.000327985 0.186382
12.79 0 -0.000327954 0.186404
12.8 0 -0.000327926 0.186423
12.81 0 -0.000327902 0.186439
12.82 0 -0.000327881 0.186453
12.83 0 -0.000327865 0.186465
12.84 0 -0.000327852 0.186473
12.85 0 -0.000327843 0.18648
12.86 0 -0.000327837 0.186483
12.87 0 -0.000327836 0.186484
12.88 0 -0.000327839 0.186483
12.89 0 -0.00032784 0.18648
12.9 0 -0.000327836 0.186474
12.91 0 -0.000327835 0.186465
12.92 0 -0.000327834 0.186453
12.93 0 -0.00032785 0.186439
12.94 0 -0.000328029 0.186424
12.95 0 -0.000328327 0.186406
12.96 0 -0.000328556 0.186388
12.97 0 -0.000328738 0.18637
12.98 0 -0.000328918 0.186352
12.99 0 -0.000329152 0.186333
13 0 -0.00032941 0.186316
13.01 0 -0.000329594 0.186299
13.02 0 -0.000329746 0.186284
13.03 0 -0.000329916 0.18627
13.04 0 -0.000330091 0.186258
13.05 0 -0.000330227 0.186249
13.06 0 -0.000330296 0.186241
13.07 0 -0.000330332 0.186237
13.08 0 -0.000330362 0.186234
13.09 0 -0.000330366 0.186234
13.1 0 -0.000330363 0.186236
13.11 0 -0.000330379 0.186241
13.12 0 -0.000330379 0.186247
13.13 0 -0.000330365 0.186255
13.14 0 -0.000330364 0.186264
13.15 0 -0.000330371 0.186276
13.16 0 -0.000330377 0.186291
13.17 0 -0.000330375 0.186309
13.18 0 -0.000330367 0.186329
13.19 0 -0.000330367 0.18635
13.2 0 -0.000330373 0.186374
13.21 0 -0.000330375 0.186399
13.22 0 -0.000330371 0.186426
13.23 0 -0.000330368 0.186454
13.24 0 -0.00033037 0.186485
13.25 0 -0.000330374 0.186517
13.26 0 -0.000330373 0.18655
13.27 0 -0.00033037 0.186585
13.28 0 -0.000330369 0.186622
13.29 0 -0.000330372 0.18666
13.3 0 -0.000330373 0.1867
13.31 0 -0.000330372 0.186742
13.32 0 -0.000330362 0.18678
13.33 0 -0.00033033 0.186811
13.34 0 -0.000330299 0.18684
13.35 0 -0.000330273 0.186871
13.36 0 -0.000330232 0.186904
13.37 0 -0.000330192 0.186937
13.38 0 -0.000330154 0.186969
13.39 0 -0.000330122 0.187001
13.4 0 -0.000330091 0.187034
13.41 0 -0.000330048 0.187066
13.42 0 -0.000330008 0.187098
13.43 0 -0.000329973 0.18713
13.44 0 -0.000329939 0.187162
13.45 0 -0.000329901 0.187194
13.46 0 -0.000329861 0.187226
13.47 0 -0.000329822 0.187257
13.48 0 -0.000329787 0.187289
13.49 0 -0.000329751 0.187319
13.5 0 -0.000329713 0.18735
13.51 0 -0.000329675 0.18738
13.52 0 -0.000329639 0.187409
13.53 0 -0.000329605 0.187438
13.54 0 -0.00032957 0.187467
13.55 0 -0.000329534 0.187495
13.56 0 -0.000329499 0.187522
13.57 0 -0.000329466 0.187549
13.58 0 -0.000329434 0.187575
13.59 0 -0.000329401 0.187601
13.6 0 -0.000329369 0.187625
13.61 0 -0.000329338 0.187649
13.62 0 -0.000329309 0.187673
13.63 0 -0.00032928 0.187695
13.64 0 -0.000329251 0.187717
13.65 0 -0.000329224 0.187738
13.66 0 -0.000329198 0.187758
13.67 0 -0.000329173 0.187778
13.68 0 -0.000329149 0.187796
13.69 0 -0.000329125 0.187814
13.7 0 -0.000329103 0.18783
13.71 0 -0.000329083 0.187846
13.72 0 -0.000329063 0.187861
13.73 0 -0.000329045 0.187875
13.74 0 -0.000329028 0.187888
13.75 0 -0.000329012 0.187899
13.76 0 -0.000328998 0.18791
13.77 0 -0.000328985 0.18792
13.78 0 -0.000328973 0.187929
13.79 0 -0.000328963 0.187936
13.8 0 -0.000328954 0.187943
13.81 0 -0.000328947 0.187948
13.82 0 -0.000328941 0.187953
13.83 0 -0.000328937 0.187956
13.84 0 -0.000328934 0.187958
13.85 0 -0.000328936 0.187959
13.86 0 -0.000328935 0.18796
13.87 0 -0.000328931 0.187959
13.88 0 -0.000328929 0.187957
13.89 0 -0.000328932 0.187954
13.9 0 -0.000328935 0.187951
13.91 0 -0.000328933 0.187946
13.92 0 -0.00032893 0.18794
13.93 0 -0.00032893 0.187933
13.94 0 -0.000328921 0.187926
13.95 0 -0.000328961 0.187918
13.96 0 -0.000329071 0.187911
13.97 0 -0.00032917 0.187903
13.98 0 -0.000329244 0.187895
13.99 0 -0.000329309 0.187887
14 0 -0.000329384 0.187879
14.01 0 -0.000329478 0.187872
14.02 0 -0.000329551 0.187866
14.03 0 -0.000329599 0.18786
14.04 0 -0.000329619 0.187855
14.05 0 -0.000329627 0.187851
14.06 0 -0.000329669 0.187848
14.07 0 -0.000329734 0.187846
14.08 0 -0.000329763 0.187846
14.09 0 -0.000329742 0.187846
14.1 0 -0.000329721 0.187848
14.11 0 -0.000329731 0.187851
14.12 0 -0.000329752 0.187854
14.13 0 -0.000329751 0.187858
14.14 0 -0.000329733 0.187863
14.15 0 -0.000329727 0.187869
14.16 0 -0.000329741 0.187875
14.17 0 -0.000329751 0.187881
14.18 0 -0.000329743 0.187886
14.19 0 -0.000329732 0.187891
14.2 0 -0.000329735 0.187895
14.21 0 -0.000329745 0.187899
14.22 0 -0.000329746 0.187903
14.23 0 -0.000329738 0.187907
14.24 0 -0.000329734 0.187911
14.25 0 -0.000329739 0.187915
14.26 0 -0.000329745 0.18792
14.27 0 -0.000329742 0.187924
14.28 0 -0.000329737 0.187929
14.29 0 -0.000329737 0.187934
14.3 0 -0.000329741 0.18794
14.31 0 -0.000329743 0.187945
14.32 0 -0.00032974 0.187951
14.33 0 -0.000329738 0.187958
14.34 0 -0.00032974 0.187968
14.35 0 -0.000329742 0.18798
14.36 0 -0.000329741 0.187998
14.37 0 -0.000329738 0.188021
14.38 0 -0.000329738 0.18805
14.39 0 -0.000329742 0.188084
14.4 0 -0.000329718 0.188116
14.41 0 -0.000329675 0.188142
14.42 0 -0.000329645 0.188164
14.43 0 -0.000329624 0.188183
14.44 0 -0.000329609 0.188199
14.45 0 -0.000329591 0.188213
14.46 0 -0.00032957 0.188226
14.47 0 -0.000329555 0.188237
14.48 0 -0.000329546 0.188247
14.49 0 -0.000329537 0.188256
14.5 0 -0.000329524 0.188264
14.51 0 -0.000329513 0.188272
14.52 0 -0.000329505 0.188278
14.53 0 -0.000329501 0.188284
14.54 0 -0.000329494 0.188289
14.55 0 -0.000329486 0.188294
14.56 0 -0.000329479 0.188299
14.57 0 -0.000329476 0.188303
14.58 0 -0.000329472 0.188306
14.59 0 -0.000329468 0.188309
14.6 0 -0.000329464 0.188312
14.61 0 -0.000329465 0.188315
14.62 0 -0.000329464 0.188317
14.63 0 -0.000329458 0.188319
14.64 0 -0.000329452 0.18832
14.65 0 -0.000329452 0.188321
14.66 0 -0.000329454 0.188322
14.67 0 -0.000329453 0.188322
14.68 0 -0.00032945 0.188322
14.69 0 -0.000329449 0.188322
14.7 0 -0.000329452 0.188321
14.71 0 -0.000329453 0.18832
14.72 0 -0.000329452 0.188319
14.73 0 -0.00032945 0.188317
14.74 0 -0.000329451 0.188316
14.75 0 -0.000329452 0.188314
14.76 0 -0.000329452 0.188312
14.77 0 -0.000329451 0.18831
14.78 0 -0.00032945 0.188308
14.79 0 -0.000329451 0.188305
14.8 0 -0.000329452 0.188303
14.81 0 -0.000329452 0.188301
14.82 0 -0.000329451 0.188298
14.83 0 -0.00032945 0.188296
14.84 0 -0.00032945 0.188293
14.85 0 -0.000329449 0.188291
14.86 0 -0.00032945 0.188288
14.87 0 -0.000329453 0.188286
14.88 0 -0.000329467 0.188285
14.89 0 -0.000329486 0.188283
14.9 0 -0.0003295 0.188282
14.91 0 -0.000329512 0.188282
14.92 0 -0.000329516 0.188282
14.93 0 -0.000329516 0.188282
14.94 0 -0.000329517 0.188282
14.95 0 -0.000329517 0.188284
14.96 0 -0.000329517 0.188285
14.97 0 -0.000329517 0.188287
14.98 0 -0.000329517 0.188289
14.99 0 -0.000329517 0.188291
15 0 -0.000329517 0.188293
15.01 0 -0.000329517 0.188295
15.02 0 -0.000329517 0.188297
15.03 0 -0.000329517 0.1883
15.04 0 -0.000329517 0.188302
15.05 0 -0.000329517 0.188304
15.06 0 -0.000329517 0.188306
15.07 0 -0.000329517 0.188308
15.08 0 -0.000329517 0.18831
15.09 0 -0.000329517 0.188311
15.1 0 -0.000329517 0.188312
15.11 0 -0.000329517 0.188312
15.12 0 -0.000329517 0.188312
15.13 0 -0.000329517 0.188311
15.14 0 -0.000329517 0.18831
15.15 0 -0.000329517 0.188308
15.16 0 -0.000329517 0.188307
15.17 0 -0.000329517 0.188306
15.18 0 -0.000329517 0.188305
15.19 0 -0.000329517 0.188304
15.2 0 -0.000329517 0.188304
15.21 0 -0.000329517 0.188303
15.22 0 -0.000329517 0.188302
15.23 0 -0.000329517 0.188301
15.24 0 -0.000329517 0.188301
15.25 0 -0.000329517 0.1883
15.26 0 -0.000329517 0.1883
15.27 0 -0.000329517 0.188299
15.28 0 -0.000329517 0.188299
15.29 0 -0.000329517 0.188298
15.3 0 -0.000329517 0.188298
15.31 0 -0.000329517 0.188297
15.32 0 -0.000329517 0.188297
15.33 0 -0.000329517 0.188297
15.34 0 -0.000329517 0.188296
15.35 0 -0.000329517 0.188296
15.36 0 -0.000329517 0.188295
15.37 0 -0.000329517 0.188295
15.38 0 -0.000329517 0.188295
15.39 0 -0.000329517 0.188295
15.4 0 -0.000329517 0.188295
15.41 0 -0.000329517 0.188295
15.42 0 -0.000329517 0.188296
15.43 0 -0.000329517 0.188296
15.44 0 -0.000329517 0.188297
15.45 0 -0.000329517 0.188297
15.46 0 -0.000329517 0.188298
15.47 0 -0.000329517 0.188299
15.48 0 -0.000329517 0.1883
15.49 0 -0.000329517 0.1883
15.5 0 -0.000329517 0.188301
15.51 0 -0.000329517 0.188301
15.52 0 -0.000329517 0.188302
15.53 0 -0.000329517 0.188302
15.54 0 -0.000329517 0.188303
15.55 0 -0.000329517 0.188303
15.56 0 -0.000329517 0.188303
15.57 0 -0.000329517 0.188303
15.58 0 -0.000329517 0.188303
15.59 0 -0.000329517 0.188304
15.6 0 -0.000329517 0.188304
15.61 0 -0.000329517 0.188304
15.62 0 -0.000329517 0.188303
15.63 0 -0.000329517 0.188303
15.64 0 -0.000329517 0.188303
15.65 0 -0.000329517 0.188303
15.66 0 -0.000329517 0.188302
15.67 0 -0.000329517 0.188302
15.68 0 -0.000329517 0.188301
15.69 0 -0.000329517 0.188301
15.7 0 -0.000329517 0.1883
15.71 0 -0.000329517 0.188299
15.72 0 -0.000329517 0.188299
15.73 0 -0.000329517 0.188298
15.74 0 -0.000329517 0.188298
15.75 0 -0.000329517 0.188297
15.76 0 -0.000329517 0.188297
15.77 0 -0.000329517 0.188297
15.78 0 -0.000329517 0.188296
15.79 0 -0.000329517 0.188296
15.8 0 -0.000329517 0.188296
15.81 0 -0.000329517 0.188296
15.82 0 -0.000329517 0.188296
15.83 0 -0.000329517 0.188296
15.84 0 -0.000329517 0.188297
15.85 0 -0.000329517 0.188297
15.86 0 -0.000329517 0.188297
15.87 0 -0.000329517 0.188297
15.88 0 -0.000329517 0.188298
15.89 0 -0.000329517 0.188298
15.9 0 -0.000329517 0.188299
15.91 0 -0.000329517 0.188299
15.92 0 -0.000329517 0.188299
15.93 0 -0.000329517 0.1883
15.94 0 -0.000329517 0.1883
15.95 0 -0.000329517 0.188301
15.96 0 -0.000329517 0.188301
15.97 0 -0.000329517 0.188302
15.98 0 -0.000329517 0.188302
15.99 0 -0.000329517 0.188302
16 0 -0.000329517 0.188302
16.01 0 -0.000329517 0.188303
16.02 0 -0.000329517 0.188303
16.03 0 -0.000329517 0.188303
16.04 0 -0.000329517 0.188303
16.05 0 -0.000329517 0.188303
16.06 0 -0.000329517 0.188302
16.07 0 -0.000329517 0.188302
16.08 0 -0.000329517 0.188302
16.09 0 -0.000329517 0.188302
16.1 0 -0.000329517 0.188301
16.11 0 -0.000329517 0.188301
16.12 0 -0.000329517 0.188301
16.13 0 -0.000329517 0.1883
16.14 0 -0.000329517 0.1883
16.15 0 -0.000329517 0.188299
16.16 0 -0.000329517 0.188299
16.17 0 -0.000329517 0.188299
16.18 0 -0.000329517 0.188298
16.19 0 -0.000329517 0.188298
16.2 0 -0.000329517 0.188298
16.21 0 -0.000329517 0.188297
16.22 0 -0.000329517 0.188297
16.23 0 -0.000329517 0.188297
16.24 0 -0.000329517 0.188297
16.25 0 -0.000329517 0.188297
16.26 0 -0.000329517 0.188297
16.27 0 -0.000329517 0.188297
16.28 0 -0.000329517 0.188297
16.29 0 -0.000329517 0.188298
16.3 0 -0.000329517 0.188298
16.31 0 -0.000329517 0.188298
16.32 0 -0.000329517 0.188298
16.33 0 -0.000329517 0.188299
16.34 0 -0.000329517 0.188299
16.35 0 -0.000329517 0.188299
16.36 0 -0.000329517 0.1883
16.37 0 -0.000329517 0.1883
16.38 0 -0.000329517 0.1883
16.39 0 -0.000329517 0.188301
16.4 0 -0.000329517 0.188301
16.41 0 -0.000329517 0.188301
16.42 0 -0.000329517 0.188301
16.43 0 -0.000329517 0.188302
16.44 0 -0.000329517 0.188302
16.45 0 -0.000329517 0.188302
16.46 0 -0.000329517 0.188302
16.47 0 -0.000329517 0.188302
16.48 0 -0.000329517 0.188302
16.49 0 -0.000329517 0.188302
16.5 0 -0.000329517 0.188302
16.51 0 -0.000329517 0.188302
16.52 0 -0.000329517 0.188301
16.53 0 -0.000329517 0.188301
16.54 0 -0.000329517 0.188301
16.55 0 -0.000329517 0.188301
16.56 0 -0.000329517 0.1883
16.57 0 -0.000329517 0.1883
16.58 0 -0.000329517 0.1883
16.59 0 -0.000329517 0.188299
16.6 0 -0.000329517 0.188299
16.61 0 -0.000329517 0.188299
16.62 0 -0.000329517 0.188299
16.63 0 -0.000329517 0.188298
16.64 0 -0.000329517 0.188298
16.65 0 -0.000329517 0.188298
16.66 0 -0.000329517 0.188298
16.67 0 -0.000329517 0.188298
16.68 0 -0.000329517 0.188298
16.69 0 -0.000329517 0.188298
16.7 0 -0.000329517 0.188298
16.71 0 -0.000329517 0.188298
16.72 0 -0.000329517 0.188298
16.73 0 -0.000329517 0.188298
16.74 0 -0.000329517 0.188298
16.75 0 -0.000329517 0.188298
16.76 0 -0.000329517 0.188299
16.77 0 -0.000329517 0.188299
16.78 0 -0.000329517 0.188299
16.79 0 -0.000329517 0.188299
16.8 0 -0.000329517 0.1883
16.81 0 -0.000329517 0.1883
16.82 0 -0.000329517 0.1883
16.83 0 -0.000329517 0.1883
16.84 0 -0.000329517 0.188301
16.85 0 -0.000329517 0.188301
16.86 0 -0.000329517 0.188301
16.87 0 -0.000329517 0.188301
16.88 0 -0.000329517 0.188301
16.89 0 -0.000329517 0.188301
16.9 0 -0.000329517 0.188301
16.91 0 -0.000329517 0.188301
16.92 0 -0.000329517 0.188301
16.93 0 -0.000329517 0.188301
16.94 0 -0.000329517 0.188301
16.95 0 -0.000329517 0.188301
16.96 0 -0.000329517 0.188301
16.97 0 -0.000329517 0.188301
16.98 0 -0.000329517 0.1883
16.99 0 -0.000329517 0.1883
17 0 -0.000329517 0.1883
17.01 0 -0.000329517 0.1883
17.02 0 -0.000329517 0.1883
17.03 0 -0.000329517 0.188299
17.04 0 -0.000329517 0.188299
17.05 0 -0.000329517 0.188299
17.06 0 -0.000329517 0.188299
17.07 0 -0.000329517 0.188299
17.08 0 -0.000329517 0.188298
17.09 0 -0.000329517 0.188298
17.1 0 -0.000329517 0.188298
17.11 0 -0.000329517 0.188298
17.12 0 -0.000329517 0.188298
17.13 0 -0.000329517 0.188298
17.14 0 -0.000329517 0.188298
17.15 0 -0.000329517 0.188298
17.16 0 -0.000329517 0.188298
17.17 0 -0.000329517 0.188299
17.18 0 -0.000329517 0.188299
17.19 0 -0.000329517 0.188299
17.2 0 -0.000329517 0.188299
17.21 0 -0.000329517 0.188299
17.22 0 -0.000329517 0.188299
17.23 0 -0.000329517 0.1883
17.24 0 -0.000329517 0.1883
17.25 0 -0.000329517 0.1883
17.26 0 -0.000329517 0.1883
17.27 0 -0.000329517 0.1883
17.28 0 -0.000329517 0.1883
17.29 0 -0.000329517 0.188301
17.3 0 -0.000329517 0.188301
17.31 0 -0.000329517 0.188301
17.32 0 -0.000329517 0.188301
17.33 0 -0.000329517 0.188301
17.34 0 -0.000329517 0.188301
17.35 0 -0.000329517 0.188301
17.36 0 -0.000329517 0.188301
17.37 0 -0.000329517 0.188301
17.38 0 -0.000329517 0.188301
17.39 0 -0.000329517 0.188301
17.4 0 -0.000329517 0.188301
17.41 0 -0.000329517 0.1883
17.42 0 -0.000329517 0.1883
17.43 0 -0.000329517 0.1883
17.44 0 -0.000329517 0.1883
17.45 0 -0.000329517 0.1883
17.46 0 -0.000329517 0.1883
17.47 0 -0.000329517 0.188299
17.48 0 -0.000329517 0.188299
17.49 0 -0.000329517 0.188299
17.5 0 -0.000329517 0.188299
17.51 0 -0.000329517 0.188299
17.52 0 -0.000329517 0.188299
17.53 0 -0.000329517 0.188299
17.54 0 -0.000329517 0.188299
17.55 0 -0.000329517 0.188299
17.56 0 -0.000329517 0.188299
17.57 0 -0.000329517 0.188299
17.58 0 -0.000329517 0.188299
17.59 0 -0.000329517 0.188299
17.6 0 -0.000329517 0.188299
17.61 0 -0.000329517 0.188299
17.62 0 -0.000329517 0.188299
17.63 0 -0.000329517 0.188299
17.64 0 -0.000329517 0.188299
17.65 0 -0.000329517 0.188299
17.66 0 -0.000329517 0.188299
17.67 0 -0.000329517 0.1883
17.68 0 -0.000329517 0.1883
17.69 0 -0.000329517 0.1883
17.7 0 -0.000329517 0.1883
17.71 0 -0.000329517 0.1883
17.72 0 -0.000329517 0.1883
17.73 0 -0.000329517 0.1883
17.74 0 -0.000329517 0.1883
17.75 0 -0.000329517 0.188301
17.76 0 -0.000329517 0.188301
17.77 0 -0.000329517 0.188301
17.78 0 -0.000329517 0.188301
17.79 0 -0.000329517 0.188301
17.8 0 -0.000329517 0.188301
17.81 0 -0.000329517 0.188301
17.82 0 -0.000329517 0.1883
17.83 0 -0.000329517 0.1883
17.84 0 -0.000329517 0.1883
17.85 0 -0.000329517 0.1883
17.86 0 -0.000329517 0.1883
17.87 0 -0.000329517 0.1883
17.88 0 -0.000329517 0.1883
17.89 0 -0.000329517 0.1883
17.9 0 -0.000329517 0.1883
17.91 0 -0.000329517 0.188299
17.92 0 -0.000329517 0.188299
17.93 0 -0.000329517 0.188299
17.94 0 -0.000329517 0.188299
17.95 0 -0.000329517 0.188299
17.96 0 -0.000329517 0.188299
17.97 0 -0.000329517 0.188299
17.98 0 -0.000329517 0.188299
17.99 0 -0.000329517 0.188299
18 0 -0.000329517 0.188299
18.01 0 -0.000329517 0.188299
18.02 0 -0.000329517 0.188299
18.03 0 -0.000329517 0.188299
18.04 0 -0.000329517 0.188299
18.05 0 -0.000329517 0.188299
18.06 0 -0.000329517 0.188299
18.07 0 -0.000329517 0.188299
18.08 0 -0.000329517 0.188299
18.09 0 -0.000329517 0.188299
18.1 0 -0.000329517 0.1883
18.11 0 -0.000329517 0.1883
18.12 0 -0.000329517 0.1883
18.13 0 -0.000329517 0.1883
18.14 0 -0.000329517 0.1883
18.15 0 -0.000329517 0.1883
18.16 0 -0.000329517 0.1883
18.17 0 -0.000329517 0.1883
18.18 0 -0.000329517 0.1883
18.19 0 -0.000329517 0.1883
18.2 0 -0.000329517 0.1883
18.21 0 -0.000329517 0.1883
18.22 0 -0.000329517 0.1883
18.23 0 -0.000329517 0.1883
18.24 0 -0.000329517 0.1883
18.25 0 -0.000329517 0.1883
18.26 0 -0.000329517 0.1883
18.27 0 -0.000329517 0.1883
18.28 0 -0.000329517 0.1883
18.29 0 -0.000329517 0.1883
18.3 0 -0.000329517 0.1883
18.31 0 -0.000329517 0.1883
18.32 0 -0.000329517 0.1883
18.33 0 -0.000329517 0.1883
18.34 0 -0.000329517 0.1883
18.35 0 -0.000329517 0.188299
18.36 0 -0.000329517 0.188299
18.37 0 -0.000329517 0.188299
18.38 0 -0.000329517 0.188299
18.39 0 -0.000329517 0.188299
18.4 0 -0.000329517 0.188299
18.41 0 -0.000329517 0.188299
18.42 0 -0.000329517 0.188299
18.43 0 -0.000329517 0.188299
18.44 0 -0.000329517 0.188299
18.45 0 -0.000329517 0.188299
18.46 0 -0.000329517 0.188299
18.47 0 -0.000329517 0.188299
18.48 0 -0.000329517 0.188299
18.49 0 -0.000329517 0.188299
18.5 0 -0.000329517 0.188299
18.51 0 -0.000329517 0.188299
18.52 0 -0.000329517 0.188299
18.53 0 -0.000329517 0.1883
18.54 0 -0.000329517 0.1883
18.55 0 -0.000329517 0.1883
18.56 0 -0.000329517 0.1883
18.57 0 -0.000329517 0.1883
18.58 0 -0.000329517 0.1883
18.59 0 -0.000329517 0.1883
18.6 0 -0.000329517 0.1883
18.61 0 -0.000329517 0.1883
18.62 0 -0.000329517 0.1883
18.63 0 -0.000329517 0.1883
18.64 0 -0.000329517 0.1883
18.65 0 -0.000329517 0.1883
18.66 0 -0.000329517 0.1883
18.67 0 -0.000329517 0.1883
18.68 0 -0.000329517 0.1883
18.69 0 -0.000329517 0.1883
18.7 0 -0.000329517 0.1883
18.71 0 -0.000329517 0.1883
18.72 0 -0.000329517 0.1883
18.73 0 -0.000329517 0.1883
18.74 0 -0.000329517 0.1883
18.75 0 -0.000329517 0.1883
18.76 0 -0.000329517 0.1883
18.77 0 -0.000329517 0.1883
18.78 0 -0.000329517 0.1883
18.79 0 -0.000329517 0.1883
18.8 0 -0.000329517 0.188299
18.81 0 -0.000329517 0.188299
18.82 0 -0.000329517 0.188299
18.83 0 -0.000329517 0.188299
18.84 0 -0.000329517 0.188299
18.85 0 -0.000329517 0.188299
18.86 0 -0.000329517 0.188299
18.87 0 -0.000329517 0.188299
18.88 0 -0.000329517 0.188299
18.89 0 -0.000329517 0.188299
18.9 0 -0.000329517 0.188299
18.91 0 -0.000329517 0.188299
18.92 0 -0.000329517 0.188299
18.93 0 -0.000329517 0.188299
18.94 0 -0.000329517 0.188299
18.95 0 -0.000329517 0.188299
18.96 0 -0.000329517 0.1883
18.97 0 -0.000329517 0.1883
18.98 0 -0.000329517 0.1883
18.99 0 -0.000329517 0.1883
19 0 -0.000329517 0.1883
19.01 0 -0.000329517 0.1883
19.02 0 -0.000329517 0.1883
19.03 0 -0.000329517 0.1883
19.04 0 -0.000329517 0.1883
19.05 0 -0.000329517 0.1883
19.06 0 -0.000329517 0.1883
19.07 0 -0.000329517 0.1883
19.08 0 -0.000329517 0.1883
19.09 0 -0.000329517 0.1883
19.1 0 -0.000329517 0.1883
19.11 0 -0.000329517 0.1883
19.12 0 -0.000329517 0.1883
19.13 0 -0.000329517 0.1883
19.14 0 -0.000329517 0.1883
19.15 0 -0.000329517 0.1883
19.16 0 -0.000329517 0.1883
19.17 0 -0.000329517 0.1883
19.18 0 -0.000329517 0.1883
19.19 0 -0.000329517 0.1883
19.2 0 -0.000329517 0.1883
19.21 0 -0.000329517 0.1883
19.22 0 -0.000329517 0.1883
19.23 0 -0.000329517 0.1883
19.24 0 -0.000329517 0.1883
19.25 0 -0.000329517 0.188299
19.26 0 -0.000329517 0.188299
19.27 0 -0.000329517 0.188299
19.28 0 -0.000329517 0.188299
19.29 0 -0.000329517 0.188299
19.3 0 -0.000329517 0.188299
19.31 0 -0.000329517 0.188299
19.32 0 -0.000329517 0.188299
19.33 0 -0.000329517 0.188299
19.34 0 -0.000329517 0.188299
19.35 0 -0.000329517 0.188299
19.36 0 -0.000329517 0.188299
19.37 0 -0.000329517 0.188299
19.38 0 -0.000329517 0.188299
19.39 0 -0.000329517 0.1883
19.4 0 -0.000329517 0.1883
19.41 0 -0.000329517 0.1883
19.42 0 -0.000329517 0.1883
19.43 0 -0.000329517 0.1883
19.44 0 -0.000329517 0.1883
19.45 0 -0.000329517 0.1883
19.46 0 -0.000329517 0.1883
19.47 0 -0.000329517 0.1883
19.48 0 -0.000329517 0.1883
19.49 0 -0.000329517 0.1883
19.5 0 -0.000329517 0.1883
19.51 0 -0.000329517 0.1883
19.52 0 -0.000329517 0.1883
19.53 0 -0.000329517 0.1883
19.54 0 -0.000329517 0.1883
19.55 0 -0.000329517 0.1883
19.56 0 -0.000329517 0.1883
19.57 0 -0.000329517 0.1883
19.58 0 -0.000329517 0.1883
19.59 0 -0.000329517 0.1883
19.6 0 -0.000329517 0.1883
19.61 0 -0.000329517 0.1883
19.62 0 -0.000329517 0.1883
19.63 0 -0.000329517 0.1883
19.64 0 -0.000329517 0.1883
19.65 0 -0.000329517 0.1883
19.66 0 -0.000329517 0.1883
19.67 0 -0.000329517 0.1883
19.68 0 -0.000329517 0.1883
19.69 0 -0.000329517 0.1883
19.7 0 -0.000329517 0.188299
19.71 0 -0.000329517 0.188299
19.72 0 -0.000329517 0.188299
19.73 0 -0.000329517 0.188299
19.74 0 -0.000329517 0.188299
19.75 0 -0.000329517 0.188299
19.76 0 -0.000329517 0.188299
19.77 0 -0.000329517 0.188299
19.78 0 -0.000329517 0.188299
19.79 0 -0.000329517 0.188299
19.8 0 -0.000329517 0.188299
19.81 0 -0.000329517 0.1883
19.82 0 -0.000329517 0.1883
19.83 0 -0.000329517 0.1883
19.84 0 -0.000329517 0.1883
19.85 0 -0.000329517 0.1883
19.86 0 -0.000329517 0.1883
19.87 0 -0.000329517 0.1883
19.88 0 -0.000329517 0.1883
19.89 0 -0.000329517 0.1883
19.9 0 -0.000329517 0.1883
19.91 0 -0.000329517 0.1883
19.92 0 -0.000329517 0.1883
19.93 0 -0.000329517 0.1883
19.94 0 -0.000329517 0.1883
19.95 0 -0.000329517 0.1883
19.96 0 -0.000329517 0.1883
19.97 0 -0.000329517 0.1883
19.98 0 -0.000329517 0.1883
19.99 0 -0.000329517 0.1883
20 0 -0.000329517 0.1883
