0.01 0 -0.000168609 6.28898e-05
0.02 0 -0.000168609 6.23363e-05
0.03 0 -0.000168609 5.98869e-05
0.04 0 -0.000168606 5.30533e-05
0.05 0 -0.000168602 3.93763e-05
0.06 0 -0.000168624 1.75681e-05
0.07 0 -0.000168681 -1.26508e-05
0.08 0 -0.000168784 -5.09434e-05
0.09 0 -0.000168953 -9.65629e-05
0.1 0 -0.000169202 -0.000148549
0.11 0 -0.000169535 -0.000205933
0.12 0 -0.000169939 -0.000267903
0.13 0 -0.000170411 -0.000333472
0.14 0 -0.000170898 -0.000401432
0.15 0 -0.000171369 -0.000470865
0.16 0 -0.000171806 -0.000541199
0.17 0 -0.000172197 -0.000611956
0.18 0 -0.000172555 -0.000682774
0.19 0 -0.000172873 -0.000753433
0.2 0 -0.000173154 -0.000823775
0.21 0 -0.000173398 -0.000893681
0.22 0 -0.000173612 -0.000963034
0.23 0 -0.000173805 -0.00103166
0.24 0 -0.000173975 -0.00109939
0.25 0 -0.000174121 -0.00116606
0.26 0 -0.00017425 -0.00123136
0.27 0 -0.000174365 -0.00129492
0.28 0 -0.000174463 -0.00135635
0.29 0 -0.000174547 -0.00141535
0.3 0 -0.000174621 -0.00147144
0.31 0 -0.000174688 -0.001524
0.32 0 -0.000174744 -0.0015723
0.33 0 -0.000174787 -0.0016155
0.34 0 -0.000174819 -0.00165258
0.35 0 -0.000174846 -0.00168201
0.36 0 -0.000174864 -0.00170007
0.37 0 -0.000174864 -0.0016945
0.38 0 -0.00017486 -0.00166971
0.39 0 -0.000174859 -0.00164076
0.4 0 -0.000174862 -0.00160219
0.41 0 -0.00017487 -0.0015517
0.42 0 -0.00017488 -0.00149602
0.43 0 -0.0001749 -0.00143345
0.44 0 -0.000174931 -0.00136078
0.45 0 -0.000174979 -0.00128001
0.46 0 -0.000175042 -0.00119407
0.47 0 -0.000175119 -0.00110448
0.48 0 -0.000175207 -0.0010124
0.49 0 -0.000175306 -0.000918644
0.5 0 -0.000175412 -0.000823409
0.51 0 -0.000175523 -0.000726531
0.52 0 -0.000175637 -0.000627818
0.53 0 -0.00017575 -0.000527063
0.54 0 -0.000175867 -0.000423973
0.55 0 -0.000175985 -0.000318168
0.56 0 -0.000176102 -0.0002093
0.57 0 -0.000176215 -9.73353e-05
0.58 0 -0.000176327 1.78575e-05
0.59 0 -0.000176436 0.000136597
0.6 0 -0.000176541 0.000259039
0.61 0 -0.000176643 0.000385573
0.62 0 -0.000176738 0.000516552
0.63 0 -0.000176829 0.000652008
0.64 0 -0.000176916 0.000792365
0.65 0 -0.000176996 0.00093824
0.66 0 -0.000177072 0.00108986
0.67 0 -0.000177142 0.00124746
0.68 0 -0.000177205 0.00141134
0.69 0 -0.000177262 0.00158155
0.7 0 -0.000177313 0.00175795
0.71 0 -0.000177355 0.00193965
0.72 0 -0.00017739 0.00212563
0.73 0 -0.000177417 0.00231557
0.74 0 -0.000177436 0.00250928
0.75 0 -0.000177449 0.00270664
0.76 0 -0.000177457 0.00290794
0.77 0 -0.000177461 0.00311351
0.78 0 -0.000177453 0.00332316
0.79 0 -0.000177432 0.00353641
0.8 0 -0.000177404 0.00375303
0.81 0 -0.000177372 0.00397298
0.82 0 -0.000177333 0.00419599
0.83 0 -0.000177284 0.00442157
0.84 0 -0.000177226 0.00464902
0.85 0 -0.000177161 0.00487742
0.86 0 -0.000177091 0.0051057
0.87 0 -0.000177017 0.00533289
0.88 0 -0.000176942 0.00555798
0.89 0 -0.000176865 0.00577985
0.9 0 -0.000176787 0.00599715
0.91 0 -0.000176708 0.00620843
0.92 0 -0.000176629 0.00641213
0.93 0 -0.000176552 0.00660658
0.94 0 -0.000176477 0.00678988
0.95 0 -0.000176406 0.00695973
0.96 0 -0.00017634 0.00711259
0.97 0 -0.000176278 0.0072401
0.98 0 -0.000176225 0.00732646
0.99 0 -0.000176217 0.00734071
1 0 -0.00017623 0.00729351
1.01 0 -0.000176307 0.00722491
1.02 0 -0.000176644 0.00714667
1.03 0 -0.000177154 0.00706231
1.04 0 -0.000177737 0.00697001
1.05 0 -0.000177776 0.00686278
1.06 0 -0.000177808 0.00673829
1.07 0 -0.00017793 0.00659807
1.08 0 -0.00017798 0.00644524
1.09 0 -0.000178159 0.00628195
1.1 0 -0.000178332 0.00610948
1.11 0 -0.000178549 0.00592869
1.12 0 -0.000178724 0.00574053
1.13 0 -0.000178907 0.00554605
1.14 0 -0.000179108 0.00534597
1.15 0 -0.000179309 0.00514076
1.16 0 -0.000179487 0.00493069
1.17 0 -0.000179643 0.00471593
1.18 0 -0.000179794 0.00449648
1.19 0 -0.000179947 0.00427232
1.2 0 -0.000180086 0.00404374
1.21 0 -0.000180201 0.00381053
1.22 0 -0.000180305 0.00357205
1.23 0 -0.000180406 0.00332846
1.24 0 -0.000180503 0.00308054
1.25 0 -0.000180581 0.00282812
1.26 0 -0.000180644 0.0025704
1.27 0 -0.000180702 0.0023077
1.28 0 -0.000180762 0.00204123
1.29 0 -0.000180814 0.00177175
1.3 0 -0.00018085 0.00149973
1.31 0 -0.000180876 0.00122454
1.32 0 -0.0001809 0.00094542
1.33 0 -0.000180924 0.000663513
1.34 0 -0.000180942 0.000380556
1.35 0 -0.000180951 9.77614e-05
1.36 0 -0.000180955 -0.000183797
1.37 0 -0.000180957 -0.000462967
1.38 0 -0.000180952 -0.000738412
1.39 0 -0.000180935 -0.00100858
1.4 0 -0.000180906 -0.00127179
1.41 0 -0.000180867 -0.00152717
1.42 0 -0.000180828 -0.00177492
1.43 0 -0.000180788 -0.00201427
1.44 0 -0.000180746 -0.00224278
1.45 0 -0.000180702 -0.00245782
1.46 0 -0.00018066 -0.00265594
1.47 0 -0.000180621 -0.00282988
1.48 0 -0.000180586 -0.00296769
1.49 0 -0.000180567 -0.00304202
1.5 0 -0.000180575 -0.00302863
1.51 0 -0.000180597 -0.00295824
1.52 0 -0.000180806 -0.00287898
1.53 0 -0.000180965 -0.00279831
1.54 0 -0.000180981 -0.00270564
1.55 0 -0.000181028 -0.00259612
1.56 0 -0.000181087 -0.00246946
1.57 0 -0.00018118 -0.00232647
1.58 0 -0.000181291 -0.00216758
1.59 0 -0.000181448 -0.00199324
1.6 0 -0.000181632 -0.0018039
1.61 0 -0.000181821 -0.0015998
1.62 0 -0.000181999 -0.00138136
1.63 0 -0.000182174 -0.00114871
1.64 0 -0.000182349 -0.00090192
1.65 0 -0.000182509 -0.000641915
1.66 0 -0.000182649 -0.000369577
1.67 0 -0.000182769 -8.52589e-05
1.68 0 -0.000182877 0.000210991
1.69 0 -0.000182973 0.000519278
1.7 0 -0.000183055 0.00083953
1.71 0 -0.000183113 0.00117192
1.72 0 -0.00018316 0.0015169
1.73 0 -0.000183201 0.00187473
1.74 0 -0.00018323 0.00224539
1.75 0 -0.000183238 0.00262924
1.76 0 -0.000183232 0.0030269
1.77 0 -0.000183213 0.0034385
1.78 0 -0.00018317 0.00386409
1.79 0 -0.000183094 0.00430357
1.8 0 -0.000182983 0.0047559
1.81 0 -0.000182848 0.00521997
1.82 0 -0.000182702 0.00569472
1.83 0 -0.000182542 0.00617856
1.84 0 -0.000182363 0.00666989
1.85 0 -0.000182161 0.00716667
1.86 0 -0.000181945 0.00766606
1.87 0 -0.000181724 0.008167
1.88 0 -0.000181497 0.00867002
1.89 0 -0.000181263 0.00917457
1.9 0 -0.000181024 0.00967906
1.91 0 -0.000180783 0.0101818
1.92 0 -0.000180542 0.010681
1.93 0 -0.000180297 0.0111748
1.94 0 -0.000180051 0.011661
1.95 0 -0.000179806 0.0121375
1.96 0 -0.000179565 0.0126019
1.97 0 -0.000179328 0.0130518
1.98 0 -0.000179095 0.0134847
1.99 0 -0.000178868 0.0138982
2 0 -0.000178652 0.0142897
2.01 0 -0.000178449 0.0146566
2.02 0 -0.000178257 0.014996
2.03 0 -0.000178077 0.0153032
2.04 0 -0.000177909 0.0155714
2.05 0 -0.000177779 0.0157881
2.06 0 -0.000177685 0.015925
2.07 0 -0.000177655 0.0159443
2.08 0 -0.000177767 0.0158757
2.09 0 -0.000177957 0.01579
2.1 0 -0.000178506 0.0156981
2.11 0 -0.000179462 0.0155888
2.12 0 -0.000180783 0.0154689
2.13 0 -0.000182219 0.015345
2.14 0 -0.000183351 0.015216
2.15 0 -0.000183442 0.0150747
2.16 0 -0.000183527 0.0149138
2.17 0 -0.000183679 0.0147328
2.18 0 -0.000183766 0.0145355
2.19 0 -0.000184017 0.0143239
2.2 0 -0.000184202 0.0140982
2.21 0 -0.000184411 0.0138591
2.22 0 -0.000184512 0.0136079
2.23 0 -0.000184662 0.0133459
2.24 0 -0.000184823 0.0130737
2.25 0 -0.000184966 0.0127917
2.26 0 -0.000185054 0.0125003
2.27 0 -0.000185127 0.0121999
2.28 0 -0.000185212 0.0118913
2.29 0 -0.000185305 0.0115739
2.3 0 -0.000185368 0.0112474
2.31 0 -0.000185393 0.0109128
2.32 0 -0.000185429 0.0105715
2.33 0 -0.000185469 0.0102234
2.34 0 -0.000185508 0.00986843
2.35 0 -0.000185517 0.00950641
2.36 0 -0.000185518 0.00913777
2.37 0 -0.000185517 0.00876428
2.38 0 -0.000185507 0.0083878
2.39 0 -0.000185484 0.008009
2.4 0 -0.000185445 0.00762865
2.41 0 -0.000185399 0.00724791
2.42 0 -0.000185351 0.00686807
2.43 0 -0.000185295 0.00649063
2.44 0 -0.000185226 0.00611732
2.45 0 -0.000185148 0.00575005
2.46 0 -0.000185067 0.00539087
2.47 0 -0.000184984 0.00504202
2.48 0 -0.000184895 0.00470586
2.49 0 -0.000184799 0.00438485
2.5 0 -0.000184703 0.00408156
2.51 0 -0.000184611 0.0037989
2.52 0 -0.000184515 0.00354068
2.53 0 -0.000184426 0.00331241
2.54 0 -0.000184356 0.00312397
2.55 0 -0.000184298 0.00298977
2.56 0 -0.00018429 0.00294097
2.57 0 -0.000184324 0.00298828
2.58 0 -0.000184503 0.00308365
2.59 0 -0.000184986 0.0031871
2.6 0 -0.000185675 0.00329579
2.61 0 -0.000185631 0.00340696
2.62 0 -0.000185579 0.0035164
2.63 0 -0.000185663 0.00362822
2.64 0 -0.000185711 0.00375274
2.65 0 -0.000185903 0.0038989
2.66 0 -0.000186006 0.00406935
2.67 0 -0.000186124 0.00426297
2.68 0 -0.000186248 0.00447875
2.69 0 -0.000186429 0.00471694
2.7 0 -0.000186583 0.00497701
2.71 0 -0.000186697 0.00525845
2.72 0 -0.000186783 0.00556137
2.73 0 -0.000186887 0.00588544
2.74 0 -0.000186993 0.0062296
2.75 0 -0.000187063 0.00659347
2.76 0 -0.000187104 0.0069772
2.77 0 -0.000187133 0.00737995
2.78 0 -0.000187172 0.00780212
2.79 0 -0.000187196 0.00824567
2.8 0 -0.000187195 0.00871153
2.81 0 -0.000187161 0.00919825
2.82 0 -0.000187108 0.00970463
2.83 0 -0.000187037 0.0102317
2.84 0 -0.00018694 0.0107805
2.85 0 -0.000186814 0.011351
2.86 0 -0.000186663 0.0119422
2.87 0 -0.000186488 0.0125523
2.88 0 -0.000186281 0.0131783
2.89 0 -0.000186038 0.0138154
2.9 0 -0.000185762 0.0144574
2.91 0 -0.000185466 0.015101
2.92 0 -0.000185164 0.0157453
2.93 0 -0.000184851 0.0163886
2.94 0 -0.000184529 0.0170281
2.95 0 -0.000184202 0.0176608
2.96 0 -0.000183872 0.0182839
2.97 0 -0.00018354 0.0188944
2.98 0 -0.000183207 0.0194892
2.99 0 -0.000182875 0.0200651
3 0 -0.000182549 0.0206192
3.01 0 -0.000182233 0.0211485
3.02 0 -0.000181929 0.0216519
3.03 0 -0.000181626 0.0221291
3.04 0 -0.000181328 0.0225792
3.05 0 -0.000181053 0.023
3.06 0 -0.000180802 0.0233883
3.07 0 -0.000180559 0.023739
3.08 0 -0.000180332 0.0240449
3.09 0 -0.000180159 0.0242928
3.1 0 -0.000180026 0.0244543
3.11 0 -0.000179966 0.0244906
3.12 0 -0.000180096 0.0244226
3.13 0 -0.000180439 0.0243309
3.14 0 -0.000180985 0.0242444
3.15 0 -0.000182036 0.0241456
3.16 0 -0.000183426 0.0240436
3.17 0 -0.000184584 0.0239542
3.18 0 -0.00018559 0.0238685
3.19 0 -0.000186796 0.0237741
3.2 0 -0.000187505 0.0236694
3.21 0 -0.00018774 0.0235532
3.22 0 -0.000187787 0.0234212
3.23 0 -0.000187703 0.023271
3.24 0 -0.000187783 0.0231032
3.25 0 -0.000188061 0.0229201
3.26 0 -0.000188226 0.022723
3.27 0 -0.000188227 0.0225122
3.28 0 -0.00018826 0.022287
3.29 0 -0.000188381 0.0220469
3.3 0 -0.000188576 0.0217913
3.31 0 -0.000188621 0.0215208
3.32 0 -0.0001886 0.0212362
3.33 0 -0.00018865 0.0209373
3.34 0 -0.000188745 0.0206254
3.35 0 -0.000188823 0.0203023
3.36 0 -0.000188809 0.0199673
3.37 0 -0.000188786 0.0196198
3.38 0 -0.000188825 0.0192612
3.39 0 -0.00018887 0.0188941
3.4 0 -0.000188872 0.0185195
3.41 0 -0.000188835 0.0181346
3.42 0 -0.000188821 0.0177372
3.43 0 -0.000188849 0.0173263
3.44 0 -0.000188866 0.0169017
3.45 0 -0.00018885 0.0164636
3.46 0 -0.000188829 0.0160125
3.47 0 -0.000188834 0.0155489
3.48 0 -0.000188852 0.0150738
3.49 0 -0.000188855 0.0145885
3.5 0 -0.000188838 0.0140948
3.51 0 -0.00018883 0.0135955
3.52 0 -0.000188839 0.0130936
3.53 0 -0.000188851 0.0125922
3.54 0 -0.000188839 0.0120945
3.55 0 -0.000188822 0.0116054
3.56 0 -0.000188818 0.0111317
3.57 0 -0.000188819 0.0106848
3.58 0 -0.000188846 0.010284
3.59 0 -0.000188868 0.00996355
3.6 0 -0.000188845 0.00975327
3.61 0 -0.000188855 0.0096556
3.62 0 -0.000188859 0.00965771
3.63 0 -0.000188835 0.00972609
3.64 0 -0.000188868 0.00981015
3.65 0 -0.000188869 0.0098878
3.66 0 -0.000188885 0.0099709
3.67 0 -0.000188917 0.010072
3.68 0 -0.000188993 0.0101918
3.69 0 -0.000189071 0.0103271
3.7 0 -0.000189139 0.0104771
3.71 0 -0.000189215 0.0106425
3.72 0 -0.000189286 0.010824
3.73 0 -0.000189368 0.0110225
3.74 0 -0.000189425 0.0112389
3.75 0 -0.000189473 0.0114733
3.76 0 -0.000189501 0.0117259
3.77 0 -0.000189531 0.011997
3.78 0 -0.000189554 0.0122872
3.79 0 -0.000189556 0.0125973
3.8 0 -0.000189554 0.0129318
3.81 0 -0.00018955 0.0132977
3.82 0 -0.000189552 0.0136988
3.83 0 -0.000189553 0.0141377
3.84 0 -0.000189551 0.0146177
3.85 0 -0.000189549 0.0151424
3.86 0 -0.000189547 0.015715
3.87 0 -0.000189546 0.0163383
3.88 0 -0.000189545 0.0170133
3.89 0 -0.000189543 0.0177398
3.9 0 -0.000189543 0.0185175
3.91 0 -0.000189543 0.0193464
3.92 0 -0.000189542 0.0202263
3.93 0 -0.000189541 0.0211566
3.94 0 -0.000189539 0.0221365
3.95 0 -0.000189539 0.0231646
3.96 0 -0.000189538 0.0242391
3.97 0 -0.000189523 0.0253545
3.98 0 -0.000189312 0.026492
3.99 0 -0.000188877 0.0276226
4 0 -0.000188381 0.0287253
4.01 0 -0.000187872 0.0297911
4.02 0 -0.000187375 0.0308132
4.03 0 -0.000186886 0.0317885
4.04 0 -0.000186368 0.0327187
4.05 0 -0.000185822 0.0336028
4.06 0 -0.000185296 0.0344342
4.07 0 -0.000184801 0.0352042
4.08 0 -0.000184327 0.0359032
4.09 0 -0.000183917 0.0365189
4.1 0 -0.000183515 0.0370354
4.11 0 -0.000183204 0.037426
4.12 0 -0.000183022 0.0376629
4.13 0 -0.000182953 0.0377472
4.14 0 -0.000183034 0.037708
4.15 0 -0.000183283 0.0376192
4.16 0 -0.000183735 0.0375517
4.17 0 -0.000184307 0.0375039
4.18 0 -0.00018502 0.0374382
4.19 0 -0.000185836 0.0373492
4.2 0 -0.000186824 0.0372682
4.21 0 -0.000187611 0.0372115
4.22 0 -0.000188309 0.0371635
4.23 0 -0.000189076 0.0371059
4.24 0 -0.000189503 0.0370341
4.25 0 -0.000189613 0.0369506
4.26 0 -0.000189649 0.0368575
4.27 0 -0.00018973 0.0367549
4.28 0 -0.000189753 0.0366401
4.29 0 -0.000189842 0.0365096
4.3 0 -0.000189951 0.0363618
4.31 0 -0.000190009 0.0361967
4.32 0 -0.000190052 0.0360148
4.33 0 -0.000190117 0.0358169
4.34 0 -0.000190207 0.0356036
4.35 0 -0.000190285 0.0353759
4.36 0 -0.000190317 0.0351344
4.37 0 -0.000190334 0.0348801
4.38 0 -0.000190391 0.0346137
4.39 0 -0.00019043 0.0343359
4.4 0 -0.000190458 0.0340477
4.41 0 -0.000190458 0.0337504
4.42 0 -0.000190465 0.0334464
4.43 0 -0.00019049 0.0331375
4.44 0 -0.000190497 0.0328243
4.45 0 -0.000190494 0.0325063
4.46 0 -0.000190484 0.0321835
4.47 0 -0.000190486 0.0318559
4.48 0 -0.000190495 0.0315242
4.49 0 -0.000190496 0.0311896
4.5 0 -0.000190489 0.0308537
4.51 0 -0.000190485 0.0305179
4.52 0 -0.00019049 0.030184
4.53 0 -0.000190494 0.0298537
4.54 0 -0.000190484 0.0295294
4.55 0 -0.00019048 0.0292139
4.56 0 -0.000190495 0.0289105
4.57 0 -0.000190499 0.0286228
4.58 0 -0.000190487 0.0283538
4.59 0 -0.000190483 0.0281067
4.6 0 -0.000190514 0.0278853
4.61 0 -0.000190516 0.0276943
4.62 0 -0.000190465 0.02754
4.63 0 -0.000190468 0.0274294
4.64 0 -0.0001905 0.0273726
4.65 0 -0.000190507 0.0273801
4.66 0 -0.0001905 0.0274413
4.67 0 -0.000190482 0.0275239
4.68 0 -0.000190509 0.0276105
4.69 0 -0.000190559 0.0277048
4.7 0 -0.0001906 0.0278119
4.71 0 -0.000190637 0.0279332
4.72 0 -0.000190689 0.0280695
4.73 0 -0.000190757 0.0282218
4.74 0 -0.000190813 0.0283907
4.75 0 -0.000190847 0.0285771
4.76 0 -0.000190876 0.0287818
4.77 0 -0.00019091 0.0290048
4.78 0 -0.000190936 0.0292457
4.79 0 -0.000190943 0.0295041
4.8 0 -0.000190934 0.0297823
4.81 0 -0.000190932 0.0300848
4.82 0 -0.00019094 0.0304157
4.83 0 -0.000190943 0.0307762
4.84 0 -0.000190937 0.0311668
4.85 0 -0.000190932 0.0315877
4.86 0 -0.000190934 0.0320387
4.87 0 -0.000190939 0.0325196
4.88 0 -0.000190942 0.0330298
4.89 0 -0.000190956 0.0335693
4.9 0 -0.000190959 0.0341384
4.91 0 -0.000190927 0.0347379
4.92 0 -0.000190915 0.0353683
4.93 0 -0.000190938 0.0360297
4.94 0 -0.000190967 0.036723
4.95 0 -0.000190967 0.0374506
4.96 0 -0.000190925 0.0382153
4.97 0 -0.000190904 0.0390185
4.98 0 -0.000190933 0.0398599
4.99 0 -0.000190957 0.0407384
5 0 -0.000190941 0.0416526
5.01 0 -0.000190934 0.0426058
5.02 0 -0.00019094 0.043605
5.03 0 -0.000190937 0.0446524
5.04 0 -0.000190796 0.0457346
5.05 0 -0.000190431 0.0468228
5.06 0 -0.00018996 0.0478911
5.07 0 -0.000189461 0.0489232
5.08 0 -0.000188978 0.0499066
5.09 0 -0.000188483 0.0508289
5.1 0 -0.000187969 0.0516823
5.11 0 -0.000187462 0.0524638
5.12 0 -0.000187014 0.0531691
5.13 0 -0.000186617 0.0537879
5.14 0 -0.000186201 0.0543064
5.15 0 -0.000185876 0.0547174
5.16 0 -0.000185691 0.055017
5.17 0 -0.000185543 0.0551923
5.18 0 -0.000185458 0.0552364
5.19 0 -0.000185509 0.0551823
5.2 0 -0.000186001 0.0550998
5.21 0 -0.000186514 0.055037
5.22 0 -0.000186819 0.0549939
5.23 0 -0.000187211 0.0549496
5.24 0 -0.000187829 0.0548912
5.25 0 -0.000188629 0.0548261
5.26 0 -0.000189293 0.0547697
5.27 0 -0.000189825 0.0547236
5.28 0 -0.000190371 0.0546768
5.29 0 -0.000191059 0.0546196
5.3 0 -0.00019118 0.0545489
5.31 0 -0.000191146 0.0544637
5.32 0 -0.00019121 0.0543643
5.33 0 -0.000191204 0.0542503
5.34 0 -0.000191354 0.0541211
5.35 0 -0.00019141 0.053976
5.36 0 -0.0001914 0.0538153
5.37 0 -0.000191415 0.0536398
5.38 0 -0.000191492 0.0534501
5.39 0 -0.000191579 0.0532471
5.4 0 -0.000191605 0.0530317
5.41 0 -0.000191583 0.0528048
5.42 0 -0.000191604 0.0525673
5.43 0 -0.000191665 0.0523206
5.44 0 -0.000191689 0.0520657
5.45 0 -0.000191683 0.0518046
5.46 0 -0.000191663 0.0515392
5.47 0 -0.00019168 0.0512705
5.48 0 -0.00019171 0.0509992
5.49 0 -0.000191705 0.0507262
5.5 0 -0.000191687 0.0504527
5.51 0 -0.000191679 0.0501794
5.52 0 -0.000191695 0.0499073
5.53 0 -0.000191706 0.049638
5.54 0 -0.000191696 0.0493727
5.55 0 -0.000191684 0.0491129
5.56 0 -0.000191688 0.0488603
5.57 0 -0.000191699 0.0486164
5.58 0 -0.0001917 0.0483828
5.59 0 -0.000191691 0.0481614
5.6 0 -0.000191686 0.0479548
5.61 0 -0.000191691 0.0477663
5.62 0 -0.000191696 0.0475999
5.63 0 -0.000191695 0.0474606
5.64 0 -0.00019169 0.0473547
5.65 0 -0.00019169 0.0472898
5.66 0 -0.000191696 0.0472751
5.67 0 -0.000191698 0.0473087
5.68 0 -0.000191697 0.047373
5.69 0 -0.000191704 0.0474501
5.7 0 -0.000191727 0.0475347
5.71 0 -0.00019176 0.0476303
5.72 0 -0.000191794 0.0477399
5.73 0 -0.000191827 0.0478642
5.74 0 -0.000191861 0.0480041
5.75 0 -0.000191894 0.0481603
5.76 0 -0.00019192 0.0483342
5.77 0 -0.000191937 0.0485263
5.78 0 -0.000191947 0.0487366
5.79 0 -0.000191955 0.0489655
5.8 0 -0.000191958 0.0492144
5.81 0 -0.000191957 0.0494862
5.82 0 -0.000191955 0.0497835
5.83 0 -0.000191954 0.0501072
5.84 0 -0.000191956 0.0504567
5.85 0 -0.000191957 0.0508315
5.86 0 -0.000191956 0.051231
5.87 0 -0.000191955 0.0516544
5.88 0 -0.000191955 0.0521009
5.89 0 -0.000191961 0.0525697
5.9 0 -0.000191987 0.0530601
5.91 0 -0.000191981 0.0535715
5.92 0 -0.000191931 0.0541037
5.93 0 -0.000191934 0.0546568
5.94 0 -0.000191967 0.0552312
5.95 0 -0.000191988 0.0558273
5.96 0 -0.000191984 0.0564456
5.97 0 -0.000191939 0.0570875
5.98 0 -0.000191925 0.057754
5.99 0 -0.000191958 0.058446
6 0 -0.000191983 0.0591645
6.01 0 -0.000191981 0.0599112
6.02 0 -0.000191945 0.0606886
6.03 0 -0.000191926 0.0614997
6.04 0 -0.00019197 0.0623504
6.05 0 -0.000191981 0.0632466
6.06 0 -0.000191798 0.0641822
6.07 0 -0.000191449 0.0651383
6.08 0 -0.000191083 0.066096
6.09 0 -0.000190698 0.0670428
6.1 0 -0.000190275 0.0679711
6.11 0 -0.000189789 0.0688755
6.12 0 -0.000189273 0.069748
6.13 0 -0.000188812 0.0705784
6.14 0 -0.000188354 0.0713565
6.15 0 -0.000187826 0.0720729
6.16 0 -0.000187335 0.0727188
6.17 0 -0.000186969 0.0732861
6.18 0 -0.00018662 0.0737659
6.19 0 -0.000186264 0.0741479
6.2 0 -0.000186028 0.0744188
6.21 0 -0.000185896 0.074563
6.22 0 -0.000185907 0.0745778
6.23 0 -0.000186249 0.0745074
6.24 0 -0.000186755 0.0744245
6.25 0 -0.00018725 0.0743652
6.26 0 -0.000187737 0.0743148
6.27 0 -0.000188511 0.0742532
6.28 0 -0.000189414 0.0741888
6.29 0 -0.000190018 0.0741365
6.3 0 -0.000190456 0.0740926
6.31 0 -0.000191097 0.0740457
6.32 0 -0.000191799 0.0739922
6.33 0 -0.000192052 0.0739316
6.34 0 -0.000192012 0.0738591
6.35 0 -0.000192038 0.0737699
6.36 0 -0.000192122 0.0736635
6.37 0 -0.000192216 0.0735419
6.38 0 -0.0001922 0.0734062
6.39 0 -0.000192161 0.0732572
6.4 0 -0.000192217 0.0730952
6.41 0 -0.000192297 0.0729208
6.42 0 -0.000192342 0.0727347
6.43 0 -0.000192306 0.0725376
6.44 0 -0.000192293 0.0723307
6.45 0 -0.000192345 0.072115
6.46 0 -0.000192383 0.0718919
6.47 0 -0.00019238 0.071663
6.48 0 -0.000192348 0.0714297
6.49 0 -0.000192349 0.0711931
6.5 0 -0.000192382 0.0709542
6.51 0 -0.00019239 0.0707142
6.52 0 -0.00019237 0.0704741
6.53 0 -0.000192354 0.0702352
6.54 0 -0.000192365 0.0699989
6.55 0 -0.000192383 0.0697668
6.56 0 -0.00019238 0.0695403
6.57 0 -0.000192364 0.0693211
6.58 0 -0.00019236 0.0691107
6.59 0 -0.000192372 0.0689107
6.6 0 -0.000192378 0.0687233
6.61 0 -0.000192369 0.0685509
6.62 0 -0.000192362 0.0683969
6.63 0 -0.000192368 0.0682649
6.64 0 -0.000192376 0.0681592
6.65 0 -0.000192375 0.0680838
6.66 0 -0.000192368 0.0680436
6.67 0 -0.000192366 0.0680441
6.68 0 -0.000192375 0.0680812
6.69 0 -0.000192383 0.0681409
6.7 0 -0.00019239 0.0682109
6.71 0 -0.000192403 0.0682888
6.72 0 -0.000192426 0.0683784
6.73 0 -0.000192454 0.0684828
6.74 0 -0.000192477 0.0686035
6.75 0 -0.000192495 0.0687414
6.76 0 -0.000192509 0.0688979
6.77 0 -0.000192522 0.0690738
6.78 0 -0.00019253 0.0692705
6.79 0 -0.000192532 0.0694889
6.8 0 -0.00019253 0.0697307
6.81 0 -0.00019253 0.0699984
6.82 0 -0.000192531 0.0702934
6.83 0 -0.000192532 0.0706154
6.84 0 -0.000192531 0.0709641
6.85 0 -0.00019253 0.0713393
6.86 0 -0.00019253 0.0717404
6.87 0 -0.000192531 0.0721667
6.88 0 -0.000192531 0.0726174
6.89 0 -0.00019253 0.0730917
6.9 0 -0.00019253 0.0735885
6.91 0 -0.000192535 0.0741069
6.92 0 -0.000192559 0.0746459
6.93 0 -0.000192563 0.0752047
6.94 0 -0.000192535 0.0757834
6.95 0 -0.000192526 0.0763826
6.96 0 -0.000192528 0.077004
6.97 0 -0.000192551 0.07765
6.98 0 -0.000192563 0.078324
6.99 0 -0.000192525 0.07903
7 0 -0.000192513 0.0797729
7.01 0 -0.000192546 0.0805602
7.02 0 -0.000192517 0.0813963
7.03 0 -0.000192297 0.0822751
7.04 0 -0.000191963 0.0831836
7.05 0 -0.000191628 0.0841103
7.06 0 -0.000191259 0.0850476
7.07 0 -0.000190839 0.0859886
7.08 0 -0.000190349 0.0869275
7.09 0 -0.000189812 0.0878568
7.1 0 -0.000189268 0.088767
7.11 0 -0.000188703 0.0896483
7.12 0 -0.000188105 0.0904914
7.13 0 -0.000187491 0.0912879
7.14 0 -0.000186861 0.0920291
7.15 0 -0.000186303 0.0927065
7.16 0 -0.00018578 0.0933108
7.17 0 -0.000185266 0.0938317
7.18 0 -0.000184841 0.0942566
7.19 0 -0.000184529 0.0945732
7.2 0 -0.000184345 0.0947573
7.21 0 -0.000184311 0.0947916
7.22 0 -0.0001846 0.0947236
7.23 0 -0.000185363 0.0946392
7.24 0 -0.000186301 0.0945797
7.25 0 -0.000186885 0.0945259
7.26 0 -0.000187877 0.0944563
7.27 0 -0.000188932 0.0943863
7.28 0 -0.000189639 0.094334
7.29 0 -0.000190315 0.0942915
7.3 0 -0.000190879 0.094244
7.31 0 -0.000191512 0.0941901
7.32 0 -0.000192195 0.0941359
7.33 0 -0.000192554 0.0940791
7.34 0 -0.000192547 0.0940091
7.35 0 -0.000192579 0.0939195
7.36 0 -0.000192613 0.0938118
7.37 0 -0.000192632 0.0936888
7.38 0 -0.000192649 0.0935517
7.39 0 -0.000192652 0.0934011
7.4 0 -0.000192695 0.0932373
7.41 0 -0.000192731 0.0930608
7.42 0 -0.000192723 0.0928722
7.43 0 -0.000192725 0.0926724
7.44 0 -0.000192738 0.0924621
7.45 0 -0.000192751 0.0922426
7.46 0 -0.000192764 0.0920151
7.47 0 -0.000192747 0.0917806
7.48 0 -0.000192745 0.0915402
7.49 0 -0.000192753 0.0912951
7.5 0 -0.000192758 0.0910466
7.51 0 -0.000192757 0.0907958
7.52 0 -0.000192748 0.0905441
7.53 0 -0.000192748 0.0902929
7.54 0 -0.000192755 0.0900438
7.55 0 -0.000192756 0.0897984
7.56 0 -0.000192752 0.0895581
7.57 0 -0.000192749 0.0893245
7.58 0 -0.000192751 0.0890991
7.59 0 -0.000192755 0.0888835
7.6 0 -0.000192753 0.0886795
7.61 0 -0.00019275 0.088489
7.62 0 -0.00019275 0.0883142
7.63 0 -0.000192754 0.0881576
7.64 0 -0.000192755 0.088022
7.65 0 -0.000192753 0.0879103
7.66 0 -0.000192751 0.0878254
7.67 0 -0.000192751 0.0877701
7.68 0 -0.000192754 0.0877476
7.69 0 -0.000192754 0.0877584
7.7 0 -0.000192754 0.0877965
7.71 0 -0.000192758 0.087853
7.72 0 -0.00019277 0.0879217
7.73 0 -0.000192787 0.0880025
7.74 0 -0.000192803 0.0880985
7.75 0 -0.000192819 0.0882126
7.76 0 -0.000192833 0.0883465
7.77 0 -0.000192844 0.0885013
7.78 0 -0.000192851 0.0886786
7.79 0 -0.000192852 0.0888792
7.8 0 -0.000192851 0.0891047
7.81 0 -0.000192852 0.0893568
7.82 0 -0.000192853 0.0896368
7.83 0 -0.000192852 0.0899448
7.84 0 -0.000192851 0.0902807
7.85 0 -0.000192851 0.0906441
7.86 0 -0.000192852 0.0910344
7.87 0 -0.000192852 0.0914509
7.88 0 -0.000192852 0.0918927
7.89 0 -0.000192851 0.0923589
7.9 0 -0.000192852 0.0928484
7.91 0 -0.000192852 0.0933602
7.92 0 -0.000192855 0.0938933
7.93 0 -0.000192877 0.0944464
7.94 0 -0.000192876 0.0950186
7.95 0 -0.000192841 0.0956094
7.96 0 -0.00019286 0.0962188
7.97 0 -0.000192876 0.0968473
7.98 0 -0.000192859 0.0974967
7.99 0 -0.000192867 0.0981694
8 0 -0.000192855 0.0988692
8.01 0 -0.000192846 0.0995995
8.02 0 -0.000192864 0.100365
8.03 0 -0.000192871 0.101174
8.04 0 -0.000192841 0.10203
8.05 0 -0.000192659 0.102932
8.06 0 -0.00019237 0.103866
8.07 0 -0.000192047 0.104822
8.08 0 -0.000191651 0.105788
8.09 0 -0.000191205 0.106757
8.1 0 -0.000190711 0.107718
8.11 0 -0.000190153 0.108664
8.12 0 -0.000189556 0.109582
8.13 0 -0.00018894 0.110461
8.14 0 -0.000188293 0.111289
8.15 0 -0.00018763 0.112057
8.16 0 -0.00018703 0.112754
8.17 0 -0.00018645 0.113369
8.18 0 -0.000185932 0.113893
8.19 0 -0.000185473 0.11431
8.2 0 -0.000185178 0.114604
8.21 0 -0.000184991 0.114757
8.22 0 -0.000185009 0.114765
8.23 0 -0.000185589 0.114685
8.24 0 -0.000186427 0.114602
8.25 0 -0.000187222 0.114547
8.26 0 -0.000187739 0.114498
8.27 0 -0.000188684 0.114436
8.28 0 -0.000189606 0.114373
8.29 0 -0.000190221 0.114329
8.3 0 -0.000190629 0.114297
8.31 0 -0.000190975 0.114261
8.32 0 -0.000191556 0.114217
8.33 0 -0.000192111 0.114169
8.34 0 -0.000192573 0.114123
8.35 0 -0.000192841 0.114073
8.36 0 -0.000192865 0.11401
8.37 0 -0.000192939 0.113928
8.38 0 -0.000193025 0.113825
8.39 0 -0.000192969 0.113705
8.4 0 -0.000192916 0.113568
8.41 0 -0.000192949 0.113415
8.42 0 -0.000193035 0.113247
8.43 0 -0.000193058 0.113066
8.44 0 -0.000192997 0.112873
8.45 0 -0.000192971 0.112668
8.46 0 -0.00019302 0.112453
8.47 0 -0.000193053 0.112228
8.48 0 -0.000193038 0.111997
8.49 0 -0.000192995 0.11176
8.5 0 -0.000192996 0.111518
8.51 0 -0.000193036 0.111273
8.52 0 -0.000193042 0.111026
8.53 0 -0.000193018 0.11078
8.54 0 -0.000193 0.110535
8.55 0 -0.000193014 0.110293
8.56 0 -0.000193036 0.110056
8.57 0 -0.00019303 0.109825
8.58 0 -0.000193011 0.109601
8.59 0 -0.000193008 0.109387
8.6 0 -0.000193023 0.109184
8.61 0 -0.00019303 0.108994
8.62 0 -0.000193022 0.108818
8.63 0 -0.000193012 0.108659
8.64 0 -0.000193016 0.10852
8.65 0 -0.000193026 0.108402
8.66 0 -0.000193025 0.108307
8.67 0 -0.000193018 0.108238
8.68 0 -0.000193015 0.108197
8.69 0 -0.00019302 0.108186
8.7 0 -0.000193025 0.108203
8.71 0 -0.000193023 0.108243
8.72 0 -0.000193024 0.108301
8.73 0 -0.000193035 0.108375
8.74 0 -0.000193051 0.108466
8.75 0 -0.000193063 0.108579
8.76 0 -0.000193067 0.108715
8.77 0 -0.00019307 0.108877
8.78 0 -0.000193073 0.109064
8.79 0 -0.000193076 0.109277
8.8 0 -0.000193075 0.109517
8.81 0 -0.000193072 0.109786
8.82 0 -0.000193072 0.110084
8.83 0 -0.000193074 0.11041
8.84 0 -0.000193075 0.110765
8.85 0 -0.000193074 0.111147
8.86 0 -0.000193072 0.111556
8.87 0 -0.000193073 0.111992
8.88 0 -0.000193074 0.112453
8.89 0 -0.000193074 0.112939
8.9 0 -0.000193073 0.113448
8.91 0 -0.000193076 0.113981
8.92 0 -0.0001931 0.114534
8.93 0 -0.000193098 0.115109
8.94 0 -0.000193078 0.115703
8.95 0 -0.000193083 0.116318
8.96 0 -0.000193084 0.116955
8.97 0 -0.000193101 0.117617
8.98 0 -0.000193092 0.118307
8.99 0 -0.000193066 0.11903
9 0 -0.000193086 0.119793
9.01 0 -0.000193092 0.120604
9.02 0 -0.000193075 0.121471
9.03 0 -0.000192904 0.122392
9.04 0 -0.000192647 0.123359
9.05 0 -0.000192329 0.124366
9.06 0 -0.000191912 0.1254
9.07 0 -0.000191424 0.126452
9.08 0 -0.000190841 0.12751
9.09 0 -0.000190175 0.128561
9.1 0 -0.000189434 0.129589
9.11 0 -0.000188649 0.130578
9.12 0 -0.000187824 0.131513
9.13 0 -0.000186987 0.132381
9.14 0 -0.000186122 0.133172
9.15 0 -0.000185317 0.133875
9.16 0 -0.000184613 0.134481
9.17 0 -0.000183991 0.134979
9.18 0 -0.000183521 0.135355
9.19 0 -0.000183193 0.135585
9.2 0 -0.000183066 0.135653
9.21 0 -0.000183188 0.135601
9.22 0 -0.000184304 0.135518
9.23 0 -0.000185427 0.135461
9.24 0 -0.000186118 0.135414
9.25 0 -0.000187238 0.135348
9.26 0 -0.000188347 0.135275
9.27 0 -0.000189206 0.135218
9.28 0 -0.000189838 0.135174
9.29 0 -0.000190472 0.135125
9.3 0 -0.000191158 0.135069
9.31 0 -0.000191766 0.135011
9.32 0 -0.000192356 0.134951
9.33 0 -0.00019291 0.134883
9.34 0 -0.00019313 0.134802
9.35 0 -0.000193151 0.134711
9.36 0 -0.000193051 0.134609
9.37 0 -0.000193001 0.134491
9.38 0 -0.00019303 0.134354
9.39 0 -0.000193095 0.134199
9.4 0 -0.000193112 0.134028
9.41 0 -0.000193025 0.133841
9.42 0 -0.00019302 0.133639
9.43 0 -0.000193063 0.133424
9.44 0 -0.000193094 0.133196
9.45 0 -0.00019307 0.132956
9.46 0 -0.000193031 0.132707
9.47 0 -0.000193038 0.132449
9.48 0 -0.000193077 0.132184
9.49 0 -0.000193079 0.131913
9.5 0 -0.000193052 0.131637
9.51 0 -0.000193039 0.131359
9.52 0 -0.000193055 0.131079
9.53 0 -0.000193076 0.130799
9.54 0 -0.000193066 0.130521
9.55 0 -0.000193048 0.130245
9.56 0 -0.000193048 0.129975
9.57 0 -0.000193064 0.129711
9.58 0 -0.000193069 0.129455
9.59 0 -0.000193058 0.129208
9.6 0 -0.000193049 0.128972
9.61 0 -0.000193055 0.128749
9.62 0 -0.000193065 0.12854
9.63 0 -0.000193065 0.128347
9.64 0 -0.000193055 0.128172
9.65 0 -0.000193052 0.128017
9.66 0 -0.000193059 0.127883
9.67 0 -0.000193063 0.127773
9.68 0 -0.00019306 0.127689
9.69 0 -0.000193055 0.127633
9.7 0 -0.000193056 0.127606
9.71 0 -0.00019306 0.127609
9.72 0 -0.000193062 0.127639
9.73 0 -0.000193059 0.127686
9.74 0 -0.000193071 0.127745
9.75 0 -0.000193073 0.127819
9.76 0 -0.000193074 0.127916
9.77 0 -0.000193074 0.128043
9.78 0 -0.000193069 0.1282
9.79 0 -0.000193071 0.128386
9.8 0 -0.000193073 0.128602
9.81 0 -0.000193074 0.128846
9.82 0 -0.000193072 0.12912
9.83 0 -0.00019307 0.129423
9.84 0 -0.000193072 0.129755
9.85 0 -0.000193073 0.130116
9.86 0 -0.000193073 0.130503
9.87 0 -0.000193071 0.130918
9.88 0 -0.000193071 0.131359
9.89 0 -0.000193072 0.131825
9.9 0 -0.000193073 0.132315
9.91 0 -0.000193072 0.132828
9.92 0 -0.000193071 0.133362
9.93 0 -0.000193072 0.133918
9.94 0 -0.000193093 0.134493
9.95 0 -0.000193097 0.135086
9.96 0 -0.00019307 0.135696
9.97 0 -0.000193075 0.136323
9.98 0 -0.000193086 0.136967
9.99 0 -0.00019308 0.137629
10 0 -0.00019309 0.138311
10.01 0 -0.000193084 0.139013
10.02 0 -0.000193072 0.139741
10.03 0 -0.000193076 0.140497
10.04 0 -0.000193096 0.14129
10.05 0 -0.00019309 0.142126
10.06 0 -0.000193072 0.143014
10.07 0 -0.000193087 0.143958
10.08 0 -0.000192931 0.144956
10.09 0 -0.000192631 0.145997
10.1 0 -0.000192219 0.14707
10.11 0 -0.000191694 0.14816
10.12 0 -0.000191103 0.149255
10.13 0 -0.000190387 0.15034
10.14 0 -0.00018956 0.151402
10.15 0 -0.000188653 0.152423
10.16 0 -0.000187708 0.153392
10.17 0 -0.00018673 0.154299
10.18 0 -0.000185735 0.155138
10.19 0 -0.000184749 0.155904
10.2 0 -0.000183798 0.156597
10.21 0 -0.000182902 0.157218
10.22 0 -0.000182061 0.157772
10.23 0 -0.000181279 0.158263
10.24 0 -0.000180563 0.158697
10.25 0 -0.000179915 0.159079
10.26 0 -0.000179334 0.159414
10.27 0 -0.00017881 0.159708
10.28 0 -0.000178339 0.159966
10.29 0 -0.000177922 0.160192
10.3 0 -0.000177555 0.160388
10.31 0 -0.000177233 0.160559
10.32 0 -0.000176952 0.160705
10.33 0 -0.000176712 0.160829
10.34 0 -0.000176514 0.160931
10.35 0 -0.000176356 0.161012
10.36 0 -0.000176239 0.161073
10.37 0 -0.000176161 0.161111
10.38 0 -0.000176126 0.161129
10.39 0 -0.000176131 0.161122
10.4 0 -0.000176143 0.161094
10.41 0 -0.000176215 0.161052
10.42 0 -0.000177464 0.160995
10.43 0 -0.000179181 0.16092
10.44 0 -0.000181216 0.160829
10.45 0 -0.00018384 0.160723
10.46 0 -0.000186244 0.160599
10.47 0 -0.000188398 0.160465
10.48 0 -0.000190279 0.160331
10.49 0 -0.000191981 0.160202
10.5 0 -0.000193051 0.160071
10.51 0 -0.000193461 0.159938
10.52 0 -0.000193161 0.159814
10.53 0 -0.000192906 0.159703
10.54 0 -0.000193001 0.159596
10.55 0 -0.00019327 0.159491
10.56 0 -0.000193325 0.159388
10.57 0 -0.000193041 0.159287
10.58 0 -0.000192976 0.15919
10.59 0 -0.000193126 0.159097
10.6 0 -0.000193271 0.159008
10.61 0 -0.000193184 0.158925
10.62 0 -0.000193034 0.158847
10.63 0 -0.00019305 0.158774
10.64 0 -0.000193188 0.158707
10.65 0 -0.000193217 0.158645
10.66 0 -0.000193116 0.15859
10.67 0 -0.000193057 0.158542
10.68 0 -0.000193113 0.1585
10.69 0 -0.000193192 0.158465
10.7 0 -0.000193166 0.158438
10.71 0 -0.000193094 0.158418
10.72 0 -0.00019309 0.158407
10.73 0 -0.000193146 0.158405
10.74 0 -0.000193172 0.158411
10.75 0 -0.000193133 0.158425
10.76 0 -0.000193099 0.158442
10.77 0 -0.000193119 0.158462
10.78 0 -0.000193154 0.158482
10.79 0 -0.00019315 0.158501
10.8 0 -0.00019312 0.158519
10.81 0 -0.000193111 0.158536
10.82 0 -0.000193135 0.158554
10.83 0 -0.00019315 0.158575
10.84 0 -0.000193136 0.158601
10.85 0 -0.000193118 0.158632
10.86 0 -0.000193123 0.158669
10.87 0 -0.00019314 0.158711
10.88 0 -0.000193142 0.158758
10.89 0 -0.000193128 0.158809
10.9 0 -0.000193122 0.158864
10.91 0 -0.000193132 0.158923
10.92 0 -0.000193143 0.158987
10.93 0 -0.000193135 0.159054
10.94 0 -0.000193125 0.159126
10.95 0 -0.000193127 0.159201
10.96 0 -0.000193136 0.159281
10.97 0 -0.000193138 0.159364
10.98 0 -0.00019313 0.159452
10.99 0 -0.000193127 0.159543
11 0 -0.000193133 0.15964
11.01 0 -0.000193136 0.15974
11.02 0 -0.000193133 0.159845
11.03 0 -0.000193129 0.159955
11.04 0 -0.00019313 0.16007
11.05 0 -0.000193134 0.160191
11.06 0 -0.000193134 0.160316
11.07 0 -0.000193131 0.160447
11.08 0 -0.00019313 0.160583
11.09 0 -0.000193132 0.160725
11.1 0 -0.000193133 0.160872
11.11 0 -0.000193136 0.161025
11.12 0 -0.000193134 0.161185
11.13 0 -0.00019313 0.161351
11.14 0 -0.000193131 0.161524
11.15 0 -0.000193133 0.161705
11.16 0 -0.000193134 0.161893
11.17 0 -0.000193131 0.162088
11.18 0 -0.000193132 0.162292
11.19 0 -0.000193134 0.162504
11.2 0 -0.000193134 0.162727
11.21 0 -0.000193133 0.162959
11.22 0 -0.000193131 0.163202
11.23 0 -0.000193133 0.163457
11.24 0 -0.000193133 0.163723
11.25 0 -0.000193104 0.164001
11.26 0 -0.000193063 0.164287
11.27 0 -0.00019302 0.164582
11.28 0 -0.000192972 0.164883
11.29 0 -0.000192921 0.16519
11.3 0 -0.000192862 0.165502
11.31 0 -0.000192797 0.165817
11.32 0 -0.000192726 0.166135
11.33 0 -0.000192653 0.166456
11.34 0 -0.000192571 0.16678
11.35 0 -0.00019248 0.167105
11.36 0 -0.000192382 0.167432
11.37 0 -0.000192281 0.167758
11.38 0 -0.000192177 0.168085
11.39 0 -0.000192062 0.168409
11.4 0 -0.000191938 0.168731
11.41 0 -0.000191812 0.169051
11.42 0 -0.000191683 0.169366
11.43 0 -0.00019155 0.169677
11.44 0 -0.000191408 0.169983
11.45 0 -0.000191262 0.170283
11.46 0 -0.000191116 0.170576
11.47 0 -0.000190968 0.170863
11.48 0 -0.000190818 0.171142
11.49 0 -0.000190664 0.171413
11.5 0 -0.000190509 0.171675
11.51 0 -0.000190357 0.171929
11.52 0 -0.000190206 0.172175
11.53 0 -0.000190055 0.172411
11.54 0 -0.000189904 0.172638
11.55 0 -0.000189757 0.172856
11.56 0 -0.000189613 0.173064
11.57 0 -0.000189473 0.173264
11.58 0 -0.000189334 0.173454
11.59 0 -0.000189199 0.173635
11.6 0 -0.00018907 0.173806
11.61 0 -0.000188945 0.173969
11.62 0 -0.000188824 0.174123
11.63 0 -0.000188708 0.174268
11.64 0 -0.000188597 0.174404
11.65 0 -0.000188493 0.174532
11.66 0 -0.000188394 0.174651
11.67 0 -0.0001883 0.174762
11.68 0 -0.000188212 0.174865
11.69 0 -0.000188131 0.174959
11.7 0 -0.000188056 0.175045
11.71 0 -0.000187988 0.175123
11.72 0 -0.000187926 0.175193
11.73 0 -0.00018787 0.175255
11.74 0 -0.000187822 0.175308
11.75 0 -0.000187781 0.175354
11.76 0 -0.000187746 0.175392
11.77 0 -0.000187719 0.175423
11.78 0 -0.000187699 0.175444
11.79 0 -0.000187689 0.175455
11.8 0 -0.000187684 0.175453
11.81 0 -0.00018768 0.17544
11.82 0 -0.000187684 0.175423
11.83 0 -0.00018779 0.175407
11.84 0 -0.000187994 0.175388
11.85 0 -0.000188216 0.175368
11.86 0 -0.000188456 0.175345
11.87 0 -0.000188826 0.175319
11.88 0 -0.000189209 0.17529
11.89 0 -0.000189564 0.175258
11.9 0 -0.000189946 0.175225
11.91 0 -0.000190363 0.175192
11.92 0 -0.000190787 0.175161
11.93 0 -0.000191127 0.175131
11.94 0 -0.000191403 0.175103
11.95 0 -0.000191667 0.175077
11.96 0 -0.000191934 0.175055
11.97 0 -0.000192142 0.175036
11.98 0 -0.000192265 0.17502
11.99 0 -0.000192344 0.175009
12 0 -0.00019242 0.175001
12.01 0 -0.000192453 0.174998
12.02 0 -0.000192446 0.175
12.03 0 -0.000192432 0.175005
12.04 0 -0.000192435 0.175014
12.05 0 -0.000192461 0.175027
12.06 0 -0.00019246 0.175042
12.07 0 -0.000192445 0.175059
12.08 0 -0.000192443 0.175077
12.09 0 -0.000192455 0.175099
12.1 0 -0.000192462 0.175124
12.11 0 -0.000192454 0.175153
12.12 0 -0.000192446 0.175187
12.13 0 -0.000192449 0.175224
12.14 0 -0.000192458 0.175265
12.15 0 -0.000192457 0.17531
12.16 0 -0.000192451 0.175358
12.17 0 -0.000192448 0.175409
12.18 0 -0.000192453 0.175464
12.19 0 -0.000192457 0.175522
12.2 0 -0.000192454 0.175582
12.21 0 -0.00019245 0.175646
12.22 0 -0.000192451 0.175714
12.23 0 -0.000192455 0.175785
12.24 0 -0.000192456 0.175864
12.25 0 -0.000192457 0.175948
12.26 0 -0.000192434 0.176033
12.27 0 -0.000192407 0.17612
12.28 0 -0.000192376 0.17621
12.29 0 -0.000192343 0.176301
12.3 0 -0.000192312 0.176395
12.31 0 -0.000192274 0.176491
12.32 0 -0.000192231 0.176589
12.33 0 -0.000192186 0.176689
12.34 0 -0.000192146 0.176793
12.35 0 -0.000192103 0.176899
12.36 0 -0.000192053 0.177007
12.37 0 -0.000192 0.177117
12.38 0 -0.000191949 0.177229
12.39 0 -0.000191897 0.177343
12.4 0 -0.000191842 0.177457
12.41 0 -0.000191782 0.177574
12.42 0 -0.000191722 0.177691
12.43 0 -0.000191662 0.177809
12.44 0 -0.0001916 0.177927
12.45 0 -0.000191535 0.178046
12.46 0 -0.000191468 0.178165
12.47 0 -0.000191401 0.178284
12.48 0 -0.000191334 0.178402
12.49 0 -0.000191265 0.17852
12.5 0 -0.000191194 0.178638
12.51 0 -0.000191122 0.178754
12.52 0 -0.00019105 0.178869
12.53 0 -0.000190979 0.178983
12.54 0 -0.000190906 0.179096
12.55 0 -0.000190832 0.179206
12.56 0 -0.000190759 0.179315
12.57 0 -0.000190687 0.179422
12.58 0 -0.000190615 0.179526
12.59 0 -0.000190543 0.179629
12.6 0 -0.000190471 0.179728
12.61 0 -0.000190401 0.179825
12.62 0 -0.000190332 0.179919
12.63 0 -0.000190264 0.180011
12.64 0 -0.000190197 0.180099
12.65 0 -0.000190132 0.180185
12.66 0 -0.000190068 0.180267
12.67 0 -0.000190007 0.180346
12.68 0 -0.000189947 0.180422
12.69 0 -0.000189889 0.180494
12.7 0 -0.000189833 0.180563
12.71 0 -0.00018978 0.180628
12.72 0 -0.000189729 0.18069
12.73 0 -0.000189681 0.180748
12.74 0 -0.000189635 0.180802
12.75 0 -0.000189593 0.180853
12.76 0 -0.000189553 0.1809
12.77 0 -0.000189516 0.180943
12.78 0 -0.000189482 0.180983
12.79 0 -0.000189452 0.181018
12.8 0 -0.000189424 0.18105
12.81 0 -0.0001894 0.181078
12.82 0 -0.000189379 0.181102
12.83 0 -0.000189361 0.181122
12.84 0 -0.000189346 0.181139
12.85 0 -0.000189335 0.181152
12.86 0 -0.000189327 0.181161
12.87 0 -0.000189326 0.181166
12.88 0 -0.000189325 0.181167
12.89 0 -0.000189324 0.181163
12.9 0 -0.000189322 0.181155
12.91 0 -0.000189321 0.181145
12.92 0 -0.000189318 0.181135
12.93 0 -0.000189386 0.181122
12.94 0 -0.000189526 0.181107
12.95 0 -0.000189713 0.18109
12.96 0 -0.000189904 0.181073
12.97 0 -0.000190023 0.181054
12.98 0 -0.000190176 0.181035
12.99 0 -0.000190395 0.181016
13 0 -0.000190607 0.180998
13.01 0 -0.000190777 0.180981
13.02 0 -0.000190899 0.180966
13.03 0 -0.000191027 0.180952
13.04 0 -0.000191167 0.18094
13.05 0 -0.000191281 0.18093
13.06 0 -0.000191349 0.180922
13.07 0 -0.00019139 0.180916
13.08 0 -0.000191413 0.180913
13.09 0 -0.000191423 0.180912
13.1 0 -0.000191438 0.180913
13.11 0 -0.000191446 0.180917
13.12 0 -0.000191445 0.180923
13.13 0 -0.000191438 0.180931
13.14 0 -0.000191434 0.180941
13.15 0 -0.000191442 0.180953
13.16 0 -0.000191448 0.180965
13.17 0 -0.000191445 0.180976
13.18 0 -0.00019144 0.180986
13.19 0 -0.00019144 0.180998
13.2 0 -0.000191445 0.181011
13.21 0 -0.000191447 0.181026
13.22 0 -0.000191443 0.181042
13.23 0 -0.000191441 0.18106
13.24 0 -0.000191443 0.18108
13.25 0 -0.000191445 0.1811
13.26 0 -0.000191445 0.181123
13.27 0 -0.000191442 0.181146
13.28 0 -0.000191442 0.181171
13.29 0 -0.000191444 0.181198
13.3 0 -0.000191445 0.181226
13.31 0 -0.000191444 0.181256
13.32 0 -0.000191444 0.181292
13.33 0 -0.000191446 0.181334
13.34 0 -0.000191444 0.181386
13.35 0 -0.000191447 0.181443
13.36 0 -0.000191426 0.181496
13.37 0 -0.000191387 0.181545
13.38 0 -0.000191359 0.181592
13.39 0 -0.000191335 0.181641
13.4 0 -0.000191307 0.181689
13.41 0 -0.000191274 0.181738
13.42 0 -0.000191241 0.181788
13.43 0 -0.000191211 0.181837
13.44 0 -0.000191182 0.181886
13.45 0 -0.00019115 0.181936
13.46 0 -0.000191115 0.181985
13.47 0 -0.000191082 0.182034
13.48 0 -0.000191051 0.182083
13.49 0 -0.00019102 0.182131
13.5 0 -0.000190986 0.182179
13.51 0 -0.000190952 0.182227
13.52 0 -0.00019092 0.182274
13.53 0 -0.000190889 0.182321
13.54 0 -0.000190857 0.182366
13.55 0 -0.000190824 0.182412
13.56 0 -0.000190791 0.182456
13.57 0 -0.000190761 0.182499
13.58 0 -0.000190731 0.182542
13.59 0 -0.0001907 0.182583
13.6 0 -0.00019067 0.182624
13.61 0 -0.000190641 0.182663
13.62 0 -0.000190613 0.182701
13.63 0 -0.000190585 0.182738
13.64 0 -0.000190558 0.182773
13.65 0 -0.000190532 0.182808
13.66 0 -0.000190507 0.18284
13.67 0 -0.000190483 0.182872
13.68 0 -0.00019046 0.182902
13.69 0 -0.000190437 0.182931
13.7 0 -0.000190416 0.182958
13.71 0 -0.000190396 0.182984
13.72 0 -0.000190377 0.183008
13.73 0 -0.000190359 0.183031
13.74 0 -0.000190343 0.183052
13.75 0 -0.000190327 0.183072
13.76 0 -0.000190313 0.18309
13.77 0 -0.0001903 0.183106
13.78 0 -0.000190288 0.183121
13.79 0 -0.000190277 0.183134
13.8 0 -0.000190268 0.183145
13.81 0 -0.00019026 0.183155
13.82 0 -0.000190254 0.183164
13.83 0 -0.000190248 0.183171
13.84 0 -0.000190246 0.183176
13.85 0 -0.000190246 0.183179
13.86 0 -0.000190243 0.183181
13.87 0 -0.000190239 0.183181
13.88 0 -0.000190238 0.183179
13.89 0 -0.00019024 0.183176
13.9 0 -0.000190242 0.183172
13.91 0 -0.00019024 0.183167
13.92 0 -0.000190238 0.183161
13.93 0 -0.000190238 0.183155
13.94 0 -0.000190264 0.183147
13.95 0 -0.000190316 0.18314
13.96 0 -0.000190382 0.183131
13.97 0 -0.00019046 0.183123
13.98 0 -0.000190513 0.183114
13.99 0 -0.000190554 0.183106
14 0 -0.000190612 0.183098
14.01 0 -0.000190674 0.183091
14.02 0 -0.000190724 0.183085
14.03 0 -0.000190763 0.183079
14.04 0 -0.000190777 0.183074
14.05 0 -0.000190786 0.18307
14.06 0 -0.00019082 0.183067
14.07 0 -0.000190872 0.183066
14.08 0 -0.000190897 0.183065
14.09 0 -0.000190883 0.183065
14.1 0 -0.000190868 0.183066
14.11 0 -0.000190875 0.183069
14.12 0 -0.000190892 0.183072
14.13 0 -0.000190891 0.183077
14.14 0 -0.000190877 0.183082
14.15 0 -0.000190873 0.183088
14.16 0 -0.000190883 0.183094
14.17 0 -0.000190891 0.183101
14.18 0 -0.000190885 0.183109
14.19 0 -0.000190877 0.183117
14.2 0 -0.000190878 0.183127
14.21 0 -0.000190886 0.183138
14.22 0 -0.000190887 0.18315
14.23 0 -0.000190881 0.183162
14.24 0 -0.000190878 0.183176
14.25 0 -0.000190882 0.18319
14.26 0 -0.000190886 0.183204
14.27 0 -0.000190884 0.18322
14.28 0 -0.00019088 0.183235
14.29 0 -0.00019088 0.183252
14.3 0 -0.000190884 0.183269
14.31 0 -0.000190885 0.183289
14.32 0 -0.000190882 0.183311
14.33 0 -0.000190878 0.183327
14.34 0 -0.000190873 0.183337
14.35 0 -0.000190868 0.183345
14.36 0 -0.000190864 0.183351
14.37 0 -0.000190858 0.183355
14.38 0 -0.000190856 0.183359
14.39 0 -0.000190856 0.183363
14.4 0 -0.000190856 0.183367
14.41 0 -0.000190849 0.183371
14.42 0 -0.00019084 0.183377
14.43 0 -0.000190838 0.183384
14.44 0 -0.000190837 0.183392
14.45 0 -0.000190829 0.183401
14.46 0 -0.000190819 0.183411
14.47 0 -0.00019081 0.183422
14.48 0 -0.000190805 0.183433
14.49 0 -0.000190798 0.183445
14.5 0 -0.000190788 0.183457
14.51 0 -0.000190777 0.183469
14.52 0 -0.000190769 0.183481
14.53 0 -0.000190762 0.183492
14.54 0 -0.000190754 0.183504
14.55 0 -0.000190745 0.183515
14.56 0 -0.000190736 0.183525
14.57 0 -0.00019073 0.183535
14.58 0 -0.000190725 0.183544
14.59 0 -0.000190718 0.183552
14.6 0 -0.000190714 0.18356
14.61 0 -0.000190713 0.183567
14.62 0 -0.000190709 0.183573
14.63 0 -0.000190702 0.183578
14.64 0 -0.000190696 0.183583
14.65 0 -0.000190694 0.183587
14.66 0 -0.000190694 0.18359
14.67 0 -0.000190691 0.183593
14.68 0 -0.000190686 0.183595
14.69 0 -0.000190684 0.183596
14.7 0 -0.000190685 0.183597
14.71 0 -0.000190685 0.183598
14.72 0 -0.000190684 0.183597
14.73 0 -0.000190683 0.183595
14.74 0 -0.000190683 0.183594
14.75 0 -0.000190685 0.183592
14.76 0 -0.000190685 0.18359
14.77 0 -0.000190684 0.183587
14.78 0 -0.000190683 0.183585
14.79 0 -0.000190684 0.183582
14.8 0 -0.000190684 0.183579
14.81 0 -0.000190684 0.183576
14.82 0 -0.000190683 0.183573
14.83 0 -0.000190683 0.183571
14.84 0 -0.000190686 0.183568
14.85 0 -0.0001907 0.183566
14.86 0 -0.000190716 0.183564
14.87 0 -0.000190731 0.183562
14.88 0 -0.000190741 0.18356
14.89 0 -0.00019075 0.183559
14.9 0 -0.000190761 0.183558
14.91 0 -0.000190765 0.183558
14.92 0 -0.000190766 0.183558
14.93 0 -0.000190766 0.183558
14.94 0 -0.000190766 0.183558
14.95 0 -0.000190767 0.183559
14.96 0 -0.000190766 0.183561
14.97 0 -0.000190766 0.183562
14.98 0 -0.000190766 0.183564
14.99 0 -0.000190766 0.183566
15 0 -0.000190766 0.183568
15.01 0 -0.000190766 0.18357
15.02 0 -0.000190766 0.183573
15.03 0 -0.000190766 0.183575
15.04 0 -0.000190766 0.183578
15.05 0 -0.000190766 0.18358
15.06 0 -0.000190766 0.183582
15.07 0 -0.000190766 0.183584
15.08 0 -0.000190766 0.183586
15.09 0 -0.000190766 0.183587
15.1 0 -0.000190766 0.183588
15.11 0 -0.000190766 0.18359
15.12 0 -0.000190766 0.183591
15.13 0 -0.000190766 0.183592
15.14 0 -0.000190766 0.183593
15.15 0 -0.000190766 0.183594
15.16 0 -0.000190766 0.183595
15.17 0 -0.000190766 0.183595
15.18 0 -0.000190766 0.183595
15.19 0 -0.000190766 0.183594
15.2 0 -0.000190766 0.183593
15.21 0 -0.000190766 0.183591
15.22 0 -0.000190766 0.183591
15.23 0 -0.000190766 0.18359
15.24 0 -0.000190766 0.183589
15.25 0 -0.000190766 0.183588
15.26 0 -0.000190766 0.183587
15.27 0 -0.000190766 0.183587
15.28 0 -0.000190766 0.183586
15.29 0 -0.000190766 0.183585
15.3 0 -0.000190766 0.183585
15.31 0 -0.000190766 0.183584
15.32 0 -0.000190766 0.183583
15.33 0 -0.000190766 0.183583
15.34 0 -0.000190766 0.183583
15.35 0 -0.000190766 0.183582
15.36 0 -0.000190766 0.183582
15.37 0 -0.000190766 0.183582
15.38 0 -0.000190766 0.183582
15.39 0 -0.000190766 0.183582
15.4 0 -0.000190766 0.183583
15.41 0 -0.000190766 0.183583
15.42 0 -0.000190766 0.183583
15.43 0 -0.000190766 0.183584
15.44 0 -0.000190766 0.183584
15.45 0 -0.000190766 0.183585
15.46 0 -0.000190766 0.183585
15.47 0 -0.000190766 0.183586
15.48 0 -0.000190766 0.183586
15.49 0 -0.000190766 0.183587
15.5 0 -0.000190766 0.183588
15.51 0 -0.000190766 0.183588
15.52 0 -0.000190766 0.183589
15.53 0 -0.000190766 0.183589
15.54 0 -0.000190766 0.18359
15.55 0 -0.000190766 0.18359
15.56 0 -0.000190766 0.183591
15.57 0 -0.000190766 0.183591
15.58 0 -0.000190766 0.183591
15.59 0 -0.000190766 0.183591
15.6 0 -0.000190766 0.183591
15.61 0 -0.000190766 0.183591
15.62 0 -0.000190766 0.183591
15.63 0 -0.000190766 0.18359
15.64 0 -0.000190766 0.18359
15.65 0 -0.000190766 0.18359
15.66 0 -0.000190766 0.183589
15.67 0 -0.000190766 0.183589
15.68 0 -0.000190766 0.183588
15.69 0 -0.000190766 0.183588
15.7 0 -0.000190766 0.183587
15.71 0 -0.000190766 0.183587
15.72 0 -0.000190766 0.183586
15.73 0 -0.000190766 0.183586
15.74 0 -0.000190766 0.183585
15.75 0 -0.000190766 0.183585
15.76 0 -0.000190766 0.183584
15.77 0 -0.000190766 0.183584
15.78 0 -0.000190766 0.183584
15.79 0 -0.000190766 0.183583
15.8 0 -0.000190766 0.183583
15.81 0 -0.000190766 0.183583
15.82 0 -0.000190766 0.183583
15.83 0 -0.000190766 0.183583
15.84 0 -0.000190766 0.183584
15.85 0 -0.000190766 0.183584
15.86 0 -0.000190766 0.183584
15.87 0 -0.000190766 0.183585
15.88 0 -0.000190766 0.183585
15.89 0 -0.000190766 0.183585
15.9 0 -0.000190766 0.183586
15.91 0 -0.000190766 0.183586
15.92 0 -0.000190766 0.183587
15.93 0 -0.000190766 0.183587
15.94 0 -0.000190766 0.183588
15.95 0 -0.000190766 0.183588
15.96 0 -0.000190766 0.183589
15.97 0 -0.000190766 0.183589
15.98 0 -0.000190766 0.183589
15.99 0 -0.000190766 0.18359
16 0 -0.000190766 0.18359
16.01 0 -0.000190766 0.18359
16.02 0 -0.000190766 0.18359
16.03 0 -0.000190766 0.18359
16.04 0 -0.000190766 0.18359
16.05 0 -0.000190766 0.18359
16.06 0 -0.000190766 0.18359
16.07 0 -0.000190766 0.18359
16.08 0 -0.000190766 0.183589
16.09 0 -0.000190766 0.183589
16.1 0 -0.000190766 0.183589
16.11 0 -0.000190766 0.183588
16.12 0 -0.000190766 0.183588
16.13 0 -0.000190766 0.183587
16.14 0 -0.000190766 0.183587
16.15 0 -0.000190766 0.183587
16.16 0 -0.000190766 0.183586
16.17 0 -0.000190766 0.183586
16.18 0 -0.000190766 0.183585
16.19 0 -0.000190766 0.183585
16.2 0 -0.000190766 0.183585
16.21 0 -0.000190766 0.183585
16.22 0 -0.000190766 0.183584
16.23 0 -0.000190766 0.183584
16.24 0 -0.000190766 0.183584
16.25 0 -0.000190766 0.183584
16.26 0 -0.000190766 0.183584
16.27 0 -0.000190766 0.183584
16.28 0 -0.000190766 0.183584
16.29 0 -0.000190766 0.183585
16.3 0 -0.000190766 0.183585
16.31 0 -0.000190766 0.183585
16.32 0 -0.000190766 0.183585
16.33 0 -0.000190766 0.183586
16.34 0 -0.000190766 0.183586
16.35 0 -0.000190766 0.183587
16.36 0 -0.000190766 0.183587
16.37 0 -0.000190766 0.183587
16.38 0 -0.000190766 0.183588
16.39 0 -0.000190766 0.183588
16.4 0 -0.000190766 0.183588
16.41 0 -0.000190766 0.183588
16.42 0 -0.000190766 0.183589
16.43 0 -0.000190766 0.183589
16.44 0 -0.000190766 0.183589
16.45 0 -0.000190766 0.183589
16.46 0 -0.000190766 0.183589
16.47 0 -0.000190766 0.183589
16.48 0 -0.000190766 0.183589
16.49 0 -0.000190766 0.183589
16.5 0 -0.000190766 0.183589
16.51 0 -0.000190766 0.183589
16.52 0 -0.000190766 0.183589
16.53 0 -0.000190766 0.183588
16.54 0 -0.000190766 0.183588
16.55 0 -0.000190766 0.183588
16.56 0 -0.000190766 0.183587
16.57 0 -0.000190766 0.183587
16.58 0 -0.000190766 0.183587
16.59 0 -0.000190766 0.183587
16.6 0 -0.000190766 0.183586
16.61 0 -0.000190766 0.183586
16.62 0 -0.000190766 0.183586
16.63 0 -0.000190766 0.183586
16.64 0 -0.000190766 0.183585
16.65 0 -0.000190766 0.183585
16.66 0 -0.000190766 0.183585
16.67 0 -0.000190766 0.183585
16.68 0 -0.000190766 0.183585
16.69 0 -0.000190766 0.183585
16.7 0 -0.000190766 0.183585
16.71 0 -0.000190766 0.183585
16.72 0 -0.000190766 0.183585
16.73 0 -0.000190766 0.183585
16.74 0 -0.000190766 0.183585
16.75 0 -0.000190766 0.183586
16.76 0 -0.000190766 0.183586
16.77 0 -0.000190766 0.183586
16.78 0 -0.000190766 0.183586
16.79 0 -0.000190766 0.183587
16.8 0 -0.000190766 0.183587
16.81 0 -0.000190766 0.183587
16.82 0 -0.000190766 0.183587
16.83 0 -0.000190766 0.183588
16.84 0 -0.000190766 0.183588
16.85 0 -0.000190766 0.183588
16.86 0 -0.000190766 0.183588
16.87 0 -0.000190766 0.183588
16.88 0 -0.000190766 0.183589
16.89 0 -0.000190766 0.183589
16.9 0 -0.000190766 0.183589
16.91 0 -0.000190766 0.183589
16.92 0 -0.000190766 0.183589
16.93 0 -0.000190766 0.183589
16.94 0 -0.000190766 0.183588
16.95 0 -0.000190766 0.183588
16.96 0 -0.000190766 0.183588
16.97 0 -0.000190766 0.183588
16.98 0 -0.000190766 0.183588
16.99 0 -0.000190766 0.183588
17 0 -0.000190766 0.183587
17.01 0 -0.000190766 0.183587
17.02 0 -0.000190766 0.183587
17.03 0 -0.000190766 0.183587
17.04 0 -0.000190766 0.183586
17.05 0 -0.000190766 0.183586
17.06 0 -0.000190766 0.183586
17.07 0 -0.000190766 0.183586
17.08 0 -0.000190766 0.183586
17.09 0 -0.000190766 0.183586
17.1 0 -0.000190766 0.183585
17.11 0 -0.000190766 0.183585
17.12 0 -0.000190766 0.183585
17.13 0 -0.000190766 0.183585
17.14 0 -0.000190766 0.183585
17.15 0 -0.000190766 0.183586
17.16 0 -0.000190766 0.183586
17.17 0 -0.000190766 0.183586
17.18 0 -0.000190766 0.183586
17.19 0 -0.000190766 0.183586
17.2 0 -0.000190766 0.183586
17.21 0 -0.000190766 0.183586
17.22 0 -0.000190766 0.183587
17.23 0 -0.000190766 0.183587
17.24 0 -0.000190766 0.183587
17.25 0 -0.000190766 0.183587
17.26 0 -0.000190766 0.183587
17.27 0 -0.000190766 0.183588
17.28 0 -0.000190766 0.183588
17.29 0 -0.000190766 0.183588
17.3 0 -0.000190766 0.183588
17.31 0 -0.000190766 0.183588
17.32 0 -0.000190766 0.183588
17.33 0 -0.000190766 0.183588
17.34 0 -0.000190766 0.183588
17.35 0 -0.000190766 0.183588
17.36 0 -0.000190766 0.183588
17.37 0 -0.000190766 0.183588
17.38 0 -0.000190766 0.183588
17.39 0 -0.000190766 0.183588
17.4 0 -0.000190766 0.183588
17.41 0 -0.000190766 0.183588
17.42 0 -0.000190766 0.183587
17.43 0 -0.000190766 0.183587
17.44 0 -0.000190766 0.183587
17.45 0 -0.000190766 0.183587
17.46 0 -0.000190766 0.183587
17.47 0 -0.000190766 0.183587
17.48 0 -0.000190766 0.183586
17.49 0 -0.000190766 0.183586
17.5 0 -0.000190766 0.183586
17.51 0 -0.000190766 0.183586
17.52 0 -0.000190766 0.183586
17.53 0 -0.000190766 0.183586
17.54 0 -0.000190766 0.183586
17.55 0 -0.000190766 0.183586
17.56 0 -0.000190766 0.183586
17.57 0 -0.000190766 0.183586
17.58 0 -0.000190766 0.183586
17.59 0 -0.000190766 0.183586
17.6 0 -0.000190766 0.183586
17.61 0 -0.000190766 0.183586
17.62 0 -0.000190766 0.183586
17.63 0 -0.000190766 0.183586
17.64 0 -0.000190766 0.183586
17.65 0 -0.000190766 0.183587
17.66 0 -0.000190766 0.183587
17.67 0 -0.000190766 0.183587
17.68 0 -0.000190766 0.183587
17.69 0 -0.000190766 0.183587
17.7 0 -0.000190766 0.183587
17.71 0 -0.000190766 0.183587
17.72 0 -0.000190766 0.183588
17.73 0 -0.000190766 0.183588
17.74 0 -0.000190766 0.183588
17.75 0 -0.000190766 0.183588
17.76 0 -0.000190766 0.183588
17.77 0 -0.000190766 0.183588
17.78 0 -0.000190766 0.183588
17.79 0 -0.000190766 0.183588
17.8 0 -0.000190766 0.183588
17.81 0 -0.000190766 0.183588
17.82 0 -0.000190766 0.183588
17.83 0 -0.000190766 0.183588
17.84 0 -0.000190766 0.183588
17.85 0 -0.000190766 0.183587
17.86 0 -0.000190766 0.183587
17.87 0 -0.000190766 0.183587
17.88 0 -0.000190766 0.183587
17.89 0 -0.000190766 0.183587
17.9 0 -0.000190766 0.183587
17.91 0 -0.000190766 0.183587
17.92 0 -0.000190766 0.183587
17.93 0 -0.000190766 0.183586
17.94 0 -0.000190766 0.183586
17.95 0 -0.000190766 0.183586
17.96 0 -0.000190766 0.183586
17.97 0 -0.000190766 0.183586
17.98 0 -0.000190766 0.183586
17.99 0 -0.000190766 0.183586
18 0 -0.000190766 0.183586
18.01 0 -0.000190766 0.183586
18.02 0 -0.000190766 0.183586
18.03 0 -0.000190766 0.183586
18.04 0 -0.000190766 0.183586
18.05 0 -0.000190766 0.183586
18.06 0 -0.000190766 0.183586
18.07 0 -0.000190766 0.183586
18.08 0 -0.000190766 0.183587
18.09 0 -0.000190766 0.183587
18.1 0 -0.000190766 0.183587
18.11 0 -0.000190766 0.183587
18.12 0 -0.000190766 0.183587
18.13 0 -0.000190766 0.183587
18.14 0 -0.000190766 0.183587
18.15 0 -0.000190766 0.183587
18.16 0 -0.000190766 0.183587
18.17 0 -0.000190766 0.183587
18.18 0 -0.000190766 0.183588
18.19 0 -0.000190766 0.183588
18.2 0 -0.000190766 0.183588
18.21 0 -0.000190766 0.183588
18.22 0 -0.000190766 0.183588
18.23 0 -0.000190766 0.183588
18.24 0 -0.000190766 0.183588
18.25 0 -0.000190766 0.183588
18.26 0 -0.000190766 0.183587
18.27 0 -0.000190766 0.183587
18.28 0 -0.000190766 0.183587
18.29 0 -0.000190766 0.183587
18.3 0 -0.000190766 0.183587
18.31 0 -0.000190766 0.183587
18.32 0 -0.000190766 0.183587
18.33 0 -0.000190766 0.183587
18.34 0 -0.000190766 0.183587
18.35 0 -0.000190766 0.183587
18.36 0 -0.000190766 0.183587
18.37 0 -0.000190766 0.183587
18.38 0 -0.000190766 0.183586
18.39 0 -0.000190766 0.183586
18.4 0 -0.000190766 0.183586
18.41 0 -0.000190766 0.183586
18.42 0 -0.000190766 0.183586
18.43 0 -0.000190766 0.183586
18.44 0 -0.000190766 0.183586
18.45 0 -0.000190766 0.183586
18.46 0 -0.000190766 0.183586
18.47 0 -0.000190766 0.183586
18.48 0 -0.000190766 0.183586
18.49 0 -0.000190766 0.183586
18.5 0 -0.000190766 0.183587
18.51 0 -0.000190766 0.183587
18.52 0 -0.000190766 0.183587
18.53 0 -0.000190766 0.183587
18.54 0 -0.000190766 0.183587
18.55 0 -0.000190766 0.183587
18.56 0 -0.000190766 0.183587
18.57 0 -0.000190766 0.183587
18.58 0 -0.000190766 0.183587
18.59 0 -0.000190766 0.183587
18.6 0 -0.000190766 0.183587
18.61 0 -0.000190766 0.183587
18.62 0 -0.000190766 0.183587
18.63 0 -0.000190766 0.183587
18.64 0 -0.000190766 0.183587
18.65 0 -0.000190766 0.183587
18.66 0 -0.000190766 0.183587
18.67 0 -0.000190766 0.183587
18.68 0 -0.000190766 0.183587
18.69 0 -0.000190766 0.183587
18.7 0 -0.000190766 0.183587
18.71 0 -0.000190766 0.183587
18.72 0 -0.000190766 0.183587
18.73 0 -0.000190766 0.183587
18.74 0 -0.000190766 0.183587
18.75 0 -0.000190766 0.183587
18.76 0 -0.000190766 0.183587
18.77 0 -0.000190766 0.183587
18.78 0 -0.000190766 0.183587
18.79 0 -0.000190766 0.183587
18.8 0 -0.000190766 0.183587
18.81 0 -0.000190766 0.183587
18.82 0 -0.000190766 0.183587
18.83 0 -0.000190766 0.183587
18.84 0 -0.000190766 0.183586
18.85 0 -0.000190766 0.183586
18.86 0 -0.000190766 0.183586
18.87 0 -0.000190766 0.183586
18.88 0 -0.000190766 0.183586
18.89 0 -0.000190766 0.183586
18.9 0 -0.000190766 0.183586
18.91 0 -0.000190766 0.183586
18.92 0 -0.000190766 0.183587
18.93 0 -0.000190766 0.183587
18.94 0 -0.000190766 0.183587
18.95 0 -0.000190766 0.183587
18.96 0 -0.000190766 0.183587
18.97 0 -0.000190766 0.183587
18.98 0 -0.000190766 0.183587
18.99 0 -0.000190766 0.183587
19 0 -0.000190766 0.183587
19.01 0 -0.000190766 0.183587
19.02 0 -0.000190766 0.183587
19.03 0 -0.000190766 0.183587
19.04 0 -0.000190766 0.183587
19.05 0 -0.000190766 0.183587
19.06 0 -0.000190766 0.183587
19.07 0 -0.000190766 0.183587
19.08 0 -0.000190766 0.183587
19.09 0 -0.000190766 0.183587
19.1 0 -0.000190766 0.183587
19.11 0 -0.000190766 0.183587
19.12 0 -0.000190766 0.183587
19.13 0 -0.000190766 0.183587
19.14 0 -0.000190766 0.183587
19.15 0 -0.000190766 0.183587
19.16 0 -0.000190766 0.183587
19.17 0 -0.000190766 0.183587
19.18 0 -0.000190766 0.183587
19.19 0 -0.000190766 0.183587
19.2 0 -0.000190766 0.183587
19.21 0 -0.000190766 0.183587
19.22 0 -0.000190766 0.183587
19.23 0 -0.000190766 0.183587
19.24 0 -0.000190766 0.183587
19.25 0 -0.000190766 0.183587
19.26 0 -0.000190766 0.183587
19.27 0 -0.000190766 0.183587
19.28 0 -0.000190766 0.183587
19.29 0 -0.000190766 0.183587
19.3 0 -0.000190766 0.183587
19.31 0 -0.000190766 0.183587
19.32 0 -0.000190766 0.183587
19.33 0 -0.000190766 0.183587
19.34 0 -0.000190766 0.183587
19.35 0 -0.000190766 0.183587
19.36 0 -0.000190766 0.183587
19.37 0 -0.000190766 0.183587
19.38 0 -0.000190766 0.183587
19.39 0 -0.000190766 0.183587
19.4 0 -0.000190766 0.183587
19.41 0 -0.000190766 0.183587
19.42 0 -0.000190766 0.183587
19.43 0 -0.000190766 0.183587
19.44 0 -0.000190766 0.183587
19.45 0 -0.000190766 0.183587
19.46 0 -0.000190766 0.183587
19.47 0 -0.000190766 0.183587
19.48 0 -0.000190766 0.183587
19.49 0 -0.000190766 0.183587
19.5 0 -0.000190766 0.183587
19.51 0 -0.000190766 0.183587
19.52 0 -0.000190766 0.183587
19.53 0 -0.000190766 0.183587
19.54 0 -0.000190766 0.183587
19.55 0 -0.000190766 0.183587
19.56 0 -0.000190766 0.183587
19.57 0 -0.000190766 0.183587
19.58 0 -0.000190766 0.183587
19.59 0 -0.000190766 0.183587
19.6 0 -0.000190766 0.183587
19.61 0 -0.000190766 0.183587
19.62 0 -0.000190766 0.183587
19.63 0 -0.000190766 0.183587
19.64 0 -0.000190766 0.183587
19.65 0 -0.000190766 0.183587
19.66 0 -0.000190766 0.183587
19.67 0 -0.000190766 0.183587
19.68 0 -0.000190766 0.183587
19.69 0 -0.000190766 0.183587
19.7 0 -0.000190766 0.183587
19.71 0 -0.000190766 0.183587
19.72 0 -0.000190766 0.183587
19.73 0 -0.000190766 0.183587
19.74 0 -0.000190766 0.183587
19.75 0 -0.000190766 0.183587
19.76 0 -0.000190766 0.183587
19.77 0 -0.000190766 0.183587
19.78 0 -0.000190766 0.183587
19.79 0 -0.000190766 0.183587
19.8 0 -0.000190766 0.183587
19.81 0 -0.000190766 0.183587
19.82 0 -0.000190766 0.183587
19.83 0 -0.000190766 0.183587
19.84 0 -0.000190766 0.183587
19.85 0 -0.000190766 0.183587
19.86 0 -0.000190766 0.183587
19.87 0 -0.000190766 0.183587
19.88 0 -0.000190766 0.183587
19.89 0 -0.000190766 0.183587
19.9 0 -0.000190766 0.183587
19.91 0 -0.000190766 0.183587
19.92 0 -0.000190766 0.183587
19.93 0 -0.000190766 0.183587
19.94 0 -0.000190766 0.183587
19.95 0 -0.000190766 0.183587
19.96 0 -0.000190766 0.183587
19.97 0 -0.000190766 0.183587
19.98 0 -0.000190766 0.183587
19.99 0 -0.000190766 0.183587
20 0 -0.000190766 0.183587
