0.01 0 -4.59844e-05 1.71667e-05
0.02 0 -4.59844e-05 1.71524e-05
0.03 0 -4.59844e-05 1.70422e-05
0.04 0 -4.59836e-05 1.65088e-05
0.05 0 -4.59817e-05 1.46648e-05
0.06 0 -4.59801e-05 9.82417e-06
0.07 0 -4.5983e-05 -1.33833e-07
0.08 0 -4.59961e-05 -1.69679e-05
0.09 0 -4.60291e-05 -4.12481e-05
0.1 0 -4.60946e-05 -7.17998e-05
0.11 0 -4.61904e-05 -0.000106665
0.12 0 -4.63139e-05 -0.00014416
0.13 0 -4.64567e-05 -0.000182721
0.14 0 -4.66036e-05 -0.000221
0.15 0 -4.6736e-05 -0.000258375
0.16 0 -4.68565e-05 -0.000294799
0.17 0 -4.69605e-05 -0.000330372
0.18 0 -4.70557e-05 -0.000365272
0.19 0 -4.71388e-05 -0.000399512
0.2 0 -4.72126e-05 -0.000433141
0.21 0 -4.72774e-05 -0.000466257
0.22 0 -4.73311e-05 -0.000498851
0.23 0 -4.73851e-05 -0.000531242
0.24 0 -4.74316e-05 -0.000563787
0.25 0 -4.74706e-05 -0.000596183
0.26 0 -4.75078e-05 -0.000628054
0.27 0 -4.75418e-05 -0.000659605
0.28 0 -4.7571e-05 -0.000691133
0.29 0 -4.75962e-05 -0.000722322
0.3 0 -4.76187e-05 -0.000752498
0.31 0 -4.76404e-05 -0.00078148
0.32 0 -4.76593e-05 -0.000809526
0.33 0 -4.76747e-05 -0.000836763
0.34 0 -4.76879e-05 -0.00086308
0.35 0 -4.77002e-05 -0.00088817
0.36 0 -4.77112e-05 -0.000911334
0.37 0 -4.77198e-05 -0.000931625
0.38 0 -4.77261e-05 -0.000948315
0.39 0 -4.77301e-05 -0.000959692
0.4 0 -4.77305e-05 -0.000955471
0.41 0 -4.77303e-05 -0.000927937
0.42 0 -4.77319e-05 -0.000882553
0.43 0 -4.77379e-05 -0.000826384
0.44 0 -4.77524e-05 -0.000766363
0.45 0 -4.777e-05 -0.000710783
0.46 0 -4.77891e-05 -0.000663642
0.47 0 -4.78094e-05 -0.000623017
0.48 0 -4.78276e-05 -0.000584574
0.49 0 -4.78496e-05 -0.000545153
0.5 0 -4.78744e-05 -0.000503206
0.51 0 -4.78997e-05 -0.000458288
0.52 0 -4.79294e-05 -0.000410452
0.53 0 -4.79587e-05 -0.000360004
0.54 0 -4.79898e-05 -0.000307332
0.55 0 -4.80229e-05 -0.000252846
0.56 0 -4.80542e-05 -0.000196868
0.57 0 -4.80861e-05 -0.000139157
0.58 0 -4.8117e-05 -7.98314e-05
0.59 0 -4.8147e-05 -1.93373e-05
0.6 0 -4.81763e-05 4.25484e-05
0.61 0 -4.82037e-05 0.000105742
0.62 0 -4.82296e-05 0.000169824
0.63 0 -4.82546e-05 0.000235131
0.64 0 -4.82779e-05 0.000301748
0.65 0 -4.8299e-05 0.000369384
0.66 0 -4.83194e-05 0.000438528
0.67 0 -4.83388e-05 0.000510007
0.68 0 -4.83556e-05 0.000583628
0.69 0 -4.83715e-05 0.000658828
0.7 0 -4.83866e-05 0.000736118
0.71 0 -4.83997e-05 0.00081653
0.72 0 -4.84115e-05 0.00090037
0.73 0 -4.84216e-05 0.000986845
0.74 0 -4.84302e-05 0.00107549
0.75 0 -4.84372e-05 0.00116684
0.76 0 -4.84426e-05 0.00126045
0.77 0 -4.84468e-05 0.00135536
0.78 0 -4.84497e-05 0.00145184
0.79 0 -4.84503e-05 0.00155048
0.8 0 -4.845e-05 0.0016524
0.81 0 -4.84501e-05 0.00175808
0.82 0 -4.8447e-05 0.00186611
0.83 0 -4.84409e-05 0.00197563
0.84 0 -4.8433e-05 0.00208696
0.85 0 -4.8423e-05 0.0022005
0.86 0 -4.84115e-05 0.00231641
0.87 0 -4.83972e-05 0.00243419
0.88 0 -4.83814e-05 0.00255231
0.89 0 -4.83638e-05 0.00266933
0.9 0 -4.83445e-05 0.00278519
0.91 0 -4.8325e-05 0.00290066
0.92 0 -4.83043e-05 0.00301631
0.93 0 -4.82831e-05 0.00313232
0.94 0 -4.82613e-05 0.00324868
0.95 0 -4.82384e-05 0.0033652
0.96 0 -4.82147e-05 0.00348154
0.97 0 -4.81892e-05 0.0035972
0.98 0 -4.81604e-05 0.00371153
0.99 0 -4.81352e-05 0.0038236
1 0 -4.81118e-05 0.00393189
1.01 0 -4.80855e-05 0.00403321
1.02 0 -4.80704e-05 0.00411945
1.03 0 -4.80669e-05 0.00416731
1.04 0 -4.80596e-05 0.00414571
1.05 0 -4.81762e-05 0.00405051
1.06 0 -4.8498e-05 0.00391607
1.07 0 -4.85341e-05 0.00378027
1.08 0 -4.85756e-05 0.00365697
1.09 0 -4.86473e-05 0.00354563
1.1 0 -4.86895e-05 0.00344441
1.11 0 -4.8767e-05 0.00335216
1.12 0 -4.87902e-05 0.00326713
1.13 0 -4.88438e-05 0.00318647
1.14 0 -4.8877e-05 0.00310732
1.15 0 -4.89282e-05 0.00302728
1.16 0 -4.89617e-05 0.00294478
1.17 0 -4.89977e-05 0.00285882
1.18 0 -4.90339e-05 0.00276833
1.19 0 -4.90707e-05 0.00267341
1.2 0 -4.91094e-05 0.00257475
1.21 0 -4.91389e-05 0.00247222
1.22 0 -4.91699e-05 0.00236585
1.23 0 -4.91974e-05 0.00225668
1.24 0 -4.92282e-05 0.00214527
1.25 0 -4.92536e-05 0.00203104
1.26 0 -4.92745e-05 0.0019136
1.27 0 -4.92944e-05 0.00179393
1.28 0 -4.93144e-05 0.00167314
1.29 0 -4.93333e-05 0.00155084
1.3 0 -4.93482e-05 0.00142602
1.31 0 -4.93607e-05 0.00129808
1.32 0 -4.93728e-05 0.00116705
1.33 0 -4.93841e-05 0.00103416
1.34 0 -4.9393e-05 0.000900933
1.35 0 -4.93996e-05 0.000767326
1.36 0 -4.94051e-05 0.000632324
1.37 0 -4.94104e-05 0.000495203
1.38 0 -4.94152e-05 0.000355627
1.39 0 -4.94184e-05 0.000213459
1.4 0 -4.94194e-05 6.87068e-05
1.41 0 -4.94192e-05 -7.83776e-05
1.42 0 -4.94189e-05 -0.000228311
1.43 0 -4.94193e-05 -0.000382439
1.44 0 -4.94192e-05 -0.000541552
1.45 0 -4.94187e-05 -0.000705899
1.46 0 -4.94186e-05 -0.000875652
1.47 0 -4.94182e-05 -0.00105085
1.48 0 -4.94173e-05 -0.00123137
1.49 0 -4.94176e-05 -0.00141684
1.5 0 -4.94196e-05 -0.00160648
1.51 0 -4.94179e-05 -0.00179884
1.52 0 -4.94152e-05 -0.00199073
1.53 0 -4.9417e-05 -0.00217454
1.54 0 -4.94165e-05 -0.0023334
1.55 0 -4.94175e-05 -0.00242621
1.56 0 -4.94217e-05 -0.0024061
1.57 0 -4.94293e-05 -0.00228404
1.58 0 -4.94555e-05 -0.00212476
1.59 0 -4.95252e-05 -0.00197523
1.6 0 -4.95832e-05 -0.00184356
1.61 0 -4.96436e-05 -0.00172448
1.62 0 -4.96889e-05 -0.0016132
1.63 0 -4.97286e-05 -0.00150679
1.64 0 -4.97686e-05 -0.00140417
1.65 0 -4.97982e-05 -0.00130439
1.66 0 -4.98288e-05 -0.0012061
1.67 0 -4.98492e-05 -0.00110842
1.68 0 -4.98724e-05 -0.00101026
1.69 0 -4.98912e-05 -0.000910583
1.7 0 -4.99096e-05 -0.000809272
1.71 0 -4.99228e-05 -0.000705577
1.72 0 -4.9934e-05 -0.000598536
1.73 0 -4.99464e-05 -0.000488454
1.74 0 -4.99569e-05 -0.000375844
1.75 0 -4.99632e-05 -0.000259919
1.76 0 -4.99664e-05 -0.000139409
1.77 0 -4.99711e-05 -1.43953e-05
1.78 0 -4.99746e-05 0.00011423
1.79 0 -4.99744e-05 0.000245227
1.8 0 -4.9973e-05 0.000378829
1.81 0 -4.99719e-05 0.000518269
1.82 0 -4.99714e-05 0.000667237
1.83 0 -4.99728e-05 0.000828229
1.84 0 -4.99728e-05 0.00100436
1.85 0 -4.99715e-05 0.00120024
1.86 0 -4.99707e-05 0.00142008
1.87 0 -4.99708e-05 0.00166602
1.88 0 -4.99716e-05 0.00193832
1.89 0 -4.99709e-05 0.00223694
1.9 0 -4.99701e-05 0.0025622
1.91 0 -4.99702e-05 0.00291457
1.92 0 -4.99705e-05 0.00329415
1.93 0 -4.99704e-05 0.00370036
1.94 0 -4.99699e-05 0.0041324
1.95 0 -4.99694e-05 0.00458988
1.96 0 -4.99696e-05 0.00507267
1.97 0 -4.99698e-05 0.00558065
1.98 0 -4.99695e-05 0.00611366
1.99 0 -4.99691e-05 0.00667138
2 0 -4.9969e-05 0.00725335
2.01 0 -4.99694e-05 0.00785898
2.02 0 -4.99426e-05 0.00848282
2.03 0 -4.98455e-05 0.00911064
2.04 0 -4.97104e-05 0.00972748
2.05 0 -4.9571e-05 0.0103263
2.06 0 -4.94295e-05 0.0109052
2.07 0 -4.92862e-05 0.0114622
2.08 0 -4.91478e-05 0.0119939
2.09 0 -4.90115e-05 0.0124952
2.1 0 -4.88721e-05 0.0129579
2.11 0 -4.87782e-05 0.0133653
2.12 0 -4.87232e-05 0.0136826
2.13 0 -4.86562e-05 0.0138456
2.14 0 -4.86819e-05 0.0138069
2.15 0 -4.92419e-05 0.0136291
2.16 0 -5.01324e-05 0.0134391
2.17 0 -5.01786e-05 0.0132922
2.18 0 -5.02007e-05 0.0131663
2.19 0 -5.0326e-05 0.0130389
2.2 0 -5.03227e-05 0.0129073
2.21 0 -5.04438e-05 0.0127749
2.22 0 -5.04253e-05 0.0126444
2.23 0 -5.04905e-05 0.012517
2.24 0 -5.05242e-05 0.0123924
2.25 0 -5.05598e-05 0.0122698
2.26 0 -5.05864e-05 0.0121481
2.27 0 -5.0596e-05 0.0120258
2.28 0 -5.06253e-05 0.011902
2.29 0 -5.06442e-05 0.0117763
2.3 0 -5.06674e-05 0.0116479
2.31 0 -5.06704e-05 0.0115158
2.32 0 -5.06861e-05 0.0113796
2.33 0 -5.06978e-05 0.0112401
2.34 0 -5.07118e-05 0.0110979
2.35 0 -5.07181e-05 0.0109522
2.36 0 -5.07208e-05 0.0108021
2.37 0 -5.07284e-05 0.0106471
2.38 0 -5.07334e-05 0.0104875
2.39 0 -5.07373e-05 0.0103242
2.4 0 -5.07365e-05 0.0101597
2.41 0 -5.07353e-05 0.00999487
2.42 0 -5.07363e-05 0.00982842
2.43 0 -5.07377e-05 0.00965879
2.44 0 -5.07366e-05 0.00948498
2.45 0 -5.07356e-05 0.00930643
2.46 0 -5.07354e-05 0.00912272
2.47 0 -5.07362e-05 0.00893354
2.48 0 -5.07366e-05 0.00873855
2.49 0 -5.07355e-05 0.00853749
2.5 0 -5.07351e-05 0.00833011
2.51 0 -5.07354e-05 0.00811626
2.52 0 -5.07341e-05 0.00789586
2.53 0 -5.07316e-05 0.00766893
2.54 0 -5.07324e-05 0.00743563
2.55 0 -5.07313e-05 0.00719632
2.56 0 -5.07333e-05 0.00695159
2.57 0 -5.07406e-05 0.00670257
2.58 0 -5.073e-05 0.00645129
2.59 0 -5.07266e-05 0.00620169
2.6 0 -5.07423e-05 0.00596073
2.61 0 -5.07552e-05 0.00573793
2.62 0 -5.07361e-05 0.00554433
2.63 0 -5.07219e-05 0.00539216
2.64 0 -5.07342e-05 0.00530237
2.65 0 -5.07366e-05 0.00530545
2.66 0 -5.07528e-05 0.00540265
2.67 0 -5.07585e-05 0.00555084
2.68 0 -5.0809e-05 0.0057086
2.69 0 -5.08815e-05 0.00586202
2.7 0 -5.09262e-05 0.00601083
2.71 0 -5.09711e-05 0.00615635
2.72 0 -5.09892e-05 0.00629933
2.73 0 -5.10164e-05 0.00644017
2.74 0 -5.10452e-05 0.00657903
2.75 0 -5.10574e-05 0.00671622
2.76 0 -5.10671e-05 0.00685247
2.77 0 -5.10704e-05 0.00698827
2.78 0 -5.10788e-05 0.00712402
2.79 0 -5.10846e-05 0.00726042
2.8 0 -5.10821e-05 0.00739681
2.81 0 -5.108e-05 0.00753217
2.82 0 -5.10808e-05 0.00766786
2.83 0 -5.10821e-05 0.00780632
2.84 0 -5.10822e-05 0.00794951
2.85 0 -5.10807e-05 0.00809898
2.86 0 -5.10797e-05 0.0082561
2.87 0 -5.10807e-05 0.00842218
2.88 0 -5.1081e-05 0.00859865
2.89 0 -5.10804e-05 0.00878703
2.9 0 -5.10794e-05 0.00898895
2.91 0 -5.10788e-05 0.00920612
2.92 0 -5.10793e-05 0.00944023
2.93 0 -5.10792e-05 0.00969285
2.94 0 -5.10786e-05 0.00996542
2.95 0 -5.10782e-05 0.010259
2.96 0 -5.10782e-05 0.0105741
2.97 0 -5.10784e-05 0.0109115
2.98 0 -5.1078e-05 0.0112716
2.99 0 -5.10775e-05 0.0116551
3 0 -5.10773e-05 0.0120623
3.01 0 -5.10785e-05 0.0124939
3.02 0 -5.1081e-05 0.0129519
3.03 0 -5.10783e-05 0.0134391
3.04 0 -5.10755e-05 0.0139579
3.05 0 -5.10761e-05 0.0145097
3.06 0 -5.10771e-05 0.0150946
3.07 0 -5.10768e-05 0.0157134
3.08 0 -5.10727e-05 0.0163713
3.09 0 -5.10685e-05 0.0170752
3.1 0 -5.10683e-05 0.0178272
3.11 0 -5.10581e-05 0.0186241
3.12 0 -5.10589e-05 0.0194617
3.13 0 -5.10606e-05 0.0203342
3.14 0 -5.10518e-05 0.0212329
3.15 0 -5.10632e-05 0.0221446
3.16 0 -5.10549e-05 0.0230451
3.17 0 -5.09401e-05 0.0238948
3.18 0 -5.07177e-05 0.024651
3.19 0 -5.05364e-05 0.0252767
3.2 0 -5.04771e-05 0.0257245
3.21 0 -5.04862e-05 0.025955
3.22 0 -5.04646e-05 0.0259755
3.23 0 -5.05938e-05 0.0258598
3.24 0 -5.11045e-05 0.0257123
3.25 0 -5.11655e-05 0.0255835
3.26 0 -5.11499e-05 0.0254652
3.27 0 -5.12351e-05 0.0253431
3.28 0 -5.1206e-05 0.0252144
3.29 0 -5.12854e-05 0.0250819
3.3 0 -5.13435e-05 0.0249485
3.31 0 -5.13707e-05 0.024816
3.32 0 -5.13653e-05 0.0246851
3.33 0 -5.1392e-05 0.0245558
3.34 0 -5.14216e-05 0.0244278
3.35 0 -5.14513e-05 0.0243009
3.36 0 -5.14538e-05 0.0241744
3.37 0 -5.14464e-05 0.0240472
3.38 0 -5.14679e-05 0.0239193
3.39 0 -5.14841e-05 0.0237908
3.4 0 -5.14912e-05 0.0236611
3.41 0 -5.14866e-05 0.023529
3.42 0 -5.14853e-05 0.0233939
3.43 0 -5.14979e-05 0.0232557
3.44 0 -5.15056e-05 0.0231152
3.45 0 -5.15007e-05 0.0229739
3.46 0 -5.14954e-05 0.0228324
3.47 0 -5.14959e-05 0.0226902
3.48 0 -5.15021e-05 0.0225463
3.49 0 -5.15029e-05 0.0224
3.5 0 -5.14973e-05 0.0222509
3.51 0 -5.14953e-05 0.0220987
3.52 0 -5.14981e-05 0.0219432
3.53 0 -5.15015e-05 0.0217842
3.54 0 -5.14985e-05 0.0216217
3.55 0 -5.14926e-05 0.0214557
3.56 0 -5.14925e-05 0.0212864
3.57 0 -5.14924e-05 0.021114
3.58 0 -5.14986e-05 0.0209389
3.59 0 -5.15075e-05 0.0207617
3.6 0 -5.14995e-05 0.0205833
3.61 0 -5.14996e-05 0.0204052
3.62 0 -5.15066e-05 0.0202292
3.63 0 -5.14951e-05 0.0200579
3.64 0 -5.15024e-05 0.0198942
3.65 0 -5.15058e-05 0.0197415
3.66 0 -5.14926e-05 0.0196043
3.67 0 -5.14988e-05 0.019489
3.68 0 -5.14991e-05 0.0194058
3.69 0 -5.15014e-05 0.0193722
3.7 0 -5.15032e-05 0.0194034
3.71 0 -5.14998e-05 0.0194908
3.72 0 -5.15285e-05 0.0196098
3.73 0 -5.15661e-05 0.0197398
3.74 0 -5.16047e-05 0.0198721
3.75 0 -5.16376e-05 0.0200042
3.76 0 -5.16579e-05 0.0201353
3.77 0 -5.16803e-05 0.0202656
3.78 0 -5.16962e-05 0.0203947
3.79 0 -5.17071e-05 0.0205232
3.8 0 -5.17138e-05 0.0206514
3.81 0 -5.17183e-05 0.0207798
3.82 0 -5.17209e-05 0.0209087
3.83 0 -5.17225e-05 0.0210377
3.84 0 -5.17221e-05 0.021166
3.85 0 -5.1721e-05 0.0212943
3.86 0 -5.17212e-05 0.0214246
3.87 0 -5.17202e-05 0.0215584
3.88 0 -5.17206e-05 0.021697
3.89 0 -5.17198e-05 0.0218419
3.9 0 -5.17195e-05 0.0219943
3.91 0 -5.17199e-05 0.0221557
3.92 0 -5.17193e-05 0.0223274
3.93 0 -5.17192e-05 0.0225105
3.94 0 -5.17186e-05 0.0227064
3.95 0 -5.17185e-05 0.0229162
3.96 0 -5.17185e-05 0.0231408
3.97 0 -5.17184e-05 0.0233812
3.98 0 -5.17223e-05 0.0236383
3.99 0 -5.17234e-05 0.023913
4 0 -5.17164e-05 0.024206
4.01 0 -5.17136e-05 0.0245183
4.02 0 -5.17165e-05 0.0248509
4.03 0 -5.17237e-05 0.0252049
4.04 0 -5.1725e-05 0.0255819
4.05 0 -5.17146e-05 0.0259834
4.06 0 -5.17124e-05 0.0264113
4.07 0 -5.17131e-05 0.0268673
4.08 0 -5.17109e-05 0.0273528
4.09 0 -5.17184e-05 0.0278698
4.1 0 -5.17093e-05 0.0284209
4.11 0 -5.17012e-05 0.0290086
4.12 0 -5.1708e-05 0.0296342
4.13 0 -5.17031e-05 0.0302969
4.14 0 -5.17228e-05 0.0309941
4.15 0 -5.17219e-05 0.0317247
4.16 0 -5.16889e-05 0.0324897
4.17 0 -5.16789e-05 0.0332817
4.18 0 -5.15849e-05 0.0340797
4.19 0 -5.13879e-05 0.0348612
4.2 0 -5.12473e-05 0.0356067
4.21 0 -5.11387e-05 0.036296
4.22 0 -5.10076e-05 0.0369072
4.23 0 -5.09012e-05 0.0374199
4.24 0 -5.07832e-05 0.0378209
4.25 0 -5.07233e-05 0.0380976
4.26 0 -5.07019e-05 0.0382335
4.27 0 -5.06947e-05 0.0382239
4.28 0 -5.09094e-05 0.0381124
4.29 0 -5.15273e-05 0.0379726
4.3 0 -5.18345e-05 0.0378434
4.31 0 -5.17959e-05 0.0377244
4.32 0 -5.18778e-05 0.0376093
4.33 0 -5.18729e-05 0.0374955
4.34 0 -5.19141e-05 0.0373828
4.35 0 -5.19519e-05 0.037271
4.36 0 -5.19459e-05 0.0371601
4.37 0 -5.19698e-05 0.0370499
4.38 0 -5.19788e-05 0.0369401
4.39 0 -5.19983e-05 0.0368303
4.4 0 -5.20065e-05 0.03672
4.41 0 -5.20102e-05 0.0366088
4.42 0 -5.2013e-05 0.0364965
4.43 0 -5.20248e-05 0.036383
4.44 0 -5.20306e-05 0.0362677
4.45 0 -5.20317e-05 0.03615
4.46 0 -5.20339e-05 0.0360296
4.47 0 -5.20344e-05 0.035907
4.48 0 -5.20405e-05 0.0357827
4.49 0 -5.20404e-05 0.0356571
4.5 0 -5.20381e-05 0.0355305
4.51 0 -5.20377e-05 0.0354027
4.52 0 -5.20386e-05 0.0352737
4.53 0 -5.20401e-05 0.0351431
4.54 0 -5.20374e-05 0.0350109
4.55 0 -5.20352e-05 0.0348772
4.56 0 -5.20404e-05 0.0347421
4.57 0 -5.2042e-05 0.0346059
4.58 0 -5.20374e-05 0.0344688
4.59 0 -5.20369e-05 0.0343313
4.6 0 -5.20445e-05 0.034194
4.61 0 -5.20477e-05 0.0340572
4.62 0 -5.20317e-05 0.0339218
4.63 0 -5.20299e-05 0.0337884
4.64 0 -5.20447e-05 0.0336579
4.65 0 -5.20426e-05 0.0335312
4.66 0 -5.20399e-05 0.0334095
4.67 0 -5.20355e-05 0.0332943
4.68 0 -5.20348e-05 0.0331878
4.69 0 -5.20448e-05 0.0330929
4.7 0 -5.2042e-05 0.033014
4.71 0 -5.20377e-05 0.0329584
4.72 0 -5.20381e-05 0.0329379
4.73 0 -5.20404e-05 0.0329622
4.74 0 -5.20517e-05 0.0330265
4.75 0 -5.20608e-05 0.0331155
4.76 0 -5.20799e-05 0.0332162
4.77 0 -5.2107e-05 0.0333219
4.78 0 -5.21285e-05 0.0334304
4.79 0 -5.21449e-05 0.0335409
4.8 0 -5.21541e-05 0.0336533
4.81 0 -5.21625e-05 0.0337676
4.82 0 -5.21727e-05 0.033884
4.83 0 -5.2178e-05 0.0340025
4.84 0 -5.21786e-05 0.0341232
4.85 0 -5.2178e-05 0.0342456
4.86 0 -5.21784e-05 0.0343692
4.87 0 -5.21802e-05 0.0344948
4.88 0 -5.21808e-05 0.0346236
4.89 0 -5.21842e-05 0.0347569
4.9 0 -5.21863e-05 0.0348955
4.91 0 -5.21768e-05 0.0350403
4.92 0 -5.21719e-05 0.0351919
4.93 0 -5.21805e-05 0.0353512
4.94 0 -5.21874e-05 0.0355187
4.95 0 -5.21884e-05 0.0356949
4.96 0 -5.21769e-05 0.0358803
4.97 0 -5.21681e-05 0.0360754
4.98 0 -5.21792e-05 0.0362808
4.99 0 -5.2186e-05 0.036497
5 0 -5.21801e-05 0.0367246
5.01 0 -5.21781e-05 0.0369642
5.02 0 -5.21808e-05 0.0372164
5.03 0 -5.21794e-05 0.0374817
5.04 0 -5.21792e-05 0.0377608
5.05 0 -5.21825e-05 0.0380543
5.06 0 -5.21779e-05 0.0383631
5.07 0 -5.2172e-05 0.0386883
5.08 0 -5.21772e-05 0.0390309
5.09 0 -5.2181e-05 0.0393921
5.1 0 -5.21758e-05 0.0397727
5.11 0 -5.21702e-05 0.040174
5.12 0 -5.21722e-05 0.0405971
5.13 0 -5.21834e-05 0.0410435
5.14 0 -5.21732e-05 0.0415151
5.15 0 -5.2158e-05 0.0420144
5.16 0 -5.218e-05 0.0425438
5.17 0 -5.21787e-05 0.0431065
5.18 0 -5.21497e-05 0.0437061
5.19 0 -5.20943e-05 0.04434
5.2 0 -5.20213e-05 0.0449985
5.21 0 -5.19281e-05 0.0456706
5.22 0 -5.17744e-05 0.0463456
5.23 0 -5.16479e-05 0.0470109
5.24 0 -5.1524e-05 0.0476528
5.25 0 -5.13876e-05 0.0482563
5.26 0 -5.12932e-05 0.0488064
5.27 0 -5.11476e-05 0.0492876
5.28 0 -5.10474e-05 0.0496839
5.29 0 -5.09809e-05 0.0499832
5.3 0 -5.09221e-05 0.0501689
5.31 0 -5.09246e-05 0.050222
5.32 0 -5.1024e-05 0.0501596
5.33 0 -5.14737e-05 0.05004
5.34 0 -5.22417e-05 0.0499146
5.35 0 -5.22989e-05 0.0498003
5.36 0 -5.22387e-05 0.0496939
5.37 0 -5.2325e-05 0.0495912
5.38 0 -5.22906e-05 0.0494909
5.39 0 -5.23603e-05 0.0493921
5.4 0 -5.23513e-05 0.0492943
5.41 0 -5.23505e-05 0.0491969
5.42 0 -5.23598e-05 0.0490996
5.43 0 -5.23786e-05 0.0490019
5.44 0 -5.23878e-05 0.0489035
5.45 0 -5.23876e-05 0.0488039
5.46 0 -5.23844e-05 0.048703
5.47 0 -5.23896e-05 0.0486005
5.48 0 -5.24044e-05 0.0484961
5.49 0 -5.24018e-05 0.0483897
5.5 0 -5.23997e-05 0.0482814
5.51 0 -5.23985e-05 0.0481714
5.52 0 -5.2403e-05 0.0480596
5.53 0 -5.24082e-05 0.0479461
5.54 0 -5.24045e-05 0.047831
5.55 0 -5.2401e-05 0.0477146
5.56 0 -5.24026e-05 0.0475972
5.57 0 -5.24053e-05 0.0474787
5.58 0 -5.24062e-05 0.0473595
5.59 0 -5.24032e-05 0.0472398
5.6 0 -5.24015e-05 0.0471199
5.61 0 -5.24034e-05 0.0470002
5.62 0 -5.24048e-05 0.046881
5.63 0 -5.24044e-05 0.0467628
5.64 0 -5.2403e-05 0.0466461
5.65 0 -5.24028e-05 0.0465315
5.66 0 -5.24046e-05 0.0464196
5.67 0 -5.24052e-05 0.0463115
5.68 0 -5.2404e-05 0.0462081
5.69 0 -5.24032e-05 0.0461109
5.7 0 -5.24036e-05 0.0460215
5.71 0 -5.24049e-05 0.0459424
5.72 0 -5.24047e-05 0.0458767
5.73 0 -5.24034e-05 0.0458288
5.74 0 -5.24034e-05 0.0458065
5.75 0 -5.24041e-05 0.0458175
5.76 0 -5.24054e-05 0.0458603
5.77 0 -5.24109e-05 0.0459248
5.78 0 -5.24224e-05 0.0460009
5.79 0 -5.24368e-05 0.0460834
5.8 0 -5.24505e-05 0.0461702
5.81 0 -5.24606e-05 0.0462606
5.82 0 -5.2468e-05 0.0463545
5.83 0 -5.24735e-05 0.0464518
5.84 0 -5.24776e-05 0.0465527
5.85 0 -5.24801e-05 0.0466573
5.86 0 -5.24807e-05 0.0467651
5.87 0 -5.24804e-05 0.0468761
5.88 0 -5.24805e-05 0.0469909
5.89 0 -5.24819e-05 0.0471104
5.9 0 -5.24887e-05 0.0472353
5.91 0 -5.24894e-05 0.0473664
5.92 0 -5.24734e-05 0.0475041
5.93 0 -5.24724e-05 0.0476487
5.94 0 -5.24864e-05 0.0478006
5.95 0 -5.24885e-05 0.0479601
5.96 0 -5.2489e-05 0.0481272
5.97 0 -5.24778e-05 0.0483023
5.98 0 -5.2469e-05 0.0484857
5.99 0 -5.24832e-05 0.0486776
6 0 -5.24887e-05 0.0488783
6.01 0 -5.24869e-05 0.049088
6.02 0 -5.24799e-05 0.0493071
6.03 0 -5.247e-05 0.0495359
6.04 0 -5.24846e-05 0.0497747
6.05 0 -5.2492e-05 0.0500238
6.06 0 -5.24806e-05 0.0502839
6.07 0 -5.24759e-05 0.0505554
6.08 0 -5.24748e-05 0.0508393
6.09 0 -5.24824e-05 0.0511366
6.1 0 -5.24877e-05 0.0514487
6.11 0 -5.24783e-05 0.0517771
6.12 0 -5.24695e-05 0.0521238
6.13 0 -5.24775e-05 0.0524914
6.14 0 -5.24881e-05 0.0528831
6.15 0 -5.24744e-05 0.0533024
6.16 0 -5.24611e-05 0.0537541
6.17 0 -5.24775e-05 0.0542452
6.18 0 -5.24792e-05 0.05478
6.19 0 -5.24106e-05 0.0553569
6.2 0 -5.23227e-05 0.0559702
6.21 0 -5.22296e-05 0.0566137
6.22 0 -5.2123e-05 0.0572817
6.23 0 -5.20416e-05 0.0579674
6.24 0 -5.19147e-05 0.0586622
6.25 0 -5.17351e-05 0.0593557
6.26 0 -5.15928e-05 0.060035
6.27 0 -5.14485e-05 0.0606854
6.28 0 -5.13146e-05 0.0612907
6.29 0 -5.11872e-05 0.0618332
6.3 0 -5.10088e-05 0.062294
6.31 0 -5.09251e-05 0.0626568
6.32 0 -5.08775e-05 0.0628994
6.33 0 -5.08287e-05 0.0629975
6.34 0 -5.09027e-05 0.0629606
6.35 0 -5.13743e-05 0.0628472
6.36 0 -5.21872e-05 0.0627223
6.37 0 -5.25372e-05 0.0626106
6.38 0 -5.24963e-05 0.0625065
6.39 0 -5.25285e-05 0.0624044
6.4 0 -5.2529e-05 0.0623049
6.41 0 -5.25596e-05 0.0622096
6.42 0 -5.25815e-05 0.0621189
6.43 0 -5.25592e-05 0.062033
6.44 0 -5.25657e-05 0.0619516
6.45 0 -5.25742e-05 0.0618735
6.46 0 -5.25905e-05 0.0617969
6.47 0 -5.25873e-05 0.0617197
6.48 0 -5.25801e-05 0.0616405
6.49 0 -5.25809e-05 0.0615587
6.5 0 -5.25919e-05 0.0614742
6.51 0 -5.25971e-05 0.0613875
6.52 0 -5.25892e-05 0.0612989
6.53 0 -5.25876e-05 0.0612086
6.54 0 -5.25889e-05 0.0611165
6.55 0 -5.25963e-05 0.0610227
6.56 0 -5.25947e-05 0.0609273
6.57 0 -5.25894e-05 0.0608303
6.58 0 -5.25892e-05 0.060732
6.59 0 -5.25923e-05 0.0606326
6.6 0 -5.25946e-05 0.0605325
6.61 0 -5.25916e-05 0.0604321
6.62 0 -5.25893e-05 0.0603318
6.63 0 -5.25913e-05 0.0602318
6.64 0 -5.25938e-05 0.0601326
6.65 0 -5.25931e-05 0.0600348
6.66 0 -5.25913e-05 0.0599391
6.67 0 -5.25906e-05 0.0598461
6.68 0 -5.25919e-05 0.0597567
6.69 0 -5.25933e-05 0.0596719
6.7 0 -5.25925e-05 0.0595929
6.71 0 -5.2591e-05 0.0595208
6.72 0 -5.25914e-05 0.0594573
6.73 0 -5.25925e-05 0.0594043
6.74 0 -5.25925e-05 0.0593641
6.75 0 -5.25919e-05 0.0593398
6.76 0 -5.25912e-05 0.0593358
6.77 0 -5.2592e-05 0.0593542
6.78 0 -5.25936e-05 0.0593917
6.79 0 -5.25978e-05 0.0594427
6.8 0 -5.26053e-05 0.0595028
6.81 0 -5.26138e-05 0.0595698
6.82 0 -5.26222e-05 0.0596423
6.83 0 -5.26286e-05 0.0597195
6.84 0 -5.26329e-05 0.0598008
6.85 0 -5.26358e-05 0.059886
6.86 0 -5.26377e-05 0.0599751
6.87 0 -5.2639e-05 0.0600684
6.88 0 -5.2639e-05 0.0601663
6.89 0 -5.26386e-05 0.06027
6.9 0 -5.26386e-05 0.0603804
6.91 0 -5.26397e-05 0.0604982
6.92 0 -5.2646e-05 0.0606239
6.93 0 -5.26489e-05 0.0607578
6.94 0 -5.26397e-05 0.0608998
6.95 0 -5.26365e-05 0.0610502
6.96 0 -5.26395e-05 0.0612092
6.97 0 -5.26427e-05 0.0613772
6.98 0 -5.26495e-05 0.0615543
6.99 0 -5.26383e-05 0.0617409
7 0 -5.26309e-05 0.061937
7.01 0 -5.26452e-05 0.062143
7.02 0 -5.26462e-05 0.0623594
7.03 0 -5.26409e-05 0.0625866
7.04 0 -5.26362e-05 0.0628254
7.05 0 -5.2633e-05 0.0630767
7.06 0 -5.26416e-05 0.0633417
7.07 0 -5.26433e-05 0.063622
7.08 0 -5.26386e-05 0.0639192
7.09 0 -5.26336e-05 0.0642355
7.1 0 -5.26357e-05 0.0645735
7.11 0 -5.26407e-05 0.0649366
7.12 0 -5.26383e-05 0.0653285
7.13 0 -5.26368e-05 0.0657539
7.14 0 -5.26274e-05 0.0662188
7.15 0 -5.26267e-05 0.0667292
7.16 0 -5.26052e-05 0.0672878
7.17 0 -5.252e-05 0.0678933
7.18 0 -5.24336e-05 0.0685437
7.19 0 -5.23415e-05 0.069237
7.2 0 -5.22241e-05 0.0699704
7.21 0 -5.20986e-05 0.0707391
7.22 0 -5.19458e-05 0.0715361
7.23 0 -5.17753e-05 0.0723516
7.24 0 -5.16174e-05 0.0731728
7.25 0 -5.14116e-05 0.0739832
7.26 0 -5.11618e-05 0.0747629
7.27 0 -5.09613e-05 0.0754903
7.28 0 -5.07659e-05 0.0761406
7.29 0 -5.05937e-05 0.076688
7.3 0 -5.04469e-05 0.0771102
7.31 0 -5.03035e-05 0.0773756
7.32 0 -5.03108e-05 0.0774546
7.33 0 -5.06809e-05 0.0773798
7.34 0 -5.14961e-05 0.0772456
7.35 0 -5.24146e-05 0.0771282
7.36 0 -5.26614e-05 0.0770409
7.37 0 -5.26385e-05 0.076962
7.38 0 -5.26905e-05 0.0768778
7.39 0 -5.26496e-05 0.0767932
7.4 0 -5.26807e-05 0.0767163
7.41 0 -5.26803e-05 0.0766473
7.42 0 -5.26678e-05 0.0765837
7.43 0 -5.26748e-05 0.0765242
7.44 0 -5.26687e-05 0.0764681
7.45 0 -5.26744e-05 0.0764143
7.46 0 -5.26774e-05 0.076361
7.47 0 -5.26711e-05 0.0763063
7.48 0 -5.267e-05 0.076249
7.49 0 -5.26742e-05 0.0761884
7.5 0 -5.26735e-05 0.0761244
7.51 0 -5.26745e-05 0.0760571
7.52 0 -5.26717e-05 0.075987
7.53 0 -5.26708e-05 0.0759143
7.54 0 -5.26746e-05 0.0758391
7.55 0 -5.26737e-05 0.0757614
7.56 0 -5.26728e-05 0.0756812
7.57 0 -5.26721e-05 0.0755985
7.58 0 -5.26721e-05 0.0755137
7.59 0 -5.2674e-05 0.075427
7.6 0 -5.26731e-05 0.0753388
7.61 0 -5.2672e-05 0.0752496
7.62 0 -5.26722e-05 0.0751598
7.63 0 -5.26731e-05 0.0750696
7.64 0 -5.26738e-05 0.0749797
7.65 0 -5.2673e-05 0.0748906
7.66 0 -5.26723e-05 0.0748027
7.67 0 -5.26726e-05 0.0747168
7.68 0 -5.26733e-05 0.0746336
7.69 0 -5.26735e-05 0.0745537
7.7 0 -5.26726e-05 0.0744779
7.71 0 -5.26724e-05 0.0744073
7.72 0 -5.26731e-05 0.0743427
7.73 0 -5.26733e-05 0.0742853
7.74 0 -5.2673e-05 0.0742361
7.75 0 -5.26726e-05 0.0741964
7.76 0 -5.26727e-05 0.0741678
7.77 0 -5.26732e-05 0.0741518
7.78 0 -5.26732e-05 0.0741505
7.79 0 -5.26729e-05 0.0741648
7.8 0 -5.26728e-05 0.0741926
7.81 0 -5.26728e-05 0.0742286
7.82 0 -5.26734e-05 0.0742678
7.83 0 -5.26729e-05 0.0743078
7.84 0 -5.26729e-05 0.0743488
7.85 0 -5.26728e-05 0.0743926
7.86 0 -5.26729e-05 0.0744407
7.87 0 -5.26732e-05 0.0744935
7.88 0 -5.26729e-05 0.0745513
7.89 0 -5.26728e-05 0.0746152
7.9 0 -5.26729e-05 0.0746863
7.91 0 -5.2673e-05 0.0747657
7.92 0 -5.26736e-05 0.0748544
7.93 0 -5.26793e-05 0.074953
7.94 0 -5.26811e-05 0.0750615
7.95 0 -5.26696e-05 0.07518
7.96 0 -5.2673e-05 0.0753083
7.97 0 -5.26829e-05 0.0754464
7.98 0 -5.26732e-05 0.075594
7.99 0 -5.26761e-05 0.0757513
8 0 -5.26772e-05 0.0759181
8.01 0 -5.26679e-05 0.0760946
8.02 0 -5.26778e-05 0.0762809
8.03 0 -5.26793e-05 0.0764773
8.04 0 -5.26721e-05 0.0766841
8.05 0 -5.26734e-05 0.0769017
8.06 0 -5.26724e-05 0.0771307
8.07 0 -5.26737e-05 0.0773721
8.08 0 -5.2673e-05 0.0776269
8.09 0 -5.26707e-05 0.0778965
8.1 0 -5.26739e-05 0.0781825
8.11 0 -5.26713e-05 0.0784868
8.12 0 -5.26696e-05 0.0788118
8.13 0 -5.26734e-05 0.0791606
8.14 0 -5.26672e-05 0.0795367
8.15 0 -5.26616e-05 0.079944
8.16 0 -5.26637e-05 0.0803865
8.17 0 -5.26601e-05 0.0808694
8.18 0 -5.26161e-05 0.0813967
8.19 0 -5.25476e-05 0.0819692
8.2 0 -5.24696e-05 0.0825858
8.21 0 -5.23724e-05 0.0832444
8.22 0 -5.2261e-05 0.0839419
8.23 0 -5.21406e-05 0.0846728
8.24 0 -5.19943e-05 0.0854289
8.25 0 -5.18249e-05 0.0861987
8.26 0 -5.16115e-05 0.0869669
8.27 0 -5.14034e-05 0.0877148
8.28 0 -5.12163e-05 0.0884213
8.29 0 -5.10113e-05 0.0890637
8.3 0 -5.08256e-05 0.0896186
8.31 0 -5.06563e-05 0.0900654
8.32 0 -5.05254e-05 0.0903856
8.33 0 -5.04699e-05 0.0905579
8.34 0 -5.04929e-05 0.0905696
8.35 0 -5.10499e-05 0.0904662
8.36 0 -5.18667e-05 0.090336
8.37 0 -5.26136e-05 0.0902262
8.38 0 -5.27248e-05 0.0901341
8.39 0 -5.2637e-05 0.0900497
8.4 0 -5.26786e-05 0.0899705
8.41 0 -5.26414e-05 0.0898974
8.42 0 -5.26844e-05 0.0898307
8.43 0 -5.26864e-05 0.0897699
8.44 0 -5.26599e-05 0.0897141
8.45 0 -5.26565e-05 0.0896631
8.46 0 -5.26692e-05 0.0896161
8.47 0 -5.26774e-05 0.089572
8.48 0 -5.26758e-05 0.0895289
8.49 0 -5.266e-05 0.0894852
8.5 0 -5.26616e-05 0.0894398
8.51 0 -5.26735e-05 0.0893919
8.52 0 -5.26756e-05 0.0893417
8.53 0 -5.26676e-05 0.0892893
8.54 0 -5.26632e-05 0.0892348
8.55 0 -5.26663e-05 0.0891785
8.56 0 -5.26738e-05 0.0891203
8.57 0 -5.2672e-05 0.0890601
8.58 0 -5.26653e-05 0.0889981
8.59 0 -5.26657e-05 0.0889343
8.6 0 -5.26691e-05 0.088869
8.61 0 -5.2672e-05 0.0888027
8.62 0 -5.26692e-05 0.0887357
8.63 0 -5.26663e-05 0.0886685
8.64 0 -5.26675e-05 0.0886015
8.65 0 -5.26704e-05 0.0885352
8.66 0 -5.26704e-05 0.0884702
8.67 0 -5.2668e-05 0.0884069
8.68 0 -5.26671e-05 0.0883459
8.69 0 -5.26688e-05 0.0882881
8.7 0 -5.26701e-05 0.088234
8.71 0 -5.26692e-05 0.0881844
8.72 0 -5.26678e-05 0.0881401
8.73 0 -5.2668e-05 0.0881019
8.74 0 -5.26693e-05 0.0880707
8.75 0 -5.26696e-05 0.0880474
8.76 0 -5.26686e-05 0.0880331
8.77 0 -5.2668e-05 0.0880293
8.78 0 -5.26686e-05 0.0880375
8.79 0 -5.26693e-05 0.0880584
8.8 0 -5.2669e-05 0.0880904
8.81 0 -5.26683e-05 0.0881291
8.82 0 -5.26688e-05 0.0881677
8.83 0 -5.2669e-05 0.0882029
8.84 0 -5.26693e-05 0.088237
8.85 0 -5.26689e-05 0.0882728
8.86 0 -5.26685e-05 0.0883113
8.87 0 -5.26689e-05 0.0883533
8.88 0 -5.26691e-05 0.0883998
8.89 0 -5.26691e-05 0.0884521
8.9 0 -5.26688e-05 0.0885119
8.91 0 -5.26695e-05 0.0885803
8.92 0 -5.26757e-05 0.0886583
8.93 0 -5.26774e-05 0.0887462
8.94 0 -5.2669e-05 0.0888442
8.95 0 -5.26709e-05 0.0889522
8.96 0 -5.26736e-05 0.0890703
8.97 0 -5.2674e-05 0.0891985
8.98 0 -5.26768e-05 0.089337
8.99 0 -5.26656e-05 0.0894857
9 0 -5.26705e-05 0.0896445
9.01 0 -5.2678e-05 0.0898136
9.02 0 -5.26681e-05 0.0899934
9.03 0 -5.26716e-05 0.0901843
9.04 0 -5.26692e-05 0.0903871
9.05 0 -5.26679e-05 0.0906029
9.06 0 -5.26711e-05 0.0908328
9.07 0 -5.26667e-05 0.0910786
9.08 0 -5.26704e-05 0.091342
9.09 0 -5.26666e-05 0.0916254
9.1 0 -5.26655e-05 0.0919315
9.11 0 -5.26689e-05 0.0922637
9.12 0 -5.26653e-05 0.092626
9.13 0 -5.26698e-05 0.0930242
9.14 0 -5.26356e-05 0.0934649
9.15 0 -5.25763e-05 0.0939533
9.16 0 -5.25139e-05 0.0944925
9.17 0 -5.2419e-05 0.0950847
9.18 0 -5.23136e-05 0.0957315
9.19 0 -5.21829e-05 0.0964333
9.2 0 -5.20107e-05 0.0971882
9.21 0 -5.18489e-05 0.0979913
9.22 0 -5.16146e-05 0.0988335
9.23 0 -5.13557e-05 0.099701
9.24 0 -5.11265e-05 0.100575
9.25 0 -5.07933e-05 0.10143
9.26 0 -5.04798e-05 0.102238
9.27 0 -5.01782e-05 0.102967
9.28 0 -4.99018e-05 0.103583
9.29 0 -4.97191e-05 0.104056
9.3 0 -4.95147e-05 0.104346
9.31 0 -4.95156e-05 0.104411
9.32 0 -5.03075e-05 0.104302
9.33 0 -5.14471e-05 0.104145
9.34 0 -5.25245e-05 0.104012
9.35 0 -5.27217e-05 0.103896
9.36 0 -5.26321e-05 0.103784
9.37 0 -5.26857e-05 0.103678
9.38 0 -5.26439e-05 0.103584
9.39 0 -5.26909e-05 0.103498
9.4 0 -5.26867e-05 0.103418
9.41 0 -5.26622e-05 0.103343
9.42 0 -5.2657e-05 0.103273
9.43 0 -5.26787e-05 0.10321
9.44 0 -5.26766e-05 0.103152
9.45 0 -5.26795e-05 0.103098
9.46 0 -5.2662e-05 0.103046
9.47 0 -5.26644e-05 0.102994
9.48 0 -5.26799e-05 0.102942
9.49 0 -5.26758e-05 0.102888
9.5 0 -5.2671e-05 0.102833
9.51 0 -5.26657e-05 0.102777
9.52 0 -5.26704e-05 0.102719
9.53 0 -5.26773e-05 0.102659
9.54 0 -5.26741e-05 0.102597
9.55 0 -5.26679e-05 0.102533
9.56 0 -5.26693e-05 0.102467
9.57 0 -5.26729e-05 0.102399
9.58 0 -5.26752e-05 0.102329
9.59 0 -5.26717e-05 0.102257
9.6 0 -5.26686e-05 0.102184
9.61 0 -5.26708e-05 0.10211
9.62 0 -5.26737e-05 0.102036
9.63 0 -5.26736e-05 0.101961
9.64 0 -5.2671e-05 0.101886
9.65 0 -5.26697e-05 0.101812
9.66 0 -5.2672e-05 0.10174
9.67 0 -5.26733e-05 0.101669
9.68 0 -5.26722e-05 0.1016
9.69 0 -5.26708e-05 0.101535
9.7 0 -5.26708e-05 0.101472
9.71 0 -5.26724e-05 0.101415
9.72 0 -5.26728e-05 0.101362
9.73 0 -5.26716e-05 0.101315
9.74 0 -5.26706e-05 0.101274
9.75 0 -5.26718e-05 0.10124
9.76 0 -5.26728e-05 0.101215
9.77 0 -5.26719e-05 0.101199
9.78 0 -5.26713e-05 0.101194
9.79 0 -5.26711e-05 0.1012
9.8 0 -5.26723e-05 0.10122
9.81 0 -5.26724e-05 0.10125
9.82 0 -5.26715e-05 0.101289
9.83 0 -5.26715e-05 0.101327
9.84 0 -5.26719e-05 0.101362
9.85 0 -5.26727e-05 0.101396
9.86 0 -5.26724e-05 0.101432
9.87 0 -5.26719e-05 0.10147
9.88 0 -5.26719e-05 0.101513
9.89 0 -5.26722e-05 0.101559
9.9 0 -5.26725e-05 0.101611
9.91 0 -5.26722e-05 0.101671
9.92 0 -5.26719e-05 0.10174
9.93 0 -5.26722e-05 0.101817
9.94 0 -5.26772e-05 0.101905
9.95 0 -5.26804e-05 0.102003
9.96 0 -5.26714e-05 0.102111
9.97 0 -5.26711e-05 0.102228
9.98 0 -5.26781e-05 0.102356
9.99 0 -5.26732e-05 0.102494
10 0 -5.26763e-05 0.102641
10.01 0 -5.26777e-05 0.102798
10.02 0 -5.26699e-05 0.102965
10.03 0 -5.2674e-05 0.103141
10.04 0 -5.26787e-05 0.103326
10.05 0 -5.26772e-05 0.103521
10.06 0 -5.26722e-05 0.103726
10.07 0 -5.26693e-05 0.103942
10.08 0 -5.26782e-05 0.104168
10.09 0 -5.26801e-05 0.104407
10.1 0 -5.26717e-05 0.104658
10.11 0 -5.26702e-05 0.104924
10.12 0 -5.26743e-05 0.105206
10.13 0 -5.26774e-05 0.105507
10.14 0 -5.26742e-05 0.105828
10.15 0 -5.26713e-05 0.106174
10.16 0 -5.26722e-05 0.106549
10.17 0 -5.2674e-05 0.106959
10.18 0 -5.26758e-05 0.10741
10.19 0 -5.26523e-05 0.107911
10.2 0 -5.25959e-05 0.108471
10.21 0 -5.25044e-05 0.109094
10.22 0 -5.23846e-05 0.109782
10.23 0 -5.22376e-05 0.11054
10.24 0 -5.20489e-05 0.111368
10.25 0 -5.18191e-05 0.112268
10.26 0 -5.1539e-05 0.113235
10.27 0 -5.1201e-05 0.114262
10.28 0 -5.08027e-05 0.115336
10.29 0 -5.03434e-05 0.116442
10.3 0 -4.9828e-05 0.117559
10.31 0 -4.92645e-05 0.118663
10.32 0 -4.86669e-05 0.119729
10.33 0 -4.80552e-05 0.120729
10.34 0 -4.74537e-05 0.121642
10.35 0 -4.68866e-05 0.122446
10.36 0 -4.63772e-05 0.123128
10.37 0 -4.59458e-05 0.123677
10.38 0 -4.56075e-05 0.12409
10.39 0 -4.53725e-05 0.124369
10.4 0 -4.52481e-05 0.124507
10.41 0 -4.51691e-05 0.124489
10.42 0 -4.64802e-05 0.124364
10.43 0 -4.83572e-05 0.124224
10.44 0 -4.98528e-05 0.124118
10.45 0 -5.0926e-05 0.124039
10.46 0 -5.15376e-05 0.123979
10.47 0 -5.18842e-05 0.123934
10.48 0 -5.21292e-05 0.1239
10.49 0 -5.24204e-05 0.12387
10.5 0 -5.26685e-05 0.123837
10.51 0 -5.27475e-05 0.123799
10.52 0 -5.26089e-05 0.123754
10.53 0 -5.2568e-05 0.123706
10.54 0 -5.25876e-05 0.123659
10.55 0 -5.26578e-05 0.123616
10.56 0 -5.26951e-05 0.123576
10.57 0 -5.25929e-05 0.123541
10.58 0 -5.25739e-05 0.12351
10.59 0 -5.26334e-05 0.123483
10.6 0 -5.26587e-05 0.12346
10.61 0 -5.26471e-05 0.123439
10.62 0 -5.25946e-05 0.123419
10.63 0 -5.25973e-05 0.1234
10.64 0 -5.26476e-05 0.123382
10.65 0 -5.26476e-05 0.123365
10.66 0 -5.26222e-05 0.123351
10.67 0 -5.26028e-05 0.123338
10.68 0 -5.26187e-05 0.123328
10.69 0 -5.26452e-05 0.12332
10.7 0 -5.26351e-05 0.123313
10.71 0 -5.2614e-05 0.123309
10.72 0 -5.26131e-05 0.123307
10.73 0 -5.26299e-05 0.123307
10.74 0 -5.26376e-05 0.123309
10.75 0 -5.2626e-05 0.123313
10.76 0 -5.26153e-05 0.123318
10.77 0 -5.2622e-05 0.123324
10.78 0 -5.26329e-05 0.123329
10.79 0 -5.26313e-05 0.123335
10.8 0 -5.26225e-05 0.123342
10.81 0 -5.26195e-05 0.12335
10.82 0 -5.26269e-05 0.123361
10.83 0 -5.26316e-05 0.123374
10.84 0 -5.26271e-05 0.12339
10.85 0 -5.26219e-05 0.123406
10.86 0 -5.26235e-05 0.123421
10.87 0 -5.26287e-05 0.123433
10.88 0 -5.2633e-05 0.12344
10.89 0 -5.26294e-05 0.123443
10.9 0 -5.26267e-05 0.123443
10.91 0 -5.26305e-05 0.12344
10.92 0 -5.26333e-05 0.123435
10.93 0 -5.26314e-05 0.123431
10.94 0 -5.26278e-05 0.123427
10.95 0 -5.26288e-05 0.123426
10.96 0 -5.26316e-05 0.123425
10.97 0 -5.2632e-05 0.123427
10.98 0 -5.26298e-05 0.123429
10.99 0 -5.26286e-05 0.123431
11 0 -5.26306e-05 0.123433
11.01 0 -5.26316e-05 0.123435
11.02 0 -5.26305e-05 0.123437
11.03 0 -5.26294e-05 0.123439
11.04 0 -5.26295e-05 0.12344
11.05 0 -5.26309e-05 0.123441
11.06 0 -5.26312e-05 0.123443
11.07 0 -5.26307e-05 0.123444
11.08 0 -5.26302e-05 0.123447
11.09 0 -5.26307e-05 0.12345
11.1 0 -5.26312e-05 0.123454
11.11 0 -5.26317e-05 0.12346
11.12 0 -5.26317e-05 0.123467
11.13 0 -5.26301e-05 0.123476
11.14 0 -5.26304e-05 0.123487
11.15 0 -5.26315e-05 0.1235
11.16 0 -5.26312e-05 0.123514
11.17 0 -5.26308e-05 0.123531
11.18 0 -5.26306e-05 0.12355
11.19 0 -5.26313e-05 0.123572
11.2 0 -5.26316e-05 0.123596
11.21 0 -5.26309e-05 0.123622
11.22 0 -5.26307e-05 0.123652
11.23 0 -5.2631e-05 0.123684
11.24 0 -5.26312e-05 0.123719
11.25 0 -5.26315e-05 0.123757
11.26 0 -5.2631e-05 0.123798
11.27 0 -5.26304e-05 0.123843
11.28 0 -5.26308e-05 0.123892
11.29 0 -5.2631e-05 0.123945
11.3 0 -5.26312e-05 0.124001
11.31 0 -5.26307e-05 0.124063
11.32 0 -5.26305e-05 0.124129
11.33 0 -5.26317e-05 0.1242
11.34 0 -5.26315e-05 0.124276
11.35 0 -5.26309e-05 0.124357
11.36 0 -5.26304e-05 0.124445
11.37 0 -5.26303e-05 0.124539
11.38 0 -5.26323e-05 0.124639
11.39 0 -5.26314e-05 0.124748
11.4 0 -5.26307e-05 0.124865
11.41 0 -5.26307e-05 0.124991
11.42 0 -5.26304e-05 0.125127
11.43 0 -5.26324e-05 0.125274
11.44 0 -5.26309e-05 0.125433
11.45 0 -5.26306e-05 0.125605
11.46 0 -5.26535e-05 0.125792
11.47 0 -5.26603e-05 0.125994
11.48 0 -5.26468e-05 0.126212
11.49 0 -5.26282e-05 0.126444
11.5 0 -5.25978e-05 0.12669
11.51 0 -5.25616e-05 0.126947
11.52 0 -5.25153e-05 0.127213
11.53 0 -5.24628e-05 0.127487
11.54 0 -5.24052e-05 0.127766
11.55 0 -5.2343e-05 0.128049
11.56 0 -5.22771e-05 0.128333
11.57 0 -5.22068e-05 0.128618
11.58 0 -5.2132e-05 0.128903
11.59 0 -5.2054e-05 0.129184
11.6 0 -5.19738e-05 0.12946
11.61 0 -5.18921e-05 0.129728
11.62 0 -5.18093e-05 0.129988
11.63 0 -5.17266e-05 0.130235
11.64 0 -5.16453e-05 0.13047
11.65 0 -5.15664e-05 0.13069
11.66 0 -5.14908e-05 0.130895
11.67 0 -5.14191e-05 0.131082
11.68 0 -5.13523e-05 0.131252
11.69 0 -5.12911e-05 0.131405
11.7 0 -5.12362e-05 0.131539
11.71 0 -5.11877e-05 0.131655
11.72 0 -5.11458e-05 0.131753
11.73 0 -5.11109e-05 0.131834
11.74 0 -5.10828e-05 0.131899
11.75 0 -5.10615e-05 0.131948
11.76 0 -5.10465e-05 0.131981
11.77 0 -5.10376e-05 0.132001
11.78 0 -5.10357e-05 0.132005
11.79 0 -5.10358e-05 0.131996
11.8 0 -5.10348e-05 0.131978
11.81 0 -5.11294e-05 0.131958
11.82 0 -5.12344e-05 0.131941
11.83 0 -5.12948e-05 0.131925
11.84 0 -5.13811e-05 0.131912
11.85 0 -5.14296e-05 0.131902
11.86 0 -5.14713e-05 0.131893
11.87 0 -5.15361e-05 0.131885
11.88 0 -5.16e-05 0.131877
11.89 0 -5.16436e-05 0.131868
11.9 0 -5.17075e-05 0.131856
11.91 0 -5.18177e-05 0.13184
11.92 0 -5.19449e-05 0.131821
11.93 0 -5.20934e-05 0.131799
11.94 0 -5.22247e-05 0.131776
11.95 0 -5.23637e-05 0.131752
11.96 0 -5.2514e-05 0.131729
11.97 0 -5.26288e-05 0.131708
11.98 0 -5.26758e-05 0.13169
11.99 0 -5.26656e-05 0.131674
12 0 -5.26678e-05 0.131663
12.01 0 -5.2678e-05 0.131657
12.02 0 -5.26681e-05 0.131657
12.03 0 -5.26628e-05 0.131662
12.04 0 -5.26663e-05 0.13167
12.05 0 -5.26696e-05 0.131681
12.06 0 -5.26736e-05 0.131692
12.07 0 -5.26643e-05 0.131705
12.08 0 -5.2665e-05 0.131718
12.09 0 -5.26699e-05 0.131729
12.1 0 -5.26691e-05 0.131737
12.11 0 -5.26702e-05 0.131741
12.12 0 -5.26657e-05 0.131744
12.13 0 -5.26673e-05 0.131746
12.14 0 -5.26702e-05 0.131748
12.15 0 -5.26695e-05 0.13175
12.16 0 -5.2668e-05 0.131752
12.17 0 -5.26669e-05 0.131756
12.18 0 -5.26684e-05 0.131761
12.19 0 -5.26697e-05 0.131768
12.2 0 -5.26689e-05 0.131776
12.21 0 -5.26674e-05 0.131786
12.22 0 -5.26682e-05 0.131799
12.23 0 -5.26691e-05 0.131813
12.24 0 -5.26694e-05 0.13183
12.25 0 -5.26688e-05 0.13185
12.26 0 -5.26688e-05 0.131873
12.27 0 -5.26692e-05 0.1319
12.28 0 -5.26681e-05 0.131932
12.29 0 -5.26688e-05 0.131968
12.3 0 -5.26695e-05 0.132009
12.31 0 -5.26696e-05 0.132055
12.32 0 -5.26683e-05 0.132105
12.33 0 -5.26675e-05 0.132161
12.34 0 -5.26685e-05 0.132222
12.35 0 -5.26695e-05 0.132288
12.36 0 -5.26693e-05 0.132359
12.37 0 -5.26618e-05 0.132434
12.38 0 -5.26504e-05 0.132512
12.39 0 -5.26388e-05 0.132593
12.4 0 -5.26257e-05 0.132676
12.41 0 -5.26107e-05 0.132762
12.42 0 -5.25951e-05 0.13285
12.43 0 -5.25795e-05 0.132941
12.44 0 -5.2563e-05 0.133033
12.45 0 -5.25453e-05 0.133127
12.46 0 -5.25265e-05 0.133222
12.47 0 -5.25074e-05 0.133319
12.48 0 -5.2488e-05 0.133416
12.49 0 -5.24676e-05 0.133515
12.5 0 -5.24462e-05 0.133614
12.51 0 -5.24242e-05 0.133714
12.52 0 -5.24018e-05 0.133814
12.53 0 -5.2379e-05 0.133914
12.54 0 -5.23553e-05 0.134014
12.55 0 -5.2331e-05 0.134114
12.56 0 -5.23064e-05 0.134213
12.57 0 -5.22817e-05 0.134313
12.58 0 -5.22561e-05 0.134412
12.59 0 -5.22298e-05 0.134511
12.6 0 -5.22034e-05 0.134609
12.61 0 -5.21768e-05 0.134706
12.62 0 -5.21504e-05 0.134801
12.63 0 -5.21239e-05 0.134894
12.64 0 -5.20975e-05 0.134984
12.65 0 -5.20715e-05 0.135072
12.66 0 -5.2046e-05 0.135157
12.67 0 -5.2021e-05 0.135238
12.68 0 -5.19965e-05 0.135317
12.69 0 -5.19727e-05 0.135393
12.7 0 -5.19497e-05 0.135465
12.71 0 -5.19275e-05 0.135533
12.72 0 -5.19063e-05 0.135598
12.73 0 -5.18859e-05 0.13566
12.74 0 -5.18667e-05 0.135717
12.75 0 -5.18485e-05 0.135771
12.76 0 -5.18316e-05 0.135821
12.77 0 -5.18157e-05 0.135867
12.78 0 -5.18011e-05 0.135909
12.79 0 -5.17878e-05 0.135947
12.8 0 -5.17757e-05 0.135981
12.81 0 -5.1765e-05 0.136011
12.82 0 -5.17555e-05 0.136038
12.83 0 -5.17473e-05 0.136061
12.84 0 -5.17404e-05 0.13608
12.85 0 -5.17347e-05 0.136096
12.86 0 -5.17303e-05 0.136108
12.87 0 -5.17298e-05 0.136117
12.88 0 -5.17282e-05 0.136121
12.89 0 -5.17261e-05 0.136122
12.9 0 -5.17255e-05 0.136119
12.91 0 -5.17248e-05 0.136112
12.92 0 -5.17296e-05 0.136102
12.93 0 -5.17494e-05 0.136092
12.94 0 -5.17808e-05 0.13608
12.95 0 -5.18326e-05 0.136068
12.96 0 -5.18882e-05 0.136056
12.97 0 -5.19198e-05 0.136044
12.98 0 -5.19537e-05 0.136033
12.99 0 -5.20117e-05 0.136022
13 0 -5.20665e-05 0.136012
13.01 0 -5.21103e-05 0.136002
13.02 0 -5.21499e-05 0.135992
13.03 0 -5.21916e-05 0.135982
13.04 0 -5.22432e-05 0.135974
13.05 0 -5.22825e-05 0.135966
13.06 0 -5.23068e-05 0.13596
13.07 0 -5.23266e-05 0.135955
13.08 0 -5.23327e-05 0.135952
13.09 0 -5.23411e-05 0.13595
13.1 0 -5.23532e-05 0.13595
13.11 0 -5.23544e-05 0.135952
13.12 0 -5.2354e-05 0.135955
13.13 0 -5.23529e-05 0.13596
13.14 0 -5.23506e-05 0.135967
13.15 0 -5.23533e-05 0.135974
13.16 0 -5.23551e-05 0.135983
13.17 0 -5.23536e-05 0.135992
13.18 0 -5.2353e-05 0.135999
13.19 0 -5.23528e-05 0.136004
13.2 0 -5.23541e-05 0.136008
13.21 0 -5.23549e-05 0.13601
13.22 0 -5.23535e-05 0.136011
13.23 0 -5.2353e-05 0.136011
13.24 0 -5.23536e-05 0.136011
13.25 0 -5.23543e-05 0.136011
13.26 0 -5.23542e-05 0.13601
13.27 0 -5.23534e-05 0.13601
13.28 0 -5.23533e-05 0.136011
13.29 0 -5.23539e-05 0.136011
13.3 0 -5.23542e-05 0.136013
13.31 0 -5.23539e-05 0.136014
13.32 0 -5.23539e-05 0.136016
13.33 0 -5.23545e-05 0.136018
13.34 0 -5.23542e-05 0.136022
13.35 0 -5.23546e-05 0.136029
13.36 0 -5.23552e-05 0.136039
13.37 0 -5.2353e-05 0.136052
13.38 0 -5.23525e-05 0.13607
13.39 0 -5.23548e-05 0.136094
13.4 0 -5.23542e-05 0.136123
13.41 0 -5.23541e-05 0.136156
13.42 0 -5.23531e-05 0.136192
13.43 0 -5.2353e-05 0.136231
13.44 0 -5.23548e-05 0.136273
13.45 0 -5.23536e-05 0.136316
13.46 0 -5.23446e-05 0.136357
13.47 0 -5.23341e-05 0.136395
13.48 0 -5.23259e-05 0.136432
13.49 0 -5.23169e-05 0.136469
13.5 0 -5.23076e-05 0.136505
13.51 0 -5.22977e-05 0.136542
13.52 0 -5.22885e-05 0.136579
13.53 0 -5.22793e-05 0.136615
13.54 0 -5.22697e-05 0.136652
13.55 0 -5.22596e-05 0.136689
13.56 0 -5.22495e-05 0.136726
13.57 0 -5.22399e-05 0.136763
13.58 0 -5.223e-05 0.136801
13.59 0 -5.22195e-05 0.136839
13.6 0 -5.22086e-05 0.136877
13.61 0 -5.2198e-05 0.136916
13.62 0 -5.21875e-05 0.136954
13.63 0 -5.21771e-05 0.136991
13.64 0 -5.21667e-05 0.137027
13.65 0 -5.21566e-05 0.137062
13.66 0 -5.21468e-05 0.137096
13.67 0 -5.21373e-05 0.137129
13.68 0 -5.21281e-05 0.13716
13.69 0 -5.2119e-05 0.137191
13.7 0 -5.21104e-05 0.13722
13.71 0 -5.21022e-05 0.137247
13.72 0 -5.20943e-05 0.137274
13.73 0 -5.20867e-05 0.137299
13.74 0 -5.20795e-05 0.137322
13.75 0 -5.20728e-05 0.137344
13.76 0 -5.20666e-05 0.137365
13.77 0 -5.20607e-05 0.137384
13.78 0 -5.20553e-05 0.137401
13.79 0 -5.20503e-05 0.137417
13.8 0 -5.20459e-05 0.137432
13.81 0 -5.20419e-05 0.137445
13.82 0 -5.20383e-05 0.137456
13.83 0 -5.20352e-05 0.137466
13.84 0 -5.20345e-05 0.137474
13.85 0 -5.20334e-05 0.137481
13.86 0 -5.2031e-05 0.137485
13.87 0 -5.2029e-05 0.137489
13.88 0 -5.20275e-05 0.13749
13.89 0 -5.20278e-05 0.13749
13.9 0 -5.20283e-05 0.137488
13.91 0 -5.20278e-05 0.137484
13.92 0 -5.20273e-05 0.137479
13.93 0 -5.20297e-05 0.137474
13.94 0 -5.20385e-05 0.137468
13.95 0 -5.20498e-05 0.137462
13.96 0 -5.20625e-05 0.137456
13.97 0 -5.20808e-05 0.13745
13.98 0 -5.2094e-05 0.137445
13.99 0 -5.21007e-05 0.13744
14 0 -5.21155e-05 0.137435
14.01 0 -5.21309e-05 0.137431
14.02 0 -5.21428e-05 0.137427
14.03 0 -5.21517e-05 0.137423
14.04 0 -5.21545e-05 0.13742
14.05 0 -5.21566e-05 0.137417
14.06 0 -5.21653e-05 0.137415
14.07 0 -5.21809e-05 0.137414
14.08 0 -5.21888e-05 0.137413
14.09 0 -5.21848e-05 0.137413
14.1 0 -5.21803e-05 0.137414
14.11 0 -5.21825e-05 0.137415
14.12 0 -5.21876e-05 0.137417
14.13 0 -5.21874e-05 0.13742
14.14 0 -5.21829e-05 0.137423
14.15 0 -5.21818e-05 0.137426
14.16 0 -5.21849e-05 0.13743
14.17 0 -5.21871e-05 0.137434
14.18 0 -5.21853e-05 0.137437
14.19 0 -5.21828e-05 0.137438
14.2 0 -5.21834e-05 0.137438
14.21 0 -5.21857e-05 0.137438
14.22 0 -5.21861e-05 0.137437
14.23 0 -5.21842e-05 0.137436
14.24 0 -5.21833e-05 0.137435
14.25 0 -5.21845e-05 0.137435
14.26 0 -5.21857e-05 0.137436
14.27 0 -5.21852e-05 0.137436
14.28 0 -5.21839e-05 0.137437
14.29 0 -5.21839e-05 0.137437
14.3 0 -5.2185e-05 0.137438
14.31 0 -5.21854e-05 0.137439
14.32 0 -5.21846e-05 0.137441
14.33 0 -5.21841e-05 0.137447
14.34 0 -5.21848e-05 0.137454
14.35 0 -5.21851e-05 0.137465
14.36 0 -5.21848e-05 0.137478
14.37 0 -5.21843e-05 0.137494
14.38 0 -5.21843e-05 0.137515
14.39 0 -5.21852e-05 0.13754
14.4 0 -5.21859e-05 0.137567
14.41 0 -5.21844e-05 0.137592
14.42 0 -5.21794e-05 0.137609
14.43 0 -5.21767e-05 0.137618
14.44 0 -5.21771e-05 0.137623
14.45 0 -5.21761e-05 0.137625
14.46 0 -5.21753e-05 0.137624
14.47 0 -5.21751e-05 0.137623
14.48 0 -5.21757e-05 0.137622
14.49 0 -5.21765e-05 0.137622
14.5 0 -5.21758e-05 0.137623
14.51 0 -5.21752e-05 0.137622
14.52 0 -5.21755e-05 0.137622
14.53 0 -5.21759e-05 0.13762
14.54 0 -5.21761e-05 0.13762
14.55 0 -5.21755e-05 0.13762
14.56 0 -5.21753e-05 0.137621
14.57 0 -5.21757e-05 0.137622
14.58 0 -5.2176e-05 0.137623
14.59 0 -5.21758e-05 0.137624
14.6 0 -5.21748e-05 0.137624
14.61 0 -5.2176e-05 0.137624
14.62 0 -5.21767e-05 0.137624
14.63 0 -5.21755e-05 0.137625
14.64 0 -5.21751e-05 0.137625
14.65 0 -5.21752e-05 0.137625
14.66 0 -5.21761e-05 0.137625
14.67 0 -5.21758e-05 0.137626
14.68 0 -5.2175e-05 0.137626
14.69 0 -5.21748e-05 0.137627
14.7 0 -5.21752e-05 0.137627
14.71 0 -5.21755e-05 0.137627
14.72 0 -5.21751e-05 0.137627
14.73 0 -5.21747e-05 0.137627
14.74 0 -5.21749e-05 0.137626
14.75 0 -5.21753e-05 0.137626
14.76 0 -5.21753e-05 0.137625
14.77 0 -5.21749e-05 0.137623
14.78 0 -5.21748e-05 0.137621
14.79 0 -5.21751e-05 0.137618
14.8 0 -5.21752e-05 0.137615
14.81 0 -5.21751e-05 0.137612
14.82 0 -5.21763e-05 0.13761
14.83 0 -5.21794e-05 0.137608
14.84 0 -5.21828e-05 0.137606
14.85 0 -5.21849e-05 0.137605
14.86 0 -5.21871e-05 0.137604
14.87 0 -5.21893e-05 0.137603
14.88 0 -5.21898e-05 0.137603
14.89 0 -5.21902e-05 0.137602
14.9 0 -5.21919e-05 0.137602
14.91 0 -5.21924e-05 0.137602
14.92 0 -5.21918e-05 0.137602
14.93 0 -5.21921e-05 0.137602
14.94 0 -5.2192e-05 0.137602
14.95 0 -5.21921e-05 0.137602
14.96 0 -5.21922e-05 0.137603
14.97 0 -5.21918e-05 0.137604
14.98 0 -5.21921e-05 0.137605
14.99 0 -5.21921e-05 0.137606
15 0 -5.2192e-05 0.137607
15.01 0 -5.21921e-05 0.137609
15.02 0 -5.21919e-05 0.13761
15.03 0 -5.21921e-05 0.137612
15.04 0 -5.21921e-05 0.137614
15.05 0 -5.2192e-05 0.137615
15.06 0 -5.21921e-05 0.137617
15.07 0 -5.2192e-05 0.137618
15.08 0 -5.21921e-05 0.13762
15.09 0 -5.21921e-05 0.137621
15.1 0 -5.21921e-05 0.137623
15.11 0 -5.2192e-05 0.137624
15.12 0 -5.21921e-05 0.137626
15.13 0 -5.21921e-05 0.137627
15.14 0 -5.21921e-05 0.137629
15.15 0 -5.21921e-05 0.13763
15.16 0 -5.2192e-05 0.137632
15.17 0 -5.21921e-05 0.137633
15.18 0 -5.21921e-05 0.137635
15.19 0 -5.21921e-05 0.137636
15.2 0 -5.21921e-05 0.137638
15.21 0 -5.21921e-05 0.137639
15.22 0 -5.21921e-05 0.13764
15.23 0 -5.21921e-05 0.13764
15.24 0 -5.21921e-05 0.137641
15.25 0 -5.21921e-05 0.13764
15.26 0 -5.21921e-05 0.13764
15.27 0 -5.21921e-05 0.137639
15.28 0 -5.21921e-05 0.137638
15.29 0 -5.21921e-05 0.137636
15.3 0 -5.21921e-05 0.137635
15.31 0 -5.21921e-05 0.137634
15.32 0 -5.21921e-05 0.137634
15.33 0 -5.21921e-05 0.137634
15.34 0 -5.21921e-05 0.137634
15.35 0 -5.21921e-05 0.137634
15.36 0 -5.21921e-05 0.137634
15.37 0 -5.21921e-05 0.137635
15.38 0 -5.21921e-05 0.137635
15.39 0 -5.21921e-05 0.137635
15.4 0 -5.21921e-05 0.137636
15.41 0 -5.21921e-05 0.137636
15.42 0 -5.21921e-05 0.137636
15.43 0 -5.21921e-05 0.137636
15.44 0 -5.21921e-05 0.137636
15.45 0 -5.21921e-05 0.137636
15.46 0 -5.21921e-05 0.137636
15.47 0 -5.21921e-05 0.137637
15.48 0 -5.21921e-05 0.137637
15.49 0 -5.21921e-05 0.137637
15.5 0 -5.21921e-05 0.137638
15.51 0 -5.21921e-05 0.137638
15.52 0 -5.21921e-05 0.137639
15.53 0 -5.21921e-05 0.137639
15.54 0 -5.21921e-05 0.13764
15.55 0 -5.21921e-05 0.13764
15.56 0 -5.21921e-05 0.13764
15.57 0 -5.21921e-05 0.137641
15.58 0 -5.21921e-05 0.137641
15.59 0 -5.21921e-05 0.137641
15.6 0 -5.21921e-05 0.137641
15.61 0 -5.21921e-05 0.13764
15.62 0 -5.21921e-05 0.13764
15.63 0 -5.21921e-05 0.13764
15.64 0 -5.21921e-05 0.13764
15.65 0 -5.21921e-05 0.137639
15.66 0 -5.21921e-05 0.137639
15.67 0 -5.21921e-05 0.137639
15.68 0 -5.21921e-05 0.137638
15.69 0 -5.21921e-05 0.137638
15.7 0 -5.21921e-05 0.137638
15.71 0 -5.21921e-05 0.137638
15.72 0 -5.21921e-05 0.137637
15.73 0 -5.21921e-05 0.137637
15.74 0 -5.21921e-05 0.137637
15.75 0 -5.21921e-05 0.137636
15.76 0 -5.21921e-05 0.137636
15.77 0 -5.21921e-05 0.137636
15.78 0 -5.21921e-05 0.137636
15.79 0 -5.21921e-05 0.137636
15.8 0 -5.21921e-05 0.137635
15.81 0 -5.21921e-05 0.137635
15.82 0 -5.21921e-05 0.137635
15.83 0 -5.21921e-05 0.137635
15.84 0 -5.21921e-05 0.137636
15.85 0 -5.21921e-05 0.137636
15.86 0 -5.21921e-05 0.137636
15.87 0 -5.21921e-05 0.137636
15.88 0 -5.21921e-05 0.137636
15.89 0 -5.21921e-05 0.137637
15.9 0 -5.21921e-05 0.137637
15.91 0 -5.21921e-05 0.137637
15.92 0 -5.21921e-05 0.137638
15.93 0 -5.21921e-05 0.137638
15.94 0 -5.21921e-05 0.137638
15.95 0 -5.21921e-05 0.137639
15.96 0 -5.21921e-05 0.137639
15.97 0 -5.21921e-05 0.137639
15.98 0 -5.21921e-05 0.137639
15.99 0 -5.21921e-05 0.137639
16 0 -5.21921e-05 0.137639
16.01 0 -5.21921e-05 0.13764
16.02 0 -5.21921e-05 0.13764
16.03 0 -5.21921e-05 0.13764
16.04 0 -5.21921e-05 0.13764
16.05 0 -5.21921e-05 0.13764
16.06 0 -5.21921e-05 0.13764
16.07 0 -5.21921e-05 0.137639
16.08 0 -5.21921e-05 0.137639
16.09 0 -5.21921e-05 0.137639
16.1 0 -5.21921e-05 0.137639
16.11 0 -5.21921e-05 0.137639
16.12 0 -5.21921e-05 0.137638
16.13 0 -5.21921e-05 0.137638
16.14 0 -5.21921e-05 0.137638
16.15 0 -5.21921e-05 0.137638
16.16 0 -5.21921e-05 0.137637
16.17 0 -5.21921e-05 0.137637
16.18 0 -5.21921e-05 0.137637
16.19 0 -5.21921e-05 0.137637
16.2 0 -5.21921e-05 0.137636
16.21 0 -5.21921e-05 0.137636
16.22 0 -5.21921e-05 0.137636
16.23 0 -5.21921e-05 0.137636
16.24 0 -5.21921e-05 0.137636
16.25 0 -5.21921e-05 0.137636
16.26 0 -5.21921e-05 0.137636
16.27 0 -5.21921e-05 0.137636
16.28 0 -5.21921e-05 0.137636
16.29 0 -5.21921e-05 0.137636
16.3 0 -5.21921e-05 0.137636
16.31 0 -5.21921e-05 0.137637
16.32 0 -5.21921e-05 0.137637
16.33 0 -5.21921e-05 0.137637
16.34 0 -5.21921e-05 0.137637
16.35 0 -5.21921e-05 0.137637
16.36 0 -5.21921e-05 0.137638
16.37 0 -5.21921e-05 0.137638
16.38 0 -5.21921e-05 0.137638
16.39 0 -5.21921e-05 0.137638
16.4 0 -5.21921e-05 0.137639
16.41 0 -5.21921e-05 0.137639
16.42 0 -5.21921e-05 0.137639
16.43 0 -5.21921e-05 0.137639
16.44 0 -5.21921e-05 0.137639
16.45 0 -5.21921e-05 0.137639
16.46 0 -5.21921e-05 0.137639
16.47 0 -5.21921e-05 0.137639
16.48 0 -5.21921e-05 0.137639
16.49 0 -5.21921e-05 0.137639
16.5 0 -5.21921e-05 0.137639
16.51 0 -5.21921e-05 0.137639
16.52 0 -5.21921e-05 0.137639
16.53 0 -5.21921e-05 0.137639
16.54 0 -5.21921e-05 0.137638
16.55 0 -5.21921e-05 0.137638
16.56 0 -5.21921e-05 0.137638
16.57 0 -5.21921e-05 0.137638
16.58 0 -5.21921e-05 0.137638
16.59 0 -5.21921e-05 0.137638
16.6 0 -5.21921e-05 0.137637
16.61 0 -5.21921e-05 0.137637
16.62 0 -5.21921e-05 0.137637
16.63 0 -5.21921e-05 0.137637
16.64 0 -5.21921e-05 0.137637
16.65 0 -5.21921e-05 0.137637
16.66 0 -5.21921e-05 0.137637
16.67 0 -5.21921e-05 0.137636
16.68 0 -5.21921e-05 0.137636
16.69 0 -5.21921e-05 0.137636
16.7 0 -5.21921e-05 0.137636
16.71 0 -5.21921e-05 0.137637
16.72 0 -5.21921e-05 0.137637
16.73 0 -5.21921e-05 0.137637
16.74 0 -5.21921e-05 0.137637
16.75 0 -5.21921e-05 0.137637
16.76 0 -5.21921e-05 0.137637
16.77 0 -5.21921e-05 0.137637
16.78 0 -5.21921e-05 0.137637
16.79 0 -5.21921e-05 0.137638
16.8 0 -5.21921e-05 0.137638
16.81 0 -5.21921e-05 0.137638
16.82 0 -5.21921e-05 0.137638
16.83 0 -5.21921e-05 0.137638
16.84 0 -5.21921e-05 0.137638
16.85 0 -5.21921e-05 0.137639
16.86 0 -5.21921e-05 0.137639
16.87 0 -5.21921e-05 0.137639
16.88 0 -5.21921e-05 0.137639
16.89 0 -5.21921e-05 0.137639
16.9 0 -5.21921e-05 0.137639
16.91 0 -5.21921e-05 0.137639
16.92 0 -5.21921e-05 0.137639
16.93 0 -5.21921e-05 0.137639
16.94 0 -5.21921e-05 0.137639
16.95 0 -5.21921e-05 0.137639
16.96 0 -5.21921e-05 0.137639
16.97 0 -5.21921e-05 0.137638
16.98 0 -5.21921e-05 0.137638
16.99 0 -5.21921e-05 0.137638
17 0 -5.21921e-05 0.137638
17.01 0 -5.21921e-05 0.137638
17.02 0 -5.21921e-05 0.137638
17.03 0 -5.21921e-05 0.137638
17.04 0 -5.21921e-05 0.137637
17.05 0 -5.21921e-05 0.137637
17.06 0 -5.21921e-05 0.137637
17.07 0 -5.21921e-05 0.137637
17.08 0 -5.21921e-05 0.137637
17.09 0 -5.21921e-05 0.137637
17.1 0 -5.21921e-05 0.137637
17.11 0 -5.21921e-05 0.137637
17.12 0 -5.21921e-05 0.137637
17.13 0 -5.21921e-05 0.137637
17.14 0 -5.21921e-05 0.137637
17.15 0 -5.21921e-05 0.137637
17.16 0 -5.21921e-05 0.137637
17.17 0 -5.21921e-05 0.137637
17.18 0 -5.21921e-05 0.137637
17.19 0 -5.21921e-05 0.137637
17.2 0 -5.21921e-05 0.137637
17.21 0 -5.21921e-05 0.137637
17.22 0 -5.21921e-05 0.137638
17.23 0 -5.21921e-05 0.137638
17.24 0 -5.21921e-05 0.137638
17.25 0 -5.21921e-05 0.137638
17.26 0 -5.21921e-05 0.137638
17.27 0 -5.21921e-05 0.137638
17.28 0 -5.21921e-05 0.137638
17.29 0 -5.21921e-05 0.137638
17.3 0 -5.21921e-05 0.137638
17.31 0 -5.21921e-05 0.137638
17.32 0 -5.21921e-05 0.137639
17.33 0 -5.21921e-05 0.137639
17.34 0 -5.21921e-05 0.137639
17.35 0 -5.21921e-05 0.137639
17.36 0 -5.21921e-05 0.137639
17.37 0 -5.21921e-05 0.137639
17.38 0 -5.21921e-05 0.137638
17.39 0 -5.21921e-05 0.137638
17.4 0 -5.21921e-05 0.137638
17.41 0 -5.21921e-05 0.137638
17.42 0 -5.21921e-05 0.137638
17.43 0 -5.21921e-05 0.137638
17.44 0 -5.21921e-05 0.137638
17.45 0 -5.21921e-05 0.137638
17.46 0 -5.21921e-05 0.137638
17.47 0 -5.21921e-05 0.137638
17.48 0 -5.21921e-05 0.137637
17.49 0 -5.21921e-05 0.137637
17.5 0 -5.21921e-05 0.137637
17.51 0 -5.21921e-05 0.137637
17.52 0 -5.21921e-05 0.137637
17.53 0 -5.21921e-05 0.137637
17.54 0 -5.21921e-05 0.137637
17.55 0 -5.21921e-05 0.137637
17.56 0 -5.21921e-05 0.137637
17.57 0 -5.21921e-05 0.137637
17.58 0 -5.21921e-05 0.137637
17.59 0 -5.21921e-05 0.137637
17.6 0 -5.21921e-05 0.137637
17.61 0 -5.21921e-05 0.137637
17.62 0 -5.21921e-05 0.137637
17.63 0 -5.21921e-05 0.137637
17.64 0 -5.21921e-05 0.137637
17.65 0 -5.21921e-05 0.137638
17.66 0 -5.21921e-05 0.137638
17.67 0 -5.21921e-05 0.137638
17.68 0 -5.21921e-05 0.137638
17.69 0 -5.21921e-05 0.137638
17.7 0 -5.21921e-05 0.137638
17.71 0 -5.21921e-05 0.137638
17.72 0 -5.21921e-05 0.137638
17.73 0 -5.21921e-05 0.137638
17.74 0 -5.21921e-05 0.137638
17.75 0 -5.21921e-05 0.137638
17.76 0 -5.21921e-05 0.137638
17.77 0 -5.21921e-05 0.137638
17.78 0 -5.21921e-05 0.137638
17.79 0 -5.21921e-05 0.137638
17.8 0 -5.21921e-05 0.137638
17.81 0 -5.21921e-05 0.137638
17.82 0 -5.21921e-05 0.137638
17.83 0 -5.21921e-05 0.137638
17.84 0 -5.21921e-05 0.137638
17.85 0 -5.21921e-05 0.137638
17.86 0 -5.21921e-05 0.137638
17.87 0 -5.21921e-05 0.137638
17.88 0 -5.21921e-05 0.137638
17.89 0 -5.21921e-05 0.137638
17.9 0 -5.21921e-05 0.137638
17.91 0 -5.21921e-05 0.137638
17.92 0 -5.21921e-05 0.137638
17.93 0 -5.21921e-05 0.137637
17.94 0 -5.21921e-05 0.137637
17.95 0 -5.21921e-05 0.137637
17.96 0 -5.21921e-05 0.137637
17.97 0 -5.21921e-05 0.137637
17.98 0 -5.21921e-05 0.137637
17.99 0 -5.21921e-05 0.137637
18 0 -5.21921e-05 0.137637
18.01 0 -5.21921e-05 0.137637
18.02 0 -5.21921e-05 0.137637
18.03 0 -5.21921e-05 0.137637
18.04 0 -5.21921e-05 0.137637
18.05 0 -5.21921e-05 0.137637
18.06 0 -5.21921e-05 0.137637
18.07 0 -5.21921e-05 0.137637
18.08 0 -5.21921e-05 0.137638
18.09 0 -5.21921e-05 0.137638
18.1 0 -5.21921e-05 0.137638
18.11 0 -5.21921e-05 0.137638
18.12 0 -5.21921e-05 0.137638
18.13 0 -5.21921e-05 0.137638
18.14 0 -5.21921e-05 0.137638
18.15 0 -5.21921e-05 0.137638
18.16 0 -5.21921e-05 0.137638
18.17 0 -5.21921e-05 0.137638
18.18 0 -5.21921e-05 0.137638
18.19 0 -5.21921e-05 0.137638
18.2 0 -5.21921e-05 0.137638
18.21 0 -5.21921e-05 0.137638
18.22 0 -5.21921e-05 0.137638
18.23 0 -5.21921e-05 0.137638
18.24 0 -5.21921e-05 0.137638
18.25 0 -5.21921e-05 0.137638
18.26 0 -5.21921e-05 0.137638
18.27 0 -5.21921e-05 0.137638
18.28 0 -5.21921e-05 0.137638
18.29 0 -5.21921e-05 0.137638
18.3 0 -5.21921e-05 0.137638
18.31 0 -5.21921e-05 0.137638
18.32 0 -5.21921e-05 0.137638
18.33 0 -5.21921e-05 0.137638
18.34 0 -5.21921e-05 0.137638
18.35 0 -5.21921e-05 0.137638
18.36 0 -5.21921e-05 0.137638
18.37 0 -5.21921e-05 0.137638
18.38 0 -5.21921e-05 0.137637
18.39 0 -5.21921e-05 0.137637
18.4 0 -5.21921e-05 0.137637
18.41 0 -5.21921e-05 0.137637
18.42 0 -5.21921e-05 0.137637
18.43 0 -5.21921e-05 0.137637
18.44 0 -5.21921e-05 0.137637
18.45 0 -5.21921e-05 0.137637
18.46 0 -5.21921e-05 0.137637
18.47 0 -5.21921e-05 0.137637
18.48 0 -5.21921e-05 0.137637
18.49 0 -5.21921e-05 0.137637
18.5 0 -5.21921e-05 0.137637
18.51 0 -5.21921e-05 0.137638
18.52 0 -5.21921e-05 0.137638
18.53 0 -5.21921e-05 0.137638
18.54 0 -5.21921e-05 0.137638
18.55 0 -5.21921e-05 0.137638
18.56 0 -5.21921e-05 0.137638
18.57 0 -5.21921e-05 0.137638
18.58 0 -5.21921e-05 0.137638
18.59 0 -5.21921e-05 0.137638
18.6 0 -5.21921e-05 0.137638
18.61 0 -5.21921e-05 0.137638
18.62 0 -5.21921e-05 0.137638
18.63 0 -5.21921e-05 0.137638
18.64 0 -5.21921e-05 0.137638
18.65 0 -5.21921e-05 0.137638
18.66 0 -5.21921e-05 0.137638
18.67 0 -5.21921e-05 0.137638
18.68 0 -5.21921e-05 0.137638
18.69 0 -5.21921e-05 0.137638
18.7 0 -5.21921e-05 0.137638
18.71 0 -5.21921e-05 0.137638
18.72 0 -5.21921e-05 0.137638
18.73 0 -5.21921e-05 0.137638
18.74 0 -5.21921e-05 0.137638
18.75 0 -5.21921e-05 0.137638
18.76 0 -5.21921e-05 0.137638
18.77 0 -5.21921e-05 0.137638
18.78 0 -5.21921e-05 0.137638
18.79 0 -5.21921e-05 0.137638
18.8 0 -5.21921e-05 0.137638
18.81 0 -5.21921e-05 0.137638
18.82 0 -5.21921e-05 0.137638
18.83 0 -5.21921e-05 0.137637
18.84 0 -5.21921e-05 0.137637
18.85 0 -5.21921e-05 0.137637
18.86 0 -5.21921e-05 0.137637
18.87 0 -5.21921e-05 0.137637
18.88 0 -5.21921e-05 0.137637
18.89 0 -5.21921e-05 0.137637
18.9 0 -5.21921e-05 0.137637
18.91 0 -5.21921e-05 0.137637
18.92 0 -5.21921e-05 0.137638
18.93 0 -5.21921e-05 0.137638
18.94 0 -5.21921e-05 0.137638
18.95 0 -5.21921e-05 0.137638
18.96 0 -5.21921e-05 0.137638
18.97 0 -5.21921e-05 0.137638
18.98 0 -5.21921e-05 0.137638
18.99 0 -5.21921e-05 0.137638
19 0 -5.21921e-05 0.137638
19.01 0 -5.21921e-05 0.137638
19.02 0 -5.21921e-05 0.137638
19.03 0 -5.21921e-05 0.137638
19.04 0 -5.21921e-05 0.137638
19.05 0 -5.21921e-05 0.137638
19.06 0 -5.21921e-05 0.137638
19.07 0 -5.21921e-05 0.137638
19.08 0 -5.21921e-05 0.137638
19.09 0 -5.21921e-05 0.137638
19.1 0 -5.21921e-05 0.137638
19.11 0 -5.21921e-05 0.137638
19.12 0 -5.21921e-05 0.137638
19.13 0 -5.21921e-05 0.137638
19.14 0 -5.21921e-05 0.137638
19.15 0 -5.21921e-05 0.137638
19.16 0 -5.21921e-05 0.137638
19.17 0 -5.21921e-05 0.137638
19.18 0 -5.21921e-05 0.137638
19.19 0 -5.21921e-05 0.137638
19.2 0 -5.21921e-05 0.137638
19.21 0 -5.21921e-05 0.137638
19.22 0 -5.21921e-05 0.137638
19.23 0 -5.21921e-05 0.137638
19.24 0 -5.21921e-05 0.137638
19.25 0 -5.21921e-05 0.137638
19.26 0 -5.21921e-05 0.137638
19.27 0 -5.21921e-05 0.137638
19.28 0 -5.21921e-05 0.137638
19.29 0 -5.21921e-05 0.137638
19.3 0 -5.21921e-05 0.137638
19.31 0 -5.21921e-05 0.137638
19.32 0 -5.21921e-05 0.137638
19.33 0 -5.21921e-05 0.137638
19.34 0 -5.21921e-05 0.137638
19.35 0 -5.21921e-05 0.137638
19.36 0 -5.21921e-05 0.137638
19.37 0 -5.21921e-05 0.137638
19.38 0 -5.21921e-05 0.137638
19.39 0 -5.21921e-05 0.137638
19.4 0 -5.21921e-05 0.137638
19.41 0 -5.21921e-05 0.137638
19.42 0 -5.21921e-05 0.137638
19.43 0 -5.21921e-05 0.137638
19.44 0 -5.21921e-05 0.137638
19.45 0 -5.21921e-05 0.137638
19.46 0 -5.21921e-05 0.137638
19.47 0 -5.21921e-05 0.137638
19.48 0 -5.21921e-05 0.137638
19.49 0 -5.21921e-05 0.137638
19.5 0 -5.21921e-05 0.137638
19.51 0 -5.21921e-05 0.137638
19.52 0 -5.21921e-05 0.137638
19.53 0 -5.21921e-05 0.137638
19.54 0 -5.21921e-05 0.137638
19.55 0 -5.21921e-05 0.137638
19.56 0 -5.21921e-05 0.137638
19.57 0 -5.21921e-05 0.137638
19.58 0 -5.21921e-05 0.137638
19.59 0 -5.21921e-05 0.137638
19.6 0 -5.21921e-05 0.137638
19.61 0 -5.21921e-05 0.137638
19.62 0 -5.21921e-05 0.137638
19.63 0 -5.21921e-05 0.137638
19.64 0 -5.21921e-05 0.137638
19.65 0 -5.21921e-05 0.137638
19.66 0 -5.21921e-05 0.137638
19.67 0 -5.21921e-05 0.137638
19.68 0 -5.21921e-05 0.137638
19.69 0 -5.21921e-05 0.137638
19.7 0 -5.21921e-05 0.137638
19.71 0 -5.21921e-05 0.137638
19.72 0 -5.21921e-05 0.137638
19.73 0 -5.21921e-05 0.137638
19.74 0 -5.21921e-05 0.137638
19.75 0 -5.21921e-05 0.137638
19.76 0 -5.21921e-05 0.137638
19.77 0 -5.21921e-05 0.137638
19.78 0 -5.21921e-05 0.137638
19.79 0 -5.21921e-05 0.137638
19.8 0 -5.21921e-05 0.137638
19.81 0 -5.21921e-05 0.137638
19.82 0 -5.21921e-05 0.137638
19.83 0 -5.21921e-05 0.137638
19.84 0 -5.21921e-05 0.137638
19.85 0 -5.21921e-05 0.137638
19.86 0 -5.21921e-05 0.137638
19.87 0 -5.21921e-05 0.137638
19.88 0 -5.21921e-05 0.137638
19.89 0 -5.21921e-05 0.137638
19.9 0 -5.21921e-05 0.137638
19.91 0 -5.21921e-05 0.137638
19.92 0 -5.21921e-05 0.137638
19.93 0 -5.21921e-05 0.137638
19.94 0 -5.21921e-05 0.137638
19.95 0 -5.21921e-05 0.137638
19.96 0 -5.21921e-05 0.137638
19.97 0 -5.21921e-05 0.137638
19.98 0 -5.21921e-05 0.137638
19.99 0 -5.21921e-05 0.137638
20 0 -5.21921e-05 0.137638
