0.01 0 -1.53281e-05 5.72229e-06
0.02 0 -1.53281e-05 5.71826e-06
0.03 0 -1.53281e-05 5.68374e-06
0.04 0 -1.53279e-05 5.49788e-06
0.05 0 -1.53272e-05 4.78416e-06
0.06 0 -1.53267e-05 2.70384e-06
0.07 0 -1.53267e-05 -2.01805e-06
0.08 0 -1.53299e-05 -1.06505e-05
0.09 0 -1.53393e-05 -2.39929e-05
0.1 0 -1.53597e-05 -4.16496e-05
0.11 0 -1.53919e-05 -6.16886e-05
0.12 0 -1.54314e-05 -8.21778e-05
0.13 0 -1.5475e-05 -0.000102494
0.14 0 -1.55204e-05 -0.000122772
0.15 0 -1.5563e-05 -0.000142809
0.16 0 -1.56009e-05 -0.000162078
0.17 0 -1.56342e-05 -0.000180242
0.18 0 -1.56624e-05 -0.000197279
0.19 0 -1.56885e-05 -0.000213474
0.2 0 -1.57101e-05 -0.000229037
0.21 0 -1.57299e-05 -0.00024416
0.22 0 -1.57477e-05 -0.00025909
0.23 0 -1.57642e-05 -0.000273786
0.24 0 -1.5779e-05 -0.000288112
0.25 0 -1.57915e-05 -0.00030219
0.26 0 -1.58042e-05 -0.000316144
0.27 0 -1.58155e-05 -0.000329879
0.28 0 -1.58255e-05 -0.000343303
0.29 0 -1.58341e-05 -0.000356403
0.3 0 -1.58423e-05 -0.000369132
0.31 0 -1.58502e-05 -0.000381365
0.32 0 -1.58571e-05 -0.000392976
0.33 0 -1.58628e-05 -0.000403941
0.34 0 -1.58676e-05 -0.000414311
0.35 0 -1.58723e-05 -0.000424123
0.36 0 -1.58765e-05 -0.00043331
0.37 0 -1.588e-05 -0.000441614
0.38 0 -1.58827e-05 -0.000448565
0.39 0 -1.58845e-05 -0.000453533
0.4 0 -1.58852e-05 -0.000454671
0.41 0 -1.5885e-05 -0.000446603
0.42 0 -1.58853e-05 -0.000422641
0.43 0 -1.58878e-05 -0.000384395
0.44 0 -1.58945e-05 -0.000343058
0.45 0 -1.59027e-05 -0.000308538
0.46 0 -1.591e-05 -0.000283519
0.47 0 -1.5916e-05 -0.000265663
0.48 0 -1.59209e-05 -0.000250453
0.49 0 -1.59268e-05 -0.000233722
0.5 0 -1.59344e-05 -0.000213501
0.51 0 -1.59432e-05 -0.000189832
0.52 0 -1.5953e-05 -0.000163997
0.53 0 -1.59634e-05 -0.000137281
0.54 0 -1.59732e-05 -0.000110459
0.55 0 -1.59839e-05 -8.36855e-05
0.56 0 -1.59938e-05 -5.67055e-05
0.57 0 -1.60034e-05 -2.95877e-05
0.58 0 -1.60134e-05 -2.1622e-06
0.59 0 -1.60226e-05 2.58925e-05
0.6 0 -1.60317e-05 5.43684e-05
0.61 0 -1.60404e-05 8.31342e-05
0.62 0 -1.60488e-05 0.000112221
0.63 0 -1.60568e-05 0.000141442
0.64 0 -1.60642e-05 0.000170695
0.65 0 -1.60712e-05 0.00020001
0.66 0 -1.60778e-05 0.000229406
0.67 0 -1.60842e-05 0.000259074
0.68 0 -1.60898e-05 0.000289286
0.69 0 -1.60953e-05 0.000320001
0.7 0 -1.61007e-05 0.000351105
0.71 0 -1.61054e-05 0.000382873
0.72 0 -1.611e-05 0.000415787
0.73 0 -1.61142e-05 0.000449959
0.74 0 -1.6118e-05 0.000484914
0.75 0 -1.61216e-05 0.000520276
0.76 0 -1.61247e-05 0.000556155
0.77 0 -1.61275e-05 0.00059224
0.78 0 -1.61298e-05 0.000627975
0.79 0 -1.61314e-05 0.000663486
0.8 0 -1.61328e-05 0.000698526
0.81 0 -1.61342e-05 0.000732564
0.82 0 -1.61353e-05 0.000766015
0.83 0 -1.61359e-05 0.000799609
0.84 0 -1.61364e-05 0.000833887
0.85 0 -1.61368e-05 0.000869385
0.86 0 -1.61371e-05 0.000906587
0.87 0 -1.61371e-05 0.000945793
0.88 0 -1.61372e-05 0.000987719
0.89 0 -1.61373e-05 0.00103358
0.9 0 -1.61372e-05 0.00108408
0.91 0 -1.61374e-05 0.00113938
0.92 0 -1.61373e-05 0.00119967
0.93 0 -1.61373e-05 0.00126517
0.94 0 -1.61374e-05 0.00133613
0.95 0 -1.61374e-05 0.00141273
0.96 0 -1.61373e-05 0.0014951
0.97 0 -1.61369e-05 0.00158327
0.98 0 -1.61355e-05 0.00167721
0.99 0 -1.61353e-05 0.00177675
1 0 -1.61358e-05 0.00188156
1.01 0 -1.61349e-05 0.00199088
1.02 0 -1.61368e-05 0.00210291
1.03 0 -1.614e-05 0.00221257
1.04 0 -1.61373e-05 0.00230267
1.05 0 -1.61369e-05 0.00233409
1.06 0 -1.61436e-05 0.00228237
1.07 0 -1.61646e-05 0.002175
1.08 0 -1.61885e-05 0.00206257
1.09 0 -1.62193e-05 0.00197738
1.1 0 -1.62331e-05 0.00192498
1.11 0 -1.62492e-05 0.00189611
1.12 0 -1.62492e-05 0.0018787
1.13 0 -1.62548e-05 0.00186314
1.14 0 -1.62607e-05 0.00184376
1.15 0 -1.62695e-05 0.00181834
1.16 0 -1.62797e-05 0.00178676
1.17 0 -1.62865e-05 0.00175069
1.18 0 -1.62983e-05 0.0017123
1.19 0 -1.63069e-05 0.00167268
1.2 0 -1.63189e-05 0.00163274
1.21 0 -1.6325e-05 0.00159359
1.22 0 -1.63335e-05 0.00155517
1.23 0 -1.634e-05 0.00151697
1.24 0 -1.63478e-05 0.00147932
1.25 0 -1.63538e-05 0.00144283
1.26 0 -1.63583e-05 0.00140711
1.27 0 -1.63633e-05 0.00137117
1.28 0 -1.63683e-05 0.00133481
1.29 0 -1.63735e-05 0.00129885
1.3 0 -1.63769e-05 0.00126395
1.31 0 -1.638e-05 0.00123013
1.32 0 -1.6383e-05 0.00119665
1.33 0 -1.63864e-05 0.00116248
1.34 0 -1.63894e-05 0.00112732
1.35 0 -1.63919e-05 0.0010919
1.36 0 -1.6394e-05 0.00105707
1.37 0 -1.63962e-05 0.00102326
1.38 0 -1.63982e-05 0.000990472
1.39 0 -1.63999e-05 0.000958538
1.4 0 -1.6401e-05 0.000927113
1.41 0 -1.6402e-05 0.000895532
1.42 0 -1.64031e-05 0.00086343
1.43 0 -1.64042e-05 0.00083126
1.44 0 -1.6405e-05 0.000799661
1.45 0 -1.64055e-05 0.000768999
1.46 0 -1.6406e-05 0.000739442
1.47 0 -1.64063e-05 0.000711038
1.48 0 -1.64064e-05 0.000683778
1.49 0 -1.64067e-05 0.00065766
1.5 0 -1.64075e-05 0.000632739
1.51 0 -1.6407e-05 0.000609205
1.52 0 -1.64061e-05 0.000587579
1.53 0 -1.64067e-05 0.000568852
1.54 0 -1.64065e-05 0.00055553
1.55 0 -1.64068e-05 0.000555095
1.56 0 -1.64083e-05 0.000577439
1.57 0 -1.64161e-05 0.000632186
1.58 0 -1.64255e-05 0.000720658
1.59 0 -1.64531e-05 0.000825985
1.6 0 -1.64811e-05 0.000925502
1.61 0 -1.6506e-05 0.0010072
1.62 0 -1.65226e-05 0.00107013
1.63 0 -1.65326e-05 0.00111849
1.64 0 -1.6544e-05 0.00115775
1.65 0 -1.65503e-05 0.00119252
1.66 0 -1.65581e-05 0.0012258
1.67 0 -1.65629e-05 0.00125964
1.68 0 -1.65698e-05 0.00129522
1.69 0 -1.65757e-05 0.00133269
1.7 0 -1.6582e-05 0.00137189
1.71 0 -1.65873e-05 0.00141267
1.72 0 -1.65919e-05 0.00145489
1.73 0 -1.65976e-05 0.00149836
1.74 0 -1.66024e-05 0.00154294
1.75 0 -1.66066e-05 0.00158839
1.76 0 -1.66095e-05 0.00163465
1.77 0 -1.66133e-05 0.00168195
1.78 0 -1.66168e-05 0.00173055
1.79 0 -1.66194e-05 0.00178042
1.8 0 -1.66211e-05 0.00183048
1.81 0 -1.66225e-05 0.00187906
1.82 0 -1.66237e-05 0.00192562
1.83 0 -1.66253e-05 0.00197073
1.84 0 -1.66261e-05 0.00201547
1.85 0 -1.66262e-05 0.00206132
1.86 0 -1.66263e-05 0.00210999
1.87 0 -1.66264e-05 0.00216297
1.88 0 -1.66267e-05 0.00222213
1.89 0 -1.66265e-05 0.00228999
1.9 0 -1.66262e-05 0.00236876
1.91 0 -1.66262e-05 0.00245997
1.92 0 -1.66263e-05 0.00256466
1.93 0 -1.66263e-05 0.00268344
1.94 0 -1.66261e-05 0.00281661
1.95 0 -1.6626e-05 0.00296423
1.96 0 -1.6626e-05 0.0031263
1.97 0 -1.66261e-05 0.0033028
1.98 0 -1.6626e-05 0.0034937
1.99 0 -1.66258e-05 0.00369891
2 0 -1.66258e-05 0.00391833
2.01 0 -1.66259e-05 0.00415178
2.02 0 -1.66263e-05 0.00440099
2.03 0 -1.66259e-05 0.00467097
2.04 0 -1.66241e-05 0.00496596
2.05 0 -1.66241e-05 0.0052857
2.06 0 -1.66234e-05 0.00562739
2.07 0 -1.66217e-05 0.00598823
2.08 0 -1.66212e-05 0.0063658
2.09 0 -1.66199e-05 0.00675751
2.1 0 -1.66153e-05 0.00716014
2.11 0 -1.6622e-05 0.00756841
2.12 0 -1.66345e-05 0.00797245
2.13 0 -1.66282e-05 0.00835386
2.14 0 -1.6632e-05 0.00867756
2.15 0 -1.66319e-05 0.00888179
2.16 0 -1.66398e-05 0.00890944
2.17 0 -1.66357e-05 0.00879188
2.18 0 -1.66511e-05 0.00863157
2.19 0 -1.67109e-05 0.00849738
2.2 0 -1.6714e-05 0.00840387
2.21 0 -1.67481e-05 0.00834459
2.22 0 -1.67367e-05 0.00830876
2.23 0 -1.67447e-05 0.00828673
2.24 0 -1.67528e-05 0.00827101
2.25 0 -1.67508e-05 0.00825647
2.26 0 -1.67596e-05 0.00824026
2.27 0 -1.67523e-05 0.00822126
2.28 0 -1.6763e-05 0.00819913
2.29 0 -1.67632e-05 0.0081742
2.3 0 -1.67715e-05 0.00814735
2.31 0 -1.67695e-05 0.00811907
2.32 0 -1.67746e-05 0.00808941
2.33 0 -1.67781e-05 0.00805844
2.34 0 -1.67825e-05 0.00802675
2.35 0 -1.67855e-05 0.00799539
2.36 0 -1.67857e-05 0.00796482
2.37 0 -1.67897e-05 0.00793466
2.38 0 -1.67913e-05 0.00790427
2.39 0 -1.67944e-05 0.00787318
2.4 0 -1.67951e-05 0.00784141
2.41 0 -1.67968e-05 0.00780971
2.42 0 -1.67983e-05 0.00777943
2.43 0 -1.68001e-05 0.00775158
2.44 0 -1.68006e-05 0.00772645
2.45 0 -1.6801e-05 0.00770371
2.46 0 -1.68016e-05 0.00768269
2.47 0 -1.68024e-05 0.00766269
2.48 0 -1.68031e-05 0.00764314
2.49 0 -1.68031e-05 0.00762356
2.5 0 -1.68035e-05 0.00760364
2.51 0 -1.68039e-05 0.00758312
2.52 0 -1.68038e-05 0.00756186
2.53 0 -1.68032e-05 0.00753979
2.54 0 -1.68037e-05 0.00751694
2.55 0 -1.68035e-05 0.0074934
2.56 0 -1.68043e-05 0.00746939
2.57 0 -1.68068e-05 0.00744521
2.58 0 -1.68032e-05 0.00742141
2.59 0 -1.6802e-05 0.00739852
2.6 0 -1.68073e-05 0.00737737
2.61 0 -1.68115e-05 0.0073599
2.62 0 -1.68054e-05 0.00734942
2.63 0 -1.68004e-05 0.00735033
2.64 0 -1.68048e-05 0.0073641
2.65 0 -1.68098e-05 0.00738741
2.66 0 -1.68161e-05 0.00742513
2.67 0 -1.68161e-05 0.00748932
2.68 0 -1.68332e-05 0.00757836
2.69 0 -1.68626e-05 0.00767683
2.7 0 -1.6883e-05 0.00777093
2.71 0 -1.69019e-05 0.00785438
2.72 0 -1.69099e-05 0.00792626
2.73 0 -1.69205e-05 0.00798796
2.74 0 -1.69308e-05 0.00804156
2.75 0 -1.69351e-05 0.00808913
2.76 0 -1.69395e-05 0.0081325
2.77 0 -1.69414e-05 0.00817309
2.78 0 -1.69459e-05 0.00821171
2.79 0 -1.69495e-05 0.00824916
2.8 0 -1.69509e-05 0.00828629
2.81 0 -1.69523e-05 0.00832296
2.82 0 -1.69543e-05 0.0083578
2.83 0 -1.69561e-05 0.00838972
2.84 0 -1.69571e-05 0.00841844
2.85 0 -1.69575e-05 0.00844444
2.86 0 -1.69578e-05 0.00846869
2.87 0 -1.69588e-05 0.00849234
2.88 0 -1.69594e-05 0.00851649
2.89 0 -1.69597e-05 0.00854214
2.9 0 -1.69598e-05 0.00857015
2.91 0 -1.696e-05 0.00860133
2.92 0 -1.69605e-05 0.00863638
2.93 0 -1.69606e-05 0.00867588
2.94 0 -1.69604e-05 0.0087203
2.95 0 -1.69603e-05 0.0087706
2.96 0 -1.69603e-05 0.00882849
2.97 0 -1.69604e-05 0.00889553
2.98 0 -1.69602e-05 0.00897287
2.99 0 -1.69601e-05 0.00906135
3 0 -1.696e-05 0.00916162
3.01 0 -1.69604e-05 0.00927423
3.02 0 -1.69612e-05 0.00939983
3.03 0 -1.69603e-05 0.00953928
3.04 0 -1.69594e-05 0.00969363
3.05 0 -1.69596e-05 0.0098639
3.06 0 -1.69599e-05 0.0100509
3.07 0 -1.69598e-05 0.0102555
3.08 0 -1.69584e-05 0.0104786
3.09 0 -1.6957e-05 0.0107224
3.1 0 -1.69569e-05 0.0109887
3.11 0 -1.69535e-05 0.0112788
3.12 0 -1.69536e-05 0.0115926
3.13 0 -1.69543e-05 0.0119295
3.14 0 -1.6951e-05 0.0122873
3.15 0 -1.69549e-05 0.0126628
3.16 0 -1.69724e-05 0.0130537
3.17 0 -1.69843e-05 0.0134587
3.18 0 -1.69601e-05 0.0138711
3.19 0 -1.69436e-05 0.014277
3.2 0 -1.6958e-05 0.0146566
3.21 0 -1.6979e-05 0.0149861
3.22 0 -1.6975e-05 0.0152441
3.23 0 -1.69509e-05 0.0154038
3.24 0 -1.69472e-05 0.0154362
3.25 0 -1.69792e-05 0.0153596
3.26 0 -1.69781e-05 0.0152388
3.27 0 -1.70139e-05 0.0151244
3.28 0 -1.70138e-05 0.0150331
3.29 0 -1.70335e-05 0.0149652
3.3 0 -1.70556e-05 0.0149155
3.31 0 -1.70535e-05 0.0148785
3.32 0 -1.70532e-05 0.0148496
3.33 0 -1.70522e-05 0.0148259
3.34 0 -1.7063e-05 0.0148051
3.35 0 -1.70661e-05 0.0147859
3.36 0 -1.70675e-05 0.0147673
3.37 0 -1.70606e-05 0.0147488
3.38 0 -1.70682e-05 0.0147298
3.39 0 -1.70719e-05 0.0147103
3.4 0 -1.70741e-05 0.0146906
3.41 0 -1.70723e-05 0.0146709
3.42 0 -1.70715e-05 0.0146513
3.43 0 -1.70765e-05 0.0146313
3.44 0 -1.70791e-05 0.0146106
3.45 0 -1.7079e-05 0.0145889
3.46 0 -1.7078e-05 0.0145667
3.47 0 -1.70797e-05 0.0145449
3.48 0 -1.70824e-05 0.0145243
3.49 0 -1.70838e-05 0.0145053
3.5 0 -1.70824e-05 0.0144878
3.51 0 -1.70825e-05 0.0144719
3.52 0 -1.70838e-05 0.0144572
3.53 0 -1.70854e-05 0.0144435
3.54 0 -1.70847e-05 0.0144305
3.55 0 -1.70831e-05 0.0144178
3.56 0 -1.70834e-05 0.0144052
3.57 0 -1.70837e-05 0.0143925
3.58 0 -1.7086e-05 0.0143796
3.59 0 -1.70893e-05 0.0143666
3.6 0 -1.70868e-05 0.0143536
3.61 0 -1.7087e-05 0.0143411
3.62 0 -1.70897e-05 0.0143295
3.63 0 -1.70859e-05 0.0143196
3.64 0 -1.70884e-05 0.0143124
3.65 0 -1.70898e-05 0.0143089
3.66 0 -1.70851e-05 0.0143105
3.67 0 -1.70873e-05 0.0143169
3.68 0 -1.70874e-05 0.0143254
3.69 0 -1.70882e-05 0.0143353
3.7 0 -1.70893e-05 0.014352
3.71 0 -1.70882e-05 0.0143856
3.72 0 -1.70968e-05 0.0144404
3.73 0 -1.71096e-05 0.0145106
3.74 0 -1.7125e-05 0.0145856
3.75 0 -1.71389e-05 0.0146573
3.76 0 -1.71477e-05 0.0147217
3.77 0 -1.71565e-05 0.0147777
3.78 0 -1.71628e-05 0.014826
3.79 0 -1.71671e-05 0.0148679
3.8 0 -1.71699e-05 0.0149046
3.81 0 -1.71724e-05 0.0149377
3.82 0 -1.71745e-05 0.0149683
3.83 0 -1.71764e-05 0.0149969
3.84 0 -1.71778e-05 0.0150237
3.85 0 -1.71785e-05 0.0150479
3.86 0 -1.71796e-05 0.0150694
3.87 0 -1.71799e-05 0.0150884
3.88 0 -1.71806e-05 0.0151055
3.89 0 -1.71809e-05 0.0151215
3.9 0 -1.71812e-05 0.0151373
3.91 0 -1.71818e-05 0.0151535
3.92 0 -1.71819e-05 0.015171
3.93 0 -1.71822e-05 0.0151904
3.94 0 -1.71823e-05 0.0152122
3.95 0 -1.71826e-05 0.015237
3.96 0 -1.71828e-05 0.0152656
3.97 0 -1.71829e-05 0.0152984
3.98 0 -1.71842e-05 0.015336
3.99 0 -1.71846e-05 0.015379
4 0 -1.71822e-05 0.0154287
4.01 0 -1.71813e-05 0.0154864
4.02 0 -1.71823e-05 0.015553
4.03 0 -1.71846e-05 0.0156296
4.04 0 -1.71851e-05 0.0157169
4.05 0 -1.71816e-05 0.0158156
4.06 0 -1.71808e-05 0.0159268
4.07 0 -1.71811e-05 0.0160513
4.08 0 -1.71803e-05 0.0161901
4.09 0 -1.71828e-05 0.0163439
4.1 0 -1.71798e-05 0.016514
4.11 0 -1.7177e-05 0.0167015
4.12 0 -1.71794e-05 0.0169074
4.13 0 -1.71776e-05 0.0171326
4.14 0 -1.71841e-05 0.0173772
4.15 0 -1.7184e-05 0.0176411
4.16 0 -1.71726e-05 0.0179243
4.17 0 -1.71889e-05 0.0182292
4.18 0 -1.71984e-05 0.0185583
4.19 0 -1.7161e-05 0.0189083
4.2 0 -1.71338e-05 0.0192697
4.21 0 -1.71104e-05 0.0196311
4.22 0 -1.70714e-05 0.0199807
4.23 0 -1.70381e-05 0.0203066
4.24 0 -1.69957e-05 0.0205972
4.25 0 -1.69693e-05 0.020841
4.26 0 -1.69512e-05 0.0210269
4.27 0 -1.69341e-05 0.021143
4.28 0 -1.69289e-05 0.0211687
4.29 0 -1.70071e-05 0.0211004
4.3 0 -1.72171e-05 0.0209809
4.31 0 -1.72261e-05 0.0208603
4.32 0 -1.72549e-05 0.0207599
4.33 0 -1.72682e-05 0.0206817
4.34 0 -1.72705e-05 0.0206215
4.35 0 -1.72951e-05 0.0205747
4.36 0 -1.72803e-05 0.020537
4.37 0 -1.72967e-05 0.0205054
4.38 0 -1.72902e-05 0.0204778
4.39 0 -1.73016e-05 0.0204528
4.4 0 -1.72993e-05 0.0204292
4.41 0 -1.73025e-05 0.0204063
4.42 0 -1.7302e-05 0.0203833
4.43 0 -1.73063e-05 0.0203601
4.44 0 -1.73089e-05 0.0203366
4.45 0 -1.73088e-05 0.0203129
4.46 0 -1.73112e-05 0.0202887
4.47 0 -1.73111e-05 0.020264
4.48 0 -1.73153e-05 0.0202384
4.49 0 -1.73158e-05 0.0202119
4.5 0 -1.73171e-05 0.0201848
4.51 0 -1.73179e-05 0.0201574
4.52 0 -1.73198e-05 0.0201302
4.53 0 -1.73213e-05 0.0201034
4.54 0 -1.73216e-05 0.0200774
4.55 0 -1.73217e-05 0.0200522
4.56 0 -1.73243e-05 0.0200279
4.57 0 -1.73257e-05 0.0200047
4.58 0 -1.73247e-05 0.0199824
4.59 0 -1.73252e-05 0.0199611
4.6 0 -1.73282e-05 0.0199406
4.61 0 -1.73299e-05 0.0199211
4.62 0 -1.73249e-05 0.0199027
4.63 0 -1.73247e-05 0.0198854
4.64 0 -1.73301e-05 0.0198697
4.65 0 -1.73295e-05 0.0198558
4.66 0 -1.73289e-05 0.0198441
4.67 0 -1.73277e-05 0.0198351
4.68 0 -1.73274e-05 0.0198295
4.69 0 -1.73309e-05 0.0198281
4.7 0 -1.73298e-05 0.0198317
4.71 0 -1.73284e-05 0.0198394
4.72 0 -1.73287e-05 0.0198494
4.73 0 -1.73296e-05 0.0198639
4.74 0 -1.73321e-05 0.0198886
4.75 0 -1.73344e-05 0.0199272
4.76 0 -1.73404e-05 0.019977
4.77 0 -1.73503e-05 0.020032
4.78 0 -1.73589e-05 0.0200868
4.79 0 -1.73659e-05 0.0201382
4.8 0 -1.737e-05 0.020185
4.81 0 -1.73736e-05 0.0202274
4.82 0 -1.73779e-05 0.0202658
4.83 0 -1.73804e-05 0.020301
4.84 0 -1.73817e-05 0.0203338
4.85 0 -1.73827e-05 0.0203648
4.86 0 -1.7384e-05 0.0203941
4.87 0 -1.73855e-05 0.0204212
4.88 0 -1.73864e-05 0.0204462
4.89 0 -1.7388e-05 0.0204693
4.9 0 -1.73891e-05 0.0204912
4.91 0 -1.73863e-05 0.0205123
4.92 0 -1.73848e-05 0.0205331
4.93 0 -1.73878e-05 0.0205541
4.94 0 -1.73901e-05 0.0205758
4.95 0 -1.73905e-05 0.0205992
4.96 0 -1.73866e-05 0.0206251
4.97 0 -1.73836e-05 0.0206545
4.98 0 -1.73874e-05 0.020688
4.99 0 -1.73896e-05 0.0207263
5 0 -1.73876e-05 0.0207698
5.01 0 -1.7387e-05 0.0208189
5.02 0 -1.73879e-05 0.0208741
5.03 0 -1.73875e-05 0.0209357
5.04 0 -1.73873e-05 0.021004
5.05 0 -1.73885e-05 0.0210794
5.06 0 -1.73869e-05 0.0211624
5.07 0 -1.73849e-05 0.0212533
5.08 0 -1.73867e-05 0.0213526
5.09 0 -1.7388e-05 0.0214608
5.1 0 -1.73862e-05 0.0215785
5.11 0 -1.73843e-05 0.0217063
5.12 0 -1.7385e-05 0.0218447
5.13 0 -1.73887e-05 0.0219943
5.14 0 -1.73854e-05 0.022156
5.15 0 -1.73801e-05 0.0223307
5.16 0 -1.73875e-05 0.0225185
5.17 0 -1.73791e-05 0.0227178
5.18 0 -1.7357e-05 0.0229272
5.19 0 -1.73412e-05 0.0231486
5.2 0 -1.73274e-05 0.0233857
5.21 0 -1.73085e-05 0.0236394
5.22 0 -1.72696e-05 0.0239082
5.23 0 -1.72399e-05 0.0241889
5.24 0 -1.72112e-05 0.0244772
5.25 0 -1.71757e-05 0.024767
5.26 0 -1.71534e-05 0.0250516
5.27 0 -1.71102e-05 0.0253229
5.28 0 -1.70785e-05 0.025572
5.29 0 -1.70549e-05 0.0257894
5.3 0 -1.70284e-05 0.0259651
5.31 0 -1.70185e-05 0.0260875
5.32 0 -1.70013e-05 0.0261392
5.33 0 -1.70295e-05 0.0261072
5.34 0 -1.72385e-05 0.0260118
5.35 0 -1.74318e-05 0.0258978
5.36 0 -1.74239e-05 0.0257963
5.37 0 -1.74562e-05 0.0257151
5.38 0 -1.74507e-05 0.0256513
5.39 0 -1.74686e-05 0.0256012
5.4 0 -1.74729e-05 0.0255609
5.41 0 -1.74639e-05 0.0255276
5.42 0 -1.74744e-05 0.025499
5.43 0 -1.74727e-05 0.0254735
5.44 0 -1.74817e-05 0.02545
5.45 0 -1.74761e-05 0.0254276
5.46 0 -1.74791e-05 0.0254059
5.47 0 -1.74777e-05 0.0253846
5.48 0 -1.74849e-05 0.0253633
5.49 0 -1.74831e-05 0.0253416
5.5 0 -1.74835e-05 0.0253192
5.51 0 -1.74837e-05 0.025296
5.52 0 -1.74857e-05 0.0252721
5.53 0 -1.74888e-05 0.0252476
5.54 0 -1.74878e-05 0.0252228
5.55 0 -1.74881e-05 0.0251977
5.56 0 -1.74888e-05 0.0251727
5.57 0 -1.74909e-05 0.025148
5.58 0 -1.74914e-05 0.0251236
5.59 0 -1.74913e-05 0.0250996
5.6 0 -1.7491e-05 0.025076
5.61 0 -1.74924e-05 0.025053
5.62 0 -1.74932e-05 0.0250305
5.63 0 -1.74935e-05 0.0250088
5.64 0 -1.74934e-05 0.0249881
5.65 0 -1.74936e-05 0.0249686
5.66 0 -1.74945e-05 0.0249506
5.67 0 -1.74949e-05 0.0249343
5.68 0 -1.74947e-05 0.0249202
5.69 0 -1.74945e-05 0.0249087
5.7 0 -1.74948e-05 0.0249004
5.71 0 -1.74952e-05 0.024896
5.72 0 -1.74952e-05 0.0248964
5.73 0 -1.74947e-05 0.024902
5.74 0 -1.74948e-05 0.0249116
5.75 0 -1.74952e-05 0.0249249
5.76 0 -1.74961e-05 0.0249442
5.77 0 -1.74979e-05 0.0249719
5.78 0 -1.75015e-05 0.0250078
5.79 0 -1.75068e-05 0.0250486
5.8 0 -1.75123e-05 0.0250912
5.81 0 -1.7517e-05 0.0251332
5.82 0 -1.75207e-05 0.0251734
5.83 0 -1.75236e-05 0.0252116
5.84 0 -1.75263e-05 0.025248
5.85 0 -1.75284e-05 0.0252828
5.86 0 -1.75298e-05 0.0253166
5.87 0 -1.75309e-05 0.0253493
5.88 0 -1.75318e-05 0.0253807
5.89 0 -1.7533e-05 0.0254111
5.9 0 -1.75357e-05 0.0254406
5.91 0 -1.75363e-05 0.0254695
5.92 0 -1.75311e-05 0.0254984
5.93 0 -1.75308e-05 0.0255277
5.94 0 -1.75356e-05 0.0255581
5.95 0 -1.75362e-05 0.0255905
5.96 0 -1.75364e-05 0.0256256
5.97 0 -1.75327e-05 0.025664
5.98 0 -1.75296e-05 0.0257061
5.99 0 -1.75345e-05 0.0257521
6 0 -1.75363e-05 0.0258025
6.01 0 -1.75357e-05 0.0258573
6.02 0 -1.75334e-05 0.0259168
6.03 0 -1.753e-05 0.0259812
6.04 0 -1.75349e-05 0.0260507
6.05 0 -1.75375e-05 0.0261255
6.06 0 -1.75335e-05 0.0262057
6.07 0 -1.7532e-05 0.0262917
6.08 0 -1.75316e-05 0.0263836
6.09 0 -1.75342e-05 0.026482
6.1 0 -1.7536e-05 0.0265873
6.11 0 -1.75328e-05 0.0267001
6.12 0 -1.75299e-05 0.0268211
6.13 0 -1.75325e-05 0.0269512
6.14 0 -1.75362e-05 0.0270915
6.15 0 -1.75315e-05 0.0272436
6.16 0 -1.75268e-05 0.0274084
6.17 0 -1.75258e-05 0.0275865
6.18 0 -1.75167e-05 0.027778
6.19 0 -1.7494e-05 0.0279853
6.2 0 -1.74729e-05 0.0282113
6.21 0 -1.74523e-05 0.0284582
6.22 0 -1.74267e-05 0.0287261
6.23 0 -1.74107e-05 0.0290141
6.24 0 -1.73799e-05 0.02932
6.25 0 -1.73308e-05 0.0296408
6.26 0 -1.7294e-05 0.0299723
6.27 0 -1.72545e-05 0.0303088
6.28 0 -1.72157e-05 0.0306433
6.29 0 -1.71763e-05 0.0309674
6.3 0 -1.71146e-05 0.031271
6.31 0 -1.70801e-05 0.0315435
6.32 0 -1.70544e-05 0.0317725
6.33 0 -1.70196e-05 0.0319444
6.34 0 -1.70073e-05 0.0320421
6.35 0 -1.69943e-05 0.0320434
6.36 0 -1.72179e-05 0.0319561
6.37 0 -1.75723e-05 0.031835
6.38 0 -1.75532e-05 0.0317347
6.39 0 -1.75525e-05 0.0316754
6.4 0 -1.75581e-05 0.0316508
6.41 0 -1.75528e-05 0.0316487
6.42 0 -1.757e-05 0.0316593
6.43 0 -1.75484e-05 0.0316732
6.44 0 -1.75594e-05 0.0316832
6.45 0 -1.75524e-05 0.0316862
6.46 0 -1.75634e-05 0.0316832
6.47 0 -1.75567e-05 0.0316772
6.48 0 -1.75566e-05 0.0316716
6.49 0 -1.75544e-05 0.0316683
6.5 0 -1.75583e-05 0.0316674
6.51 0 -1.75597e-05 0.031668
6.52 0 -1.75563e-05 0.0316686
6.53 0 -1.75564e-05 0.0316686
6.54 0 -1.75558e-05 0.0316678
6.55 0 -1.7559e-05 0.0316664
6.56 0 -1.75578e-05 0.0316649
6.57 0 -1.75566e-05 0.0316638
6.58 0 -1.75561e-05 0.0316633
6.59 0 -1.75575e-05 0.0316632
6.6 0 -1.7558e-05 0.0316633
6.61 0 -1.75572e-05 0.0316632
6.62 0 -1.75563e-05 0.0316631
6.63 0 -1.7557e-05 0.031663
6.64 0 -1.75578e-05 0.0316632
6.65 0 -1.75576e-05 0.0316636
6.66 0 -1.7557e-05 0.0316642
6.67 0 -1.75567e-05 0.0316651
6.68 0 -1.75572e-05 0.0316663
6.69 0 -1.75576e-05 0.0316677
6.7 0 -1.75574e-05 0.0316695
6.71 0 -1.75569e-05 0.0316716
6.72 0 -1.7557e-05 0.0316743
6.73 0 -1.75574e-05 0.0316776
6.74 0 -1.75574e-05 0.0316815
6.75 0 -1.75572e-05 0.0316864
6.76 0 -1.75569e-05 0.0316924
6.77 0 -1.75572e-05 0.0317007
6.78 0 -1.75574e-05 0.0317128
6.79 0 -1.75573e-05 0.0317283
6.8 0 -1.75572e-05 0.0317443
6.81 0 -1.75571e-05 0.0317576
6.82 0 -1.75573e-05 0.0317662
6.83 0 -1.75573e-05 0.0317703
6.84 0 -1.75572e-05 0.0317718
6.85 0 -1.75571e-05 0.0317725
6.86 0 -1.75572e-05 0.0317737
6.87 0 -1.75573e-05 0.031776
6.88 0 -1.75573e-05 0.031779
6.89 0 -1.75572e-05 0.0317818
6.9 0 -1.75572e-05 0.0317841
6.91 0 -1.75575e-05 0.0317861
6.92 0 -1.75596e-05 0.0317882
6.93 0 -1.75606e-05 0.0317914
6.94 0 -1.75575e-05 0.0317973
6.95 0 -1.75564e-05 0.031807
6.96 0 -1.75575e-05 0.0318207
6.97 0 -1.75585e-05 0.0318387
6.98 0 -1.75608e-05 0.0318613
6.99 0 -1.75571e-05 0.0318886
7 0 -1.75545e-05 0.0319209
7.01 0 -1.75594e-05 0.0319582
7.02 0 -1.75597e-05 0.0320008
7.03 0 -1.75579e-05 0.0320488
7.04 0 -1.75564e-05 0.0321026
7.05 0 -1.75552e-05 0.0321624
7.06 0 -1.75582e-05 0.0322286
7.07 0 -1.75587e-05 0.0323019
7.08 0 -1.75571e-05 0.0323829
7.09 0 -1.75557e-05 0.0324722
7.1 0 -1.75559e-05 0.0325705
7.11 0 -1.75565e-05 0.0326786
7.12 0 -1.75535e-05 0.0327977
7.13 0 -1.75498e-05 0.0329289
7.14 0 -1.7542e-05 0.0330739
7.15 0 -1.75352e-05 0.0332349
7.16 0 -1.75323e-05 0.0334154
7.17 0 -1.75182e-05 0.0336196
7.18 0 -1.75063e-05 0.0338514
7.19 0 -1.74961e-05 0.0341133
7.2 0 -1.74803e-05 0.0344071
7.21 0 -1.74661e-05 0.0347341
7.22 0 -1.7446e-05 0.0350948
7.23 0 -1.74231e-05 0.0354886
7.24 0 -1.74066e-05 0.0359138
7.25 0 -1.73753e-05 0.0363668
7.26 0 -1.73276e-05 0.0368421
7.27 0 -1.72935e-05 0.0373318
7.28 0 -1.7255e-05 0.0378254
7.29 0 -1.72137e-05 0.0383095
7.3 0 -1.71704e-05 0.0387689
7.31 0 -1.71125e-05 0.0391852
7.32 0 -1.70891e-05 0.0395368
7.33 0 -1.70652e-05 0.0397939
7.34 0 -1.70381e-05 0.039922
7.35 0 -1.70538e-05 0.0399104
7.36 0 -1.73003e-05 0.0398061
7.37 0 -1.75539e-05 0.0396889
7.38 0 -1.75625e-05 0.0396078
7.39 0 -1.75498e-05 0.0395647
7.4 0 -1.75591e-05 0.0395466
7.41 0 -1.75592e-05 0.0395447
7.42 0 -1.75553e-05 0.0395534
7.43 0 -1.7557e-05 0.0395655
7.44 0 -1.75559e-05 0.0395748
7.45 0 -1.75566e-05 0.0395784
7.46 0 -1.75589e-05 0.0395766
7.47 0 -1.75556e-05 0.039572
7.48 0 -1.75563e-05 0.0395672
7.49 0 -1.75568e-05 0.0395642
7.5 0 -1.75573e-05 0.0395632
7.51 0 -1.7557e-05 0.0395636
7.52 0 -1.75566e-05 0.0395642
7.53 0 -1.75559e-05 0.0395643
7.54 0 -1.75574e-05 0.0395635
7.55 0 -1.7557e-05 0.0395622
7.56 0 -1.75567e-05 0.0395607
7.57 0 -1.75565e-05 0.0395595
7.58 0 -1.75564e-05 0.0395587
7.59 0 -1.75572e-05 0.0395583
7.6 0 -1.75568e-05 0.039558
7.61 0 -1.75565e-05 0.0395578
7.62 0 -1.75565e-05 0.0395576
7.63 0 -1.75568e-05 0.0395574
7.64 0 -1.7557e-05 0.0395574
7.65 0 -1.75568e-05 0.0395575
7.66 0 -1.75565e-05 0.0395578
7.67 0 -1.75567e-05 0.0395583
7.68 0 -1.75569e-05 0.0395591
7.69 0 -1.75569e-05 0.0395601
7.7 0 -1.75566e-05 0.0395615
7.71 0 -1.75566e-05 0.0395631
7.72 0 -1.75568e-05 0.039565
7.73 0 -1.75569e-05 0.0395673
7.74 0 -1.75568e-05 0.03957
7.75 0 -1.75566e-05 0.039573
7.76 0 -1.75567e-05 0.0395765
7.77 0 -1.75568e-05 0.0395805
7.78 0 -1.75568e-05 0.0395851
7.79 0 -1.75567e-05 0.039591
7.8 0 -1.75567e-05 0.0395997
7.81 0 -1.75567e-05 0.0396119
7.82 0 -1.75569e-05 0.0396272
7.83 0 -1.75568e-05 0.0396424
7.84 0 -1.75567e-05 0.0396529
7.85 0 -1.75567e-05 0.039656
7.86 0 -1.75567e-05 0.0396535
7.87 0 -1.75569e-05 0.0396493
7.88 0 -1.75567e-05 0.0396469
7.89 0 -1.75567e-05 0.0396477
7.9 0 -1.75567e-05 0.0396513
7.91 0 -1.75568e-05 0.0396564
7.92 0 -1.7557e-05 0.0396612
7.93 0 -1.75588e-05 0.0396647
7.94 0 -1.75595e-05 0.0396671
7.95 0 -1.75556e-05 0.0396692
7.96 0 -1.75568e-05 0.0396718
7.97 0 -1.75602e-05 0.0396759
7.98 0 -1.7557e-05 0.0396827
7.99 0 -1.75579e-05 0.0396929
8 0 -1.75584e-05 0.0397071
8.01 0 -1.75551e-05 0.0397259
8.02 0 -1.75585e-05 0.0397494
8.03 0 -1.7559e-05 0.0397779
8.04 0 -1.75565e-05 0.0398117
8.05 0 -1.75571e-05 0.039851
8.06 0 -1.75567e-05 0.0398959
8.07 0 -1.75571e-05 0.0399468
8.08 0 -1.75569e-05 0.0400042
8.09 0 -1.75561e-05 0.0400684
8.1 0 -1.75572e-05 0.0401401
8.11 0 -1.75563e-05 0.04022
8.12 0 -1.75558e-05 0.0403087
8.13 0 -1.75555e-05 0.0404064
8.14 0 -1.75496e-05 0.0405134
8.15 0 -1.75417e-05 0.0406302
8.16 0 -1.75341e-05 0.0407579
8.17 0 -1.75259e-05 0.0408983
8.18 0 -1.7513e-05 0.0410544
8.19 0 -1.74989e-05 0.0412303
8.2 0 -1.74853e-05 0.0414297
8.21 0 -1.74679e-05 0.0416553
8.22 0 -1.74488e-05 0.0419091
8.23 0 -1.74295e-05 0.042192
8.24 0 -1.74043e-05 0.0425041
8.25 0 -1.73734e-05 0.042844
8.26 0 -1.73291e-05 0.0432088
8.27 0 -1.72853e-05 0.0435934
8.28 0 -1.72468e-05 0.0439908
8.29 0 -1.71968e-05 0.0443912
8.3 0 -1.71463e-05 0.044783
8.31 0 -1.70923e-05 0.0451525
8.32 0 -1.70408e-05 0.0454849
8.33 0 -1.70032e-05 0.0457641
8.34 0 -1.69811e-05 0.0459741
8.35 0 -1.69424e-05 0.0460884
8.36 0 -1.69538e-05 0.0460804
8.37 0 -1.72122e-05 0.0459754
8.38 0 -1.75751e-05 0.0458462
8.39 0 -1.75496e-05 0.045745
8.4 0 -1.75533e-05 0.0456811
8.41 0 -1.7555e-05 0.0456466
8.42 0 -1.75531e-05 0.0456329
8.43 0 -1.75705e-05 0.0456343
8.44 0 -1.75458e-05 0.0456447
8.45 0 -1.75587e-05 0.0456569
8.46 0 -1.75512e-05 0.0456653
8.47 0 -1.75633e-05 0.0456677
8.48 0 -1.75557e-05 0.0456654
8.49 0 -1.75555e-05 0.0456609
8.5 0 -1.75526e-05 0.045657
8.51 0 -1.75586e-05 0.0456548
8.52 0 -1.75584e-05 0.0456545
8.53 0 -1.75559e-05 0.0456553
8.54 0 -1.75548e-05 0.045656
8.55 0 -1.75551e-05 0.0456561
8.56 0 -1.75585e-05 0.0456554
8.57 0 -1.7557e-05 0.0456542
8.58 0 -1.75556e-05 0.0456529
8.59 0 -1.7555e-05 0.0456519
8.6 0 -1.75567e-05 0.0456514
8.61 0 -1.75572e-05 0.0456512
8.62 0 -1.75567e-05 0.0456512
8.63 0 -1.75554e-05 0.0456513
8.64 0 -1.7556e-05 0.0456513
8.65 0 -1.75568e-05 0.0456514
8.66 0 -1.75569e-05 0.0456516
8.67 0 -1.75561e-05 0.045652
8.68 0 -1.75558e-05 0.0456527
8.69 0 -1.75564e-05 0.0456538
8.7 0 -1.75568e-05 0.045655
8.71 0 -1.75565e-05 0.0456565
8.72 0 -1.7556e-05 0.0456582
8.73 0 -1.75561e-05 0.0456602
8.74 0 -1.75565e-05 0.0456624
8.75 0 -1.75566e-05 0.0456649
8.76 0 -1.75563e-05 0.0456678
8.77 0 -1.75561e-05 0.0456711
8.78 0 -1.75563e-05 0.0456752
8.79 0 -1.75565e-05 0.0456815
8.8 0 -1.75564e-05 0.0456915
8.81 0 -1.75562e-05 0.0457056
8.82 0 -1.75562e-05 0.0457218
8.83 0 -1.75564e-05 0.0457351
8.84 0 -1.75565e-05 0.0457408
8.85 0 -1.75563e-05 0.045739
8.86 0 -1.75562e-05 0.0457336
8.87 0 -1.75563e-05 0.045729
8.88 0 -1.75564e-05 0.0457278
8.89 0 -1.75564e-05 0.0457302
8.9 0 -1.75563e-05 0.045735
8.91 0 -1.75565e-05 0.0457404
8.92 0 -1.75586e-05 0.045745
8.93 0 -1.75592e-05 0.0457483
8.94 0 -1.75563e-05 0.0457504
8.95 0 -1.7557e-05 0.0457522
8.96 0 -1.7558e-05 0.0457544
8.97 0 -1.7558e-05 0.0457575
8.98 0 -1.75591e-05 0.0457615
8.99 0 -1.75554e-05 0.0457673
9 0 -1.75569e-05 0.0457761
9.01 0 -1.75596e-05 0.0457886
9.02 0 -1.75561e-05 0.0458056
9.03 0 -1.75574e-05 0.0458275
9.04 0 -1.75566e-05 0.045855
9.05 0 -1.7556e-05 0.0458883
9.06 0 -1.75573e-05 0.0459282
9.07 0 -1.75556e-05 0.0459751
9.08 0 -1.7557e-05 0.0460299
9.09 0 -1.75557e-05 0.0460934
9.1 0 -1.75552e-05 0.0461667
9.11 0 -1.75565e-05 0.0462511
9.12 0 -1.75552e-05 0.046348
9.13 0 -1.75568e-05 0.0464596
9.14 0 -1.75521e-05 0.0465885
9.15 0 -1.75436e-05 0.0467382
9.16 0 -1.75373e-05 0.0469122
9.17 0 -1.75181e-05 0.0471136
9.18 0 -1.74982e-05 0.0473455
9.19 0 -1.74735e-05 0.0476111
9.2 0 -1.74378e-05 0.0479129
9.21 0 -1.741e-05 0.0482528
9.22 0 -1.73605e-05 0.0486313
9.23 0 -1.73044e-05 0.0490474
9.24 0 -1.72595e-05 0.0494974
9.25 0 -1.71763e-05 0.049975
9.26 0 -1.70933e-05 0.05047
9.27 0 -1.7006e-05 0.0509686
9.28 0 -1.69112e-05 0.0514529
9.29 0 -1.68339e-05 0.0519021
9.3 0 -1.67296e-05 0.0522918
9.31 0 -1.66749e-05 0.0525934
9.32 0 -1.66257e-05 0.0527644
9.33 0 -1.66254e-05 0.0527616
9.34 0 -1.70845e-05 0.05262
9.35 0 -1.75767e-05 0.0524522
9.36 0 -1.75436e-05 0.0523304
9.37 0 -1.75575e-05 0.0522557
9.38 0 -1.75524e-05 0.052213
9.39 0 -1.7556e-05 0.0521932
9.4 0 -1.75684e-05 0.05219
9.41 0 -1.75463e-05 0.0521976
9.42 0 -1.75575e-05 0.0522095
9.43 0 -1.75534e-05 0.0522199
9.44 0 -1.75622e-05 0.0522254
9.45 0 -1.75555e-05 0.0522257
9.46 0 -1.75556e-05 0.0522229
9.47 0 -1.7552e-05 0.0522195
9.48 0 -1.75603e-05 0.0522172
9.49 0 -1.75569e-05 0.0522165
9.5 0 -1.75564e-05 0.052217
9.51 0 -1.75543e-05 0.0522178
9.52 0 -1.75556e-05 0.0522183
9.53 0 -1.75586e-05 0.0522179
9.54 0 -1.75567e-05 0.0522169
9.55 0 -1.75555e-05 0.0522156
9.56 0 -1.75551e-05 0.0522145
9.57 0 -1.75571e-05 0.0522136
9.58 0 -1.75572e-05 0.052213
9.59 0 -1.75566e-05 0.0522127
9.6 0 -1.75551e-05 0.0522124
9.61 0 -1.75562e-05 0.0522121
9.62 0 -1.75569e-05 0.0522119
9.63 0 -1.7557e-05 0.0522117
9.64 0 -1.7556e-05 0.0522116
9.65 0 -1.75556e-05 0.0522117
9.66 0 -1.75564e-05 0.0522121
9.67 0 -1.75568e-05 0.0522126
9.68 0 -1.75565e-05 0.0522133
9.69 0 -1.7556e-05 0.0522143
9.7 0 -1.7556e-05 0.0522154
9.71 0 -1.75565e-05 0.0522168
9.72 0 -1.75567e-05 0.0522184
9.73 0 -1.75563e-05 0.0522202
9.74 0 -1.7556e-05 0.0522223
9.75 0 -1.75563e-05 0.0522247
9.76 0 -1.75567e-05 0.0522273
9.77 0 -1.75564e-05 0.0522303
9.78 0 -1.75562e-05 0.0522335
9.79 0 -1.75561e-05 0.0522376
9.8 0 -1.75565e-05 0.0522436
9.81 0 -1.75566e-05 0.0522531
9.82 0 -1.75562e-05 0.0522666
9.83 0 -1.75562e-05 0.0522828
9.84 0 -1.75562e-05 0.0522967
9.85 0 -1.75565e-05 0.0523032
9.86 0 -1.75564e-05 0.0523019
9.87 0 -1.75562e-05 0.0522966
9.88 0 -1.75563e-05 0.0522918
9.89 0 -1.75563e-05 0.0522903
9.9 0 -1.75564e-05 0.0522925
9.91 0 -1.75563e-05 0.0522972
9.92 0 -1.75563e-05 0.0523026
9.93 0 -1.75563e-05 0.0523074
9.94 0 -1.7558e-05 0.0523107
9.95 0 -1.75591e-05 0.0523128
9.96 0 -1.75561e-05 0.0523146
9.97 0 -1.7556e-05 0.0523167
9.98 0 -1.75584e-05 0.0523197
9.99 0 -1.75567e-05 0.0523233
10 0 -1.75578e-05 0.0523282
10.01 0 -1.75583e-05 0.052336
10.02 0 -1.75556e-05 0.0523475
10.03 0 -1.75571e-05 0.0523634
10.04 0 -1.75586e-05 0.0523839
10.05 0 -1.75581e-05 0.0524092
10.06 0 -1.75564e-05 0.0524396
10.07 0 -1.75554e-05 0.0524752
10.08 0 -1.75584e-05 0.0525163
10.09 0 -1.75591e-05 0.0525632
10.1 0 -1.75562e-05 0.0526163
10.11 0 -1.75558e-05 0.052676
10.12 0 -1.75571e-05 0.052743
10.13 0 -1.75582e-05 0.0528181
10.14 0 -1.75571e-05 0.0529022
10.15 0 -1.75561e-05 0.0529966
10.16 0 -1.75564e-05 0.0531029
10.17 0 -1.7557e-05 0.053223
10.18 0 -1.75562e-05 0.0533589
10.19 0 -1.75491e-05 0.0535129
10.2 0 -1.75393e-05 0.0536893
10.21 0 -1.75268e-05 0.0538935
10.22 0 -1.75068e-05 0.0541311
10.23 0 -1.74789e-05 0.0544065
10.24 0 -1.74387e-05 0.0547234
10.25 0 -1.73896e-05 0.0550855
10.26 0 -1.73311e-05 0.0554962
10.27 0 -1.72594e-05 0.0559582
10.28 0 -1.71734e-05 0.056473
10.29 0 -1.70706e-05 0.0570398
10.3 0 -1.69499e-05 0.0576554
10.31 0 -1.68095e-05 0.0583135
10.32 0 -1.66494e-05 0.059004
10.33 0 -1.64708e-05 0.0597134
10.34 0 -1.62775e-05 0.0604247
10.35 0 -1.60743e-05 0.0611181
10.36 0 -1.58685e-05 0.0617729
10.37 0 -1.56689e-05 0.0623685
10.38 0 -1.54852e-05 0.0628865
10.39 0 -1.53271e-05 0.0633119
10.4 0 -1.52032e-05 0.0636329
10.41 0 -1.50945e-05 0.0638338
10.42 0 -1.50639e-05 0.0638717
10.43 0 -1.59767e-05 0.0637611
10.44 0 -1.6737e-05 0.0636143
10.45 0 -1.74311e-05 0.0635203
10.46 0 -1.75975e-05 0.0634923
10.47 0 -1.75196e-05 0.0635037
10.48 0 -1.75732e-05 0.0635223
10.49 0 -1.75421e-05 0.0635281
10.5 0 -1.75989e-05 0.0635145
10.51 0 -1.75734e-05 0.0634862
10.52 0 -1.75585e-05 0.0634535
10.53 0 -1.7518e-05 0.0634263
10.54 0 -1.75434e-05 0.0634114
10.55 0 -1.75539e-05 0.0634108
10.56 0 -1.75749e-05 0.0634199
10.57 0 -1.75361e-05 0.0634316
10.58 0 -1.7531e-05 0.0634402
10.59 0 -1.75523e-05 0.0634434
10.6 0 -1.75579e-05 0.0634422
10.61 0 -1.75574e-05 0.0634389
10.62 0 -1.75364e-05 0.0634361
10.63 0 -1.75404e-05 0.063435
10.64 0 -1.75547e-05 0.0634358
10.65 0 -1.75568e-05 0.0634377
10.66 0 -1.75464e-05 0.0634397
10.67 0 -1.75415e-05 0.0634411
10.68 0 -1.75456e-05 0.0634417
10.69 0 -1.75554e-05 0.0634419
10.7 0 -1.75514e-05 0.063442
10.71 0 -1.75447e-05 0.0634423
10.72 0 -1.75443e-05 0.0634429
10.73 0 -1.75499e-05 0.0634438
10.74 0 -1.75526e-05 0.063445
10.75 0 -1.75485e-05 0.0634464
10.76 0 -1.75451e-05 0.0634482
10.77 0 -1.75471e-05 0.0634502
10.78 0 -1.75509e-05 0.0634523
10.79 0 -1.75502e-05 0.0634543
10.8 0 -1.75474e-05 0.0634563
10.81 0 -1.75462e-05 0.0634588
10.82 0 -1.75488e-05 0.063462
10.83 0 -1.75503e-05 0.0634664
10.84 0 -1.75488e-05 0.0634719
10.85 0 -1.75471e-05 0.0634783
10.86 0 -1.75476e-05 0.0634846
10.87 0 -1.75493e-05 0.0634899
10.88 0 -1.75494e-05 0.0634927
10.89 0 -1.75482e-05 0.0634921
10.9 0 -1.75473e-05 0.063489
10.91 0 -1.75486e-05 0.0634852
10.92 0 -1.75495e-05 0.0634818
10.93 0 -1.75488e-05 0.0634797
10.94 0 -1.75477e-05 0.0634788
10.95 0 -1.7548e-05 0.0634788
10.96 0 -1.7549e-05 0.0634795
10.97 0 -1.7549e-05 0.0634805
10.98 0 -1.75484e-05 0.0634816
10.99 0 -1.75479e-05 0.0634826
11 0 -1.75486e-05 0.0634835
11.01 0 -1.75489e-05 0.0634842
11.02 0 -1.75485e-05 0.0634847
11.03 0 -1.75482e-05 0.0634851
11.04 0 -1.75482e-05 0.0634854
11.05 0 -1.75487e-05 0.0634857
11.06 0 -1.75487e-05 0.0634861
11.07 0 -1.75484e-05 0.0634865
11.08 0 -1.75482e-05 0.063487
11.09 0 -1.75484e-05 0.0634873
11.1 0 -1.75486e-05 0.0634876
11.11 0 -1.75487e-05 0.063488
11.12 0 -1.75487e-05 0.0634884
11.13 0 -1.75482e-05 0.063489
11.14 0 -1.75483e-05 0.0634896
11.15 0 -1.75487e-05 0.0634903
11.16 0 -1.75486e-05 0.063491
11.17 0 -1.75485e-05 0.0634917
11.18 0 -1.75484e-05 0.0634925
11.19 0 -1.75486e-05 0.0634933
11.2 0 -1.75487e-05 0.063494
11.21 0 -1.75485e-05 0.0634946
11.22 0 -1.75484e-05 0.0634951
11.23 0 -1.75485e-05 0.0634958
11.24 0 -1.75486e-05 0.0634967
11.25 0 -1.75487e-05 0.0634977
11.26 0 -1.75485e-05 0.0634989
11.27 0 -1.75483e-05 0.0635
11.28 0 -1.75485e-05 0.0635012
11.29 0 -1.75485e-05 0.0635025
11.3 0 -1.75486e-05 0.0635037
11.31 0 -1.75484e-05 0.0635051
11.32 0 -1.75483e-05 0.0635065
11.33 0 -1.75488e-05 0.063508
11.34 0 -1.75487e-05 0.0635096
11.35 0 -1.75485e-05 0.0635114
11.36 0 -1.75483e-05 0.0635132
11.37 0 -1.75483e-05 0.0635151
11.38 0 -1.7549e-05 0.0635173
11.39 0 -1.75487e-05 0.0635196
11.4 0 -1.75484e-05 0.0635222
11.41 0 -1.75485e-05 0.0635251
11.42 0 -1.75486e-05 0.0635286
11.43 0 -1.75502e-05 0.0635342
11.44 0 -1.75492e-05 0.0635439
11.45 0 -1.75491e-05 0.063559
11.46 0 -1.7549e-05 0.0635807
11.47 0 -1.75496e-05 0.0636096
11.48 0 -1.75492e-05 0.0636465
11.49 0 -1.75493e-05 0.0636923
11.5 0 -1.7549e-05 0.0637484
11.51 0 -1.75491e-05 0.0638159
11.52 0 -1.75494e-05 0.0638957
11.53 0 -1.75491e-05 0.0639884
11.54 0 -1.75492e-05 0.0640943
11.55 0 -1.75489e-05 0.0642137
11.56 0 -1.75527e-05 0.0643459
11.57 0 -1.7549e-05 0.0644889
11.58 0 -1.7535e-05 0.0646397
11.59 0 -1.75164e-05 0.0647957
11.6 0 -1.74962e-05 0.0649556
11.61 0 -1.74752e-05 0.0651181
11.62 0 -1.74527e-05 0.065282
11.63 0 -1.74296e-05 0.0654458
11.64 0 -1.74057e-05 0.0656081
11.65 0 -1.73816e-05 0.0657674
11.66 0 -1.73573e-05 0.0659222
11.67 0 -1.73332e-05 0.0660711
11.68 0 -1.73095e-05 0.0662128
11.69 0 -1.72866e-05 0.0663461
11.7 0 -1.72649e-05 0.0664699
11.71 0 -1.72445e-05 0.0665833
11.72 0 -1.72257e-05 0.0666855
11.73 0 -1.72087e-05 0.0667762
11.74 0 -1.71937e-05 0.0668549
11.75 0 -1.71808e-05 0.0669216
11.76 0 -1.71701e-05 0.0669762
11.77 0 -1.71617e-05 0.0670191
11.78 0 -1.71555e-05 0.0670502
11.79 0 -1.71516e-05 0.0670682
11.8 0 -1.71513e-05 0.0670692
11.81 0 -1.71539e-05 0.0670542
11.82 0 -1.71881e-05 0.0670324
11.83 0 -1.72186e-05 0.0670135
11.84 0 -1.72468e-05 0.0670029
11.85 0 -1.7252e-05 0.0669998
11.86 0 -1.72476e-05 0.067
11.87 0 -1.72577e-05 0.0669993
11.88 0 -1.72698e-05 0.0669957
11.89 0 -1.7282e-05 0.0669892
11.9 0 -1.73007e-05 0.0669807
11.91 0 -1.73343e-05 0.0669707
11.92 0 -1.73699e-05 0.0669595
11.93 0 -1.74124e-05 0.0669466
11.94 0 -1.74532e-05 0.0669321
11.95 0 -1.75039e-05 0.0669164
11.96 0 -1.75601e-05 0.0669007
11.97 0 -1.75613e-05 0.0668856
11.98 0 -1.75588e-05 0.0668738
11.99 0 -1.7557e-05 0.0668689
12 0 -1.75559e-05 0.0668698
12.01 0 -1.75611e-05 0.0668735
12.02 0 -1.75562e-05 0.0668775
12.03 0 -1.75557e-05 0.0668804
12.04 0 -1.75559e-05 0.0668824
12.05 0 -1.75578e-05 0.0668846
12.06 0 -1.75586e-05 0.066888
12.07 0 -1.75558e-05 0.0668925
12.08 0 -1.75558e-05 0.0668979
12.09 0 -1.75576e-05 0.0669029
12.1 0 -1.75572e-05 0.0669066
12.11 0 -1.75575e-05 0.066908
12.12 0 -1.7556e-05 0.0669071
12.13 0 -1.75565e-05 0.0669048
12.14 0 -1.75575e-05 0.0669026
12.15 0 -1.75572e-05 0.0669016
12.16 0 -1.75568e-05 0.0669019
12.17 0 -1.75563e-05 0.066903
12.18 0 -1.75569e-05 0.0669044
12.19 0 -1.75573e-05 0.0669055
12.2 0 -1.75571e-05 0.0669062
12.21 0 -1.75565e-05 0.0669065
12.22 0 -1.75568e-05 0.0669068
12.23 0 -1.75571e-05 0.0669072
12.24 0 -1.75572e-05 0.0669079
12.25 0 -1.7557e-05 0.0669089
12.26 0 -1.7557e-05 0.06691
12.27 0 -1.75572e-05 0.0669113
12.28 0 -1.75568e-05 0.0669128
12.29 0 -1.7557e-05 0.0669143
12.3 0 -1.75573e-05 0.066916
12.31 0 -1.75573e-05 0.0669175
12.32 0 -1.75569e-05 0.0669191
12.33 0 -1.75566e-05 0.0669207
12.34 0 -1.75569e-05 0.0669223
12.35 0 -1.75573e-05 0.0669239
12.36 0 -1.75571e-05 0.0669258
12.37 0 -1.75568e-05 0.0669284
12.38 0 -1.75568e-05 0.0669317
12.39 0 -1.7557e-05 0.0669352
12.4 0 -1.75571e-05 0.0669383
12.41 0 -1.75569e-05 0.0669408
12.42 0 -1.75568e-05 0.0669429
12.43 0 -1.7557e-05 0.0669454
12.44 0 -1.7557e-05 0.0669492
12.45 0 -1.7557e-05 0.0669553
12.46 0 -1.75569e-05 0.0669643
12.47 0 -1.75568e-05 0.0669766
12.48 0 -1.7557e-05 0.0669925
12.49 0 -1.7557e-05 0.0670122
12.5 0 -1.75569e-05 0.067036
12.51 0 -1.75568e-05 0.0670639
12.52 0 -1.75569e-05 0.0670961
12.53 0 -1.7557e-05 0.0671325
12.54 0 -1.75569e-05 0.0671733
12.55 0 -1.75569e-05 0.0672184
12.56 0 -1.75569e-05 0.0672679
12.57 0 -1.75551e-05 0.0673198
12.58 0 -1.75493e-05 0.067371
12.59 0 -1.75432e-05 0.0674211
12.6 0 -1.75373e-05 0.0674708
12.61 0 -1.75311e-05 0.0675204
12.62 0 -1.7525e-05 0.0675704
12.63 0 -1.75186e-05 0.0676206
12.64 0 -1.75121e-05 0.067671
12.65 0 -1.75055e-05 0.0677215
12.66 0 -1.74989e-05 0.0677721
12.67 0 -1.74922e-05 0.0678224
12.68 0 -1.74854e-05 0.0678723
12.69 0 -1.74787e-05 0.0679216
12.7 0 -1.7472e-05 0.0679702
12.71 0 -1.74653e-05 0.0680177
12.72 0 -1.74587e-05 0.0680641
12.73 0 -1.74523e-05 0.068109
12.74 0 -1.7446e-05 0.0681525
12.75 0 -1.74399e-05 0.0681941
12.76 0 -1.7434e-05 0.0682339
12.77 0 -1.74284e-05 0.0682717
12.78 0 -1.7423e-05 0.0683074
12.79 0 -1.7418e-05 0.0683408
12.8 0 -1.74132e-05 0.0683719
12.81 0 -1.74088e-05 0.0684005
12.82 0 -1.74048e-05 0.0684267
12.83 0 -1.74011e-05 0.0684504
12.84 0 -1.73978e-05 0.0684715
12.85 0 -1.73949e-05 0.06849
12.86 0 -1.73924e-05 0.068506
12.87 0 -1.73921e-05 0.068519
12.88 0 -1.73906e-05 0.0685285
12.89 0 -1.73889e-05 0.0685348
12.9 0 -1.73874e-05 0.0685379
12.91 0 -1.7387e-05 0.0685371
12.92 0 -1.73867e-05 0.0685319
12.93 0 -1.73862e-05 0.0685234
12.94 0 -1.73932e-05 0.0685138
12.95 0 -1.74066e-05 0.0685049
12.96 0 -1.74186e-05 0.0684974
12.97 0 -1.74238e-05 0.0684908
12.98 0 -1.74283e-05 0.0684848
12.99 0 -1.74409e-05 0.0684787
13 0 -1.74545e-05 0.0684724
13.01 0 -1.74653e-05 0.0684658
13.02 0 -1.74749e-05 0.0684592
13.03 0 -1.74859e-05 0.0684527
13.04 0 -1.7501e-05 0.0684467
13.05 0 -1.75125e-05 0.0684414
13.06 0 -1.75202e-05 0.0684368
13.07 0 -1.7527e-05 0.0684333
13.08 0 -1.7529e-05 0.0684307
13.09 0 -1.75316e-05 0.0684293
13.1 0 -1.75358e-05 0.0684291
13.11 0 -1.75367e-05 0.0684299
13.12 0 -1.75366e-05 0.0684319
13.13 0 -1.75362e-05 0.0684348
13.14 0 -1.75354e-05 0.0684383
13.15 0 -1.75364e-05 0.0684423
13.16 0 -1.75369e-05 0.0684468
13.17 0 -1.75365e-05 0.0684515
13.18 0 -1.75363e-05 0.0684559
13.19 0 -1.75362e-05 0.0684591
13.2 0 -1.75367e-05 0.0684602
13.21 0 -1.75369e-05 0.0684593
13.22 0 -1.75365e-05 0.0684572
13.23 0 -1.75363e-05 0.0684554
13.24 0 -1.75365e-05 0.0684544
13.25 0 -1.75367e-05 0.0684544
13.26 0 -1.75367e-05 0.0684551
13.27 0 -1.75364e-05 0.0684558
13.28 0 -1.75364e-05 0.0684562
13.29 0 -1.75366e-05 0.0684564
13.3 0 -1.75367e-05 0.0684563
13.31 0 -1.75366e-05 0.0684562
13.32 0 -1.75366e-05 0.0684562
13.33 0 -1.75368e-05 0.0684564
13.34 0 -1.75367e-05 0.0684568
13.35 0 -1.75368e-05 0.0684574
13.36 0 -1.75371e-05 0.0684585
13.37 0 -1.75363e-05 0.0684599
13.38 0 -1.75361e-05 0.0684617
13.39 0 -1.7537e-05 0.0684642
13.4 0 -1.75368e-05 0.0684672
13.41 0 -1.75368e-05 0.0684703
13.42 0 -1.75365e-05 0.0684731
13.43 0 -1.75364e-05 0.0684753
13.44 0 -1.75371e-05 0.068477
13.45 0 -1.75368e-05 0.0684792
13.46 0 -1.75367e-05 0.0684836
13.47 0 -1.75365e-05 0.0684904
13.48 0 -1.75367e-05 0.0684989
13.49 0 -1.75368e-05 0.0685088
13.5 0 -1.75367e-05 0.0685201
13.51 0 -1.75366e-05 0.0685329
13.52 0 -1.75366e-05 0.0685473
13.53 0 -1.75368e-05 0.0685633
13.54 0 -1.75367e-05 0.0685811
13.55 0 -1.75367e-05 0.0686006
13.56 0 -1.75366e-05 0.0686218
13.57 0 -1.75367e-05 0.0686448
13.58 0 -1.7536e-05 0.0686676
13.59 0 -1.75336e-05 0.0686877
13.6 0 -1.75313e-05 0.0687051
13.61 0 -1.75294e-05 0.0687208
13.62 0 -1.75275e-05 0.0687357
13.63 0 -1.75257e-05 0.0687502
13.64 0 -1.75238e-05 0.0687646
13.65 0 -1.7522e-05 0.0687791
13.66 0 -1.75201e-05 0.0687936
13.67 0 -1.75183e-05 0.0688083
13.68 0 -1.75163e-05 0.0688232
13.69 0 -1.75144e-05 0.0688381
13.7 0 -1.75124e-05 0.068853
13.71 0 -1.75105e-05 0.0688679
13.72 0 -1.75086e-05 0.0688826
13.73 0 -1.75067e-05 0.0688971
13.74 0 -1.75048e-05 0.0689113
13.75 0 -1.75029e-05 0.0689251
13.76 0 -1.75012e-05 0.0689385
13.77 0 -1.74994e-05 0.0689514
13.78 0 -1.74978e-05 0.0689637
13.79 0 -1.74962e-05 0.0689753
13.8 0 -1.74947e-05 0.0689862
13.81 0 -1.74933e-05 0.0689964
13.82 0 -1.74921e-05 0.0690058
13.83 0 -1.74909e-05 0.0690143
13.84 0 -1.74907e-05 0.0690219
13.85 0 -1.74901e-05 0.0690282
13.86 0 -1.74891e-05 0.0690333
13.87 0 -1.74883e-05 0.0690373
13.88 0 -1.74875e-05 0.0690402
13.89 0 -1.74874e-05 0.0690422
13.9 0 -1.74873e-05 0.0690428
13.91 0 -1.74871e-05 0.0690416
13.92 0 -1.74869e-05 0.0690385
13.93 0 -1.74867e-05 0.0690342
13.94 0 -1.74876e-05 0.0690298
13.95 0 -1.74894e-05 0.0690257
13.96 0 -1.74918e-05 0.0690221
13.97 0 -1.74962e-05 0.0690189
13.98 0 -1.74979e-05 0.0690159
13.99 0 -1.74977e-05 0.0690131
14 0 -1.75004e-05 0.0690104
14.01 0 -1.75041e-05 0.0690077
14.02 0 -1.75069e-05 0.0690051
14.03 0 -1.75088e-05 0.0690027
14.04 0 -1.75097e-05 0.0690005
14.05 0 -1.7509e-05 0.0689987
14.06 0 -1.75105e-05 0.0689974
14.07 0 -1.75148e-05 0.0689965
14.08 0 -1.75167e-05 0.068996
14.09 0 -1.7515e-05 0.0689959
14.1 0 -1.75135e-05 0.0689962
14.11 0 -1.75143e-05 0.068997
14.12 0 -1.7516e-05 0.0689982
14.13 0 -1.75159e-05 0.0689996
14.14 0 -1.75144e-05 0.0690014
14.15 0 -1.7514e-05 0.0690034
14.16 0 -1.75151e-05 0.0690057
14.17 0 -1.75158e-05 0.069008
14.18 0 -1.75152e-05 0.0690101
14.19 0 -1.75144e-05 0.0690114
14.2 0 -1.75146e-05 0.0690115
14.21 0 -1.75154e-05 0.0690105
14.22 0 -1.75155e-05 0.0690092
14.23 0 -1.75149e-05 0.069008
14.24 0 -1.75145e-05 0.0690073
14.25 0 -1.7515e-05 0.0690072
14.26 0 -1.75153e-05 0.0690077
14.27 0 -1.75152e-05 0.0690084
14.28 0 -1.75148e-05 0.0690091
14.29 0 -1.75148e-05 0.0690096
14.3 0 -1.75151e-05 0.0690098
14.31 0 -1.75152e-05 0.0690099
14.32 0 -1.7515e-05 0.0690101
14.33 0 -1.75148e-05 0.0690106
14.34 0 -1.7515e-05 0.0690115
14.35 0 -1.75152e-05 0.0690126
14.36 0 -1.75151e-05 0.0690139
14.37 0 -1.75149e-05 0.0690153
14.38 0 -1.75149e-05 0.0690171
14.39 0 -1.75152e-05 0.0690198
14.4 0 -1.75154e-05 0.0690236
14.41 0 -1.75151e-05 0.0690298
14.42 0 -1.75146e-05 0.0690395
14.43 0 -1.75148e-05 0.0690517
14.44 0 -1.75154e-05 0.0690647
14.45 0 -1.75152e-05 0.0690773
14.46 0 -1.75148e-05 0.0690894
14.47 0 -1.75148e-05 0.0690993
14.48 0 -1.75148e-05 0.0691048
14.49 0 -1.75151e-05 0.0691052
14.5 0 -1.75148e-05 0.0691021
14.51 0 -1.75146e-05 0.0690984
14.52 0 -1.75151e-05 0.0690959
14.53 0 -1.75155e-05 0.0690952
14.54 0 -1.75155e-05 0.0690958
14.55 0 -1.75153e-05 0.069097
14.56 0 -1.75153e-05 0.0690981
14.57 0 -1.75154e-05 0.069099
14.58 0 -1.75155e-05 0.0690995
14.59 0 -1.75154e-05 0.0690997
14.6 0 -1.75151e-05 0.0690996
14.61 0 -1.75155e-05 0.0690995
14.62 0 -1.75157e-05 0.0690995
14.63 0 -1.75153e-05 0.0690996
14.64 0 -1.75152e-05 0.0690998
14.65 0 -1.75153e-05 0.0691
14.66 0 -1.75156e-05 0.0691
14.67 0 -1.75155e-05 0.0691
14.68 0 -1.75153e-05 0.0691
14.69 0 -1.75153e-05 0.0690999
14.7 0 -1.75154e-05 0.0690999
14.71 0 -1.75156e-05 0.0690999
14.72 0 -1.75154e-05 0.0690998
14.73 0 -1.75153e-05 0.0690998
14.74 0 -1.75154e-05 0.0690996
14.75 0 -1.75155e-05 0.0690994
14.76 0 -1.75155e-05 0.069099
14.77 0 -1.75154e-05 0.0690982
14.78 0 -1.75153e-05 0.069097
14.79 0 -1.75154e-05 0.0690953
14.8 0 -1.75155e-05 0.0690934
14.81 0 -1.75161e-05 0.0690914
14.82 0 -1.75168e-05 0.0690897
14.83 0 -1.75174e-05 0.0690883
14.84 0 -1.75181e-05 0.0690874
14.85 0 -1.75183e-05 0.0690868
14.86 0 -1.75186e-05 0.0690864
14.87 0 -1.75191e-05 0.0690862
14.88 0 -1.7519e-05 0.0690859
14.89 0 -1.75191e-05 0.0690857
14.9 0 -1.75196e-05 0.0690855
14.91 0 -1.75197e-05 0.0690854
14.92 0 -1.75195e-05 0.0690853
14.93 0 -1.75196e-05 0.0690853
14.94 0 -1.75196e-05 0.0690853
14.95 0 -1.75196e-05 0.0690855
14.96 0 -1.75197e-05 0.0690858
14.97 0 -1.75195e-05 0.0690862
14.98 0 -1.75196e-05 0.0690867
14.99 0 -1.75196e-05 0.0690874
15 0 -1.75196e-05 0.0690882
15.01 0 -1.75197e-05 0.069089
15.02 0 -1.75196e-05 0.0690899
15.03 0 -1.75196e-05 0.0690908
15.04 0 -1.75196e-05 0.0690918
15.05 0 -1.75196e-05 0.0690928
15.06 0 -1.75196e-05 0.0690937
15.07 0 -1.75196e-05 0.0690945
15.08 0 -1.75196e-05 0.069095
15.09 0 -1.75196e-05 0.0690954
15.1 0 -1.75196e-05 0.0690958
15.11 0 -1.75196e-05 0.0690962
15.12 0 -1.75196e-05 0.0690966
15.13 0 -1.75196e-05 0.069097
15.14 0 -1.75196e-05 0.0690975
15.15 0 -1.75196e-05 0.0690979
15.16 0 -1.75196e-05 0.0690983
15.17 0 -1.75196e-05 0.0690988
15.18 0 -1.75196e-05 0.0690992
15.19 0 -1.75196e-05 0.0690996
15.2 0 -1.75196e-05 0.0690999
15.21 0 -1.75196e-05 0.0691002
15.22 0 -1.75196e-05 0.0691003
15.23 0 -1.75196e-05 0.0691004
15.24 0 -1.75196e-05 0.0691003
15.25 0 -1.75196e-05 0.0691001
15.26 0 -1.75196e-05 0.0690997
15.27 0 -1.75196e-05 0.0690991
15.28 0 -1.75196e-05 0.0690984
15.29 0 -1.75196e-05 0.0690976
15.3 0 -1.75196e-05 0.0690967
15.31 0 -1.75196e-05 0.0690961
15.32 0 -1.75196e-05 0.0690957
15.33 0 -1.75196e-05 0.0690956
15.34 0 -1.75196e-05 0.0690958
15.35 0 -1.75196e-05 0.0690961
15.36 0 -1.75196e-05 0.0690964
15.37 0 -1.75196e-05 0.0690967
15.38 0 -1.75196e-05 0.0690969
15.39 0 -1.75196e-05 0.069097
15.4 0 -1.75196e-05 0.0690971
15.41 0 -1.75196e-05 0.0690972
15.42 0 -1.75196e-05 0.0690973
15.43 0 -1.75196e-05 0.0690973
15.44 0 -1.75196e-05 0.0690974
15.45 0 -1.75196e-05 0.0690974
15.46 0 -1.75196e-05 0.0690975
15.47 0 -1.75196e-05 0.0690976
15.48 0 -1.75196e-05 0.0690977
15.49 0 -1.75196e-05 0.0690979
15.5 0 -1.75196e-05 0.0690981
15.51 0 -1.75196e-05 0.0690984
15.52 0 -1.75196e-05 0.0690987
15.53 0 -1.75196e-05 0.069099
15.54 0 -1.75196e-05 0.0690993
15.55 0 -1.75196e-05 0.0690995
15.56 0 -1.75196e-05 0.0690998
15.57 0 -1.75196e-05 0.0690999
15.58 0 -1.75196e-05 0.0691
15.59 0 -1.75196e-05 0.0690999
15.6 0 -1.75196e-05 0.0690999
15.61 0 -1.75196e-05 0.0690997
15.62 0 -1.75196e-05 0.0690996
15.63 0 -1.75196e-05 0.0690994
15.64 0 -1.75196e-05 0.0690992
15.65 0 -1.75196e-05 0.0690991
15.66 0 -1.75196e-05 0.0690989
15.67 0 -1.75196e-05 0.0690987
15.68 0 -1.75196e-05 0.0690985
15.69 0 -1.75196e-05 0.0690984
15.7 0 -1.75196e-05 0.0690982
15.71 0 -1.75196e-05 0.0690981
15.72 0 -1.75196e-05 0.0690979
15.73 0 -1.75196e-05 0.0690978
15.74 0 -1.75196e-05 0.0690976
15.75 0 -1.75196e-05 0.0690975
15.76 0 -1.75196e-05 0.0690973
15.77 0 -1.75196e-05 0.0690972
15.78 0 -1.75196e-05 0.069097
15.79 0 -1.75196e-05 0.0690969
15.8 0 -1.75196e-05 0.0690969
15.81 0 -1.75196e-05 0.0690968
15.82 0 -1.75196e-05 0.0690968
15.83 0 -1.75196e-05 0.0690969
15.84 0 -1.75196e-05 0.0690969
15.85 0 -1.75196e-05 0.069097
15.86 0 -1.75196e-05 0.0690972
15.87 0 -1.75196e-05 0.0690973
15.88 0 -1.75196e-05 0.0690975
15.89 0 -1.75196e-05 0.0690977
15.9 0 -1.75196e-05 0.0690978
15.91 0 -1.75196e-05 0.069098
15.92 0 -1.75196e-05 0.0690982
15.93 0 -1.75196e-05 0.0690984
15.94 0 -1.75196e-05 0.0690985
15.95 0 -1.75196e-05 0.0690986
15.96 0 -1.75196e-05 0.0690988
15.97 0 -1.75196e-05 0.0690989
15.98 0 -1.75196e-05 0.069099
15.99 0 -1.75196e-05 0.0690991
16 0 -1.75196e-05 0.0690992
16.01 0 -1.75196e-05 0.0690992
16.02 0 -1.75196e-05 0.0690993
16.03 0 -1.75196e-05 0.0690993
16.04 0 -1.75196e-05 0.0690993
16.05 0 -1.75196e-05 0.0690993
16.06 0 -1.75196e-05 0.0690992
16.07 0 -1.75196e-05 0.0690991
16.08 0 -1.75196e-05 0.0690991
16.09 0 -1.75196e-05 0.0690989
16.1 0 -1.75196e-05 0.0690988
16.11 0 -1.75196e-05 0.0690987
16.12 0 -1.75196e-05 0.0690985
16.13 0 -1.75196e-05 0.0690984
16.14 0 -1.75196e-05 0.0690982
16.15 0 -1.75196e-05 0.069098
16.16 0 -1.75196e-05 0.0690979
16.17 0 -1.75196e-05 0.0690978
16.18 0 -1.75196e-05 0.0690976
16.19 0 -1.75196e-05 0.0690975
16.2 0 -1.75196e-05 0.0690974
16.21 0 -1.75196e-05 0.0690974
16.22 0 -1.75196e-05 0.0690973
16.23 0 -1.75196e-05 0.0690973
16.24 0 -1.75196e-05 0.0690972
16.25 0 -1.75196e-05 0.0690972
16.26 0 -1.75196e-05 0.0690972
16.27 0 -1.75196e-05 0.0690973
16.28 0 -1.75196e-05 0.0690973
16.29 0 -1.75196e-05 0.0690974
16.3 0 -1.75196e-05 0.0690975
16.31 0 -1.75196e-05 0.0690976
16.32 0 -1.75196e-05 0.0690977
16.33 0 -1.75196e-05 0.0690978
16.34 0 -1.75196e-05 0.0690979
16.35 0 -1.75196e-05 0.069098
16.36 0 -1.75196e-05 0.0690982
16.37 0 -1.75196e-05 0.0690983
16.38 0 -1.75196e-05 0.0690984
16.39 0 -1.75196e-05 0.0690986
16.4 0 -1.75196e-05 0.0690987
16.41 0 -1.75196e-05 0.0690988
16.42 0 -1.75196e-05 0.0690988
16.43 0 -1.75196e-05 0.0690989
16.44 0 -1.75196e-05 0.069099
16.45 0 -1.75196e-05 0.069099
16.46 0 -1.75196e-05 0.069099
16.47 0 -1.75196e-05 0.069099
16.48 0 -1.75196e-05 0.069099
16.49 0 -1.75196e-05 0.069099
16.5 0 -1.75196e-05 0.0690989
16.51 0 -1.75196e-05 0.0690989
16.52 0 -1.75196e-05 0.0690988
16.53 0 -1.75196e-05 0.0690987
16.54 0 -1.75196e-05 0.0690986
16.55 0 -1.75196e-05 0.0690985
16.56 0 -1.75196e-05 0.0690984
16.57 0 -1.75196e-05 0.0690983
16.58 0 -1.75196e-05 0.0690982
16.59 0 -1.75196e-05 0.0690981
16.6 0 -1.75196e-05 0.069098
16.61 0 -1.75196e-05 0.0690979
16.62 0 -1.75196e-05 0.0690978
16.63 0 -1.75196e-05 0.0690977
16.64 0 -1.75196e-05 0.0690976
16.65 0 -1.75196e-05 0.0690975
16.66 0 -1.75196e-05 0.0690975
16.67 0 -1.75196e-05 0.0690975
16.68 0 -1.75196e-05 0.0690975
16.69 0 -1.75196e-05 0.0690975
16.7 0 -1.75196e-05 0.0690975
16.71 0 -1.75196e-05 0.0690975
16.72 0 -1.75196e-05 0.0690975
16.73 0 -1.75196e-05 0.0690976
16.74 0 -1.75196e-05 0.0690977
16.75 0 -1.75196e-05 0.0690977
16.76 0 -1.75196e-05 0.0690978
16.77 0 -1.75196e-05 0.0690979
16.78 0 -1.75196e-05 0.069098
16.79 0 -1.75196e-05 0.0690981
16.8 0 -1.75196e-05 0.0690982
16.81 0 -1.75196e-05 0.0690983
16.82 0 -1.75196e-05 0.0690984
16.83 0 -1.75196e-05 0.0690985
16.84 0 -1.75196e-05 0.0690986
16.85 0 -1.75196e-05 0.0690986
16.86 0 -1.75196e-05 0.0690987
16.87 0 -1.75196e-05 0.0690987
16.88 0 -1.75196e-05 0.0690988
16.89 0 -1.75196e-05 0.0690988
16.9 0 -1.75196e-05 0.0690988
16.91 0 -1.75196e-05 0.0690988
16.92 0 -1.75196e-05 0.0690988
16.93 0 -1.75196e-05 0.0690988
16.94 0 -1.75196e-05 0.0690987
16.95 0 -1.75196e-05 0.0690987
16.96 0 -1.75196e-05 0.0690986
16.97 0 -1.75196e-05 0.0690986
16.98 0 -1.75196e-05 0.0690985
16.99 0 -1.75196e-05 0.0690984
17 0 -1.75196e-05 0.0690983
17.01 0 -1.75196e-05 0.0690982
17.02 0 -1.75196e-05 0.0690982
17.03 0 -1.75196e-05 0.0690981
17.04 0 -1.75196e-05 0.069098
17.05 0 -1.75196e-05 0.0690979
17.06 0 -1.75196e-05 0.0690979
17.07 0 -1.75196e-05 0.0690978
17.08 0 -1.75196e-05 0.0690977
17.09 0 -1.75196e-05 0.0690977
17.1 0 -1.75196e-05 0.0690977
17.11 0 -1.75196e-05 0.0690977
17.12 0 -1.75196e-05 0.0690976
17.13 0 -1.75196e-05 0.0690976
17.14 0 -1.75196e-05 0.0690977
17.15 0 -1.75196e-05 0.0690977
17.16 0 -1.75196e-05 0.0690977
17.17 0 -1.75196e-05 0.0690978
17.18 0 -1.75196e-05 0.0690978
17.19 0 -1.75196e-05 0.0690979
17.2 0 -1.75196e-05 0.0690979
17.21 0 -1.75196e-05 0.069098
17.22 0 -1.75196e-05 0.0690981
17.23 0 -1.75196e-05 0.0690981
17.24 0 -1.75196e-05 0.0690982
17.25 0 -1.75196e-05 0.0690983
17.26 0 -1.75196e-05 0.0690984
17.27 0 -1.75196e-05 0.0690984
17.28 0 -1.75196e-05 0.0690985
17.29 0 -1.75196e-05 0.0690985
17.3 0 -1.75196e-05 0.0690986
17.31 0 -1.75196e-05 0.0690986
17.32 0 -1.75196e-05 0.0690986
17.33 0 -1.75196e-05 0.0690986
17.34 0 -1.75196e-05 0.0690987
17.35 0 -1.75196e-05 0.0690987
17.36 0 -1.75196e-05 0.0690986
17.37 0 -1.75196e-05 0.0690986
17.38 0 -1.75196e-05 0.0690986
17.39 0 -1.75196e-05 0.0690985
17.4 0 -1.75196e-05 0.0690985
17.41 0 -1.75196e-05 0.0690985
17.42 0 -1.75196e-05 0.0690984
17.43 0 -1.75196e-05 0.0690983
17.44 0 -1.75196e-05 0.0690983
17.45 0 -1.75196e-05 0.0690982
17.46 0 -1.75196e-05 0.0690981
17.47 0 -1.75196e-05 0.0690981
17.48 0 -1.75196e-05 0.069098
17.49 0 -1.75196e-05 0.069098
17.5 0 -1.75196e-05 0.0690979
17.51 0 -1.75196e-05 0.0690979
17.52 0 -1.75196e-05 0.0690978
17.53 0 -1.75196e-05 0.0690978
17.54 0 -1.75196e-05 0.0690978
17.55 0 -1.75196e-05 0.0690978
17.56 0 -1.75196e-05 0.0690978
17.57 0 -1.75196e-05 0.0690978
17.58 0 -1.75196e-05 0.0690978
17.59 0 -1.75196e-05 0.0690978
17.6 0 -1.75196e-05 0.0690978
17.61 0 -1.75196e-05 0.0690979
17.62 0 -1.75196e-05 0.0690979
17.63 0 -1.75196e-05 0.069098
17.64 0 -1.75196e-05 0.069098
17.65 0 -1.75196e-05 0.0690981
17.66 0 -1.75196e-05 0.0690981
17.67 0 -1.75196e-05 0.0690982
17.68 0 -1.75196e-05 0.0690982
17.69 0 -1.75196e-05 0.0690983
17.7 0 -1.75196e-05 0.0690983
17.71 0 -1.75196e-05 0.0690984
17.72 0 -1.75196e-05 0.0690984
17.73 0 -1.75196e-05 0.0690985
17.74 0 -1.75196e-05 0.0690985
17.75 0 -1.75196e-05 0.0690985
17.76 0 -1.75196e-05 0.0690985
17.77 0 -1.75196e-05 0.0690985
17.78 0 -1.75196e-05 0.0690985
17.79 0 -1.75196e-05 0.0690985
17.8 0 -1.75196e-05 0.0690985
17.81 0 -1.75196e-05 0.0690985
17.82 0 -1.75196e-05 0.0690985
17.83 0 -1.75196e-05 0.0690984
17.84 0 -1.75196e-05 0.0690984
17.85 0 -1.75196e-05 0.0690984
17.86 0 -1.75196e-05 0.0690983
17.87 0 -1.75196e-05 0.0690983
17.88 0 -1.75196e-05 0.0690982
17.89 0 -1.75196e-05 0.0690982
17.9 0 -1.75196e-05 0.0690981
17.91 0 -1.75196e-05 0.0690981
17.92 0 -1.75196e-05 0.0690981
17.93 0 -1.75196e-05 0.069098
17.94 0 -1.75196e-05 0.069098
17.95 0 -1.75196e-05 0.069098
17.96 0 -1.75196e-05 0.0690979
17.97 0 -1.75196e-05 0.0690979
17.98 0 -1.75196e-05 0.0690979
17.99 0 -1.75196e-05 0.0690979
18 0 -1.75196e-05 0.0690979
18.01 0 -1.75196e-05 0.0690979
18.02 0 -1.75196e-05 0.0690979
18.03 0 -1.75196e-05 0.0690979
18.04 0 -1.75196e-05 0.0690979
18.05 0 -1.75196e-05 0.069098
18.06 0 -1.75196e-05 0.069098
18.07 0 -1.75196e-05 0.069098
18.08 0 -1.75196e-05 0.0690981
18.09 0 -1.75196e-05 0.0690981
18.1 0 -1.75196e-05 0.0690981
18.11 0 -1.75196e-05 0.0690982
18.12 0 -1.75196e-05 0.0690982
18.13 0 -1.75196e-05 0.0690983
18.14 0 -1.75196e-05 0.0690983
18.15 0 -1.75196e-05 0.0690983
18.16 0 -1.75196e-05 0.0690984
18.17 0 -1.75196e-05 0.0690984
18.18 0 -1.75196e-05 0.0690984
18.19 0 -1.75196e-05 0.0690984
18.2 0 -1.75196e-05 0.0690984
18.21 0 -1.75196e-05 0.0690984
18.22 0 -1.75196e-05 0.0690984
18.23 0 -1.75196e-05 0.0690984
18.24 0 -1.75196e-05 0.0690984
18.25 0 -1.75196e-05 0.0690984
18.26 0 -1.75196e-05 0.0690984
18.27 0 -1.75196e-05 0.0690984
18.28 0 -1.75196e-05 0.0690983
18.29 0 -1.75196e-05 0.0690983
18.3 0 -1.75196e-05 0.0690983
18.31 0 -1.75196e-05 0.0690983
18.32 0 -1.75196e-05 0.0690982
18.33 0 -1.75196e-05 0.0690982
18.34 0 -1.75196e-05 0.0690981
18.35 0 -1.75196e-05 0.0690981
18.36 0 -1.75196e-05 0.0690981
18.37 0 -1.75196e-05 0.0690981
18.38 0 -1.75196e-05 0.069098
18.39 0 -1.75196e-05 0.069098
18.4 0 -1.75196e-05 0.069098
18.41 0 -1.75196e-05 0.069098
18.42 0 -1.75196e-05 0.069098
18.43 0 -1.75196e-05 0.069098
18.44 0 -1.75196e-05 0.069098
18.45 0 -1.75196e-05 0.069098
18.46 0 -1.75196e-05 0.069098
18.47 0 -1.75196e-05 0.069098
18.48 0 -1.75196e-05 0.069098
18.49 0 -1.75196e-05 0.069098
18.5 0 -1.75196e-05 0.069098
18.51 0 -1.75196e-05 0.0690981
18.52 0 -1.75196e-05 0.0690981
18.53 0 -1.75196e-05 0.0690981
18.54 0 -1.75196e-05 0.0690982
18.55 0 -1.75196e-05 0.0690982
18.56 0 -1.75196e-05 0.0690982
18.57 0 -1.75196e-05 0.0690983
18.58 0 -1.75196e-05 0.0690983
18.59 0 -1.75196e-05 0.0690983
18.6 0 -1.75196e-05 0.0690983
18.61 0 -1.75196e-05 0.0690983
18.62 0 -1.75196e-05 0.0690984
18.63 0 -1.75196e-05 0.0690984
18.64 0 -1.75196e-05 0.0690984
18.65 0 -1.75196e-05 0.0690984
18.66 0 -1.75196e-05 0.0690984
18.67 0 -1.75196e-05 0.0690984
18.68 0 -1.75196e-05 0.0690984
18.69 0 -1.75196e-05 0.0690984
18.7 0 -1.75196e-05 0.0690983
18.71 0 -1.75196e-05 0.0690983
18.72 0 -1.75196e-05 0.0690983
18.73 0 -1.75196e-05 0.0690983
18.74 0 -1.75196e-05 0.0690983
18.75 0 -1.75196e-05 0.0690982
18.76 0 -1.75196e-05 0.0690982
18.77 0 -1.75196e-05 0.0690982
18.78 0 -1.75196e-05 0.0690981
18.79 0 -1.75196e-05 0.0690981
18.8 0 -1.75196e-05 0.0690981
18.81 0 -1.75196e-05 0.0690981
18.82 0 -1.75196e-05 0.0690981
18.83 0 -1.75196e-05 0.069098
18.84 0 -1.75196e-05 0.069098
18.85 0 -1.75196e-05 0.069098
18.86 0 -1.75196e-05 0.069098
18.87 0 -1.75196e-05 0.069098
18.88 0 -1.75196e-05 0.069098
18.89 0 -1.75196e-05 0.069098
18.9 0 -1.75196e-05 0.069098
18.91 0 -1.75196e-05 0.069098
18.92 0 -1.75196e-05 0.0690981
18.93 0 -1.75196e-05 0.0690981
18.94 0 -1.75196e-05 0.0690981
18.95 0 -1.75196e-05 0.0690981
18.96 0 -1.75196e-05 0.0690981
18.97 0 -1.75196e-05 0.0690982
18.98 0 -1.75196e-05 0.0690982
18.99 0 -1.75196e-05 0.0690982
19 0 -1.75196e-05 0.0690982
19.01 0 -1.75196e-05 0.0690982
19.02 0 -1.75196e-05 0.0690983
19.03 0 -1.75196e-05 0.0690983
19.04 0 -1.75196e-05 0.0690983
19.05 0 -1.75196e-05 0.0690983
19.06 0 -1.75196e-05 0.0690983
19.07 0 -1.75196e-05 0.0690983
19.08 0 -1.75196e-05 0.0690983
19.09 0 -1.75196e-05 0.0690983
19.1 0 -1.75196e-05 0.0690983
19.11 0 -1.75196e-05 0.0690983
19.12 0 -1.75196e-05 0.0690983
19.13 0 -1.75196e-05 0.0690983
19.14 0 -1.75196e-05 0.0690983
19.15 0 -1.75196e-05 0.0690983
19.16 0 -1.75196e-05 0.0690983
19.17 0 -1.75196e-05 0.0690982
19.18 0 -1.75196e-05 0.0690982
19.19 0 -1.75196e-05 0.0690982
19.2 0 -1.75196e-05 0.0690982
19.21 0 -1.75196e-05 0.0690982
19.22 0 -1.75196e-05 0.0690982
19.23 0 -1.75196e-05 0.0690981
19.24 0 -1.75196e-05 0.0690981
19.25 0 -1.75196e-05 0.0690981
19.26 0 -1.75196e-05 0.0690981
19.27 0 -1.75196e-05 0.0690981
19.28 0 -1.75196e-05 0.0690981
19.29 0 -1.75196e-05 0.0690981
19.3 0 -1.75196e-05 0.0690981
19.31 0 -1.75196e-05 0.0690981
19.32 0 -1.75196e-05 0.0690981
19.33 0 -1.75196e-05 0.0690981
19.34 0 -1.75196e-05 0.0690981
19.35 0 -1.75196e-05 0.0690981
19.36 0 -1.75196e-05 0.0690981
19.37 0 -1.75196e-05 0.0690981
19.38 0 -1.75196e-05 0.0690981
19.39 0 -1.75196e-05 0.0690981
19.4 0 -1.75196e-05 0.0690981
19.41 0 -1.75196e-05 0.0690982
19.42 0 -1.75196e-05 0.0690982
19.43 0 -1.75196e-05 0.0690982
19.44 0 -1.75196e-05 0.0690982
19.45 0 -1.75196e-05 0.0690982
19.46 0 -1.75196e-05 0.0690982
19.47 0 -1.75196e-05 0.0690983
19.48 0 -1.75196e-05 0.0690983
19.49 0 -1.75196e-05 0.0690983
19.5 0 -1.75196e-05 0.0690983
19.51 0 -1.75196e-05 0.0690983
19.52 0 -1.75196e-05 0.0690983
19.53 0 -1.75196e-05 0.0690983
19.54 0 -1.75196e-05 0.0690983
19.55 0 -1.75196e-05 0.0690983
19.56 0 -1.75196e-05 0.0690983
19.57 0 -1.75196e-05 0.0690983
19.58 0 -1.75196e-05 0.0690983
19.59 0 -1.75196e-05 0.0690983
19.6 0 -1.75196e-05 0.0690982
19.61 0 -1.75196e-05 0.0690982
19.62 0 -1.75196e-05 0.0690982
19.63 0 -1.75196e-05 0.0690982
19.64 0 -1.75196e-05 0.0690982
19.65 0 -1.75196e-05 0.0690982
19.66 0 -1.75196e-05 0.0690982
19.67 0 -1.75196e-05 0.0690981
19.68 0 -1.75196e-05 0.0690981
19.69 0 -1.75196e-05 0.0690981
19.7 0 -1.75196e-05 0.0690981
19.71 0 -1.75196e-05 0.0690981
19.72 0 -1.75196e-05 0.0690981
19.73 0 -1.75196e-05 0.0690981
19.74 0 -1.75196e-05 0.0690981
19.75 0 -1.75196e-05 0.0690981
19.76 0 -1.75196e-05 0.0690981
19.77 0 -1.75196e-05 0.0690981
19.78 0 -1.75196e-05 0.0690981
19.79 0 -1.75196e-05 0.0690981
19.8 0 -1.75196e-05 0.0690981
19.81 0 -1.75196e-05 0.0690981
19.82 0 -1.75196e-05 0.0690981
19.83 0 -1.75196e-05 0.0690981
19.84 0 -1.75196e-05 0.0690982
19.85 0 -1.75196e-05 0.0690982
19.86 0 -1.75196e-05 0.0690982
19.87 0 -1.75196e-05 0.0690982
19.88 0 -1.75196e-05 0.0690982
19.89 0 -1.75196e-05 0.0690982
19.9 0 -1.75196e-05 0.0690982
19.91 0 -1.75196e-05 0.0690982
19.92 0 -1.75196e-05 0.0690982
19.93 0 -1.75196e-05 0.0690983
19.94 0 -1.75196e-05 0.0690983
19.95 0 -1.75196e-05 0.0690983
19.96 0 -1.75196e-05 0.0690983
19.97 0 -1.75196e-05 0.0690983
19.98 0 -1.75196e-05 0.0690983
19.99 0 -1.75196e-05 0.0690983
20 0 -1.75196e-05 0.0690983
