0.01 0 -0.000260578 9.63494e-05
0.02 0 -0.000260578 9.16373e-05
0.03 0 -0.000260578 8.01452e-05
0.04 0 -0.000260586 6.10281e-05
0.05 0 -0.000260622 3.46457e-05
0.06 0 -0.000260704 1.1716e-06
0.07 0 -0.000260843 -3.94239e-05
0.08 0 -0.000261056 -8.69956e-05
0.09 0 -0.000261353 -0.000140977
0.1 0 -0.000261747 -0.000200899
0.11 0 -0.000262248 -0.000266442
0.12 0 -0.000262842 -0.000337064
0.13 0 -0.000263504 -0.000412132
0.14 0 -0.000264201 -0.000490985
0.15 0 -0.000264884 -0.000572861
0.16 0 -0.000265521 -0.000656938
0.17 0 -0.000266108 -0.00074244
0.18 0 -0.000266643 -0.000828694
0.19 0 -0.000267125 -0.000915107
0.2 0 -0.000267551 -0.00100114
0.21 0 -0.000267921 -0.0010863
0.22 0 -0.000268246 -0.00117011
0.23 0 -0.000268535 -0.00125203
0.24 0 -0.000268785 -0.00133154
0.25 0 -0.000268999 -0.00140804
0.26 0 -0.000269185 -0.00148079
0.27 0 -0.000269347 -0.00154899
0.28 0 -0.00026948 -0.00161178
0.29 0 -0.000269586 -0.00166822
0.3 0 -0.000269677 -0.00171744
0.31 0 -0.000269754 -0.00175838
0.32 0 -0.000269809 -0.00178962
0.33 0 -0.00026984 -0.0018099
0.34 0 -0.000269849 -0.00181584
0.35 0 -0.000269845 -0.00180934
0.36 0 -0.000269846 -0.00179235
0.37 0 -0.000269846 -0.00176678
0.38 0 -0.000269843 -0.00173759
0.39 0 -0.000269845 -0.00170207
0.4 0 -0.000269854 -0.00165671
0.41 0 -0.000269871 -0.00160248
0.42 0 -0.000269894 -0.00154033
0.43 0 -0.000269931 -0.00147044
0.44 0 -0.000269985 -0.00139244
0.45 0 -0.000270059 -0.00130609
0.46 0 -0.000270156 -0.00121173
0.47 0 -0.000270273 -0.00111003
0.48 0 -0.000270412 -0.00100176
0.49 0 -0.000270571 -0.000887983
0.5 0 -0.000270746 -0.000770001
0.51 0 -0.000270929 -0.000648865
0.52 0 -0.000271113 -0.000525271
0.53 0 -0.0002713 -0.000399547
0.54 0 -0.000271488 -0.0002717
0.55 0 -0.000271673 -0.000141483
0.56 0 -0.000271857 -8.43384e-06
0.57 0 -0.000272035 0.000128083
0.58 0 -0.000272208 0.000268932
0.59 0 -0.000272378 0.000414935
0.6 0 -0.000272544 0.000566683
0.61 0 -0.000272701 0.000724716
0.62 0 -0.000272853 0.000889478
0.63 0 -0.000272998 0.00106127
0.64 0 -0.000273133 0.00124031
0.65 0 -0.000273259 0.00142675
0.66 0 -0.000273375 0.00162059
0.67 0 -0.00027348 0.00182175
0.68 0 -0.000273573 0.00202998
0.69 0 -0.000273654 0.00224495
0.7 0 -0.000273722 0.00246611
0.71 0 -0.000273778 0.00269347
0.72 0 -0.00027382 0.00292754
0.73 0 -0.000273851 0.00316806
0.74 0 -0.000273871 0.00341459
0.75 0 -0.000273882 0.00366682
0.76 0 -0.000273882 0.00392406
0.77 0 -0.000273866 0.00418503
0.78 0 -0.000273834 0.00444845
0.79 0 -0.00027379 0.00471334
0.8 0 -0.000273734 0.00497846
0.81 0 -0.000273673 0.00524208
0.82 0 -0.000273603 0.0055022
0.83 0 -0.000273523 0.00575667
0.84 0 -0.000273434 0.00600343
0.85 0 -0.000273344 0.0062406
0.86 0 -0.000273255 0.00646618
0.87 0 -0.000273168 0.00667803
0.88 0 -0.000273085 0.0068739
0.89 0 -0.000273009 0.00705156
0.9 0 -0.000272939 0.00720875
0.91 0 -0.000272878 0.00734326
0.92 0 -0.000272827 0.0074529
0.93 0 -0.000272788 0.00753553
0.94 0 -0.000272764 0.00758233
0.95 0 -0.000272765 0.00757685
0.96 0 -0.000272767 0.00753837
0.97 0 -0.000272754 0.00750177
0.98 0 -0.000272852 0.00746394
0.99 0 -0.000273047 0.00741278
1 0 -0.000273346 0.00734908
1.01 0 -0.000273807 0.00727564
1.02 0 -0.000274173 0.00719172
1.03 0 -0.000274242 0.00709422
1.04 0 -0.000274244 0.0069824
1.05 0 -0.000274316 0.00685723
1.06 0 -0.000274436 0.00671827
1.07 0 -0.000274571 0.00656329
1.08 0 -0.000274722 0.00639137
1.09 0 -0.000274937 0.00620418
1.1 0 -0.000275223 0.00600345
1.11 0 -0.000275513 0.00578956
1.12 0 -0.000275782 0.00556258
1.13 0 -0.000276063 0.00532367
1.14 0 -0.000276357 0.00507452
1.15 0 -0.000276657 0.00481646
1.16 0 -0.00027692 0.00455031
1.17 0 -0.000277151 0.00427675
1.18 0 -0.000277377 0.00399633
1.19 0 -0.000277596 0.00370959
1.2 0 -0.000277797 0.00341741
1.21 0 -0.000277962 0.00312024
1.22 0 -0.000278108 0.0028184
1.23 0 -0.000278249 0.00251288
1.24 0 -0.000278381 0.00220483
1.25 0 -0.000278488 0.00189457
1.26 0 -0.000278572 0.00158237
1.27 0 -0.000278648 0.00126968
1.28 0 -0.000278723 0.000958221
1.29 0 -0.000278787 0.000649381
1.3 0 -0.00027883 0.000344611
1.31 0 -0.000278857 4.44853e-05
1.32 0 -0.000278883 -0.000250585
1.33 0 -0.000278907 -0.000538208
1.34 0 -0.000278924 -0.00081528
1.35 0 -0.000278932 -0.00107968
1.36 0 -0.000278934 -0.00132964
1.37 0 -0.000278937 -0.00156332
1.38 0 -0.000278938 -0.00177875
1.39 0 -0.000278931 -0.00197387
1.4 0 -0.000278917 -0.00214665
1.41 0 -0.000278901 -0.00229506
1.42 0 -0.000278886 -0.00241709
1.43 0 -0.000278875 -0.00251052
1.44 0 -0.000278866 -0.0025665
1.45 0 -0.000278863 -0.00256839
1.46 0 -0.000278864 -0.00253537
1.47 0 -0.000278861 -0.00249426
1.48 0 -0.000278943 -0.0024409
1.49 0 -0.000278956 -0.0023774
1.5 0 -0.000278965 -0.00230812
1.51 0 -0.000278978 -0.00222871
1.52 0 -0.000278998 -0.00213657
1.53 0 -0.000279052 -0.00202977
1.54 0 -0.000279126 -0.00190713
1.55 0 -0.000279242 -0.00176896
1.56 0 -0.000279378 -0.00161496
1.57 0 -0.000279555 -0.00144319
1.58 0 -0.000279746 -0.00125109
1.59 0 -0.000279989 -0.00103759
1.6 0 -0.000280261 -0.000803527
1.61 0 -0.00028053 -0.000549609
1.62 0 -0.000280776 -0.000275542
1.63 0 -0.000281019 1.92926e-05
1.64 0 -0.00028126 0.000335671
1.65 0 -0.000281476 0.000673753
1.66 0 -0.000281664 0.00103255
1.67 0 -0.000281815 0.00141135
1.68 0 -0.000281949 0.00181008
1.69 0 -0.000282061 0.00222784
1.7 0 -0.000282145 0.0026639
1.71 0 -0.0002822 0.00311822
1.72 0 -0.000282232 0.00358962
1.73 0 -0.000282248 0.00407651
1.74 0 -0.000282228 0.004579
1.75 0 -0.000282158 0.0050968
1.76 0 -0.000282044 0.00562709
1.77 0 -0.000281896 0.00616493
1.78 0 -0.000281711 0.00670518
1.79 0 -0.000281492 0.00724827
1.8 0 -0.000281248 0.00779735
1.81 0 -0.000280984 0.00835098
1.82 0 -0.000280708 0.00890517
1.83 0 -0.000280415 0.00945664
1.84 0 -0.000280107 0.0100033
1.85 0 -0.000279791 0.0105436
1.86 0 -0.000279478 0.011075
1.87 0 -0.000279172 0.0115945
1.88 0 -0.00027887 0.0120995
1.89 0 -0.000278571 0.0125873
1.9 0 -0.000278278 0.0130552
1.91 0 -0.000277998 0.0135006
1.92 0 -0.000277732 0.0139209
1.93 0 -0.000277479 0.0143136
1.94 0 -0.00027724 0.0146763
1.95 0 -0.000277022 0.0150067
1.96 0 -0.000276826 0.0153025
1.97 0 -0.000276653 0.0155616
1.98 0 -0.000276503 0.0157822
1.99 0 -0.000276379 0.0159622
2 0 -0.000276284 0.0161
2.01 0 -0.000276222 0.016186
2.02 0 -0.000276212 0.0161985
2.03 0 -0.000276213 0.0161591
2.04 0 -0.000276209 0.0161157
2.05 0 -0.000276414 0.0160636
2.06 0 -0.000276752 0.015992
2.07 0 -0.000277249 0.0159168
2.08 0 -0.000277912 0.0158356
2.09 0 -0.000278848 0.0157368
2.1 0 -0.00028012 0.0156237
2.11 0 -0.000281792 0.0155032
2.12 0 -0.000282535 0.0153695
2.13 0 -0.000282593 0.0152112
2.14 0 -0.000282803 0.0150265
2.15 0 -0.000282963 0.0148199
2.16 0 -0.000283224 0.0145934
2.17 0 -0.000283455 0.0143466
2.18 0 -0.000283673 0.0140804
2.19 0 -0.000283976 0.0137959
2.2 0 -0.000284314 0.0134924
2.21 0 -0.000284555 0.0131702
2.22 0 -0.000284742 0.0128297
2.23 0 -0.000284942 0.0124718
2.24 0 -0.000285159 0.012098
2.25 0 -0.000285357 0.0117082
2.26 0 -0.000285472 0.0113045
2.27 0 -0.000285564 0.0108888
2.28 0 -0.000285681 0.0104614
2.29 0 -0.000285789 0.0100245
2.3 0 -0.000285858 0.00958107
2.31 0 -0.000285888 0.00913182
2.32 0 -0.000285917 0.00867725
2.33 0 -0.000285963 0.00821949
2.34 0 -0.000285992 0.00776129
2.35 0 -0.000285987 0.00730552
2.36 0 -0.000285953 0.00685537
2.37 0 -0.000285914 0.00641338
2.38 0 -0.000285877 0.00598115
2.39 0 -0.000285822 0.00556082
2.4 0 -0.000285749 0.00515523
2.41 0 -0.000285673 0.00476729
2.42 0 -0.000285601 0.00439988
2.43 0 -0.000285527 0.00405584
2.44 0 -0.000285445 0.00373795
2.45 0 -0.000285362 0.00344892
2.46 0 -0.000285288 0.00319138
2.47 0 -0.000285225 0.00296778
2.48 0 -0.000285167 0.00278043
2.49 0 -0.000285114 0.00263152
2.5 0 -0.000285076 0.00252757
2.51 0 -0.000285063 0.00248692
2.52 0 -0.000285053 0.0025125
2.53 0 -0.000285086 0.00256824
2.54 0 -0.000285223 0.00262767
2.55 0 -0.000285536 0.00269473
2.56 0 -0.00028601 0.002775
2.57 0 -0.000286064 0.00287423
2.58 0 -0.000286042 0.00299753
2.59 0 -0.000286172 0.00314337
2.6 0 -0.000286292 0.00330987
2.61 0 -0.000286514 0.00349867
2.62 0 -0.000286662 0.00371191
2.63 0 -0.000286802 0.00394939
2.64 0 -0.000287068 0.00420886
2.65 0 -0.000287346 0.00448839
2.66 0 -0.000287542 0.0047888
2.67 0 -0.000287699 0.0051123
2.68 0 -0.000287849 0.00546024
2.69 0 -0.000288032 0.0058343
2.7 0 -0.000288191 0.00623627
2.71 0 -0.000288267 0.00666638
2.72 0 -0.000288322 0.00712633
2.73 0 -0.000288387 0.00761659
2.74 0 -0.000288445 0.00813453
2.75 0 -0.000288469 0.00868109
2.76 0 -0.000288435 0.00925898
2.77 0 -0.000288356 0.00986624
2.78 0 -0.000288234 0.010497
2.79 0 -0.00028806 0.0111475
2.8 0 -0.000287836 0.0118173
2.81 0 -0.000287571 0.0125043
2.82 0 -0.000287282 0.0132037
2.83 0 -0.000286962 0.0139089
2.84 0 -0.000286597 0.014613
2.85 0 -0.000286202 0.0153135
2.86 0 -0.000285801 0.0160112
2.87 0 -0.000285397 0.0167046
2.88 0 -0.000284987 0.0173902
2.89 0 -0.000284569 0.0180645
2.9 0 -0.000284147 0.0187243
2.91 0 -0.00028373 0.0193662
2.92 0 -0.00028332 0.0199869
2.93 0 -0.000282916 0.0205831
2.94 0 -0.00028252 0.0211517
2.95 0 -0.000282139 0.0216897
2.96 0 -0.000281776 0.022194
2.97 0 -0.000281434 0.0226619
2.98 0 -0.000281114 0.0230908
2.99 0 -0.000280819 0.0234783
3 0 -0.000280556 0.0238222
3.01 0 -0.000280327 0.0241204
3.02 0 -0.000280136 0.0243711
3.03 0 -0.000279977 0.0245728
3.04 0 -0.000279843 0.0247242
3.05 0 -0.000279762 0.024817
3.06 0 -0.000279759 0.0248303
3.07 0 -0.000279753 0.0247856
3.08 0 -0.000279844 0.0247321
3.09 0 -0.000280154 0.0246696
3.1 0 -0.0002807 0.0245888
3.11 0 -0.000281483 0.0245023
3.12 0 -0.000282464 0.0244099
3.13 0 -0.000283766 0.0243036
3.14 0 -0.000285387 0.0241845
3.15 0 -0.00028741 0.0240568
3.16 0 -0.000289157 0.0239197
3.17 0 -0.000289367 0.0237653
3.18 0 -0.000289266 0.0235882
3.19 0 -0.000289205 0.0233911
3.2 0 -0.000289567 0.0231764
3.21 0 -0.00029005 0.0229439
3.22 0 -0.000290066 0.0226923
3.23 0 -0.000290087 0.0224211
3.24 0 -0.000290193 0.0221298
3.25 0 -0.000290522 0.0218187
3.26 0 -0.000290765 0.0214875
3.27 0 -0.000290743 0.021136
3.28 0 -0.000290727 0.0207653
3.29 0 -0.000290912 0.020375
3.3 0 -0.000291075 0.019967
3.31 0 -0.000291124 0.0195448
3.32 0 -0.000291069 0.0191081
3.33 0 -0.000291069 0.0186562
3.34 0 -0.000291187 0.0181926
3.35 0 -0.000291228 0.0177227
3.36 0 -0.000291173 0.0172494
3.37 0 -0.000291094 0.0167723
3.38 0 -0.000291072 0.0162923
3.39 0 -0.000291071 0.0158131
3.4 0 -0.000290995 0.0153387
3.41 0 -0.000290859 0.0148726
3.42 0 -0.000290745 0.0144187
3.43 0 -0.000290663 0.0139807
3.44 0 -0.000290567 0.0135625
3.45 0 -0.000290422 0.0131679
3.46 0 -0.000290266 0.0128003
3.47 0 -0.000290146 0.0124634
3.48 0 -0.000290048 0.0121603
3.49 0 -0.000289937 0.011894
3.5 0 -0.000289817 0.0116673
3.51 0 -0.000289721 0.0114824
3.52 0 -0.000289668 0.0113414
3.53 0 -0.000289643 0.0112572
3.54 0 -0.000289616 0.0112507
3.55 0 -0.00028964 0.011305
3.56 0 -0.000289775 0.011375
3.57 0 -0.000290101 0.0114514
3.58 0 -0.000290678 0.0115458
3.59 0 -0.000291189 0.0116567
3.6 0 -0.000291246 0.0117842
3.61 0 -0.000291323 0.0119334
3.62 0 -0.00029146 0.0121027
3.63 0 -0.000291551 0.0122867
3.64 0 -0.000291728 0.0124845
3.65 0 -0.00029187 0.0127002
3.66 0 -0.000291991 0.0129386
3.67 0 -0.000292129 0.013203
3.68 0 -0.000292279 0.0134966
3.69 0 -0.000292408 0.0138225
3.7 0 -0.000292504 0.0141825
3.71 0 -0.000292582 0.0145781
3.72 0 -0.000292654 0.0150105
3.73 0 -0.000292715 0.0154797
3.74 0 -0.000292757 0.0159872
3.75 0 -0.000292765 0.0165352
3.76 0 -0.000292748 0.0171219
3.77 0 -0.000292682 0.0177444
3.78 0 -0.000292571 0.018403
3.79 0 -0.000292419 0.0190981
3.8 0 -0.000292206 0.019827
3.81 0 -0.000291947 0.0205851
3.82 0 -0.000291633 0.0213659
3.83 0 -0.000291259 0.0221607
3.84 0 -0.000290827 0.0229617
3.85 0 -0.000290357 0.0237647
3.86 0 -0.000289868 0.024568
3.87 0 -0.000289363 0.0253681
3.88 0 -0.000288841 0.0261601
3.89 0 -0.000288308 0.0269386
3.9 0 -0.000287768 0.0276989
3.91 0 -0.000287227 0.028436
3.92 0 -0.000286687 0.0291454
3.93 0 -0.000286153 0.0298227
3.94 0 -0.000285632 0.0304636
3.95 0 -0.000285131 0.0310643
3.96 0 -0.000284654 0.0316212
3.97 0 -0.000284207 0.0321309
3.98 0 -0.000283807 0.032591
3.99 0 -0.000283441 0.0329997
4 0 -0.000283084 0.0333564
4.01 0 -0.00028278 0.0336607
4.02 0 -0.000282555 0.0339126
4.03 0 -0.000282385 0.0341118
4.04 0 -0.000282247 0.0342582
4.05 0 -0.000282129 0.0343449
4.06 0 -0.000282091 0.0343531
4.07 0 -0.000282109 0.0343052
4.08 0 -0.000282291 0.0342507
4.09 0 -0.00028269 0.0341933
4.1 0 -0.000283304 0.0341225
4.11 0 -0.000284082 0.0340485
4.12 0 -0.000285002 0.0339729
4.13 0 -0.000286189 0.0338892
4.14 0 -0.000287569 0.033802
4.15 0 -0.000288881 0.0337196
4.16 0 -0.000290149 0.0336375
4.17 0 -0.000291988 0.0335485
4.18 0 -0.000293161 0.0334501
4.19 0 -0.000293142 0.0333366
4.2 0 -0.000293125 0.0332014
4.21 0 -0.000293371 0.0330436
4.22 0 -0.000293576 0.0328643
4.23 0 -0.000293584 0.0326642
4.24 0 -0.000293666 0.0324439
4.25 0 -0.000293842 0.0322035
4.26 0 -0.000293963 0.0319427
4.27 0 -0.000294037 0.0316603
4.28 0 -0.000294116 0.0313561
4.29 0 -0.000294183 0.0310304
4.3 0 -0.000294283 0.0306835
4.31 0 -0.000294346 0.0303167
4.32 0 -0.000294315 0.0299301
4.33 0 -0.000294349 0.0295237
4.34 0 -0.000294418 0.0291
4.35 0 -0.000294433 0.0286629
4.36 0 -0.000294418 0.0282133
4.37 0 -0.000294391 0.0277492
4.38 0 -0.000294398 0.0272689
4.39 0 -0.000294432 0.0267736
4.4 0 -0.000294422 0.026266
4.41 0 -0.000294401 0.0257493
4.42 0 -0.000294397 0.0252267
4.43 0 -0.000294407 0.0247025
4.44 0 -0.000294422 0.024181
4.45 0 -0.00029441 0.0236662
4.46 0 -0.000294397 0.0231618
4.47 0 -0.000294402 0.0226717
4.48 0 -0.000294412 0.0221997
4.49 0 -0.000294414 0.0217496
4.5 0 -0.000294405 0.0213252
4.51 0 -0.0002944 0.02093
4.52 0 -0.000294407 0.0205681
4.53 0 -0.000294411 0.0202551
4.54 0 -0.000294394 0.0200124
4.55 0 -0.000294397 0.0198465
4.56 0 -0.000294412 0.0197525
4.57 0 -0.000294417 0.0197253
4.58 0 -0.000294404 0.0197534
4.59 0 -0.000294398 0.0198133
4.6 0 -0.000294457 0.0198832
4.61 0 -0.000294444 0.0199599
4.62 0 -0.000294433 0.0200531
4.63 0 -0.000294478 0.0201684
4.64 0 -0.000294578 0.0203053
4.65 0 -0.000294687 0.0204637
4.66 0 -0.00029474 0.0206467
4.67 0 -0.00029481 0.0208583
4.68 0 -0.000294901 0.0211023
4.69 0 -0.000294991 0.0213817
4.7 0 -0.000295046 0.0216984
4.71 0 -0.000295063 0.0220532
4.72 0 -0.000295073 0.0224471
4.73 0 -0.000295095 0.0228845
4.74 0 -0.000295099 0.0233721
4.75 0 -0.000295087 0.0239154
4.76 0 -0.000295078 0.0245169
4.77 0 -0.000295084 0.0251771
4.78 0 -0.000295097 0.0258965
4.79 0 -0.00029509 0.0266748
4.8 0 -0.000295076 0.0275098
4.81 0 -0.000295075 0.0283988
4.82 0 -0.000295084 0.0293393
4.83 0 -0.000295089 0.0303285
4.84 0 -0.000295081 0.031363
4.85 0 -0.000295073 0.0324393
4.86 0 -0.000295077 0.0335533
4.87 0 -0.000295083 0.034701
4.88 0 -0.000295038 0.0358727
4.89 0 -0.000294717 0.0370445
4.9 0 -0.000294143 0.0381869
4.91 0 -0.000293505 0.0392825
4.92 0 -0.000292869 0.0403231
4.93 0 -0.000292265 0.0413025
4.94 0 -0.000291684 0.0422192
4.95 0 -0.000291059 0.0430774
4.96 0 -0.000290388 0.043878
4.97 0 -0.000289773 0.0446172
4.98 0 -0.000289239 0.0452917
4.99 0 -0.000288739 0.0458994
5 0 -0.000288232 0.046439
5.01 0 -0.00028778 0.0469111
5.02 0 -0.000287405 0.047318
5.03 0 -0.000287061 0.0476632
5.04 0 -0.000286772 0.0479507
5.05 0 -0.000286565 0.048168
5.06 0 -0.000286398 0.0482995
5.07 0 -0.000286325 0.0483581
5.08 0 -0.000286329 0.0483646
5.09 0 -0.000286356 0.0483336
5.1 0 -0.00028637 0.0482923
5.11 0 -0.00028656 0.0482585
5.12 0 -0.000286854 0.0482241
5.13 0 -0.000287284 0.0481733
5.14 0 -0.000287915 0.0481068
5.15 0 -0.000288642 0.0480434
5.16 0 -0.000289395 0.0479872
5.17 0 -0.00029024 0.047924
5.18 0 -0.000291302 0.0478463
5.19 0 -0.000292598 0.0477591
5.2 0 -0.000294224 0.0476713
5.21 0 -0.000295467 0.0475836
5.22 0 -0.000295565 0.0474834
5.23 0 -0.000295497 0.0473582
5.24 0 -0.000295627 0.0472085
5.25 0 -0.000295758 0.0470394
5.26 0 -0.000295844 0.0468522
5.27 0 -0.000295926 0.0466444
5.28 0 -0.000295958 0.0464143
5.29 0 -0.000295991 0.0461612
5.3 0 -0.000296168 0.0458852
5.31 0 -0.000296192 0.0455867
5.32 0 -0.000296151 0.0452656
5.33 0 -0.000296213 0.0449228
5.34 0 -0.000296285 0.04456
5.35 0 -0.000296336 0.04418
5.36 0 -0.000296286 0.0437857
5.37 0 -0.000296209 0.0433789
5.38 0 -0.000296275 0.0429608
5.39 0 -0.000296337 0.0425324
5.4 0 -0.000296307 0.0420955
5.41 0 -0.000296262 0.0416525
5.42 0 -0.000296247 0.0412065
5.43 0 -0.000296295 0.0407606
5.44 0 -0.000296323 0.0403179
5.45 0 -0.000296282 0.0398818
5.46 0 -0.000296257 0.0394551
5.47 0 -0.000296274 0.0390412
5.48 0 -0.000296301 0.038643
5.49 0 -0.000296303 0.0382635
5.5 0 -0.000296273 0.0379056
5.51 0 -0.000296266 0.0375723
5.52 0 -0.000296287 0.0372662
5.53 0 -0.000296299 0.03699
5.54 0 -0.000296288 0.0367463
5.55 0 -0.000296272 0.0365375
5.56 0 -0.000296276 0.036366
5.57 0 -0.000296291 0.0362354
5.58 0 -0.000296292 0.0361561
5.59 0 -0.00029628 0.036141
5.6 0 -0.000296274 0.0361858
5.61 0 -0.000296284 0.0362668
5.62 0 -0.00029631 0.0363653
5.63 0 -0.000296342 0.0364799
5.64 0 -0.000296389 0.0366184
5.65 0 -0.000296453 0.0367857
5.66 0 -0.000296522 0.0369838
5.67 0 -0.00029658 0.0372157
5.68 0 -0.000296621 0.0374845
5.69 0 -0.000296647 0.0377919
5.7 0 -0.000296665 0.0381379
5.71 0 -0.000296672 0.0385244
5.72 0 -0.00029667 0.0389556
5.73 0 -0.000296666 0.0394351
5.74 0 -0.000296665 0.0399631
5.75 0 -0.000296668 0.0405378
5.76 0 -0.00029667 0.0411576
5.77 0 -0.000296668 0.0418215
5.78 0 -0.000296666 0.0425277
5.79 0 -0.000296667 0.0432744
5.8 0 -0.00029667 0.0440596
5.81 0 -0.000296669 0.0448812
5.82 0 -0.000296667 0.045737
5.83 0 -0.000296666 0.0466247
5.84 0 -0.000296668 0.0475416
5.85 0 -0.000296669 0.0484853
5.86 0 -0.000296668 0.0494529
5.87 0 -0.000296666 0.0504416
5.88 0 -0.000296667 0.0514486
5.89 0 -0.000296676 0.0524731
5.9 0 -0.00029672 0.0535216
5.91 0 -0.000296688 0.0546032
5.92 0 -0.000296642 0.0557202
5.93 0 -0.000296641 0.0568699
5.94 0 -0.000296674 0.0580486
5.95 0 -0.000296515 0.0592414
5.96 0 -0.000295997 0.0604196
5.97 0 -0.000295352 0.0615577
5.98 0 -0.000294709 0.0626406
5.99 0 -0.000294089 0.0636572
6 0 -0.000293465 0.0646001
6.01 0 -0.000292805 0.065468
6.02 0 -0.000292119 0.0662619
6.03 0 -0.000291496 0.0669811
6.04 0 -0.000290978 0.0676244
6.05 0 -0.000290475 0.0681929
6.06 0 -0.000289968 0.0686884
6.07 0 -0.000289514 0.0691135
6.08 0 -0.000289155 0.069471
6.09 0 -0.000288878 0.069764
6.1 0 -0.000288651 0.0699879
6.11 0 -0.000288462 0.0701319
6.12 0 -0.000288348 0.070196
6.13 0 -0.000288389 0.0701926
6.14 0 -0.000288438 0.0701513
6.15 0 -0.000288569 0.0701074
6.16 0 -0.000288863 0.070069
6.17 0 -0.000289308 0.0700272
6.18 0 -0.00028994 0.0699721
6.19 0 -0.000290681 0.0699039
6.2 0 -0.000291569 0.0698343
6.21 0 -0.00029254 0.0697637
6.22 0 -0.000293737 0.0696831
6.23 0 -0.000295267 0.0695948
6.24 0 -0.000296442 0.0695064
6.25 0 -0.000296711 0.0694123
6.26 0 -0.00029674 0.0692983
6.27 0 -0.000296813 0.0691576
6.28 0 -0.000297003 0.0689922
6.29 0 -0.000297041 0.0688047
6.3 0 -0.000296955 0.0685943
6.31 0 -0.000297046 0.0683596
6.32 0 -0.000297185 0.0681009
6.33 0 -0.00029723 0.0678189
6.34 0 -0.000297176 0.0675148
6.35 0 -0.000297179 0.0671901
6.36 0 -0.000297257 0.066847
6.37 0 -0.000297325 0.066488
6.38 0 -0.000297285 0.0661152
6.39 0 -0.000297184 0.0657305
6.4 0 -0.000297201 0.0653361
6.41 0 -0.000297296 0.0649339
6.42 0 -0.000297297 0.0645265
6.43 0 -0.000297239 0.0641171
6.44 0 -0.000297203 0.0637088
6.45 0 -0.00029724 0.0633048
6.46 0 -0.000297292 0.0629084
6.47 0 -0.000297268 0.0625227
6.48 0 -0.000297224 0.0621508
6.49 0 -0.000297226 0.0617957
6.5 0 -0.000297261 0.0614603
6.51 0 -0.000297276 0.0611477
6.52 0 -0.000297249 0.0608604
6.53 0 -0.000297227 0.0606014
6.54 0 -0.000297243 0.060373
6.55 0 -0.000297265 0.0601779
6.56 0 -0.000297262 0.0600183
6.57 0 -0.000297241 0.0598963
6.58 0 -0.000297236 0.0598178
6.59 0 -0.000297252 0.0597926
6.6 0 -0.00029726 0.0598227
6.61 0 -0.000297259 0.0598947
6.62 0 -0.000297267 0.0599927
6.63 0 -0.000297304 0.0601119
6.64 0 -0.00029736 0.0602572
6.65 0 -0.000297403 0.0604344
6.66 0 -0.000297433 0.0606466
6.67 0 -0.000297459 0.0608955
6.68 0 -0.000297483 0.0611829
6.69 0 -0.000297494 0.0615105
6.7 0 -0.000297491 0.0618815
6.71 0 -0.000297485 0.0622998
6.72 0 -0.000297486 0.0627671
6.73 0 -0.000297491 0.0632826
6.74 0 -0.000297491 0.0638452
6.75 0 -0.000297488 0.0644537
6.76 0 -0.000297486 0.0651069
6.77 0 -0.000297488 0.0658035
6.78 0 -0.000297491 0.0665417
6.79 0 -0.00029749 0.0673199
6.8 0 -0.000297487 0.0681362
6.81 0 -0.000297487 0.0689886
6.82 0 -0.000297489 0.069875
6.83 0 -0.00029749 0.0707928
6.84 0 -0.000297488 0.0717398
6.85 0 -0.000297487 0.0727133
6.86 0 -0.000297488 0.0737106
6.87 0 -0.000297489 0.074729
6.88 0 -0.000297489 0.0757658
6.89 0 -0.000297488 0.0768179
6.9 0 -0.000297488 0.0778825
6.91 0 -0.000297496 0.0789582
6.92 0 -0.000297535 0.0800496
6.93 0 -0.000297447 0.0811612
6.94 0 -0.000297057 0.0822823
6.95 0 -0.000296515 0.0833917
6.96 0 -0.000295963 0.0844731
6.97 0 -0.0002954 0.0855195
6.98 0 -0.000294754 0.0865275
6.99 0 -0.000294026 0.0874921
7 0 -0.000293305 0.088406
7.01 0 -0.000292625 0.089263
7.02 0 -0.000291931 0.090059
7.03 0 -0.000291208 0.0907909
7.04 0 -0.000290514 0.0914567
7.05 0 -0.000289882 0.0920552
7.06 0 -0.00028932 0.0925861
7.07 0 -0.000288803 0.0930498
7.08 0 -0.000288321 0.0934473
7.09 0 -0.000287896 0.0937801
7.1 0 -0.000287568 0.0940503
7.11 0 -0.000287329 0.0942599
7.12 0 -0.000287132 0.0944113
7.13 0 -0.000287006 0.0944939
7.14 0 -0.000286935 0.0944943
7.15 0 -0.00028707 0.0944428
7.16 0 -0.000287462 0.0943897
7.17 0 -0.000288045 0.0943413
7.18 0 -0.000288858 0.0942801
7.19 0 -0.000289953 0.094208
7.2 0 -0.000291141 0.0941339
7.21 0 -0.000292385 0.0940536
7.22 0 -0.000293887 0.0939629
7.23 0 -0.000295389 0.0938685
7.24 0 -0.000296818 0.0937774
7.25 0 -0.000297724 0.0936858
7.26 0 -0.000297699 0.0935808
7.27 0 -0.000297664 0.0934505
7.28 0 -0.000297874 0.0932911
7.29 0 -0.000297909 0.0931025
7.3 0 -0.000297854 0.0928851
7.31 0 -0.000297879 0.0926385
7.32 0 -0.000297917 0.0923632
7.33 0 -0.000298003 0.0920604
7.34 0 -0.000298023 0.0917317
7.35 0 -0.000297943 0.0913792
7.36 0 -0.000297993 0.0910051
7.37 0 -0.000297999 0.0906112
7.38 0 -0.000297936 0.0901995
7.39 0 -0.000297952 0.0897724
7.4 0 -0.000297968 0.0893332
7.41 0 -0.000297977 0.0888848
7.42 0 -0.000297977 0.0884307
7.43 0 -0.000297945 0.0879742
7.44 0 -0.000297954 0.0875185
7.45 0 -0.000297977 0.0870669
7.46 0 -0.000297971 0.0866225
7.47 0 -0.000297963 0.0861885
7.48 0 -0.000297953 0.0857681
7.49 0 -0.000297961 0.0853643
7.5 0 -0.000297974 0.08498
7.51 0 -0.000297966 0.0846182
7.52 0 -0.000297958 0.0842817
7.53 0 -0.000297959 0.0839731
7.54 0 -0.000297966 0.0836951
7.55 0 -0.00029797 0.0834501
7.56 0 -0.000297963 0.0832403
7.57 0 -0.000297959 0.0830681
7.58 0 -0.000297963 0.0829362
7.59 0 -0.000297966 0.082851
7.6 0 -0.000297965 0.0828197
7.61 0 -0.00029796 0.0828426
7.62 0 -0.000297963 0.0829097
7.63 0 -0.000297983 0.0830098
7.64 0 -0.000298012 0.08314
7.65 0 -0.000298039 0.083305
7.66 0 -0.00029806 0.0835094
7.67 0 -0.000298075 0.0837554
7.68 0 -0.000298083 0.0840441
7.69 0 -0.000298083 0.0843783
7.7 0 -0.00029808 0.0847607
7.71 0 -0.000298079 0.0851929
7.72 0 -0.000298082 0.0856746
7.73 0 -0.000298083 0.086205
7.74 0 -0.000298081 0.0867829
7.75 0 -0.000298079 0.0874071
7.76 0 -0.00029808 0.0880763
7.77 0 -0.000298082 0.0887891
7.78 0 -0.000298082 0.0895439
7.79 0 -0.000298081 0.090339
7.8 0 -0.00029808 0.0911725
7.81 0 -0.000298081 0.0920424
7.82 0 -0.000298082 0.0929463
7.83 0 -0.000298082 0.0938821
7.84 0 -0.00029808 0.0948473
7.85 0 -0.00029808 0.0958393
7.86 0 -0.000298081 0.0968555
7.87 0 -0.000298081 0.0978931
7.88 0 -0.000298081 0.0989495
7.89 0 -0.00029808 0.100022
7.9 0 -0.000298081 0.101107
7.91 0 -0.000298081 0.102202
7.92 0 -0.000298086 0.103305
7.93 0 -0.000298125 0.104419
7.94 0 -0.000298102 0.105551
7.95 0 -0.000297998 0.106702
7.96 0 -0.000297651 0.10786
7.97 0 -0.000297189 0.109005
7.98 0 -0.000296668 0.110124
7.99 0 -0.000296045 0.111208
8 0 -0.000295369 0.112249
8.01 0 -0.00029464 0.113239
8.02 0 -0.000293907 0.114169
8.03 0 -0.000293159 0.115031
8.04 0 -0.000292383 0.11582
8.05 0 -0.000291633 0.116534
8.06 0 -0.000290955 0.117171
8.07 0 -0.00029031 0.117731
8.08 0 -0.000289721 0.118214
8.09 0 -0.000289211 0.118623
8.1 0 -0.000288782 0.11896
8.11 0 -0.000288426 0.119229
8.12 0 -0.00028814 0.119433
8.13 0 -0.000287953 0.119572
8.14 0 -0.000287846 0.119635
8.15 0 -0.000287822 0.119617
8.16 0 -0.000288069 0.11956
8.17 0 -0.00028875 0.119512
8.18 0 -0.000289459 0.119466
8.19 0 -0.000290363 0.119399
8.2 0 -0.000291711 0.119322
8.21 0 -0.000292879 0.119244
8.22 0 -0.00029418 0.119162
8.23 0 -0.000295614 0.119071
8.24 0 -0.000296877 0.118979
8.25 0 -0.000297801 0.118891
8.26 0 -0.000298099 0.118797
8.27 0 -0.000298056 0.118685
8.28 0 -0.000298127 0.118545
8.29 0 -0.000298279 0.118377
8.3 0 -0.000298223 0.118178
8.31 0 -0.000298152 0.11795
8.32 0 -0.000298206 0.117695
8.33 0 -0.000298284 0.117413
8.34 0 -0.000298281 0.117106
8.35 0 -0.000298241 0.116776
8.36 0 -0.000298227 0.116424
8.37 0 -0.000298267 0.116053
8.38 0 -0.00029835 0.115664
8.39 0 -0.000298288 0.11526
8.4 0 -0.000298159 0.114845
8.41 0 -0.000298199 0.11442
8.42 0 -0.000298305 0.113989
8.43 0 -0.000298302 0.113555
8.44 0 -0.000298234 0.113121
8.45 0 -0.000298191 0.11269
8.46 0 -0.000298241 0.112266
8.47 0 -0.000298301 0.111852
8.48 0 -0.000298266 0.11145
8.49 0 -0.000298217 0.111064
8.5 0 -0.000298222 0.110697
8.51 0 -0.000298263 0.110352
8.52 0 -0.000298281 0.110031
8.53 0 -0.000298245 0.109737
8.54 0 -0.000298222 0.109473
8.55 0 -0.000298243 0.109241
8.56 0 -0.000298268 0.109043
8.57 0 -0.000298262 0.108883
8.58 0 -0.000298237 0.108762
8.59 0 -0.000298233 0.108685
8.6 0 -0.000298252 0.108659
8.61 0 -0.000298262 0.108682
8.62 0 -0.000298254 0.108747
8.63 0 -0.000298256 0.108848
8.64 0 -0.000298282 0.108983
8.65 0 -0.000298313 0.109155
8.66 0 -0.000298324 0.10937
8.67 0 -0.000298317 0.109629
8.68 0 -0.000298313 0.109935
8.69 0 -0.00029832 0.110288
8.7 0 -0.000298325 0.110691
8.71 0 -0.000298322 0.111143
8.72 0 -0.000298316 0.111644
8.73 0 -0.000298317 0.112193
8.74 0 -0.000298322 0.112789
8.75 0 -0.000298324 0.113431
8.76 0 -0.000298319 0.114117
8.77 0 -0.000298317 0.114847
8.78 0 -0.000298319 0.115618
8.79 0 -0.000298322 0.11643
8.8 0 -0.000298321 0.11728
8.81 0 -0.000298318 0.118166
8.82 0 -0.000298318 0.119086
8.83 0 -0.000298321 0.120038
8.84 0 -0.000298321 0.121019
8.85 0 -0.00029832 0.122027
8.86 0 -0.000298318 0.123059
8.87 0 -0.000298319 0.124113
8.88 0 -0.000298321 0.125185
8.89 0 -0.000298321 0.126273
8.9 0 -0.000298319 0.127374
8.91 0 -0.000298325 0.128486
8.92 0 -0.000298365 0.129613
8.93 0 -0.000298324 0.13076
8.94 0 -0.000298024 0.131922
8.95 0 -0.000297588 0.133085
8.96 0 -0.000297084 0.134234
8.97 0 -0.000296482 0.13536
8.98 0 -0.000295738 0.136455
8.99 0 -0.000294915 0.137507
9 0 -0.00029407 0.138507
9.01 0 -0.000293175 0.139444
9.02 0 -0.00029224 0.140313
9.03 0 -0.000291311 0.141107
9.04 0 -0.000290426 0.141822
9.05 0 -0.000289584 0.142458
9.06 0 -0.000288806 0.143014
9.07 0 -0.000288109 0.143492
9.08 0 -0.000287502 0.143893
9.09 0 -0.000286983 0.144222
9.1 0 -0.000286559 0.144482
9.11 0 -0.000286246 0.144677
9.12 0 -0.000286028 0.144812
9.13 0 -0.000285913 0.144878
9.14 0 -0.000285848 0.144863
9.15 0 -0.000286027 0.144805
9.16 0 -0.000286907 0.144757
9.17 0 -0.000287907 0.144708
9.18 0 -0.000289122 0.144637
9.19 0 -0.000290479 0.144561
9.2 0 -0.000291821 0.144484
9.21 0 -0.000293386 0.144399
9.22 0 -0.000294702 0.144308
9.23 0 -0.000295939 0.144218
9.24 0 -0.000297284 0.144128
9.25 0 -0.000297994 0.144038
9.26 0 -0.000298345 0.143946
9.27 0 -0.000298507 0.143842
9.28 0 -0.00029846 0.143716
9.29 0 -0.000298471 0.143557
9.3 0 -0.000298506 0.143362
9.31 0 -0.000298426 0.14313
9.32 0 -0.000298428 0.142863
9.33 0 -0.000298536 0.142564
9.34 0 -0.000298515 0.142234
9.35 0 -0.000298555 0.141876
9.36 0 -0.000298497 0.141492
9.37 0 -0.000298356 0.141085
9.38 0 -0.000298432 0.140658
9.39 0 -0.000298527 0.140215
9.4 0 -0.000298503 0.139759
9.41 0 -0.000298442 0.139293
9.42 0 -0.000298405 0.13882
9.43 0 -0.000298464 0.138344
9.44 0 -0.000298516 0.137868
9.45 0 -0.000298471 0.137396
9.46 0 -0.000298428 0.13693
9.47 0 -0.00029844 0.136474
9.48 0 -0.00029848 0.136031
9.49 0 -0.000298492 0.135603
9.5 0 -0.000298454 0.135195
9.51 0 -0.000298435 0.134809
9.52 0 -0.000298461 0.134447
9.53 0 -0.000298482 0.134113
9.54 0 -0.000298472 0.133809
9.55 0 -0.000298449 0.133538
9.56 0 -0.000298448 0.133301
9.57 0 -0.000298469 0.133101
9.58 0 -0.000298476 0.13294
9.59 0 -0.000298461 0.132821
9.6 0 -0.00029845 0.132748
9.61 0 -0.000298457 0.132724
9.62 0 -0.000298471 0.132749
9.63 0 -0.000298471 0.132814
9.64 0 -0.000298461 0.132914
9.65 0 -0.000298456 0.133051
9.66 0 -0.000298464 0.133232
9.67 0 -0.00029847 0.133463
9.68 0 -0.000298466 0.133747
9.69 0 -0.000298459 0.13408
9.7 0 -0.00029846 0.134462
9.71 0 -0.000298466 0.134894
9.72 0 -0.000298468 0.135375
9.73 0 -0.000298464 0.135906
9.74 0 -0.000298459 0.136483
9.75 0 -0.000298463 0.137107
9.76 0 -0.000298468 0.137776
9.77 0 -0.000298465 0.138489
9.78 0 -0.000298461 0.139244
9.79 0 -0.000298462 0.14004
9.8 0 -0.000298465 0.140874
9.81 0 -0.000298466 0.141745
9.82 0 -0.000298463 0.142651
9.83 0 -0.000298461 0.143588
9.84 0 -0.000298463 0.144556
9.85 0 -0.000298465 0.14555
9.86 0 -0.000298465 0.14657
9.87 0 -0.000298463 0.147611
9.88 0 -0.000298462 0.148671
9.89 0 -0.000298464 0.149748
9.9 0 -0.000298465 0.150838
9.91 0 -0.000298464 0.151939
9.92 0 -0.000298463 0.153047
9.93 0 -0.000298464 0.154159
9.94 0 -0.000298501 0.155278
9.95 0 -0.000298488 0.156407
9.96 0 -0.000298405 0.157551
9.97 0 -0.000298214 0.158707
9.98 0 -0.000297958 0.159866
9.99 0 -0.000297636 0.161022
10 0 -0.000297232 0.162166
10.01 0 -0.000296747 0.163293
10.02 0 -0.000296178 0.164395
10.03 0 -0.000295558 0.165465
10.04 0 -0.000294899 0.166498
10.05 0 -0.000294162 0.167489
10.06 0 -0.000293356 0.168433
10.07 0 -0.000292545 0.169327
10.08 0 -0.000291748 0.170169
10.09 0 -0.000290931 0.170957
10.1 0 -0.00029007 0.171692
10.11 0 -0.000289239 0.172373
10.12 0 -0.000288466 0.173004
10.13 0 -0.000287711 0.173586
10.14 0 -0.000286954 0.174121
10.15 0 -0.000286235 0.174612
10.16 0 -0.000285575 0.175063
10.17 0 -0.000284949 0.175476
10.18 0 -0.00028435 0.175855
10.19 0 -0.000283784 0.176202
10.2 0 -0.000283256 0.17652
10.21 0 -0.000282767 0.176811
10.22 0 -0.000282312 0.177079
10.23 0 -0.00028188 0.177325
10.24 0 -0.000281475 0.177551
10.25 0 -0.000281103 0.177758
10.26 0 -0.000280758 0.177949
10.27 0 -0.000280435 0.178125
10.28 0 -0.000280131 0.178287
10.29 0 -0.00027985 0.178435
10.3 0 -0.000279595 0.178571
10.31 0 -0.000279358 0.178695
10.32 0 -0.00027914 0.178807
10.33 0 -0.00027894 0.178909
10.34 0 -0.000278762 0.179
10.35 0 -0.000278606 0.17908
10.36 0 -0.00027847 0.179149
10.37 0 -0.000278354 0.179206
10.38 0 -0.000278262 0.179252
10.39 0 -0.000278199 0.179285
10.4 0 -0.000278173 0.179302
10.41 0 -0.000278057 0.179294
10.42 0 -0.000277826 0.179254
10.43 0 -0.000278767 0.179185
10.44 0 -0.000281557 0.179092
10.45 0 -0.000284828 0.178979
10.46 0 -0.000287927 0.178849
10.47 0 -0.000290702 0.178709
10.48 0 -0.000293346 0.178564
10.49 0 -0.00029593 0.178419
10.5 0 -0.000297757 0.17828
10.51 0 -0.000298834 0.178151
10.52 0 -0.000298549 0.178036
10.53 0 -0.000298094 0.177933
10.54 0 -0.000298319 0.177841
10.55 0 -0.00029865 0.177759
10.56 0 -0.000298674 0.177689
10.57 0 -0.000298369 0.177629
10.58 0 -0.000298253 0.177579
10.59 0 -0.000298443 0.177539
10.6 0 -0.000298651 0.177509
10.61 0 -0.000298517 0.17749
10.62 0 -0.000298335 0.177482
10.63 0 -0.000298361 0.177485
10.64 0 -0.000298522 0.177499
10.65 0 -0.000298573 0.17752
10.66 0 -0.000298441 0.177546
10.67 0 -0.000298362 0.177573
10.68 0 -0.000298441 0.177599
10.69 0 -0.000298535 0.177624
10.7 0 -0.000298507 0.17765
10.71 0 -0.000298419 0.17768
10.72 0 -0.000298408 0.177716
10.73 0 -0.000298485 0.17776
10.74 0 -0.000298515 0.177811
10.75 0 -0.000298466 0.177869
10.76 0 -0.000298423 0.177934
10.77 0 -0.000298447 0.178006
10.78 0 -0.000298493 0.178084
10.79 0 -0.000298488 0.178169
10.8 0 -0.000298449 0.17826
10.81 0 -0.000298438 0.178357
10.82 0 -0.000298467 0.17846
10.83 0 -0.000298487 0.17857
10.84 0 -0.00029847 0.178685
10.85 0 -0.000298446 0.178806
10.86 0 -0.000298453 0.178933
10.87 0 -0.000298475 0.179066
10.88 0 -0.000298477 0.179204
10.89 0 -0.00029846 0.179348
10.9 0 -0.000298451 0.179497
10.91 0 -0.000298466 0.179653
10.92 0 -0.000298477 0.179815
10.93 0 -0.000298469 0.179983
10.94 0 -0.000298456 0.180159
10.95 0 -0.000298458 0.180343
10.96 0 -0.000298471 0.180534
10.97 0 -0.000298472 0.180733
10.98 0 -0.000298462 0.180939
10.99 0 -0.000298445 0.181153
11 0 -0.000298427 0.181372
11.01 0 -0.000298403 0.181597
11.02 0 -0.000298365 0.181826
11.03 0 -0.000298324 0.18206
11.04 0 -0.000298285 0.182297
11.05 0 -0.000298248 0.182537
11.06 0 -0.000298202 0.182779
11.07 0 -0.000298148 0.183024
11.08 0 -0.000298092 0.18327
11.09 0 -0.000298037 0.183516
11.1 0 -0.000297978 0.183763
11.11 0 -0.000297917 0.184011
11.12 0 -0.000297846 0.184258
11.13 0 -0.000297769 0.184506
11.14 0 -0.000297693 0.184754
11.15 0 -0.000297616 0.185002
11.16 0 -0.000297535 0.185248
11.17 0 -0.000297444 0.185494
11.18 0 -0.000297353 0.185737
11.19 0 -0.000297263 0.185979
11.2 0 -0.000297168 0.186219
11.21 0 -0.000297066 0.186456
11.22 0 -0.000296963 0.186691
11.23 0 -0.000296859 0.186923
11.24 0 -0.000296752 0.187153
11.25 0 -0.000296643 0.187381
11.26 0 -0.000296529 0.187605
11.27 0 -0.000296411 0.187827
11.28 0 -0.000296295 0.188045
11.29 0 -0.000296178 0.18826
11.3 0 -0.000296057 0.188471
11.31 0 -0.000295933 0.188679
11.32 0 -0.00029581 0.188883
11.33 0 -0.000295689 0.189083
11.34 0 -0.000295566 0.189278
11.35 0 -0.000295438 0.189469
11.36 0 -0.00029531 0.189656
11.37 0 -0.000295187 0.189837
11.38 0 -0.000295067 0.190014
11.39 0 -0.000294945 0.190186
11.4 0 -0.000294818 0.190354
11.41 0 -0.000294695 0.190516
11.42 0 -0.000294578 0.190675
11.43 0 -0.000294461 0.190828
11.44 0 -0.000294343 0.190977
11.45 0 -0.000294224 0.191123
11.46 0 -0.000294108 0.191264
11.47 0 -0.000293998 0.191401
11.48 0 -0.000293886 0.191535
11.49 0 -0.000293773 0.191666
11.5 0 -0.00029366 0.191794
11.51 0 -0.000293552 0.191919
11.52 0 -0.000293446 0.192041
11.53 0 -0.000293337 0.192161
11.54 0 -0.000293229 0.192278
11.55 0 -0.000293121 0.192394
11.56 0 -0.000293017 0.192507
11.57 0 -0.000292913 0.192619
11.58 0 -0.000292807 0.192728
11.59 0 -0.000292702 0.192836
11.6 0 -0.000292599 0.192942
11.61 0 -0.000292498 0.193046
11.62 0 -0.000292396 0.193148
11.63 0 -0.000292295 0.193248
11.64 0 -0.000292195 0.193345
11.65 0 -0.000292098 0.193441
11.66 0 -0.000292003 0.193533
11.67 0 -0.000291909 0.193623
11.68 0 -0.000291817 0.193709
11.69 0 -0.000291729 0.193792
11.7 0 -0.000291644 0.193872
11.71 0 -0.000291562 0.193948
11.72 0 -0.000291484 0.194019
11.73 0 -0.000291411 0.194086
11.74 0 -0.000291343 0.194148
11.75 0 -0.00029128 0.194205
11.76 0 -0.000291223 0.194256
11.77 0 -0.000291172 0.194301
11.78 0 -0.000291127 0.194341
11.79 0 -0.00029109 0.194374
11.8 0 -0.000291081 0.194399
11.81 0 -0.000291044 0.194416
11.82 0 -0.000291017 0.194423
11.83 0 -0.000291032 0.194416
11.84 0 -0.000291005 0.194395
11.85 0 -0.00029114 0.194365
11.86 0 -0.000291666 0.194331
11.87 0 -0.0002923 0.194294
11.88 0 -0.000292894 0.194256
11.89 0 -0.000293395 0.194217
11.9 0 -0.000293863 0.194181
11.91 0 -0.000294421 0.194147
11.92 0 -0.000294932 0.194116
11.93 0 -0.0002953 0.194089
11.94 0 -0.000295563 0.194065
11.95 0 -0.00029581 0.194045
11.96 0 -0.000296061 0.194028
11.97 0 -0.00029625 0.194015
11.98 0 -0.000296335 0.194006
11.99 0 -0.000296381 0.193999
12 0 -0.000296433 0.193996
12.01 0 -0.000296469 0.193996
12.02 0 -0.000296442 0.193999
12.03 0 -0.000296406 0.194004
12.04 0 -0.000296426 0.194013
12.05 0 -0.00029645 0.194023
12.06 0 -0.000296449 0.194036
12.07 0 -0.000296435 0.194048
12.08 0 -0.000296428 0.194058
12.09 0 -0.000296443 0.194069
12.1 0 -0.000296453 0.194082
12.11 0 -0.000296442 0.194096
12.12 0 -0.000296432 0.194113
12.13 0 -0.000296436 0.194132
12.14 0 -0.000296446 0.194153
12.15 0 -0.000296447 0.194177
12.16 0 -0.000296438 0.194203
12.17 0 -0.000296434 0.194232
12.18 0 -0.000296441 0.194263
12.19 0 -0.000296446 0.194297
12.2 0 -0.000296443 0.194333
12.21 0 -0.000296437 0.194371
12.22 0 -0.000296438 0.194413
12.23 0 -0.000296444 0.194456
12.24 0 -0.000296444 0.194503
12.25 0 -0.000296442 0.194554
12.26 0 -0.000296443 0.194612
12.27 0 -0.000296443 0.194679
12.28 0 -0.00029644 0.194752
12.29 0 -0.000296443 0.194834
12.3 0 -0.000296439 0.194923
12.31 0 -0.000296392 0.195009
12.32 0 -0.000296338 0.195095
12.33 0 -0.000296287 0.195183
12.34 0 -0.000296236 0.195273
12.35 0 -0.000296185 0.195364
12.36 0 -0.000296123 0.195458
12.37 0 -0.000296058 0.195552
12.38 0 -0.000295994 0.195648
12.39 0 -0.000295932 0.195745
12.4 0 -0.000295864 0.195843
12.41 0 -0.000295792 0.195942
12.42 0 -0.000295719 0.196042
12.43 0 -0.000295647 0.196142
12.44 0 -0.000295575 0.196243
12.45 0 -0.000295498 0.196343
12.46 0 -0.00029542 0.196444
12.47 0 -0.000295341 0.196545
12.48 0 -0.000295264 0.196646
12.49 0 -0.000295184 0.196746
12.5 0 -0.000295103 0.196846
12.51 0 -0.00029502 0.196946
12.52 0 -0.000294939 0.197044
12.53 0 -0.000294857 0.197142
12.54 0 -0.000294775 0.197239
12.55 0 -0.000294691 0.197335
12.56 0 -0.000294608 0.19743
12.57 0 -0.000294526 0.197523
12.58 0 -0.000294444 0.197615
12.59 0 -0.000294362 0.197706
12.6 0 -0.00029428 0.197795
12.61 0 -0.0002942 0.197882
12.62 0 -0.00029412 0.197967
12.63 0 -0.000294042 0.19805
12.64 0 -0.000293964 0.19813
12.65 0 -0.000293888 0.198209
12.66 0 -0.000293814 0.198285
12.67 0 -0.000293742 0.198359
12.68 0 -0.000293671 0.19843
12.69 0 -0.000293603 0.198498
12.7 0 -0.000293537 0.198564
12.71 0 -0.000293473 0.198626
12.72 0 -0.000293412 0.198686
12.73 0 -0.000293353 0.198743
12.74 0 -0.000293298 0.198796
12.75 0 -0.000293246 0.198846
12.76 0 -0.000293196 0.198893
12.77 0 -0.00029315 0.198936
12.78 0 -0.000293108 0.198976
12.79 0 -0.000293069 0.199013
12.8 0 -0.000293034 0.199046
12.81 0 -0.000293002 0.199075
12.82 0 -0.000292974 0.199101
12.83 0 -0.00029295 0.199123
12.84 0 -0.00029293 0.199142
12.85 0 -0.000292914 0.199157
12.86 0 -0.000292902 0.199168
12.87 0 -0.000292899 0.199175
12.88 0 -0.000292897 0.199178
12.89 0 -0.000292893 0.199176
12.9 0 -0.00029289 0.199169
12.91 0 -0.000292889 0.19916
12.92 0 -0.000292888 0.199149
12.93 0 -0.000292886 0.199135
12.94 0 -0.000293067 0.19912
12.95 0 -0.000293359 0.199102
12.96 0 -0.00029359 0.199084
12.97 0 -0.000293774 0.199066
12.98 0 -0.000293956 0.199047
12.99 0 -0.000294196 0.199029
13 0 -0.00029445 0.199011
13.01 0 -0.000294661 0.198995
13.02 0 -0.000294828 0.198979
13.03 0 -0.000294999 0.198965
13.04 0 -0.000295178 0.198954
13.05 0 -0.000295317 0.198944
13.06 0 -0.00029539 0.198937
13.07 0 -0.000295429 0.198932
13.08 0 -0.000295458 0.198929
13.09 0 -0.000295464 0.198929
13.1 0 -0.000295463 0.198931
13.11 0 -0.000295478 0.198935
13.12 0 -0.000295478 0.198942
13.13 0 -0.000295465 0.19895
13.14 0 -0.000295464 0.198959
13.15 0 -0.000295471 0.198968
13.16 0 -0.00029548 0.198976
13.17 0 -0.000295478 0.198985
13.18 0 -0.00029547 0.198995
13.19 0 -0.000295471 0.199008
13.2 0 -0.000295477 0.199022
13.21 0 -0.000295478 0.199038
13.22 0 -0.000295474 0.199056
13.23 0 -0.000295471 0.199076
13.24 0 -0.000295473 0.199097
13.25 0 -0.000295477 0.19912
13.26 0 -0.000295476 0.199144
13.27 0 -0.000295473 0.199171
13.28 0 -0.000295473 0.199198
13.29 0 -0.000295475 0.199228
13.3 0 -0.000295476 0.199259
13.31 0 -0.000295475 0.199298
13.32 0 -0.000295476 0.199347
13.33 0 -0.000295478 0.199406
13.34 0 -0.000295474 0.199463
13.35 0 -0.000295446 0.19951
13.36 0 -0.00029541 0.199552
13.37 0 -0.000295373 0.199593
13.38 0 -0.000295338 0.199636
13.39 0 -0.000295309 0.199679
13.4 0 -0.000295277 0.199723
13.41 0 -0.000295237 0.199767
13.42 0 -0.000295197 0.199812
13.43 0 -0.000295163 0.199856
13.44 0 -0.000295128 0.199901
13.45 0 -0.000295091 0.199945
13.46 0 -0.00029505 0.19999
13.47 0 -0.000295011 0.200034
13.48 0 -0.000294975 0.200078
13.49 0 -0.000294938 0.200122
13.5 0 -0.000294898 0.200165
13.51 0 -0.000294859 0.200208
13.52 0 -0.000294821 0.20025
13.53 0 -0.000294785 0.200292
13.54 0 -0.000294748 0.200333
13.55 0 -0.00029471 0.200373
13.56 0 -0.000294673 0.200413
13.57 0 -0.000294638 0.200452
13.58 0 -0.000294603 0.20049
13.59 0 -0.000294568 0.200527
13.6 0 -0.000294533 0.200563
13.61 0 -0.0002945 0.200599
13.62 0 -0.000294468 0.200633
13.63 0 -0.000294436 0.200666
13.64 0 -0.000294404 0.200699
13.65 0 -0.000294374 0.20073
13.66 0 -0.000294345 0.20076
13.67 0 -0.000294317 0.200789
13.68 0 -0.00029429 0.200817
13.69 0 -0.000294264 0.200843
13.7 0 -0.000294239 0.200869
13.71 0 -0.000294216 0.200893
13.72 0 -0.000294193 0.200915
13.73 0 -0.000294172 0.200937
13.74 0 -0.000294152 0.200957
13.75 0 -0.000294133 0.200975
13.76 0 -0.000294116 0.200993
13.77 0 -0.0002941 0.201008
13.78 0 -0.000294086 0.201023
13.79 0 -0.000294073 0.201036
13.8 0 -0.000294061 0.201047
13.81 0 -0.000294051 0.201057
13.82 0 -0.000294043 0.201065
13.83 0 -0.000294036 0.201072
13.84 0 -0.000294033 0.201078
13.85 0 -0.000294032 0.201081
13.86 0 -0.000294029 0.201083
13.87 0 -0.000294023 0.201084
13.88 0 -0.000294021 0.201083
13.89 0 -0.000294024 0.20108
13.9 0 -0.000294026 0.201076
13.91 0 -0.000294025 0.201071
13.92 0 -0.000294022 0.201065
13.93 0 -0.000294022 0.201059
13.94 0 -0.000294013 0.201051
13.95 0 -0.000294053 0.201044
13.96 0 -0.00029416 0.201036
13.97 0 -0.000294258 0.201028
13.98 0 -0.000294333 0.20102
13.99 0 -0.000294397 0.201012
14 0 -0.000294473 0.201004
14.01 0 -0.000294564 0.200997
14.02 0 -0.000294637 0.20099
14.03 0 -0.000294684 0.200984
14.04 0 -0.000294703 0.200979
14.05 0 -0.000294712 0.200976
14.06 0 -0.000294753 0.200973
14.07 0 -0.000294816 0.200971
14.08 0 -0.000294844 0.200971
14.09 0 -0.000294825 0.200971
14.1 0 -0.000294804 0.200973
14.11 0 -0.000294814 0.200975
14.12 0 -0.000294835 0.200979
14.13 0 -0.000294834 0.200983
14.14 0 -0.000294816 0.200988
14.15 0 -0.000294811 0.200994
14.16 0 -0.000294824 0.201
14.17 0 -0.000294834 0.201005
14.18 0 -0.000294826 0.201011
14.19 0 -0.000294815 0.201016
14.2 0 -0.000294818 0.201021
14.21 0 -0.000294828 0.201026
14.22 0 -0.000294829 0.201031
14.23 0 -0.000294822 0.201036
14.24 0 -0.000294818 0.201042
14.25 0 -0.000294823 0.201047
14.26 0 -0.000294828 0.201053
14.27 0 -0.000294825 0.20106
14.28 0 -0.00029482 0.201066
14.29 0 -0.00029482 0.201073
14.3 0 -0.000294825 0.20108
14.31 0 -0.000294826 0.201087
14.32 0 -0.000294823 0.201096
14.33 0 -0.000294821 0.201106
14.34 0 -0.000294824 0.20112
14.35 0 -0.000294825 0.20114
14.36 0 -0.000294824 0.201167
14.37 0 -0.000294821 0.201197
14.38 0 -0.000294819 0.201222
14.39 0 -0.000294812 0.20124
14.4 0 -0.000294799 0.201255
14.41 0 -0.000294778 0.201272
14.42 0 -0.000294758 0.20129
14.43 0 -0.000294745 0.201308
14.44 0 -0.000294734 0.201324
14.45 0 -0.00029472 0.20134
14.46 0 -0.000294701 0.201355
14.47 0 -0.000294687 0.201369
14.48 0 -0.000294678 0.201382
14.49 0 -0.000294668 0.201395
14.5 0 -0.000294655 0.201407
14.51 0 -0.000294642 0.201418
14.52 0 -0.000294633 0.201428
14.53 0 -0.000294627 0.201438
14.54 0 -0.000294618 0.201447
14.55 0 -0.000294608 0.201455
14.56 0 -0.0002946 0.201463
14.57 0 -0.000294595 0.20147
14.58 0 -0.00029459 0.201477
14.59 0 -0.000294584 0.201483
14.6 0 -0.000294579 0.201488
14.61 0 -0.000294579 0.201492
14.62 0 -0.000294578 0.201496
14.63 0 -0.00029457 0.2015
14.64 0 -0.000294564 0.201503
14.65 0 -0.000294563 0.201505
14.66 0 -0.000294564 0.201507
14.67 0 -0.000294562 0.201508
14.68 0 -0.000294557 0.201509
14.69 0 -0.000294556 0.201509
14.7 0 -0.000294558 0.201509
14.71 0 -0.000294559 0.201508
14.72 0 -0.000294558 0.201507
14.73 0 -0.000294556 0.201505
14.74 0 -0.000294557 0.201504
14.75 0 -0.000294559 0.201502
14.76 0 -0.000294559 0.2015
14.77 0 -0.000294557 0.201498
14.78 0 -0.000294557 0.201495
14.79 0 -0.000294558 0.201493
14.8 0 -0.000294559 0.201491
14.81 0 -0.000294558 0.201488
14.82 0 -0.000294557 0.201486
14.83 0 -0.000294557 0.201483
14.84 0 -0.000294557 0.201481
14.85 0 -0.000294556 0.201478
14.86 0 -0.000294557 0.201476
14.87 0 -0.000294565 0.201474
14.88 0 -0.000294579 0.201472
14.89 0 -0.000294597 0.201471
14.9 0 -0.000294612 0.20147
14.91 0 -0.000294622 0.201469
14.92 0 -0.000294626 0.201469
14.93 0 -0.000294626 0.201469
14.94 0 -0.000294627 0.20147
14.95 0 -0.000294627 0.201471
14.96 0 -0.000294627 0.201472
14.97 0 -0.000294627 0.201474
14.98 0 -0.000294627 0.201476
14.99 0 -0.000294627 0.201478
15 0 -0.000294627 0.20148
15.01 0 -0.000294627 0.201483
15.02 0 -0.000294627 0.201485
15.03 0 -0.000294627 0.201487
15.04 0 -0.000294627 0.20149
15.05 0 -0.000294627 0.201492
15.06 0 -0.000294627 0.201494
15.07 0 -0.000294627 0.201496
15.08 0 -0.000294627 0.201497
15.09 0 -0.000294627 0.201499
15.1 0 -0.000294627 0.2015
15.11 0 -0.000294627 0.2015
15.12 0 -0.000294627 0.201499
15.13 0 -0.000294627 0.201498
15.14 0 -0.000294627 0.201497
15.15 0 -0.000294627 0.201496
15.16 0 -0.000294627 0.201495
15.17 0 -0.000294627 0.201494
15.18 0 -0.000294627 0.201493
15.19 0 -0.000294627 0.201492
15.2 0 -0.000294627 0.201491
15.21 0 -0.000294627 0.201491
15.22 0 -0.000294627 0.20149
15.23 0 -0.000294627 0.201489
15.24 0 -0.000294627 0.201488
15.25 0 -0.000294627 0.201488
15.26 0 -0.000294627 0.201487
15.27 0 -0.000294627 0.201487
15.28 0 -0.000294627 0.201486
15.29 0 -0.000294627 0.201486
15.3 0 -0.000294627 0.201485
15.31 0 -0.000294627 0.201485
15.32 0 -0.000294627 0.201484
15.33 0 -0.000294627 0.201484
15.34 0 -0.000294627 0.201484
15.35 0 -0.000294627 0.201483
15.36 0 -0.000294627 0.201483
15.37 0 -0.000294627 0.201483
15.38 0 -0.000294627 0.201482
15.39 0 -0.000294627 0.201482
15.4 0 -0.000294627 0.201483
15.41 0 -0.000294627 0.201483
15.42 0 -0.000294627 0.201483
15.43 0 -0.000294627 0.201484
15.44 0 -0.000294627 0.201484
15.45 0 -0.000294627 0.201485
15.46 0 -0.000294627 0.201486
15.47 0 -0.000294627 0.201487
15.48 0 -0.000294627 0.201487
15.49 0 -0.000294627 0.201488
15.5 0 -0.000294627 0.201488
15.51 0 -0.000294627 0.201489
15.52 0 -0.000294627 0.20149
15.53 0 -0.000294627 0.20149
15.54 0 -0.000294627 0.20149
15.55 0 -0.000294627 0.201491
15.56 0 -0.000294627 0.201491
15.57 0 -0.000294627 0.201491
15.58 0 -0.000294627 0.201491
15.59 0 -0.000294627 0.201491
15.6 0 -0.000294627 0.201491
15.61 0 -0.000294627 0.201491
15.62 0 -0.000294627 0.201491
15.63 0 -0.000294627 0.201491
15.64 0 -0.000294627 0.201491
15.65 0 -0.000294627 0.20149
15.66 0 -0.000294627 0.20149
15.67 0 -0.000294627 0.201489
15.68 0 -0.000294627 0.201489
15.69 0 -0.000294627 0.201488
15.7 0 -0.000294627 0.201488
15.71 0 -0.000294627 0.201487
15.72 0 -0.000294627 0.201486
15.73 0 -0.000294627 0.201486
15.74 0 -0.000294627 0.201485
15.75 0 -0.000294627 0.201485
15.76 0 -0.000294627 0.201485
15.77 0 -0.000294627 0.201484
15.78 0 -0.000294627 0.201484
15.79 0 -0.000294627 0.201484
15.8 0 -0.000294627 0.201484
15.81 0 -0.000294627 0.201484
15.82 0 -0.000294627 0.201484
15.83 0 -0.000294627 0.201484
15.84 0 -0.000294627 0.201484
15.85 0 -0.000294627 0.201484
15.86 0 -0.000294627 0.201485
15.87 0 -0.000294627 0.201485
15.88 0 -0.000294627 0.201485
15.89 0 -0.000294627 0.201486
15.9 0 -0.000294627 0.201486
15.91 0 -0.000294627 0.201487
15.92 0 -0.000294627 0.201487
15.93 0 -0.000294627 0.201488
15.94 0 -0.000294627 0.201488
15.95 0 -0.000294627 0.201489
15.96 0 -0.000294627 0.201489
15.97 0 -0.000294627 0.201489
15.98 0 -0.000294627 0.20149
15.99 0 -0.000294627 0.20149
16 0 -0.000294627 0.20149
16.01 0 -0.000294627 0.20149
16.02 0 -0.000294627 0.20149
16.03 0 -0.000294627 0.20149
16.04 0 -0.000294627 0.20149
16.05 0 -0.000294627 0.20149
16.06 0 -0.000294627 0.20149
16.07 0 -0.000294627 0.20149
16.08 0 -0.000294627 0.20149
16.09 0 -0.000294627 0.201489
16.1 0 -0.000294627 0.201489
16.11 0 -0.000294627 0.201489
16.12 0 -0.000294627 0.201488
16.13 0 -0.000294627 0.201488
16.14 0 -0.000294627 0.201487
16.15 0 -0.000294627 0.201487
16.16 0 -0.000294627 0.201487
16.17 0 -0.000294627 0.201486
16.18 0 -0.000294627 0.201486
16.19 0 -0.000294627 0.201486
16.2 0 -0.000294627 0.201485
16.21 0 -0.000294627 0.201485
16.22 0 -0.000294627 0.201485
16.23 0 -0.000294627 0.201485
16.24 0 -0.000294627 0.201485
16.25 0 -0.000294627 0.201485
16.26 0 -0.000294627 0.201485
16.27 0 -0.000294627 0.201485
16.28 0 -0.000294627 0.201485
16.29 0 -0.000294627 0.201485
16.3 0 -0.000294627 0.201485
16.31 0 -0.000294627 0.201486
16.32 0 -0.000294627 0.201486
16.33 0 -0.000294627 0.201486
16.34 0 -0.000294627 0.201487
16.35 0 -0.000294627 0.201487
16.36 0 -0.000294627 0.201487
16.37 0 -0.000294627 0.201488
16.38 0 -0.000294627 0.201488
16.39 0 -0.000294627 0.201488
16.4 0 -0.000294627 0.201489
16.41 0 -0.000294627 0.201489
16.42 0 -0.000294627 0.201489
16.43 0 -0.000294627 0.201489
16.44 0 -0.000294627 0.201489
16.45 0 -0.000294627 0.20149
16.46 0 -0.000294627 0.20149
16.47 0 -0.000294627 0.20149
16.48 0 -0.000294627 0.20149
16.49 0 -0.000294627 0.201489
16.5 0 -0.000294627 0.201489
16.51 0 -0.000294627 0.201489
16.52 0 -0.000294627 0.201489
16.53 0 -0.000294627 0.201489
16.54 0 -0.000294627 0.201488
16.55 0 -0.000294627 0.201488
16.56 0 -0.000294627 0.201488
16.57 0 -0.000294627 0.201488
16.58 0 -0.000294627 0.201487
16.59 0 -0.000294627 0.201487
16.6 0 -0.000294627 0.201487
16.61 0 -0.000294627 0.201486
16.62 0 -0.000294627 0.201486
16.63 0 -0.000294627 0.201486
16.64 0 -0.000294627 0.201486
16.65 0 -0.000294627 0.201486
16.66 0 -0.000294627 0.201485
16.67 0 -0.000294627 0.201485
16.68 0 -0.000294627 0.201485
16.69 0 -0.000294627 0.201485
16.7 0 -0.000294627 0.201485
16.71 0 -0.000294627 0.201485
16.72 0 -0.000294627 0.201486
16.73 0 -0.000294627 0.201486
16.74 0 -0.000294627 0.201486
16.75 0 -0.000294627 0.201486
16.76 0 -0.000294627 0.201486
16.77 0 -0.000294627 0.201487
16.78 0 -0.000294627 0.201487
16.79 0 -0.000294627 0.201487
16.8 0 -0.000294627 0.201487
16.81 0 -0.000294627 0.201488
16.82 0 -0.000294627 0.201488
16.83 0 -0.000294627 0.201488
16.84 0 -0.000294627 0.201488
16.85 0 -0.000294627 0.201489
16.86 0 -0.000294627 0.201489
16.87 0 -0.000294627 0.201489
16.88 0 -0.000294627 0.201489
16.89 0 -0.000294627 0.201489
16.9 0 -0.000294627 0.201489
16.91 0 -0.000294627 0.201489
16.92 0 -0.000294627 0.201489
16.93 0 -0.000294627 0.201489
16.94 0 -0.000294627 0.201489
16.95 0 -0.000294627 0.201489
16.96 0 -0.000294627 0.201489
16.97 0 -0.000294627 0.201488
16.98 0 -0.000294627 0.201488
16.99 0 -0.000294627 0.201488
17 0 -0.000294627 0.201488
17.01 0 -0.000294627 0.201487
17.02 0 -0.000294627 0.201487
17.03 0 -0.000294627 0.201487
17.04 0 -0.000294627 0.201487
17.05 0 -0.000294627 0.201487
17.06 0 -0.000294627 0.201486
17.07 0 -0.000294627 0.201486
17.08 0 -0.000294627 0.201486
17.09 0 -0.000294627 0.201486
17.1 0 -0.000294627 0.201486
17.11 0 -0.000294627 0.201486
17.12 0 -0.000294627 0.201486
17.13 0 -0.000294627 0.201486
17.14 0 -0.000294627 0.201486
17.15 0 -0.000294627 0.201486
17.16 0 -0.000294627 0.201486
17.17 0 -0.000294627 0.201486
17.18 0 -0.000294627 0.201486
17.19 0 -0.000294627 0.201486
17.2 0 -0.000294627 0.201487
17.21 0 -0.000294627 0.201487
17.22 0 -0.000294627 0.201487
17.23 0 -0.000294627 0.201487
17.24 0 -0.000294627 0.201487
17.25 0 -0.000294627 0.201488
17.26 0 -0.000294627 0.201488
17.27 0 -0.000294627 0.201488
17.28 0 -0.000294627 0.201488
17.29 0 -0.000294627 0.201488
17.3 0 -0.000294627 0.201488
17.31 0 -0.000294627 0.201488
17.32 0 -0.000294627 0.201489
17.33 0 -0.000294627 0.201489
17.34 0 -0.000294627 0.201489
17.35 0 -0.000294627 0.201489
17.36 0 -0.000294627 0.201489
17.37 0 -0.000294627 0.201488
17.38 0 -0.000294627 0.201488
17.39 0 -0.000294627 0.201488
17.4 0 -0.000294627 0.201488
17.41 0 -0.000294627 0.201488
17.42 0 -0.000294627 0.201488
17.43 0 -0.000294627 0.201488
17.44 0 -0.000294627 0.201488
17.45 0 -0.000294627 0.201487
17.46 0 -0.000294627 0.201487
17.47 0 -0.000294627 0.201487
17.48 0 -0.000294627 0.201487
17.49 0 -0.000294627 0.201487
17.5 0 -0.000294627 0.201487
17.51 0 -0.000294627 0.201486
17.52 0 -0.000294627 0.201486
17.53 0 -0.000294627 0.201486
17.54 0 -0.000294627 0.201486
17.55 0 -0.000294627 0.201486
17.56 0 -0.000294627 0.201486
17.57 0 -0.000294627 0.201486
17.58 0 -0.000294627 0.201486
17.59 0 -0.000294627 0.201486
17.6 0 -0.000294627 0.201486
17.61 0 -0.000294627 0.201486
17.62 0 -0.000294627 0.201487
17.63 0 -0.000294627 0.201487
17.64 0 -0.000294627 0.201487
17.65 0 -0.000294627 0.201487
17.66 0 -0.000294627 0.201487
17.67 0 -0.000294627 0.201487
17.68 0 -0.000294627 0.201487
17.69 0 -0.000294627 0.201488
17.7 0 -0.000294627 0.201488
17.71 0 -0.000294627 0.201488
17.72 0 -0.000294627 0.201488
17.73 0 -0.000294627 0.201488
17.74 0 -0.000294627 0.201488
17.75 0 -0.000294627 0.201488
17.76 0 -0.000294627 0.201488
17.77 0 -0.000294627 0.201488
17.78 0 -0.000294627 0.201488
17.79 0 -0.000294627 0.201488
17.8 0 -0.000294627 0.201488
17.81 0 -0.000294627 0.201488
17.82 0 -0.000294627 0.201488
17.83 0 -0.000294627 0.201488
17.84 0 -0.000294627 0.201488
17.85 0 -0.000294627 0.201488
17.86 0 -0.000294627 0.201488
17.87 0 -0.000294627 0.201488
17.88 0 -0.000294627 0.201487
17.89 0 -0.000294627 0.201487
17.9 0 -0.000294627 0.201487
17.91 0 -0.000294627 0.201487
17.92 0 -0.000294627 0.201487
17.93 0 -0.000294627 0.201487
17.94 0 -0.000294627 0.201487
17.95 0 -0.000294627 0.201487
17.96 0 -0.000294627 0.201487
17.97 0 -0.000294627 0.201487
17.98 0 -0.000294627 0.201487
17.99 0 -0.000294627 0.201486
18 0 -0.000294627 0.201486
18.01 0 -0.000294627 0.201486
18.02 0 -0.000294627 0.201487
18.03 0 -0.000294627 0.201487
18.04 0 -0.000294627 0.201487
18.05 0 -0.000294627 0.201487
18.06 0 -0.000294627 0.201487
18.07 0 -0.000294627 0.201487
18.08 0 -0.000294627 0.201487
18.09 0 -0.000294627 0.201487
18.1 0 -0.000294627 0.201487
18.11 0 -0.000294627 0.201487
18.12 0 -0.000294627 0.201487
18.13 0 -0.000294627 0.201488
18.14 0 -0.000294627 0.201488
18.15 0 -0.000294627 0.201488
18.16 0 -0.000294627 0.201488
18.17 0 -0.000294627 0.201488
18.18 0 -0.000294627 0.201488
18.19 0 -0.000294627 0.201488
18.2 0 -0.000294627 0.201488
18.21 0 -0.000294627 0.201488
18.22 0 -0.000294627 0.201488
18.23 0 -0.000294627 0.201488
18.24 0 -0.000294627 0.201488
18.25 0 -0.000294627 0.201488
18.26 0 -0.000294627 0.201488
18.27 0 -0.000294627 0.201488
18.28 0 -0.000294627 0.201488
18.29 0 -0.000294627 0.201488
18.3 0 -0.000294627 0.201488
18.31 0 -0.000294627 0.201487
18.32 0 -0.000294627 0.201487
18.33 0 -0.000294627 0.201487
18.34 0 -0.000294627 0.201487
18.35 0 -0.000294627 0.201487
18.36 0 -0.000294627 0.201487
18.37 0 -0.000294627 0.201487
18.38 0 -0.000294627 0.201487
18.39 0 -0.000294627 0.201487
18.4 0 -0.000294627 0.201487
18.41 0 -0.000294627 0.201487
18.42 0 -0.000294627 0.201487
18.43 0 -0.000294627 0.201487
18.44 0 -0.000294627 0.201487
18.45 0 -0.000294627 0.201487
18.46 0 -0.000294627 0.201487
18.47 0 -0.000294627 0.201487
18.48 0 -0.000294627 0.201487
18.49 0 -0.000294627 0.201487
18.5 0 -0.000294627 0.201487
18.51 0 -0.000294627 0.201487
18.52 0 -0.000294627 0.201487
18.53 0 -0.000294627 0.201487
18.54 0 -0.000294627 0.201487
18.55 0 -0.000294627 0.201487
18.56 0 -0.000294627 0.201487
18.57 0 -0.000294627 0.201487
18.58 0 -0.000294627 0.201488
18.59 0 -0.000294627 0.201488
18.6 0 -0.000294627 0.201488
18.61 0 -0.000294627 0.201488
18.62 0 -0.000294627 0.201488
18.63 0 -0.000294627 0.201488
18.64 0 -0.000294627 0.201488
18.65 0 -0.000294627 0.201488
18.66 0 -0.000294627 0.201488
18.67 0 -0.000294627 0.201488
18.68 0 -0.000294627 0.201488
18.69 0 -0.000294627 0.201488
18.7 0 -0.000294627 0.201488
18.71 0 -0.000294627 0.201488
18.72 0 -0.000294627 0.201488
18.73 0 -0.000294627 0.201488
18.74 0 -0.000294627 0.201487
18.75 0 -0.000294627 0.201487
18.76 0 -0.000294627 0.201487
18.77 0 -0.000294627 0.201487
18.78 0 -0.000294627 0.201487
18.79 0 -0.000294627 0.201487
18.8 0 -0.000294627 0.201487
18.81 0 -0.000294627 0.201487
18.82 0 -0.000294627 0.201487
18.83 0 -0.000294627 0.201487
18.84 0 -0.000294627 0.201487
18.85 0 -0.000294627 0.201487
18.86 0 -0.000294627 0.201487
18.87 0 -0.000294627 0.201487
18.88 0 -0.000294627 0.201487
18.89 0 -0.000294627 0.201487
18.9 0 -0.000294627 0.201487
18.91 0 -0.000294627 0.201487
18.92 0 -0.000294627 0.201487
18.93 0 -0.000294627 0.201487
18.94 0 -0.000294627 0.201487
18.95 0 -0.000294627 0.201487
18.96 0 -0.000294627 0.201487
18.97 0 -0.000294627 0.201487
18.98 0 -0.000294627 0.201487
18.99 0 -0.000294627 0.201487
19 0 -0.000294627 0.201487
19.01 0 -0.000294627 0.201487
19.02 0 -0.000294627 0.201488
19.03 0 -0.000294627 0.201488
19.04 0 -0.000294627 0.201488
19.05 0 -0.000294627 0.201488
19.06 0 -0.000294627 0.201488
19.07 0 -0.000294627 0.201488
19.08 0 -0.000294627 0.201488
19.09 0 -0.000294627 0.201488
19.1 0 -0.000294627 0.201488
19.11 0 -0.000294627 0.201488
19.12 0 -0.000294627 0.201488
19.13 0 -0.000294627 0.201488
19.14 0 -0.000294627 0.201488
19.15 0 -0.000294627 0.201488
19.16 0 -0.000294627 0.201488
19.17 0 -0.000294627 0.201487
19.18 0 -0.000294627 0.201487
19.19 0 -0.000294627 0.201487
19.2 0 -0.000294627 0.201487
19.21 0 -0.000294627 0.201487
19.22 0 -0.000294627 0.201487
19.23 0 -0.000294627 0.201487
19.24 0 -0.000294627 0.201487
19.25 0 -0.000294627 0.201487
19.26 0 -0.000294627 0.201487
19.27 0 -0.000294627 0.201487
19.28 0 -0.000294627 0.201487
19.29 0 -0.000294627 0.201487
19.3 0 -0.000294627 0.201487
19.31 0 -0.000294627 0.201487
19.32 0 -0.000294627 0.201487
19.33 0 -0.000294627 0.201487
19.34 0 -0.000294627 0.201487
19.35 0 -0.000294627 0.201487
19.36 0 -0.000294627 0.201487
19.37 0 -0.000294627 0.201487
19.38 0 -0.000294627 0.201487
19.39 0 -0.000294627 0.201487
19.4 0 -0.000294627 0.201487
19.41 0 -0.000294627 0.201487
19.42 0 -0.000294627 0.201487
19.43 0 -0.000294627 0.201487
19.44 0 -0.000294627 0.201487
19.45 0 -0.000294627 0.201487
19.46 0 -0.000294627 0.201487
19.47 0 -0.000294627 0.201488
19.48 0 -0.000294627 0.201488
19.49 0 -0.000294627 0.201488
19.5 0 -0.000294627 0.201488
19.51 0 -0.000294627 0.201488
19.52 0 -0.000294627 0.201488
19.53 0 -0.000294627 0.201488
19.54 0 -0.000294627 0.201488
19.55 0 -0.000294627 0.201488
19.56 0 -0.000294627 0.201488
19.57 0 -0.000294627 0.201488
19.58 0 -0.000294627 0.201488
19.59 0 -0.000294627 0.201487
19.6 0 -0.000294627 0.201487
19.61 0 -0.000294627 0.201487
19.62 0 -0.000294627 0.201487
19.63 0 -0.000294627 0.201487
19.64 0 -0.000294627 0.201487
19.65 0 -0.000294627 0.201487
19.66 0 -0.000294627 0.201487
19.67 0 -0.000294627 0.201487
19.68 0 -0.000294627 0.201487
19.69 0 -0.000294627 0.201487
19.7 0 -0.000294627 0.201487
19.71 0 -0.000294627 0.201487
19.72 0 -0.000294627 0.201487
19.73 0 -0.000294627 0.201487
19.74 0 -0.000294627 0.201487
19.75 0 -0.000294627 0.201487
19.76 0 -0.000294627 0.201487
19.77 0 -0.000294627 0.201487
19.78 0 -0.000294627 0.201487
19.79 0 -0.000294627 0.201487
19.8 0 -0.000294627 0.201487
19.81 0 -0.000294627 0.201487
19.82 0 -0.000294627 0.201487
19.83 0 -0.000294627 0.201487
19.84 0 -0.000294627 0.201487
19.85 0 -0.000294627 0.201487
19.86 0 -0.000294627 0.201487
19.87 0 -0.000294627 0.201487
19.88 0 -0.000294627 0.201487
19.89 0 -0.000294627 0.201487
19.9 0 -0.000294627 0.201487
19.91 0 -0.000294627 0.201487
19.92 0 -0.000294627 0.201487
19.93 0 -0.000294627 0.201488
19.94 0 -0.000294627 0.201488
19.95 0 -0.000294627 0.201488
19.96 0 -0.000294627 0.201488
19.97 0 -0.000294627 0.201488
19.98 0 -0.000294627 0.201488
19.99 0 -0.000294627 0.201488
20 0 -0.000294627 0.201488
