0.01 -27.5906 -44.145 3.08931
0.02 -27.5906 -44.145 3.07991
0.03 -27.5906 -44.145 3.03126
0.04 -27.5906 -44.1448 2.87299
0.05 -27.5906 -44.1444 2.50558
0.06 -27.6039 -44.1136 1.86626
0.07 -27.6394 -44.0278 0.961065
0.08 -27.7137 -43.851 -0.211807
0.09 -27.8391 -43.5517 -1.59381
0.1 -28.0245 -43.1073 -3.11432
0.11 -28.2733 -42.509 -4.69845
0.12 -28.5857 -41.7616 -6.2921
0.13 -28.9414 -40.9067 -7.78977
0.14 -29.2932 -40.0451 -9.13204
0.15 -29.6391 -39.1798 -10.2695
0.16 -29.9418 -38.3986 -11.2498
0.17 -30.2149 -37.6751 -12.0655
0.18 -30.445 -37.0458 -12.794
0.19 -30.6506 -36.4683 -13.3888
0.2 -30.8215 -35.9716 -13.9494
0.21 -30.9693 -35.5275 -14.4169
0.22 -31.0974 -35.1312 -14.834
0.23 -31.2041 -34.789 -15.2374
0.24 -31.2957 -34.4852 -15.5819
0.25 -31.3759 -34.2116 -15.8748
0.26 -31.4427 -33.9743 -16.1599
0.27 -31.4986 -33.7688 -16.4373
0.28 -31.5462 -33.5883 -16.6843
0.29 -31.5882 -33.4254 -16.8721
0.3 -31.6233 -33.2844 -17.0526
0.31 -31.6524 -33.1632 -17.2246
0.32 -31.6767 -33.0598 -17.3864
0.33 -31.6967 -32.9722 -17.5358
0.34 -31.713 -32.8997 -17.6702
0.35 -31.7263 -32.8414 -17.7824
0.36 -31.7368 -32.796 -17.844
0.37 -31.7429 -32.7697 -17.881
0.38 -31.7429 -32.7694 -17.6977
0.39 -31.7429 -32.7693 -16.5768
0.4 -31.7424 -32.7664 -15.0695
0.41 -31.739 -32.7573 -13.5446
0.42 -31.7299 -32.7355 -11.8702
0.43 -31.711 -32.6979 -10.0631
0.44 -31.6779 -32.6394 -8.22513
0.45 -31.6235 -32.5511 -6.43957
0.46 -31.5454 -32.4346 -4.7368
0.47 -31.4479 -32.2974 -3.1361
0.48 -31.3328 -32.1409 -1.68029
0.49 -31.2015 -31.9673 -0.371071
0.5 -31.0622 -31.788 0.88608
0.51 -30.9091 -31.5932 1.98583
0.52 -30.7507 -31.4004 3.07826
0.53 -30.5825 -31.196 4.05061
0.54 -30.4123 -30.9902 5.00911
0.55 -30.2394 -30.7818 5.91303
0.56 -30.0645 -30.5706 6.74617
0.57 -29.895 -30.3672 7.60571
0.58 -29.7247 -30.162 8.32248
0.59 -29.5614 -29.9654 9.0473
0.6 -29.4063 -29.7789 9.78165
0.61 -29.2549 -29.595 10.3766
0.62 -29.1118 -29.4219 10.9936
0.63 -28.9784 -29.2607 11.6356
0.64 -28.8515 -29.1056 12.1524
0.65 -28.7327 -28.9598 12.6691
0.66 -28.6233 -28.8255 13.212
0.67 -28.5239 -28.7022 13.7475
0.68 -28.4335 -28.5872 14.1703
0.69 -28.352 -28.4834 14.617
0.7 -28.281 -28.3917 15.0896
0.71 -28.2223 -28.3132 15.5883
0.72 -28.1761 -28.2469 15.9343
0.73 -28.1389 -28.1937 16.2976
0.74 -28.1117 -28.1539 16.6705
0.75 -28.095 -28.1266 16.91
0.76 -28.0852 -28.1089 17.1602
0.77 -28.083 -28.1007 17.4219
0.78 -28.0951 -28.108 17.6912
0.79 -28.1282 -28.1368 17.8542
0.8 -28.1732 -28.1783 18.0276
0.81 -28.2306 -28.2332 18.2122
0.82 -28.3011 -28.3014 18.4081
0.83 -28.3851 -28.3834 18.6157
0.84 -28.483 -28.4795 18.8353
0.85 -28.5952 -28.5901 19.0546
0.86 -28.7222 -28.7155 19.1965
0.87 -28.8548 -28.8468 19.3428
0.88 -28.993 -28.9839 19.4933
0.89 -29.1361 -29.1261 19.6473
0.9 -29.2835 -29.2727 19.8043
0.91 -29.4344 -29.4229 19.9634
0.92 -29.5877 -29.5755 20.1234
0.93 -29.7421 -29.7292 20.2832
0.94 -29.8961 -29.8826 20.4413
0.95 -30.0477 -30.0336 20.5959
0.96 -30.1947 -30.18 20.7448
0.97 -30.3332 -30.3178 20.8843
0.98 -30.4566 -30.4401 21.0078
0.99 -30.5525 -30.5357 21.1035
1 -30.5864 -30.5691 21.1371
1.01 -30.5864 -30.5692 19.8158
1.02 -30.3706 -30.3602 17.2653
1.03 -29.5545 -29.5691 14.3629
1.04 -28.3009 -28.3458 11.5835
1.05 -27.8001 -27.8477 9.14597
1.06 -27.7093 -27.7446 6.84177
1.07 -27.5538 -27.5813 4.63362
1.08 -27.3309 -27.3507 2.58073
1.09 -27.0528 -27.0718 0.734457
1.1 -26.7308 -26.75 -0.853553
1.11 -26.3854 -26.4054 -2.24976
1.12 -26.0339 -26.0536 -3.50624
1.13 -25.6825 -25.7012 -4.58021
1.14 -25.3425 -25.3621 -5.5168
1.15 -25.0112 -25.0311 -6.36066
1.16 -24.6981 -24.7176 -7.0882
1.17 -24.4038 -24.4217 -7.72516
1.18 -24.1326 -24.1496 -8.36501
1.19 -23.8779 -23.8942 -8.8222
1.2 -23.6421 -23.6574 -9.29422
1.21 -23.4262 -23.4401 -9.78373
1.22 -23.227 -23.2393 -10.1172
1.23 -23.0433 -23.0545 -10.4468
1.24 -22.8751 -22.8856 -10.792
1.25 -22.7238 -22.7333 -11.1543
1.26 -22.5887 -22.5968 -11.3929
1.27 -22.4663 -22.4732 -11.6103
1.28 -22.3559 -22.3622 -11.8391
1.29 -22.2583 -22.2639 -12.0803
1.3 -22.1742 -22.179 -12.3344
1.31 -22.1089 -22.1126 -12.5932
1.32 -22.0556 -22.0585 -12.7241
1.33 -22.0105 -22.013 -12.8612
1.34 -21.9737 -21.9756 -13.0051
1.35 -21.9453 -21.9467 -13.1559
1.36 -21.9258 -21.9266 -13.3134
1.37 -21.9152 -21.9157 -13.4774
1.38 -21.914 -21.9142 -13.6476
1.39 -21.9313 -21.931 -13.829
1.4 -21.9692 -21.968 -14.0224
1.41 -22.0267 -22.0246 -14.193
1.42 -22.0962 -22.0933 -14.2973
1.43 -22.1693 -22.1659 -14.4028
1.44 -22.2472 -22.2433 -14.5102
1.45 -22.3291 -22.3247 -14.6188
1.46 -22.4136 -22.4087 -14.727
1.47 -22.4985 -22.4932 -14.8326
1.48 -22.5806 -22.5749 -14.9324
1.49 -22.654 -22.648 -15.0197
1.5 -22.7078 -22.7019 -15.0827
1.51 -22.7229 -22.7165 -15.1002
1.52 -22.7229 -22.7174 -13.4439
1.53 -22.2194 -22.224 -11.0046
1.54 -21.6921 -21.7091 -8.70889
1.55 -21.6482 -21.6618 -6.6099
1.56 -21.5557 -21.5663 -4.57104
1.57 -21.398 -21.4077 -2.6515
1.58 -21.1763 -21.1857 -0.896512
1.59 -20.9022 -20.9134 0.67105
1.6 -20.5897 -20.6024 2.06732
1.61 -20.2552 -20.2693 3.31439
1.62 -19.9142 -19.9284 4.40892
1.63 -19.5809 -19.5946 5.32343
1.64 -19.2715 -19.2848 6.15045
1.65 -18.9881 -19.0006 6.86312
1.66 -18.735 -18.746 7.46296
1.67 -18.5107 -18.5204 8.00617
1.68 -18.3177 -18.326 8.48772
1.69 -18.1498 -18.1569 8.8743
1.7 -18.008 -18.014 9.28888
1.71 -17.8929 -17.8976 9.62129
1.72 -17.7979 -17.8015 9.8933
1.73 -17.7233 -17.7262 10.1883
1.74 -17.6711 -17.6734 10.5097
1.75 -17.6424 -17.6437 10.7496
1.76 -17.6299 -17.6304 10.94
1.77 -17.6371 -17.6371 11.1505
1.78 -17.6833 -17.6826 11.3942
1.79 -17.7775 -17.7755 11.6787
1.8 -17.9207 -17.9173 12.0062
1.81 -18.1166 -18.1118 12.3046
1.82 -18.3459 -18.3401 12.5494
1.83 -18.6015 -18.5949 12.8158
1.84 -18.8854 -18.878 13.1055
1.85 -19.1996 -19.1912 13.4203
1.86 -19.5455 -19.5361 13.7616
1.87 -19.924 -19.9138 14.1088
1.88 -20.326 -20.315 14.395
1.89 -20.7397 -20.728 14.6896
1.9 -21.1648 -21.1526 14.9925
1.91 -21.6006 -21.5879 15.3031
1.92 -22.046 -22.0329 15.6207
1.93 -22.4999 -22.4862 15.9444
1.94 -22.9604 -22.9461 16.273
1.95 -23.4257 -23.4108 16.605
1.96 -23.8934 -23.878 16.9389
1.97 -24.3611 -24.3452 17.273
1.98 -24.8261 -24.8096 17.6052
1.99 -25.2855 -25.2684 17.9334
2 -25.7362 -25.7185 18.2556
2.01 -26.1748 -26.1566 18.5692
2.02 -26.5977 -26.579 18.8716
2.03 -27.0006 -26.9812 19.1598
2.04 -27.3789 -27.3585 19.4303
2.05 -27.7254 -27.7046 19.6783
2.06 -28.0263 -28.0049 19.8936
2.07 -28.2584 -28.2362 20.0597
2.08 -28.3716 -28.3484 20.1405
2.09 -28.3716 -28.3478 19.0064
2.1 -27.7864 -27.776 15.6477
2.11 -26.3472 -26.3727 12.5213
2.12 -24.3812 -24.4625 9.6684
2.13 -21.7719 -21.899 6.93491
2.14 -18.5444 -18.7134 4.44596
2.15 -17.2349 -17.3765 2.57396
2.16 -17.052 -17.1429 1.07466
2.17 -16.812 -16.8708 -0.237875
2.18 -16.5276 -16.5639 -1.38931
2.19 -16.2134 -16.2404 -2.3991
2.2 -15.8906 -15.9106 -3.27878
2.21 -15.5767 -15.5922 -4.05519
2.22 -15.2782 -15.2884 -4.66486
2.23 -15.0057 -15.0137 -5.2086
2.24 -14.7486 -14.7566 -5.66235
2.25 -14.5297 -14.5365 -6.06535
2.26 -14.3339 -14.3388 -6.37762
2.27 -14.163 -14.1666 -6.70894
2.28 -14.0158 -14.0188 -6.94463
2.29 -13.887 -13.8903 -7.1472
2.3 -13.7767 -13.7791 -7.36445
2.31 -13.6859 -13.6872 -7.59829
2.32 -13.6132 -13.6141 -7.72845
2.33 -13.5525 -13.5534 -7.84892
2.34 -13.5036 -13.5046 -7.9793
2.35 -13.4672 -13.4674 -8.12044
2.36 -13.4439 -13.4436 -8.2734
2.37 -13.4346 -13.4343 -8.4388
2.38 -13.4483 -13.4478 -8.55928
2.39 -13.4823 -13.4813 -8.64474
2.4 -13.5312 -13.5296 -8.74018
2.41 -13.5953 -13.5933 -8.84596
2.42 -13.6749 -13.6727 -8.96228
2.43 -13.7698 -13.7674 -9.08901
2.44 -13.8798 -13.8768 -9.22584
2.45 -14.0041 -14.0007 -9.37238
2.46 -14.1421 -14.1383 -9.52795
2.47 -14.2925 -14.2884 -9.69161
2.48 -14.4539 -14.4493 -9.86203
2.49 -14.6241 -14.6191 -10.0376
2.5 -14.8011 -14.7956 -10.2165
2.51 -14.982 -14.9761 -10.3965
2.52 -15.1637 -15.1572 -10.5747
2.53 -15.342 -15.335 -10.7478
2.54 -15.5099 -15.5027 -10.9095
2.55 -15.6619 -15.6542 -11.0517
2.56 -15.7868 -15.7793 -11.1398
2.57 -15.8559 -15.8487 -11.1885
2.58 -15.8559 -15.8472 -10.6176
2.59 -15.5015 -15.4991 -8.17092
2.6 -14.5534 -14.5706 -6.03615
2.61 -13.6821 -13.7158 -4.77055
2.62 -13.2993 -13.3312 -3.89828
2.63 -13.2487 -13.2734 -2.93642
2.64 -13.1482 -13.1659 -1.77321
2.65 -12.9876 -13.0019 -0.585607
2.66 -12.7751 -12.7863 0.503097
2.67 -12.5232 -12.5309 1.46851
2.68 -12.2471 -12.2543 2.31245
2.69 -11.9639 -11.9713 3.03777
2.7 -11.6858 -11.6928 3.65607
2.71 -11.4291 -11.4347 4.19106
2.72 -11.2 -11.2042 4.65048
2.73 -11.002 -11.0057 4.99471
2.74 -10.8348 -10.8384 5.33728
2.75 -10.6983 -10.7009 5.57679
2.76 -10.5863 -10.588 5.80583
2.77 -10.5017 -10.5028 6.06167
2.78 -10.4428 -10.4437 6.1951
2.79 -10.4028 -10.4034 6.34442
2.8 -10.3819 -10.3819 6.51263
2.81 -10.3873 -10.3868 6.70448
2.82 -10.4504 -10.4495 6.87168
2.83 -10.5494 -10.548 7.00884
2.84 -10.679 -10.677 7.16927
2.85 -10.8428 -10.8403 7.35621
2.86 -11.0448 -11.0418 7.57312
2.87 -11.2905 -11.287 7.82464
2.88 -11.5826 -11.5785 8.11331
2.89 -11.9247 -11.9198 8.4423
2.9 -12.3193 -12.3135 8.81407
2.91 -12.767 -12.7604 9.2293
2.92 -13.2608 -13.2534 9.59511
2.93 -13.7728 -13.7647 9.96102
2.94 -14.3013 -14.2925 10.339
2.95 -14.8455 -14.8361 10.7283
2.96 -15.4037 -15.3937 11.128
2.97 -15.9737 -15.9631 11.5364
2.98 -16.5529 -16.5416 11.9516
2.99 -17.1382 -17.1262 12.3713
3 -17.726 -17.7133 12.7931
3.01 -18.3151 -18.3017 13.216
3.02 -18.9091 -18.8952 13.6427
3.03 -19.5111 -19.496 14.0751
3.04 -20.1164 -20.1003 14.5103
3.05 -20.7162 -20.6994 14.9416
3.06 -21.303 -21.2856 15.3638
3.07 -21.8695 -21.8512 15.7716
3.08 -22.4084 -22.3887 16.1594
3.09 -22.9106 -22.8903 16.5211
3.1 -23.3589 -23.3377 16.844
3.11 -23.7246 -23.7019 17.1074
3.12 -23.9506 -23.9277 17.2703
3.13 -23.972 -23.9484 17.2855
3.14 -23.6009 -23.5918 14.3006
3.15 -22.1798 -22.1982 11.3513
3.16 -20.8144 -20.8739 9.50998
3.17 -19.2596 -19.3471 7.80072
3.18 -16.8185 -16.9403 5.68148
3.19 -13.9566 -14.108 3.75874
3.2 -11.4054 -11.5814 2.40351
3.21 -9.69287 -9.85263 1.46287
3.22 -9.60748 -9.7198 0.70227
3.23 -9.47388 -9.54111 -0.0692507
3.24 -9.30365 -9.34165 -0.768004
3.25 -9.11539 -9.14401 -1.36874
3.26 -8.9168 -8.93373 -1.88865
3.27 -8.71633 -8.72534 -2.34873
3.28 -8.52083 -8.52486 -2.753
3.29 -8.33641 -8.33971 -3.06817
3.3 -8.17018 -8.17516 -3.37279
3.31 -8.01407 -8.01649 -3.58985
3.32 -7.8846 -7.88481 -3.82733
3.33 -7.77398 -7.7743 -3.96636
3.34 -7.67958 -7.6808 -4.11992
3.35 -7.60374 -7.60519 -4.2876
3.36 -7.54403 -7.54391 -4.3679
3.37 -7.49489 -7.494 -4.4574
3.38 -7.45789 -7.45785 -4.55775
3.39 -7.43422 -7.43462 -4.66941
3.4 -7.42457 -7.42448 -4.77557
3.41 -7.42411 -7.42322 -4.79941
3.42 -7.42411 -7.42322 -4.79941
3.43 -7.42411 -7.42322 -4.79941
3.44 -7.42411 -7.42322 -4.79941
3.45 -7.42411 -7.42322 -4.79941
3.46 -7.42411 -7.42322 -4.79941
3.47 -7.42411 -7.42322 -4.79941
3.48 -7.42411 -7.42322 -4.79941
3.49 -7.42411 -7.42322 -4.79941
3.5 -7.42411 -7.42322 -4.79941
3.51 -7.42411 -7.42322 -4.79941
3.52 -7.42411 -7.42322 -4.79941
3.53 -7.42411 -7.42322 -4.79941
3.54 -7.42411 -7.42322 -4.79941
3.55 -7.42411 -7.42322 -4.79941
3.56 -7.42411 -7.42322 -4.79941
3.57 -7.42411 -7.42322 -4.79941
3.58 -7.42411 -7.42322 -4.79941
3.59 -7.42411 -7.42322 -4.79941
3.6 -7.42411 -7.42322 -4.79941
3.61 -7.42411 -7.42322 -4.79941
3.62 -7.42411 -7.42322 -4.79941
3.63 -7.42411 -7.42322 -4.79941
3.64 -7.42411 -7.42322 -4.79941
3.65 -7.42406 -7.42298 -4.18825
3.66 -7.41746 -7.41596 -2.97571
3.67 -7.38858 -7.38771 -1.86451
3.68 -7.32819 -7.32837 -0.9366
3.69 -7.23255 -7.23381 -0.106554
3.7 -7.10451 -7.10627 0.622955
3.71 -6.95814 -6.96029 1.26257
3.72 -6.8075 -6.81 1.81021
3.73 -6.66399 -6.66665 2.27257
3.74 -6.53264 -6.53499 2.66124
3.75 -6.42138 -6.42326 2.99535
3.76 -6.33177 -6.33306 3.29982
3.77 -6.2584 -6.25943 3.51725
3.78 -6.21274 -6.21349 3.75159
3.79 -6.18782 -6.18801 3.91807
3.8 -6.18097 -6.18083 4.10658
3.81 -6.181 -6.18072 4.10657
3.82 -6.181 -6.18072 4.10657
3.83 -6.181 -6.18072 4.10657
3.84 -6.181 -6.18072 4.10657
3.85 -6.181 -6.18072 4.10657
3.86 -6.181 -6.18072 4.10657
3.87 -6.181 -6.18072 4.10657
3.88 -6.181 -6.18072 4.10657
3.89 -6.181 -6.18072 4.10657
3.9 -6.181 -6.18072 4.10657
3.91 -6.181 -6.18072 4.10657
3.92 -6.181 -6.18072 4.10657
3.93 -6.181 -6.18072 4.10657
3.94 -6.181 -6.18072 4.10657
3.95 -6.181 -6.18072 4.10657
3.96 -6.181 -6.18072 4.10657
3.97 -6.181 -6.18072 4.10657
3.98 -6.181 -6.18072 4.10657
3.99 -6.181 -6.18072 4.10657
4 -6.181 -6.18072 4.10657
4.01 -6.181 -6.18072 4.10657
4.02 -6.181 -6.18072 4.10657
4.03 -6.50215 -6.50081 4.73583
4.04 -7.3393 -7.33571 5.53191
4.05 -8.31274 -8.30769 6.23444
4.06 -9.33582 -9.32991 6.97419
4.07 -10.3941 -10.3871 7.74052
4.08 -11.4709 -11.4627 8.52132
4.09 -12.5496 -12.5405 9.30458
4.1 -13.6125 -13.6013 10.0769
4.11 -14.6281 -14.6154 10.8158
4.12 -15.5519 -15.5386 11.4886
4.13 -16.3413 -16.3265 12.0637
4.14 -16.9637 -16.9498 12.5178
4.15 -17.371 -17.3545 12.8144
4.16 -17.5285 -17.5083 12.9285
4.17 -17.5285 -17.5165 11.8103
4.18 -16.4927 -16.5004 9.28137
4.19 -15.2748 -15.301 7.54245
4.2 -14.4484 -14.4902 6.6029
4.21 -13.4967 -13.5542 5.68883
4.22 -12.0466 -12.1283 4.45931
4.23 -10.1896 -10.2903 3.22169
4.24 -8.5266 -8.63749 2.2912
4.25 -7.27211 -7.39041 1.68391
4.26 -6.04667 -6.16579 1.19412
4.27 -6.01189 -6.10094 0.784966
4.28 -5.94346 -5.99956 0.288982
4.29 -5.83688 -5.87048 -0.222942
4.3 -5.70264 -5.72119 -0.689935
4.31 -5.55485 -5.56446 -1.09211
4.32 -5.40286 -5.40734 -1.43302
4.33 -5.25733 -5.26005 -1.72502
4.34 -5.12234 -5.12383 -1.93944
4.35 -5.00257 -5.00409 -2.13092
4.36 -4.89132 -4.89166 -2.28402
4.37 -4.79579 -4.79582 -2.41303
4.38 -4.71482 -4.71511 -2.50924
4.39 -4.64664 -4.6468 -2.6154
4.4 -4.59588 -4.59602 -2.68619
4.41 -4.55378 -4.55339 -2.74194
4.42 -4.52033 -4.52 -2.80453
4.43 -4.49642 -4.49632 -2.87448
4.44 -4.48259 -4.48243 -2.94192
4.45 -4.47622 -4.47586 -2.97027
4.46 -4.47382 -4.47336 -3.00159
4.47 -4.47381 -4.47338 -3.00159
4.48 -4.47381 -4.47338 -3.00159
4.49 -4.47381 -4.47338 -3.00159
4.5 -4.47381 -4.47338 -3.00159
4.51 -4.47381 -4.47338 -3.00159
4.52 -4.47381 -4.47338 -3.00159
4.53 -4.47381 -4.47338 -3.00159
4.54 -4.47381 -4.47338 -3.00159
4.55 -4.47381 -4.47338 -3.00159
4.56 -4.47381 -4.47338 -3.00159
4.57 -4.47381 -4.47338 -3.00159
4.58 -4.47381 -4.47338 -3.00159
4.59 -4.47381 -4.47338 -3.00159
4.6 -4.47381 -4.47338 -3.00159
4.61 -4.47381 -4.47338 -3.00159
4.62 -4.47381 -4.47338 -3.00159
4.63 -4.47381 -4.47338 -3.00159
4.64 -4.47381 -4.47338 -3.00159
4.65 -4.47381 -4.47338 -3.00159
4.66 -4.47381 -4.47338 -3.00159
4.67 -4.47381 -4.47338 -3.00159
4.68 -4.47381 -4.47356 -2.36803
4.69 -4.43461 -4.43514 -1.52317
4.7 -4.40272 -4.40316 -0.799192
4.71 -4.34342 -4.34381 -0.194257
4.72 -4.26019 -4.26097 0.321621
4.73 -4.16258 -4.16387 0.757676
4.74 -4.06184 -4.06328 1.12779
4.75 -3.96589 -3.96697 1.43809
4.76 -3.88036 -3.88121 1.69693
4.77 -3.80704 -3.80785 1.91408
4.78 -3.74991 -3.75055 2.10538
4.79 -3.70896 -3.70927 2.26538
4.8 -3.68499 -3.68496 2.40068
4.81 -3.6716 -3.67143 2.52279
4.82 -3.67163 -3.67149 2.52282
4.83 -3.67163 -3.67149 2.52282
4.84 -3.67163 -3.67149 2.52282
4.85 -3.67163 -3.67149 2.52282
4.86 -3.67163 -3.67149 2.52282
4.87 -3.67163 -3.67149 2.52282
4.88 -3.67163 -3.67149 2.52282
4.89 -3.67163 -3.67149 2.52282
4.9 -3.67163 -3.67149 2.52282
4.91 -3.67163 -3.67149 2.52282
4.92 -3.67163 -3.67149 2.52282
4.93 -3.67163 -3.67149 2.52282
4.94 -3.67163 -3.67149 2.52282
4.95 -3.67163 -3.67149 2.52282
4.96 -3.67163 -3.67149 2.52282
4.97 -3.67163 -3.67149 2.52282
4.98 -3.67163 -3.67149 2.52282
4.99 -3.67163 -3.67149 2.52282
5 -3.67163 -3.67149 2.52282
5.01 -3.67163 -3.67149 2.52282
5.02 -3.67163 -3.67149 2.52282
5.03 -3.67163 -3.67149 2.52282
5.04 -3.67163 -3.67149 2.52282
5.05 -3.67163 -3.67149 2.52282
5.06 -3.67163 -3.67149 2.52282
5.07 -3.67163 -3.67149 2.52282
5.08 -3.67163 -3.67149 2.52282
5.09 -3.67163 -3.67149 2.52282
5.1 -3.94545 -3.94445 3.03827
5.11 -4.71975 -4.71726 3.73408
5.12 -5.63784 -5.63454 4.40482
5.13 -6.60582 -6.60182 5.11346
5.14 -7.59906 -7.59334 5.84162
5.15 -8.59214 -8.58533 6.57095
5.16 -9.55289 -9.54587 7.27767
5.17 -10.4424 -10.4335 7.93229
5.18 -11.2215 -11.2107 8.50614
5.19 -11.8504 -11.8395 8.97003
5.2 -12.2856 -12.2764 9.28872
5.21 -12.5071 -12.4978 9.44993
5.22 -12.538 -12.5238 9.47126
5.23 -12.3404 -12.3316 8.01901
5.24 -11.4164 -11.4208 6.36799
5.25 -10.5213 -10.5427 5.28046
5.26 -9.84964 -9.88311 4.5804
5.27 -8.9751 -9.01788 3.83669
5.28 -7.71266 -7.76948 2.89289
5.29 -6.28084 -6.34878 2.01314
5.3 -4.99172 -5.06666 1.37406
5.31 -3.8037 -3.88025 0.870011
5.32 -3.30225 -3.36044 0.490195
5.33 -3.25375 -3.28749 0.146662
5.34 -3.17803 -3.19729 -0.191328
5.35 -3.08384 -3.09334 -0.488555
5.36 -2.98227 -2.98554 -0.732614
5.37 -2.8823 -2.88351 -0.926403
5.38 -2.78828 -2.78903 -1.07946
5.39 -2.70498 -2.70573 -1.20651
5.4 -2.63224 -2.63249 -1.30716
5.41 -2.57071 -2.57009 -1.38374
5.42 -2.51556 -2.51522 -1.44676
5.43 -2.47052 -2.47064 -1.50962
5.44 -2.43509 -2.43504 -1.54132
5.45 -2.40566 -2.40544 -1.57733
5.46 -2.38278 -2.38228 -1.61803
5.47 -2.36727 -2.36706 -1.65887
5.48 -2.35863 -2.35861 -1.67444
5.49 -2.35278 -2.35256 -1.69187
5.5 -2.3506 -2.35021 -1.71178
5.51 -2.35057 -2.35019 -1.71177
5.52 -2.35057 -2.35019 -1.71177
5.53 -2.35057 -2.35019 -1.71177
5.54 -2.35057 -2.35019 -1.71177
5.55 -2.35057 -2.35019 -1.71177
5.56 -2.35057 -2.35019 -1.71177
5.57 -2.35057 -2.35019 -1.71177
5.58 -2.35057 -2.35019 -1.71177
5.59 -2.35057 -2.35019 -1.71177
5.6 -2.35057 -2.35019 -1.71177
5.61 -2.35057 -2.35019 -1.71177
5.62 -2.35057 -2.35019 -1.71177
5.63 -2.35057 -2.35019 -1.71177
5.64 -2.35057 -2.35019 -1.71177
5.65 -2.35057 -2.35019 -1.71177
5.66 -2.35057 -2.35019 -1.71177
5.67 -2.35057 -2.35019 -1.71177
5.68 -2.35057 -2.35019 -1.71177
5.69 -2.35057 -2.35014 -1.60484
5.7 -2.34897 -2.34859 -1.1323
5.71 -2.3363 -2.33608 -0.63194
5.72 -2.30488 -2.30482 -0.216374
5.73 -2.25574 -2.25585 0.130897
5.74 -2.19412 -2.19441 0.414364
5.75 -2.12924 -2.12965 0.653983
5.76 -2.06816 -2.06855 0.852095
5.77 -2.01514 -2.01543 1.01314
5.78 -1.97111 -1.97128 1.14316
5.79 -1.93865 -1.93873 1.25215
5.8 -1.91782 -1.91782 1.3536
5.81 -1.90574 -1.90565 1.42909
5.82 -1.9041 -1.90393 1.50411
5.83 -1.9041 -1.90393 1.50411
5.84 -1.9041 -1.90393 1.50411
5.85 -1.9041 -1.90393 1.50411
5.86 -1.9041 -1.90393 1.50411
5.87 -1.9041 -1.90393 1.50411
5.88 -1.9041 -1.90393 1.50411
5.89 -1.9041 -1.90393 1.50411
5.9 -1.9041 -1.90393 1.50411
5.91 -1.9041 -1.90393 1.50411
5.92 -1.9041 -1.90393 1.50411
5.93 -1.9041 -1.90393 1.50411
5.94 -1.9041 -1.90393 1.50411
5.95 -1.9041 -1.90393 1.50411
5.96 -1.9041 -1.90393 1.50411
5.97 -1.9041 -1.90393 1.50411
5.98 -1.9041 -1.90393 1.50411
5.99 -1.9041 -1.90393 1.50411
6 -1.9041 -1.90393 1.50411
6.01 -1.9041 -1.90393 1.50411
6.02 -1.9041 -1.90393 1.50411
6.03 -1.9041 -1.90393 1.50411
6.04 -1.9041 -1.90393 1.50411
6.05 -1.9041 -1.90393 1.50411
6.06 -1.9041 -1.90393 1.50411
6.07 -1.9041 -1.90393 1.50411
6.08 -1.9041 -1.90393 1.50411
6.09 -1.92209 -1.92192 1.54253
6.1 -2.27624 -2.27542 1.95889
6.11 -2.90741 -2.90578 2.46276
6.12 -3.62097 -3.61881 2.98213
6.13 -4.40897 -4.40645 3.55575
6.14 -5.26531 -5.26215 4.17906
6.15 -6.1785 -6.17392 4.84356
6.16 -7.13208 -7.12636 5.53753
6.17 -8.10581 -8.09974 6.24638
6.18 -9.07491 -9.06759 6.95163
6.19 -10.011 -10.0015 7.6326
6.2 -10.8824 -10.8718 8.26675
6.21 -11.6528 -11.6412 8.8274
6.22 -12.2878 -12.2756 9.28957
6.23 -12.7455 -12.735 9.62323
6.24 -12.9834 -12.9715 9.79608
6.25 -12.9988 -12.9822 9.80618
6.26 -12.4998 -12.4965 7.99938
6.27 -11.0499 -11.0688 6.21364
6.28 -9.92217 -9.96333 5.14824
6.29 -8.9679 -9.02124 4.37956
6.3 -7.7029 -7.76898 3.46595
6.31 -6.17891 -6.26331 2.51541
6.32 -4.76441 -4.85774 1.76256
6.33 -3.54254 -3.63997 1.18224
6.34 -2.24551 -2.3404 0.673353
6.35 -1.52342 -1.59106 0.301159
6.36 -1.49641 -1.53093 0.062335
6.37 -1.44931 -1.46542 -0.149047
6.38 -1.38959 -1.39583 -0.317253
6.39 -1.3271 -1.32883 -0.451513
6.4 -1.26819 -1.26886 -0.555789
6.41 -1.215 -1.21547 -0.637457
6.42 -1.16954 -1.16977 -0.70029
6.43 -1.13182 -1.13138 -0.743865
6.44 -1.0987 -1.09824 -0.784795
6.45 -1.07328 -1.07321 -0.811381
6.46 -1.05338 -1.05338 -0.833345
6.47 -1.03834 -1.0382 -0.858821
6.48 -1.0286 -1.02826 -0.880587
6.49 -1.02342 -1.02319 -0.890829
6.5 -1.02062 -1.02059 -0.902765
6.51 -1.02015 -1.02008 -0.916301
6.52 -1.02011 -1.01989 -0.916246
6.53 -1.02011 -1.01989 -0.916246
6.54 -1.02011 -1.01989 -0.916246
6.55 -1.02011 -1.01989 -0.916246
6.56 -1.02011 -1.01989 -0.916246
6.57 -1.02011 -1.01989 -0.916246
6.58 -1.02011 -1.01989 -0.916246
6.59 -1.02011 -1.01989 -0.916246
6.6 -1.02011 -1.01989 -0.916246
6.61 -1.02011 -1.01989 -0.916246
6.62 -1.02011 -1.01989 -0.916246
6.63 -1.02011 -1.01989 -0.916246
6.64 -1.02011 -1.01989 -0.916246
6.65 -1.02011 -1.01989 -0.916246
6.66 -1.02011 -1.01989 -0.916246
6.67 -1.02011 -1.01989 -0.916246
6.68 -1.02011 -1.01989 -0.916246
6.69 -1.02011 -1.01989 -0.916246
6.7 -1.02011 -1.01985 -0.914402
6.71 -1.0197 -1.0194 -0.665495
6.72 -1.01375 -1.01353 -0.365277
6.73 -0.994791 -0.994714 -0.111635
6.74 -0.963052 -0.963075 0.0951257
6.75 -0.923753 -0.923821 0.265202
6.76 -0.88284 -0.882922 0.397445
6.77 -0.846323 -0.846409 0.505402
6.78 -0.81695 -0.816999 0.591692
6.79 -0.794911 -0.794901 0.660262
6.8 -0.781911 -0.781848 0.718609
6.81 -0.777278 -0.777179 0.771743
6.82 -0.777284 -0.777178 0.771745
6.83 -0.777284 -0.777178 0.771745
6.84 -0.777284 -0.777178 0.771745
6.85 -0.777284 -0.777178 0.771745
6.86 -0.777284 -0.777178 0.771745
6.87 -0.777284 -0.777178 0.771745
6.88 -0.777284 -0.777178 0.771745
6.89 -0.777284 -0.777178 0.771745
6.9 -0.777284 -0.777178 0.771745
6.91 -0.777284 -0.777178 0.771745
6.92 -0.777284 -0.777178 0.771745
6.93 -0.777284 -0.777178 0.771745
6.94 -0.777284 -0.777178 0.771745
6.95 -0.777284 -0.777178 0.771745
6.96 -0.777284 -0.777178 0.771745
6.97 -0.777284 -0.777178 0.771745
6.98 -0.777284 -0.777178 0.771745
6.99 -0.777284 -0.777178 0.771745
7 -0.777284 -0.777178 0.771745
7.01 -0.777284 -0.777178 0.771745
7.02 -0.777284 -0.777178 0.771745
7.03 -0.777284 -0.777178 0.771745
7.04 -0.777284 -0.777178 0.771745
7.05 -0.777284 -0.777178 0.771745
7.06 -0.783829 -0.783719 0.803367
7.07 -1.07167 -1.07127 1.10639
7.08 -1.61063 -1.6098 1.51883
7.09 -2.23752 -2.23631 1.97515
7.1 -2.97304 -2.97142 2.51054
7.11 -3.82012 -3.81785 3.1271
7.12 -4.77742 -4.77421 3.82383
7.13 -5.83731 -5.83295 4.59521
7.14 -6.98605 -6.9802 5.43119
7.15 -8.20466 -8.19756 6.3181
7.16 -9.46776 -9.45915 7.23733
7.17 -10.7431 -10.732 8.16521
7.18 -11.9928 -11.9797 9.07461
7.19 -13.1736 -13.1588 9.93386
7.2 -14.2335 -14.2168 10.7051
7.21 -15.1154 -15.0972 11.3468
7.22 -15.7521 -15.7322 11.8099
7.23 -16.0826 -16.062 12.0504
7.24 -16.1014 -16.0851 12.0651
7.25 -15.1202 -15.1321 9.81034
7.26 -12.8999 -12.9438 7.67043
7.27 -11.3584 -11.4345 6.46892
7.28 -10.1153 -10.21 5.53276
7.29 -8.33558 -8.46071 4.34542
7.3 -6.45277 -6.60166 3.18874
7.31 -4.96749 -5.12449 2.35086
7.32 -3.66545 -3.83132 1.68548
7.33 -2.28523 -2.45204 1.02711
7.34 -0.852771 -1.00996 0.436055
7.35 -0.670082 -0.745524 0.156547
7.36 -0.652265 -0.682317 -0.0220957
7.37 -0.616274 -0.627373 -0.157474
7.38 -0.574554 -0.578128 -0.253949
7.39 -0.534408 -0.535372 -0.32539
7.4 -0.498808 -0.499132 -0.37765
7.41 -0.469457 -0.469676 -0.418232
7.42 -0.444152 -0.443995 -0.443988
7.43 -0.426274 -0.426213 -0.467668
7.44 -0.411669 -0.411567 -0.482136
7.45 -0.400973 -0.40093 -0.499629
7.46 -0.394712 -0.394683 -0.512017
7.47 -0.391538 -0.391411 -0.519574
7.48 -0.390358 -0.390262 -0.528679
7.49 -0.390375 -0.390327 -0.528699
7.5 -0.390375 -0.390327 -0.528699
7.51 -0.390375 -0.390327 -0.528699
7.52 -0.390375 -0.390327 -0.528699
7.53 -0.390375 -0.390327 -0.528699
7.54 -0.390375 -0.390327 -0.528699
7.55 -0.390375 -0.390327 -0.528699
7.56 -0.390375 -0.390327 -0.528699
7.57 -0.390375 -0.390327 -0.528699
7.58 -0.390375 -0.390327 -0.528699
7.59 -0.390375 -0.390327 -0.528699
7.6 -0.390375 -0.390327 -0.528699
7.61 -0.390375 -0.390327 -0.528699
7.62 -0.390375 -0.390327 -0.528699
7.63 -0.390375 -0.390327 -0.528699
7.64 -0.390375 -0.390327 -0.528699
7.65 -0.390375 -0.390327 -0.528699
7.66 -0.390375 -0.390327 -0.528699
7.67 -0.390375 -0.390327 -0.528699
7.68 -0.390375 -0.390327 -0.528699
7.69 -0.390375 -0.390327 -0.528699
7.7 -0.390375 -0.390327 -0.528699
7.71 -0.390375 -0.390327 -0.528699
7.72 -0.390375 -0.390327 -0.528699
7.73 -0.390125 -0.390087 -0.376907
7.74 -0.385613 -0.385576 -0.187506
7.75 -0.370793 -0.37079 -0.0222213
7.76 -0.346389 -0.346436 0.10774
7.77 -0.318666 -0.318736 0.21044
7.78 -0.292886 -0.292937 0.287002
7.79 -0.27238 -0.272399 0.347722
7.8 -0.258827 -0.258817 0.394599
7.81 -0.251856 -0.251827 0.431117
7.82 -0.250929 -0.250884 0.450964
7.83 -0.250929 -0.250884 0.450964
7.84 -0.250929 -0.250884 0.450964
7.85 -0.250929 -0.250884 0.450964
7.86 -0.250929 -0.250884 0.450964
7.87 -0.250929 -0.250884 0.450964
7.88 -0.250929 -0.250884 0.450964
7.89 -0.250929 -0.250884 0.450964
7.9 -0.250929 -0.250884 0.450964
7.91 -0.250929 -0.250884 0.450964
7.92 -0.250929 -0.250884 0.450964
7.93 -0.250929 -0.250884 0.450964
7.94 -0.250929 -0.250884 0.450964
7.95 -0.250929 -0.250884 0.450964
7.96 -0.250929 -0.250884 0.450964
7.97 -0.250929 -0.250884 0.450964
7.98 -0.250929 -0.250884 0.450964
7.99 -0.250929 -0.250884 0.450964
8 -0.250929 -0.250884 0.450964
8.01 -0.250929 -0.250884 0.450964
8.02 -0.250929 -0.250884 0.450964
8.03 -0.250929 -0.250884 0.450964
8.04 -0.250929 -0.250884 0.450964
8.05 -0.250929 -0.250884 0.450964
8.06 -0.250929 -0.250884 0.450964
8.07 -0.250929 -0.250884 0.450964
8.08 -0.250929 -0.250884 0.450964
8.09 -0.439332 -0.43915 0.655328
8.1 -0.9259 -0.92544 1.0204
8.11 -1.50949 -1.50871 1.4452
8.12 -2.22568 -2.22444 1.96652
8.13 -3.0785 -3.07661 2.58726
8.14 -4.06637 -4.06352 3.30624
8.15 -5.17941 -5.17529 4.11628
8.16 -6.39821 -6.39284 5.00333
8.17 -7.69324 -7.68613 5.94575
8.18 -9.02576 -9.01656 6.91539
8.19 -10.3479 -10.3363 7.8774
8.2 -11.6029 -11.5896 8.79067
8.21 -12.7254 -12.7098 9.60736
8.22 -13.6531 -13.636 10.2824
8.23 -14.314 -14.2958 10.7633
8.24 -14.6462 -14.6278 11.0051
8.25 -14.6575 -14.6395 11.0134
8.26 -13.5651 -13.574 8.91325
8.27 -11.3673 -11.4117 6.98697
8.28 -9.98408 -10.0555 5.95885
8.29 -9.01816 -9.10589 5.28146
8.3 -7.7526 -7.86021 4.41686
8.31 -6.22725 -6.3544 3.42194
8.32 -4.86557 -5.00571 2.6233
8.33 -3.85118 -4.00095 2.04986
8.34 -2.8713 -3.02583 1.51542
8.35 -1.71979 -1.87459 0.941497
8.36 -0.579443 -0.728128 0.419105
8.37 -0.139888 -0.220721 0.120146
8.38 -0.136603 -0.160599 -0.0165408
8.39 -0.11208 -0.117961 -0.105429
8.4 -0.0834528 -0.0845728 -0.16571
8.41 -0.0580985 -0.0583569 -0.203977
8.42 -0.0376431 -0.0378391 -0.230454
8.43 -0.0224265 -0.022497 -0.249296
8.44 -0.0116292 -0.0113773 -0.260567
8.45 -0.00323017 -0.00305619 -0.271787
8.46 1.09618e-05 -2.19236e-05 -0.311769
8.47 1.09618e-05 -2.19236e-05 -0.311769
8.48 1.09618e-05 -2.19236e-05 -0.311769
8.49 1.09618e-05 -2.19236e-05 -0.311769
8.5 1.09618e-05 -2.19236e-05 -0.311769
8.51 1.09618e-05 -2.19236e-05 -0.311769
8.52 1.09618e-05 -2.19236e-05 -0.311769
8.53 1.09618e-05 -2.19236e-05 -0.311769
8.54 1.09618e-05 -2.19236e-05 -0.311769
8.55 1.09618e-05 -2.19236e-05 -0.311769
8.56 1.09618e-05 -2.19236e-05 -0.311769
8.57 1.09618e-05 -2.19236e-05 -0.311769
8.58 1.09618e-05 -2.19236e-05 -0.311769
8.59 1.09618e-05 -2.19236e-05 -0.311769
8.6 1.09618e-05 -2.19236e-05 -0.311769
8.61 1.09618e-05 -2.19236e-05 -0.311769
8.62 1.09618e-05 -2.19236e-05 -0.311769
8.63 1.09618e-05 -2.19236e-05 -0.311769
8.64 1.09618e-05 -2.19236e-05 -0.311769
8.65 1.09618e-05 -2.19236e-05 -0.311769
8.66 1.09618e-05 -2.19236e-05 -0.311769
8.67 1.09618e-05 -2.19236e-05 -0.311769
8.68 1.09618e-05 -2.19236e-05 -0.311769
8.69 1.09618e-05 -2.19236e-05 -0.311769
8.7 1.09618e-05 -2.19236e-05 -0.311769
8.71 1.09618e-05 -2.19236e-05 -0.311769
8.72 1.09618e-05 -2.19236e-05 -0.311769
8.73 1.09618e-05 -2.74526e-05 -0.27825
8.74 2.41572e-05 -4.83144e-05 -0.146732
8.75 2.68614e-05 -5.37228e-05 0.0553512
8.76 1.82236e-05 -3.64473e-05 0.297813
8.77 3.08879e-06 -6.17757e-06 0.297813
8.78 3.08879e-06 -6.17757e-06 0.297813
8.79 3.08879e-06 -6.17757e-06 0.297813
8.8 3.08879e-06 -6.17757e-06 0.297813
8.81 3.08879e-06 -6.17757e-06 0.297813
8.82 3.08879e-06 -6.17757e-06 0.297813
8.83 3.08879e-06 -6.17757e-06 0.297813
8.84 3.08879e-06 -6.17757e-06 0.297813
8.85 3.08879e-06 -6.17757e-06 0.297813
8.86 3.08879e-06 -6.17757e-06 0.297813
8.87 3.08879e-06 -6.17757e-06 0.297813
8.88 3.08879e-06 -6.17757e-06 0.297813
8.89 3.08879e-06 -6.17757e-06 0.297813
8.9 3.08879e-06 -6.17757e-06 0.297813
8.91 3.08879e-06 -6.17757e-06 0.297813
8.92 3.08879e-06 -6.17757e-06 0.297813
8.93 3.08879e-06 -6.17757e-06 0.297813
8.94 3.08879e-06 -6.17757e-06 0.297813
8.95 3.08879e-06 -6.17757e-06 0.297813
8.96 3.08879e-06 -6.17757e-06 0.297813
8.97 3.08879e-06 -6.17757e-06 0.297813
8.98 3.08879e-06 -6.17757e-06 0.297813
8.99 3.08879e-06 -6.17757e-06 0.297813
9 3.08879e-06 -6.17757e-06 0.297813
9.01 3.08879e-06 -6.17757e-06 0.297813
9.02 3.08879e-06 -6.17757e-06 0.297813
9.03 3.08879e-06 -6.17757e-06 0.297813
9.04 3.08879e-06 -6.17757e-06 0.297813
9.05 3.08879e-06 -6.17757e-06 0.297813
9.06 3.08879e-06 -6.17757e-06 0.297813
9.07 -0.159044 -0.158944 0.44343
9.08 -0.610989 -0.610657 0.791161
9.09 -1.20898 -1.20834 1.22645
9.1 -1.98925 -1.98811 1.79441
9.11 -2.96659 -2.96466 2.50577
9.12 -4.14749 -4.1444 3.36524
9.13 -5.52597 -5.52129 4.36846
9.14 -7.08074 -7.07372 5.49984
9.15 -8.77542 -8.76575 6.73301
9.16 -10.5587 -10.5464 8.0307
9.17 -12.3641 -12.3481 9.34423
9.18 -14.1136 -14.0942 10.6171
9.19 -15.7153 -15.6919 11.7822
9.2 -17.0697 -17.0423 12.7674
9.21 -18.0818 -18.0541 13.5041
9.22 -18.6628 -18.6297 13.9258
9.23 -18.7908 -18.7589 14.0193
9.24 -18.1325 -18.1244 12.0689
9.25 -15.2373 -15.2859 9.70751
9.26 -13.454 -13.5441 8.30867
9.27 -12.1068 -12.2187 7.31213
9.28 -10.1405 -10.2952 6.00244
9.29 -7.945 -8.13488 4.5824
9.3 -6.16316 -6.37382 3.46886
9.31 -4.61714 -4.8416 2.57887
9.32 -2.97818 -3.21218 1.68013
9.33 -1.33546 -1.56897 0.83853
9.34 0.0356761 -0.1763 0.236402
9.35 -0.000971802 -0.0606848 0.0048797
9.36 0.00592666 -0.0118533 -0.182971
9.37 0.00446013 -0.00892025 -0.311678
9.38 0.00446013 -0.00892025 -0.311678
9.39 0.00446013 -0.00892025 -0.311678
9.4 0.00446013 -0.00892025 -0.311678
9.41 0.00446013 -0.00892025 -0.311678
9.42 0.00446013 -0.00892025 -0.311678
9.43 0.00446013 -0.00892025 -0.311678
9.44 0.00446013 -0.00892025 -0.311678
9.45 0.00446013 -0.00892025 -0.311678
9.46 0.00446013 -0.00892025 -0.311678
9.47 0.00446013 -0.00892025 -0.311678
9.48 0.00446013 -0.00892025 -0.311678
9.49 0.00446013 -0.00892025 -0.311678
9.5 0.00446013 -0.00892025 -0.311678
9.51 0.00446013 -0.00892025 -0.311678
9.52 0.00446013 -0.00892025 -0.311678
9.53 0.00446013 -0.00892025 -0.311678
9.54 0.00446013 -0.00892025 -0.311678
9.55 0.00446013 -0.00892025 -0.311678
9.56 0.00446013 -0.00892025 -0.311678
9.57 0.00446013 -0.00892025 -0.311678
9.58 0.00446013 -0.00892025 -0.311678
9.59 0.00446013 -0.00892025 -0.311678
9.6 0.00446013 -0.00892025 -0.311678
9.61 0.00446013 -0.00892025 -0.311678
9.62 0.00446013 -0.00892025 -0.311678
9.63 0.00446013 -0.00892025 -0.311678
9.64 0.00446013 -0.00892025 -0.311678
9.65 0.00446013 -0.00892025 -0.311678
9.66 0.00446013 -0.00892025 -0.311678
9.67 0.00446013 -0.00892025 -0.311678
9.68 0.00446013 -0.00892025 -0.311678
9.69 0.00446013 -0.00892025 -0.311678
9.7 0.00446013 -0.00892025 -0.311678
9.71 0.00446013 -0.00892025 -0.311678
9.72 0.00446013 -0.00892025 -0.311678
9.73 0.00446013 -0.00892025 -0.311678
9.74 0.00445019 -0.00890038 -0.279218
9.75 0.00445492 -0.00890983 -0.146523
9.76 0.00445915 -0.00891831 0.0499631
9.77 0.00445622 -0.00891244 0.279141
9.78 0.00263224 -0.00526448 0.311746
9.79 0.00263224 -0.00526448 0.311746
9.8 0.00263224 -0.00526448 0.311746
9.81 0.00263224 -0.00526448 0.311746
9.82 0.00263224 -0.00526448 0.311746
9.83 0.00263224 -0.00526448 0.311746
9.84 0.00263224 -0.00526448 0.311746
9.85 0.00263224 -0.00526448 0.311746
9.86 0.00263224 -0.00526448 0.311746
9.87 0.00263224 -0.00526448 0.311746
9.88 0.00263224 -0.00526448 0.311746
9.89 0.00263224 -0.00526448 0.311746
9.9 0.00263224 -0.00526448 0.311746
9.91 0.00263224 -0.00526448 0.311746
9.92 0.00263224 -0.00526448 0.311746
9.93 0.00263224 -0.00526448 0.311746
9.94 0.00263224 -0.00526448 0.311746
9.95 0.00263224 -0.00526448 0.311746
9.96 0.00263224 -0.00526448 0.311746
9.97 0.00263224 -0.00526448 0.311746
9.98 0.00263224 -0.00526448 0.311746
9.99 0.00263224 -0.00526448 0.311746
10 0.00263224 -0.00526448 0.311746
10.01 0.00263224 -0.00526448 0.311746
10.02 0.00263224 -0.00526448 0.311746
10.03 0.00263224 -0.00526448 0.311746
10.04 0.00263224 -0.00526448 0.311746
10.05 0.00263224 -0.00526448 0.311746
10.06 0.00263224 -0.00526448 0.311746
10.07 0.00263224 -0.00526448 0.311746
10.08 0.00263224 -0.00526448 0.311746
10.09 0.00263224 -0.00526448 0.311746
10.1 0.00263224 -0.00526448 0.311746
10.11 -0.125645 -0.126282 0.41574
10.12 -0.600879 -0.600575 0.783807
10.13 -1.26164 -1.26095 1.26478
10.14 -2.14063 -2.13924 1.90456
10.15 -3.25628 -3.25383 2.71655
10.16 -4.61809 -4.61417 3.70766
10.17 -6.22209 -6.21602 4.87493
10.18 -8.04689 -8.03795 6.20278
10.19 -10.0547 -10.042 7.66366
10.2 -12.1957 -12.1787 9.22134
10.21 -14.4125 -14.3905 10.8341
10.22 -16.646 -16.6184 12.4588
10.23 -18.841 -18.8074 14.0555
10.24 -20.9507 -20.9108 15.5899
10.25 -22.9388 -22.8927 17.0358
10.26 -24.7807 -24.7286 18.3753
10.27 -26.4615 -26.4036 19.5976
10.28 -27.9751 -27.9116 20.6982
10.29 -29.321 -29.2525 21.6769
10.3 -30.5028 -30.43 22.5363
10.31 -31.5261 -31.4494 23.2804
10.32 -32.3972 -32.317 23.9137
10.33 -33.1219 -33.0388 24.4406
10.34 -33.7054 -33.62 24.8649
10.35 -34.1519 -34.0648 25.1895
10.36 -34.4645 -34.3761 25.4168
10.37 -34.6455 -34.5564 25.5484
10.38 -34.6968 -34.6075 25.5857
10.39 -34.6968 -34.6082 25.1533
10.4 -34.6968 -34.6091 23.8175
10.41 -32.6964 -32.6621 21.5397
10.42 -29.2216 -29.2986 18.9872
10.43 -25.5619 -25.7454 16.3442
10.44 -21.2756 -21.5813 13.3106
10.45 -16.591 -17.0311 10.0915
10.46 -11.8447 -12.3818 7.11268
10.47 -7.70496 -8.29523 4.59034
10.48 -4.27343 -4.89254 2.60206
10.49 -1.58885 -2.20729 1.18349
10.5 -0.341456 -0.746869 0.325486
10.51 0.0124402 -0.125803 -0.0169051
10.52 0.00465808 -0.0228502 -0.107785
10.53 0.00493556 -0.00987111 -0.287995
10.54 0.00493556 -0.00987111 -0.287995
10.55 0.00493556 -0.00987111 -0.287995
10.56 0.00493556 -0.00987111 -0.287995
10.57 0.00493556 -0.00987111 -0.287995
10.58 0.00493556 -0.00987111 -0.287995
10.59 0.00493556 -0.00987111 -0.287995
10.6 0.00493556 -0.00987111 -0.287995
10.61 0.00493556 -0.00987111 -0.287995
10.62 0.00493556 -0.00987111 -0.287995
10.63 0.00493556 -0.00987111 -0.287995
10.64 0.00493556 -0.00987111 -0.287995
10.65 0.00493556 -0.00987111 -0.287995
10.66 0.00493556 -0.00987111 -0.287995
10.67 0.00493556 -0.00987111 -0.287995
10.68 0.00493556 -0.00987111 -0.287995
10.69 0.00493556 -0.00987111 -0.287995
10.7 0.00493556 -0.00987111 -0.287995
10.71 0.00493556 -0.00987111 -0.287995
10.72 0.00493556 -0.00987111 -0.287995
10.73 0.00493556 -0.00987111 -0.287995
10.74 0.00493556 -0.00987111 -0.287995
10.75 0.00493556 -0.00987111 -0.287995
10.76 0.00493556 -0.00987111 -0.287995
10.77 0.00493556 -0.0100343 -0.271748
10.78 0.00494872 -0.0101627 -0.224329
10.79 0.00499085 -0.00998169 -0.151092
10.8 0.00491158 -0.00982317 -0.0583818
10.81 0.00488846 -0.00977692 0.0426825
10.82 0.00493922 -0.00987845 0.146291
10.83 0.00497042 -0.00994083 0.24843
10.84 0.00428288 -0.00856576 0.300717
10.85 0.00428288 -0.00856576 0.300717
10.86 0.00428288 -0.00856576 0.300717
10.87 0.00428288 -0.00856576 0.300717
10.88 0.00428288 -0.00856576 0.300717
10.89 0.00428288 -0.00856576 0.300717
10.9 0.00428288 -0.00856576 0.300717
10.91 0.00428288 -0.00856576 0.300717
10.92 0.00428288 -0.00856576 0.300717
10.93 0.00428288 -0.00856576 0.300717
10.94 0.00428288 -0.00856576 0.300717
10.95 0.00428288 -0.00856576 0.300717
10.96 0.00428288 -0.00856576 0.300717
10.97 0.00428288 -0.00856576 0.300717
10.98 0.00428288 -0.00856576 0.300717
10.99 0.00428288 -0.00856576 0.300717
11 0.00428288 -0.00856576 0.300717
11.01 0.00428288 -0.00856576 0.300717
11.02 0.00428288 -0.00856576 0.300717
11.03 0.00428288 -0.00856576 0.300717
11.04 0.00428288 -0.00856576 0.300717
11.05 0.00428288 -0.00856576 0.300717
11.06 0.00428288 -0.00856576 0.300717
11.07 0.00428288 -0.00856576 0.300717
11.08 0.00428288 -0.00856576 0.300717
11.09 0.00428288 -0.00856576 0.300717
11.1 0.00428288 -0.00856576 0.300717
11.11 0.00428288 -0.00856576 0.300717
11.12 0.00428288 -0.00856576 0.300717
11.13 0.00428288 -0.00856576 0.300717
11.14 0.00428288 -0.00856576 0.300717
11.15 0.00428288 -0.00856576 0.300717
11.16 0.00428288 -0.00856576 0.300717
11.17 0.00428288 -0.00856576 0.300717
11.18 0.00428288 -0.00856576 0.300717
11.19 0.00428288 -0.00856576 0.300717
11.2 0.00428288 -0.00856576 0.300717
11.21 0.00428288 -0.00856576 0.300717
11.22 0.00428288 -0.00856576 0.300717
11.23 0.00428288 -0.00856576 0.300717
11.24 0.00428288 -0.00856576 0.300717
11.25 0.00428288 -0.00856576 0.300717
11.26 0.00428288 -0.00856576 0.300717
11.27 0.00428288 -0.00856576 0.300717
11.28 0.00428288 -0.00856576 0.300717
11.29 0.00428288 -0.00856576 0.300717
11.3 0.00428288 -0.00856576 0.300717
11.31 0.00428288 -0.00856576 0.300717
11.32 -0.0147608 -0.0197525 0.325001
11.33 -0.102004 -0.103144 0.409541
11.34 -0.248171 -0.248309 0.5258
11.35 -0.43379 -0.433494 0.662159
11.36 -0.638182 -0.637716 0.810926
11.37 -0.863808 -0.863186 0.975155
11.38 -1.10957 -1.10878 1.15404
11.39 -1.37421 -1.37317 1.34665
11.4 -1.65617 -1.65486 1.55187
11.41 -1.95367 -1.95207 1.76839
11.42 -2.26457 -2.26265 1.99467
11.43 -2.58644 -2.58419 2.22892
11.44 -2.91678 -2.9141 2.46932
11.45 -3.25325 -3.25012 2.71418
11.46 -3.59363 -3.59006 2.96189
11.47 -3.93585 -3.93183 3.21093
11.48 -4.27793 -4.27344 3.45987
11.49 -4.61802 -4.61296 3.70733
11.5 -4.95438 -4.94878 3.95209
11.51 -5.28551 -5.27939 4.19304
11.52 -5.61007 -5.60344 4.42921
11.53 -5.92694 -5.91974 4.65977
11.54 -6.23516 -6.22738 4.88403
11.55 -6.53393 -6.52561 5.10142
11.56 -6.82252 -6.81368 5.3114
11.57 -7.10032 -7.09098 5.51353
11.58 -7.36682 -7.35693 5.70742
11.59 -7.62154 -7.61113 5.89275
11.6 -7.86412 -7.85323 6.06924
11.61 -8.09421 -8.08287 6.23665
11.62 -8.31153 -8.29973 6.39476
11.63 -8.51579 -8.50355 6.54336
11.64 -8.70677 -8.69411 6.68231
11.65 -8.88424 -8.87121 6.81142
11.66 -9.04797 -9.0346 6.93054
11.67 -9.19779 -9.18407 7.03953
11.68 -9.33351 -9.31948 7.13827
11.69 -9.45499 -9.44068 7.22664
11.7 -9.56211 -9.54757 7.30458
11.71 -9.65478 -9.64004 7.372
11.72 -9.73298 -9.71805 7.42888
11.73 -9.7967 -9.78161 7.47524
11.74 -9.84598 -9.83079 7.51109
11.75 -9.88095 -9.86568 7.53653
11.76 -9.90174 -9.88643 7.55166
11.77 -9.90814 -9.8928 7.55631
11.78 -9.90814 -9.89286 7.48205
11.79 -9.90814 -9.89287 7.30458
11.8 -9.90814 -9.89273 7.08583
11.81 -9.90814 -9.89236 6.83572
11.82 -9.605 -9.59527 6.52312
11.83 -9.19529 -9.19295 6.15177
11.84 -8.7615 -8.76621 5.76409
11.85 -8.32472 -8.33661 5.3816
11.86 -7.87706 -7.89508 4.99602
11.87 -7.40099 -7.42892 4.59439
11.88 -6.80538 -6.84348 4.168
11.89 -6.1588 -6.20416 3.71278
11.9 -5.47223 -5.52551 3.23958
11.91 -4.77064 -4.83294 2.76821
11.92 -4.07194 -4.14268 2.319
11.93 -3.37569 -3.45269 1.90919
11.94 -2.74573 -2.8261 1.54794
11.95 -2.19238 -2.2756 1.23998
11.96 -1.72231 -1.80797 0.986688
11.97 -1.32592 -1.41246 0.787127
11.98 -1.01731 -1.10335 0.63766
11.99 -0.795012 -0.879956 0.532502
12 -0.649128 -0.733665 0.464622
12.01 -0.574982 -0.658968 0.430739
12.02 -0.567072 -0.650971 0.427178
12.03 -0.567072 -0.650919 0.455355
12.04 -0.567232 -0.650482 0.513578
12.05 -0.567919 -0.648846 0.591153
12.06 -0.569814 -0.644799 0.653258
12.07 -0.569814 -0.644799 0.653258
12.08 -0.569814 -0.644799 0.653258
12.09 -0.569814 -0.644799 0.653258
12.1 -0.569814 -0.644799 0.653258
12.11 -0.569814 -0.644799 0.653258
12.12 -0.569814 -0.644799 0.653258
12.13 -0.569814 -0.644799 0.653258
12.14 -0.569814 -0.644799 0.653258
12.15 -0.569814 -0.644799 0.653258
12.16 -0.569814 -0.644799 0.653258
12.17 -0.569814 -0.644799 0.653258
12.18 -0.569814 -0.644799 0.653258
12.19 -0.569814 -0.644799 0.653258
12.2 -0.569814 -0.644799 0.653258
12.21 -0.569814 -0.644799 0.653258
12.22 -0.571217 -0.642312 0.692086
12.23 -0.636456 -0.670686 0.817851
12.24 -0.704599 -0.72551 0.864384
12.25 -0.773125 -0.785889 0.912352
12.26 -0.84445 -0.852118 0.963063
12.27 -0.918629 -0.923103 1.0163
12.28 -0.995514 -0.997967 1.07179
12.29 -1.0752 -1.07639 1.1295
12.3 -1.15765 -1.15804 1.18933
12.31 -1.24281 -1.24264 1.2512
12.32 -1.33079 -1.3302 1.31515
12.33 -1.42173 -1.42084 1.38129
12.34 -1.51577 -1.51471 1.44971
12.35 -1.61295 -1.61176 1.52043
12.36 -1.71329 -1.71191 1.59344
12.37 -1.81679 -1.81523 1.66875
12.38 -1.92342 -1.92174 1.74635
12.39 -2.03319 -2.03141 1.82624
12.4 -2.14605 -2.14414 1.90838
12.41 -2.26192 -2.25984 1.9927
12.42 -2.38071 -2.37848 2.07915
12.43 -2.50229 -2.49993 2.16763
12.44 -2.62651 -2.62401 2.25804
12.45 -2.75319 -2.75052 2.35022
12.46 -2.88211 -2.87925 2.44403
12.47 -3.01304 -3.01002 2.53932
12.48 -3.14576 -3.14258 2.63591
12.49 -3.27998 -3.27662 2.73359
12.5 -3.41543 -3.41187 2.83215
12.51 -3.55182 -3.54805 2.9314
12.52 -3.68885 -3.68489 3.03112
12.53 -3.82621 -3.82206 3.13107
12.54 -3.96358 -3.95923 3.23104
12.55 -4.10067 -4.09609 3.33079
12.56 -4.23713 -4.23235 3.4301
12.57 -4.37267 -4.36768 3.52872
12.58 -4.50697 -4.50177 3.62645
12.59 -4.63973 -4.63431 3.72305
12.6 -4.77069 -4.76504 3.81834
12.61 -4.89956 -4.8937 3.91211
12.62 -5.02607 -5.02001 4.00417
12.63 -5.14996 -5.14369 4.09432
12.64 -5.27094 -5.26445 4.18234
12.65 -5.38873 -5.38204 4.26805
12.66 -5.50306 -5.49618 4.35125
12.67 -5.61366 -5.60658 4.43172
12.68 -5.72027 -5.71299 4.50929
12.69 -5.82262 -5.81515 4.58376
12.7 -5.92048 -5.91284 4.65496
12.71 -6.01362 -6.00581 4.72273
12.72 -6.10183 -6.09385 4.78691
12.73 -6.1849 -6.17676 4.84735
12.74 -6.26265 -6.25436 4.90392
12.75 -6.33492 -6.32649 4.9565
12.76 -6.40156 -6.39301 5.00499
12.77 -6.46245 -6.45378 5.04929
12.78 -6.51747 -6.50868 5.08932
12.79 -6.56652 -6.55765 5.12502
12.8 -6.60955 -6.6006 5.15632
12.81 -6.6465 -6.63747 5.18321
12.82 -6.67734 -6.66824 5.20564
12.83 -6.70204 -6.6929 5.22361
12.84 -6.72063 -6.71144 5.23713
12.85 -6.73311 -6.72391 5.24622
12.86 -6.73954 -6.73032 5.2509
12.87 -6.74026 -6.73101 5.25141
12.88 -6.74026 -6.73111 5.20918
12.89 -6.74026 -6.73113 5.1316
12.9 -6.74026 -6.73104 5.01843
12.91 -6.74026 -6.73103 4.85314
12.92 -6.66644 -6.65824 4.65006
12.93 -6.4526 -6.44679 4.4302
12.94 -6.21417 -6.21202 4.18875
12.95 -5.9483 -5.95123 3.92417
12.96 -5.66057 -5.66841 3.6447
12.97 -5.33832 -5.34931 3.36083
12.98 -4.97941 -4.99413 3.08382
12.99 -4.62986 -4.64946 2.81937
13 -4.29759 -4.3216 2.57289
13.01 -3.98944 -4.01669 2.34872
13.02 -3.71032 -3.73958 2.14953
13.03 -3.44355 -3.47519 1.9764
13.04 -3.2111 -3.24545 1.831
13.05 -3.01924 -3.05538 1.71252
13.06 -2.86773 -2.90467 1.61993
13.07 -2.75671 -2.79412 1.55274
13.08 -2.68705 -2.72461 1.51086
13.09 -2.65964 -2.69731 1.49447
13.1 -2.65964 -2.69772 1.50487
13.11 -2.65964 -2.69787 1.54399
13.12 -2.65964 -2.69783 1.61151
13.13 -2.65964 -2.69772 1.70609
13.14 -2.65982 -2.69696 1.81362
13.15 -2.66005 -2.69651 1.93937
13.16 -2.66154 -2.69359 1.93949
13.17 -2.66154 -2.69359 1.93949
13.18 -2.66154 -2.69359 1.93949
13.19 -2.66154 -2.69359 1.93949
13.2 -2.66154 -2.69359 1.93949
13.21 -2.66154 -2.69359 1.93949
13.22 -2.66154 -2.69359 1.93949
13.23 -2.66154 -2.69359 1.93949
13.24 -2.66154 -2.69359 1.93949
13.25 -2.66154 -2.69359 1.93949
13.26 -2.66154 -2.69359 1.93949
13.27 -2.66154 -2.69359 1.93949
13.28 -2.66154 -2.69359 1.93949
13.29 -2.66154 -2.69359 1.93949
13.3 -2.66154 -2.69359 1.93949
13.31 -2.66154 -2.69359 1.93949
13.32 -2.66325 -2.69352 2.11628
13.33 -2.68432 -2.71 2.30692
13.34 -2.72006 -2.74263 2.33219
13.35 -2.75962 -2.77926 2.36029
13.36 -2.80825 -2.82475 2.39495
13.37 -2.86218 -2.87562 2.43347
13.38 -2.91744 -2.92834 2.47309
13.39 -2.97366 -2.98249 2.51353
13.4 -3.0314 -3.03836 2.55511
13.41 -3.09055 -3.09584 2.59777
13.42 -3.15078 -3.15462 2.64127
13.43 -3.21181 -3.21449 2.68542
13.44 -3.27341 -3.27515 2.73004
13.45 -3.33542 -3.33627 2.77497
13.46 -3.39779 -3.39785 2.82019
13.47 -3.46053 -3.45994 2.86571
13.48 -3.52367 -3.52255 2.91155
13.49 -3.58713 -3.58555 2.95764
13.5 -3.65078 -3.64874 3.00387
13.51 -3.71445 -3.71201 3.05012
13.52 -3.77795 -3.77519 3.09628
13.53 -3.84112 -3.83809 3.1422
13.54 -3.90378 -3.90048 3.18776
13.55 -3.96576 -3.9622 3.23282
13.56 -4.02691 -4.02313 3.27728
13.57 -4.08709 -4.08313 3.32105
13.58 -4.14616 -4.14203 3.36402
13.59 -4.20401 -4.19971 3.4061
13.6 -4.26055 -4.25608 3.44722
13.61 -4.31569 -4.31108 3.48733
13.62 -4.36936 -4.36463 3.52638
13.63 -4.42148 -4.41663 3.56429
13.64 -4.47197 -4.46699 3.60102
13.65 -4.52075 -4.51565 3.6365
13.66 -4.56771 -4.56252 3.67068
13.67 -4.61279 -4.6075 3.70347
13.68 -4.65588 -4.6505 3.73482
13.69 -4.69692 -4.69145 3.76468
13.7 -4.73582 -4.73027 3.79298
13.71 -4.77252 -4.7669 3.81968
13.72 -4.80696 -4.80128 3.84474
13.73 -4.83909 -4.83334 3.86812
13.74 -4.86887 -4.86305 3.88978
13.75 -4.89625 -4.89038 3.9097
13.76 -4.92121 -4.91529 3.92786
13.77 -4.94372 -4.93776 3.94424
13.78 -4.96378 -4.95778 3.95884
13.79 -4.98137 -4.97533 3.97163
13.8 -4.9965 -4.99043 3.98264
13.81 -5.00915 -5.00306 3.99185
13.82 -5.01936 -5.01324 3.99927
13.83 -5.02712 -5.02099 4.00492
13.84 -5.03258 -5.02647 4.0089
13.85 -5.03582 -5.02977 4.01127
13.86 -5.03674 -5.03066 4.01193
13.87 -5.03674 -5.03057 3.9992
13.88 -5.03674 -5.03054 3.97155
13.89 -5.03674 -5.0306 3.92973
13.9 -5.03674 -5.03065 3.86697
13.91 -5.03674 -5.03061 3.786
13.92 -5.03674 -5.03056 3.69377
13.93 -5.02103 -5.01504 3.59265
13.94 -4.92816 -4.92323 3.48597
13.95 -4.82719 -4.82358 3.37117
13.96 -4.72066 -4.71863 3.25142
13.97 -4.6116 -4.61148 3.13033
13.98 -4.50314 -4.50423 3.01127
13.99 -4.39829 -4.40023 2.89754
14 -4.29984 -4.30306 2.79218
14.01 -4.19365 -4.19839 2.69817
14.02 -4.09472 -4.10073 2.61541
14.03 -4.00861 -4.01538 2.54387
14.04 -3.93581 -3.94277 2.48371
14.05 -3.8765 -3.88353 2.43499
14.06 -3.83124 -3.83896 2.39811
14.07 -3.80122 -3.81008 2.37388
14.08 -3.78743 -3.79686 2.36279
14.09 -3.78743 -3.79655 2.36501
14.1 -3.78743 -3.79619 2.38139
14.11 -3.78743 -3.79636 2.41192
14.12 -3.78743 -3.79675 2.45647
14.13 -3.78743 -3.79673 2.51431
14.14 -3.78743 -3.79639 2.58398
14.15 -3.78743 -3.7963 2.66352
14.16 -3.78804 -3.79533 2.67329
14.17 -3.78804 -3.79533 2.67329
14.18 -3.78804 -3.79533 2.67329
14.19 -3.78804 -3.79533 2.67329
14.2 -3.78804 -3.79533 2.67329
14.21 -3.78804 -3.79533 2.67329
14.22 -3.78804 -3.79533 2.67329
14.23 -3.78804 -3.79533 2.67329
14.24 -3.78804 -3.79533 2.67329
14.25 -3.78804 -3.79533 2.67329
14.26 -3.78804 -3.79533 2.67329
14.27 -3.78804 -3.79533 2.67329
14.28 -3.78804 -3.79533 2.67329
14.29 -3.78804 -3.79533 2.67329
14.3 -3.78843 -3.79558 2.78183
14.31 -3.78987 -3.79673 2.95477
14.32 -3.79202 -3.79846 3.06505
14.33 -3.79976 -3.8054 3.1142
14.34 -3.81273 -3.81807 3.12356
14.35 -3.82454 -3.82961 3.1321
14.36 -3.83419 -3.83901 3.13906
14.37 -3.8423 -3.84688 3.14491
14.38 -3.85021 -3.8546 3.15062
14.39 -3.85871 -3.86299 3.15678
14.4 -3.86782 -3.87194 3.16338
14.41 -3.87735 -3.88118 3.17025
14.42 -3.88732 -3.89083 3.17743
14.43 -3.89796 -3.9013 3.18513
14.44 -3.9095 -3.91271 3.1935
14.45 -3.92204 -3.92498 3.20257
14.46 -3.93553 -3.93814 3.21231
14.47 -3.94983 -3.95215 3.22265
14.48 -3.96474 -3.96686 3.23345
14.49 -3.98005 -3.98195 3.24455
14.5 -3.99558 -3.99718 3.25578
14.51 -4.01116 -4.01247 3.26705
14.52 -4.02664 -4.02773 3.27827
14.53 -4.04186 -4.04277 3.28931
14.54 -4.05667 -4.05737 3.30004
14.55 -4.07092 -4.07138 3.31035
14.56 -4.08447 -4.08473 3.32017
14.57 -4.09726 -4.09738 3.32945
14.58 -4.10926 -4.10925 3.33816
14.59 -4.12047 -4.12031 3.34628
14.6 -4.13091 -4.13067 3.35386
14.61 -4.14054 -4.14027 3.36087
14.62 -4.14926 -4.14891 3.36719
14.63 -4.15704 -4.15653 3.37282
14.64 -4.16391 -4.16324 3.37779
14.65 -4.16987 -4.16916 3.38211
14.66 -4.17493 -4.17422 3.3858
14.67 -4.1791 -4.17832 3.38882
14.68 -4.18239 -4.18151 3.39119
14.69 -4.18481 -4.18387 3.39293
14.7 -4.18635 -4.18544 3.39406
14.71 -4.18697 -4.18606 3.39452
14.72 -4.18697 -4.18603 3.39049
14.73 -4.18697 -4.18599 3.3761
14.74 -4.18697 -4.18601 3.35383
14.75 -4.18697 -4.18604 3.32611
14.76 -4.18697 -4.18604 3.29301
14.77 -4.18697 -4.18601 3.25572
14.78 -4.18697 -4.186 3.2157
14.79 -4.18697 -4.18602 3.17366
14.8 -4.18697 -4.18604 3.13059
14.81 -4.18697 -4.18603 3.08773
14.82 -4.18026 -4.1793 3.04671
14.83 -4.15014 -4.14925 3.00931
14.84 -4.12198 -4.12148 2.97455
14.85 -4.09692 -4.09676 2.94375
14.86 -4.07515 -4.07532 2.91709
14.87 -4.05646 -4.05696 2.8943
14.88 -4.04107 -4.04175 2.87555
14.89 -4.02926 -4.03012 2.86121
14.9 -4.02125 -4.02233 2.85152
14.91 -4.01706 -4.01824 2.84646
14.92 -4.01652 -4.0177 2.8458
14.93 -4.01652 -4.01771 2.84945
14.94 -4.01652 -4.01769 2.85717
14.95 -4.01652 -4.01771 2.86877
14.96 -4.01652 -4.01771 2.88425
14.97 -4.01652 -4.01769 2.90361
14.98 -4.01652 -4.0177 2.92679
14.99 -4.01652 -4.0177 2.95356
15 -4.01652 -4.01771 2.98344
15.01 -4.01652 -4.0177 3.01576
15.02 -4.01652 -4.0177 3.04969
15.03 -4.01652 -4.0177 3.08435
15.04 -4.01652 -4.01771 3.11882
15.05 -4.01652 -4.0177 3.15219
15.06 -4.01655 -4.01763 3.17288
15.07 -4.01655 -4.01763 3.17288
15.08 -4.01655 -4.01763 3.17288
15.09 -4.01655 -4.01763 3.17288
15.1 -4.01655 -4.01763 3.17288
15.11 -4.01655 -4.01763 3.17288
15.12 -4.01655 -4.01763 3.17288
15.13 -4.01655 -4.01763 3.17288
15.14 -4.01655 -4.01763 3.17288
15.15 -4.01655 -4.01763 3.17288
15.16 -4.01655 -4.01763 3.17288
15.17 -4.01655 -4.01763 3.17288
15.18 -4.01655 -4.01763 3.17288
15.19 -4.01655 -4.01763 3.17288
15.2 -4.01655 -4.01763 3.17288
15.21 -4.01655 -4.01763 3.16781
15.22 -4.01655 -4.01763 3.1557
15.23 -4.01655 -4.01763 3.14081
15.24 -4.01655 -4.01763 3.1265
15.25 -4.01655 -4.01763 3.11341
15.26 -4.01655 -4.01763 3.10101
15.27 -4.01655 -4.01763 3.08899
15.28 -4.01655 -4.01763 3.07735
15.29 -4.01655 -4.01763 3.06611
15.3 -4.01655 -4.01763 3.05537
15.31 -4.01655 -4.01763 3.04543
15.32 -4.01655 -4.01763 3.0367
15.33 -4.01655 -4.01763 3.02966
15.34 -4.01655 -4.01763 3.02466
15.35 -4.01655 -4.01763 3.02187
15.36 -4.01655 -4.01763 3.02125
15.37 -4.01655 -4.01763 3.02253
15.38 -4.01655 -4.01763 3.02534
15.39 -4.01655 -4.01763 3.02921
15.4 -4.01655 -4.01763 3.03372
15.41 -4.01655 -4.01763 3.03855
15.42 -4.01655 -4.01763 3.04352
15.43 -4.01655 -4.01763 3.04862
15.44 -4.01655 -4.01763 3.05398
15.45 -4.01655 -4.01763 3.05978
15.46 -4.01655 -4.01763 3.06622
15.47 -4.01655 -4.01763 3.0734
15.48 -4.01655 -4.01763 3.08134
15.49 -4.01655 -4.01763 3.08992
15.5 -4.01655 -4.01763 3.09891
15.51 -4.01655 -4.01763 3.10801
15.52 -4.01655 -4.01763 3.11686
15.53 -4.01655 -4.01763 3.12515
15.54 -4.01655 -4.01763 3.13256
15.55 -4.01655 -4.01763 3.13884
15.56 -4.01655 -4.01763 3.1438
15.57 -4.01655 -4.01763 3.14732
15.58 -4.01655 -4.01763 3.14935
15.59 -4.01655 -4.01763 3.14987
15.6 -4.01655 -4.01763 3.14894
15.61 -4.01655 -4.01763 3.14665
15.62 -4.01655 -4.01763 3.14316
15.63 -4.01655 -4.01763 3.13869
15.64 -4.01655 -4.01763 3.13343
15.65 -4.01655 -4.01763 3.12757
15.66 -4.01655 -4.01763 3.12124
15.67 -4.01655 -4.01763 3.11454
15.68 -4.01655 -4.01763 3.10757
15.69 -4.01655 -4.01763 3.10045
15.7 -4.01655 -4.01763 3.09326
15.71 -4.01655 -4.01763 3.08609
15.72 -4.01655 -4.01763 3.07905
15.73 -4.01655 -4.01763 3.07222
15.74 -4.01655 -4.01763 3.06572
15.75 -4.01655 -4.01763 3.05967
15.76 -4.01655 -4.01763 3.0542
15.77 -4.01655 -4.01763 3.04946
15.78 -4.01655 -4.01763 3.04555
15.79 -4.01655 -4.01763 3.04259
15.8 -4.01655 -4.01763 3.04067
15.81 -4.01655 -4.01763 3.03984
15.82 -4.01655 -4.01763 3.04014
15.83 -4.01655 -4.01763 3.04155
15.84 -4.01655 -4.01763 3.04403
15.85 -4.01655 -4.01763 3.0475
15.86 -4.01655 -4.01763 3.05186
15.87 -4.01655 -4.01763 3.05697
15.88 -4.01655 -4.01763 3.06269
15.89 -4.01655 -4.01763 3.06886
15.9 -4.01655 -4.01763 3.07534
15.91 -4.01655 -4.01763 3.08197
15.92 -4.01655 -4.01763 3.08861
15.93 -4.01655 -4.01763 3.09514
15.94 -4.01655 -4.01763 3.10144
15.95 -4.01655 -4.01763 3.1074
15.96 -4.01655 -4.01763 3.11293
15.97 -4.01655 -4.01763 3.11793
15.98 -4.01655 -4.01763 3.12232
15.99 -4.01655 -4.01763 3.12604
16 -4.01655 -4.01763 3.12902
16.01 -4.01655 -4.01763 3.1312
16.02 -4.01655 -4.01763 3.13254
16.03 -4.01655 -4.01763 3.13303
16.04 -4.01655 -4.01763 3.13263
16.05 -4.01655 -4.01763 3.13136
16.06 -4.01655 -4.01763 3.12925
16.07 -4.01655 -4.01763 3.12634
16.08 -4.01655 -4.01763 3.1227
16.09 -4.01655 -4.01763 3.1184
16.1 -4.01655 -4.01763 3.11356
16.11 -4.01655 -4.01763 3.10828
16.12 -4.01655 -4.01763 3.10269
16.13 -4.01655 -4.01763 3.09692
16.14 -4.01655 -4.01763 3.09109
16.15 -4.01655 -4.01763 3.08533
16.16 -4.01655 -4.01763 3.07977
16.17 -4.01655 -4.01763 3.07452
16.18 -4.01655 -4.01763 3.06967
16.19 -4.01655 -4.01763 3.06532
16.2 -4.01655 -4.01763 3.06155
16.21 -4.01655 -4.01763 3.05842
16.22 -4.01655 -4.01763 3.05598
16.23 -4.01655 -4.01763 3.05426
16.24 -4.01655 -4.01763 3.05329
16.25 -4.01655 -4.01763 3.05307
16.26 -4.01655 -4.01763 3.05361
16.27 -4.01655 -4.01763 3.05487
16.28 -4.01655 -4.01763 3.05683
16.29 -4.01655 -4.01763 3.05945
16.3 -4.01655 -4.01763 3.06266
16.31 -4.01655 -4.01763 3.06639
16.32 -4.01655 -4.01763 3.07057
16.33 -4.01655 -4.01763 3.07511
16.34 -4.01655 -4.01763 3.07991
16.35 -4.01655 -4.01763 3.08486
16.36 -4.01655 -4.01763 3.08986
16.37 -4.01655 -4.01763 3.09481
16.38 -4.01655 -4.01763 3.09959
16.39 -4.01655 -4.01763 3.10412
16.4 -4.01655 -4.01763 3.1083
16.41 -4.01655 -4.01763 3.11204
16.42 -4.01655 -4.01763 3.11528
16.43 -4.01655 -4.01763 3.11795
16.44 -4.01655 -4.01763 3.12002
16.45 -4.01655 -4.01763 3.12144
16.46 -4.01655 -4.01763 3.12219
16.47 -4.01655 -4.01763 3.12229
16.48 -4.01655 -4.01763 3.12172
16.49 -4.01655 -4.01763 3.12052
16.5 -4.01655 -4.01763 3.11871
16.51 -4.01655 -4.01763 3.11635
16.52 -4.01655 -4.01763 3.11348
16.53 -4.01655 -4.01763 3.11018
16.54 -4.01655 -4.01763 3.10651
16.55 -4.01655 -4.01763 3.10256
16.56 -4.01655 -4.01763 3.0984
16.57 -4.01655 -4.01763 3.09413
16.58 -4.01655 -4.01763 3.08982
16.59 -4.01655 -4.01763 3.08558
16.6 -4.01655 -4.01763 3.08148
16.61 -4.01655 -4.01763 3.07762
16.62 -4.01655 -4.01763 3.07406
16.63 -4.01655 -4.01763 3.07087
16.64 -4.01655 -4.01763 3.06813
16.65 -4.01655 -4.01763 3.06587
16.66 -4.01655 -4.01763 3.06414
16.67 -4.01655 -4.01763 3.06297
16.68 -4.01655 -4.01763 3.06238
16.69 -4.01655 -4.01763 3.06236
16.7 -4.01655 -4.01763 3.06292
16.71 -4.01655 -4.01763 3.06403
16.72 -4.01655 -4.01763 3.06566
16.73 -4.01655 -4.01763 3.06777
16.74 -4.01655 -4.01763 3.07031
16.75 -4.01655 -4.01763 3.07322
16.76 -4.01655 -4.01763 3.07644
16.77 -4.01655 -4.01763 3.07989
16.78 -4.01655 -4.01763 3.08351
16.79 -4.01655 -4.01763 3.08722
16.8 -4.01655 -4.01763 3.09094
16.81 -4.01655 -4.01763 3.09459
16.82 -4.01655 -4.01763 3.09811
16.83 -4.01655 -4.01763 3.10141
16.84 -4.01655 -4.01763 3.10445
16.85 -4.01655 -4.01763 3.10715
16.86 -4.01655 -4.01763 3.10946
16.87 -4.01655 -4.01763 3.11136
16.88 -4.01655 -4.01763 3.11279
16.89 -4.01655 -4.01763 3.11374
16.9 -4.01655 -4.01763 3.11419
16.91 -4.01655 -4.01763 3.11414
16.92 -4.01655 -4.01763 3.1136
16.93 -4.01655 -4.01763 3.11259
16.94 -4.01655 -4.01763 3.11112
16.95 -4.01655 -4.01763 3.10925
16.96 -4.01655 -4.01763 3.10701
16.97 -4.01655 -4.01763 3.10446
16.98 -4.01655 -4.01763 3.10164
16.99 -4.01655 -4.01763 3.09863
17 -4.01655 -4.01763 3.09548
17.01 -4.01655 -4.01763 3.09226
17.02 -4.01655 -4.01763 3.08905
17.03 -4.01655 -4.01763 3.0859
17.04 -4.01655 -4.01763 3.08288
17.05 -4.01655 -4.01763 3.08004
17.06 -4.01655 -4.01763 3.07746
17.07 -4.01655 -4.01763 3.07516
17.08 -4.01655 -4.01763 3.07321
17.09 -4.01655 -4.01763 3.07162
17.1 -4.01655 -4.01763 3.07044
17.11 -4.01655 -4.01763 3.06968
17.12 -4.01655 -4.01763 3.06935
17.13 -4.01655 -4.01763 3.06944
17.14 -4.01655 -4.01763 3.06996
17.15 -4.01655 -4.01763 3.07089
17.16 -4.01655 -4.01763 3.0722
17.17 -4.01655 -4.01763 3.07387
17.18 -4.01655 -4.01763 3.07584
17.19 -4.01655 -4.01763 3.07808
17.2 -4.01655 -4.01763 3.08054
17.21 -4.01655 -4.01763 3.08317
17.22 -4.01655 -4.01763 3.0859
17.23 -4.01655 -4.01763 3.08868
17.24 -4.01655 -4.01763 3.09146
17.25 -4.01655 -4.01763 3.09418
17.26 -4.01655 -4.01763 3.09677
17.27 -4.01655 -4.01763 3.0992
17.28 -4.01655 -4.01763 3.1014
17.29 -4.01655 -4.01763 3.10335
17.3 -4.01655 -4.01763 3.105
17.31 -4.01655 -4.01763 3.10633
17.32 -4.01655 -4.01763 3.1073
17.33 -4.01655 -4.01763 3.10791
17.34 -4.01655 -4.01763 3.10815
17.35 -4.01655 -4.01763 3.10802
17.36 -4.01655 -4.01763 3.10752
17.37 -4.01655 -4.01763 3.10667
17.38 -4.01655 -4.01763 3.1055
17.39 -4.01655 -4.01763 3.10402
17.4 -4.01655 -4.01763 3.10229
17.41 -4.01655 -4.01763 3.10032
17.42 -4.01655 -4.01763 3.09817
17.43 -4.01655 -4.01763 3.09589
17.44 -4.01655 -4.01763 3.09351
17.45 -4.01655 -4.01763 3.0911
17.46 -4.01655 -4.01763 3.08871
17.47 -4.01655 -4.01763 3.08637
17.48 -4.01655 -4.01763 3.08414
17.49 -4.01655 -4.01763 3.08207
17.5 -4.01655 -4.01763 3.08018
17.51 -4.01655 -4.01763 3.07853
17.52 -4.01655 -4.01763 3.07714
17.53 -4.01655 -4.01763 3.07603
17.54 -4.01655 -4.01763 3.07523
17.55 -4.01655 -4.01763 3.07474
17.56 -4.01655 -4.01763 3.07458
17.57 -4.01655 -4.01763 3.07473
17.58 -4.01655 -4.01763 3.0752
17.59 -4.01655 -4.01763 3.07597
17.6 -4.01655 -4.01763 3.07703
17.61 -4.01655 -4.01763 3.07833
17.62 -4.01655 -4.01763 3.07987
17.63 -4.01655 -4.01763 3.08159
17.64 -4.01655 -4.01763 3.08347
17.65 -4.01655 -4.01763 3.08545
17.66 -4.01655 -4.01763 3.08751
17.67 -4.01655 -4.01763 3.0896
17.68 -4.01655 -4.01763 3.09167
17.69 -4.01655 -4.01763 3.09368
17.7 -4.01655 -4.01763 3.09559
17.71 -4.01655 -4.01763 3.09736
17.72 -4.01655 -4.01763 3.09897
17.73 -4.01655 -4.01763 3.10037
17.74 -4.01655 -4.01763 3.10154
17.75 -4.01655 -4.01763 3.10247
17.76 -4.01655 -4.01763 3.10313
17.77 -4.01655 -4.01763 3.10351
17.78 -4.01655 -4.01763 3.10362
17.79 -4.01655 -4.01763 3.10345
17.8 -4.01655 -4.01763 3.103
17.81 -4.01655 -4.01763 3.1023
17.82 -4.01655 -4.01763 3.10136
17.83 -4.01655 -4.01763 3.10021
17.84 -4.01655 -4.01763 3.09886
17.85 -4.01655 -4.01763 3.09735
17.86 -4.01655 -4.01763 3.09571
17.87 -4.01655 -4.01763 3.09398
17.88 -4.01655 -4.01763 3.0922
17.89 -4.01655 -4.01763 3.09039
17.9 -4.01655 -4.01763 3.08861
17.91 -4.01655 -4.01763 3.08688
17.92 -4.01655 -4.01763 3.08524
17.93 -4.01655 -4.01763 3.08372
17.94 -4.01655 -4.01763 3.08236
17.95 -4.01655 -4.01763 3.08117
17.96 -4.01655 -4.01763 3.08018
17.97 -4.01655 -4.01763 3.07941
17.98 -4.01655 -4.01763 3.07887
17.99 -4.01655 -4.01763 3.07857
18 -4.01655 -4.01763 3.07851
18.01 -4.01655 -4.01763 3.07869
18.02 -4.01655 -4.01763 3.0791
18.03 -4.01655 -4.01763 3.07973
18.04 -4.01655 -4.01763 3.08057
18.05 -4.01655 -4.01763 3.0816
18.06 -4.01655 -4.01763 3.08278
18.07 -4.01655 -4.01763 3.0841
18.08 -4.01655 -4.01763 3.08553
18.09 -4.01655 -4.01763 3.08703
18.1 -4.01655 -4.01763 3.08858
18.11 -4.01655 -4.01763 3.09014
18.12 -4.01655 -4.01763 3.09168
18.13 -4.01655 -4.01763 3.09317
18.14 -4.01655 -4.01763 3.09458
18.15 -4.01655 -4.01763 3.09587
18.16 -4.01655 -4.01763 3.09704
18.17 -4.01655 -4.01763 3.09804
18.18 -4.01655 -4.01763 3.09887
18.19 -4.01655 -4.01763 3.09951
18.2 -4.01655 -4.01763 3.09995
18.21 -4.01655 -4.01763 3.10019
18.22 -4.01655 -4.01763 3.10021
18.23 -4.01655 -4.01763 3.10003
18.24 -4.01655 -4.01763 3.09965
18.25 -4.01655 -4.01763 3.09908
18.26 -4.01655 -4.01763 3.09833
18.27 -4.01655 -4.01763 3.09742
18.28 -4.01655 -4.01763 3.09638
18.29 -4.01655 -4.01763 3.09522
18.3 -4.01655 -4.01763 3.09398
18.31 -4.01655 -4.01763 3.09267
18.32 -4.01655 -4.01763 3.09133
18.33 -4.01655 -4.01763 3.08998
18.34 -4.01655 -4.01763 3.08865
18.35 -4.01655 -4.01763 3.08738
18.36 -4.01655 -4.01763 3.08617
18.37 -4.01655 -4.01763 3.08506
18.38 -4.01655 -4.01763 3.08407
18.39 -4.01655 -4.01763 3.08322
18.4 -4.01655 -4.01763 3.08252
18.41 -4.01655 -4.01763 3.08199
18.42 -4.01655 -4.01763 3.08163
18.43 -4.01655 -4.01763 3.08146
18.44 -4.01655 -4.01763 3.08146
18.45 -4.01655 -4.01763 3.08164
18.46 -4.01655 -4.01763 3.08199
18.47 -4.01655 -4.01763 3.08251
18.48 -4.01655 -4.01763 3.08317
18.49 -4.01655 -4.01763 3.08397
18.5 -4.01655 -4.01763 3.08489
18.51 -4.01655 -4.01763 3.0859
18.52 -4.01655 -4.01763 3.08698
18.53 -4.01655 -4.01763 3.08812
18.54 -4.01655 -4.01763 3.08928
18.55 -4.01655 -4.01763 3.09045
18.56 -4.01655 -4.01763 3.09159
18.57 -4.01655 -4.01763 3.09269
18.58 -4.01655 -4.01763 3.09372
18.59 -4.01655 -4.01763 3.09467
18.6 -4.01655 -4.01763 3.09551
18.61 -4.01655 -4.01763 3.09623
18.62 -4.01655 -4.01763 3.09681
18.63 -4.01655 -4.01763 3.09725
18.64 -4.01655 -4.01763 3.09754
18.65 -4.01655 -4.01763 3.09768
18.66 -4.01655 -4.01763 3.09766
18.67 -4.01655 -4.01763 3.09748
18.68 -4.01655 -4.01763 3.09716
18.69 -4.01655 -4.01763 3.09669
18.7 -4.01655 -4.01763 3.0961
18.71 -4.01655 -4.01763 3.0954
18.72 -4.01655 -4.01763 3.09459
18.73 -4.01655 -4.01763 3.09371
18.74 -4.01655 -4.01763 3.09276
18.75 -4.01655 -4.01763 3.09178
18.76 -4.01655 -4.01763 3.09077
18.77 -4.01655 -4.01763 3.08976
18.78 -4.01655 -4.01763 3.08878
18.79 -4.01655 -4.01763 3.08783
18.8 -4.01655 -4.01763 3.08695
18.81 -4.01655 -4.01763 3.08614
18.82 -4.01655 -4.01763 3.08543
18.83 -4.01655 -4.01763 3.08482
18.84 -4.01655 -4.01763 3.08433
18.85 -4.01655 -4.01763 3.08397
18.86 -4.01655 -4.01763 3.08373
18.87 -4.01655 -4.01763 3.08363
18.88 -4.01655 -4.01763 3.08367
18.89 -4.01655 -4.01763 3.08384
18.9 -4.01655 -4.01763 3.08414
18.91 -4.01655 -4.01763 3.08455
18.92 -4.01655 -4.01763 3.08508
18.93 -4.01655 -4.01763 3.0857
18.94 -4.01655 -4.01763 3.0864
18.95 -4.01655 -4.01763 3.08718
18.96 -4.01655 -4.01763 3.088
18.97 -4.01655 -4.01763 3.08886
18.98 -4.01655 -4.01763 3.08973
18.99 -4.01655 -4.01763 3.0906
19 -4.01655 -4.01763 3.09145
19.01 -4.01655 -4.01763 3.09226
19.02 -4.01655 -4.01763 3.09301
19.03 -4.01655 -4.01763 3.0937
19.04 -4.01655 -4.01763 3.09431
19.05 -4.01655 -4.01763 3.09482
19.06 -4.01655 -4.01763 3.09523
19.07 -4.01655 -4.01763 3.09553
19.08 -4.01655 -4.01763 3.09572
19.09 -4.01655 -4.01763 3.09579
19.1 -4.01655 -4.01763 3.09574
19.11 -4.01655 -4.01763 3.09558
19.12 -4.01655 -4.01763 3.09531
19.13 -4.01655 -4.01763 3.09494
19.14 -4.01655 -4.01763 3.09447
19.15 -4.01655 -4.01763 3.09392
19.16 -4.01655 -4.01763 3.09331
19.17 -4.01655 -4.01763 3.09263
19.18 -4.01655 -4.01763 3.09191
19.19 -4.01655 -4.01763 3.09117
19.2 -4.01655 -4.01763 3.09042
19.21 -4.01655 -4.01763 3.08967
19.22 -4.01655 -4.01763 3.08894
19.23 -4.01655 -4.01763 3.08824
19.24 -4.01655 -4.01763 3.08759
19.25 -4.01655 -4.01763 3.08701
19.26 -4.01655 -4.01763 3.08649
19.27 -4.01655 -4.01763 3.08606
19.28 -4.01655 -4.01763 3.08572
19.29 -4.01655 -4.01763 3.08547
19.3 -4.01655 -4.01763 3.08532
19.31 -4.01655 -4.01763 3.08527
19.32 -4.01655 -4.01763 3.08533
19.33 -4.01655 -4.01763 3.08548
19.34 -4.01655 -4.01763 3.08572
19.35 -4.01655 -4.01763 3.08606
19.36 -4.01655 -4.01763 3.08647
19.37 -4.01655 -4.01763 3.08695
19.38 -4.01655 -4.01763 3.08749
19.39 -4.01655 -4.01763 3.08808
19.4 -4.01655 -4.01763 3.08871
19.41 -4.01655 -4.01763 3.08935
19.42 -4.01655 -4.01763 3.09001
19.43 -4.01655 -4.01763 3.09065
19.44 -4.01655 -4.01763 3.09128
19.45 -4.01655 -4.01763 3.09188
19.46 -4.01655 -4.01763 3.09243
19.47 -4.01655 -4.01763 3.09293
19.48 -4.01655 -4.01763 3.09337
19.49 -4.01655 -4.01763 3.09373
19.5 -4.01655 -4.01763 3.09402
19.51 -4.01655 -4.01763 3.09422
19.52 -4.01655 -4.01763 3.09434
19.53 -4.01655 -4.01763 3.09437
19.54 -4.01655 -4.01763 3.09431
19.55 -4.01655 -4.01763 3.09417
19.56 -4.01655 -4.01763 3.09394
19.57 -4.01655 -4.01763 3.09365
19.58 -4.01655 -4.01763 3.09328
19.59 -4.01655 -4.01763 3.09286
19.6 -4.01655 -4.01763 3.09238
19.61 -4.01655 -4.01763 3.09187
19.62 -4.01655 -4.01763 3.09133
19.63 -4.01655 -4.01763 3.09077
19.64 -4.01655 -4.01763 3.0902
19.65 -4.01655 -4.01763 3.08964
19.66 -4.01655 -4.01763 3.0891
19.67 -4.01655 -4.01763 3.08859
19.68 -4.01655 -4.01763 3.08812
19.69 -4.01655 -4.01763 3.08769
19.7 -4.01655 -4.01763 3.08732
19.71 -4.01655 -4.01763 3.08702
19.72 -4.01655 -4.01763 3.08678
19.73 -4.01655 -4.01763 3.08661
19.74 -4.01655 -4.01763 3.08652
19.75 -4.01655 -4.01763 3.08651
19.76 -4.01655 -4.01763 3.08656
19.77 -4.01655 -4.01763 3.0867
19.78 -4.01655 -4.01763 3.0869
19.79 -4.01655 -4.01763 3.08716
19.8 -4.01655 -4.01763 3.08749
19.81 -4.01655 -4.01763 3.08786
19.82 -4.01655 -4.01763 3.08828
19.83 -4.01655 -4.01763 3.08872
19.84 -4.01655 -4.01763 3.0892
19.85 -4.01655 -4.01763 3.08968
19.86 -4.01655 -4.01763 3.09017
19.87 -4.01655 -4.01763 3.09065
19.88 -4.01655 -4.01763 3.09112
19.89 -4.01655 -4.01763 3.09155
19.9 -4.01655 -4.01763 3.09196
19.91 -4.01655 -4.01763 3.09232
19.92 -4.01655 -4.01763 3.09263
19.93 -4.01655 -4.01763 3.09289
19.94 -4.01655 -4.01763 3.09309
19.95 -4.01655 -4.01763 3.09322
19.96 -4.01655 -4.01763 3.09329
19.97 -4.01655 -4.01763 3.0933
19.98 -4.01655 -4.01763 3.09324
19.99 -4.01655 -4.01763 3.09312
20 -4.01655 -4.01763 3.09294
