8.958195e-05
8.887734e-05
8.816821e-05
8.740342e-05
8.665767e-05
8.584413e-05
8.496807e-05
8.449021e-05
8.403466e-05
8.299981e-05
8.224430e-05
8.148671e-05
8.102782e-05
8.066512e-05
8.039320e-05
7.797089e-05
7.764533e-05
7.687220e-05
7.736911e-05
7.601520e-05
7.529323e-05
7.542929e-05
7.197983e-05
7.110144e-05
7.021794e-05
6.812239e-05
7.097569e-05
7.026053e-05
6.805746e-05
7.039701e-05
7.482808e-05
7.095729e-05
7.807611e-05
6.593897e-05
6.308353e-05
5.321423e-05
5.426134e-05
5.553602e-05
6.233060e-05
6.438970e-05
6.670920e-05
6.931313e-05
6.582843e-05
5.873689e-05
6.150245e-05
5.366250e-05
5.657497e-05
4.404409e-05
5.103769e-05
6.292572e-05
4.486090e-05
5.757164e-05
5.702132e-05
6.631742e-05
6.101831e-05
5.011015e-05
5.485352e-05
4.303109e-05
3.049793e-05
3.523751e-05
5.272644e-05
3.941844e-05
5.823047e-05
3.760344e-05
5.758527e-05
6.442902e-05
4.223246e-05
1.883224e-05
1.980237e-06
2.416012e-05
2.303197e-05
3.867238e-05
4.657133e-05
4.607223e-05
2.750511e-05
4.508751e-05
3.512393e-05
2.472762e-05
4.016821e-06
2.287432e-05
1.161928e-05
1.046388e-05
3.088371e-05
4.120906e-05
6.321799e-05
4.026812e-05
4.681735e-06
2.737587e-05
2.667095e-05
2.597755e-05
6.317277e-05
5.029680e-05
3.699835e-05
2.318942e-05
4.961598e-05
6.322079e-05
4.917813e-05
6.119993e-06
5.192528e-06
1.903295e-05
6.331652e-05
1.766065e-05
-1.394931e-05
5.622901e-07
-3.223883e-05
1.491211e-05
4.706515e-05
-3.643255e-05
2.979542e-05
-4.955034e-06
2.891163e-05
2.847935e-05
-7.693608e-06
4.565760e-05
-2.779970e-05
4.524611e-05
-1.133048e-05
2.586495e-05
6.149934e-06
-1.402715e-05
-1.492997e-05
-1.582333e-05
-1.671698e-05
4.364726e-05
-1.849341e-05
1.526249e-06
8.673238e-07
2.156239e-05
2.113562e-05
2.071055e-05
4.222890e-05
-2.462138e-05
-3.029008e-06
-2.634517e-05
-2.720390e-05
-2.806254e-05
6.427652e-05
-2.976113e-05
1.686476e-05
-7.502271e-06
1.601243e-05
3.987474e-05
-9.387292e-06
-1.001520e-05
-1.063739e-05
-1.125304e-05
-1.187332e-05
-3.803047e-05
-1.311118e-05
-6.546968e-05
-1.446733e-04
-6.743718e-05
-1.555057e-05
-4.280442e-05
-1.676633e-05
-7.127189e-05
3.627111e-05
8.770424e-06
8.340067e-06
9.071958e-05
-4.817398e-05
-4.891917e-05
6.610551e-06
-7.860753e-05
5.748393e-06
-1.945559e-04
-8.123929e-05
-5.331362e-05
-5.402785e-05
3.570360e-06
-8.462866e-05
-2.671694e-05
2.257258e-06
-8.708023e-05
-8.788201e-05
9.429711e-07
-2.952097e-05
-1.203689e-04
-1.212482e-04
-3.117102e-05
-9.251505e-05
2.873376e-05
5.903163e-05
-6.406366e-05
-9.540179e-05
-6.529562e-05
-3.930526e-06
5.766424e-05
2.622335e-05
-3.648959e-05
-3.700573e-05
5.642840e-05
2.469463e-05
5.577058e-05
-1.019952e-04
-3.954893e-05
-7.167294e-05
2.269113e-05
2.227919e-05
5.360876e-05
-1.023180e-05
-4.250982e-05
-1.115217e-05
-1.160982e-05
1.970909e-05
-4.442359e-05
-1.405228e-04
-7.728004e-05
-1.414989e-04
-1.437125e-05
4.892200e-05
-1.528262e-05
-7.958194e-05
-1.118633e-04
-8.048314e-05
-1.707064e-05
-8.136140e-05
-1.136192e-04
1.344555e-05
-5.074276e-05
-5.116486e-05
-1.966220e-05
-2.008686e-05
-1.481026e-04
-8.476980e-05
-1.489297e-04
-8.557462e-05
-1.497261e-04
-5.445861e-05
-8.677487e-05
-1.509305e-04
-8.756576e-05
-8.795138e-05
-2.448347e-05
-1.205397e-04
-5.715992e-05
-8.946075e-05
-2.597909e-05
-2.633501e-05
-2.668999e-05
-5.897154e-05
-9.124394e-05
-9.160487e-05
-9.195182e-05
3.530457e-05
6.679273e-05
3.462921e-05
3.430233e-05
-1.254554e-04
-6.202830e-05
-6.233852e-05
1.097337e-06
-6.296613e-05
-9.520343e-05
-1.273305e-04
-1.370099e-07
-4.269312e-07
3.121025e-05
-1.285036e-04
-9.696681e-05
-9.724781e-05
-6.560144e-05
-2.119445e-06
-6.613458e-05
-3.447460e-05
-1.623381e-04
-1.306681e-04
-6.717427e-05
-6.742402e-05
-9.960010e-05
-1.316601e-04
-4.397349e-06
-6.836937e-05
-6.859769e-05
-5.063754e-06
-6.903775e-05
-3.732729e-05
-1.013852e-04
-6.966266e-05
-1.017922e-04
-6.315660e-06
-3.832804e-05
-1.023645e-04
-7.063147e-05
-1.345548e-04
-1.347303e-04
-1.030732e-04
-1.350792e-04
-1.034128e-04
-3.972360e-05
-1.355505e-04
-7.195575e-05
-1.358429e-04
-1.359894e-04
-1.361193e-04
-1.681841e-04
-7.263656e-05
2.291934e-05
-1.048000e-04
-1.049314e-04
-4.118439e-05
-9.458854e-06
-7.330702e-05
-1.371654e-04
-9.753581e-06
-1.055167e-04
-1.055967e-04
-1.056765e-04
-1.006873e-05
-1.013849e-05
-1.376903e-04
-1.059422e-04
-1.378191e-04
-1.060367e-04
-7.415919e-05
-4.227642e-05
-7.423840e-05
-7.426549e-05
-7.429433e-05
-4.238755e-05
-4.240952e-05
-4.242177e-05
-4.243334e-05
-1.062894e-04
-7.436671e-05
-1.381149e-04
-1.062771e-04
-1.062580e-04
-7.432047e-05
-7.429552e-05
-4.233905e-05
-1.047719e-05
-7.419365e-05
-1.060776e-04
-1.697816e-04
-1.059778e-04
-1.377441e-04
-1.058559e-04
-1.376153e-04
-1.375464e-04
-4.179700e-05
-1.055675e-04
-1.692313e-04
-2.328943e-04
-2.965466e-04
-4.239483e-04
-3.281702e-04
-4.113518e-05
3.095489e-04
2.459139e-04
1.822850e-04
2.309640e-05
-8.690053e-06
-1.042296e-04
-3.590733e-04
-7.095090e-04
-4.225328e-04
8.772615e-05
4.703885e-04
4.705596e-04
8.823590e-05
-4.854502e-04
-4.533460e-04
-2.619024e-04
-5.804571e-04
-8.352705e-04
-2.295043e-04
8.956278e-05
-4.203305e-04
-8.981915e-04
-9.617270e-04
-6.427568e-04
-2.919600e-04
8.876967e-04
1.525446e-03
1.270704e-03
1.302883e-03
1.908713e-03
1.207748e-03
-4.814072e-04
-1.883646e-03
-2.265882e-03
-2.966859e-03
-3.189688e-03
-1.627582e-03
1.259115e-04
7.318920e-04
-3.516447e-04
-2.486908e-03
-2.614118e-03
5.418511e-04
3.729700e-03
4.367550e-03
2.582893e-03
5.113167e-04
-1.241525e-03
-2.324926e-03
-2.770832e-03
-4.746724e-03
-6.403910e-03
-3.885403e-03
7.687377e-04
3.287292e-03
3.351439e-03
2.905587e-03
1.248488e-03
-2.193725e-03
-2.798943e-03
1.600191e-03
6.095062e-03
4.469880e-03
-2.574120e-03
-6.908741e-03
-4.262681e-03
-1.393498e-03
-1.584306e-03
-3.050109e-03
-6.874659e-03
-8.468018e-03
-1.614528e-03
7.597874e-03
8.299680e-03
1.083641e-04
-3.843823e-03
-9.746338e-04
4.284744e-04
-7.823960e-04
-1.444128e-04
-1.100148e-03
-5.307147e-03
-6.549785e-03
-1.736250e-03
4.830625e-03
8.433030e-03
5.437377e-03
-1.957085e-03
-6.642279e-03
-4.601798e-03
-5.849994e-04
-1.795669e-03
-5.492642e-03
-3.420201e-03
-8.940079e-06
-4.980925e-03
-1.215225e-02
-1.253426e-02
-7.115075e-03
4.870539e-03
1.736620e-02
1.816379e-02
9.972540e-03
2.482551e-03
-9.594653e-04
-2.807629e-03
-6.663831e-03
-9.563959e-03
-1.004144e-02
-9.849616e-03
-5.195303e-03
2.232261e-03
4.496001e-03
5.516660e-03
5.198585e-03
2.521736e-03
3.956795e-03
6.188716e-03
3.129423e-03
-1.109343e-03
-5.826162e-03
-1.121247e-02
-1.414434e-02
-1.481311e-02
-1.140196e-02
-3.751312e-03
9.349998e-03
2.053902e-02
1.687426e-02
4.985658e-03
-4.193718e-03
-1.286316e-02
-1.576317e-02
-6.423177e-03
5.435131e-03
7.348460e-03
1.994191e-03
3.971127e-03
8.019999e-03
-9.998698e-04
-1.425919e-02
-1.489608e-02
-6.161710e-03
2.541000e-03
3.848743e-03
-2.943405e-04
2.524774e-05
3.128660e-04
-6.667036e-03
-1.208510e-02
-8.482535e-03
2.546949e-03
1.051656e-02
9.369938e-03
5.227029e-03
1.597660e-04
-9.147051e-03
-1.440567e-02
-1.705062e-02
-1.988679e-02
-1.363873e-02
3.287694e-03
2.062858e-02
2.177729e-02
2.876288e-03
-1.793750e-02
-2.447104e-02
-1.822284e-02
-6.874556e-03
8.719544e-04
5.940855e-03
9.447977e-03
1.543872e-03
-1.404226e-02
-1.745206e-02
-1.104447e-02
-1.062920e-02
-1.289157e-02
-5.878293e-03
1.517689e-03
-6.035843e-03
-1.244199e-02
3.687625e-03
2.010416e-02
8.024606e-03
-1.377719e-02
-1.616701e-02
-1.122564e-02
-1.447603e-02
-1.457080e-02
-2.648773e-03
9.273401e-03
8.955624e-03
3.314679e-03
-1.593212e-03
-1.647801e-02
-3.101226e-02
-2.466835e-02
-2.673858e-03
1.696222e-02
2.257317e-02
2.056596e-02
1.572197e-02
-4.772760e-03
-3.199318e-02
-3.996121e-02
-2.733800e-02
-1.053895e-02
-1.836211e-03
-2.600248e-03
-2.439911e-03
-7.347712e-03
-2.857555e-02
-4.687100e-02
-4.215288e-02
-1.872399e-02
9.757070e-04
8.754239e-03
1.936943e-02
2.740312e-02
1.369799e-02
-1.374550e-02
-4.112527e-02
-5.451218e-02
-4.641549e-02
-1.798219e-02
2.438042e-02
5.619328e-02
5.007457e-02
1.325966e-02
-2.862309e-02
-4.711003e-02
-3.117187e-02
-1.941677e-03
2.419682e-02
3.595982e-02
2.378469e-02
3.544966e-03
-7.961030e-03
-1.876588e-02
-3.046313e-02
-3.298056e-02
-2.322611e-02
-6.714016e-03
1.062694e-02
3.058165e-02
4.518145e-02
3.558819e-02
6.837926e-03
-8.333879e-03
-8.425611e-04
1.178094e-02
2.159938e-02
2.730592e-02
2.185640e-02
9.394124e-03
5.601931e-03
9.045289e-03
2.862625e-03
-1.823793e-02
-3.497153e-02
-3.258013e-02
-2.075370e-02
-1.249722e-02
-1.048820e-02
-1.074229e-02
-6.119665e-03
9.894425e-04
-1.750868e-03
-1.265124e-02
-1.532803e-02
-8.697212e-03
4.627267e-03
2.295638e-02
3.280666e-02
3.618655e-02
3.641074e-02
2.327915e-02
7.693126e-03
4.442625e-03
7.535485e-03
2.021985e-03
-1.668774e-02
-3.048895e-02
-2.688642e-02
-2.500484e-02
-3.064598e-02
-2.927461e-02
-2.366383e-02
-2.283420e-02
-2.407664e-02
-1.999596e-02
-1.795517e-02
-2.098228e-02
-7.562352e-03
2.842550e-02
5.083467e-02
3.269883e-02
-4.657805e-03
-1.221166e-02
1.714596e-02
3.786573e-02
2.192934e-02
-1.125176e-02
-3.757976e-02
-4.688665e-02
-4.086158e-02
-3.764159e-02
-4.621523e-02
-4.688387e-02
-2.517646e-02
4.786913e-03
2.346647e-02
3.302997e-02
3.108665e-02
1.411954e-03
-3.664620e-02
-3.862200e-02
-4.100955e-03
1.881826e-02
1.174290e-02
-7.126289e-03
-7.890864e-03
1.907622e-02
3.418597e-02
1.270305e-02
-1.199935e-02
-2.688430e-02
-3.934685e-02
-4.428682e-02
-4.170450e-02
-3.061145e-02
-7.915938e-03
1.210260e-02
1.006342e-02
-1.046339e-02
-2.407365e-02
-6.446347e-03
3.881662e-02
7.474105e-02
7.923651e-02
6.897343e-02
5.985802e-02
5.090196e-02
3.005669e-02
-1.220889e-02
-5.339094e-02
-5.845914e-02
-2.980317e-02
-7.170994e-03
-2.103593e-02
-4.618481e-02
-3.792927e-02
3.381356e-03
4.147256e-02
5.004838e-02
3.022286e-02
1.026948e-02
1.575232e-02
3.997794e-02
6.229106e-02
6.225997e-02
3.931063e-02
2.372434e-02
3.076899e-02
4.973521e-02
6.334636e-02
5.776916e-02
4.173649e-02
4.189634e-02
5.815305e-02
6.650529e-02
6.236229e-02
3.906217e-02
-7.665921e-03
-4.741399e-02
-5.283282e-02
-2.478264e-02
1.375454e-02
2.931041e-02
1.984399e-02
1.541369e-02
2.966193e-02
5.092309e-02
7.052649e-02
9.529392e-02
1.265637e-01
1.454353e-01
1.468384e-01
1.528627e-01
1.651353e-01
1.659967e-01
1.446094e-01
1.067104e-01
7.496321e-02
6.626156e-02
7.509105e-02
9.880614e-02
1.279723e-01
1.318300e-01
1.047370e-01
7.936468e-02
7.034426e-02
8.057644e-02
1.085311e-01
1.284532e-01
1.228759e-01
1.087875e-01
9.833287e-02
9.186223e-02
1.052816e-01
1.431178e-01
1.722842e-01
1.714240e-01
1.551048e-01
1.399327e-01
1.326657e-01
1.353433e-01
1.393284e-01
1.313291e-01
1.167308e-01
1.092710e-01
1.075186e-01
1.047133e-01
1.020683e-01
9.974125e-02
1.012717e-01
1.106750e-01
1.190907e-01
1.210348e-01
1.215137e-01
1.187407e-01
1.059916e-01
7.931212e-02
3.950128e-02
-2.637935e-03
-3.938911e-02
-7.164697e-02
-9.622207e-02
-1.114269e-01
-1.262163e-01
-1.427280e-01
-1.499313e-01
-1.457564e-01
-1.425048e-01
-1.494852e-01
-1.637966e-01
-1.758140e-01
-1.841969e-01
-1.941421e-01
-2.055212e-01
-2.109095e-01
-2.057774e-01
-1.939830e-01
-1.860778e-01
-1.901259e-01
-2.003576e-01
-2.059676e-01
-2.037045e-01
-1.971068e-01
-1.935687e-01
-1.959270e-01
-2.001663e-01
-2.027484e-01
-2.054261e-01
-2.090916e-01
-2.148292e-01
-2.223525e-01
-2.266878e-01
-2.248383e-01
-2.206631e-01
-2.123120e-01
-2.036105e-01
-2.026858e-01
-2.089019e-01
-2.159469e-01
-2.046005e-01
-1.526758e-01
-7.302125e-02
-2.544835e-03
3.790454e-02
4.820101e-02
4.341960e-02
4.542839e-02
6.126988e-02
8.253065e-02
9.939227e-02
1.024527e-01
9.247577e-02
8.533586e-02
9.088184e-02
9.853225e-02
9.426090e-02
8.004458e-02
7.105547e-02
7.762172e-02
9.550319e-02
1.137677e-01
1.235532e-01
1.241912e-01
1.275698e-01
1.408613e-01
1.539937e-01
1.569582e-01
1.524320e-01
1.487026e-01
1.470450e-01
1.417541e-01
1.340720e-01
1.308842e-01
1.313623e-01
1.295774e-01
1.222461e-01
1.115039e-01
1.045869e-01
1.082209e-01
1.206520e-01
1.338156e-01
1.407962e-01
1.408280e-01
1.393616e-01
1.432500e-01
1.540236e-01
1.685269e-01
1.819463e-01
1.881616e-01
1.846874e-01
1.778661e-01
1.741686e-01
1.749013e-01
1.816270e-01
1.947918e-01
2.091359e-01
2.179963e-01
2.192398e-01
2.147454e-01
2.050241e-01
1.905206e-01
1.733406e-01
1.520481e-01
1.202375e-01
7.812989e-02
3.901968e-02
1.323188e-02
-5.382843e-03
-2.571999e-02
-4.774522e-02
-6.773235e-02
-8.309597e-02
-9.329629e-02
-1.015516e-01
-1.092661e-01
-1.145253e-01
-1.180960e-01
-1.212832e-01
-1.253958e-01
-1.314518e-01
-1.411740e-01
-1.545292e-01
-1.703081e-01
-1.872654e-01
-2.051797e-01
-2.233801e-01
-2.407215e-01
-2.567227e-01
-2.720544e-01
-2.877368e-01
-3.033244e-01
-3.168396e-01
-3.273269e-01
-3.342758e-01
-3.402696e-01
-3.454654e-01
-3.478559e-01
-3.471231e-01
-3.423427e-01
-3.305495e-01
-3.108831e-01
-2.871686e-01
-2.638691e-01
-2.430232e-01
-2.246302e-01
-2.102547e-01
-2.012341e-01
-1.956243e-01
-1.887709e-01
-1.781249e-01
-1.664272e-01
-1.582354e-01
-1.556211e-01
-1.578525e-01
-1.638132e-01
-1.718458e-01
-1.790495e-01
-1.819504e-01
-1.811222e-01
-1.787956e-01
-1.772012e-01
-1.766596e-01
-1.774246e-01
-1.782535e-01
-1.795283e-01
-1.830666e-01
-1.896331e-01
-1.991001e-01
-2.099372e-01
-2.207750e-01
-2.293497e-01
-2.325695e-01
-2.304977e-01
-2.273107e-01
-2.248256e-01
-2.216067e-01
-2.163458e-01
-2.091108e-01
-1.990060e-01
-1.849179e-01
-1.686291e-01
-1.527878e-01
-1.388262e-01
-1.272879e-01
-1.185852e-01
-1.095333e-01
-9.506166e-02
-7.373791e-02
-4.874725e-02
-2.445895e-02
-2.846890e-03
1.586353e-02
2.909252e-02
3.524414e-02
4.034489e-02
5.032155e-02
6.154229e-02
7.024399e-02
7.464371e-02
7.432496e-02
7.091494e-02
6.791859e-02
6.724991e-02
6.699480e-02
6.616668e-02
6.683598e-02
7.196870e-02
8.210486e-02
9.345271e-02
1.046408e-01
1.187941e-01
1.355922e-01
1.490761e-01
1.542720e-01
1.529664e-01
1.468149e-01
1.370935e-01
1.273400e-01
1.195633e-01
1.136665e-01
1.114678e-01
1.146873e-01
1.191509e-01
1.221794e-01
1.267697e-01
1.344519e-01
1.395848e-01
1.381190e-01
1.310754e-01
1.231071e-01
1.170838e-01
1.126854e-01
1.101041e-01
1.103594e-01
1.136436e-01
1.201783e-01
1.286581e-01
1.353525e-01
1.373630e-01
1.362162e-01
1.334106e-01
1.292675e-01
1.215861e-01
1.114825e-01
1.032273e-01
1.011880e-01
1.041214e-01
1.075646e-01
1.077246e-01
1.056534e-01
1.068337e-01
1.141658e-01
1.235378e-01
1.241444e-01
1.116507e-01
9.565038e-02
8.446278e-02
7.722801e-02
7.289388e-02
7.248045e-02
7.490380e-02
7.681722e-02
7.662712e-02
7.659610e-02
8.125070e-02
9.043160e-02
1.004735e-01
1.077739e-01
1.095920e-01
1.094973e-01
1.132284e-01
1.207519e-01
1.305701e-01
1.447874e-01
1.605986e-01
1.718198e-01
1.777497e-01
1.810341e-01
1.839364e-01
1.865515e-01
1.880824e-01
1.875419e-01
1.858540e-01
1.851862e-01
1.863668e-01
1.861452e-01
1.831828e-01
1.799332e-01
1.757264e-01
1.702456e-01
1.626607e-01
1.523669e-01
1.405743e-01
1.295793e-01
1.201458e-01
1.104894e-01
1.008324e-01
9.174993e-02
8.317697e-02
7.355265e-02
6.185579e-02
5.003213e-02
4.117236e-02
3.731731e-02
3.738217e-02
3.798981e-02
3.818247e-02
3.582576e-02
2.906971e-02
1.845740e-02
5.900135e-03
-6.242197e-03
-1.714197e-02
-2.682986e-02
-3.508397e-02
-4.139314e-02
-4.722474e-02
-5.276887e-02
-5.675182e-02
-6.041536e-02
-6.554532e-02
-6.978265e-02
-6.987659e-02
-6.356327e-02
-5.230960e-02
-4.446608e-02
-4.577106e-02
-5.329127e-02
-6.017427e-02
-6.520823e-02
-7.205957e-02
-8.018534e-02
-8.617596e-02
-8.853243e-02
-8.977405e-02
-9.209855e-02
-9.620800e-02
-1.013375e-01
-1.059892e-01
-1.071981e-01
-1.067178e-01
-1.080541e-01
-1.099647e-01
-1.126398e-01
-1.180878e-01
-1.233130e-01
-1.286340e-01
-1.348154e-01
-1.372037e-01
-1.339182e-01
-1.296769e-01
-1.271564e-01
-1.245716e-01
-1.229436e-01
-1.243755e-01
-1.239589e-01
-1.169438e-01
-1.057533e-01
-9.325582e-02
-8.206521e-02
-7.785474e-02
-8.343021e-02
-9.133264e-02
-9.241399e-02
-8.463389e-02
-6.987341e-02
-5.265837e-02
-3.894942e-02
-3.215672e-02
-2.797847e-02
-2.198298e-02
-1.637027e-02
-1.257408e-02
-9.415757e-03
-7.340839e-03
-7.051215e-03
-6.378773e-03
-5.100942e-03
-4.747343e-03
-5.031267e-03
-6.781400e-03
-1.181473e-02
-1.732608e-02
-1.690891e-02
-1.002079e-02
-1.220365e-03
7.803492e-03
1.080288e-02
4.148790e-04
-1.953572e-02
-3.840273e-02
-5.028921e-02
-5.551356e-02
-5.691314e-02
-5.522064e-02
-4.995839e-02
-4.147642e-02
-3.082721e-02
-1.912580e-02
-7.424642e-03
2.938250e-03
1.221703e-02
2.041233e-02
2.414497e-02
2.134345e-02
1.825471e-02
1.676011e-02
1.344830e-02
1.131597e-02
1.874598e-02
3.481444e-02
5.553643e-02
7.240195e-02
7.323423e-02
6.539682e-02
6.135217e-02
5.647867e-02
4.363661e-02
2.591763e-02
1.157720e-02
8.042387e-03
1.502630e-02
2.542115e-02
3.473204e-02
4.544560e-02
5.746590e-02
6.499226e-02
6.480463e-02
6.069657e-02
5.563199e-02
4.993034e-02
4.582194e-02
4.601656e-02
4.892074e-02
5.182501e-02
5.498424e-02
5.948220e-02
6.496827e-02
7.115592e-02
7.791704e-02
8.445514e-02
8.965440e-02
9.233584e-02
9.084154e-02
8.558590e-02
8.007530e-02
7.749740e-02
7.868050e-02
8.187154e-02
8.544525e-02
8.997538e-02
9.415474e-02
9.728228e-02
1.002823e-01
1.040476e-01
1.082909e-01
1.114502e-01
1.118366e-01
1.117768e-01
1.133743e-01
1.190201e-01
1.285546e-01
1.410861e-01
1.522782e-01
1.613022e-01
1.667888e-01
1.675259e-01
1.625576e-01
1.523933e-01
1.411456e-01
1.315553e-01
1.224433e-01
1.134261e-01
1.072147e-01
1.037441e-01
1.005289e-01
9.661198e-02
9.323741e-02
9.069148e-02
8.913384e-02
8.837233e-02
8.767530e-02
8.761538e-02
8.848024e-02
8.826096e-02
8.418536e-02
7.198122e-02
5.327498e-02
3.938098e-02
3.476328e-02
3.103771e-02
2.183012e-02
8.223248e-03
-4.331413e-03
-1.070295e-02
-1.050757e-02
-8.686854e-03
-8.905843e-03
-1.087834e-02
-1.307347e-02
-1.495038e-02
-1.564747e-02
-1.392249e-02
-9.774553e-03
-6.487553e-03
-6.929549e-03
-1.106949e-02
-1.670719e-02
-2.269589e-02
-2.951291e-02
-3.607557e-02
-4.069320e-02
-4.241058e-02
-4.313958e-02
-4.453834e-02
-4.730721e-02
-5.163840e-02
-5.769044e-02
-6.345628e-02
-6.711773e-02
-6.963203e-02
-7.195472e-02
-7.376801e-02
-7.551692e-02
-7.933817e-02
-8.612345e-02
-9.466266e-02
-1.032648e-01
-1.111020e-01
-1.166442e-01
-1.184574e-01
-1.168596e-01
-1.136683e-01
-1.108276e-01
-1.081784e-01
-1.055287e-01
-1.034210e-01
-1.037676e-01
-1.081627e-01
-1.161593e-01
-1.247618e-01
-1.308142e-01
-1.338073e-01
-1.348872e-01
-1.349468e-01
-1.345286e-01
-1.336007e-01
-1.323219e-01
-1.314255e-01
-1.307206e-01
-1.296652e-01
-1.280997e-01
-1.268525e-01
-1.263389e-01
-1.249967e-01
-1.221243e-01
-1.189330e-01
-1.183875e-01
-1.225601e-01
-1.295372e-01
-1.357165e-01
-1.377211e-01
-1.344982e-01
-1.282473e-01
-1.231433e-01
-1.223429e-01
-1.231045e-01
-1.217624e-01
-1.188259e-01
-1.203525e-01
-1.259272e-01
-1.306415e-01
-1.298728e-01
-1.230803e-01
-1.115384e-01
-9.610774e-02
-7.956066e-02
-6.511810e-02
-5.424509e-02
-4.576323e-02
-3.584638e-02
-2.283834e-02
-8.873465e-03
4.899639e-03
1.924703e-02
3.349829e-02
4.574201e-02
5.709267e-02
6.710506e-02
7.322829e-02
7.469847e-02
7.476543e-02
7.505536e-02
7.601473e-02
7.958812e-02
8.523317e-02
9.177075e-02
9.770269e-02
1.003200e-01
9.700834e-02
8.856459e-02
7.642344e-02
6.192353e-02
4.700921e-02
3.311468e-02
2.008081e-02
8.672466e-03
-3.133590e-04
-5.601804e-03
-6.746462e-03
-5.946793e-03
-4.828259e-03
-4.251631e-03
-5.523775e-03
-9.632874e-03
-1.546317e-02
-2.033732e-02
-2.304399e-02
-2.371075e-02
-2.262441e-02
-1.949798e-02
-1.493726e-02
-9.101541e-03
-2.182049e-03
5.598209e-03
1.254947e-02
1.851286e-02
2.300970e-02
2.610426e-02
2.744549e-02
2.776689e-02
2.732309e-02
2.579557e-02
2.356670e-02
2.152918e-02
2.130829e-02
2.363760e-02
2.794290e-02
3.304539e-02
3.872137e-02
4.436554e-02
5.016896e-02
5.737507e-02
6.607910e-02
7.315764e-02
7.344686e-02
6.490677e-02
5.212700e-02
4.377766e-02
4.479958e-02
5.337605e-02
6.494860e-02
7.515071e-02
8.257972e-02
8.576968e-02
8.315806e-02
7.637021e-02
6.833975e-02
6.011779e-02
5.234224e-02
4.520390e-02
3.997825e-02
3.717495e-02
3.555117e-02
3.481953e-02
3.533128e-02
3.648041e-02
3.606785e-02
3.297746e-02
2.867608e-02
2.561759e-02
2.408924e-02
2.252864e-02
2.020342e-02
1.832411e-02
1.462823e-02
6.756458e-03
-4.270868e-03
-1.386409e-02
-1.749653e-02
-1.615664e-02
-1.347780e-02
-1.283916e-02
-1.637594e-02
-2.367420e-02
-3.221543e-02
-4.059789e-02
-4.795984e-02
-5.570433e-02
-6.568007e-02
-7.571995e-02
-8.145657e-02
-8.129629e-02
-7.683300e-02
-7.048930e-02
-6.239230e-02
-5.311567e-02
-4.377564e-02
-3.650732e-02
-3.150218e-02
-2.825011e-02
-2.745258e-02
-2.946005e-02
-3.290198e-02
-3.430380e-02
-3.057406e-02
-2.203103e-02
-1.077870e-02
5.056454e-04
1.010052e-02
1.759172e-02
2.250097e-02
2.399967e-02
2.084450e-02
1.373687e-02
4.812222e-03
-2.614466e-03
-6.981179e-03
-8.383571e-03
-7.969001e-03
-6.438818e-03
-4.589981e-03
-2.996117e-03
-1.019821e-03
1.721496e-03
4.558456e-03
5.610329e-03
4.080342e-03
7.333752e-04
-2.645478e-03
-4.207470e-03
-2.996416e-03
-3.518049e-07
2.358211e-03
1.848034e-03
-2.742186e-03
-9.085675e-03
-1.307040e-02
-1.256087e-02
-7.015149e-03
1.941339e-03
1.163090e-02
1.755933e-02
1.899325e-02
1.755846e-02
1.564545e-02
1.475239e-02
1.440113e-02
1.494244e-02
1.599362e-02
1.704501e-02
1.739494e-02
1.672469e-02
1.509832e-02
1.398189e-02
1.458671e-02
1.646646e-02
1.831444e-02
1.703854e-02
1.066278e-02
-1.450864e-03
-1.595476e-02
-2.947096e-02
-4.066010e-02
-5.009633e-02
-5.812990e-02
-6.434700e-02
-6.661138e-02
-6.533748e-02
-6.291623e-02
-6.100511e-02
-5.836074e-02
-5.405898e-02
-5.052216e-02
-4.899365e-02
-4.650884e-02
-4.077268e-02
-3.519604e-02
-3.513376e-02
-4.007581e-02
-4.300988e-02
-4.106718e-02
-3.855076e-02
-3.867988e-02
-3.995632e-02
-3.951176e-02
-3.734595e-02
-3.578584e-02
-3.862432e-02
-4.541551e-02
-5.262117e-02
-5.730866e-02
-5.925485e-02
-5.845994e-02
-5.438193e-02
-4.794523e-02
-4.138086e-02
-3.695233e-02
-3.462746e-02
-3.262150e-02
-3.004144e-02
-2.908730e-02
-3.138434e-02
-3.495653e-02
-3.932554e-02
-4.481034e-02
-4.841449e-02
-4.924567e-02
-4.774975e-02
-4.364035e-02
-3.666212e-02
-2.646466e-02
-1.569314e-02
-7.599427e-03
-2.342256e-03
2.149585e-03
8.840994e-03
1.973955e-02
3.471847e-02
5.122705e-02
6.499469e-02
7.410833e-02
7.917418e-02
8.159409e-02
8.242020e-02
8.244952e-02
8.254261e-02
8.148819e-02
7.727804e-02
6.736230e-02
5.256974e-02
3.745823e-02
2.572517e-02
1.870984e-02
1.446757e-02
9.842797e-03
3.560496e-03
-3.263784e-03
-8.781182e-03
-1.200364e-02
-1.312228e-02
-1.315729e-02
-1.201291e-02
-9.402296e-03
-6.122216e-03
-3.447857e-03
-2.239737e-03
-1.509849e-03
1.700294e-05
2.563869e-03
5.110694e-03
6.860504e-03
7.654198e-03
8.575219e-03
1.070764e-02
1.379613e-02
1.643850e-02
1.793324e-02
1.786621e-02
1.556785e-02
1.170764e-02
8.899197e-03
7.971337e-03
9.051591e-03
1.140684e-02
1.299709e-02
1.238806e-02
9.515797e-03
6.292797e-03
4.982346e-03
7.369296e-03
1.351757e-02
2.049456e-02
2.428418e-02
2.297375e-02
1.790208e-02
1.206523e-02
8.364019e-03
6.925980e-03
6.922235e-03
6.918454e-03
5.161535e-03
1.492182e-03
-2.687296e-03
-5.751145e-03
-6.583764e-03
-4.866392e-03
-1.619043e-03
2.074606e-03
4.843886e-03
5.668793e-03
3.975449e-03
2.473449e-03
4.063204e-03
8.968037e-03
1.517964e-02
2.014820e-02
2.157869e-02
1.873784e-02
1.481328e-02
1.178108e-02
1.037454e-02
1.049801e-02
1.094022e-02
1.017115e-02
7.744604e-03
4.967433e-03
3.210151e-03
3.046697e-03
3.106347e-03
1.349039e-03
-1.619534e-03
-3.281209e-03
-4.337190e-03
-6.477058e-03
-9.859998e-03
-1.241422e-02
-1.184474e-02
-7.609579e-03
-2.354495e-03
1.275178e-03
6.971289e-04
-3.004599e-03
-6.387627e-03
-7.220670e-03
-4.643071e-03
-8.223368e-04
8.946609e-04
-1.787072e-03
-7.433283e-03
-1.215515e-02
-1.353013e-02
-1.162198e-02
-8.279554e-03
-4.426963e-03
-4.788424e-04
3.373788e-03
6.078761e-03
7.381413e-03
6.357073e-03
3.547762e-03
1.645154e-04
-2.071141e-03
-2.203102e-03
-9.005390e-04
1.933236e-05
1.424606e-04
1.062376e-03
4.596147e-03
1.141287e-02
2.097104e-02
3.036969e-02
3.600728e-02
3.737346e-02
3.724166e-02
3.844848e-02
4.035661e-02
4.169095e-02
4.175049e-02
4.063054e-02
3.868159e-02
3.679661e-02
3.548528e-02
3.557655e-02
3.659210e-02
3.795828e-02
3.906964e-02
3.868279e-02
3.660639e-02
3.306399e-02
2.802334e-02
2.301456e-02
1.857950e-02
1.497319e-02
1.123942e-02
7.856251e-03
5.652290e-03
4.946608e-03
4.942115e-03
5.479626e-03
6.558905e-03
8.211999e-03
9.928842e-03
1.116755e-02
1.116314e-02
9.883798e-03
7.520638e-03
4.424457e-03
1.105027e-03
-2.214453e-03
-5.406439e-03
-7.163947e-03
-6.435325e-03
-2.869792e-03
2.735900e-03
9.935225e-03
1.815463e-02
2.599157e-02
3.124672e-02
3.270877e-02
3.101515e-02
2.769594e-02
2.370725e-02
1.943179e-02
1.464621e-02
1.002014e-02
5.362059e-03
1.883336e-03
1.577001e-04
1.852634e-04
1.169113e-03
1.802388e-03
1.638775e-03
8.376397e-04
7.058556e-04
2.167895e-03
5.223641e-03
8.502663e-03
9.773485e-03
8.175645e-03
3.294530e-03
-2.574571e-03
-7.168825e-03
-9.659212e-03
-1.055588e-02
-1.138871e-02
-1.298662e-02
-1.566819e-02
-1.822234e-02
-2.007516e-02
-2.109934e-02
-2.129467e-02
-2.050190e-02
-1.872095e-02
-1.706752e-02
-1.611527e-02
-1.646986e-02
-1.714327e-02
-1.762542e-02
-1.737438e-02
-1.677271e-02
-1.693596e-02
-1.859739e-02
-2.102381e-02
-2.306771e-02
-2.351789e-02
-2.282060e-02
-2.129452e-02
-1.938583e-02
-1.664849e-02
-1.269981e-02
-8.304896e-03
-4.483645e-03
-2.001166e-03
-2.518041e-04
4.458263e-04
-2.012282e-03
-6.350987e-03
-9.064155e-03
-8.557896e-03
-6.553402e-03
-4.166519e-03
-1.843215e-03
4.800875e-04
2.930818e-03
4.871680e-03
5.282493e-03
3.557702e-03
9.723503e-04
-6.887855e-04
-6.603988e-04
8.980313e-04
1.818903e-03
7.636485e-04
-1.726133e-03
-4.183864e-03
-7.087947e-03
-9.991916e-03
-1.251352e-02
-1.344125e-02
-1.255208e-02
-1.048360e-02
-9.913142e-03
-1.131895e-02
-1.348972e-02
-1.435363e-02
-1.158386e-02
-5.052768e-03
3.550337e-03
1.275901e-02
2.091598e-02
2.709659e-02
3.110983e-02
3.349733e-02
3.502441e-02
3.632831e-02
3.817402e-02
4.065729e-02
4.323624e-02
4.543277e-02
4.711922e-02
4.740334e-02
4.612571e-02
4.392352e-02
4.105173e-02
3.716029e-02
3.253563e-02
2.746479e-02
2.220262e-02
1.681307e-02
1.167848e-02
6.320869e-03
3.255809e-04
-5.095863e-03
-6.660471e-03
-6.152972e-03
-1.288128e-02
-1.811134e-02
-1.655215e-02
-1.830771e-02
-2.296400e-02
-2.685512e-02
-3.116076e-02
-3.702811e-02
-4.372435e-02
-5.048420e-02
-5.670254e-02
-6.123120e-02
-6.381538e-02
-6.522028e-02
-6.468096e-02
-6.159140e-02
-5.681249e-02
-5.206545e-02
-4.779670e-02
-4.451570e-02
-4.238191e-02
-4.133214e-02
-4.069666e-02
-4.006127e-02
-3.964891e-02
-3.894976e-02
-3.745361e-02
-3.458693e-02
-3.015820e-02
-2.439079e-02
-1.859138e-02
-1.352521e-02
-1.033943e-02
-9.735603e-03
-1.024735e-02
-1.012166e-02
-8.752739e-03
-7.288252e-03
-6.206137e-03
-5.219676e-03
-3.723179e-03
-2.067338e-03
-1.240109e-03
-1.177955e-03
-5.419509e-04
1.050364e-03
2.387693e-03
2.258745e-03
5.361239e-04
-2.684720e-03
-6.288046e-03
-8.265738e-03
-8.553867e-03
-7.822189e-03
-6.389047e-03
-3.139161e-03
3.043387e-03
1.043712e-02
1.553610e-02
1.569441e-02
1.298391e-02
1.110220e-02
1.202547e-02
1.377758e-02
1.470095e-02
1.396689e-02
1.246783e-02
1.151060e-02
1.119092e-02
1.160442e-02
1.284667e-02
1.437582e-02
1.507631e-02
1.386431e-02
1.086739e-02
7.392316e-03
4.682163e-03
3.470171e-03
4.107007e-03
5.604503e-03
8.058241e-03
1.012956e-02
1.181846e-02
1.271044e-02
1.347490e-02
1.471760e-02
1.605595e-02
1.653362e-02
1.605518e-02
1.538539e-02
1.516204e-02
1.477924e-02
1.391826e-02
1.299368e-02
1.286596e-02
1.328008e-02
1.375810e-02
1.280172e-02
1.108040e-02
9.199608e-03
7.796988e-03
6.872588e-03
6.904371e-03
8.466247e-03
1.187683e-02
1.649878e-02
2.057896e-02
2.341594e-02
2.481858e-02
2.526506e-02
2.497851e-02
2.415003e-02
2.211032e-02
1.924189e-02
1.643725e-02
1.423816e-02
1.286783e-02
1.283627e-02
1.382483e-02
1.468585e-02
1.506877e-02
1.526054e-02
1.586674e-02
1.717412e-02
1.838592e-02
1.790851e-02
1.586916e-02
1.284168e-02
9.272322e-03
5.894283e-03
3.663702e-03
3.218181e-03
3.187060e-03
3.634114e-03
4.240474e-03
4.305080e-03
5.070903e-03
6.283074e-03
7.335924e-03
8.356910e-03
9.441616e-03
9.123940e-03
7.435548e-03
4.822912e-03
2.114620e-03
-3.068419e-04
-3.142660e-03
-6.010268e-03
-7.602840e-03
-7.792889e-03
-7.887368e-03
-7.949863e-03
-7.725437e-03
-6.895381e-03
-6.384090e-03
-6.414658e-03
-6.445112e-03
-6.603135e-03
-7.175489e-03
-7.811540e-03
-8.192585e-03
-8.350416e-03
-8.795193e-03
-9.622409e-03
-1.064082e-02
-1.165925e-02
-1.232709e-02
-1.120982e-02
-8.116337e-03
-4.608438e-03
-1.992971e-03
4.874861e-05
1.389371e-03
2.156130e-03
2.922944e-03
4.008491e-03
5.540350e-03
7.486527e-03
8.635976e-03
9.116069e-03
9.819233e-03
1.023551e-02
1.007818e-02
9.729506e-03
9.157781e-03
8.458580e-03
7.886906e-03
7.379003e-03
7.158021e-03
7.351408e-03
7.672323e-03
8.343819e-03
8.441694e-03
8.348253e-03
7.521774e-03
6.057807e-03
4.083812e-03
1.982378e-03
1.996786e-04
-8.499118e-04
-8.793974e-04
-1.120239e-04
1.356620e-03
2.889041e-03
4.517163e-03
5.985885e-03
7.231464e-03
8.126488e-03
8.256524e-03
7.557841e-03
6.476696e-03
5.172470e-03
3.326286e-03
1.384500e-03
-4.616349e-04
-1.606474e-03
-1.508241e-03
-3.580600e-04
1.812252e-03
4.747486e-03
7.810241e-03
9.725532e-03
1.014268e-02
8.998023e-03
6.960850e-03
4.636887e-03
3.141564e-03
2.283882e-03
2.127331e-03
2.321502e-03
2.993844e-03
4.271800e-03
6.027836e-03
7.847767e-03
8.520129e-03
7.503192e-03
4.956207e-03
2.218041e-03
3.405152e-04
-1.027061e-03
-1.693419e-03
-1.913364e-03
-1.910270e-03
-1.588365e-03
-1.266445e-03
-1.040181e-03
-4.950690e-04
2.094060e-04
1.264536e-03
2.128376e-03
2.641642e-03
1.943709e-03
-4.117651e-04
-3.564100e-03
-6.333913e-03
-7.541839e-03
-7.060450e-03
-5.973340e-03
-5.300575e-03
-5.329111e-03
-4.815721e-03
-2.899820e-03
2.592794e-04
3.163424e-03
4.027483e-03
1.672269e-03
-2.372446e-03
-6.034524e-03
-8.262300e-03
-8.545736e-03
-7.203500e-03
-4.904966e-03
-3.020737e-03
-2.411581e-03
-2.854267e-03
-3.201246e-03
-3.452627e-03
-3.959011e-03
-4.306069e-03
-4.302435e-03
-3.884366e-03
-3.721386e-03
-3.685807e-03
-3.650308e-03
-3.391616e-03
-2.527253e-03
-1.089221e-03
1.576783e-04
3.526683e-04
-1.014252e-03
-3.146099e-03
-4.863604e-03
-5.274262e-03
-4.792338e-03
-3.449812e-03
-1.565473e-03
6.696896e-04
3.446549e-03
6.319151e-03
7.821175e-03
7.474347e-03
6.011951e-03
4.740809e-03
4.617153e-03
5.449766e-03
6.346141e-03
6.190736e-03
5.939617e-03
6.134733e-03
6.935442e-03
8.405600e-03
1.013076e-02
1.204717e-02
1.386803e-02
1.530633e-02
1.588404e-02
1.579239e-02
1.617884e-02
1.701156e-02
1.854553e-02
1.988825e-02
2.097599e-02
2.145814e-02
2.165339e-02
2.162549e-02
2.134258e-02
2.118725e-02
2.109561e-02
2.186458e-02
2.269738e-02
2.321144e-02
2.375743e-02
2.430322e-02
2.440299e-02
2.367386e-02
2.240296e-02
2.110017e-02
1.935110e-02
1.737895e-02
1.582123e-02
1.432697e-02
1.254609e-02
1.025508e-02
8.155458e-03
6.310688e-03
4.816731e-03
3.513813e-03
2.306683e-03
1.481930e-03
8.167297e-04
4.063130e-04
-4.182944e-04
-1.689278e-03
-3.470135e-03
-5.538074e-03
-7.446438e-03
-9.227413e-03
-1.126328e-02
-1.349053e-02
-1.594073e-02
-1.762615e-02
-1.822761e-02
-1.886115e-02
-1.984522e-02
-2.089300e-02
-2.162207e-02
-2.209617e-02
-2.260207e-02
-2.262999e-02
-2.262589e-02
-2.351447e-02
-2.465791e-02
-2.529128e-02
-2.554223e-02
-2.521947e-02
-2.394041e-02
-2.282069e-02
-2.246605e-02
-2.338639e-02
-2.497607e-02
-2.637451e-02
-2.703992e-02
-2.694027e-02
-2.696817e-02
-2.696417e-02
-2.641824e-02
-2.517126e-02
-2.373283e-02
-2.219875e-02
-2.056919e-02
-1.887577e-02
-1.702303e-02
-1.555276e-02
-1.507068e-02
-1.544921e-02
-1.605080e-02
-1.642930e-02
-1.636160e-02
-1.635766e-02
-1.689562e-02
-1.736977e-02
-1.803524e-02
-1.930647e-02
-2.102380e-02
-2.194403e-02
-2.127081e-02
-1.906744e-02
-1.654548e-02
-1.446959e-02
-1.335013e-02
-1.293181e-02
-1.305542e-02
-1.359341e-02
-1.511953e-02
-1.699625e-02
-1.864991e-02
-1.985729e-02
-2.033166e-02
-2.004097e-02
-1.920843e-02
-1.738771e-02
-1.473827e-02
-1.167444e-02
-8.323863e-03
-5.036846e-03
-2.036837e-03
1.344808e-04
1.190178e-03
1.225799e-03
4.008023e-04
-6.154281e-04
-1.727380e-03
-2.520468e-03
-2.867458e-03
-2.321825e-03
-1.202561e-03
1.080736e-04
1.354920e-03
1.804864e-03
1.394107e-03
8.240177e-04
5.089109e-04
3.436054e-05
-6.632494e-04
-1.807128e-03
-3.365349e-03
-5.051187e-03
-6.960101e-03
-8.773369e-03
-1.068232e-02
-1.169885e-02
-1.156784e-02
-1.143677e-02
-1.162452e-02
-1.193978e-02
-1.126700e-02
-1.037102e-02
-9.283810e-03
-8.865939e-03
-8.989992e-03
-9.528459e-03
-1.035380e-02
-1.098791e-02
-1.104830e-02
-1.050299e-02
-1.002157e-02
-9.412593e-03
-8.006772e-03
-6.377783e-03
-5.322551e-03
-5.032386e-03
-5.666591e-03
-7.448280e-03
-9.198112e-03
-9.258631e-03
-8.012340e-03
-6.383399e-03
-4.977696e-03
-4.655726e-03
-5.290034e-03
-6.657516e-03
-7.164381e-03
-6.555581e-03
-5.341213e-03
-4.222478e-03
-2.944394e-03
-1.793776e-03
-1.248770e-03
-1.723845e-03
-2.677048e-03
-3.694009e-03
-4.169072e-03
-4.261719e-03
-4.322486e-03
-4.829498e-03
-6.420284e-03
-8.329831e-03
-9.091937e-03
-8.196576e-03
-5.962444e-03
-3.823816e-03
-3.024130e-03
-3.690558e-03
-4.994656e-03
-6.521803e-03
-7.315851e-03
-7.344987e-03
-6.417830e-03
-5.076278e-03
-3.224825e-03
-1.022742e-03
1.179375e-03
2.935303e-03
4.021728e-03
4.661963e-03
5.174624e-03
4.731041e-03
3.745476e-03
3.142529e-03
3.750655e-03
5.028256e-03
6.497040e-03
7.965891e-03
8.829101e-03
9.086641e-03
8.547217e-03
7.880414e-03
6.894695e-03
6.642157e-03
6.899572e-03
7.667045e-03
8.498204e-03
8.659990e-03
8.343604e-03
7.995286e-03
8.188857e-03
8.796854e-03
9.691644e-03
1.065021e-02
1.151307e-02
1.183406e-02
1.116699e-02
9.862310e-03
8.175203e-03
6.392381e-03
4.354553e-03
2.189200e-03
1.193834e-04
-6.435286e-04
2.191045e-04
2.707537e-03
5.960829e-03
8.576653e-03
9.885516e-03
9.186336e-03
6.542797e-03
2.401023e-03
-1.517704e-03
-4.033977e-03
-4.637689e-03
-3.360801e-03
-9.683971e-04
1.647335e-03
4.422239e-03
6.751016e-03
8.346577e-03
9.272734e-03
9.911999e-03
1.090195e-02
1.201928e-02
1.262673e-02
1.195904e-02
9.601986e-03
6.416170e-03
3.772239e-03
2.753831e-03
3.647924e-03
6.358799e-03
9.834847e-03
1.254575e-02
1.468295e-02
1.656506e-02
1.841538e-02
1.943691e-02
1.937467e-02
1.730438e-02
1.360837e-02
8.828588e-03
3.634281e-03
-6.993373e-04
-3.534959e-03
-4.362410e-03
-3.436707e-03
-1.682359e-03
7.414200e-04
3.324620e-03
5.875877e-03
7.789633e-03
8.619635e-03
8.589045e-03
8.080238e-03
6.774512e-03
4.799421e-03
2.696816e-03
7.854034e-04
-8.391668e-04
-2.399937e-03
-4.056378e-03
-5.712876e-03
-6.572553e-03
-6.316620e-03
-4.881245e-03
-2.425959e-03
9.537115e-04
4.716017e-03
7.681281e-03
8.829713e-03
7.778822e-03
5.102210e-03
1.660576e-03
-1.717483e-03
-4.298509e-03
-5.732206e-03
-6.273293e-03
-5.858265e-03
-4.391306e-03
-2.446194e-03
-5.329987e-04
1.052107e-04
-3.722938e-04
-1.391654e-03
-2.697854e-03
-4.131681e-03
-5.884173e-03
-7.222402e-03
-7.731882e-03
-7.572030e-03
-7.093363e-03
-7.029146e-03
-6.869374e-03
-6.103937e-03
-3.999786e-03
-1.226189e-03
1.387963e-03
2.504064e-03
2.153788e-03
9.747239e-04
-2.362014e-04
-1.192136e-03
-2.243673e-03
-2.753415e-03
-2.976352e-03
-2.816677e-03
-2.975897e-03
-3.326280e-03
-3.103038e-03
-2.847876e-03
-2.433326e-03
-1.604466e-03
2.443727e-04
2.890193e-03
5.280830e-03
6.747182e-03
7.416644e-03
7.384766e-03
7.225451e-03
6.492291e-03
5.281008e-03
4.484142e-03
4.356566e-03
4.930246e-03
5.950130e-03
7.129357e-03
8.149215e-03
9.009793e-03
9.870193e-03
1.098568e-02
1.190981e-02
1.219655e-02
1.152690e-02
1.018791e-02
8.721401e-03
7.541800e-03
7.031498e-03
6.744247e-03
6.233917e-03
5.468569e-03
4.798878e-03
4.160987e-03
3.873656e-03
3.809491e-03
4.191551e-03
4.701090e-03
4.987545e-03
5.146384e-03
5.114054e-03
5.496027e-03
6.228558e-03
7.375519e-03
8.809375e-03
1.011562e-02
1.094377e-02
1.075194e-02
9.412575e-03
7.754425e-03
6.861248e-03
7.051828e-03
7.848052e-03
8.484824e-03
9.025922e-03
9.184611e-03
8.833182e-03
8.577399e-03
8.481033e-03
9.085809e-03
9.594989e-03
9.753557e-03
9.816462e-03
1.058059e-02
1.163155e-02
1.249133e-02
1.255420e-02
1.207515e-02
1.089490e-02
9.586942e-03
8.183483e-03
7.258145e-03
6.715224e-03
6.682347e-03
7.031892e-03
7.094588e-03
6.679199e-03
6.550585e-03
6.740743e-03
7.695867e-03
9.288495e-03
1.062611e-02
1.154930e-02
1.151634e-02
1.087769e-02
9.346459e-03
7.145855e-03
4.754028e-03
2.872121e-03
1.850823e-03
1.626485e-03
1.943925e-03
2.835126e-03
4.013109e-03
5.223059e-03
5.667964e-03
5.124828e-03
3.720942e-03
2.062091e-03
4.349859e-04
-9.689138e-04
-1.990367e-03
-2.629288e-03
-3.077017e-03
-3.715975e-03
-4.354977e-03
-5.057715e-03
-5.250515e-03
-4.359545e-03
-2.671769e-03
-7.926222e-04
3.456693e-05
-2.538977e-04
-1.020487e-03
-2.105816e-03
-3.223033e-03
-4.212825e-03
-4.820053e-03
-4.789869e-03
-4.664049e-03
-4.856959e-03
-5.368657e-03
-5.975904e-03
-7.093325e-03
-8.433786e-03
-1.006110e-02
-1.152910e-02
-1.258285e-02
-1.258464e-02
-1.182147e-02
-1.105828e-02
-1.032700e-02
-9.882577e-03
-9.565587e-03
-9.312439e-03
-8.899967e-03
-8.328097e-03
-8.074964e-03
-8.108682e-03
-8.429352e-03
-8.654452e-03
-8.847616e-03
-8.945143e-03
-8.851536e-03
-8.343521e-03
-7.452984e-03
-6.466808e-03
-5.257578e-03
-3.825277e-03
-2.329085e-03
-8.648724e-04
7.268509e-04
1.872303e-03
2.348440e-03
2.378202e-03
1.929883e-03
1.417792e-03
8.419498e-04
5.529069e-04
4.232840e-04
3.573933e-04
3.552537e-04
6.400186e-04
1.084110e-03
1.560099e-03
1.844742e-03
2.193226e-03
2.541599e-03
3.495631e-03
4.577170e-03
5.403707e-03
5.018991e-03
3.837429e-03
2.336986e-03
1.314713e-03
6.749243e-04
1.307115e-04
1.603284e-04
6.042772e-04
1.111950e-03
1.300874e-03
1.171037e-03
7.224588e-04
8.259562e-05
-3.979381e-04
-8.465675e-04
-8.489457e-04
-6.919177e-04
-1.843129e-04
5.782749e-04
1.468366e-03
2.485954e-03
3.025483e-03
2.449319e-03
9.487299e-04
-1.061929e-03
-3.136221e-03
-4.732438e-03
-5.659348e-03
-5.693687e-03
-4.771869e-03
-3.308124e-03
-1.812455e-03
-8.587167e-04
-7.337209e-04
-1.246241e-03
-1.822514e-03
-2.462568e-03
-3.166359e-03
-3.838347e-03
-4.573980e-03
-5.596588e-03
-6.587354e-03
-7.036187e-03
-7.261862e-03
-6.945735e-03
-6.215275e-03
-4.879143e-03
-3.224273e-03
-1.633155e-03
-1.695184e-04
3.378664e-04
-2.065623e-04
-1.643632e-03
-3.654336e-03
-5.378271e-03
-6.783430e-03
-7.869928e-03
-8.733293e-03
-9.437203e-03
-1.007740e-02
-1.046264e-02
-1.040162e-02
-9.639339e-03
-7.857069e-03
-5.819809e-03
-4.069338e-03
-3.338962e-03
-3.596656e-03
-4.874398e-03
-6.789610e-03
-9.437936e-03
-1.259636e-02
-1.534046e-02
-1.738325e-02
-1.837409e-02
-1.860007e-02
-1.815665e-02
-1.736255e-02
-1.650477e-02
-1.542383e-02
-1.415168e-02
-1.284756e-02
-1.237226e-02
-1.272565e-02
-1.358916e-02
-1.477130e-02
-1.639984e-02
-1.834699e-02
-2.023071e-02
-2.157235e-02
-2.170253e-02
-2.090851e-02
-1.954076e-02
-1.737617e-02
-1.517955e-02
-1.307870e-02
-1.136030e-02
-1.047070e-02
-1.025043e-02
-1.015768e-02
-9.523042e-03
-8.665399e-03
-7.520751e-03
-6.726748e-03
-6.251547e-03
-6.381973e-03
-6.831071e-03
-6.993332e-03
-6.199390e-03
-4.767913e-03
-3.463956e-03
-2.956883e-03
-2.864098e-03
-2.962727e-03
-2.901863e-03
-2.490391e-03
-2.397712e-03
-2.336916e-03
-2.307891e-03
-2.565846e-03
-2.983185e-03
-3.400498e-03
-3.658392e-03
-3.310803e-03
-2.835545e-03
-1.818541e-03
-6.421251e-04
4.705627e-04
1.774576e-03
3.046585e-03
4.191163e-03
5.271918e-03
6.320838e-03
7.242268e-03
8.323110e-03
9.244446e-03
1.013407e-02
1.092800e-02
1.149880e-02
1.146391e-02
1.088724e-02
1.037425e-02
1.014822e-02
1.001775e-02
1.007857e-02
1.010742e-02
1.077387e-02
1.172715e-02
1.197924e-02
1.057377e-02
8.275814e-03
6.200895e-03
5.401110e-03
5.971839e-03
7.721911e-03
9.982085e-03
1.201913e-02
1.294050e-02
1.239571e-02
1.111775e-02
9.903543e-03
9.518047e-03
1.002506e-02
1.059583e-02
1.072039e-02
1.014367e-02
9.662520e-03
9.595793e-03
1.003910e-02
1.092862e-02
1.159506e-02
1.200642e-02
1.187597e-02
1.078928e-02
9.224475e-03
7.691502e-03
6.891605e-03
6.793047e-03
7.268137e-03
8.030165e-03
8.696644e-03
9.108007e-03
9.455729e-03
9.452790e-03
9.099196e-03
8.363170e-03
7.499501e-03
6.859043e-03
6.409838e-03
5.960641e-03
5.511428e-03
5.157902e-03
5.505527e-03
5.725753e-03
6.041548e-03
5.974866e-03
5.525682e-03
4.630256e-03
3.447883e-03
2.424936e-03
2.326404e-03
3.311526e-03
5.029832e-03
7.003148e-03
8.562178e-03
9.324285e-03
8.811384e-03
7.469743e-03
5.873093e-03
4.435754e-03
3.476584e-03
2.262441e-03
6.020281e-04
-1.090306e-03
-2.368232e-03
-2.849231e-03
-2.469672e-03
-1.643853e-03
-1.804738e-04
1.410374e-03
2.618756e-03
3.476548e-03
3.888004e-03
4.299554e-03
4.456036e-03
4.325665e-03
3.525978e-03
2.248116e-03
9.065067e-04
-1.482953e-04
-5.336626e-04
-1.540401e-04
8.312814e-04
2.549651e-03
4.554893e-03
6.783295e-03
8.310499e-03
8.913358e-03
8.623625e-03
7.569003e-03
6.163711e-03
4.758393e-03
3.703637e-03
2.904008e-03
2.263702e-03
1.718961e-03
1.652406e-03
1.713351e-03
2.124981e-03
3.046497e-03
4.191205e-03
5.144672e-03
5.460658e-03
5.043571e-03
4.275801e-03
3.826761e-03
4.238330e-03
5.319307e-03
6.177229e-03
6.939476e-03
7.765490e-03
8.782757e-03
9.800032e-03
1.033914e-02
1.004964e-02
9.218183e-03
8.514175e-03
8.511472e-03
8.476837e-03
7.804835e-03
6.558948e-03
5.950662e-03
6.553544e-03
7.921534e-03
8.811350e-03
8.872444e-03
8.806037e-03
8.803396e-03
8.322559e-03
7.746167e-03
7.711721e-03
8.346584e-03
8.694475e-03
8.373117e-03
7.796727e-03
7.379808e-03
6.898991e-03
5.780850e-03
3.610728e-03
1.344966e-03
-4.108490e-04
-1.688427e-03
-3.157309e-03
-4.084223e-03
-4.214345e-03
-3.930103e-03
-3.199545e-03
-2.373347e-03
-1.738428e-03
-8.803944e-04
-4.685215e-04
-1.044779e-03
-2.354254e-03
-3.759273e-03
-4.749916e-03
-5.358109e-03
-6.157469e-03
-6.956901e-03
-7.469449e-03
-7.758776e-03
-7.793231e-03
-7.859474e-03
-7.352022e-03
-6.589498e-03
-5.858781e-03
-5.638161e-03
-6.023137e-03
-6.248664e-03
-6.569874e-03
-7.082316e-03
-7.435471e-03
-7.278495e-03
-6.770929e-03
-6.199594e-03
-5.692025e-03
-5.694424e-03
-6.175007e-03
-6.910460e-03
-7.550395e-03
-8.413459e-03
-9.467648e-03
-1.090445e-02
-1.195868e-02
-1.231176e-02
-1.183598e-02
-1.110526e-02
-1.024699e-02
-9.325018e-03
-8.147915e-03
-7.385243e-03
-7.387573e-03
-7.421823e-03
-7.200971e-03
-7.075769e-03
-7.460653e-03
-7.941147e-03
-8.453349e-03
-9.348137e-03
-1.005165e-02
-1.059576e-02
-1.031118e-02
-9.197781e-03
-7.956968e-03
-7.098551e-03
-6.718258e-03
-6.369931e-03
-5.862149e-03
-5.258708e-03
-4.814653e-03
-4.912535e-03
-5.392828e-03
-5.841284e-03
-5.684125e-03
-5.271888e-03
-4.955308e-03
-5.116913e-03
-5.214631e-03
-5.439973e-03
-5.218960e-03
-4.679301e-03
-3.884499e-03
-3.249138e-03
-2.645684e-03
-2.424633e-03
-2.617974e-03
-3.193838e-03
-3.833448e-03
-3.867504e-03
-3.327635e-03
-2.341654e-03
-1.419296e-03
-7.520606e-04
-5.285578e-05
1.092670e-03
2.684399e-03
3.957343e-03
4.592825e-03
4.367617e-03
3.983127e-03
3.662348e-03
3.660345e-03
3.849584e-03
4.325792e-03
4.515044e-03
4.736125e-03
4.670394e-03
4.859686e-03
5.941463e-03
7.469521e-03
8.647006e-03
8.549434e-03
7.718760e-03
6.664999e-03
6.057417e-03
5.736761e-03
5.607363e-03
4.936143e-03
4.137337e-03
2.956140e-03
1.934252e-03
1.071684e-03
7.192398e-04
1.259195e-03
1.831099e-03
1.988676e-03
1.349352e-03
-5.508606e-05
-1.395660e-03
-2.417491e-03
-2.833630e-03
-2.421125e-03
-1.626000e-03
-1.054036e-03
-1.119567e-03
-1.503841e-03
-1.888122e-03
-2.144884e-03
-2.051073e-03
-1.510896e-03
-7.158189e-04
-4.812079e-05
-1.455102e-04
-8.165510e-04
-1.997687e-03
-3.114973e-03
-3.881668e-03
-4.807807e-03
-5.606314e-03
-6.500506e-03
-7.299112e-03
-7.810826e-03
-8.258760e-03
-8.387886e-03
-8.134551e-03
-7.116194e-03
-6.034092e-03
-5.143203e-03
-4.826069e-03
-5.082676e-03
-5.466789e-03
-6.233364e-03
-7.191206e-03
-8.340302e-03
-9.616890e-03
-1.063847e-02
-1.105438e-02
-1.102417e-02
-1.038825e-02
-9.465334e-03
-8.415076e-03
-7.237172e-03
-6.314403e-03
-5.487143e-03
-4.787422e-03
-4.055736e-03
-3.515428e-03
-3.229957e-03
-3.422699e-03
-3.679164e-03
-3.935653e-03
-3.873357e-03
-3.651757e-03
-3.398219e-03
-3.367759e-03
-3.401076e-03
-4.040026e-03
-4.232687e-03
-4.138463e-03
-3.151782e-03
-1.495720e-03
3.835856e-04
2.135351e-03
3.377074e-03
3.917613e-03
4.107525e-03
4.297397e-03
5.061063e-03
5.952204e-03
6.460917e-03
6.363907e-03
5.757013e-03
4.385017e-03
3.236211e-03
2.533636e-03
2.596079e-03
3.519199e-03
4.569755e-03
5.524725e-03
5.810392e-03
5.809134e-03
5.138476e-03
4.435979e-03
3.733493e-03
3.126675e-03
2.870465e-03
2.677974e-03
2.326075e-03
2.101781e-03
1.781833e-03
1.174947e-03
7.594264e-04
7.262987e-04
1.267048e-03
2.381431e-03
3.782776e-03
4.769790e-03
5.055498e-03
4.831284e-03
4.096971e-03
3.522083e-03
3.138476e-03
3.392341e-03
4.156218e-03
4.569539e-03
4.345286e-03
3.802371e-03
3.163783e-03
3.130775e-03
3.352884e-03
4.053055e-03
4.785077e-03
5.134705e-03
5.197429e-03
5.228217e-03
5.673438e-03
6.246165e-03
6.595876e-03
6.499200e-03
6.051911e-03
5.158429e-03
4.392432e-03
3.913372e-03
4.199205e-03
4.421415e-03
4.834785e-03
4.865761e-03
4.514118e-03
4.258185e-03
3.970417e-03
3.778236e-03
3.777308e-03
3.744472e-03
3.775495e-03
3.615181e-03
3.040516e-03
2.179065e-03
1.285668e-03
6.472965e-04
2.957345e-04
7.179843e-05
7.074267e-06
-1.531008e-04
-4.408804e-04
-9.517211e-04
-1.303148e-03
-1.303985e-03
-1.017987e-03
-7.638022e-04
-3.183721e-04
-1.597441e-04
-3.199646e-04
-8.944971e-04
-1.915289e-03
-2.681076e-03
-3.064364e-03
-2.491382e-03
-1.822738e-03
-1.185983e-03
-1.122971e-03
-1.697445e-03
-2.558867e-03
-3.133358e-03
-3.261588e-03
-2.975379e-03
-2.402359e-03
-2.116232e-03
-2.116913e-03
-2.627603e-03
-3.425116e-03
-4.063307e-03
-4.318981e-03
-4.287839e-03
-4.256592e-03
-4.097939e-03
-4.002912e-03
-3.493583e-03
-2.091724e-03
-4.668065e-04
1.285773e-03
2.305163e-03
2.591523e-03
2.463416e-03
2.303384e-03
2.239038e-03
2.206637e-03
2.014804e-03
1.950483e-03
1.854235e-03
1.917429e-03
2.012548e-03
1.884492e-03
1.660766e-03
1.787724e-03
2.265362e-03
2.838582e-03
3.316134e-03
3.698138e-03
4.303298e-03
4.717119e-03
4.907877e-03
4.620579e-03
4.110099e-03
3.663363e-03
3.248466e-03
3.120499e-03
3.311284e-03
3.629572e-03
3.661059e-03
3.564945e-03
3.245766e-03
3.054078e-03
2.607411e-03
2.065171e-03
1.522828e-03
1.076154e-03
9.801831e-04
8.841039e-04
8.518989e-04
5.645853e-04
-9.533305e-06
-6.155921e-04
-1.157785e-03
-1.285653e-03
-1.636686e-03
-2.274540e-03
-3.103629e-03
-3.996485e-03
-4.793642e-03
-5.176521e-03
-4.985611e-03
-4.220924e-03
-3.264983e-03
-2.914714e-03
-3.361249e-03
-4.349628e-03
-5.401842e-03
-6.453969e-03
-7.155517e-03
-7.155789e-03
-6.901073e-03
-6.678278e-03
-7.029108e-03
-7.666878e-03
-8.145320e-03
-8.368702e-03
-7.890892e-03
-7.189834e-03
-6.488838e-03
-5.405300e-03
-4.130535e-03
-3.174482e-03
-2.537206e-03
-2.059218e-03
-1.294432e-03
-6.890278e-04
-6.892139e-04
-1.326884e-03
-1.932637e-03
-2.634053e-03
-3.112413e-03
-3.208158e-03
-2.602764e-03
-1.391656e-03
-1.805636e-04
4.569124e-04
6.480166e-04
6.797203e-04
8.708325e-04
1.125722e-03
1.476275e-03
1.954238e-03
2.687303e-03
3.101547e-03
2.878379e-03
2.368301e-03
1.603214e-03
1.156881e-03
9.336294e-04
8.379663e-04
9.016455e-04
1.029080e-03
7.420999e-04
-2.295465e-05
-1.011185e-03
-1.648752e-03
-1.330057e-03
-3.419204e-04
5.505429e-04
1.379269e-03
1.698009e-03
1.602426e-03
1.538676e-03
1.092424e-03
7.417543e-04
2.636817e-04
-5.332307e-04
-1.521395e-03
-2.636965e-03
-3.401961e-03
-3.274455e-03
-2.318206e-03
-6.288618e-04
8.056121e-04
1.666352e-03
1.730170e-03
1.411496e-03
4.233903e-04
-1.010956e-03
-2.572745e-03
-3.911435e-03
-5.282024e-03
-6.588778e-03
-7.481219e-03
-7.162420e-03
-5.632330e-03
-3.592258e-03
-2.157827e-03
-1.169560e-03
-4.363619e-04
3.288396e-04
1.157722e-03
1.731585e-03
2.146054e-03
2.656185e-03
2.943273e-03
2.879659e-03
2.274132e-03
1.381780e-03
5.531838e-04
2.664954e-04
5.216470e-04
1.254867e-03
2.275039e-03
3.613952e-03
4.666064e-03
5.335581e-03
5.495214e-03
5.559160e-03
5.208691e-03
4.667075e-03
3.711055e-03
2.563743e-03
1.575753e-03
8.428870e-04
4.286639e-04
2.695428e-04
4.928299e-04
9.712302e-04
1.608957e-03
2.406013e-03
3.171246e-03
3.745247e-03
3.968684e-03
3.841444e-03
3.427279e-03
2.790051e-03
2.120990e-03
1.260577e-03
6.870834e-04
1.136064e-04
-1.730584e-04
-4.595973e-04
-9.055735e-04
-1.383464e-03
-1.956931e-03
-2.562211e-03
-3.071926e-03
-3.135394e-03
-3.103277e-03
-2.943554e-03
-2.751993e-03
-2.464870e-03
-2.241389e-03
-2.177323e-03
-2.208911e-03
-2.112917e-03
-2.272010e-03
-2.271679e-03
-2.430657e-03
-2.749083e-03
-2.461926e-03
-1.887843e-03
-1.154309e-03
-4.527220e-04
-3.803038e-05
3.449203e-04
6.958665e-04
1.174392e-03
1.525346e-03
1.716963e-03
2.068015e-03
2.387137e-03
2.674347e-03
3.216650e-03
3.886369e-03
4.428684e-03
4.684102e-03
4.429512e-03
3.664911e-03
2.709065e-03
1.785046e-03
9.886234e-04
4.152697e-04
2.244217e-04
1.653082e-06
2.060580e-06
6.622086e-05
8.635425e-04
2.011474e-03
3.159399e-03
3.861086e-03
4.403348e-03
4.403809e-03
4.085500e-03
3.575941e-03
3.066380e-03
3.066822e-03
3.609188e-03
4.183394e-03
4.757605e-03
4.885597e-03
4.599134e-03
3.834590e-03
3.325050e-03
3.357436e-03
3.899728e-03
4.633378e-03
4.825127e-03
4.124377e-03
3.009189e-03
1.607159e-03
7.151370e-04
1.737838e-04
-4.892319e-05
4.723054e-05
4.939609e-04
1.036281e-03
1.546762e-03
2.025434e-03
2.631505e-03
3.333261e-03
4.066940e-03
4.800523e-03
5.119788e-03
5.056568e-03
4.865828e-03
4.547580e-03
4.675598e-03
4.963055e-03
5.250401e-03
5.442177e-03
5.378965e-03
5.443264e-03
5.603220e-03
6.177483e-03
6.815532e-03
7.198578e-03
7.199139e-03
6.562177e-03
5.415248e-03
3.917617e-03
2.388174e-03
1.018120e-03
4.129999e-04
6.295824e-05
-1.278358e-04
-6.372948e-04
-1.242309e-03
-1.688022e-03
-1.783150e-03
-1.336343e-03
-7.301068e-04
-2.514727e-04
9.977130e-05
1.322596e-04
-1.222677e-04
-5.041980e-04
-1.045450e-03
-1.331807e-03
-1.490555e-03
-1.649416e-03
-1.967582e-03
-2.317588e-03
-2.508266e-03
-2.093383e-03
-9.771275e-04
5.216240e-04
1.414715e-03
2.084635e-03
1.989663e-03
1.607750e-03
1.480851e-03
1.194518e-03
1.035792e-03
7.494583e-04
5.588174e-04
1.450886e-04
-3.644010e-04
-8.738146e-04
-1.160038e-03
-1.063884e-03
-9.995348e-04
-6.164426e-04
-2.651554e-04
5.419754e-05
-8.935025e-06
-2.633324e-04
-5.814713e-04
-9.953032e-04
-1.249694e-03
-1.312841e-03
-1.248487e-03
-9.928881e-04
-6.097709e-04
-3.541597e-04
-2.260331e-04
-5.122462e-04
-9.578717e-04
-1.562935e-03
-2.072304e-03
-2.613527e-03
-3.091077e-03
-3.441043e-03
-3.567920e-03
-3.535492e-03
-3.375446e-03
-3.215506e-03
-2.704880e-03
-2.162339e-03
-1.460450e-03
-1.427997e-03
-2.064849e-03
-3.020496e-03
-4.326679e-03
-5.601050e-03
-6.971095e-03
-7.703571e-03
-7.766697e-03
-7.415510e-03
-6.872954e-03
-6.617346e-03
-6.712390e-03
-7.253577e-03
-7.699194e-03
-7.985512e-03
-8.016711e-03
-8.239260e-03
-8.652945e-03
-9.385541e-03
-1.005424e-02
-1.037234e-02
-1.037173e-02
-1.005237e-02
-9.350506e-03
-8.712373e-03
-8.201746e-03
-8.041806e-03
-7.945506e-03
-8.199862e-03
-8.167425e-03
-8.039304e-03
-7.943010e-03
-7.878631e-03
-7.846190e-03
-7.686191e-03
-7.366827e-03
-7.015564e-03
-6.664270e-03
-6.408625e-03
-6.025512e-03
-5.738040e-03
-5.705494e-03
-5.641116e-03
-5.704249e-03
-5.735525e-03
-5.798670e-03
-6.053036e-03
-6.275508e-03
-6.083618e-03
-5.923690e-03
-5.444900e-03
-4.838721e-03
-4.359891e-03
-3.849288e-03
-3.370581e-03
-2.700558e-03
-2.126164e-03
-1.233074e-03
-3.718596e-04
1.388546e-04
6.494998e-04
8.413478e-04
1.033242e-03
1.193162e-03
1.671982e-03
2.278152e-03
2.852553e-03
3.235653e-03
3.682522e-03
4.161297e-03
4.735683e-03
5.182534e-03
5.597491e-03
6.012522e-03
6.140670e-03
6.300601e-03
6.237464e-03
6.014995e-03
5.760625e-03
5.538055e-03
5.219919e-03
5.188695e-03
5.284901e-03
5.221749e-03
5.126766e-03
4.840436e-03
4.522300e-03
4.427320e-03
4.364177e-03
4.301025e-03
3.982897e-03
3.696574e-03
3.155346e-03
2.454693e-03
1.722112e-03
9.896250e-04
7.032819e-04
5.445433e-04
5.132017e-04
5.137826e-04
4.187976e-04
1.005387e-04
-3.769563e-04
-8.227251e-04
-1.323240e-03
-1.600292e-03
-1.653969e-03
-1.707329e-03
-1.728546e-03
-1.653850e-03
-1.706273e-03
-2.140310e-03
-2.541645e-03
-2.878563e-03
-3.023668e-03
-3.072715e-03
-2.962299e-03
-2.502111e-03
-1.915224e-03
-1.170335e-03
-4.266950e-04
3.032794e-05
1.062856e-04
-2.611455e-04
-1.102150e-03
-1.940961e-03
-2.366400e-03
-2.411352e-03
-2.171661e-03
-1.554026e-03
-5.283285e-04
8.405855e-04
2.299305e-03
3.972756e-03
5.420024e-03
6.767062e-03
7.606818e-03
8.003791e-03
7.522479e-03
6.729360e-03
6.000922e-03
5.710833e-03
5.794772e-03
6.343721e-03
7.261802e-03
7.926137e-03
8.307053e-03
8.437176e-03
8.256037e-03
8.167030e-03
8.077057e-03
8.140039e-03
8.016743e-03
7.616593e-03
6.849697e-03
5.657745e-03
4.502462e-03
3.566864e-03
3.306280e-03
3.441884e-03
3.606372e-03
3.678255e-03
3.023007e-03
2.190551e-03
1.242751e-03
6.625113e-04
5.065806e-04
1.131051e-03
2.019875e-03
3.080757e-03
3.745509e-03
4.315144e-03
4.760692e-03
5.320170e-03
5.844495e-03
6.333722e-03
6.611444e-03
6.709277e-03
6.658269e-03
6.489251e-03
5.940967e-03
5.279927e-03
4.943020e-03
5.100489e-03
5.515423e-03
5.867473e-03
6.214760e-03
6.069492e-03
5.838212e-03
5.293753e-03
4.753466e-03
4.274140e-03
3.770271e-03
3.270592e-03
2.916125e-03
2.424011e-03
1.768270e-03
9.514186e-04
3.102537e-04
-1.851016e-05
-6.674124e-05
-3.183145e-05
-2.519136e-05
2.008584e-04
4.238031e-04
1.080448e-03
1.782942e-03
2.476215e-03
2.835461e-03
2.892784e-03
2.625925e-03
2.334687e-03
1.645803e-03
1.231090e-03
9.801663e-04
7.847773e-04
6.176593e-04
2.423838e-04
-1.806607e-04
-5.200274e-04
-9.847801e-04
-1.443243e-03
-1.895279e-03
-2.417757e-03
-2.830117e-03
-3.261538e-03
-3.737053e-03
-4.230109e-03
-4.689738e-03
-5.141567e-03
-5.535324e-03
-5.847076e-03
-5.904493e-03
-5.811326e-03
-5.570585e-03
-5.798233e-03
-6.118405e-03
-6.553462e-03
-6.761831e-03
-6.796129e-03
-6.828038e-03
-6.737976e-03
-6.481014e-03
-5.823773e-03
-4.940219e-03
-3.694967e-03
-2.517325e-03
-1.965315e-03
-2.187469e-03
-3.027937e-03
-3.783546e-03
-4.067215e-03
-3.730386e-03
-2.855406e-03
-1.793359e-03
-1.064911e-03
-7.741813e-04
-9.552333e-04
-1.508225e-03
-2.094150e-03
-2.055537e-03
-9.944824e-04
3.269212e-04
9.104619e-04
6.672848e-04
-1.043562e-04
-1.051098e-03
-1.872574e-03
-2.340654e-03
-2.193166e-03
-1.716209e-03
-1.372877e-03
-1.488156e-03
-1.784259e-03
-2.012461e-03
-2.154286e-03
-1.931135e-03
-1.612651e-03
-1.400125e-03
-1.409002e-03
-1.750463e-03
-2.239321e-03
-2.522286e-03
-2.528101e-03
-2.379732e-03
-1.986732e-03
-1.640326e-03
-1.527086e-03
-1.920093e-03
-2.339747e-03
-2.711146e-03
-2.815641e-03
-2.752464e-03
-2.364190e-03
-1.769300e-03
-1.527900e-03
-1.593330e-03
-1.920398e-03
-1.993113e-03
-1.958697e-03
-1.941468e-03
-1.957897e-03
-1.870825e-03
-1.649930e-03
-1.518100e-03
-1.588906e-03
-1.772576e-03
-2.032057e-03
-2.250328e-03
-2.558000e-03
-2.823051e-03
-2.711969e-03
-2.254342e-03
-1.667226e-03
-1.220864e-03
-1.080529e-03
-1.081465e-03
-1.050928e-03
-9.298588e-04
-6.473431e-04
-3.880427e-04
-1.367367e-04
1.792713e-04
4.702142e-04
4.226794e-04
-1.747563e-04
-9.046359e-04
-1.344013e-03
-1.477828e-03
-1.482740e-03
-1.512486e-03
-1.499282e-03
-1.353173e-03
-1.002755e-03
-7.030076e-04
-5.790296e-04
-6.346240e-04
-4.508614e-04
-1.140746e-04
5.203691e-05
-3.027780e-04
-7.833785e-04
-8.449993e-04
-3.954556e-04
2.175392e-04
4.224683e-04
2.644127e-04
4.848285e-05
-1.244388e-04
-2.882856e-04
-6.418596e-04
-1.038677e-03
-9.770611e-04
-3.854576e-04
5.041218e-04
1.291669e-03
1.704322e-03
1.736913e-03
1.506930e-03
1.159947e-03
6.421233e-04
1.952959e-05
-4.298751e-04
-5.888131e-04
-6.613586e-04
-8.261107e-04
-1.091970e-03
-1.283676e-03
-1.273211e-03
-8.533278e-04
-3.466341e-06
8.498457e-04
1.297948e-03
1.157525e-03
8.162940e-04
5.098601e-04
4.172867e-04
4.299540e-04
5.392689e-04
7.179322e-04
9.409752e-04
1.040908e-03
9.687874e-04
8.378836e-04
7.668261e-04
8.500552e-04
9.601395e-04
1.104625e-03
1.253913e-03
1.441937e-03
1.609981e-03
1.629337e-03
1.560676e-03
1.522365e-03
1.480312e-03
1.404550e-03
1.332610e-03
1.326323e-03
1.423221e-03
1.486630e-03
1.469881e-03
1.381251e-03
1.362311e-03
1.430160e-03
1.544039e-03
1.614934e-03
1.640342e-03
1.596658e-03
1.439959e-03
1.183980e-03
9.334694e-04
7.895082e-04
7.674893e-04
8.268814e-04
8.864956e-04
8.771004e-04
7.881215e-04
6.621550e-04
5.602494e-04
5.316041e-04
5.359219e-04
5.787697e-04
6.062878e-04
6.014741e-04
5.667795e-04
5.030368e-04
4.615442e-04
4.427714e-04
4.668415e-04
5.049075e-04
5.257119e-04
5.341147e-04
5.263693e-04
4.882770e-04
4.442353e-04
4.060750e-04
4.012468e-04
4.083108e-04
4.004458e-04
3.613001e-04
3.086010e-04
2.775718e-04
2.632254e-04
2.513874e-04
2.526278e-04
2.741883e-04
2.871882e-04
2.799412e-04
2.483680e-04
2.137708e-04
1.939645e-04
1.875055e-04
1.933931e-04
2.045277e-04
2.059757e-04
1.954761e-04
1.704977e-04
1.453538e-04
1.300940e-04
1.311715e-04
1.373769e-04
1.377280e-04
1.258158e-04
1.058565e-04
8.560818e-05
7.004553e-05
5.926870e-05
5.376717e-05
5.019721e-05
4.663457e-05
4.140284e-05
3.542457e-05
3.038072e-05
2.932800e-05
2.925425e-05
2.770422e-05
2.270871e-05
1.544754e-05
7.138584e-06
-1.151004e-06
-7.124335e-06
-1.115867e-05
-1.364090e-05
-1.580287e-05
-1.820389e-05
-2.108852e-05
-2.440930e-05
-2.771714e-05
-3.100120e-05
-3.415251e-05
-3.770791e-05
-4.156998e-05
-4.570498e-05
-4.978781e-05
-5.361127e-05
-5.699465e-05
-6.014704e-05
-6.307443e-05
-6.579171e-05
-6.854761e-05
-7.132366e-05
-7.406560e-05
-7.667683e-05
-7.912030e-05
-8.147287e-05
-8.374306e-05
-8.598816e-05
-8.820041e-05
-9.037471e-05
-9.247798e-05
-9.451271e-05
-9.649076e-05
-9.842380e-05
-1.003163e-04
-1.021714e-04
-1.039891e-04
-1.057711e-04
-1.075167e-04
-1.092264e-04
-1.109005e-04
-1.125391e-04
-1.141419e-04
-1.157090e-04
