-2.589063e-05
-2.592613e-05
-2.594170e-05
-2.596128e-05
-2.596990e-05
-2.597372e-05
-2.599821e-05
-2.600987e-05
-2.600186e-05
-2.600486e-05
-2.601817e-05
-2.606900e-05
-2.604570e-05
-2.591231e-05
-2.586236e-05
-2.589648e-05
-2.591985e-05
-2.586500e-05
-2.591590e-05
-2.589152e-05
-2.576176e-05
-2.561472e-05
-2.556524e-05
-2.559503e-05
-2.545949e-05
-2.558482e-05
-2.569503e-05
-2.568868e-05
-2.555512e-05
-2.521588e-05
-2.548108e-05
-2.544010e-05
-2.462838e-05
-2.454041e-05
-2.503557e-05
-2.466133e-05
-2.437733e-05
-2.473437e-05
-2.467903e-05
-2.453026e-05
-2.418267e-05
-2.410192e-05
-2.459139e-05
-2.424224e-05
-2.355261e-05
-2.444722e-05
-2.469355e-05
-2.281992e-05
-2.310290e-05
-2.380878e-05
-2.316261e-05
-2.355038e-05
-2.298559e-05
-2.250345e-05
-2.311341e-05
-2.206059e-05
-2.119887e-05
-2.217831e-05
-2.242026e-05
-2.217875e-05
-2.211632e-05
-2.214238e-05
-2.304934e-05
-2.237760e-05
-2.182568e-05
-2.197059e-05
-1.941320e-05
-1.917782e-05
-2.156252e-05
-2.255944e-05
-2.240154e-05
-2.107497e-05
-2.061217e-05
-2.067168e-05
-2.096886e-05
-2.133321e-05
-2.060608e-05
-1.781483e-05
-1.452555e-05
-1.715189e-05
-1.877871e-05
-1.763655e-05
-2.037319e-05
-1.872126e-05
-1.760610e-05
-1.992770e-05
-1.759627e-05
-1.622339e-05
-1.592794e-05
-1.219955e-05
-8.791116e-06
-1.459890e-05
-1.968078e-05
-1.379578e-05
-1.293987e-05
-1.208033e-05
-1.046397e-05
-1.511680e-05
-1.757708e-05
-2.368601e-05
-2.162331e-05
-1.046268e-05
-1.011429e-05
-1.129725e-05
-1.253328e-05
-1.449498e-05
-1.207100e-05
-9.799211e-06
-9.467615e-06
-1.394392e-05
-1.761930e-05
-1.840464e-05
-1.309537e-05
-4.996154e-06
-4.128588e-06
-1.577977e-06
-4.228614e-06
-6.144720e-06
1.270924e-06
-5.427820e-06
-1.634061e-05
-1.374171e-05
-1.185251e-05
-1.067388e-05
-5.224097e-06
-6.803726e-06
-1.133693e-05
-1.145342e-05
-7.284218e-06
3.131013e-06
1.704222e-06
-2.124779e-06
3.806875e-06
-2.094128e-07
-6.065222e-06
-1.017919e-05
-1.356324e-06
1.078382e-05
-3.917962e-06
-5.631595e-06
-2.133513e-06
-8.133125e-06
3.435620e-06
-5.141338e-06
-1.674202e-05
-6.127057e-06
-8.623697e-06
-4.930814e-06
-3.779583e-06
-3.887499e-06
1.179125e-05
5.304247e-06
8.002991e-07
4.900788e-06
-5.238635e-06
-6.915720e-06
4.480787e-06
8.100695e-06
-9.749511e-06
-1.355025e-05
-7.431730e-06
-9.962687e-06
1.337395e-06
5.365399e-06
6.233827e-06
6.880222e-06
6.129594e-06
1.561473e-05
5.305011e-06
3.779425e-06
1.452880e-05
5.982277e-06
5.216284e-06
-2.648124e-06
-1.329623e-05
-2.397257e-06
1.730314e-05
2.620796e-05
9.992084e-06
4.806525e-07
1.951991e-06
2.014554e-06
8.861651e-06
7.498342e-06
1.487337e-06
1.080073e-05
2.285705e-05
1.879909e-05
1.217974e-05
4.966363e-06
2.721696e-06
5.604134e-06
7.236916e-06
1.260547e-05
7.930605e-06
1.334431e-05
1.368262e-05
-6.775656e-06
-5.567213e-06
4.400478e-06
7.130005e-06
1.905065e-06
3.013105e-06
7.919246e-06
-5.300554e-07
1.632336e-06
6.715252e-06
1.695361e-05
2.740212e-05
2.031042e-05
1.659117e-05
1.822525e-05
2.412817e-05
2.344143e-05
2.272112e-05
3.009512e-05
1.674039e-05
1.445099e-05
3.215903e-05
2.375619e-05
6.715763e-06
9.078418e-06
2.168369e-05
1.967096e-05
1.306418e-05
2.087672e-05
1.898280e-05
8.119976e-06
9.966814e-06
2.479102e-05
3.840101e-05
2.632095e-05
4.399216e-06
1.313052e-05
2.207568e-05
2.276350e-05
1.565005e-05
1.142338e-05
3.516372e-05
2.932752e-05
1.798588e-05
1.571779e-05
6.941323e-07
2.123706e-05
3.753788e-05
1.648743e-05
5.512975e-07
2.009799e-05
3.835581e-05
3.239203e-05
3.152020e-05
1.078308e-05
6.336744e-06
3.083861e-05
1.250575e-05
3.554073e-06
2.187134e-05
4.550373e-06
1.033006e-05
2.499275e-05
9.099444e-07
9.615668e-06
3.147306e-05
3.514310e-05
2.343519e-05
5.860720e-06
1.113787e-05
6.632130e-06
2.006690e-05
4.156752e-05
2.474984e-05
1.536982e-05
2.156888e-05
3.712309e-05
5.105671e-05
3.970935e-05
2.354573e-05
2.923816e-05
3.962828e-05
2.314764e-05
1.104789e-05
2.251250e-05
2.867082e-05
3.173292e-05
3.464916e-05
2.099395e-05
1.244662e-05
1.982074e-05
1.384677e-05
7.156375e-06
1.675436e-05
2.689612e-05
2.834272e-05
3.203460e-05
2.545684e-05
6.641161e-06
1.260251e-05
1.389541e-05
2.157992e-05
2.908867e-05
2.324478e-05
4.787055e-05
4.511464e-05
2.886333e-05
3.387581e-05
2.993600e-05
2.141272e-05
6.277784e-06
2.054889e-05
2.136649e-05
1.336500e-05
2.800866e-05
7.459845e-06
1.672271e-05
3.821037e-05
2.515132e-05
3.090837e-05
2.621359e-05
2.099646e-05
2.310994e-05
2.315960e-05
3.567714e-05
1.658672e-05
7.942547e-06
3.141088e-05
2.563228e-05
1.310729e-05
1.559322e-05
1.767413e-05
1.122791e-05
1.509123e-05
4.728644e-05
5.045334e-05
1.518463e-05
-5.388110e-06
1.517096e-05
3.811988e-05
2.423593e-05
2.285655e-05
2.989377e-05
2.341217e-05
2.100690e-05
1.764187e-05
1.316862e-05
1.446778e-05
2.784551e-05
2.017963e-05
1.229619e-05
1.554864e-05
6.683861e-06
2.989975e-05
3.402411e-05
2.116781e-05
2.685347e-05
1.336262e-05
2.095013e-05
2.075151e-05
1.719380e-05
5.621705e-05
5.031174e-05
8.529214e-06
1.132141e-05
2.496725e-05
1.950024e-05
2.020389e-05
1.352184e-05
9.639003e-06
1.567535e-05
5.939278e-06
1.010329e-05
1.052742e-05
4.669190e-06
1.271514e-05
1.365920e-05
2.655948e-05
2.432164e-05
7.862429e-06
1.746603e-05
1.356272e-05
9.027430e-06
1.661458e-05
1.361184e-05
2.113120e-05
1.259715e-05
1.731125e-05
4.990323e-05
4.309547e-05
1.731049e-05
1.069043e-05
1.204603e-05
6.915072e-06
1.051925e-05
1.465216e-05
9.507716e-06
1.601814e-05
2.964227e-06
1.462939e-06
2.539854e-05
2.998088e-05
2.830541e-05
2.513157e-05
3.238195e-05
2.318777e-05
1.325065e-06
3.496428e-06
2.372025e-05
3.072426e-05
7.743520e-06
1.500799e-05
3.008133e-05
2.429480e-05
3.243505e-05
2.547501e-05
1.781889e-06
2.404039e-06
2.495178e-05
3.120216e-05
4.139367e-05
4.389516e-05
2.103867e-05
2.289817e-05
2.002903e-05
1.240514e-05
1.347855e-05
3.627615e-06
6.287837e-06
8.396843e-06
-3.026830e-06
-2.943016e-06
1.513687e-05
1.453231e-05
1.120976e-05
1.713979e-05
8.456600e-07
4.016656e-06
9.301782e-06
1.863509e-05
5.279464e-05
2.882727e-05
2.768753e-06
1.743499e-05
1.854517e-05
2.456127e-05
2.056524e-05
1.658807e-05
2.115168e-05
4.214766e-06
-3.382388e-06
4.885102e-06
1.902260e-05
2.288325e-05
1.595242e-05
9.351597e-06
-6.267698e-06
8.459184e-06
3.658916e-05
2.772948e-05
2.285421e-05
2.421909e-05
1.362165e-05
1.747855e-05
2.146459e-05
2.006254e-06
-1.126791e-05
3.793412e-06
1.861138e-05
1.331553e-05
1.554729e-06
1.428567e-05
3.229682e-05
1.873144e-05
5.697021e-06
9.764055e-06
1.782920e-05
1.964503e-05
2.755780e-05
3.149251e-05
4.378567e-06
1.127569e-05
3.640654e-05
2.248551e-05
1.288640e-05
1.140264e-05
-5.060393e-06
-2.099763e-05
-4.147836e-07
2.436837e-05
9.216035e-06
1.164304e-05
1.368333e-05
9.354249e-06
1.524749e-05
3.070806e-06
2.518760e-06
-1.527572e-06
-5.497454e-06
9.271121e-06
2.091970e-05
2.697683e-05
9.279639e-06
8.847945e-06
2.049488e-05
-9.244283e-06
-9.911846e-06
2.696779e-05
2.244750e-05
1.029214e-05
2.047950e-05
4.376125e-06
-2.263826e-06
1.250421e-05
3.255228e-06
-6.425553e-06
-1.299761e-05
-4.750648e-06
4.891316e-06
-1.204526e-05
3.484270e-07
2.617000e-05
1.924469e-05
-3.676670e-06
-1.972259e-05
-2.149219e-06
8.825731e-06
-5.647733e-06
-1.078861e-05
-2.087108e-05
-7.504271e-06
1.888936e-05
6.019563e-06
2.064068e-05
5.128767e-05
2.255543e-05
-6.764333e-06
-4.409829e-06
-8.460024e-06
-1.313833e-05
-7.272509e-06
4.085408e-06
1.908364e-05
1.084282e-05
-2.787892e-06
-1.212018e-06
-1.330653e-05
-6.721135e-06
2.098746e-05
1.183861e-05
-8.920614e-07
2.130531e-05
1.648313e-05
-1.430510e-05
-5.067048e-06
1.422207e-06
-1.747070e-06
1.785483e-05
1.522327e-05
1.809256e-05
2.170136e-05
2.838251e-06
6.797963e-06
4.386837e-06
-9.911710e-06
-1.436313e-05
-1.058128e-05
1.357494e-05
2.066962e-05
-6.976135e-06
-1.461401e-05
1.778937e-05
2.677220e-05
9.215600e-06
9.600537e-06
4.367122e-06
-6.220720e-06
-1.601960e-05
9.322113e-06
4.559781e-05
2.136775e-05
9.671949e-06
9.281259e-08
-2.623957e-05
-1.188715e-05
-1.196833e-05
-2.239038e-05
-1.348668e-05
1.582710e-06
6.021700e-06
-4.193484e-06
1.935016e-05
2.673716e-05
-8.978015e-07
7.230617e-06
1.331549e-05
1.273810e-06
6.379647e-06
4.950539e-06
1.572623e-05
3.147802e-05
3.799671e-06
-1.642117e-05
-6.374619e-06
1.062005e-05
1.723004e-05
6.387497e-06
1.309810e-05
1.555771e-05
1.171857e-05
1.360698e-05
-5.326463e-06
-7.716071e-06
-5.950781e-06
-9.553367e-06
3.855197e-06
3.420301e-06
1.576183e-05
1.338039e-05
-1.757284e-06
1.090620e-05
-2.149883e-06
-4.577502e-07
5.660397e-06
-4.267746e-06
1.353769e-05
5.945567e-06
-2.477001e-06
-8.018091e-07
-1.466496e-05
-1.940837e-05
-1.899383e-05
-7.218367e-06
-6.681367e-06
-7.666410e-06
1.610972e-06
-6.315636e-06
-1.689702e-05
-1.422461e-05
2.343510e-06
8.363935e-06
7.990708e-06
6.925553e-06
-5.388716e-06
2.132907e-07
-2.581270e-07
-4.292582e-06
5.510015e-06
9.723536e-08
-1.404851e-05
-9.249321e-06
1.683316e-05
2.149220e-05
1.486584e-05
3.681844e-06
-2.349106e-05
-2.442233e-05
-1.476784e-05
-1.221930e-05
-1.529173e-07
-2.320545e-06
-2.992520e-05
-3.243452e-05
-2.734751e-06
2.511311e-06
-1.094868e-05
-1.463692e-05
-2.918098e-06
1.014938e-05
-2.212034e-06
-1.743085e-05
-4.994956e-06
3.116718e-06
1.679476e-06
1.147293e-06
5.823768e-07
1.535193e-05
-4.609876e-06
-2.821589e-05
-4.491152e-06
-4.636675e-06
-1.911560e-05
-1.574059e-05
-1.570059e-05
-1.383713e-05
1.521747e-06
4.635042e-06
-1.130605e-05
-5.560451e-07
5.519772e-06
-9.109419e-06
-1.836160e-05
-1.732377e-05
-2.725672e-06
-1.681656e-05
-1.356210e-05
1.001660e-05
-1.007894e-05
-8.703762e-06
3.995537e-06
2.250785e-06
-4.616375e-06
-3.061947e-05
-2.336296e-05
-7.269070e-06
-1.468560e-05
-2.148398e-07
9.803170e-06
-8.873677e-06
-1.688219e-05
-2.047515e-05
-2.303466e-05
-1.358303e-05
-1.102395e-05
-1.833106e-05
-2.034432e-05
-1.705667e-05
-1.698872e-05
-3.799281e-06
-1.156835e-06
-2.063877e-05
-1.657488e-05
-1.504614e-05
-1.333925e-05
2.387107e-06
-8.493937e-06
-1.848108e-05
-1.556395e-05
-1.400614e-05
-2.455109e-06
5.101930e-06
-1.133251e-05
-3.120570e-05
-3.249981e-05
-2.733293e-05
-2.038237e-05
-1.542237e-05
-2.495125e-06
2.577455e-06
-2.927997e-05
-3.137405e-05
-7.476090e-06
-1.459536e-05
-9.926586e-06
-1.533659e-05
-2.595440e-05
2.234682e-06
-6.662084e-06
-2.337606e-05
-5.690627e-06
-1.237302e-05
-1.682910e-05
-8.856141e-08
1.685118e-05
1.080461e-05
-2.209054e-05
-2.331269e-05
-6.746695e-06
-1.521423e-05
-2.009127e-05
-2.063736e-05
-2.989728e-05
-2.948140e-05
-1.018194e-05
8.596007e-07
-1.390838e-05
-2.738399e-05
-1.813480e-05
-5.178305e-06
-1.639355e-05
-1.630097e-05
-3.109482e-06
-8.325898e-06
1.593674e-05
2.715807e-05
-1.357330e-05
-1.564133e-05
-4.386424e-07
-1.399961e-05
-2.408928e-05
-3.270696e-05
-3.477895e-05
-2.645842e-05
-1.390352e-05
-1.314400e-07
-1.996378e-05
-2.788115e-05
-1.288329e-05
-3.316215e-05
-2.745492e-05
-3.236713e-06
-1.051449e-05
-2.643190e-05
-3.882453e-05
-1.872731e-05
1.995933e-06
-3.421205e-06
-2.779388e-06
-2.661161e-06
-1.207025e-05
-2.327142e-05
-2.546071e-05
-2.558208e-05
-2.254010e-05
-6.841063e-06
-4.484703e-06
-2.226027e-05
-2.033761e-05
-1.197517e-05
-2.138427e-05
-2.025953e-05
-2.025745e-05
-2.061740e-05
-2.585354e-05
-4.152429e-05
-2.183501e-05
-7.945296e-06
-1.100241e-06
2.704620e-06
-2.669031e-05
-2.473658e-05
-6.337223e-06
-7.281735e-06
-1.736247e-05
-3.033567e-05
-2.924804e-05
-2.651985e-05
-1.696263e-05
-1.422166e-05
-2.050357e-05
-1.443414e-05
-3.106952e-05
-4.950838e-05
-4.116578e-05
-1.998098e-05
4.988225e-07
-1.317837e-05
-3.000447e-05
-2.216868e-05
-2.155793e-05
-2.266535e-05
-2.185302e-05
-3.357049e-05
-3.152625e-05
-1.860018e-05
-3.119134e-05
-3.951170e-05
-2.333795e-05
-6.967224e-06
-8.287265e-06
-1.873182e-05
-2.132890e-05
-2.447257e-05
-1.829952e-05
-3.059434e-05
-3.580995e-05
-2.452223e-05
-4.718558e-05
-3.806889e-05
-1.013507e-05
-3.666184e-06
-4.368429e-06
-1.706861e-05
-1.251123e-05
-1.497192e-05
-2.455879e-05
-2.657797e-05
-3.278839e-05
-2.301687e-05
-2.869461e-05
-4.121790e-05
-2.386193e-05
-1.453664e-05
-1.094726e-05
-1.447681e-05
-3.910484e-05
-3.016681e-05
-1.418245e-05
-2.908468e-05
-2.955822e-05
-2.854972e-05
-2.378192e-05
-6.327287e-06
-2.776084e-05
-4.840988e-05
-2.347134e-05
-2.027375e-05
-1.706971e-05
1.813357e-05
1.110052e-05
-2.035655e-05
-2.955382e-05
-4.252387e-05
-3.341215e-05
-2.161796e-05
-4.168107e-05
-2.185900e-05
4.048009e-06
-3.054320e-05
-3.239208e-05
-1.393368e-05
-3.275884e-05
-2.767212e-05
-1.539298e-05
-2.299600e-05
-2.064995e-05
-1.301884e-05
-1.819945e-05
-3.153431e-05
-3.514182e-05
-2.404088e-05
-1.691279e-05
-2.828577e-05
-4.204264e-05
-2.823613e-05
-2.003146e-05
-3.992827e-05
-3.327465e-05
-2.824341e-05
-3.297790e-05
-2.250330e-05
-2.544377e-05
-2.292800e-05
-3.413410e-05
-4.045681e-05
-2.593666e-05
-3.087113e-05
-2.530387e-05
-3.913701e-05
-6.227198e-05
-4.090322e-05
-2.536999e-05
-2.963185e-05
-2.504565e-05
-1.911953e-05
-2.723132e-05
-2.772045e-05
-2.613494e-05
-2.346144e-05
-2.850051e-06
-2.238049e-05
-4.010055e-05
-3.581118e-05
-4.665747e-05
-2.495893e-05
-2.755686e-05
-4.634603e-05
-2.540967e-05
-3.241703e-05
-3.316881e-05
-1.412598e-05
-1.575254e-05
-1.876421e-05
-3.293603e-05
-3.800898e-05
-1.733113e-05
-1.682745e-05
-3.413805e-05
-2.766678e-05
-1.293990e-05
-1.904384e-05
-3.555639e-05
-3.284961e-05
-1.018507e-05
-1.322161e-05
-2.845169e-05
-2.513109e-05
-3.376222e-05
-5.269022e-05
-4.502308e-05
-2.743687e-05
-3.592639e-05
-4.269010e-05
-3.519732e-05
-2.483523e-05
-1.289428e-05
-1.529730e-05
-2.363033e-05
-2.775737e-05
-2.000768e-05
-1.732879e-05
-3.638467e-05
-3.414296e-05
-1.623595e-05
-1.735644e-05
-3.221503e-05
-2.698410e-05
-1.615880e-05
-3.883273e-05
-4.813227e-05
-3.359504e-05
-2.875010e-05
-1.781650e-05
-5.472751e-06
-1.069373e-05
-3.270438e-05
-3.300845e-05
-8.985703e-06
-1.228864e-05
-1.796379e-05
-1.629360e-05
-2.246656e-05
-1.527977e-05
-2.905306e-05
-3.884840e-05
-2.228713e-05
-4.164229e-05
-4.636615e-05
-2.691775e-05
-2.945456e-05
-1.868707e-05
-1.555253e-05
-3.592392e-05
-4.419783e-05
-3.905641e-05
-4.691563e-05
-5.327789e-05
-2.964509e-05
-1.993695e-05
-2.642471e-05
-1.854029e-05
-2.718355e-05
-4.395891e-05
-2.976080e-05
-1.922023e-05
-4.196730e-05
-5.490547e-05
-4.575312e-05
-3.141125e-05
-2.498929e-05
-3.150105e-05
-2.696250e-05
-2.305911e-05
-4.182165e-05
-4.589948e-05
-3.035867e-05
-2.960972e-05
-3.088429e-05
-2.569229e-05
-2.115606e-05
-3.361469e-05
-4.240974e-05
-2.458508e-05
-2.788195e-05
-3.192772e-05
-2.323713e-05
-2.465414e-05
-1.870490e-05
-2.854518e-05
-2.292816e-05
-1.271179e-05
-4.117717e-05
-5.751242e-05
-5.933593e-05
-5.424550e-05
-4.736495e-05
-4.192248e-05
-2.292450e-05
-2.332145e-05
-3.495444e-05
-3.780018e-05
-4.882078e-05
-4.732534e-05
-3.997419e-05
-4.160692e-05
-2.874301e-05
-3.375406e-05
-4.993341e-05
-3.957118e-05
-1.878302e-05
-1.569201e-05
-4.394084e-05
-4.086453e-05
-1.788410e-05
-3.104548e-05
-4.072201e-05
-5.129908e-05
-5.367806e-05
-3.772618e-05
-4.717403e-05
-5.953431e-05
-3.911631e-05
-1.168272e-05
-1.309450e-05
-3.827224e-05
-5.999037e-05
-5.718007e-05
-4.479296e-05
-2.951554e-05
-3.025399e-05
-4.515057e-05
-4.258955e-05
-3.968120e-05
-3.014872e-05
-3.034234e-05
-4.266859e-05
-4.171770e-05
-4.836333e-05
-4.564547e-05
-3.686002e-05
-2.710077e-05
-2.026705e-05
-1.928875e-05
-1.372237e-05
-2.711674e-05
-2.563918e-05
-1.835247e-05
-3.261755e-05
-2.638335e-05
-2.994293e-05
-4.954694e-05
-4.579033e-05
-4.828415e-05
-4.444073e-05
-1.837202e-05
-2.570164e-05
-4.463247e-05
-3.965038e-05
-3.083093e-05
-3.103257e-05
-3.379254e-05
-3.879334e-05
-5.882222e-05
-5.847962e-05
-4.939683e-05
-5.732804e-05
-5.862793e-05
-4.763669e-05
-3.827445e-05
-4.458723e-05
-4.273768e-05
-3.820379e-05
-3.274085e-05
-3.077161e-05
-4.854711e-05
-2.840695e-05
-6.672863e-06
-2.865283e-05
-3.619181e-05
-2.722725e-05
-3.105395e-05
-4.148789e-05
-2.733271e-05
-2.239682e-05
-3.882057e-05
-3.361547e-05
-3.443049e-05
-4.715153e-05
-5.137908e-05
-4.810708e-05
-3.863943e-05
-3.429576e-05
-3.662234e-05
-4.090434e-05
-3.339673e-05
-4.477470e-05
-5.706336e-05
-2.276491e-05
-1.969019e-05
-5.706835e-05
-5.181446e-05
-3.172800e-05
-4.409170e-05
-5.964092e-05
-5.177021e-05
-5.419927e-05
-4.889304e-05
-2.276314e-05
-2.139979e-05
-2.397181e-05
-2.828068e-05
-4.829834e-05
-4.139441e-05
-2.443528e-05
-3.780230e-05
-5.334810e-05
-3.670124e-05
-3.373442e-05
-3.828599e-05
-2.163578e-05
-3.692281e-05
-4.306549e-05
-2.506983e-05
-2.402134e-05
-1.319830e-05
-6.842009e-06
-1.963902e-05
-3.288998e-05
-2.758585e-05
-2.742766e-05
-5.249293e-05
-4.497761e-05
-2.160459e-05
-3.154961e-05
-3.877821e-05
-2.385053e-05
-2.198416e-05
-3.698007e-05
-2.687493e-05
-2.046654e-05
-2.754338e-05
-9.705396e-06
-1.563842e-05
-2.494766e-05
-1.131362e-05
-3.362253e-05
-5.430963e-05
-4.921529e-05
-3.150901e-05
-2.292776e-05
-3.642350e-05
-2.419082e-05
-2.972288e-05
-4.497812e-05
-3.402059e-05
-4.707437e-05
-4.109646e-05
-2.764056e-05
-4.074362e-05
-2.439837e-05
-6.300288e-06
-1.282160e-05
-3.037492e-05
-4.632516e-05
-4.148872e-05
-4.131523e-05
-4.425218e-05
-3.985981e-05
-3.700060e-05
-1.980815e-05
-4.909749e-06
-1.200092e-05
-2.830657e-05
-3.430032e-05
-3.238164e-05
-3.367427e-05
-3.022849e-05
-3.318217e-05
-3.875959e-05
-2.336420e-05
1.582195e-06
-1.926399e-06
-2.417345e-05
-3.408097e-05
-2.701943e-05
-1.662548e-05
-4.298834e-05
-5.584703e-05
-3.041310e-05
-3.949424e-05
-4.883599e-05
-3.044384e-05
-1.605568e-05
-5.304651e-06
7.070216e-06
-1.356492e-05
-5.942691e-05
-6.340453e-05
-4.473090e-05
-3.095649e-05
-2.900405e-05
-2.963614e-05
-2.394731e-05
-3.105108e-05
-2.831481e-05
-2.197934e-05
-1.363300e-05
-1.712335e-05
-2.907778e-05
-1.034098e-05
-2.168317e-05
-4.643593e-05
-4.175491e-05
-3.660491e-05
-1.845447e-05
-1.083956e-05
-1.492314e-05
-1.033500e-05
-3.491753e-05
-4.135611e-05
-1.681562e-05
-1.872640e-05
-1.849940e-05
-2.199603e-05
-3.436981e-05
-3.689953e-05
-3.260802e-05
-1.318652e-05
-3.240916e-05
-4.716365e-05
-1.161040e-05
-1.765302e-05
-4.268057e-05
-3.155968e-05
-1.130925e-05
-1.569012e-05
-3.816510e-05
-2.452101e-05
-1.233174e-05
-3.949561e-05
-5.086025e-05
-3.589689e-05
-2.567351e-05
-2.705108e-05
-2.245602e-05
-8.065697e-06
2.737049e-06
-8.006484e-06
-2.766014e-05
-2.049906e-05
-1.294715e-05
-2.480901e-05
-1.826700e-05
-1.629197e-05
-3.109963e-05
-2.943800e-05
-3.163517e-05
-2.537104e-05
-1.856651e-05
-3.010373e-05
-2.599356e-05
-2.972526e-05
-2.388465e-05
-8.462032e-06
-2.669782e-05
-4.174863e-05
-5.080688e-05
-5.247932e-05
-4.166828e-05
-4.160400e-05
-2.749441e-05
-2.503598e-05
-3.095797e-05
-1.685471e-05
-3.365456e-05
-2.261660e-05
8.777374e-06
-2.851475e-05
-3.998047e-05
-1.514413e-05
-2.222820e-05
-2.710691e-05
-2.225163e-05
-1.456545e-05
-2.203411e-06
-1.097321e-06
-2.503969e-05
-4.257960e-05
-2.582259e-05
-2.168823e-05
-3.561292e-05
-2.607036e-05
-2.242151e-05
-3.114389e-05
-3.469273e-05
-4.318858e-05
-1.987582e-05
-1.145384e-05
-2.731232e-05
-7.333953e-06
-4.978116e-06
1.142826e-07
-6.486805e-06
-3.492658e-05
-1.546531e-05
-1.273439e-05
-1.770087e-05
-6.433103e-06
-2.372016e-06
-1.500743e-07
-4.435223e-05
-5.477004e-05
-2.290938e-05
-2.932668e-05
-1.525734e-05
-6.805326e-06
-1.018199e-06
6.109925e-06
-2.974693e-05
-1.865682e-05
-1.002733e-05
-2.168825e-05
2.547952e-06
-3.830472e-06
7.558965e-06
3.116837e-06
-3.382425e-05
-2.693241e-05
-4.316456e-05
-4.283046e-05
-2.172188e-05
-1.873647e-05
-1.135978e-06
-7.516156e-06
-1.630905e-05
-1.886332e-05
-2.396280e-05
-1.668495e-05
-1.816430e-05
-1.530016e-05
-8.862925e-06
-6.829015e-06
-1.071067e-05
-1.415404e-05
-1.974481e-05
-2.555403e-05
-1.702887e-05
-2.816207e-06
-9.984214e-07
-2.565545e-05
-2.132270e-05
8.952579e-06
2.459767e-06
-9.014545e-06
-9.130051e-06
-1.642877e-05
-2.620766e-05
-5.760315e-06
4.182531e-06
-6.067074e-06
1.199541e-06
-2.035839e-05
-1.473869e-05
7.757297e-06
-1.855710e-06
1.017009e-05
-3.059081e-06
-2.934874e-05
-2.193530e-05
-1.066385e-05
-9.472902e-06
-1.494424e-05
-1.070112e-05
-1.895706e-05
-1.465376e-05
-1.727042e-06
-1.165463e-05
-1.165296e-05
-1.109447e-05
3.185470e-06
1.284589e-05
-7.615750e-06
-2.361928e-05
-2.569383e-05
-2.905068e-05
-3.200135e-05
5.070104e-07
1.270702e-05
-1.004961e-05
-4.366643e-06
-2.890445e-06
-5.231693e-06
1.275622e-06
-9.580589e-06
-1.042451e-05
-3.940451e-06
-1.676589e-05
-6.435856e-06
8.120982e-06
-9.519058e-06
-1.337773e-05
-1.877281e-05
-1.676291e-05
7.850347e-06
2.326287e-07
-1.353488e-05
-2.676968e-06
3.553760e-06
-2.816693e-06
-1.270348e-06
6.070110e-06
1.344895e-05
7.185130e-06
-6.495594e-06
1.406537e-06
-8.038473e-06
-1.722851e-05
-2.958750e-06
-4.178585e-06
9.892749e-06
1.250547e-05
-1.036495e-05
-1.525025e-05
-2.556124e-05
-2.483110e-05
6.206856e-07
3.771398e-07
-2.288697e-05
-2.944980e-05
-1.958957e-05
-6.603295e-06
-6.675149e-06
-1.893435e-05
-1.759606e-05
-1.419346e-05
-1.210192e-06
5.732576e-06
-1.098994e-05
-2.433634e-06
1.145230e-05
9.361003e-06
1.580675e-05
1.317151e-05
9.729067e-07
-1.115193e-05
-5.648543e-06
1.097757e-05
-1.294433e-06
-1.292774e-05
-7.904966e-06
6.032323e-06
1.929328e-05
-3.012449e-06
2.497531e-07
1.200004e-05
-1.748328e-05
-1.350399e-05
-3.793484e-06
-1.022043e-05
-9.889031e-06
8.758756e-06
2.950010e-05
3.421741e-06
-2.414261e-06
1.392853e-05
2.591118e-05
3.546908e-05
6.275463e-06
-5.112291e-06
-5.020070e-07
-2.388043e-06
7.955802e-06
-8.957652e-06
-1.931968e-05
1.287933e-06
3.450160e-06
7.517020e-06
1.161009e-05
8.143944e-06
1.337472e-05
2.776439e-06
3.856831e-06
8.864292e-06
5.503052e-06
2.239972e-05
2.558905e-05
1.737927e-05
4.281851e-06
1.291253e-07
1.367503e-05
1.578659e-05
1.564204e-05
1.091405e-05
5.380263e-06
6.575927e-06
1.660613e-05
1.845870e-05
1.248739e-05
3.833883e-05
4.461200e-05
1.452753e-05
6.689824e-06
1.170614e-05
1.330199e-05
9.971987e-06
2.938218e-06
4.781328e-06
1.761381e-05
1.207506e-05
4.986492e-06
1.642530e-05
-2.541516e-06
-1.179468e-05
1.277678e-05
1.404486e-05
2.319967e-05
2.512923e-05
3.009100e-06
5.079466e-06
4.638416e-06
1.661851e-05
3.366571e-05
2.332373e-05
2.442915e-05
1.932772e-05
1.749566e-05
2.757426e-05
3.281635e-05
4.169522e-05
3.204768e-05
2.133367e-05
2.153520e-05
2.748041e-05
2.835531e-05
2.241062e-05
2.564560e-05
1.136629e-05
1.313594e-05
3.283760e-05
2.533340e-05
2.158599e-05
3.120387e-05
3.684287e-05
2.330070e-05
1.651425e-05
3.164829e-05
4.102006e-05
2.939696e-05
-4.583867e-06
8.786318e-06
3.752637e-05
3.100646e-05
3.282018e-05
7.000624e-06
-8.176517e-07
2.111209e-05
1.609142e-05
2.833145e-05
3.288848e-05
2.764908e-05
2.683268e-05
1.238963e-05
8.367895e-06
3.448401e-06
1.208082e-05
1.780726e-05
1.323695e-05
2.317707e-05
3.043919e-05
3.285432e-05
1.735940e-05
9.560008e-06
2.160643e-05
2.123734e-05
1.847166e-05
1.437694e-05
2.006858e-05
2.221087e-05
1.404245e-05
1.230268e-05
1.139522e-05
2.404400e-05
2.783051e-05
3.094686e-05
3.504179e-05
1.306005e-05
1.837391e-05
2.468674e-05
2.384429e-05
4.319975e-05
4.104731e-05
3.005845e-05
6.461967e-06
-5.367005e-06
9.141341e-06
2.017301e-05
3.457762e-05
3.103981e-05
3.842479e-05
5.301787e-05
4.047366e-05
3.981656e-05
3.443688e-05
1.900905e-05
3.135423e-05
4.105270e-05
4.161390e-05
8.040948e-05
9.203125e-05
4.748082e-05
4.102640e-05
6.129714e-05
8.004434e-05
8.898435e-05
7.335239e-05
7.633813e-05
7.903171e-05
6.470481e-05
7.024230e-05
8.131757e-05
8.042205e-05
7.704886e-05
9.118975e-05
1.063765e-04
9.362672e-05
9.680907e-05
1.187698e-04
1.244125e-04
1.161244e-04
9.359009e-05
9.583124e-05
1.290755e-04
1.339153e-04
1.035469e-04
9.405424e-05
1.223179e-04
1.316669e-04
7.981138e-05
2.923735e-05
5.063355e-05
9.173481e-05
8.277162e-05
2.481401e-05
-2.546209e-05
-2.637705e-06
6.053969e-05
5.873621e-05
1.210559e-05
-5.093319e-05
-1.425765e-04
-1.113869e-04
-7.664668e-06
2.128096e-05
-5.088493e-06
-1.536989e-04
-2.104040e-04
5.618099e-07
1.876288e-04
1.215583e-04
-1.208037e-04
-1.858295e-04
2.390468e-05
1.651377e-04
-4.636961e-05
-4.137798e-04
-3.624060e-04
2.343515e-05
1.211089e-04
-4.599553e-05
-9.210334e-05
5.885486e-05
2.708671e-04
4.035860e-04
3.980311e-04
3.146433e-04
3.223097e-04
3.153676e-04
1.703195e-04
1.126224e-04
9.923955e-05
1.409959e-04
3.395788e-04
3.801886e-04
2.307471e-04
2.236578e-04
5.247289e-04
8.761626e-04
8.949268e-04
5.955887e-04
2.046051e-04
7.587746e-05
2.935433e-04
3.899173e-04
2.144284e-04
5.251197e-05
1.984351e-05
9.511041e-05
2.117666e-04
4.070680e-04
6.005477e-04
5.308240e-04
3.645576e-04
1.499247e-04
-2.116084e-04
-3.141511e-04
-5.827148e-05
-8.005869e-06
-5.256156e-04
-1.091805e-03
-9.886745e-04
-2.726828e-04
2.541815e-04
-8.907387e-05
-6.153153e-04
-3.294070e-04
2.905268e-04
3.398235e-04
-2.370875e-04
-6.678491e-04
-1.598353e-04
4.639296e-04
7.922720e-05
-4.159635e-04
-1.485093e-04
2.122596e-04
-7.511565e-05
-4.768133e-04
-5.902643e-05
5.582933e-04
5.521641e-04
2.087713e-04
7.587873e-05
5.585804e-04
1.186213e-03
1.070888e-03
5.539223e-04
5.370706e-04
7.260012e-04
5.974184e-04
6.347875e-04
1.074871e-03
1.418215e-03
1.230915e-03
7.105942e-04
4.802732e-04
8.746443e-04
1.649261e-03
1.753611e-03
9.231548e-04
2.730384e-04
2.242166e-04
5.651713e-04
7.117640e-04
2.028029e-04
-5.197807e-04
-9.824982e-04
-5.785589e-04
2.461198e-04
3.618971e-04
1.203410e-04
-7.180091e-05
-3.412536e-05
2.236697e-04
1.477547e-04
-1.367246e-04
-5.508772e-04
-7.036466e-04
-2.319017e-04
-2.170934e-05
-2.517211e-04
-6.348905e-04
-8.653574e-04
-8.001454e-04
-9.192388e-04
-8.229896e-04
-7.854189e-04
-7.578550e-04
-7.437009e-05
-6.905736e-05
-2.908286e-04
5.613192e-04
1.491175e-03
1.627910e-03
7.540506e-04
1.933311e-05
4.806371e-04
1.353366e-03
1.747049e-03
9.261848e-04
-3.866297e-04
-3.998352e-04
7.121084e-04
1.208064e-03
-8.502594e-05
-1.278919e-03
-1.920793e-04
1.586117e-03
2.132650e-03
8.666477e-04
-1.048255e-03
-1.531274e-03
-6.407003e-04
-2.579750e-05
-1.321356e-03
-2.503007e-03
-1.440132e-03
-4.531466e-05
-5.088359e-05
-1.680274e-03
-2.138100e-03
-2.891905e-04
1.750295e-03
2.612081e-03
1.123225e-04
-2.518716e-03
-1.372944e-03
2.843652e-04
2.966142e-04
-1.048143e-03
-1.850542e-03
-1.900001e-03
-2.947729e-03
-2.528987e-03
-5.152605e-04
2.261561e-04
3.372241e-04
1.059200e-03
1.603172e-03
1.263123e-03
7.561521e-05
-8.702003e-04
9.995072e-04
3.769209e-03
3.058074e-03
-1.285560e-03
-4.935662e-03
-1.926567e-03
3.512315e-03
2.717894e-03
-8.683218e-04
-1.233746e-03
1.154561e-03
3.830460e-03
4.030626e-03
2.260893e-03
1.666007e-03
2.317085e-03
2.418633e-03
1.027584e-03
-3.388395e-04
9.493190e-04
3.159588e-03
2.509906e-03
4.882162e-04
1.376363e-04
5.104966e-04
1.339991e-03
2.201913e-03
-1.481555e-04
-4.637763e-03
-4.351952e-03
1.914150e-03
5.162265e-03
3.286753e-04
-6.817183e-03
-9.251991e-03
-5.394114e-03
-5.192678e-04
-6.278442e-04
-2.877371e-03
-2.664782e-03
-1.711467e-03
-1.759205e-03
-1.722245e-03
6.505669e-04
4.139383e-03
3.538743e-03
2.897909e-04
4.745166e-04
2.501269e-03
2.737086e-03
2.273405e-03
3.769829e-04
-1.858110e-03
-1.103567e-03
1.880653e-04
-2.183838e-04
-2.233773e-03
-4.218006e-03
-2.717584e-03
2.047506e-03
6.403691e-03
3.746813e-03
-2.533149e-03
-2.795138e-03
1.764089e-04
3.321361e-03
3.009933e-03
-7.226140e-04
-7.599522e-04
8.948589e-04
3.478693e-03
5.699285e-03
4.914325e-03
5.022872e-03
8.910494e-03
1.374232e-02
1.051425e-02
3.355451e-03
9.416407e-04
1.689828e-03
6.508664e-03
6.670126e-03
-2.974000e-03
-8.481336e-03
-2.992294e-03
5.137063e-03
5.248681e-03
-2.345193e-03
-6.832496e-03
-5.446331e-04
8.284900e-03
9.036267e-03
5.605321e-03
5.700932e-04
-3.077339e-03
-6.029842e-04
1.318721e-03
-9.184395e-04
-4.965063e-03
-9.115173e-03
-8.904285e-03
-5.113146e-03
-2.057795e-03
-4.017809e-03
-9.089233e-03
-6.150560e-03
2.125855e-03
5.786828e-03
3.812071e-03
6.076393e-04
8.433994e-04
2.870045e-03
5.253438e-03
4.749229e-03
3.392375e-03
3.829400e-03
1.369270e-03
1.767060e-03
3.502335e-03
5.517585e-04
-7.097251e-04
2.142065e-03
5.663322e-03
4.330004e-03
-2.333322e-04
-2.317521e-03
-3.696319e-03
-1.393883e-03
4.331046e-03
2.134758e-03
-2.034394e-03
3.332703e-03
8.861943e-03
7.038224e-03
3.027214e-03
3.189934e-03
5.856258e-03
8.882143e-03
1.094377e-02
6.110408e-03
4.187332e-03
9.367409e-03
1.120273e-02
1.007393e-02
7.500425e-03
5.417038e-03
1.782861e-03
-3.057105e-03
-2.635235e-03
-1.590697e-03
-4.014444e-03
-7.219425e-03
-8.067652e-03
-8.064022e-03
-9.578039e-03
-1.098693e-02
-9.120524e-03
-4.469332e-04
9.145967e-03
9.580427e-03
2.348106e-03
-3.219392e-04
7.134633e-03
1.555817e-02
1.480934e-02
7.607012e-03
-3.557863e-04
-9.609984e-03
-1.377253e-02
-9.035569e-03
7.478147e-04
7.884011e-03
3.841703e-03
-2.459257e-03
-1.597563e-03
4.261075e-03
8.494857e-03
4.582666e-03
-4.906783e-04
3.365492e-04
2.021144e-03
-2.314291e-04
-2.929823e-03
-2.375364e-03
-1.187958e-03
1.391578e-04
4.439170e-04
-4.873784e-03
-7.834257e-03
2.315207e-04
5.832490e-03
1.480960e-03
-2.460907e-03
-2.951561e-03
-1.067340e-03
3.688331e-03
3.527415e-03
-4.653323e-03
-5.774907e-03
1.449624e-03
7.290591e-03
1.248821e-02
8.836216e-03
4.287787e-04
-5.715362e-04
1.754135e-03
3.015935e-03
-7.206147e-04
-1.973774e-03
2.408424e-03
2.297331e-03
-4.131248e-03
-1.529427e-02
-1.834060e-02
-7.647769e-03
3.369846e-03
4.623813e-03
-5.956178e-03
-1.153436e-02
-1.508721e-03
1.012365e-02
1.533440e-02
1.288702e-02
6.481354e-03
4.224545e-03
4.162283e-03
3.733192e-03
3.561626e-03
4.492242e-03
7.409935e-03
8.223471e-03
7.628243e-03
1.031410e-02
1.185988e-02
8.060765e-03
5.606474e-03
3.818621e-03
7.979099e-04
3.155332e-03
-1.012525e-03
-1.385781e-02
-1.896004e-02
-1.843771e-02
-1.572806e-02
-1.243184e-02
-1.332376e-02
-1.002736e-02
3.773706e-03
1.130159e-02
4.808599e-03
2.099249e-03
7.846625e-03
1.262869e-02
8.820313e-03
-4.043215e-03
-1.444429e-02
-9.334591e-03
5.933289e-03
1.001678e-02
1.497198e-03
-5.615870e-03
-4.321472e-03
1.098255e-03
5.896356e-05
-5.923536e-03
-7.862396e-03
-7.021717e-03
-1.080397e-02
-1.113440e-02
-6.169855e-03
-6.128033e-03
-4.811594e-03
-4.209816e-03
-7.061614e-03
-7.816575e-03
-6.941911e-03
-3.122117e-03
-2.831706e-03
-1.262724e-03
6.874731e-03
1.163744e-02
1.412514e-02
1.099787e-02
7.054129e-03
1.268829e-02
1.470685e-02
1.100162e-02
5.441194e-03
-7.354117e-03
-1.356873e-02
-6.579485e-03
3.418195e-04
3.438349e-03
4.221157e-04
-6.689104e-03
-1.010418e-02
-4.635614e-03
1.169682e-02
2.045188e-02
1.512406e-02
1.019849e-02
6.280806e-03
7.736301e-03
1.019251e-02
2.445796e-03
-6.064101e-03
-8.395239e-03
-4.635846e-03
-3.592631e-03
-7.684602e-03
-8.996246e-03
-1.051564e-02
-4.827215e-03
2.788625e-03
-3.277559e-04
-3.726940e-03
-6.113736e-03
-2.213158e-03
6.032564e-03
2.195533e-03
-9.998816e-03
-2.148157e-02
-2.090043e-02
-1.230096e-02
-1.060272e-02
-1.414739e-02
-2.052124e-02
-1.645715e-02
3.230418e-03
1.792871e-02
1.608521e-02
3.156684e-03
-8.851555e-03
-1.261724e-02
-1.037434e-02
-1.062654e-02
-1.363467e-02
-1.795757e-02
-2.662392e-02
-2.505381e-02
-1.329196e-02
-5.912851e-03
-1.930726e-03
-3.318912e-03
-2.124089e-03
9.502891e-03
1.935785e-02
1.823516e-02
1.367937e-02
1.548509e-02
1.632435e-02
1.160912e-02
3.209739e-03
-6.137874e-03
-7.977098e-03
-3.399101e-03
-9.176532e-05
-1.856528e-03
-2.054359e-03
1.213983e-03
-5.042295e-04
-4.299675e-03
-9.579518e-03
-1.841414e-02
-2.071384e-02
-1.554275e-02
-9.207580e-03
1.149104e-03
1.049944e-02
1.071789e-02
8.439021e-03
1.124810e-02
1.420404e-02
9.657390e-03
-3.538450e-05
-5.407284e-03
-1.876167e-03
5.727113e-04
-3.633559e-03
-1.006926e-02
-1.604502e-02
-1.683298e-02
-1.626672e-02
-1.987083e-02
-2.495856e-02
-2.268613e-02
-1.167953e-02
-7.265803e-03
-6.210957e-03
1.991739e-03
9.718967e-03
1.830286e-02
2.441842e-02
1.884869e-02
1.236419e-02
5.778233e-03
-3.724754e-03
-1.016770e-02
-1.352013e-02
-8.534251e-03
-6.530258e-03
-1.311874e-02
-1.355823e-02
-8.847967e-03
-1.664718e-03
-3.362099e-03
-1.130911e-02
-5.703079e-03
6.673515e-03
1.451143e-02
2.789174e-04
-2.699415e-02
-3.135292e-02
-1.711907e-02
-2.574212e-03
-5.271448e-03
-1.785853e-02
-1.335932e-02
2.683444e-03
1.553906e-02
1.286838e-02
1.945798e-03
1.624721e-03
1.523914e-02
2.945636e-02
1.535175e-02
-1.541178e-02
-2.340702e-02
-7.872336e-03
8.578771e-03
4.876491e-03
-1.882457e-02
-2.642877e-02
-7.947481e-03
8.501769e-03
1.381645e-02
3.260847e-03
-1.457188e-02
-1.945309e-02
-1.106313e-02
-2.734834e-03
-8.247527e-03
-1.081605e-02
-9.420392e-04
7.210479e-03
1.219017e-02
8.116048e-03
-2.358194e-03
-4.686099e-03
3.175065e-03
1.502708e-02
2.228224e-02
1.768148e-02
2.909958e-03
-7.809810e-03
-7.285181e-03
-7.801675e-03
-1.590354e-02
-2.092754e-02
-1.755172e-02
-1.155700e-02
-5.872225e-03
-1.576134e-03
-4.243715e-03
-1.044100e-02
-1.037286e-02
-4.619871e-03
4.389445e-03
7.038828e-03
1.150311e-03
-2.761732e-03
-5.390204e-03
-1.288265e-03
2.774284e-03
-4.912045e-03
-1.648431e-02
-2.629408e-02
-2.169771e-02
-9.624900e-03
-1.881643e-03
4.985028e-03
5.639660e-03
1.441386e-02
2.126359e-02
9.214652e-03
3.305097e-03
2.856746e-03
1.551004e-03
3.694366e-04
-5.514643e-03
-3.766345e-03
1.536901e-03
1.798343e-03
-2.312223e-03
-7.027277e-03
2.194491e-03
1.597912e-02
1.894821e-02
1.505520e-02
8.302938e-03
6.507375e-03
1.051980e-02
8.115881e-03
-7.125008e-03
-2.279776e-02
-2.851856e-02
-2.919935e-02
-2.339905e-02
-1.981190e-02
-2.108818e-02
-1.079066e-02
1.608767e-04
-1.410203e-03
-4.139916e-03
1.495719e-03
1.109939e-02
1.971100e-02
2.765871e-02
2.691018e-02
2.144624e-02
2.339656e-02
2.342520e-02
1.493168e-02
2.362776e-03
-1.542767e-02
-2.710335e-02
-2.432080e-02
-2.332872e-02
-2.518576e-02
-2.266152e-02
-1.982884e-02
-1.593652e-02
-1.309615e-02
-5.319006e-03
5.718587e-03
6.204437e-03
9.247217e-03
1.674382e-02
1.937239e-02
2.762059e-02
3.563812e-02
3.345322e-02
1.985022e-02
3.032513e-04
-5.967104e-03
-6.941016e-03
-1.996415e-02
-3.041186e-02
-2.828842e-02
-1.412578e-02
2.608117e-03
4.362224e-03
1.266395e-03
1.141767e-03
5.253660e-03
1.454281e-02
7.219193e-03
-6.961942e-03
-1.001723e-02
-1.168533e-02
-5.029777e-03
5.707976e-03
4.511884e-03
-7.105698e-03
-2.220391e-02
-2.583151e-02
-2.140151e-02
-1.967619e-02
-1.599790e-02
-1.583464e-02
-8.031571e-03
1.104976e-02
1.995246e-02
2.520319e-02
2.932551e-02
2.434263e-02
2.367299e-02
2.754222e-02
2.204157e-02
1.336760e-02
3.064950e-03
-9.977826e-03
-1.225747e-02
-9.460068e-03
-4.061302e-03
3.250197e-03
4.769493e-03
1.093528e-02
1.869379e-02
2.622748e-02
3.709930e-02
4.042189e-02
3.493871e-02
2.085849e-02
4.848191e-03
1.020096e-03
-1.304067e-03
-1.580068e-02
-3.095700e-02
-3.717656e-02
-2.981798e-02
-1.263302e-02
-3.531100e-03
-1.271304e-03
4.842590e-03
2.507734e-02
4.972021e-02
5.104491e-02
4.038368e-02
3.260609e-02
2.716393e-02
2.258623e-02
1.004919e-02
-4.357444e-03
-1.426292e-02
-1.363350e-02
-6.696820e-03
-4.202286e-03
-1.142889e-03
-2.853842e-03
-2.010182e-03
8.509227e-03
1.228088e-02
3.891978e-03
-1.355589e-02
-2.277235e-02
-1.696271e-02
-1.521314e-02
-1.342377e-02
-3.741971e-03
4.607022e-03
1.228768e-02
1.776877e-02
1.768332e-02
1.605329e-02
1.774403e-02
2.688473e-02
3.612240e-02
3.670114e-02
3.045504e-02
2.299337e-02
1.725425e-02
1.830687e-02
2.462971e-02
2.331709e-02
1.889995e-02
1.414400e-02
7.537435e-03
6.419584e-03
8.727071e-03
1.207237e-02
5.543727e-03
-7.754956e-03
-1.175404e-02
-7.314799e-03
-2.392991e-04
-2.452844e-04
-4.888495e-03
-8.009372e-03
1.098241e-03
2.091687e-02
2.795640e-02
2.499420e-02
1.817178e-02
1.522709e-02
1.653794e-02
4.419212e-03
-1.362964e-02
-2.602269e-02
-2.634490e-02
-2.324388e-02
-3.389604e-02
-4.423737e-02
-4.517645e-02
-4.204880e-02
-3.536012e-02
-3.506207e-02
-3.914670e-02
-3.926297e-02
-4.388676e-02
-4.871036e-02
-4.535900e-02
-4.137705e-02
-4.158581e-02
-4.039388e-02
-3.744734e-02
-4.424192e-02
-5.444453e-02
-5.831544e-02
-5.847028e-02
-5.411535e-02
-5.283067e-02
-5.250393e-02
-5.254218e-02
-5.720998e-02
-5.499167e-02
-4.697932e-02
-3.778162e-02
-4.005113e-02
-4.624001e-02
-3.404726e-02
-2.931889e-02
-3.591131e-02
-4.200502e-02
-4.595400e-02
-3.547943e-02
-2.394906e-02
-1.794307e-02
-1.777738e-02
-1.592549e-02
-3.779167e-03
2.987231e-03
4.100991e-03
1.041167e-03
2.968510e-03
1.880564e-02
3.191955e-02
3.560605e-02
3.082275e-02
3.123638e-02
5.051337e-02
7.371709e-02
9.180142e-02
1.005256e-01
9.794611e-02
1.001541e-01
1.070489e-01
1.142353e-01
1.233764e-01
1.249803e-01
1.225443e-01
1.183472e-01
1.082752e-01
1.019704e-01
1.005332e-01
9.854573e-02
9.802687e-02
9.524922e-02
9.186039e-02
9.825679e-02
1.093234e-01
1.140742e-01
1.128350e-01
1.100951e-01
1.087484e-01
1.102204e-01
1.129590e-01
1.130444e-01
1.102700e-01
1.068522e-01
1.039219e-01
1.050966e-01
1.097638e-01
1.112157e-01
1.094462e-01
1.060125e-01
1.032303e-01
1.010193e-01
9.087011e-02
7.330290e-02
4.676424e-02
1.083443e-02
-2.040823e-02
-4.302771e-02
-5.934089e-02
-7.343097e-02
-9.237395e-02
-1.131500e-01
-1.310690e-01
-1.485767e-01
-1.693264e-01
-1.903735e-01
-2.048637e-01
-2.106105e-01
-2.150521e-01
-2.211628e-01
-2.212925e-01
-2.153238e-01
-2.045605e-01
-1.943960e-01
-1.945017e-01
-1.981779e-01
-1.969766e-01
-1.924616e-01
-1.865003e-01
-1.769871e-01
-1.659419e-01
-1.553236e-01
-1.375775e-01
-1.165135e-01
-1.010522e-01
-8.530097e-02
-6.152664e-02
-3.634376e-02
-1.897115e-02
-2.393359e-03
1.290256e-02
2.546748e-02
4.471139e-02
6.339932e-02
8.126205e-02
1.025721e-01
1.204320e-01
1.391493e-01
1.549214e-01
1.636345e-01
1.722590e-01
1.768737e-01
1.746757e-01
1.625840e-01
1.410873e-01
1.217209e-01
1.072018e-01
9.871886e-02
9.656246e-02
9.767933e-02
1.017379e-01
1.015877e-01
9.544406e-02
8.599628e-02
7.514231e-02
6.570226e-02
5.454390e-02
4.620145e-02
3.662468e-02
2.089916e-02
1.299601e-02
8.642508e-03
-1.867833e-04
-6.212626e-03
-1.288572e-02
-2.395602e-02
-3.153220e-02
-4.280371e-02
-6.362656e-02
-8.099125e-02
-1.002369e-01
-1.185893e-01
-1.293980e-01
-1.405870e-01
-1.376575e-01
-1.233957e-01
-1.060219e-01
-8.357776e-02
-7.396976e-02
-7.217242e-02
-7.120412e-02
-7.724744e-02
-8.378808e-02
-9.302552e-02
-9.766740e-02
-8.894081e-02
-8.057611e-02
-7.360504e-02
-5.877261e-02
-3.568674e-02
-7.615854e-03
1.606485e-02
3.221027e-02
4.461861e-02
5.073477e-02
5.188084e-02
5.244407e-02
5.074456e-02
4.548742e-02
3.747757e-02
2.467165e-02
8.390604e-03
-2.361420e-03
-4.620945e-03
-1.995090e-03
4.310690e-03
1.365670e-02
2.495239e-02
3.720022e-02
5.354271e-02
6.982526e-02
7.261556e-02
6.641929e-02
6.212144e-02
6.045943e-02
6.697785e-02
7.977618e-02
8.611378e-02
8.257281e-02
7.438889e-02
6.595226e-02
5.984772e-02
6.093076e-02
6.205154e-02
5.006314e-02
3.154553e-02
1.504099e-02
1.204677e-03
-8.444472e-03
-1.434342e-02
-1.772307e-02
-2.078654e-02
-2.162948e-02
-2.312724e-02
-3.067154e-02
-3.812047e-02
-5.097220e-02
-6.418547e-02
-6.339275e-02
-6.891628e-02
-8.035184e-02
-9.120384e-02
-1.147177e-01
-1.299055e-01
-1.339167e-01
-1.382853e-01
-1.369735e-01
-1.390944e-01
-1.423774e-01
-1.388294e-01
-1.263057e-01
-1.048417e-01
-8.010294e-02
-5.171685e-02
-2.686524e-02
-7.137668e-03
1.397308e-02
3.264299e-02
4.898432e-02
6.481224e-02
7.805456e-02
8.810916e-02
9.410569e-02
9.859696e-02
1.017324e-01
9.952181e-02
9.647586e-02
9.186689e-02
8.533850e-02
8.335345e-02
7.865367e-02
7.271031e-02
6.569658e-02
5.112452e-02
4.188580e-02
4.037185e-02
3.995331e-02
3.862632e-02
3.424436e-02
2.564839e-02
1.168010e-02
2.072948e-03
-2.246423e-05
-1.465846e-03
4.608421e-04
4.443086e-03
-1.467275e-04
-7.162835e-03
-7.998892e-03
-1.093149e-02
-1.127853e-02
-7.487952e-03
-1.186627e-02
-2.255568e-02
-3.374362e-02
-4.576024e-02
-5.070693e-02
-3.636744e-02
-1.165548e-02
9.726411e-03
2.614072e-02
3.361486e-02
2.887146e-02
1.866237e-02
1.510883e-02
1.512062e-02
1.465201e-02
1.319920e-02
-8.759492e-04
-1.883107e-02
-2.793795e-02
-3.331163e-02
-3.633418e-02
-4.110064e-02
-4.601214e-02
-4.868641e-02
-4.538557e-02
-1.849731e-02
2.139795e-02
5.261963e-02
7.504507e-02
8.515215e-02
8.618909e-02
8.511471e-02
7.774618e-02
6.565209e-02
5.352511e-02
4.091058e-02
2.529978e-02
5.512177e-03
-8.096740e-03
-1.510662e-02
-2.711386e-02
-3.448168e-02
-3.999532e-02
-4.998987e-02
-5.203795e-02
-5.370376e-02
-5.412811e-02
-4.917422e-02
-4.403749e-02
-3.743713e-02
-4.355968e-02
-5.567522e-02
-5.777432e-02
-5.622732e-02
-5.295397e-02
-5.554647e-02
-6.373668e-02
-6.540705e-02
-6.447816e-02
-6.660441e-02
-6.568437e-02
-6.562484e-02
-7.095881e-02
-7.227156e-02
-7.521309e-02
-6.405501e-02
-1.953527e-02
1.869964e-02
4.061281e-02
6.937083e-02
9.152708e-02
1.061320e-01
1.237235e-01
1.347502e-01
1.439939e-01
1.599146e-01
1.678070e-01
1.593860e-01
1.377674e-01
1.062724e-01
7.744736e-02
5.894887e-02
4.493094e-02
3.631451e-02
3.512514e-02
2.908748e-02
2.023365e-02
1.238294e-02
-9.464724e-03
-3.770030e-02
-6.217267e-02
-8.646877e-02
-1.015876e-01
-1.098987e-01
-1.181065e-01
-1.244445e-01
-1.330419e-01
-1.387114e-01
-1.381281e-01
-1.390107e-01
-1.408181e-01
-1.397169e-01
-1.342826e-01
-1.282695e-01
-1.234028e-01
-1.167875e-01
-1.149548e-01
-1.149833e-01
-1.064948e-01
-9.499186e-02
-8.667130e-02
-7.989660e-02
-7.429721e-02
-7.055433e-02
-6.275774e-02
-5.028214e-02
-3.851343e-02
-2.106994e-02
-3.716842e-04
1.710461e-02
3.831546e-02
5.985862e-02
7.804471e-02
9.820103e-02
1.156421e-01
1.274190e-01
1.381531e-01
1.459776e-01
1.492448e-01
1.515487e-01
1.528535e-01
1.503207e-01
1.393295e-01
1.166856e-01
8.992507e-02
6.745703e-02
4.845271e-02
3.519950e-02
3.118072e-02
3.314256e-02
3.965001e-02
4.639013e-02
4.940699e-02
5.192977e-02
5.335817e-02
5.267502e-02
5.195052e-02
5.229460e-02
5.437284e-02
5.932678e-02
6.533970e-02
7.042745e-02
7.628266e-02
7.962784e-02
8.020081e-02
7.916761e-02
7.411666e-02
6.850710e-02
6.117382e-02
5.140407e-02
4.442481e-02
4.062202e-02
3.954831e-02
3.999579e-02
3.882417e-02
3.187823e-02
1.698750e-02
1.728527e-03
-1.146030e-02
-2.794087e-02
-4.054256e-02
-4.672430e-02
-5.319859e-02
-5.281280e-02
-4.449847e-02
-4.310942e-02
-4.516225e-02
-4.123902e-02
-4.224331e-02
-4.501650e-02
-4.072293e-02
-3.580276e-02
-2.956219e-02
-2.937368e-02
-3.761357e-02
-4.373389e-02
-4.953878e-02
-5.152619e-02
-5.417525e-02
-6.480410e-02
-7.143219e-02
-7.308125e-02
-6.986649e-02
-5.970814e-02
-4.897740e-02
-3.476082e-02
-1.628114e-02
2.039375e-03
1.054747e-02
6.325290e-03
3.233734e-03
-3.831690e-03
-1.499350e-02
-1.813882e-02
-2.433258e-02
-3.160913e-02
-3.665063e-02
-4.862641e-02
-5.876748e-02
-6.704596e-02
-7.638303e-02
-8.231296e-02
-8.692394e-02
-8.840064e-02
-8.691558e-02
-8.318601e-02
-7.584700e-02
-6.263909e-02
-4.755241e-02
-3.834914e-02
-3.308869e-02
-3.492911e-02
-3.836878e-02
-3.509248e-02
-2.749238e-02
-1.428606e-02
-8.110022e-03
-7.062233e-03
4.193330e-03
1.731328e-02
2.991458e-02
4.253149e-02
5.320297e-02
6.435712e-02
6.940143e-02
6.906306e-02
6.951338e-02
7.000850e-02
7.370132e-02
8.299053e-02
9.140665e-02
9.884486e-02
1.117801e-01
1.249909e-01
1.305350e-01
1.290472e-01
1.251618e-01
1.159557e-01
9.372748e-02
6.791528e-02
4.597721e-02
2.195970e-02
5.366093e-03
2.020759e-03
2.710121e-03
1.272163e-02
2.777317e-02
3.167034e-02
3.457018e-02
3.899019e-02
3.665884e-02
3.734982e-02
3.507232e-02
2.494033e-02
1.864899e-02
1.318348e-02
5.635538e-03
-4.383307e-03
-1.676582e-02
-2.558773e-02
-2.796670e-02
-2.607472e-02
-3.109439e-02
-4.098922e-02
-4.413415e-02
-3.750273e-02
-2.345718e-02
-1.730498e-02
-1.921962e-02
-1.948414e-02
-2.412658e-02
-3.149552e-02
-3.479213e-02
-3.358181e-02
-3.072844e-02
-2.881065e-02
-2.981751e-02
-2.882865e-02
-1.589649e-02
3.719876e-03
2.560148e-02
4.760659e-02
6.184960e-02
6.857643e-02
6.148410e-02
4.472988e-02
3.208787e-02
1.873799e-02
1.435146e-02
2.175978e-02
2.366902e-02
3.066290e-02
4.224735e-02
4.257493e-02
3.520431e-02
1.648804e-02
-4.481975e-03
-1.052008e-02
-1.493694e-02
-2.686101e-02
-3.502134e-02
-3.686891e-02
-3.833217e-02
-3.581558e-02
-2.467830e-02
-7.376552e-03
1.123972e-02
2.252404e-02
2.799398e-02
3.639667e-02
4.583955e-02
5.358816e-02
6.108528e-02
6.326779e-02
5.226061e-02
3.104979e-02
7.765068e-03
-1.288315e-02
-3.125852e-02
-4.934235e-02
-6.310438e-02
-6.994246e-02
-6.746635e-02
-5.919589e-02
-5.366102e-02
-4.849263e-02
-4.448025e-02
-3.894624e-02
-2.540321e-02
-1.081671e-02
2.719563e-03
2.031545e-02
3.733698e-02
4.313760e-02
4.044213e-02
3.331718e-02
2.327032e-02
1.699335e-02
6.061787e-03
-3.014288e-03
-3.531237e-03
-7.556696e-03
-4.948540e-03
-1.629288e-03
-4.042220e-03
1.334133e-03
1.045150e-02
2.354707e-02
3.456267e-02
3.691814e-02
3.920670e-02
4.428527e-02
4.953933e-02
4.598401e-02
3.108428e-02
5.335040e-03
-2.249071e-02
-4.011030e-02
-5.587186e-02
-6.677006e-02
-6.989522e-02
-7.633144e-02
-8.159407e-02
-7.994679e-02
-7.884078e-02
-8.400176e-02
-8.477776e-02
-7.914477e-02
-7.039094e-02
-5.199099e-02
-3.812364e-02
-3.763941e-02
-4.550326e-02
-6.434818e-02
-8.615116e-02
-1.000210e-01
-1.103916e-01
-1.219872e-01
-1.289655e-01
-1.395375e-01
-1.538463e-01
-1.666936e-01
-1.751048e-01
-1.417765e-01
-8.010267e-02
-3.429063e-02
2.748049e-03
3.601602e-02
6.950930e-02
9.686788e-02
1.095106e-01
1.213212e-01
1.335032e-01
1.434117e-01
1.497002e-01
1.513155e-01
1.490811e-01
1.399895e-01
1.230506e-01
1.000010e-01
7.220659e-02
3.665928e-02
3.242315e-03
-1.956808e-02
-3.649105e-02
-4.057782e-02
-3.281957e-02
-1.972110e-02
-3.698290e-04
1.851683e-02
3.759940e-02
5.661928e-02
6.330852e-02
5.919931e-02
5.417921e-02
4.526313e-02
3.375189e-02
2.558221e-02
1.512718e-02
9.024830e-03
1.367022e-02
1.868678e-02
2.593971e-02
3.649382e-02
3.535336e-02
1.685843e-02
-7.179714e-03
-2.952541e-02
-4.938882e-02
-6.714774e-02
-8.671530e-02
-1.047303e-01
-1.202171e-01
-1.337445e-01
-1.450610e-01
-1.566800e-01
-1.636627e-01
-1.640595e-01
-1.560112e-01
-1.430579e-01
-1.295851e-01
-1.145183e-01
-1.060476e-01
-9.390930e-02
-6.983881e-02
-4.496222e-02
-2.342170e-02
-9.235444e-03
7.174449e-03
2.903141e-02
4.370117e-02
5.278669e-02
5.901699e-02
6.627798e-02
7.717382e-02
8.533384e-02
8.645686e-02
7.968218e-02
6.888264e-02
5.679360e-02
4.318734e-02
2.825384e-02
1.810761e-02
2.159981e-02
3.527795e-02
5.371469e-02
6.737168e-02
6.706360e-02
6.370504e-02
6.249599e-02
6.030685e-02
6.002026e-02
6.309027e-02
6.685002e-02
5.686249e-02
3.149379e-02
7.503758e-03
-1.440000e-02
-3.355719e-02
-3.985779e-02
-4.029145e-02
-4.726014e-02
-5.887371e-02
-6.978608e-02
-7.415593e-02
-6.743792e-02
-5.985427e-02
-5.901893e-02
-5.852824e-02
-5.853416e-02
-5.618374e-02
-4.520587e-02
-2.763067e-02
-2.291840e-03
2.346182e-02
3.994880e-02
5.066734e-02
5.804771e-02
6.014475e-02
5.556143e-02
4.921641e-02
4.460574e-02
4.090360e-02
4.087849e-02
4.083557e-02
3.812440e-02
3.466168e-02
2.766955e-02
2.381175e-02
2.443132e-02
1.855306e-02
9.199403e-03
2.673554e-03
1.978711e-03
6.637016e-03
1.361377e-02
2.362129e-02
2.721082e-02
2.030325e-02
8.442987e-03
-3.297487e-03
-1.072908e-02
-2.197166e-02
-3.700491e-02
-4.846723e-02
-5.652093e-02
-5.668085e-02
-4.903072e-02
-4.236386e-02
-4.112121e-02
-4.289170e-02
-5.048180e-02
-6.513834e-02
-7.541588e-02
-8.246709e-02
-8.903394e-02
-8.172375e-02
-6.427771e-02
-4.942070e-02
-3.901212e-02
-3.375921e-02
-2.763797e-02
-1.827281e-02
-8.979091e-03
6.323934e-03
2.563875e-02
3.733121e-02
4.303404e-02
4.685382e-02
4.635992e-02
4.898393e-02
5.642040e-02
5.547480e-02
4.908239e-02
4.321837e-02
3.176331e-02
2.514881e-02
2.689992e-02
2.371915e-02
2.530894e-02
3.139632e-02
2.436513e-02
1.380047e-02
6.721864e-03
3.835259e-03
1.013590e-02
1.519997e-02
2.396597e-02
4.110356e-02
5.225996e-02
5.582731e-02
5.303763e-02
4.929732e-02
4.733656e-02
3.949167e-02
2.851099e-02
1.670847e-02
3.949509e-04
-1.938053e-02
-3.700850e-02
-5.085012e-02
-6.015412e-02
-6.461379e-02
-6.588697e-02
-6.049783e-02
-5.214481e-02
-4.479209e-02
-4.096324e-02
-4.210160e-02
-4.067540e-02
-4.011436e-02
-4.052637e-02
-3.701655e-02
-3.580399e-02
-3.822960e-02
-4.028730e-02
-3.901371e-02
-3.456700e-02
-2.902535e-02
-2.421885e-02
-1.679544e-02
-7.780762e-03
-3.245427e-03
2.116167e-03
4.219435e-03
2.356811e-03
6.302003e-03
8.298867e-03
8.947230e-03
1.247601e-02
1.165527e-02
1.033695e-02
1.119133e-02
1.412616e-02
2.250227e-02
3.286184e-02
4.346871e-02
4.920487e-02
4.678518e-02
4.524391e-02
4.792111e-02
5.805410e-02
7.831411e-02
9.898446e-02
1.095318e-01
1.068348e-01
9.304965e-02
7.392185e-02
5.985548e-02
5.313702e-02
5.053710e-02
4.626908e-02
2.930937e-02
9.123515e-03
-5.914629e-03
-2.174830e-02
-3.229663e-02
-3.803548e-02
-4.133787e-02
-3.866016e-02
-3.516043e-02
-2.731507e-02
-1.272523e-02
-3.890438e-03
-5.455781e-03
-1.183717e-02
-1.581823e-02
-1.441651e-02
-1.084132e-02
-4.514842e-03
2.706194e-03
5.838360e-03
7.040207e-03
8.750827e-03
1.202690e-02
1.913429e-02
2.724455e-02
2.774494e-02
2.359231e-02
2.601712e-02
3.135544e-02
3.389233e-02
3.166786e-02
2.188944e-02
1.057960e-02
2.632181e-03
-5.947619e-03
-1.734930e-02
-2.657787e-02
-3.652331e-02
-4.548664e-02
-4.021858e-02
-2.617300e-02
-7.361395e-03
1.326469e-02
2.265279e-02
2.711670e-02
3.395722e-02
3.969169e-02
4.431619e-02
4.985855e-02
5.308092e-02
5.195192e-02
4.734252e-02
3.065269e-02
7.304447e-03
-1.204712e-02
-2.648927e-02
-2.827334e-02
-1.763901e-02
1.477760e-03
2.280035e-02
3.521742e-02
3.383135e-02
2.107042e-02
1.395878e-02
2.103450e-02
3.517772e-02
5.170884e-02
6.319962e-02
6.954202e-02
7.270444e-02
6.324031e-02
4.268674e-02
2.207103e-02
6.385313e-03
1.734043e-03
7.919488e-03
1.668976e-02
2.390559e-02
2.938617e-02
3.140061e-02
2.783387e-02
2.553614e-02
2.320301e-02
1.486038e-02
8.826676e-03
2.065181e-03
-7.750001e-03
-1.292965e-02
-1.726445e-02
-2.201479e-02
-2.502366e-02
-3.039667e-02
-3.758550e-02
-3.957203e-02
-4.208423e-02
-4.717690e-02
-4.723402e-02
-4.549030e-02
-3.521077e-02
-2.017139e-02
-1.256789e-02
-9.651727e-03
-1.719045e-02
-2.812722e-02
-3.287644e-02
-2.979459e-02
-1.235831e-02
6.674427e-03
1.607180e-02
1.561044e-02
7.525341e-03
2.943112e-04
-5.406190e-03
-1.045462e-02
-1.691350e-02
-2.212586e-02
-1.866398e-02
-1.452421e-02
-1.235811e-02
-1.065141e-02
-1.466792e-02
-1.614330e-02
-8.892195e-03
3.728288e-03
1.825355e-02
2.542998e-02
2.468441e-02
2.434895e-02
2.239888e-02
1.952844e-02
2.226703e-02
2.377732e-02
1.823011e-02
8.058568e-03
-5.449947e-03
-1.546014e-02
-1.851227e-02
-1.849009e-02
-1.386846e-02
-2.682185e-03
9.907594e-03
1.958961e-02
2.605452e-02
3.186097e-02
3.999844e-02
4.728393e-02
5.085938e-02
4.539216e-02
3.067331e-02
1.850799e-02
8.980754e-03
8.618671e-04
-5.376828e-03
-1.121645e-02
-9.890821e-03
-5.988217e-03
-5.229036e-03
-7.640809e-03
-1.444190e-02
-2.134257e-02
-2.935847e-02
-3.888266e-02
-4.759539e-02
-5.084339e-02
-4.717210e-02
-4.730090e-02
-5.176248e-02
-5.862908e-02
-6.908179e-02
-7.640937e-02
-8.294536e-02
-9.076436e-02
-9.442083e-02
-9.682814e-02
-9.679129e-02
-8.938542e-02
-8.224625e-02
-7.637079e-02
-6.796304e-02
-6.282235e-02
-5.926942e-02
-5.492109e-02
-4.916876e-02
-3.683522e-02
-2.215607e-02
-8.107876e-03
9.541851e-03
2.804953e-02
4.172963e-02
4.733825e-02
4.395726e-02
3.645349e-02
3.016320e-02
2.654078e-02
2.584884e-02
2.864201e-02
3.435719e-02
4.086275e-02
4.872731e-02
5.408880e-02
5.419421e-02
5.170627e-02
4.195400e-02
3.059311e-02
2.530372e-02
1.916445e-02
1.380500e-02
1.328651e-02
1.524406e-02
1.874510e-02
2.248089e-02
2.646085e-02
3.468701e-02
4.643109e-02
5.440649e-02
6.040362e-02
6.541923e-02
6.522339e-02
5.977755e-02
4.802854e-02
3.836454e-02
3.505857e-02
3.227910e-02
3.179622e-02
2.789934e-02
1.860911e-02
1.148718e-02
4.055667e-03
-1.604907e-03
-1.143264e-03
4.266831e-03
1.492351e-02
2.261294e-02
2.069470e-02
1.603024e-02
1.131966e-02
3.221706e-03
-6.492084e-03
-1.776908e-02
-3.160296e-02
-4.371482e-02
-5.504290e-02
-6.450590e-02
-6.485470e-02
-6.013126e-02
-5.412155e-02
-4.707380e-02
-4.648428e-02
-5.318240e-02
-6.068650e-02
-6.319497e-02
-6.104513e-02
-5.927468e-02
-5.760860e-02
-5.826202e-02
-6.397934e-02
-7.018235e-02
-7.299208e-02
-7.343973e-02
-7.485598e-02
-7.836403e-02
-8.277810e-02
-8.598043e-02
-8.591707e-02
-7.734214e-02
-5.683052e-02
-3.501386e-02
-2.172872e-02
-1.512688e-02
-1.318144e-02
-1.244124e-02
-8.381737e-03
-5.940937e-03
-8.893426e-03
-1.267358e-02
-1.840470e-02
-2.549344e-02
-2.846661e-02
-2.810938e-02
-2.242181e-02
-1.300942e-02
-6.626320e-03
1.246586e-03
1.084730e-02
1.901016e-02
2.890713e-02
3.208775e-02
2.507143e-02
1.926992e-02
1.973899e-02
2.495438e-02
2.627381e-02
1.644477e-02
2.269528e-03
-7.986999e-03
-1.095580e-02
-3.986593e-03
1.043825e-02
2.557580e-02
3.921153e-02
4.967576e-02
5.477825e-02
5.832927e-02
6.310652e-02
6.843264e-02
7.439746e-02
7.986954e-02
8.252289e-02
8.138992e-02
7.593759e-02
6.379551e-02
4.807568e-02
3.757019e-02
2.979318e-02
1.875351e-02
8.476656e-03
-2.375373e-03
-1.537094e-02
-2.700899e-02
-3.843752e-02
-4.443037e-02
-4.383657e-02
-4.245623e-02
-3.766155e-02
-3.054517e-02
-2.286042e-02
-1.592271e-02
-1.410853e-02
-1.401720e-02
-1.447026e-02
-1.588707e-02
-1.739877e-02
-2.227548e-02
-2.666003e-02
-2.853474e-02
-3.162311e-02
-3.296449e-02
-3.264545e-02
-3.117243e-02
-2.709979e-02
-2.478525e-02
-2.033292e-02
-1.000478e-02
-2.137513e-03
2.729407e-03
7.609114e-03
1.184662e-02
2.046021e-02
3.231392e-02
4.119652e-02
4.614087e-02
4.193156e-02
2.530257e-02
1.686899e-03
-1.897809e-02
-2.500054e-02
-1.967602e-02
-1.559695e-02
-1.420175e-02
-1.168157e-02
-6.557794e-03
-1.117182e-03
1.432268e-03
2.619739e-03
7.438433e-03
1.457187e-02
1.803823e-02
2.060716e-02
2.286625e-02
2.309238e-02
2.446515e-02
2.250270e-02
1.771516e-02
1.561915e-02
1.262392e-02
1.076308e-02
1.402961e-02
1.836829e-02
2.309065e-02
3.136704e-02
4.212379e-02
4.907797e-02
5.146905e-02
5.327267e-02
5.314789e-02
5.453501e-02
5.173028e-02
3.447454e-02
1.716872e-02
6.188707e-03
-5.879159e-03
-1.484865e-02
-1.533167e-02
-9.712163e-03
-4.578463e-03
1.141094e-03
6.010316e-03
5.137347e-03
1.998751e-03
-5.004196e-03
-1.229130e-02
-9.037075e-03
3.160165e-05
9.178695e-03
1.726730e-02
1.525003e-02
8.074244e-03
7.979150e-03
1.287107e-02
1.951411e-02
2.179053e-02
1.445679e-02
2.495142e-04
-1.610410e-02
-2.977547e-02
-3.840585e-02
-3.702137e-02
-2.827354e-02
-2.088654e-02
-1.268841e-02
-4.200237e-03
1.790243e-03
7.857799e-03
9.936453e-03
4.791556e-03
-6.870001e-04
-3.827757e-03
-5.493921e-03
-3.661624e-04
8.411694e-03
1.501224e-02
2.148836e-02
2.431000e-02
2.555127e-02
3.141218e-02
3.730740e-02
3.856445e-02
3.366675e-02
2.233776e-02
7.440309e-03
-2.841478e-03
-5.998916e-03
-8.332363e-03
-5.877778e-03
2.521914e-03
8.487248e-03
1.370967e-02
2.006341e-02
2.513815e-02
2.627164e-02
1.672825e-02
2.772381e-03
-4.697798e-03
-8.757329e-03
-7.791838e-03
-2.387524e-03
-1.403377e-03
-1.953054e-03
-8.704395e-04
-2.671539e-06
4.782510e-04
1.942753e-04
1.474204e-03
2.699938e-03
4.309507e-03
9.764632e-03
1.414062e-02
1.307329e-02
6.144973e-03
-4.856204e-03
-1.569890e-02
-2.118845e-02
-2.037766e-02
-1.572216e-02
-8.449291e-03
-5.609287e-03
-7.962869e-03
-1.399437e-02
-2.593091e-02
-3.506552e-02
-3.912143e-02
-3.683795e-02
-2.575967e-02
-1.687418e-02
-1.236633e-02
-9.708882e-03
-1.003974e-02
-1.106270e-02
-1.413397e-02
-1.893117e-02
-2.371028e-02
-2.890764e-02
-3.309125e-02
-3.413590e-02
-2.766674e-02
-1.579824e-02
-7.735394e-03
-4.927031e-03
-8.920483e-03
-2.040914e-02
-2.964353e-02
-3.109216e-02
-2.266103e-02
-4.213021e-03
1.278469e-02
2.360904e-02
3.346272e-02
3.874634e-02
3.749767e-02
3.418051e-02
2.908123e-02
2.231562e-02
1.575590e-02
1.246891e-02
1.235213e-02
1.358638e-02
2.103238e-02
3.172664e-02
3.651119e-02
3.727579e-02
3.534360e-02
3.141675e-02
3.174486e-02
3.324049e-02
2.921161e-02
1.957131e-02
4.675106e-03
-1.243085e-02
-2.666796e-02
-3.452976e-02
-3.718168e-02
-3.776158e-02
-3.600390e-02
-3.429650e-02
-3.209862e-02
-2.961263e-02
-2.945948e-02
-2.494392e-02
-1.744215e-02
-1.276940e-02
-9.863125e-03
-1.302798e-02
-2.103837e-02
-2.558665e-02
-2.428584e-02
-1.962993e-02
-1.280949e-02
-2.969589e-03
8.205370e-03
1.957967e-02
2.898551e-02
3.418217e-02
3.483502e-02
2.986378e-02
2.494205e-02
2.291934e-02
1.971203e-02
1.542925e-02
8.578099e-03
-6.585764e-04
-8.273705e-03
-1.318411e-02
-1.564325e-02
-1.564901e-02
-1.198071e-02
-5.829743e-03
9.328271e-04
6.714411e-03
9.664741e-03
1.250329e-02
1.318879e-02
8.500982e-03
3.428267e-03
1.127320e-04
-1.679201e-03
-2.115296e-03
-3.326753e-03
-3.996248e-03
-1.735600e-03
3.819032e-03
1.285175e-02
2.509131e-02
3.804543e-02
4.834862e-02
5.556159e-02
5.822989e-02
5.596453e-02
5.370106e-02
5.100953e-02
4.644934e-02
4.296076e-02
3.891398e-02
3.524883e-02
3.302487e-02
2.996783e-02
3.238706e-02
4.221388e-02
5.087442e-02
5.448141e-02
5.179859e-02
4.378152e-02
3.523000e-02
2.747727e-02
2.057726e-02
1.360114e-02
4.372175e-03
-6.757695e-03
-1.895075e-02
-2.917973e-02
-3.473742e-02
-3.763385e-02
-3.782643e-02
-2.938877e-02
-1.105795e-02
9.846791e-03
2.635299e-02
3.166511e-02
2.588888e-02
1.640003e-02
5.114753e-03
-5.842661e-03
-1.443549e-02
-2.218751e-02
-2.927776e-02
-3.603791e-02
-4.171251e-02
-4.443227e-02
-4.544047e-02
-4.720087e-02
-4.802634e-02
-4.644499e-02
-4.477395e-02
-4.386173e-02
-4.224828e-02
-3.853206e-02
-3.386665e-02
-2.978328e-02
-2.754383e-02
-3.027002e-02
-3.809436e-02
-4.735581e-02
-5.289542e-02
-5.194523e-02
-4.777358e-02
-4.409152e-02
-3.931360e-02
-3.056952e-02
-2.125816e-02
-1.434871e-02
-9.065817e-03
-6.959505e-03
-5.842351e-03
-2.992250e-03
-4.966039e-04
2.171545e-03
7.082953e-03
1.229548e-02
1.339727e-02
9.981066e-03
4.066297e-03
-2.477759e-03
-6.604552e-03
-9.603742e-03
-1.160316e-02
-9.259309e-03
-5.332281e-03
-2.896198e-03
-1.623805e-03
-1.936981e-03
-3.407958e-03
-3.869150e-03
-3.145981e-03
-3.209565e-03
-2.366673e-03
-7.083978e-04
-1.857304e-03
-5.168674e-03
-9.059055e-03
-1.454960e-02
-2.254861e-02
-3.003290e-02
-3.276153e-02
-3.050445e-02
-2.582957e-02
-2.331421e-02
-2.525481e-02
-2.715846e-02
-2.647883e-02
-2.652507e-02
-2.636440e-02
-2.462986e-02
-2.371657e-02
-2.299351e-02
-2.213196e-02
-2.279707e-02
-2.700339e-02
-3.338218e-02
-3.725754e-02
-3.931978e-02
-4.107967e-02
-4.110448e-02
-3.883069e-02
-3.448199e-02
-3.036829e-02
-2.731634e-02
-2.362867e-02
-1.988660e-02
-1.686936e-02
-1.381699e-02
-1.207786e-02
-1.326480e-02
-1.359332e-02
-9.785084e-03
-3.922358e-03
3.505602e-03
1.197613e-02
1.798393e-02
2.049980e-02
1.998355e-02
1.515384e-02
5.516512e-03
-5.343538e-03
-1.254922e-02
-1.592902e-02
-1.861386e-02
-2.266724e-02
-2.732229e-02
-3.055251e-02
-3.246428e-02
-3.313273e-02
-3.238227e-02
-2.815195e-02
-1.681473e-02
-3.516117e-03
4.904649e-03
9.063169e-03
9.452765e-03
5.299436e-03
-1.441150e-03
-3.739262e-03
1.645271e-03
8.378517e-03
1.315836e-02
1.790275e-02
2.307980e-02
2.828748e-02
3.339204e-02
3.767467e-02
4.139105e-02
4.612307e-02
5.093823e-02
5.528863e-02
5.932003e-02
6.020392e-02
5.495606e-02
4.256008e-02
2.757221e-02
1.710363e-02
1.366299e-02
1.524600e-02
1.864849e-02
2.336430e-02
2.571537e-02
2.370412e-02
2.383129e-02
2.647651e-02
2.937766e-02
3.059683e-02
2.530502e-02
1.817185e-02
1.420028e-02
1.503859e-02
2.207484e-02
2.821983e-02
3.155031e-02
3.405062e-02
3.335356e-02
3.208115e-02
3.190464e-02
3.204259e-02
3.223818e-02
3.108417e-02
2.817442e-02
2.138566e-02
1.024734e-02
6.865106e-05
-3.260740e-03
3.239567e-04
7.499308e-03
1.549109e-02
1.895582e-02
1.752159e-02
1.497784e-02
1.037994e-02
5.480277e-03
5.633119e-04
-6.355368e-03
-1.183652e-02
-1.741582e-02
-2.375825e-02
-2.642596e-02
-2.611314e-02
-2.141492e-02
-1.406511e-02
-9.472517e-03
-6.843035e-03
-6.579450e-03
-6.676401e-03
-5.149790e-03
-4.048285e-03
-3.095303e-03
-4.170239e-03
-7.737261e-03
-1.211245e-02
-1.488945e-02
-1.400537e-02
-1.137820e-02
-5.280187e-03
3.732930e-03
1.267978e-02
2.110523e-02
2.606959e-02
2.783313e-02
2.570762e-02
2.000921e-02
1.431127e-02
7.174326e-03
1.665336e-04
-3.785088e-03
-4.129356e-03
-7.891443e-05
5.681369e-03
1.069450e-02
1.406926e-02
1.534123e-02
1.467942e-02
1.244392e-02
1.042011e-02
9.321034e-03
1.032166e-02
1.462435e-02
1.911189e-02
2.296248e-02
2.685857e-02
2.621504e-02
2.101146e-02
1.793740e-02
1.989486e-02
2.472366e-02
2.800675e-02
2.882609e-02
2.871465e-02
2.653179e-02
2.392834e-02
2.196349e-02
1.888297e-02
1.488637e-02
7.911531e-03
-1.249187e-03
-7.386693e-03
-9.024859e-03
-7.166767e-03
-5.225353e-03
-5.074618e-03
-5.304867e-03
-4.676414e-03
8.491364e-04
1.003254e-02
1.654718e-02
2.101176e-02
2.316904e-02
2.125064e-02
1.845259e-02
1.445667e-02
9.587426e-03
6.660710e-03
2.954159e-03
8.747729e-05
1.304550e-03
2.482349e-03
1.610789e-03
-7.753549e-04
-3.603908e-03
-4.278194e-03
-3.418059e-03
-3.483800e-03
-2.810502e-03
-1.037159e-03
-3.550694e-03
-8.729262e-03
-1.206837e-02
-1.492058e-02
-1.608724e-02
-1.505232e-02
-9.665022e-03
1.932877e-03
1.298302e-02
2.029522e-02
2.342597e-02
2.104154e-02
1.549066e-02
8.172940e-03
2.118167e-03
5.251710e-04
9.735735e-04
7.475285e-04
-7.144485e-05
-1.815393e-03
-3.770901e-03
-3.432767e-03
-1.520020e-03
1.455950e-03
6.789821e-03
1.223083e-02
1.542226e-02
1.543022e-02
1.334629e-02
1.423591e-02
1.831822e-02
2.061883e-02
1.904378e-02
1.330852e-02
5.265631e-03
-1.371850e-03
-4.192121e-03
-3.135309e-03
-7.105653e-04
-2.604901e-04
-2.726883e-03
-6.121423e-03
-9.794278e-03
-1.296788e-02
-1.533318e-02
-1.697412e-02
-1.472669e-02
-1.138709e-02
-1.015324e-02
-9.043755e-03
-1.008774e-02
-1.186057e-02
-1.271743e-02
-1.507164e-02
-1.745483e-02
-1.977443e-02
-2.219450e-02
-2.386048e-02
-2.590156e-02
-2.667570e-02
-2.366489e-02
-1.892524e-02
-1.669161e-02
-1.690033e-02
-1.837164e-02
-2.066399e-02
-2.140988e-02
-2.221153e-02
-2.444358e-02
-2.622107e-02
-2.706036e-02
-2.421466e-02
-1.804260e-02
-1.300443e-02
-1.009961e-02
-1.027285e-02
-1.440844e-02
-2.038755e-02
-2.361873e-02
-2.192124e-02
-1.719522e-02
-1.081138e-02
-6.423587e-03
-5.935497e-03
-6.829430e-03
-8.326516e-03
-8.791894e-03
-7.055999e-03
-4.514138e-03
-2.606797e-03
-2.229374e-03
-2.539250e-03
-1.968385e-03
-8.207893e-04
-1.403306e-03
-2.468507e-03
-2.267418e-03
-3.960129e-03
-6.871906e-03
-8.960051e-03
-1.090456e-02
-1.083291e-02
-8.383279e-03
-3.595857e-03
2.069605e-03
4.238414e-03
3.411468e-03
6.980981e-04
-2.321523e-03
-3.065424e-03
-4.368868e-03
-7.986524e-03
-1.362802e-02
-2.114288e-02
-2.813450e-02
-3.339369e-02
-3.740190e-02
-3.914523e-02
-3.541608e-02
-2.704180e-02
-1.848832e-02
-1.192250e-02
-1.061754e-02
-1.468539e-02
-1.941903e-02
-2.266199e-02
-2.147543e-02
-1.675734e-02
-1.537921e-02
-1.609976e-02
-1.524927e-02
-1.405330e-02
-1.267738e-02
-1.235261e-02
-1.216057e-02
-9.573477e-03
-4.560306e-03
2.336925e-03
7.701225e-03
1.025834e-02
1.116347e-02
9.200581e-03
6.293743e-03
6.136470e-03
8.462045e-03
1.055425e-02
1.115359e-02
1.213793e-02
1.389666e-02
1.397320e-02
1.268893e-02
9.782023e-03
4.706787e-03
1.405681e-03
1.024455e-03
1.756714e-03
2.142475e-03
8.271220e-04
-1.315851e-03
-4.308519e-03
-8.371342e-03
-1.139456e-02
-1.261475e-02
-1.391684e-02
-1.606484e-02
-1.793935e-02
-2.003690e-02
-2.254278e-02
-2.509973e-02
-2.893571e-02
-3.271232e-02
-3.550324e-02
-3.779498e-02
-3.812829e-02
-3.809730e-02
-3.773035e-02
-3.601925e-02
-3.518343e-02
-3.306086e-02
-2.912928e-02
-2.549216e-02
-2.162004e-02
-1.867218e-02
-1.629017e-02
-1.423571e-02
-1.365763e-02
-1.293065e-02
-1.200309e-02
-1.117365e-02
-8.846646e-03
-5.378038e-03
-1.111821e-03
2.767121e-03
3.706635e-03
4.034078e-03
6.371740e-03
1.038908e-02
1.631825e-02
2.071991e-02
2.119981e-02
1.981003e-02
1.749961e-02
1.512796e-02
1.235913e-02
1.044613e-02
1.047535e-02
1.003229e-02
1.047964e-02
1.210550e-02
1.384463e-02
1.638503e-02
1.803314e-02
1.970478e-02
2.138015e-02
2.118857e-02
2.095337e-02
2.018710e-02
1.834264e-02
1.872131e-02
2.136301e-02
2.434639e-02
2.798441e-02
3.043210e-02
3.028450e-02
2.841536e-02
2.404659e-02
1.836705e-02
1.435183e-02
1.254129e-02
1.123994e-02
8.703660e-03
4.712900e-03
1.534407e-03
1.876340e-03
4.630046e-03
8.996779e-03
1.456978e-02
1.785550e-02
1.743778e-02
1.507917e-02
1.395082e-02
1.577133e-02
1.813622e-02
1.846647e-02
1.716144e-02
1.605188e-02
1.625889e-02
1.799032e-02
2.028541e-02
2.147044e-02
2.135445e-02
2.103802e-02
2.066606e-02
1.958613e-02
1.707090e-02
1.255832e-02
7.567719e-03
3.678032e-03
4.950038e-04
-1.810534e-03
-3.710636e-03
-6.094205e-03
-7.876292e-03
-8.168360e-03
-6.360803e-03
-2.435385e-03
3.051285e-03
1.020476e-02
1.675769e-02
2.051847e-02
2.131026e-02
1.942196e-02
1.756977e-02
1.661607e-02
1.510388e-02
1.239472e-02
7.214631e-03
1.576258e-03
-1.577804e-03
-2.038828e-03
1.150002e-03
7.023829e-03
1.381158e-02
2.116916e-02
2.817181e-02
3.420864e-02
3.750320e-02
3.752360e-02
3.494252e-02
2.925608e-02
2.273260e-02
1.707050e-02
1.282609e-02
1.057488e-02
9.019945e-03
1.036722e-02
1.574926e-02
2.201760e-02
2.681962e-02
2.760787e-02
2.608505e-02
2.577341e-02
2.657839e-02
2.855957e-02
2.937503e-02
2.634365e-02
2.078665e-02
1.504064e-02
1.076565e-02
9.216830e-03
1.112314e-02
1.437569e-02
1.836674e-02
2.342071e-02
2.721807e-02
3.210373e-02
3.847264e-02
4.231754e-02
4.478669e-02
4.448972e-02
3.732427e-02
2.549199e-02
1.304655e-02
2.330971e-03
-5.747057e-03
-1.223908e-02
-1.735440e-02
-2.096104e-02
-2.306670e-02
-2.176703e-02
-1.815986e-02
-1.492868e-02
-1.158570e-02
-9.188466e-03
-8.379689e-03
-8.732223e-03
-1.098715e-02
-1.264389e-02
-1.200139e-02
-9.820246e-03
-6.042831e-03
-2.834937e-03
-2.627100e-03
-5.239478e-03
-9.858483e-03
-1.506633e-02
-1.778199e-02
-1.649638e-02
-1.229516e-02
-6.711258e-03
-2.754380e-03
-1.489076e-03
-2.724867e-03
-6.204980e-03
-9.349896e-03
-1.294242e-02
-1.635012e-02
-1.672626e-02
-1.647598e-02
-1.664603e-02
-1.732146e-02
-1.923214e-02
-2.019577e-02
-1.909044e-02
-1.626233e-02
-1.317481e-02
-1.197558e-02
-1.134992e-02
-9.563118e-03
-7.904892e-03
-6.041465e-03
-4.401525e-03
-6.798522e-03
-1.289365e-02
-1.959632e-02
-2.480000e-02
-2.665107e-02
-2.628729e-02
-2.535826e-02
-2.478133e-02
-2.560049e-02
-2.664832e-02
-2.717107e-02
-2.731734e-02
-2.682292e-02
-2.695076e-02
-2.862280e-02
-3.090739e-02
-3.268065e-02
-3.396858e-02
-3.536941e-02
-3.707722e-02
-3.883647e-02
-3.908655e-02
-3.789247e-02
-3.666973e-02
-3.498720e-02
-3.345521e-02
-3.219480e-02
-3.135985e-02
-3.217268e-02
-3.271728e-02
-3.209065e-02
-3.022103e-02
-2.633651e-02
-2.283682e-02
-2.082291e-02
-1.946845e-02
-1.832328e-02
-1.646000e-02
-1.492589e-02
-1.526127e-02
-1.717717e-02
-1.927388e-02
-1.966199e-02
-1.732850e-02
-1.363226e-02
-1.146720e-02
-1.116699e-02
-1.100284e-02
-1.030096e-02
-9.936038e-03
-1.116393e-02
-1.279301e-02
-1.384783e-02
-1.486299e-02
-1.486481e-02
-1.385218e-02
-1.357549e-02
-1.460206e-02
-1.635473e-02
-1.826195e-02
-1.986558e-02
-2.108189e-02
-2.249917e-02
-2.464340e-02
-2.609088e-02
-2.481759e-02
-2.119284e-02
-1.601702e-02
-1.004418e-02
-4.385696e-03
7.442871e-04
4.866437e-03
7.879165e-03
1.015567e-02
1.168705e-02
1.282615e-02
1.345537e-02
1.347595e-02
1.354762e-02
1.413869e-02
1.640147e-02
2.084528e-02
2.617265e-02
3.104431e-02
3.261554e-02
2.855300e-02
2.068343e-02
1.347014e-02
1.022793e-02
1.016376e-02
1.151641e-02
1.256033e-02
1.173400e-02
1.003422e-02
8.258161e-03
6.483498e-03
5.396483e-03
5.650554e-03
6.359239e-03
6.322778e-03
6.434056e-03
6.841131e-03
7.570528e-03
9.254242e-03
1.126400e-02
1.361050e-02
1.488636e-02
1.352664e-02
1.172478e-02
1.018825e-02
8.740330e-03
8.367631e-03
7.526928e-03
6.819952e-03
8.442008e-03
1.100285e-02
1.301720e-02
1.440471e-02
1.586450e-02
1.783837e-02
1.964914e-02
2.004537e-02
1.915201e-02
1.929725e-02
2.048344e-02
2.242989e-02
2.516700e-02
2.649715e-02
2.584196e-02
2.209415e-02
1.708406e-02
1.526213e-02
1.543507e-02
1.706470e-02
1.940570e-02
1.999946e-02
1.918447e-02
1.536803e-02
9.142568e-03
4.036430e-03
6.533636e-04
-5.813547e-04
-3.003613e-04
1.303757e-03
5.640311e-03
1.094455e-02
1.441517e-02
1.549442e-02
1.484725e-02
1.254657e-02
1.015412e-02
1.053124e-02
1.244947e-02
1.393567e-02
1.508258e-02
1.522790e-02
1.432020e-02
1.307773e-02
1.112104e-02
7.656036e-03
3.212171e-03
-5.373861e-04
-2.133036e-03
-1.488376e-03
4.749902e-04
3.432710e-03
7.234279e-03
1.041420e-02
1.166628e-02
1.072606e-02
7.333903e-03
3.154970e-03
-6.345607e-04
-4.954629e-03
-9.028413e-03
-1.217636e-02
-1.492616e-02
-1.769136e-02
-1.960420e-02
-1.970841e-02
-1.880369e-02
-1.665974e-02
-1.435850e-02
-1.363017e-02
-1.333710e-02
-1.289238e-02
-1.121861e-02
-7.898369e-03
-5.068691e-03
-2.760360e-03
-8.771940e-04
-7.545406e-04
-1.989517e-03
-4.376458e-03
-7.470898e-03
-1.010464e-02
-1.210937e-02
-1.136973e-02
-6.937525e-03
-1.718506e-03
2.620367e-03
6.233196e-03
9.746548e-03
1.267162e-02
1.359529e-02
1.242003e-02
1.026078e-02
8.838514e-03
8.229418e-03
8.101363e-03
9.128974e-03
1.067487e-02
1.155314e-02
1.135345e-02
1.071582e-02
9.824230e-03
8.139395e-03
5.435636e-03
1.562687e-03
-1.564160e-03
-2.148402e-03
-6.934013e-04
2.056008e-03
4.985752e-03
8.139403e-03
1.123312e-02
1.205922e-02
1.108377e-02
1.064342e-02
1.096021e-02
1.094244e-02
1.014565e-02
8.106258e-03
5.086533e-03
3.715619e-03
4.934590e-03
7.738747e-03
1.158566e-02
1.552398e-02
1.961793e-02
2.352005e-02
2.608787e-02
2.718474e-02
2.681387e-02
2.512825e-02
2.278420e-02
2.086666e-02
1.932660e-02
1.799748e-02
1.685529e-02
1.512487e-02
1.376796e-02
1.311320e-02
1.229400e-02
1.121143e-02
9.547265e-03
7.894144e-03
6.331503e-03
4.213817e-03
2.845285e-03
3.906156e-03
8.431494e-03
1.507811e-02
1.918146e-02
1.933563e-02
1.690974e-02
1.255697e-02
9.852620e-03
1.049553e-02
1.258023e-02
1.537324e-02
1.734144e-02
1.815063e-02
1.943403e-02
2.109149e-02
2.224424e-02
2.167732e-02
1.832014e-02
1.338414e-02
8.797503e-03
4.642552e-03
6.074027e-04
-2.710944e-03
-5.101494e-03
-6.143322e-03
-5.499178e-03
-4.284547e-03
-3.262431e-03
-3.621568e-03
-6.472153e-03
-9.328645e-03
-9.348088e-03
-6.512883e-03
-1.992877e-03
2.032439e-03
3.633338e-03
3.615063e-03
2.671445e-03
2.496618e-04
-3.062009e-03
-6.952515e-03
-1.043565e-02
-1.282624e-02
-1.541785e-02
-1.788757e-02
-1.936910e-02
-1.959968e-02
-1.826936e-02
-1.644456e-02
-1.547820e-02
-1.571355e-02
-1.646816e-02
-1.657590e-02
-1.521240e-02
-1.181254e-02
-7.604351e-03
-5.644865e-03
-6.570513e-03
-8.613924e-03
-9.743278e-03
-8.390533e-03
-4.809800e-03
-2.044946e-04
2.709424e-03
1.732395e-03
-2.447160e-03
-8.000202e-03
-1.195669e-02
-1.325389e-02
-1.332083e-02
-1.380751e-02
-1.610558e-02
-1.954427e-02
-2.355614e-02
-2.794109e-02
-3.096797e-02
-3.156952e-02
-3.005967e-02
-2.723597e-02
-2.387971e-02
-2.110817e-02
-2.054068e-02
-2.279704e-02
-2.737570e-02
-3.280729e-02
-3.684605e-02
-3.904665e-02
-3.956613e-02
-3.765189e-02
-3.351857e-02
-2.694454e-02
-1.875530e-02
-1.180877e-02
-7.414085e-03
-6.635258e-03
-8.567305e-03
-9.239050e-03
-8.710854e-03
-9.095166e-03
-1.024910e-02
-1.260207e-02
-1.482837e-02
-1.522662e-02
-1.519996e-02
-1.563937e-02
-1.732846e-02
-1.983279e-02
-2.064159e-02
-2.031836e-02
-2.044333e-02
-2.127639e-02
-2.280328e-02
-2.388951e-02
-2.401223e-02
-2.256180e-02
-1.868879e-02
-1.332468e-02
-7.755713e-03
-2.463849e-03
3.032675e-03
8.511678e-03
1.378262e-02
1.963359e-02
2.449008e-02
2.654344e-02
2.675079e-02
2.671522e-02
2.679413e-02
2.655611e-02
2.480241e-02
1.966430e-02
1.214477e-02
4.456192e-03
-2.207341e-03
-7.112566e-03
-1.172129e-02
-1.538755e-02
-1.631424e-02
-1.533780e-02
-1.261634e-02
-1.014719e-02
-9.830275e-03
-1.011275e-02
-1.043549e-02
-1.048621e-02
-1.066587e-02
-1.180883e-02
-1.238323e-02
-1.255786e-02
-1.395259e-02
-1.666267e-02
-2.009789e-02
-2.234925e-02
-2.173651e-02
-1.850108e-02
-1.326430e-02
-7.566811e-03
-3.879101e-03
-1.961367e-03
-2.727814e-04
9.460853e-04
2.480037e-03
4.640670e-03
5.843838e-03
5.835991e-03
4.751562e-03
3.618124e-03
3.224801e-03
2.525375e-03
1.714720e-03
5.885749e-04
-6.952980e-04
-9.839086e-04
-7.404305e-04
2.530042e-06
5.019679e-04
-1.162295e-04
-9.476203e-04
-1.423330e-03
-8.665534e-04
2.151199e-04
-3.613693e-04
-2.651556e-03
-4.852939e-03
-6.191286e-03
-5.883805e-03
-3.891437e-03
-1.587020e-03
1.239213e-03
3.913313e-03
5.307570e-03
6.441115e-03
6.890210e-03
6.310747e-03
5.681761e-03
4.592440e-03
2.945644e-03
1.364424e-03
-6.666868e-04
-3.202280e-03
-5.422468e-03
-7.016823e-03
-7.474048e-03
-7.026115e-03
-5.675952e-03
-3.003967e-03
-1.113185e-03
-9.687676e-04
-1.159524e-03
-1.034679e-03
1.991189e-04
2.810138e-03
5.851924e-03
8.735432e-03
1.119038e-02
1.306159e-02
1.474765e-02
1.618706e-02
1.669101e-02
1.591232e-02
1.389054e-02
1.123824e-02
8.810736e-03
7.305648e-03
7.054019e-03
8.008257e-03
9.385043e-03
1.038129e-02
1.111486e-02
1.084049e-02
9.643933e-03
8.330818e-03
6.690914e-03
5.733926e-03
5.908020e-03
6.949872e-03
8.070148e-03
8.145836e-03
8.292207e-03
8.925193e-03
9.979531e-03
1.124183e-02
1.139681e-02
1.087201e-02
1.027395e-02
1.038583e-02
1.193574e-02
1.352808e-02
1.400274e-02
1.304108e-02
1.133080e-02
1.048501e-02
1.155433e-02
1.456933e-02
1.785247e-02
1.982744e-02
2.058612e-02
2.055368e-02
2.067004e-02
2.192515e-02
2.356315e-02
2.469014e-02
2.439372e-02
2.152669e-02
1.789925e-02
1.508120e-02
1.286685e-02
1.249411e-02
1.326778e-02
1.318239e-02
1.229007e-02
1.112299e-02
1.000399e-02
7.956988e-03
3.815625e-03
-1.069403e-03
-4.863589e-03
-7.903120e-03
-1.090486e-02
-1.350513e-02
-1.573410e-02
-1.714590e-02
-1.698539e-02
-1.510543e-02
-1.101197e-02
-5.992220e-03
-2.098477e-03
4.778773e-04
2.117725e-03
3.473847e-03
4.430015e-03
4.284513e-03
2.939696e-03
1.200425e-04
-4.111383e-03
-9.032636e-03
-1.327754e-02
-1.534607e-02
-1.483512e-02
-1.266997e-02
-1.041770e-02
-8.660343e-03
-7.500106e-03
-6.737172e-03
-5.396216e-03
-4.070369e-03
-3.739588e-03
-4.120056e-03
-4.728998e-03
-4.853517e-03
-4.583257e-03
-4.065049e-03
-3.141380e-03
-2.354818e-03
-1.944234e-03
-1.797539e-03
-1.235632e-03
-4.016468e-04
-4.023634e-04
-1.292280e-03
-3.329730e-03
-5.978843e-03
-7.880513e-03
-9.296893e-03
-1.065180e-02
-1.129345e-02
-1.022781e-02
-7.405940e-03
-3.982834e-03
-1.380803e-03
-5.719793e-04
-1.535304e-03
-2.909158e-03
-2.976711e-03
-2.346555e-03
-2.245270e-03
-2.480174e-03
-2.956382e-03
-2.758818e-03
-1.148619e-03
1.594289e-03
4.954007e-03
7.739640e-03
9.826364e-03
1.196376e-02
1.462736e-02
1.758472e-02
2.013945e-02
2.230568e-02
2.361279e-02
2.315709e-02
1.989137e-02
1.455203e-02
1.002989e-02
6.584933e-03
3.948818e-03
3.507018e-03
5.149945e-03
7.303874e-03
8.419424e-03
7.908789e-03
6.062400e-03
3.726321e-03
9.747970e-04
-1.816524e-03
-2.945489e-03
-2.884453e-03
-2.891877e-03
-3.940846e-03
-6.396589e-03
-8.200019e-03
-8.911638e-03
-8.520661e-03
-6.551388e-03
-4.711967e-03
-3.456085e-03
-3.008988e-03
-3.211719e-03
-2.705963e-03
-2.901595e-03
-4.100373e-03
-4.536200e-03
-4.541040e-03
-4.729659e-03
-5.335179e-03
-6.477604e-03
-6.752240e-03
-4.465372e-03
-2.228895e-04
3.749952e-03
5.887335e-03
5.519881e-03
3.111997e-03
2.836061e-04
-1.731505e-03
-2.866492e-03
-3.303453e-03
-3.345370e-03
-3.117698e-03
-2.514240e-03
-2.105890e-03
-1.745070e-03
-8.994175e-04
-5.193925e-04
-9.639387e-04
-1.980226e-03
-3.933919e-03
-5.936597e-03
-7.520783e-03
-9.186256e-03
-1.006398e-02
-1.056163e-02
-1.115823e-02
-1.038197e-02
-8.533082e-03
-5.994670e-03
-2.293599e-03
9.002455e-04
2.449484e-03
3.028763e-03
1.884809e-03
-7.531196e-04
-2.661377e-03
-4.017590e-03
-5.219584e-03
-6.540305e-03
-8.784322e-03
-1.033897e-02
-1.133462e-02
-1.220611e-02
-1.146301e-02
-1.054999e-02
-9.419721e-03
-5.835355e-03
-7.503136e-04
4.594640e-03
9.037160e-03
1.061132e-02
1.005857e-02
9.011835e-03
7.963403e-03
7.561741e-03
6.916103e-03
5.018398e-03
2.914796e-03
1.247476e-03
1.125121e-04
-6.081110e-04
-1.605683e-03
-2.457352e-03
-2.682557e-03
-3.361133e-03
-4.897170e-03
-6.522488e-03
-7.757021e-03
-7.615375e-03
-5.643137e-03
-3.510361e-03
-2.734047e-03
-3.241199e-03
-4.011642e-03
-3.863231e-03
-3.076654e-03
-2.766834e-03
-2.750910e-03
-3.058119e-03
-4.112775e-03
-4.692417e-03
-4.130114e-03
-2.906450e-03
-1.147858e-03
7.871704e-04
3.014808e-03
5.222148e-03
6.329124e-03
6.834430e-03
7.379879e-03
7.409041e-03
6.994890e-03
6.664883e-03
6.430272e-03
5.775553e-03
4.073639e-03
2.030985e-03
8.794278e-04
1.093918e-03
3.111319e-03
6.311695e-03
9.500058e-03
1.266389e-02
1.562112e-02
1.754837e-02
1.797670e-02
1.700287e-02
1.497654e-02
1.245057e-02
1.043541e-02
9.234735e-03
8.257406e-03
7.405403e-03
7.044675e-03
7.557418e-03
8.911663e-03
1.007720e-02
1.018276e-02
9.628970e-03
8.805133e-03
8.060661e-03
7.360355e-03
5.589848e-03
3.313240e-03
1.822571e-03
1.563779e-03
3.165048e-03
5.670174e-03
7.856494e-03
9.645091e-03
1.071824e-02
1.142338e-02
1.215019e-02
1.233647e-02
1.181451e-02
1.081113e-02
9.233660e-03
6.725654e-03
3.096393e-03
-1.052394e-03
-4.675986e-03
-6.722273e-03
-6.912247e-03
-5.305307e-03
-1.836298e-03
2.100310e-03
5.117034e-03
6.293906e-03
5.352905e-03
3.371156e-03
7.940173e-04
-9.403850e-04
-1.060654e-03
-9.988362e-04
-1.055453e-03
-1.692962e-03
-3.029684e-03
-4.105708e-03
-4.754480e-03
-4.963138e-03
-4.999926e-03
-5.309808e-03
-5.773302e-03
-6.299554e-03
-6.742706e-03
-6.549292e-03
-5.783704e-03
-4.868707e-03
-3.790642e-03
-3.009680e-03
-2.551153e-03
-1.060565e-03
2.142630e-03
5.579140e-03
7.084075e-03
6.231432e-03
4.283715e-03
2.380848e-03
8.450970e-04
-5.937501e-04
-1.942860e-03
-2.389294e-03
-1.075876e-03
1.663390e-03
4.625299e-03
7.837459e-03
1.063209e-02
1.127123e-02
1.054022e-02
8.622731e-03
5.163830e-03
1.617088e-03
-1.803210e-03
-4.672847e-03
-6.297252e-03
-7.110126e-03
-7.209585e-03
-6.791655e-03
-5.961515e-03
-4.844486e-03
-4.214017e-03
-4.281055e-03
-3.879739e-03
-2.643819e-03
-1.754615e-03
-1.770137e-03
-2.891309e-03
-4.806972e-03
-6.713516e-03
-8.777830e-03
-1.093463e-02
-1.290815e-02
-1.482581e-02
-1.612198e-02
-1.619503e-02
-1.482999e-02
-1.254269e-02
-1.052743e-02
-9.350887e-03
-9.118010e-03
-9.261853e-03
-9.198502e-03
-8.836414e-03
-8.262943e-03
-8.269250e-03
-8.904265e-03
-9.998616e-03
-1.162421e-02
-1.312566e-02
-1.449212e-02
-1.560210e-02
-1.586964e-02
-1.482100e-02
-1.224151e-02
-9.347984e-03
-7.216789e-03
-6.457841e-03
-7.111032e-03
-7.172077e-03
-5.814740e-03
-4.350632e-03
-3.559841e-03
-3.522131e-03
-3.859570e-03
-4.322600e-03
-4.756772e-03
-4.829946e-03
-4.942615e-03
-5.597767e-03
-6.508532e-03
-7.078227e-03
-6.980851e-03
-6.426157e-03
-6.112022e-03
-6.408153e-03
-6.830681e-03
-7.120407e-03
-7.405399e-03
-7.339899e-03
-6.572389e-03
-5.185096e-03
-3.625573e-03
-2.467940e-03
-1.836054e-03
-2.014353e-03
-3.538712e-03
-5.586390e-03
-6.871310e-03
-7.419242e-03
-7.534060e-03
-7.339175e-03
-7.134956e-03
-7.010272e-03
-7.060629e-03
-7.000207e-03
-6.039062e-03
-4.315889e-03
-2.523641e-03
-9.899678e-04
1.091569e-04
1.196007e-03
2.477164e-03
3.431608e-03
3.691075e-03
2.902485e-03
1.382830e-03
3.197103e-05
-8.248142e-04
-9.692907e-04
-4.311930e-04
3.674312e-04
1.228077e-03
1.960249e-03
2.483492e-03
2.977265e-03
3.473909e-03
3.692125e-03
3.410799e-03
2.712945e-03
1.679446e-03
4.574282e-04
-6.350823e-04
-1.347182e-03
-1.738838e-03
-2.039301e-03
-2.094615e-03
-1.611990e-03
-4.123284e-04
1.446854e-03
3.295235e-03
4.499248e-03
5.026149e-03
5.350999e-03
5.869808e-03
6.294761e-03
6.204874e-03
5.748914e-03
5.460709e-03
5.658127e-03
6.490450e-03
7.658040e-03
8.477841e-03
8.680707e-03
8.180890e-03
7.530481e-03
7.447991e-03
7.733885e-03
8.275910e-03
9.076506e-03
9.610772e-03
9.578429e-03
9.144778e-03
8.228184e-03
6.939189e-03
5.584351e-03
4.199703e-03
3.154040e-03
2.579742e-03
2.472070e-03
2.812240e-03
2.972710e-03
2.825593e-03
2.456140e-03
1.887707e-03
1.468321e-03
9.765410e-04
4.262006e-04
4.721545e-05
-5.164825e-04
-1.319349e-03
-2.424015e-03
-3.564266e-03
-4.008780e-03
-3.630445e-03
-2.414970e-03
-9.711037e-04
-2.587025e-04
-2.842659e-05
2.516419e-04
7.677980e-04
1.474511e-03
1.905362e-03
2.007416e-03
2.103537e-03
2.176762e-03
2.098955e-03
1.743453e-03
1.324026e-03
1.218628e-03
1.278950e-03
1.425082e-03
1.725467e-03
1.991153e-03
2.018338e-03
1.780164e-03
1.542114e-03
1.489806e-03
1.559163e-03
1.659312e-03
1.697053e-03
1.740971e-03
2.009535e-03
2.436689e-03
2.826789e-03
3.224958e-03
3.544536e-03
3.815155e-03
4.236097e-03
4.756531e-03
5.359461e-03
5.709847e-03
5.348570e-03
4.522641e-03
3.792210e-03
3.477736e-03
3.430263e-03
3.279444e-03
2.994073e-03
2.635257e-03
2.114912e-03
1.568947e-03
1.337392e-03
1.423154e-03
1.528356e-03
1.739540e-03
2.171688e-03
2.503995e-03
2.585057e-03
2.362371e-03
1.874969e-03
1.505724e-03
1.432723e-03
1.526121e-03
1.567807e-03
1.450316e-03
1.283022e-03
1.037331e-03
7.062122e-04
4.640405e-04
2.974619e-04
1.136966e-04
-9.837882e-05
-3.635335e-04
-5.965901e-04
-6.246924e-04
-4.303255e-04
-1.336874e-04
1.461674e-04
3.139506e-04
3.716177e-04
3.861976e-04
4.033448e-04
4.683856e-04
5.055275e-04
3.674383e-04
1.174846e-04
-1.050772e-04
-2.878592e-04
-4.063095e-04
-4.249652e-04
-3.485868e-04
-1.724963e-04
7.938681e-05
3.387797e-04
5.375899e-04
6.492893e-04
7.087740e-04
7.913024e-04
8.912775e-04
9.403336e-04
8.993063e-04
6.963005e-04
4.049091e-04
1.724654e-04
-1.270004e-05
-8.000053e-05
1.299271e-05
1.821968e-04
3.863618e-04
5.237425e-04
5.703729e-04
5.913433e-04
5.702000e-04
5.185858e-04
4.729699e-04
4.332657e-04
3.942840e-04
3.574209e-04
3.085774e-04
2.355666e-04
1.357073e-04
9.512146e-06
-1.043027e-04
-1.818499e-04
-2.391990e-04
-3.079105e-04
-3.854542e-04
-4.334012e-04
-4.769369e-04
-5.527229e-04
-6.603814e-04
-7.684901e-04
-8.381968e-04
-8.900892e-04
-9.288858e-04
-9.454708e-04
-9.405991e-04
-8.925683e-04
-8.183287e-04
-7.440839e-04
-7.016586e-04
-7.236871e-04
-7.832111e-04
-8.389240e-04
-8.646485e-04
-8.648302e-04
-8.572241e-04
-8.451426e-04
-8.343743e-04
-8.256838e-04
-8.279427e-04
-8.431988e-04
-8.559363e-04
-8.596327e-04
-8.521940e-04
-8.405437e-04
-8.329525e-04
-8.267565e-04
-8.155556e-04
-7.916107e-04
-7.548729e-04
-7.102894e-04
-6.638746e-04
-6.228624e-04
-5.875263e-04
-5.595825e-04
-5.435146e-04
-5.363094e-04
-5.307216e-04
-5.210863e-04
-5.106159e-04
-5.052790e-04
-5.025637e-04
-4.996927e-04
-4.962014e-04
-4.901205e-04
-4.789729e-04
-4.586496e-04
-4.306373e-04
-4.022411e-04
-3.770907e-04
-3.575215e-04
-3.451123e-04
-3.398332e-04
-3.423745e-04
-3.493437e-04
-3.540507e-04
-3.540870e-04
-3.496492e-04
-3.405641e-04
-3.293018e-04
-3.184618e-04
-3.092535e-04
-3.020093e-04
-2.948001e-04
-2.875614e-04
-2.806339e-04
-2.729201e-04
-2.657530e-04
-2.599167e-04
-2.550560e-04
-2.513545e-04
-2.475463e-04
-2.425348e-04
-2.362293e-04
-2.289290e-04
-2.217799e-04
-2.155635e-04
-2.103168e-04
-2.057180e-04
-2.011570e-04
-1.964079e-04
-1.916582e-04
-1.871363e-04
-1.831215e-04
-1.796870e-04
-1.763925e-04
-1.728329e-04
-1.691237e-04
-1.653076e-04
-1.611640e-04
-1.567358e-04
-1.521983e-04
-1.475984e-04
-1.430256e-04
-1.385939e-04
-1.342800e-04
-1.300469e-04
-1.259756e-04
-1.221301e-04
-1.184944e-04
-1.150010e-04
-1.115838e-04
-1.082183e-04
-1.048759e-04
-1.015492e-04
-9.822375e-05
-9.486870e-05
-9.150316e-05
-8.815255e-05
-8.482614e-05
-8.153015e-05
-7.825951e-05
-7.500962e-05
-7.177818e-05
-6.856176e-05
-6.535794e-05
-6.216548e-05
-5.898448e-05
-5.581530e-05
-5.265779e-05
-4.951174e-05
-4.637727e-05
-4.325461e-05
-4.014396e-05
