13738 13681  1 2
13739 13682  1 2
13740 13683  1 2
13741 13684  1 2
13742 13685  1 2
13743 13686  1 2
13744 13687  1 2
13745 13688  1 2
13746 13689  1 2
13747 13690  1 2
13748 13691  1 2
13749 13692  1 2
13750 13693  1 2
13751 13694  1 2
13752 13695  1 2
13753 13696  1 2
13754 13697  1 2
13755 13698  1 2
13756 13699  1 2
13757 13700  1 2
13758 13701  1 2
13759 13702  1 2
13760 13703  1 2
13761 13704  1 2
13762 13705  1 2
13763 13706  1 2
13764 13707  1 2
13765 13708  1 2
13766 13709  1 2
13767 13710  1 2
13768 13711  1 2
13769 13712  1 2
13770 13713  1 2
13771 13714  1 2
13772 13715  1 2
13773 13716  1 2
13774 13717  1 2
13775 13718  1 2
13776 13719  1 2
13777 13720  1 2
13778 13721  1 2
13779 13722  1 2
13780 13723  1 2
13781 13724  1 2
13782 13725  1 2
13783 13726  1 2
13784 13727  1 2
13785 13728  1 2
13786 13729  1 2
13787 13730  1 2
13788 13731  1 2
13789 13732  1 2
13790 13733  1 2
13791 13734  1 2
13792 13735  1 2
13793 13736  1 2
58 1  1 2
59 2  1 2
60 3  1 2
61 4  1 2
62 5  1 2
63 6  1 2
64 7  1 2
65 8  1 2
66 9  1 2
67 10  1 2
68 11  1 2
69 12  1 2
70 13  1 2
71 14  1 2
72 15  1 2
73 16  1 2
74 17  1 2
75 18  1 2
76 19  1 2
77 20  1 2
78 21  1 2
79 22  1 2
80 23  1 2
81 24  1 2
82 25  1 2
83 26  1 2
84 27  1 2
85 28  1 2
86 29  1 2
87 30  1 2
88 31  1 2
89 32  1 2
90 33  1 2
91 34  1 2
92 35  1 2
93 36  1 2
94 37  1 2
95 38  1 2
96 39  1 2
97 40  1 2
98 41  1 2
99 42  1 2
100 43  1 2
101 44  1 2
102 45  1 2
103 46  1 2
104 47  1 2
105 48  1 2
106 49  1 2
107 50  1 2
108 51  1 2
109 52  1 2
110 53  1 2
111 54  1 2
112 55  1 2
113 56  1 2
13794 57  1
13794 114  1
13794 171  1
13794 228  1
13794 285  1
13794 342  1
13794 399  1
13794 456  1
13794 513  1
13794 570  1
13794 627  1
13794 684  1
13794 741  1
13794 798  1
13794 855  1
13794 912  1
13794 969  1
13794 1026  1
13794 1083  1
13794 1140  1
13794 1197  1
13794 1254  1
13794 1311  1
13794 1368  1
13794 1425  1
13794 1482  1
13794 1539  1
13794 1596  1
13794 1653  1
13794 1710  1
13794 1767  1
13794 1824  1
13794 1881  1
13794 1938  1
13794 1995  1
13794 2052  1
13794 2109  1
13794 2166  1
13794 2223  1
13794 2280  1
13794 2337  1
13794 2394  1
13794 2451  1
13794 2508  1
13794 2565  1
13794 2622  1
13794 2679  1
13794 2736  1
13794 2793  1
13794 2850  1
13794 2907  1
13794 2964  1
13794 3021  1
13794 3078  1
13794 3135  1
13794 3192  1
13794 3249  1
13794 3306  1
13794 3363  1
13794 3420  1
13794 3477  1
13794 3534  1
13794 3591  1
13794 3648  1
13794 3705  1
13794 3762  1
13794 3819  1
13794 3876  1
13794 3933  1
13794 3990  1
13794 4052  1
13794 4112  1
13794 4172  1
13794 4230  1
13794 4289  1
13794 4347  1
13794 4405  1
13794 4464  1
13794 4522  1
13794 4579  1
13794 4637  1
13794 4695  1
13794 4753  1
13794 4810  1
13794 4868  1
13794 4926  1
13794 4983  1
13794 5041  1
13794 5099  1
13794 5156  1
13794 5214  1
13794 5272  1
13794 5329  1
13794 5387  1
13794 5444  1
13794 5502  1
13794 5559  1
13794 5617  1
13794 5674  1
13794 5732  1
13794 5789  1
13794 5847  1
13794 5904  1
13794 5961  1
13794 6019  1
13794 6076  1
13794 6133  1
13794 6191  1
13794 6248  1
13794 6305  1
13794 6363  1
13794 6420  1
13794 6477  1
13794 6534  1
13794 6592  1
13794 6649  1
13794 6706  1
13794 6763  1
13794 6821  1
13794 6882  1
13794 6941  1
13794 6999  1
13794 7058  1
13794 7116  1
13794 7175  1
13794 7232  1
13794 7290  1
13794 7348  1
13794 7405  1
13794 7463  1
13794 7521  1
13794 7579  1
13794 7636  1
13794 7693  1
13794 7751  1
13794 7808  1
13794 7866  1
13794 7923  1
13794 7980  1
13794 8037  1
13794 8095  1
13794 8153  1
13794 8210  1
13794 8267  1
13794 8324  1
13794 8381  1
13794 8439  1
13794 8496  1
13794 8553  1
13794 8610  1
13794 8667  1
13794 8724  1
13794 8781  1
13794 8838  1
13794 8895  1
13794 8952  1
13794 9009  1
13794 9066  1
13794 9123  1
13794 9180  1
13794 9237  1
13794 9295  1
13794 9351  1
13794 9408  1
13794 9465  1
13794 9522  1
13794 9579  1
13794 9636  1
13794 9693  1
13794 9750  1
13794 9806  1
13794 9863  1
13794 9920  1
13794 9977  1
13794 10034  1
13794 10090  1
13794 10147  1
13794 10204  1
13794 10261  1
13794 10318  1
13794 10374  1
13794 10431  1
13794 10488  1
13794 10545  1
13794 10601  1
13794 10658  1
13794 10715  1
13794 10772  1
13794 10828  1
13794 10885  1
13794 10942  1
13794 10998  1
13794 11055  1
13794 11112  1
13794 11168  1
13794 11225  1
13794 11281  1
13794 11337  1
13794 11394  1
13794 11450  1
13794 11514  1
13794 11580  1
13794 11636  1
13794 11692  1
13794 11747  1
13794 11802  1
13794 11855  1
13794 11908  1
13794 11960  1
13794 12010  1
13794 12066  1
13794 12122  1
13794 12177  1
13794 12233  1
13794 12288  1
13794 12343  1
13794 12397  1
13794 12451  1
13794 12502  1
13794 12550  1
13794 12597  1
13794 12654  1
13794 12711  1
13794 12768  1
13794 12825  1
13794 12882  1
13794 12939  1
13794 12996  1
13794 13053  1
13794 13110  1
13794 13167  1
13794 13224  1
13794 13281  1
13794 13338  1
13794 13395  1
13794 13452  1
13794 13509  1
13794 13566  1
13794 13623  1
13794 13680  1
13794 13737  1
