0.01 1.04978e-14 -0.000199265 0.000148651
0.02 1.07143e-14 -0.000199265 0.000147499
0.03 1.09307e-14 -0.000199265 0.000143021
0.04 1.11471e-14 -0.000199265 0.000132266
0.05 1.158e-14 -0.000199256 0.000113705
0.06 1.19048e-14 -0.00019927 8.75553e-05
0.07 1.23386e-14 -0.000199309 5.41202e-05
0.08 1.27735e-14 -0.000199403 1.32476e-05
0.0957692 1.3648e-14 -0.000199664 -6.62517e-05
0.105769 1.40895e-14 -0.000199913 -0.000125077
0.115769 1.45349e-14 -0.000200274 -0.00018906
0.125769 1.50982e-14 -0.000200704 -0.000257333
0.135769 1.5554e-14 -0.000201177 -0.000329828
0.145769 1.61313e-14 -0.000201718 -0.000405251
0.155769 1.67166e-14 -0.000202294 -0.000481856
0.165769 1.73103e-14 -0.000202892 -0.00055878
0.175769 1.79119e-14 -0.000203497 -0.000635403
0.185769 1.85201e-14 -0.000204081 -0.000710975
0.195769 1.90118e-14 -0.000204621 -0.000784807
0.205769 1.96331e-14 -0.000205113 -0.000856437
0.215769 2.0258e-14 -0.000205569 -0.000925447
0.225769 2.07621e-14 -0.000205982 -0.000991407
0.235769 2.13959e-14 -0.000206363 -0.00105416
0.245769 2.20329e-14 -0.000206717 -0.00111343
0.255769 2.2672e-14 -0.000207045 -0.00116878
0.265769 2.33138e-14 -0.000207352 -0.00121978
0.275769 2.39565e-14 -0.000207636 -0.00126552
0.285769 2.4472e-14 -0.000207913 -0.00130562
0.295769 2.49876e-14 -0.00020819 -0.00133992
0.305769 2.55048e-14 -0.000208455 -0.00136751
0.315769 2.61507e-14 -0.000208711 -0.00138743
0.325769 2.67961e-14 -0.000208956 -0.0013966
0.335769 2.73137e-14 -0.000209164 -0.00139083
0.345769 2.78308e-14 -0.000209353 -0.00137176
0.355769 2.83473e-14 -0.00020955 -0.00134585
0.365769 2.8994e-14 -0.000209747 -0.00131463
0.375769 2.93814e-14 -0.000209949 -0.0012765
0.385769 2.97692e-14 -0.000210165 -0.00123166
0.395769 3.02868e-14 -0.000210396 -0.00117958
0.405769 3.08037e-14 -0.000210649 -0.00111984
0.415769 3.13212e-14 -0.000210933 -0.00105302
0.425769 3.18399e-14 -0.000211259 -0.000979756
0.435769 3.23581e-14 -0.000211629 -0.000901096
0.445769 3.28784e-14 -0.000212036 -0.00081848
0.455769 3.33986e-14 -0.000212488 -0.000733014
0.465769 3.40494e-14 -0.000212967 -0.000645378
0.475769 3.45714e-14 -0.000213476 -0.000555844
0.485769 3.50939e-14 -0.000213997 -0.000464404
0.495769 3.57474e-14 -0.000214534 -0.00037051
0.505769 3.6271e-14 -0.000215088 -0.000273527
0.515769 3.69263e-14 -0.000215644 -0.000173231
0.525769 3.75823e-14 -0.000216209 -6.92523e-05
0.535769 3.8239e-14 -0.000216775 3.89746e-05
0.545769 3.88966e-14 -0.000217344 0.000151929
0.555769 3.95552e-14 -0.000217903 0.000269935
0.565769 4.02146e-14 -0.000218451 0.00039397
0.575769 4.0743e-14 -0.000218981 0.000525369
0.585769 4.14041e-14 -0.000219491 0.000665098
0.595769 4.20654e-14 -0.000219997 0.000813882
0.605769 4.27271e-14 -0.000220484 0.000971639
0.615769 4.32564e-14 -0.00022095 0.00113901
0.625769 4.39206e-14 -0.00022139 0.00131718
0.635769 4.45839e-14 -0.000221803 0.00150612
0.645769 4.52492e-14 -0.000222189 0.00170581
0.655769 4.59134e-14 -0.000222545 0.00191682
0.665769 4.65778e-14 -0.000222871 0.00213949
0.675769 4.71086e-14 -0.000223178 0.00237426
0.685769 4.76411e-14 -0.000223453 0.00262197
0.695769 4.81711e-14 -0.000223681 0.0028835
0.705769 4.88403e-14 -0.000223875 0.00315894
0.715769 4.93715e-14 -0.000224032 0.00344796
0.725769 4.9905e-14 -0.000224137 0.00375062
0.735769 5.05698e-14 -0.000224198 0.00406661
0.745769 5.12359e-14 -0.000224216 0.0043951
0.755769 5.19003e-14 -0.000224179 0.00473564
0.765769 5.25699e-14 -0.000224091 0.00508816
0.775769 5.33644e-14 -0.000223967 0.00545208
0.785769 5.41615e-14 -0.000223807 0.00582604
0.795769 5.49682e-14 -0.000223603 0.00620844
0.805769 5.5767e-14 -0.000223345 0.0065972
0.815769 5.65685e-14 -0.000223032 0.00699
0.825769 5.73708e-14 -0.000222673 0.00738447
0.835769 5.81757e-14 -0.000222267 0.00777805
0.845769 5.91098e-14 -0.000221805 0.00816844
0.855769 6.00509e-14 -0.000221288 0.00855334
0.865769 6.09825e-14 -0.00022073 0.00892976
0.875769 6.19175e-14 -0.000220123 0.00929647
0.885769 6.28456e-14 -0.000219485 0.0096528
0.895769 6.37736e-14 -0.000218838 0.00999663
0.905769 6.47156e-14 -0.000218179 0.0103262
0.915769 6.56437e-14 -0.000217512 0.0106394
0.925769 6.65822e-14 -0.000216837 0.0109339
0.935769 6.76525e-14 -0.000216163 0.0112073
0.945769 6.87107e-14 -0.000215495 0.0114572
0.955769 6.96457e-14 -0.000214842 0.0116811
0.965769 7.05772e-14 -0.000214216 0.0118764
0.975769 7.22998e-14 -0.000213595 0.0120384
0.985769 7.33597e-14 -0.000212887 0.0121579
1.00154 7.50892e-14 -0.000212208 0.0121932
1.01154 7.61596e-14 -0.000212068 0.0121389
1.02731 7.93567e-14 -0.000211904 0.012034
1.04564 8.14643e-14 -0.000215516 0.0118615
1.05564 8.23959e-14 -0.000218004 0.0117411
1.06564 8.35981e-14 -0.000220756 0.0116033
1.07564 8.454e-14 -0.000222133 0.0114547
1.08564 8.52148e-14 -0.000222339 0.0112919
1.09564 8.58723e-14 -0.000222189 0.0111093
1.10564 8.65332e-14 -0.000222935 0.0109091
1.11564 8.71976e-14 -0.000224731 0.0106964
1.12564 8.78689e-14 -0.000226155 0.0104741
1.13564 8.85351e-14 -0.000226898 0.0102436
1.14564 8.91977e-14 -0.000227718 0.010006
1.15564 8.98621e-14 -0.000228955 0.00976183
1.16564 9.05317e-14 -0.000230221 0.00951103
1.17564 9.12014e-14 -0.0002311 0.00925322
1.18564 9.19993e-14 -0.00023174 0.00898795
1.19564 9.27982e-14 -0.000232449 0.00871458
1.20564 9.346e-14 -0.000233267 0.00843244
1.21564 9.42692e-14 -0.000233984 0.0081411
1.22564 9.49353e-14 -0.000234521 0.00784049
1.23564 9.5598e-14 -0.000235023 0.00753057
1.24564 9.62685e-14 -0.000235567 0.00721126
1.25564 9.69381e-14 -0.000236078 0.00688208
1.26564 9.76086e-14 -0.000236486 0.0065426
1.27564 9.82747e-14 -0.000236842 0.00619329
1.28564 9.89374e-14 -0.000237215 0.00583495
1.29564 9.96104e-14 -0.00023759 0.00546834
1.30564 1.00277e-13 -0.000237882 0.00509461
1.31564 1.00945e-13 -0.000238097 0.00471453
1.32564 1.01742e-13 -0.000238313 0.00432955
1.33564 1.02406e-13 -0.000238517 0.00394224
1.34564 1.03073e-13 -0.000238688 0.00355523
1.35564 1.03872e-13 -0.000238825 0.00317138
1.36564 1.0467e-13 -0.000238915 0.00279361
1.37564 1.0547e-13 -0.000238958 0.00242471
1.38564 1.06271e-13 -0.000238956 0.0020674
1.39564 1.0707e-13 -0.000238899 0.00172434
1.40564 1.07869e-13 -0.00023878 0.00139808
1.41564 1.08667e-13 -0.000238604 0.00109114
1.42564 1.09466e-13 -0.00023838 0.000805975
1.43564 1.10398e-13 -0.000238112 0.000544982
1.44564 1.1133e-13 -0.000237806 0.00031036
1.45564 1.12263e-13 -0.000237468 0.000104556
1.46564 1.13194e-13 -0.000237071 -6.83521e-05
1.47564 1.14792e-13 -0.000236572 -0.000202335
1.48564 1.15857e-13 -0.000236024 -0.000289115
1.49564 1.16788e-13 -0.000235891 -0.000302727
1.50564 1.1772e-13 -0.000234957 -0.000248446
1.51564 1.18785e-13 -0.000234194 -0.000179775
1.52564 1.20253e-13 -0.000233407 -0.00011955
1.53564 1.21188e-13 -0.000233161 -5.35187e-05
1.54564 1.22121e-13 -0.000235129 2.46633e-05
1.55564 1.23053e-13 -0.000235406 0.000111852
1.56564 1.23986e-13 -0.000233716 0.000206598
1.57564 1.24786e-13 -0.000233349 0.000310007
1.58564 1.25586e-13 -0.000234004 0.000427932
1.59564 1.26252e-13 -0.000234448 0.00056457
1.60564 1.27052e-13 -0.000234685 0.00071626
1.61564 1.27718e-13 -0.000235065 0.000879727
1.62564 1.28518e-13 -0.000235558 0.00105772
1.63564 1.29184e-13 -0.000236076 0.00125584
1.64564 1.29984e-13 -0.00023662 0.00147906
1.65564 1.30652e-13 -0.000237182 0.00173157
1.66564 1.31318e-13 -0.000237807 0.00201746
1.67564 1.31984e-13 -0.000238473 0.00234029
1.68564 1.32652e-13 -0.000239147 0.00270265
1.69564 1.33319e-13 -0.000239763 0.00310621
1.70564 1.3398e-13 -0.000240127 0.00355232
1.71564 1.34646e-13 -0.000239955 0.00404143
1.72564 1.35311e-13 -0.000239058 0.00457723
1.73564 1.36109e-13 -0.000237452 0.00516784
1.74564 1.36908e-13 -0.000235072 0.00581789
1.75564 1.37708e-13 -0.000231733 0.0065277
1.76564 1.38639e-13 -0.000227393 0.00729724
1.77564 1.39579e-13 -0.000222132 0.00812619
1.78564 1.40513e-13 -0.000216013 0.00901383
1.79564 1.41442e-13 -0.000209079 0.00995918
1.80564 1.42511e-13 -0.000201385 0.0109609
1.81564 1.43585e-13 -0.000192985 0.0120171
1.82564 1.44659e-13 -0.000183937 0.0131255
1.83564 1.45717e-13 -0.000174299 0.0142838
1.84564 1.46777e-13 -0.000164134 0.0154889
1.85564 1.4784e-13 -0.000153505 0.0167377
1.86564 1.49051e-13 -0.000145749 0.0180431
1.87564 1.50116e-13 -0.000144646 0.0194274
1.88564 1.51198e-13 -0.000150507 0.0208971
1.89564 1.52264e-13 -0.000162695 0.0224466
1.90564 1.53336e-13 -0.000180126 0.0240651
1.91564 1.54418e-13 -0.000201339 0.02574
1.92564 1.55494e-13 -0.000225293 0.0274619
1.93564 1.56573e-13 -0.000251319 0.0292236
1.94564 1.57787e-13 -0.000274368 0.0309881
1.95564 1.58866e-13 -0.000288848 0.0326851
1.96564 1.59942e-13 -0.000294042 0.0342572
1.97564 1.61007e-13 -0.000291448 0.0356851
1.98564 1.62086e-13 -0.000283501 0.0369772
1.99564 1.63161e-13 -0.000272119 0.0381504
2.00564 1.64212e-13 -0.000258361 0.0392193
2.01564 1.65284e-13 -0.000243024 0.0401968
2.02897 1.67019e-13 -0.000223541 0.0413871
2.04474 1.69025e-13 -0.000209894 0.0426763
2.05474 1.70357e-13 -0.000205681 0.0433903
2.06474 1.71706e-13 -0.000203577 0.0439777
2.07474 1.74371e-13 -0.00020223 0.0444102
2.09224 1.76512e-13 -0.000200321 0.044783
2.10224 1.77972e-13 -0.000199599 0.0448126
2.11224 1.80522e-13 -0.000196733 0.0447689
2.13013 1.82535e-13 -0.000186878 0.0447093
2.14013 1.83749e-13 -0.000183835 0.0446945
2.15013 1.84949e-13 -0.000182166 0.044677
2.16013 1.86143e-13 -0.000181459 0.0446572
2.17013 1.87357e-13 -0.00018134 0.0446384
2.18013 1.88561e-13 -0.000181579 0.0446249
2.19013 1.89768e-13 -0.000181885 0.0446181
2.20013 1.91101e-13 -0.000182294 0.0446138
2.21013 1.92044e-13 -0.000183041 0.0446051
2.22013 1.93123e-13 -0.000184345 0.0445913
2.23013 1.9406e-13 -0.000185931 0.0445765
2.24013 1.96215e-13 -0.000187379 0.0445585
2.25951 1.98359e-13 -0.000188975 0.0444871
2.26951 1.99406e-13 -0.000190776 0.0444269
2.27951 2.00475e-13 -0.000193392 0.044346
2.28951 2.01554e-13 -0.000194591 0.0442392
2.29951 2.02362e-13 -0.000196549 0.0441074
2.30951 2.03036e-13 -0.000198969 0.0439519
2.31951 2.03709e-13 -0.000199343 0.0437728
2.32951 2.04385e-13 -0.000199709 0.0435735
2.33951 2.05062e-13 -0.000200793 0.0433571
2.34951 2.05735e-13 -0.000201912 0.0431245
2.35951 2.06401e-13 -0.000202515 0.0428762
2.36951 2.06925e-13 -0.000202701 0.042612
2.37951 2.07591e-13 -0.000203042 0.0423327
2.38951 2.08264e-13 -0.000203573 0.0420388
2.39951 2.08937e-13 -0.000204021 0.0417316
2.40951 2.09582e-13 -0.000204235 0.0414128
2.41951 2.10259e-13 -0.000204421 0.0410838
2.42951 2.10925e-13 -0.000204734 0.0407462
2.43951 2.11591e-13 -0.000205047 0.0404018
2.44951 2.12261e-13 -0.000205271 0.0400522
2.45951 2.12916e-13 -0.000205499 0.0396993
2.46951 2.1359e-13 -0.00020584 0.0393456
2.47951 2.14266e-13 -0.000206319 0.0389933
2.48951 2.14915e-13 -0.000206879 0.0386453
2.49951 2.15588e-13 -0.000207467 0.0383055
2.50951 2.16247e-13 -0.000208085 0.0379791
2.51951 2.16924e-13 -0.000208582 0.0376711
2.52951 2.17732e-13 -0.000208924 0.0373857
2.53951 2.18398e-13 -0.000209379 0.0371291
2.54951 2.18926e-13 -0.00020986 0.0369081
2.55951 2.19463e-13 -0.000210158 0.0367272
2.56951 2.19994e-13 -0.000210424 0.0365947
2.57951 2.20664e-13 -0.000210845 0.036521
2.58951 2.2133e-13 -0.000211349 0.0365085
2.59951 2.21993e-13 -0.00021162 0.0365454
2.60951 2.22666e-13 -0.000211702 0.0366106
2.61951 2.23332e-13 -0.000211628 0.0366901
2.62951 2.23987e-13 -0.000211479 0.0367843
2.63951 2.24664e-13 -0.000211603 0.0369006
2.64951 2.2533e-13 -0.000212008 0.0370445
2.65951 2.25858e-13 -0.000212592 0.0372193
2.66951 2.26399e-13 -0.000213233 0.0374264
2.67951 2.27061e-13 -0.000213712 0.0376652
2.68951 2.27728e-13 -0.000213994 0.037936
2.69951 2.2839e-13 -0.00021437 0.038241
2.70951 2.29199e-13 -0.000215142 0.0385842
2.71951 2.2999e-13 -0.000216421 0.0389696
2.72951 2.3077e-13 -0.00021825 0.0393996
2.73951 2.31582e-13 -0.000220595 0.0398754
2.74951 2.3238e-13 -0.000223351 0.0403979
2.75951 2.33188e-13 -0.000226459 0.0409676
2.76951 2.34014e-13 -0.000229928 0.041584
2.77951 2.34673e-13 -0.000233564 0.0422469
2.78951 2.35461e-13 -0.000235942 0.0429579
2.79951 2.3611e-13 -0.000235317 0.0437242
2.80951 2.37046e-13 -0.000231502 0.0445536
2.81951 2.37983e-13 -0.00022518 0.0454492
2.82951 2.38906e-13 -0.000216843 0.0464114
2.83951 2.40002e-13 -0.000207801 0.0474456
2.84951 2.41078e-13 -0.000202028 0.0485707
2.85951 2.42154e-13 -0.000202667 0.0498052
2.86951 2.43222e-13 -0.000209866 0.0511519
2.87951 2.44194e-13 -0.000223043 0.0526059
2.88951 2.45116e-13 -0.000238723 0.0541415
2.89951 2.46032e-13 -0.000251002 0.0557018
2.90951 2.46983e-13 -0.000256968 0.0572304
2.91951 2.47934e-13 -0.000256747 0.0586935
2.92951 2.4885e-13 -0.000252077 0.0600796
2.93951 2.498e-13 -0.000246479 0.0613933
2.94951 2.50737e-13 -0.000242126 0.0626343
2.95951 2.51667e-13 -0.000239053 0.0637868
2.96951 2.52603e-13 -0.000236554 0.0648325
2.97951 2.53658e-13 -0.000233491 0.0657663
2.98951 2.54713e-13 -0.000229606 0.066601
2.99951 2.55795e-13 -0.000225525 0.0673549
3.00951 2.56857e-13 -0.000222027 0.0680374
3.01951 2.5794e-13 -0.000219349 0.0686479
3.02951 2.59008e-13 -0.000217037 0.0691856
3.03951 2.60091e-13 -0.000214803 0.0696574
3.04951 2.61145e-13 -0.000212639 0.070075
3.05951 2.62186e-13 -0.000210712 0.0704464
3.06951 2.63262e-13 -0.000209138 0.0707723
3.07951 2.64337e-13 -0.000207798 0.0710502
3.08951 2.65551e-13 -0.000206533 0.0712804
3.09951 2.66752e-13 -0.000205291 0.0714651
3.10951 2.67932e-13 -0.000204131 0.0716057
3.11951 2.70291e-13 -0.00020345 0.0716958
3.13784 2.7417e-13 -0.000203906 0.0717143
3.15075 2.75897e-13 -0.000204597 0.0716846
3.16652 2.79395e-13 -0.000203273 0.0716357
3.1834 2.81913e-13 -0.000204689 0.0715295
3.1934 2.8285e-13 -0.000207152 0.0713905
3.2034 2.8394e-13 -0.000212587 0.0711849
3.21494 2.85737e-13 -0.000218503 0.0708886
3.22499 2.88922e-13 -0.000222614 0.0706068
3.24267 2.91198e-13 -0.000226553 0.0700859
3.25267 2.91843e-13 -0.000225459 0.0697732
3.26267 2.92454e-13 -0.000225084 0.0694466
3.27267 2.92988e-13 -0.000225742 0.0691097
3.28267 2.93529e-13 -0.000226477 0.0687579
3.29267 2.9405e-13 -0.00022658 0.0683888
3.30267 2.94598e-13 -0.000226328 0.0680018
3.31267 2.95125e-13 -0.000226595 0.0675966
3.32267 2.95625e-13 -0.000227182 0.0671737
3.33267 2.96173e-13 -0.00022765 0.0667342
3.34267 2.96707e-13 -0.000227777 0.066279
3.35267 2.97248e-13 -0.000227918 0.0658094
3.36267 2.9779e-13 -0.000228269 0.0653265
3.37267 2.98296e-13 -0.0002287 0.0648314
3.38267 2.98837e-13 -0.000229009 0.0643254
3.39267 2.99358e-13 -0.000229221 0.0638099
3.40267 2.99899e-13 -0.000229485 0.0632862
3.41267 3.00419e-13 -0.000229832 0.0627557
3.42267 3.00961e-13 -0.000230175 0.06222
3.43267 3.01481e-13 -0.000230458 0.0616807
3.44267 3.02001e-13 -0.000230724 0.0611394
3.45267 3.02529e-13 -0.000231024 0.0605979
3.46267 3.0307e-13 -0.000231348 0.0600579
3.47267 3.03618e-13 -0.000231656 0.0595211
3.48267 3.04139e-13 -0.000231942 0.0589894
3.49267 3.0468e-13 -0.000232231 0.0584647
3.50267 3.05214e-13 -0.000232537 0.0579488
3.51267 3.05742e-13 -0.000232846 0.0574436
3.52267 3.06283e-13 -0.000233145 0.0569511
3.53267 3.0681e-13 -0.000233438 0.056473
3.54267 3.07344e-13 -0.000233736 0.0560112
3.55267 3.08018e-13 -0.000234066 0.0555677
3.56267 3.08698e-13 -0.000234408 0.0551448
3.57267 3.09364e-13 -0.000234762 0.054746
3.58267 3.09894e-13 -0.000235127 0.0543755
3.59267 3.10446e-13 -0.000235439 0.0540372
3.60267 3.1097e-13 -0.000235665 0.0537345
3.61267 3.11525e-13 -0.000235834 0.0534708
3.62267 3.12181e-13 -0.000236086 0.0532493
3.63267 3.12861e-13 -0.000236577 0.0530711
3.64267 3.1353e-13 -0.000237254 0.0529378
3.65267 3.14068e-13 -0.000237914 0.0528516
3.66267 3.14599e-13 -0.000238276 0.0528116
3.67267 3.15133e-13 -0.000238312 0.0528154
3.68267 3.15661e-13 -0.000238261 0.052856
3.69267 3.16188e-13 -0.000238207 0.0529215
3.70267 3.16712e-13 -0.000238142 0.0530078
3.71267 3.17253e-13 -0.000238083 0.0531227
3.72267 3.17781e-13 -0.000238031 0.0532751
3.73267 3.18287e-13 -0.00023798 0.0534699
3.74267 3.18828e-13 -0.000237926 0.0537076
3.75267 3.1937e-13 -0.000237876 0.0539853
3.76267 3.19904e-13 -0.000237835 0.054301
3.77267 3.20459e-13 -0.000237798 0.0546558
3.78267 3.20972e-13 -0.000237761 0.0550508
3.79267 3.21528e-13 -0.000237724 0.0554853
3.80267 3.22062e-13 -0.000237687 0.0559583
3.81267 3.22603e-13 -0.000237652 0.0564688
3.82267 3.23144e-13 -0.000237617 0.0570165
3.83267 3.23651e-13 -0.000237582 0.0576008
3.84267 3.24192e-13 -0.000237546 0.0582206
3.85267 3.2474e-13 -0.000237512 0.058875
3.86267 3.25288e-13 -0.000237478 0.0595627
3.87267 3.25816e-13 -0.000237445 0.0602825
3.88267 3.26357e-13 -0.000237446 0.0610331
3.89267 3.27127e-13 -0.000237866 0.0618134
3.90267 3.27939e-13 -0.000239141 0.0626237
3.91267 3.28765e-13 -0.000241414 0.0634666
3.92267 3.29549e-13 -0.000244772 0.0643457
3.93267 3.30361e-13 -0.000249154 0.0652633
3.94267 3.31263e-13 -0.000254354 0.0662195
3.95267 3.32213e-13 -0.000260176 0.0672132
3.96267 3.33164e-13 -0.00026648 0.0682417
3.97267 3.3392e-13 -0.000273151 0.0693013
3.98267 3.34691e-13 -0.000280044 0.0703873
3.99267 3.35509e-13 -0.000287014 0.071495
4.00267 3.36314e-13 -0.000293341 0.0726202
4.01267 3.37098e-13 -0.000296973 0.0737626
4.02267 3.38084e-13 -0.000296194 0.074928
4.03267 3.39187e-13 -0.000291159 0.076122
4.04267 3.40228e-13 -0.000282867 0.0773461
4.05267 3.41331e-13 -0.000272239 0.0785979
4.06267 3.42379e-13 -0.000259991 0.0798735
4.07267 3.43427e-13 -0.000247637 0.0811726
4.08267 3.44502e-13 -0.000239208 0.0825076
4.09267 3.45467e-13 -0.000238289 0.0838934
4.10267 3.46348e-13 -0.000245171 0.0853288
4.11267 3.47555e-13 -0.000258688 0.0867977
4.12267 3.48804e-13 -0.000277198 0.0882794
4.13267 3.49998e-13 -0.000298741 0.0897565
4.14267 3.51205e-13 -0.000319604 0.0912016
4.15267 3.52815e-13 -0.00033452 0.0925608
4.16267 3.53759e-13 -0.000340925 0.0937756
4.17267 3.54633e-13 -0.000340064 0.0948111
4.18267 3.55702e-13 -0.000333977 0.0956599
4.19267 3.56881e-13 -0.000324106 0.0963363
4.20267 3.58102e-13 -0.000313346 0.096872
4.21267 3.59296e-13 -0.000305165 0.0972931
4.22267 3.60378e-13 -0.000299632 0.0976095
4.23267 3.62446e-13 -0.000295895 0.0978308
4.24267 3.63515e-13 -0.000293601 0.0979632
4.25267 3.64625e-13 -0.000291678 0.0980084
4.26267 3.65832e-13 -0.000288849 0.0979833
4.27267 3.66748e-13 -0.000285832 0.0979306
4.28267 3.67664e-13 -0.000284175 0.0978864
4.29267 3.68622e-13 -0.000283235 0.097855
4.30267 3.69704e-13 -0.000282542 0.0978287
4.31267 3.70606e-13 -0.000282587 0.0978018
4.32267 3.71425e-13 -0.000283482 0.0977684
4.33267 3.72216e-13 -0.000284286 0.0977297
4.346 3.73715e-13 -0.000284725 0.0976881
4.35932 3.75214e-13 -0.000284481 0.0976612
4.36932 3.75991e-13 -0.00028384 0.0976406
4.37932 3.7681e-13 -0.000283343 0.0976201
4.3905 3.79682e-13 -0.000283007 0.0975958
4.40627 3.81264e-13 -0.000283224 0.0975606
4.41627 3.82624e-13 -0.000284142 0.0975408
4.42627 3.83693e-13 -0.000285441 0.0975242
4.43627 3.8447e-13 -0.000286406 0.0975117
4.44627 3.85386e-13 -0.000287097 0.0975015
4.45627 3.86205e-13 -0.000287517 0.0974911
4.46627 3.87024e-13 -0.000287695 0.0974805
4.47627 3.87704e-13 -0.000287606 0.0974704
4.48627 3.88634e-13 -0.000287189 0.0974605
4.49627 3.89716e-13 -0.000286924 0.0974508
4.51204 3.90937e-13 -0.000287363 0.0974363
4.52204 3.91451e-13 -0.000287384 0.0974312
4.53204 3.9195e-13 -0.000287315 0.0974331
4.54204 3.92547e-13 -0.000287193 0.0974434
4.55204 3.93074e-13 -0.000286973 0.0974619
4.56204 3.93602e-13 -0.000286584 0.0974903
4.57204 3.94129e-13 -0.000286065 0.0975339
4.58204 3.94643e-13 -0.000285522 0.097598
4.59204 3.95323e-13 -0.000284953 0.0976848
4.60204 3.95864e-13 -0.000284547 0.0977967
4.61204 3.96377e-13 -0.000284657 0.0979353
4.62204 3.97044e-13 -0.000285429 0.0981016
4.63204 3.9771e-13 -0.00028666 0.0982998
4.64204 3.98584e-13 -0.000288149 0.0985379
4.65204 3.99361e-13 -0.000288975 0.0988166
4.66204 3.99999e-13 -0.000288714 0.0991336
4.67204 4.00693e-13 -0.0002878 0.0994933
4.68204 4.01332e-13 -0.000286644 0.0999034
4.69204 4.02151e-13 -0.0002858 0.100369
4.70204 4.02942e-13 -0.000285451 0.10089
4.71204 4.03774e-13 -0.000285428 0.101466
4.72204 4.04413e-13 -0.0002855 0.102092
4.73204 4.05107e-13 -0.000285532 0.102767
4.74204 4.05884e-13 -0.000285502 0.103484
4.75204 4.06702e-13 -0.000285394 0.104237
4.76204 4.07299e-13 -0.00028516 0.105017
4.77204 4.0809e-13 -0.000284714 0.105817
4.78204 4.08951e-13 -0.000283986 0.106627
4.79204 4.0988e-13 -0.000282955 0.10744
4.80204 4.10852e-13 -0.000281641 0.10825
4.81204 4.11768e-13 -0.000280089 0.10905
4.82204 4.1267e-13 -0.000278358 0.109833
4.83204 4.136e-13 -0.000276489 0.110596
4.84204 4.1446e-13 -0.000274498 0.111334
4.85204 4.15376e-13 -0.000272418 0.112045
4.86204 4.16375e-13 -0.000270286 0.112727
4.87204 4.17499e-13 -0.000268135 0.113379
4.88204 4.1836e-13 -0.000265992 0.114001
4.89204 4.19456e-13 -0.000263873 0.11459
4.90204 4.20566e-13 -0.000261793 0.115149
4.91204 4.21663e-13 -0.000259763 0.115676
4.92204 4.22926e-13 -0.000257792 0.116171
4.93204 4.24036e-13 -0.000255888 0.116634
4.94204 4.25229e-13 -0.000254056 0.117064
4.95204 4.26478e-13 -0.000252304 0.11746
4.96204 4.27755e-13 -0.000250636 0.11782
4.97204 4.28962e-13 -0.000249057 0.118141
4.98204 4.3017e-13 -0.000247574 0.118418
4.99204 4.31474e-13 -0.000246195 0.118647
5.00358 4.32987e-13 -0.000244757 0.118844
5.01512 4.34722e-13 -0.000243517 0.118958
5.02666 4.36956e-13 -0.000242355 0.118954
5.04452 4.39329e-13 -0.000245109 0.11865
5.05452 4.40245e-13 -0.000253804 0.118437
5.06452 4.41411e-13 -0.000262194 0.118202
5.07452 4.42715e-13 -0.000268721 0.117933
5.08582 4.47073e-13 -0.000274683 0.117596
5.09731 4.53554e-13 -0.000269282 0.117205
5.11241 4.54886e-13 -0.000267514 0.116736
5.12241 4.55511e-13 -0.000264837 0.116432
5.13241 4.56135e-13 -0.00026379 0.116126
5.14241 4.56649e-13 -0.000264656 0.115815
5.15241 4.5712e-13 -0.000265139 0.115498
5.16241 4.57634e-13 -0.000264244 0.115172
5.17241 4.58203e-13 -0.000263109 0.114837
5.18241 4.58716e-13 -0.00026294 0.114492
5.19241 4.59299e-13 -0.000263278 0.114135
5.20241 4.59896e-13 -0.000263185 0.113765
5.21241 4.60409e-13 -0.000262607 0.113382
5.22241 4.60867e-13 -0.000262164 0.112986
5.23241 4.61395e-13 -0.000262102 0.112575
5.24241 4.61881e-13 -0.000262084 0.112149
5.25241 4.62422e-13 -0.00026182 0.111709
5.26241 4.62977e-13 -0.000261441 0.111253
5.27241 4.63504e-13 -0.000261192 0.110783
5.28241 4.64032e-13 -0.000261069 0.110297
5.29241 4.64573e-13 -0.000260901 0.109795
5.30241 4.65197e-13 -0.000260633 0.109279
5.31241 4.6578e-13 -0.00026036 0.108748
5.32241 4.6628e-13 -0.000260156 0.108203
5.33241 4.6696e-13 -0.00025998 0.107644
5.34241 4.67515e-13 -0.000259766 0.107072
5.35241 4.68056e-13 -0.000259521 0.106488
5.36241 4.6857e-13 -0.00025929 0.105893
5.37241 4.69097e-13 -0.000259086 0.105287
5.38241 4.69624e-13 -0.000258882 0.104672
5.39241 4.70138e-13 -0.000258659 0.10405
5.40241 4.70693e-13 -0.000258429 0.10342
5.41241 4.71234e-13 -0.000258211 0.102786
5.42241 4.71775e-13 -0.000258 0.102147
5.43241 4.72275e-13 -0.000257785 0.101506
5.44241 4.7283e-13 -0.000257563 0.100865
5.45241 4.7333e-13 -0.000257341 0.100225
5.46241 4.73871e-13 -0.000257125 0.099587
5.47241 4.74398e-13 -0.00025691 0.0989538
5.48241 4.74912e-13 -0.000256691 0.0983269
5.49241 4.75453e-13 -0.000256471 0.0977082
5.50241 4.7598e-13 -0.000256252 0.0970993
5.51241 4.76522e-13 -0.000256035 0.0965023
5.52241 4.77063e-13 -0.000255818 0.095919
5.53241 4.77611e-13 -0.0002556 0.0953512
5.54241 4.78124e-13 -0.000255381 0.0948008
5.55241 4.78659e-13 -0.000255163 0.0942697
5.56241 4.79179e-13 -0.000254945 0.0937595
5.57241 4.7972e-13 -0.000254727 0.0932721
5.58241 4.80387e-13 -0.00025456 0.0928093
5.59241 4.81067e-13 -0.000254374 0.0923728
5.60241 4.81601e-13 -0.000254159 0.091965
5.61241 4.82114e-13 -0.000253956 0.091589
5.62241 4.82614e-13 -0.000253694 0.091248
5.63241 4.8319e-13 -0.000253386 0.0909445
5.64241 4.83696e-13 -0.000253058 0.0906809
5.65241 4.84238e-13 -0.000252713 0.0904597
5.66241 4.84772e-13 -0.000252379 0.0902812
5.67241 4.85306e-13 -0.000252082 0.090146
5.68241 4.8582e-13 -0.00025181 0.0900573
5.69241 4.86361e-13 -0.000251536 0.0900155
5.70241 4.87006e-13 -0.000251263 0.0900161
5.71241 4.87541e-13 -0.000250992 0.0900526
5.72241 4.88047e-13 -0.000250724 0.090116
5.73241 4.88588e-13 -0.000250459 0.0902021
5.74241 4.89137e-13 -0.000250214 0.0903171
5.75241 4.89643e-13 -0.000249996 0.0904698
5.76241 4.90184e-13 -0.000249755 0.0906648
5.77241 4.90705e-13 -0.000249488 0.090904
5.78241 4.91232e-13 -0.000249227 0.0911859
5.79241 4.91759e-13 -0.000248979 0.091507
5.80241 4.92315e-13 -0.000248744 0.0918669
5.81241 4.92856e-13 -0.000248528 0.0922665
5.82241 4.93411e-13 -0.000248332 0.0927054
5.83241 4.93952e-13 -0.000248135 0.0931821
5.84241 4.94466e-13 -0.000247934 0.093695
5.85241 4.94965e-13 -0.000247734 0.0942433
5.86241 4.95534e-13 -0.000247534 0.0948262
5.87241 4.96062e-13 -0.000247335 0.0954426
5.88241 4.96603e-13 -0.000247138 0.096091
5.89241 4.97116e-13 -0.00024694 0.0967701
5.90241 4.9763e-13 -0.000246741 0.0974781
5.91241 4.98157e-13 -0.000246543 0.0982135
5.92241 4.98684e-13 -0.000246345 0.0989745
5.93241 4.99115e-13 -0.000246146 0.0997592
5.94241 4.99586e-13 -0.000245948 0.100566
5.95241 5.00128e-13 -0.00024575 0.101392
5.96241 5.00655e-13 -0.000245552 0.102236
5.97241 5.01224e-13 -0.000245354 0.103095
5.98241 5.01779e-13 -0.000245156 0.103968
5.99241 5.02279e-13 -0.000244958 0.104853
6.00241 5.02806e-13 -0.00024476 0.105747
6.01241 5.03486e-13 -0.000244641 0.106647
6.02241 5.04194e-13 -0.000244823 0.107554
6.03241 5.04971e-13 -0.000245512 0.108465
6.04241 5.05748e-13 -0.000246807 0.109381
6.05241 5.06442e-13 -0.000248756 0.110304
6.06241 5.07164e-13 -0.000251333 0.111233
6.07241 5.07913e-13 -0.000254444 0.112168
6.08241 5.08593e-13 -0.000257997 0.113108
6.09241 5.09273e-13 -0.000261905 0.114051
6.10241 5.09995e-13 -0.000266087 0.114994
6.11241 5.10619e-13 -0.000270445 0.115933
6.12241 5.1123e-13 -0.000274866 0.116866
6.13241 5.11896e-13 -0.000279261 0.11779
6.14241 5.12562e-13 -0.000283558 0.1187
6.15241 5.13395e-13 -0.000287687 0.119594
6.16241 5.13964e-13 -0.000291603 0.120467
6.17241 5.14838e-13 -0.000295011 0.121318
6.18241 5.1549e-13 -0.000297197 0.122142
6.19241 5.16365e-13 -0.000297719 0.122939
6.20241 5.17156e-13 -0.000296665 0.123708
6.21241 5.17975e-13 -0.000294333 0.124448
6.22241 5.18849e-13 -0.000291116 0.125157
6.23241 5.19612e-13 -0.000287345 0.125835
6.24241 5.20362e-13 -0.00028326 0.12648
6.25241 5.21111e-13 -0.000279069 0.127091
6.26241 5.21735e-13 -0.000274958 0.127664
6.27241 5.22499e-13 -0.000271091 0.1282
6.28241 5.23082e-13 -0.00026768 0.128696
6.29241 5.23817e-13 -0.00026495 0.129152
6.30241 5.24858e-13 -0.000263163 0.129569
6.31241 5.26967e-13 -0.000262403 0.129946
6.32241 5.27522e-13 -0.000262379 0.130284
6.33241 5.28036e-13 -0.000262596 0.130586
6.34241 5.28577e-13 -0.000262724 0.130855
6.35241 5.29105e-13 -0.000262804 0.131093
6.36241 5.29604e-13 -0.000262968 0.131302
6.37241 5.3009e-13 -0.000263231 0.131487
6.38241 5.30617e-13 -0.000263571 0.131647
6.39241 5.31214e-13 -0.00026398 0.131787
6.40241 5.3163e-13 -0.000264448 0.131907
6.41241 5.32241e-13 -0.000264962 0.132009
6.42241 5.32727e-13 -0.000265503 0.132095
6.43241 5.33212e-13 -0.000266044 0.132166
6.44241 5.33754e-13 -0.000266555 0.132225
6.45241 5.3435e-13 -0.000267006 0.132275
6.46241 5.34836e-13 -0.000267358 0.132321
6.47241 5.35294e-13 -0.000267592 0.132368
6.48241 5.35835e-13 -0.000267749 0.132421
6.49241 5.36321e-13 -0.000267936 0.132484
6.50241 5.36876e-13 -0.000268186 0.132556
6.51241 5.37362e-13 -0.000268435 0.132639
6.52241 5.37848e-13 -0.000268628 0.132735
6.53241 5.3825e-13 -0.000268761 0.132847
6.54241 5.38791e-13 -0.000268866 0.132974
6.55241 5.39332e-13 -0.000268962 0.133118
6.56241 5.3986e-13 -0.00026917 0.133281
6.57241 5.40415e-13 -0.000269635 0.133463
6.58241 5.4097e-13 -0.000270281 0.133667
6.59241 5.41706e-13 -0.000270887 0.133896
6.60241 5.42386e-13 -0.000271445 0.134153
6.61241 5.43052e-13 -0.000272258 0.134444
6.62241 5.43662e-13 -0.000273737 0.134771
6.63241 5.44453e-13 -0.000276122 0.135139
6.64241 5.45022e-13 -0.00027952 0.135555
6.65241 5.458e-13 -0.000284094 0.136027
6.66241 5.46563e-13 -0.000289962 0.136565
6.67241 5.47326e-13 -0.000297262 0.137177
6.68241 5.48131e-13 -0.000305335 0.137866
6.69241 5.49047e-13 -0.000312761 0.138624
6.70241 5.49796e-13 -0.000318218 0.139433
6.71241 5.5049e-13 -0.000321183 0.140281
6.72241 5.51323e-13 -0.00032156 0.141156
6.73241 5.52183e-13 -0.000319122 0.14205
6.74241 5.53113e-13 -0.000314278 0.142956
6.75241 5.54043e-13 -0.000308938 0.143873
6.76241 5.54945e-13 -0.000304528 0.1448
6.77241 5.55792e-13 -0.000301236 0.145722
6.78241 5.56735e-13 -0.000299131 0.146621
6.79241 5.57679e-13 -0.000297953 0.147477
6.80241 5.58692e-13 -0.000296742 0.148272
6.81241 5.59774e-13 -0.000294315 0.149008
6.82241 5.6101e-13 -0.000290879 0.149702
6.83241 5.61912e-13 -0.000287292 0.150372
6.84241 5.62939e-13 -0.000283864 0.151021
6.85241 5.64201e-13 -0.000281007 0.15164
6.86241 5.65464e-13 -0.000278707 0.152217
6.87241 5.66686e-13 -0.00027657 0.152741
6.88241 5.67824e-13 -0.00027453 0.153215
6.89241 5.69073e-13 -0.000272541 0.153646
6.90241 5.70433e-13 -0.000270609 0.15404
6.91241 5.7182e-13 -0.000268829 0.154398
6.92241 5.73402e-13 -0.000267244 0.15472
6.93241 5.74873e-13 -0.000265788 0.155005
6.94241 5.76331e-13 -0.000264434 0.155256
6.95241 5.77857e-13 -0.00026323 0.155478
6.96241 5.79273e-13 -0.000262145 0.155675
6.97241 5.80758e-13 -0.000261207 0.155852
6.98241 5.83436e-13 -0.00026038 0.156011
6.99956 5.86142e-13 -0.00025881 0.15624
7.00956 5.88474e-13 -0.000258178 0.156333
7.02366 5.91915e-13 -0.000258154 0.156405
7.0352 5.94053e-13 -0.000258798 0.156421
7.04651 5.96231e-13 -0.000259209 0.156396
7.05651 5.97272e-13 -0.000258161 0.156298
7.06651 5.98563e-13 -0.000261778 0.156113
7.07651 5.9977e-13 -0.000270223 0.155883
7.08651 6.00742e-13 -0.000277694 0.155641
7.09805 6.02671e-13 -0.000284453 0.155338
7.10997 6.07181e-13 -0.000264431 0.154908
7.12964 6.09277e-13 -0.000263993 0.15432
7.13964 6.09887e-13 -0.00026074 0.154038
7.14964 6.10581e-13 -0.000260317 0.153738
7.15964 6.11219e-13 -0.000261471 0.153425
7.16964 6.11663e-13 -0.000262534 0.153101
7.17964 6.12274e-13 -0.000261927 0.152764
7.18964 6.12801e-13 -0.000261331 0.152414
7.19964 6.13426e-13 -0.00026174 0.15205
7.20964 6.14023e-13 -0.000262631 0.151673
7.21964 6.14522e-13 -0.000262978 0.151282
7.22964 6.15133e-13 -0.000262817 0.150876
7.23964 6.15744e-13 -0.000262845 0.150455
7.24964 6.16271e-13 -0.000263293 0.15002
7.25964 6.16826e-13 -0.000263755 0.149569
7.26964 6.17326e-13 -0.000263936 0.149103
7.27964 6.17936e-13 -0.000264006 0.148622
7.28964 6.18422e-13 -0.000264232 0.148126
7.29964 6.18949e-13 -0.000264588 0.147615
7.30964 6.19352e-13 -0.000264883 0.147089
7.31964 6.19879e-13 -0.000265067 0.146549
7.32964 6.20434e-13 -0.000265254 0.145995
7.33964 6.20975e-13 -0.000265518 0.145428
7.34964 6.21461e-13 -0.000265808 0.144848
7.35964 6.21905e-13 -0.000266054 0.144257
7.36964 6.22488e-13 -0.000266266 0.143656
7.37964 6.22974e-13 -0.000266498 0.143045
7.38964 6.23487e-13 -0.00026676 0.142426
7.39964 6.23959e-13 -0.000267018 0.1418
7.40964 6.24445e-13 -0.000267255 0.141168
7.41964 6.25069e-13 -0.000267486 0.140532
7.42964 6.25611e-13 -0.00026773 0.139894
7.43964 6.26027e-13 -0.000267982 0.139254
7.44964 6.26568e-13 -0.000268228 0.138615
7.45964 6.27054e-13 -0.000268467 0.137979
7.46964 6.27609e-13 -0.000268706 0.137346
7.47964 6.2815e-13 -0.000268952 0.136719
7.48964 6.28692e-13 -0.000269198 0.1361
7.49964 6.29247e-13 -0.000269441 0.13549
7.50964 6.2976e-13 -0.000269682 0.134891
7.51964 6.30301e-13 -0.000269925 0.134306
7.52964 6.30843e-13 -0.00027017 0.133735
7.53964 6.31314e-13 -0.000270414 0.133182
7.54964 6.31925e-13 -0.000270657 0.132647
7.55964 6.32439e-13 -0.000270899 0.132133
7.56964 6.32966e-13 -0.000271143 0.131641
7.57964 6.33632e-13 -0.0002714 0.131173
7.58964 6.34201e-13 -0.000271684 0.130731
7.59964 6.34756e-13 -0.000271981 0.130319
7.60964 6.35297e-13 -0.000272247 0.12994
7.61964 6.35839e-13 -0.000272439 0.129597
7.62964 6.36338e-13 -0.000272541 0.129292
7.63964 6.36935e-13 -0.000272574 0.129029
7.64964 6.37504e-13 -0.000272598 0.128809
7.65964 6.38017e-13 -0.000272669 0.128632
7.66964 6.38531e-13 -0.000272784 0.128499
7.67964 6.39114e-13 -0.000272907 0.128415
7.68964 6.39683e-13 -0.00027304 0.128377
7.69964 6.4021e-13 -0.000273167 0.128381
7.70964 6.40724e-13 -0.000273287 0.12842
7.71964 6.41237e-13 -0.000273414 0.128487
7.72964 6.41751e-13 -0.00027355 0.128577
7.73964 6.4232e-13 -0.000273691 0.128695
7.74964 6.42833e-13 -0.000273828 0.128851
7.75964 6.4336e-13 -0.000273961 0.129052
7.76964 6.43902e-13 -0.000274096 0.129296
7.77964 6.44498e-13 -0.000274232 0.129581
7.78964 6.45109e-13 -0.000274368 0.129905
7.79964 6.4565e-13 -0.000274502 0.130268
7.80964 6.46136e-13 -0.000274636 0.13067
7.81964 6.46566e-13 -0.000274771 0.131112
7.82964 6.46982e-13 -0.000274906 0.131592
7.83964 6.47607e-13 -0.000275042 0.132109
7.84964 6.48218e-13 -0.000275178 0.132661
7.85964 6.488e-13 -0.000275315 0.133247
7.86964 6.49342e-13 -0.000275452 0.133867
7.87964 6.49786e-13 -0.000275589 0.13452
7.88964 6.50272e-13 -0.000275725 0.135202
7.89964 6.50757e-13 -0.000275862 0.135914
7.90964 6.51298e-13 -0.000275998 0.136654
7.91964 6.51784e-13 -0.000276134 0.137419
7.92964 6.5227e-13 -0.000276271 0.138208
7.93964 6.52853e-13 -0.000276407 0.13902
7.94964 6.53366e-13 -0.000276543 0.139851
7.95964 6.53852e-13 -0.00027668 0.140701
7.96964 6.54324e-13 -0.000276816 0.141566
7.97964 6.54962e-13 -0.000276953 0.142446
7.98964 6.55448e-13 -0.000277089 0.143337
7.99964 6.55989e-13 -0.000277225 0.144238
8.00964 6.56697e-13 -0.000277362 0.145147
8.01964 6.57183e-13 -0.000277498 0.146061
8.02964 6.57849e-13 -0.000277847 0.146978
8.03964 6.58529e-13 -0.000278819 0.147898
8.04964 6.59209e-13 -0.000280673 0.148821
8.05964 6.59889e-13 -0.000283472 0.14975
8.06964 6.60721e-13 -0.00028716 0.150688
8.07964 6.61471e-13 -0.00029154 0.151635
8.08964 6.6229e-13 -0.000296352 0.15259
8.09964 6.63108e-13 -0.000301391 0.153549
8.10964 6.63788e-13 -0.00030652 0.154509
8.11964 6.64441e-13 -0.000311608 0.155466
8.12964 6.6519e-13 -0.000316518 0.156413
8.13964 6.65995e-13 -0.000321145 0.157347
8.14964 6.6655e-13 -0.000325446 0.158263
8.15964 6.67383e-13 -0.00032894 0.159157
8.16964 6.6816e-13 -0.000330709 0.160028
8.17964 6.68798e-13 -0.000330383 0.160874
8.18964 6.69687e-13 -0.000328249 0.161695
8.19964 6.7063e-13 -0.000324749 0.162491
8.20964 6.71546e-13 -0.000320306 0.16326
8.21964 6.72573e-13 -0.000315261 0.163999
8.22964 6.73517e-13 -0.000309899 0.164707
8.23964 6.74433e-13 -0.000304462 0.16538
8.24964 6.7521e-13 -0.000299169 0.166014
8.25964 6.76209e-13 -0.000294296 0.166607
8.26964 6.76792e-13 -0.000290183 0.167158
8.27964 6.77514e-13 -0.000286952 0.167667
8.28964 6.78541e-13 -0.000284615 0.168134
8.29964 6.80511e-13 -0.00028322 0.168559
8.30964 6.82593e-13 -0.000282616 0.168945
8.32955 6.85979e-13 -0.000282966 0.169603
8.33955 6.86506e-13 -0.000283285 0.169883
8.34955 6.87034e-13 -0.000283682 0.170133
8.35955 6.87561e-13 -0.000284187 0.170354
8.36955 6.88088e-13 -0.000284784 0.17055
8.37955 6.88616e-13 -0.00028544 0.170722
8.38955 6.89199e-13 -0.000286132 0.170871
8.39955 6.89726e-13 -0.000286832 0.171
8.40955 6.90364e-13 -0.000287424 0.17111
8.41955 6.90809e-13 -0.000287795 0.171201
8.42955 6.91391e-13 -0.000288066 0.171278
8.43955 6.91891e-13 -0.000288376 0.171341
8.44955 6.92502e-13 -0.000288703 0.171393
8.45955 6.92973e-13 -0.000288999 0.171438
8.46955 6.93473e-13 -0.000289221 0.171481
8.47955 6.93889e-13 -0.000289364 0.171527
8.48955 6.94278e-13 -0.00028948 0.171582
8.49955 6.94778e-13 -0.000289629 0.171647
8.50955 6.95305e-13 -0.000289828 0.171723
8.51955 6.95971e-13 -0.00029015 0.171814
8.52955 6.96526e-13 -0.000290663 0.17192
8.53955 6.97026e-13 -0.00029143 0.172044
8.54955 6.97581e-13 -0.000292562 0.172186
8.55955 6.98025e-13 -0.000294125 0.172348
8.56955 6.98525e-13 -0.000296159 0.172531
8.57955 6.99246e-13 -0.000298612 0.172736
8.58955 6.99857e-13 -0.000301181 0.172966
8.59955 7.00467e-13 -0.000303672 0.173224
8.60955 7.01217e-13 -0.000306224 0.173514
8.61955 7.01883e-13 -0.000309088 0.17384
8.62955 7.02549e-13 -0.000312704 0.174205
8.63955 7.0341e-13 -0.000317357 0.174615
8.64955 7.04187e-13 -0.000322656 0.175075
8.65955 7.04908e-13 -0.000327835 0.175589
8.66955 7.05741e-13 -0.000332151 0.176152
8.67955 7.06546e-13 -0.000334924 0.176761
8.68955 7.07351e-13 -0.000335911 0.177412
8.69955 7.08211e-13 -0.000335142 0.178103
8.70955 7.09072e-13 -0.000332522 0.17883
8.71955 7.09766e-13 -0.000328474 0.17959
8.72955 7.10654e-13 -0.000324242 0.180383
8.73955 7.11459e-13 -0.000321041 0.181207
8.74955 7.1218e-13 -0.000318956 0.182048
8.75955 7.12902e-13 -0.000317621 0.182885
8.76955 7.13818e-13 -0.000316895 0.183696
8.77955 7.14706e-13 -0.00031617 0.184466
8.78955 7.15844e-13 -0.000314419 0.185188
8.79955 7.16815e-13 -0.000311584 0.185873
8.80955 7.17704e-13 -0.000308328 0.186535
8.81955 7.18869e-13 -0.000304972 0.18718
8.82955 7.20118e-13 -0.000302052 0.187803
8.83955 7.21478e-13 -0.000299783 0.188391
8.84955 7.22533e-13 -0.000297727 0.188933
8.85955 7.23699e-13 -0.000295665 0.189431
8.86955 7.25003e-13 -0.000293547 0.189895
8.87955 7.26474e-13 -0.000291457 0.190333
8.88955 7.27723e-13 -0.000289557 0.190744
8.89955 7.28778e-13 -0.000287777 0.191124
8.90955 7.30083e-13 -0.000286087 0.191476
8.91955 7.31276e-13 -0.000284534 0.191802
8.92955 7.32775e-13 -0.000283063 0.192107
8.93955 7.34413e-13 -0.000281677 0.192396
8.94955 7.35745e-13 -0.000280388 0.192671
8.95955 7.37438e-13 -0.000279171 0.192934
8.96955 7.38826e-13 -0.000278004 0.193183
8.97955 7.40297e-13 -0.000276861 0.193414
8.99532 7.43045e-13 -0.000275113 0.193725
9.01018 7.45876e-13 -0.00027329 0.193925
9.02172 7.48235e-13 -0.000272438 0.193911
9.03915 7.52703e-13 -0.000279143 0.193579
9.04915 7.53841e-13 -0.000284842 0.193376
9.05915 7.55063e-13 -0.000291532 0.193148
9.07017 7.57255e-13 -0.000298909 0.192842
9.08088 7.63611e-13 -0.000299475 0.192505
9.09218 7.6758e-13 -0.000311987 0.192238
9.10221 7.69523e-13 -0.000313423 0.191975
9.11221 7.70134e-13 -0.000312961 0.19169
9.12221 7.70634e-13 -0.0003128 0.191396
9.13221 7.71272e-13 -0.000313741 0.191093
9.14221 7.7191e-13 -0.000314696 0.190784
9.15221 7.7241e-13 -0.000314693 0.190466
9.16221 7.72993e-13 -0.000314343 0.190138
9.17221 7.73576e-13 -0.000314575 0.189801
9.18221 7.74075e-13 -0.000315271 0.189452
9.19221 7.74686e-13 -0.000315787 0.189091
9.20221 7.75158e-13 -0.000315943 0.188717
9.21221 7.75741e-13 -0.000316108 0.18833
9.22221 7.7624e-13 -0.00031652 0.187929
9.23221 7.7674e-13 -0.000317014 0.187514
9.24221 7.7735e-13 -0.000317368 0.187085
9.25221 7.77878e-13 -0.000317614 0.186641
9.26221 7.78405e-13 -0.000317921 0.186181
9.27221 7.7896e-13 -0.000318322 0.185707
9.28221 7.79488e-13 -0.000318715 0.185217
9.29221 7.8007e-13 -0.00031904 0.184712
9.30221 7.8057e-13 -0.000319347 0.184193
9.31221 7.81042e-13 -0.000319694 0.183658
9.32221 7.81569e-13 -0.000320068 0.18311
9.33221 7.82069e-13 -0.000320424 0.182547
9.34221 7.82596e-13 -0.000320755 0.181972
9.35221 7.83151e-13 -0.00032109 0.181385
9.36221 7.83762e-13 -0.000321443 0.180786
9.37221 7.84234e-13 -0.0003218 0.180177
9.38221 7.84761e-13 -0.000322146 0.179559
9.39221 7.85261e-13 -0.000322485 0.178933
9.40221 7.85871e-13 -0.000322829 0.178301
9.41221 7.86454e-13 -0.00032318 0.177663
9.42221 7.86982e-13 -0.00032353 0.177021
9.43221 7.87592e-13 -0.000323874 0.176378
9.44221 7.88064e-13 -0.000324218 0.175733
9.45221 7.88591e-13 -0.000324565 0.17509
9.46221 7.89147e-13 -0.000324914 0.174449
9.47221 7.89702e-13 -0.000325261 0.173812
9.48221 7.9009e-13 -0.000325606 0.173182
9.49221 7.90618e-13 -0.000325952 0.172561
9.50221 7.91089e-13 -0.000326299 0.171949
9.51221 7.91617e-13 -0.000326647 0.171348
9.52221 7.92227e-13 -0.000326993 0.170762
9.53221 7.92783e-13 -0.000327339 0.170191
9.54221 7.9331e-13 -0.000327686 0.169637
9.55221 7.93782e-13 -0.000328033 0.169103
9.56221 7.94351e-13 -0.000328379 0.16859
9.57221 7.94836e-13 -0.000328726 0.168099
9.58221 7.95461e-13 -0.000329063 0.167633
9.59221 7.96016e-13 -0.000329413 0.167194
9.60221 7.96571e-13 -0.000329772 0.166785
9.61221 7.97112e-13 -0.000330082 0.16641
9.62221 7.9764e-13 -0.000330319 0.166071
9.63221 7.98195e-13 -0.00033048 0.165772
9.64221 7.98667e-13 -0.000330587 0.165514
9.65221 7.99263e-13 -0.000330693 0.1653
9.66221 7.99791e-13 -0.000330851 0.165129
9.67221 8.00499e-13 -0.000331041 0.165002
9.68221 8.01137e-13 -0.000331232 0.164925
9.69221 8.01706e-13 -0.000331405 0.164893
9.70221 8.02303e-13 -0.000331539 0.164902
9.71221 8.02775e-13 -0.000331665 0.164944
9.72221 8.03316e-13 -0.000331798 0.165013
9.73221 8.03857e-13 -0.000331936 0.165104
9.74221 8.04384e-13 -0.000332078 0.165227
9.75221 8.04912e-13 -0.000332215 0.165389
9.76221 8.05411e-13 -0.00033235 0.165595
9.77221 8.05994e-13 -0.000332487 0.165845
9.78221 8.06438e-13 -0.000332624 0.166136
9.79221 8.06966e-13 -0.000332777 0.166465
9.80221 8.07548e-13 -0.00033299 0.166833
9.81221 8.08048e-13 -0.000333259 0.16724
9.82221 8.08575e-13 -0.00033352 0.167686
9.83221 8.09103e-13 -0.000333743 0.16817
9.84221 8.09658e-13 -0.000333932 0.168691
9.85221 8.10185e-13 -0.000334111 0.169248
9.86221 8.10796e-13 -0.000334291 0.169839
9.87221 8.11268e-13 -0.000334471 0.170463
9.88221 8.11934e-13 -0.000334655 0.171119
9.89221 8.12489e-13 -0.000334839 0.171806
9.90221 8.12989e-13 -0.000335023 0.172521
9.91221 8.13599e-13 -0.000335207 0.173264
9.92221 8.14127e-13 -0.000335391 0.174032
9.93221 8.14709e-13 -0.000335576 0.174823
9.94221 8.15265e-13 -0.00033576 0.175637
9.95221 8.15792e-13 -0.000335945 0.17647
9.96221 8.16264e-13 -0.00033613 0.177321
9.97221 8.16791e-13 -0.000336315 0.178187
9.98221 8.17291e-13 -0.000336501 0.179066
9.99221 8.1779e-13 -0.000336686 0.179957
10.0022 8.18318e-13 -0.000336871 0.180857
10.0122 8.18901e-13 -0.000337057 0.181765
10.0222 8.19594e-13 -0.000337243 0.182677
10.0322 8.20261e-13 -0.000337516 0.183593
10.0422 8.21065e-13 -0.000338278 0.184511
10.0522 8.21926e-13 -0.000339959 0.185433
10.0622 8.22592e-13 -0.000342723 0.186363
10.0722 8.23258e-13 -0.000346618 0.187306
10.0822 8.23952e-13 -0.000351537 0.188267
10.0922 8.24812e-13 -0.000357229 0.189247
10.1022 8.25451e-13 -0.000363458 0.190246
10.1122 8.26367e-13 -0.000370058 0.191264
10.1222 8.27116e-13 -0.000376904 0.192297
10.1322 8.28004e-13 -0.000383862 0.193343
10.1422 8.28948e-13 -0.000390769 0.194399
10.1522 8.29697e-13 -0.000396316 0.195462
10.1622 8.30586e-13 -0.00039813 0.196538
10.1722 8.31474e-13 -0.000395232 0.197637
10.1822 8.32612e-13 -0.000388311 0.198766
10.1922 8.33722e-13 -0.00037828 0.199929
10.2022 8.34721e-13 -0.000365949 0.201125
10.218 8.37136e-13 -0.000345313 0.203085
10.228 8.38468e-13 -0.000338673 0.204405
10.238 8.39634e-13 -0.000341572 0.205811
10.248 8.40633e-13 -0.000353798 0.207304
10.258 8.41632e-13 -0.000373982 0.208873
10.268 8.42798e-13 -0.000400039 0.210502
10.278 8.43797e-13 -0.000429954 0.212177
10.288 8.45018e-13 -0.000457571 0.213853
10.298 8.46184e-13 -0.000473611 0.215436
10.308 8.47156e-13 -0.00047602 0.216846
10.318 8.48349e-13 -0.000467942 0.218063
10.328 8.4957e-13 -0.000452386 0.219096
10.338 8.50681e-13 -0.000432862 0.219976
10.348 8.51874e-13 -0.000415488 0.220749
10.358 8.53012e-13 -0.000404267 0.221452
10.368 8.54067e-13 -0.000398464 0.222078
10.378 8.55177e-13 -0.000396398 0.222605
10.3937 8.57397e-13 -0.00039489 0.223201
10.4037 8.58646e-13 -0.000391945 0.223467
10.4137 8.59757e-13 -0.000388374 0.223704
10.4237 8.60978e-13 -0.000385159 0.223941
10.4337 8.62088e-13 -0.000382909 0.224176
10.4437 8.63393e-13 -0.000382041 0.22439
10.4537 8.64392e-13 -0.00038175 0.224566
10.4637 8.65613e-13 -0.000381096 0.22471
10.4737 8.67084e-13 -0.000380307 0.224847
10.4837 8.68278e-13 -0.000379531 0.224991
10.4937 8.69749e-13 -0.000378742 0.225141
10.5037 8.71053e-13 -0.000378135 0.225283
10.5137 8.7208e-13 -0.000377556 0.225407
10.5237 8.73357e-13 -0.000376999 0.225519
10.5337 8.74745e-13 -0.000376596 0.225633
10.5437 8.76021e-13 -0.000376217 0.225759
10.5537 8.77187e-13 -0.000375838 0.2259
10.5637 8.78464e-13 -0.000375485 0.226058
10.5737 8.79324e-13 -0.000375111 0.226228
10.5853 8.81406e-13 -0.000374506 0.226429
10.5953 8.82849e-13 -0.000373895 0.226592
10.6053 8.86291e-13 -0.000373109 0.226715
10.6213 8.88567e-13 -0.000369836 0.226626
10.6313 8.90954e-13 -0.000370601 0.226495
10.6496 8.93036e-13 -0.00037511 0.226339
10.6596 8.93841e-13 -0.000376576 0.226246
10.6735 8.96366e-13 -0.000379521 0.22606
10.6835 8.9731e-13 -0.000381735 0.225903
10.6983 9.01113e-13 -0.000386891 0.225688
10.7092 9.03583e-13 -0.000389301 0.225552
10.7255 9.10438e-13 -0.000381191 0.225348
10.7355 9.11188e-13 -0.000377968 0.225252
10.7455 9.11965e-13 -0.000376234 0.22517
10.7555 9.12437e-13 -0.000375519 0.225103
10.7655 9.13158e-13 -0.000375015 0.225048
10.7755 9.13769e-13 -0.000374231 0.225007
10.7855 9.14324e-13 -0.000373444 0.224979
10.7955 9.14824e-13 -0.00037306 0.224965
10.8055 9.15268e-13 -0.000372806 0.224967
10.8155 9.15684e-13 -0.000372341 0.22498
10.8255 9.1635e-13 -0.000371712 0.225001
10.8355 9.17044e-13 -0.000371195 0.225027
10.8455 9.1771e-13 -0.000370931 0.225055
10.8555 9.18127e-13 -0.000370821 0.225086
10.8655 9.18543e-13 -0.00037073 0.225122
10.8755 9.1932e-13 -0.000370536 0.225164
10.8855 9.19959e-13 -0.00037015 0.225215
10.8955 9.20514e-13 -0.000369501 0.225276
10.9055 9.20958e-13 -0.000368478 0.22535
10.9155 9.21652e-13 -0.00036703 0.225439
10.9255 9.22262e-13 -0.000365226 0.225547
10.9355 9.22928e-13 -0.000363158 0.225673
10.9455 9.23539e-13 -0.000360852 0.22582
10.9555 9.24177e-13 -0.000358281 0.225985
10.9655 9.24871e-13 -0.00035541 0.226169
10.9755 9.25426e-13 -0.00035224 0.22637
10.9855 9.25982e-13 -0.000348792 0.226589
10.9955 9.26731e-13 -0.000345372 0.226827
11.0055 9.27591e-13 -0.000342871 0.22709
11.0155 9.28396e-13 -0.000341911 0.227378
11.0255 9.29035e-13 -0.000342496 0.227692
11.0355 9.29784e-13 -0.000344542 0.228032
11.0455 9.30395e-13 -0.000347912 0.228396
11.0555 9.3095e-13 -0.000351503 0.228776
11.0655 9.31616e-13 -0.000354079 0.229156
11.0755 9.32532e-13 -0.00035536 0.229529
11.0855 9.33337e-13 -0.000355342 0.22989
11.0955 9.33864e-13 -0.000354073 0.230236
11.1055 9.34641e-13 -0.000352168 0.230569
11.1155 9.35335e-13 -0.000350413 0.230892
11.1255 9.36001e-13 -0.000349079 0.231203
11.1355 9.36751e-13 -0.000348196 0.231502
11.1455 9.37639e-13 -0.000347734 0.231784
11.1555 9.38527e-13 -0.000347595 0.232047
11.1655 9.39387e-13 -0.000347569 0.232289
11.1755 9.40137e-13 -0.00034733 0.232512
11.1855 9.40997e-13 -0.000346725 0.232718
11.1955 9.41747e-13 -0.000345831 0.232914
11.2055 9.42635e-13 -0.000344809 0.233105
11.2155 9.43357e-13 -0.000343909 0.23329
11.2255 9.44078e-13 -0.000343277 0.233471
11.2355 9.44855e-13 -0.000342824 0.233645
11.2455 9.45716e-13 -0.000342435 0.233812
11.2555 9.46521e-13 -0.000342021 0.233974
11.2655 9.47187e-13 -0.00034153 0.234133
11.2755 9.48047e-13 -0.000341021 0.234289
11.2855 9.48686e-13 -0.000340557 0.234443
11.2955 9.49352e-13 -0.000340145 0.234594
11.3055 9.50212e-13 -0.000339804 0.234742
11.3155 9.511e-13 -0.000339484 0.234888
11.3255 9.5185e-13 -0.000339119 0.235031
11.3355 9.52682e-13 -0.000338744 0.235171
11.3455 9.53487e-13 -0.000338382 0.235308
11.3555 9.54486e-13 -0.000338025 0.235442
11.3655 9.55597e-13 -0.000337675 0.235571
11.3755 9.56457e-13 -0.000337329 0.235697
11.3855 9.5729e-13 -0.00033699 0.235819
11.3955 9.58345e-13 -0.000336658 0.235938
11.4055 9.59149e-13 -0.000336329 0.236052
11.4155 9.60038e-13 -0.000336003 0.236161
11.4255 9.6137e-13 -0.00033568 0.236265
11.4355 9.6273e-13 -0.00033536 0.236361
11.4455 9.64256e-13 -0.00033503 0.236447
11.4555 9.652e-13 -0.000334783 0.23652
11.4655 9.66199e-13 -0.000334278 0.236575
11.4755 9.67032e-13 -0.000334018 0.236595
11.4855 9.67976e-13 -0.000334363 0.236575
11.5013 9.69697e-13 -0.000333195 0.236528
11.5113 9.70363e-13 -0.000333103 0.236499
11.5213 9.71279e-13 -0.000333834 0.236461
11.5313 9.72139e-13 -0.000335034 0.236413
11.5413 9.72777e-13 -0.00033643 0.236357
11.5513 9.73416e-13 -0.000337449 0.236294
11.5671 9.74859e-13 -0.000338334 0.236197
11.5771 9.76164e-13 -0.000339118 0.236139
11.5928 9.77468e-13 -0.000340238 0.23606
11.6028 9.78162e-13 -0.000340928 0.236019
11.6128 9.79133e-13 -0.000341685 0.235983
11.6228 9.80077e-13 -0.000342732 0.235951
11.6328 9.8091e-13 -0.000343807 0.235924
11.6462 9.82797e-13 -0.000345324 0.2359
11.6594 9.8585e-13 -0.000346939 0.235889
11.6748 9.87405e-13 -0.000350483 0.235887
11.6848 9.88098e-13 -0.000351318 0.235891
11.6948 9.88848e-13 -0.000351596 0.235902
11.7048 9.89486e-13 -0.000351868 0.23592
11.7148 9.90319e-13 -0.000352237 0.235946
11.7248 9.91235e-13 -0.000352605 0.235979
11.7348 9.92012e-13 -0.00035287 0.236022
11.7448 9.92761e-13 -0.000353066 0.236072
11.7548 9.93511e-13 -0.000353278 0.236132
11.7648 9.94205e-13 -0.000353514 0.2362
11.7748 9.94926e-13 -0.000353726 0.236277
11.7848 9.95815e-13 -0.000353893 0.236363
11.7948 9.96564e-13 -0.000353887 0.236457
11.8048 9.97258e-13 -0.00035331 0.236562
11.8148 9.97924e-13 -0.000351935 0.23668
11.8248 9.98673e-13 -0.00034993 0.236812
11.8348 9.99423e-13 -0.000347556 0.236959
11.8448 1.00009e-12 -0.000345578 0.237125
11.8606 1.00112e-12 -0.000344913 0.237427
11.8706 1.00184e-12 -0.000344819 0.237617
11.8806 1.00242e-12 -0.000344411 0.237807
11.8906 1.00314e-12 -0.000344124 0.238
11.9006 1.00384e-12 -0.00034386 0.238194
11.9106 1.0045e-12 -0.000343587 0.238389
11.9206 1.00511e-12 -0.00034334 0.238583
11.9306 1.00583e-12 -0.000343093 0.238775
11.9406 1.00658e-12 -0.000342832 0.238964
11.9506 1.00714e-12 -0.000342553 0.239151
11.9606 1.00769e-12 -0.000342271 0.239334
11.9706 1.00822e-12 -0.000341995 0.239514
11.9806 1.00908e-12 -0.000341708 0.239691
11.9906 1.00983e-12 -0.000341394 0.239863
12.0006 1.01075e-12 -0.000341069 0.240033
12.0106 1.01158e-12 -0.000340742 0.240199
12.0206 1.01241e-12 -0.000340407 0.240361
12.0306 1.01311e-12 -0.000340066 0.24052
12.0406 1.01372e-12 -0.000339731 0.240676
12.0506 1.01447e-12 -0.000339404 0.240829
12.0606 1.01522e-12 -0.000339075 0.240978
12.0706 1.01585e-12 -0.000338743 0.241123
12.0806 1.01677e-12 -0.000338411 0.241264
12.0906 1.01752e-12 -0.000338079 0.241401
12.1006 1.01841e-12 -0.000337748 0.241533
12.1106 1.01935e-12 -0.000337418 0.24166
12.1206 1.0201e-12 -0.00033709 0.241782
12.1306 1.02096e-12 -0.000336765 0.241898
12.1406 1.02171e-12 -0.000336445 0.242008
12.1506 1.02249e-12 -0.000336129 0.24211
12.1606 1.02318e-12 -0.00033582 0.242205
12.1706 1.02401e-12 -0.00033552 0.24229
12.1806 1.02485e-12 -0.00033523 0.242367
12.1906 1.02585e-12 -0.000334952 0.242434
12.2006 1.02654e-12 -0.00033469 0.242491
12.2106 1.0274e-12 -0.000334448 0.242536
12.2206 1.02809e-12 -0.000334227 0.24257
12.2306 1.02898e-12 -0.000334022 0.242592
12.2406 1.02959e-12 -0.0003338 0.242597
12.2506 1.03031e-12 -0.000333577 0.242584
12.2606 1.03118e-12 -0.000333353 0.242554
12.2706 1.03192e-12 -0.000333493 0.242519
12.2806 1.03281e-12 -0.000334253 0.242482
12.2906 1.03359e-12 -0.000335275 0.242442
12.3006 1.03434e-12 -0.000336116 0.242398
12.3106 1.03531e-12 -0.000336665 0.24235
12.3206 1.03631e-12 -0.000337093 0.2423
12.3363 1.03784e-12 -0.000337662 0.242224
12.3463 1.0387e-12 -0.000338443 0.242178
12.3563 1.0397e-12 -0.000339073 0.242138
12.3663 1.04031e-12 -0.000339593 0.242106
12.3763 1.04114e-12 -0.000340339 0.242081
12.3863 1.04189e-12 -0.000341019 0.24206
12.3963 1.0425e-12 -0.000341489 0.242045
12.4063 1.04325e-12 -0.000342083 0.242037
12.4224 1.04594e-12 -0.000354929 0.241998
12.4415 1.04805e-12 -0.000363597 0.241924
12.4572 1.04947e-12 -0.000370441 0.241911
12.4672 1.05044e-12 -0.000376392 0.241915
12.4772 1.05127e-12 -0.000382086 0.241927
12.4872 1.05194e-12 -0.000386629 0.241948
12.4972 1.05263e-12 -0.000390001 0.241982
12.5072 1.05321e-12 -0.00039263 0.24203
12.5172 1.05371e-12 -0.00039438 0.242094
12.5272 1.05435e-12 -0.000394986 0.242176
12.5372 1.05499e-12 -0.000394563 0.242277
12.5472 1.05588e-12 -0.000393438 0.242397
12.5572 1.05663e-12 -0.000391837 0.242536
12.5672 1.05738e-12 -0.000389754 0.242694
12.5772 1.05815e-12 -0.000387166 0.242871
12.5872 1.05899e-12 -0.000384177 0.243066
12.5972 1.0596e-12 -0.000381719 0.243285
12.6072 1.06051e-12 -0.000380725 0.243524
12.6172 1.06148e-12 -0.000380268 0.243767
12.6272 1.06209e-12 -0.000379537 0.244009
12.6372 1.06315e-12 -0.000379093 0.244253
12.6472 1.06395e-12 -0.000379135 0.244495
12.6572 1.0647e-12 -0.000379264 0.244732
12.6672 1.06562e-12 -0.000379172 0.244964
12.6772 1.06634e-12 -0.000378845 0.245189
12.6872 1.06717e-12 -0.000378471 0.245408
12.6972 1.06784e-12 -0.000378162 0.245621
12.7072 1.06867e-12 -0.000377859 0.245826
12.7172 1.06956e-12 -0.000377489 0.246024
12.7272 1.07037e-12 -0.000377082 0.246216
12.7372 1.07131e-12 -0.000376686 0.246402
12.7472 1.07211e-12 -0.000376308 0.246583
12.7572 1.07295e-12 -0.000375931 0.246759
12.7672 1.07375e-12 -0.000375543 0.246929
12.7772 1.07456e-12 -0.000375154 0.247096
12.7872 1.07547e-12 -0.000374769 0.247258
12.7972 1.07606e-12 -0.000374384 0.247416
12.8072 1.07686e-12 -0.000374006 0.24757
12.8172 1.07772e-12 -0.000373638 0.24772
12.8272 1.07864e-12 -0.000373276 0.247866
12.8372 1.07955e-12 -0.000372916 0.248008
12.8472 1.08025e-12 -0.000372559 0.248146
12.8572 1.08094e-12 -0.000372203 0.248279
12.8672 1.08175e-12 -0.000371852 0.248408
12.8772 1.08247e-12 -0.000371506 0.248531
12.8872 1.08338e-12 -0.000371163 0.248649
12.8972 1.08408e-12 -0.000370826 0.248761
12.9072 1.08466e-12 -0.000370494 0.248866
12.9172 1.08549e-12 -0.00037017 0.248963
12.9272 1.08646e-12 -0.000369853 0.249052
12.9372 1.08749e-12 -0.000369547 0.249132
12.9472 1.08841e-12 -0.000369254 0.249203
12.9572 1.08913e-12 -0.000368974 0.249262
12.973 1.09049e-12 -0.00036858 0.249332
12.983 1.09129e-12 -0.00036834 0.24936
12.993 1.09199e-12 -0.000368155 0.249366
13.0088 1.09346e-12 -0.000367907 0.249334
13.0188 1.0944e-12 -0.000367906 0.249301
13.0288 1.09512e-12 -0.00036826 0.249264
13.0388 1.09582e-12 -0.000369172 0.249224
13.0488 1.09648e-12 -0.000370205 0.249179
13.0588 1.09709e-12 -0.00037102 0.249128
13.0745 1.09898e-12 -0.000371767 0.249044
13.0845 1.09984e-12 -0.000371978 0.248992
13.0945 1.10076e-12 -0.0003726 0.248943
13.1045 1.10148e-12 -0.000373418 0.248897
13.1145 1.10256e-12 -0.000374043 0.248859
13.1245 1.10315e-12 -0.000374857 0.248828
13.1345 1.1042e-12 -0.00037554 0.248804
13.1445 1.10495e-12 -0.000376113 0.248785
13.1545 1.10575e-12 -0.000376836 0.24877
13.1645 1.10645e-12 -0.000377614 0.248762
13.1806 1.10864e-12 -0.000389925 0.248728
13.1906 1.10933e-12 -0.000393876 0.248684
13.2063 1.11122e-12 -0.000399263 0.248655
13.2163 1.1128e-12 -0.00040374 0.248653
13.2317 1.11489e-12 -0.000412573 0.248666
13.2417 1.11586e-12 -0.000416865 0.248683
13.2517 1.11658e-12 -0.000419714 0.248712
13.2617 1.11705e-12 -0.000421647 0.248756
13.2717 1.11755e-12 -0.000422859 0.248817
13.2817 1.11841e-12 -0.000423092 0.248895
13.2917 1.11908e-12 -0.000422322 0.248991
13.3017 1.11991e-12 -0.000420788 0.249107
13.3117 1.12083e-12 -0.000418763 0.249241
13.3217 1.12155e-12 -0.000416302 0.249394
13.3317 1.12227e-12 -0.000413363 0.249565
13.3417 1.1231e-12 -0.000409991 0.249754
13.3517 1.12368e-12 -0.000407415 0.249969
13.3617 1.12438e-12 -0.000406749 0.250208
13.3717 1.12518e-12 -0.000406762 0.250455
13.3817 1.12588e-12 -0.000406196 0.250699
13.3917 1.12674e-12 -0.000405657 0.250943
13.4017 1.12743e-12 -0.000405629 0.251188
13.4117 1.12832e-12 -0.000405826 0.251429
13.4217 1.12901e-12 -0.000405879 0.251662
13.4317 1.12987e-12 -0.000405619 0.251888
13.4417 1.13068e-12 -0.000405199 0.252108
13.4517 1.13165e-12 -0.000404805 0.252321
13.4617 1.13243e-12 -0.000404449 0.252527
13.4717 1.13318e-12 -0.000404067 0.252725
13.4817 1.13384e-12 -0.000403665 0.252917
13.4917 1.13454e-12 -0.000403262 0.253104
13.5017 1.13548e-12 -0.000402869 0.253285
13.5117 1.13609e-12 -0.000402487 0.253461
13.5217 1.13703e-12 -0.000402091 0.253632
13.5317 1.13776e-12 -0.000401687 0.253799
13.5417 1.13842e-12 -0.000401289 0.253961
13.5517 1.13939e-12 -0.00040089 0.25412
13.5617 1.14023e-12 -0.000400492 0.254274
13.5717 1.14106e-12 -0.000400109 0.254424
13.5817 1.14186e-12 -0.000399735 0.254569
13.5917 1.14248e-12 -0.000399364 0.254711
13.6017 1.14328e-12 -0.000398995 0.254848
13.6117 1.14397e-12 -0.00039863 0.25498
13.6217 1.14492e-12 -0.000398269 0.255107
13.6317 1.14561e-12 -0.000397914 0.255229
13.6417 1.14644e-12 -0.000397565 0.255346
13.6517 1.14725e-12 -0.000397221 0.255456
13.6617 1.1483e-12 -0.000396883 0.25556
13.6717 1.14925e-12 -0.000396552 0.255656
13.6817 1.15008e-12 -0.000396231 0.255744
13.6917 1.151e-12 -0.00039592 0.255823
13.7017 1.15169e-12 -0.000395624 0.255892
13.7117 1.15241e-12 -0.00039534 0.255949
13.7217 1.15324e-12 -0.000395078 0.255996
13.7317 1.1543e-12 -0.000394834 0.256029
13.7417 1.1551e-12 -0.000394627 0.256044
13.7517 1.15602e-12 -0.000394408 0.256036
13.7617 1.15691e-12 -0.000394301 0.256011
13.7717 1.15796e-12 -0.00039439 0.255976
13.7817 1.15866e-12 -0.000394772 0.255939
13.7917 1.16129e-12 -0.000395602 0.255898
13.8096 1.16301e-12 -0.000397482 0.255811
13.8196 1.16387e-12 -0.000398068 0.255757
13.8296 1.16482e-12 -0.000398556 0.255705
13.8396 1.16615e-12 -0.000398793 0.255654
13.8496 1.16673e-12 -0.000399257 0.255605
13.8596 1.16779e-12 -0.000400069 0.25556
13.8696 1.16848e-12 -0.00040073 0.25552
13.8796 1.16915e-12 -0.000401678 0.25549
13.8896 1.16998e-12 -0.000402517 0.255468
13.8996 1.17076e-12 -0.000403048 0.255451
13.9096 1.17145e-12 -0.000403632 0.255438
13.9196 1.17248e-12 -0.000404437 0.25543
13.9357 1.17431e-12 -0.000406424 0.255435
13.9457 1.17498e-12 -0.000406713 0.255447
13.9557 1.17581e-12 -0.00040682 0.255461
13.9657 1.17664e-12 -0.000406967 0.255478
13.9757 1.17745e-12 -0.000407225 0.2555
13.9857 1.17839e-12 -0.000407572 0.255529
13.9957 1.17925e-12 -0.000407925 0.255566
14.0057 1.18031e-12 -0.000408262 0.25561
14.0157 1.18122e-12 -0.000408623 0.255661
14.0257 1.18208e-12 -0.000409035 0.255721
14.0357 1.18319e-12 -0.000409473 0.255788
14.0457 1.184e-12 -0.000409907 0.255862
14.0557 1.18483e-12 -0.00041034 0.255943
14.0657 1.18572e-12 -0.000410788 0.256032
14.0757 1.18638e-12 -0.000410921 0.256128
14.0857 1.18708e-12 -0.000410328 0.256236
14.0957 1.18777e-12 -0.000409111 0.256359
14.1057 1.18858e-12 -0.000408264 0.256503
14.1157 1.18913e-12 -0.000408585 0.256671
14.1257 1.1898e-12 -0.000409177 0.256848
14.1357 1.1906e-12 -0.000409336 0.257023
14.1457 1.19121e-12 -0.000409338 0.257196
14.1557 1.19202e-12 -0.000409293 0.257368
14.1657 1.19282e-12 -0.000409196 0.257537
14.1757 1.1933e-12 -0.000409031 0.257704
14.1857 1.19396e-12 -0.00040881 0.257867
14.1957 1.19474e-12 -0.000408569 0.258028
14.2057 1.19554e-12 -0.000408315 0.258185
14.2157 1.19613e-12 -0.000408047 0.258339
14.2257 1.19679e-12 -0.000407763 0.25849
14.2357 1.19738e-12 -0.00040747 0.258639
14.2457 1.19796e-12 -0.000407171 0.258785
14.2557 1.19851e-12 -0.000406872 0.258928
14.2657 1.19932e-12 -0.000406577 0.259068
14.2757 1.20012e-12 -0.00040628 0.259206
14.2857 1.20107e-12 -0.000405981 0.259341
14.2957 1.20198e-12 -0.00040568 0.259473
14.3057 1.20259e-12 -0.000405378 0.259601
14.3157 1.20345e-12 -0.000405076 0.259727
14.3257 1.20401e-12 -0.000404772 0.259849
14.3357 1.20484e-12 -0.000404468 0.259966
14.3457 1.2057e-12 -0.000404165 0.26008
14.3557 1.20665e-12 -0.000403864 0.260188
14.3657 1.20745e-12 -0.000403566 0.260291
14.3757 1.20814e-12 -0.000403271 0.260387
14.3857 1.20898e-12 -0.000402981 0.260477
14.3957 1.20964e-12 -0.000402698 0.26056
14.4057 1.21037e-12 -0.000402424 0.260635
14.4157 1.21106e-12 -0.000402161 0.260702
14.4257 1.21178e-12 -0.000401911 0.26076
14.4357 1.21256e-12 -0.000401677 0.260809
14.4457 1.21339e-12 -0.000401463 0.260849
14.4557 1.21445e-12 -0.000401266 0.260878
14.4657 1.21547e-12 -0.000401061 0.260895
14.4757 1.21611e-12 -0.000400824 0.260901
14.4857 1.21689e-12 -0.000400614 0.260892
14.4957 1.21755e-12 -0.000400428 0.26087
14.5057 1.21828e-12 -0.000400447 0.260839
14.5157 1.219e-12 -0.000401008 0.260805
14.5257 1.21991e-12 -0.000401861 0.26077
14.5357 1.22072e-12 -0.000402663 0.260732
14.5457 1.22155e-12 -0.000403242 0.260691
14.5557 1.22233e-12 -0.000403668 0.260648
14.5657 1.22338e-12 -0.000404176 0.260605
14.5757 1.22422e-12 -0.000404745 0.260564
14.5857 1.22494e-12 -0.000405261 0.260527
14.5957 1.22566e-12 -0.000405579 0.260494
14.6114 1.22735e-12 -0.000406022 0.260449
14.6214 1.22805e-12 -0.000406399 0.260426
14.6314 1.22874e-12 -0.000406862 0.260409
14.6414 1.22966e-12 -0.000407702 0.2604
14.6547 1.2321e-12 -0.000409144 0.2604
14.6747 1.23354e-12 -0.000409874 0.260417
14.6847 1.23446e-12 -0.000409735 0.260428
14.6947 1.23515e-12 -0.000409601 0.26044
14.7047 1.23573e-12 -0.000409505 0.260454
14.7147 1.23646e-12 -0.000409404 0.260475
14.7247 1.2374e-12 -0.000409299 0.260502
14.7347 1.2382e-12 -0.000409235 0.260536
14.7447 1.23926e-12 -0.000409215 0.260576
14.7547 1.24031e-12 -0.000409176 0.260623
14.7647 1.24112e-12 -0.000408986 0.260677
14.7747 1.24178e-12 -0.00040855 0.260739
14.7847 1.24262e-12 -0.000407768 0.26081
14.7947 1.24331e-12 -0.000406556 0.260892
14.8047 1.244e-12 -0.000404981 0.260984
14.8147 1.24481e-12 -0.000403257 0.261093
14.8247 1.24525e-12 -0.000402283 0.261222
14.8347 1.24628e-12 -0.000402514 0.261373
14.8447 1.24734e-12 -0.00040312 0.261532
14.8547 1.24811e-12 -0.000403391 0.261685
14.8647 1.24872e-12 -0.000403382 0.261832
14.8747 1.24928e-12 -0.000403297 0.261976
14.8847 1.24994e-12 -0.000403165 0.262116
14.8947 1.25072e-12 -0.000402991 0.262253
14.9047 1.2513e-12 -0.000402778 0.262386
14.9147 1.25197e-12 -0.000402545 0.262515
14.9247 1.25269e-12 -0.000402308 0.262642
14.9347 1.25325e-12 -0.000402067 0.262765
14.9447 1.25402e-12 -0.00040182 0.262885
14.9547 1.25486e-12 -0.000401572 0.263003
14.9647 1.25577e-12 -0.000401327 0.263118
14.9747 1.25633e-12 -0.000401086 0.26323
14.9847 1.25699e-12 -0.000400848 0.26334
14.9947 1.25769e-12 -0.000400609 0.263448
15.0047 1.25835e-12 -0.000400369 0.263553
15.0147 1.25927e-12 -0.000400132 0.263656
15.0247 1.26005e-12 -0.000399898 0.263756
15.0347 1.26074e-12 -0.000399665 0.263854
15.0447 1.26144e-12 -0.000399428 0.263948
15.0547 1.2623e-12 -0.000399195 0.26404
15.0647 1.26318e-12 -0.000398967 0.264128
15.0747 1.26385e-12 -0.000398739 0.264212
15.0847 1.26466e-12 -0.000398512 0.264292
15.0947 1.26527e-12 -0.000398286 0.264367
15.1047 1.26621e-12 -0.000398064 0.264436
15.1147 1.26701e-12 -0.000397848 0.264499
15.1247 1.26757e-12 -0.000397638 0.264555
15.1347 1.26812e-12 -0.000397438 0.264604
15.1447 1.26893e-12 -0.000397249 0.264646
15.1547 1.26976e-12 -0.000397073 0.264679
15.1647 1.27057e-12 -0.000396901 0.264704
15.1747 1.27118e-12 -0.00039671 0.26472
15.1847 1.27179e-12 -0.000396507 0.264725
15.1947 1.2722e-12 -0.000396356 0.264718
15.2047 1.27287e-12 -0.000396242 0.264701
15.2147 1.27359e-12 -0.000396238 0.264678
15.2247 1.27445e-12 -0.000396545 0.264652
15.2347 1.2752e-12 -0.000397171 0.264624
15.2447 1.2759e-12 -0.000397874 0.264594
15.2547 1.27656e-12 -0.000398407 0.264562
15.2647 1.27756e-12 -0.000398662 0.264528
15.2747 1.27875e-12 -0.000398954 0.264494
15.2847 1.27948e-12 -0.000399504 0.26446
15.3005 1.28136e-12 -0.000399859 0.264412
15.3105 1.2822e-12 -0.000400169 0.264385
15.3205 1.28289e-12 -0.000400768 0.264362
15.3305 1.28383e-12 -0.000401262 0.264344
15.3405 1.28464e-12 -0.000401722 0.264332
15.352 1.28633e-12 -0.000402562 0.264325
15.3688 1.28925e-12 -0.000404965 0.264322
15.3788 1.28977e-12 -0.000404958 0.264326
15.3888 1.29055e-12 -0.000404473 0.264337
15.3988 1.29124e-12 -0.000404154 0.264353
15.4088 1.29191e-12 -0.000403799 0.264371
15.4188 1.29272e-12 -0.000403186 0.264396
15.4288 1.29355e-12 -0.000402349 0.264428
15.4388 1.29424e-12 -0.000401376 0.264469
15.4488 1.29508e-12 -0.000400323 0.264517
15.4588 1.29571e-12 -0.000399176 0.264574
15.4688 1.29652e-12 -0.000397919 0.264638
15.4788 1.2973e-12 -0.000396571 0.264709
15.4888 1.29813e-12 -0.000395331 0.264792
15.4988 1.29879e-12 -0.000394853 0.26489
15.5088 1.29938e-12 -0.000395315 0.265001
15.5188 1.3001e-12 -0.000396306 0.265122
15.5288 1.30079e-12 -0.000396834 0.265238
15.5388 1.30135e-12 -0.000396502 0.26534
15.5488 1.30235e-12 -0.000396101 0.265435
15.5588 1.30282e-12 -0.000395893 0.265529
15.5688 1.3036e-12 -0.000395722 0.265622
15.5788 1.30401e-12 -0.000395569 0.265715
15.5888 1.30468e-12 -0.000395419 0.265807
15.5988 1.30551e-12 -0.000395265 0.265898
15.6088 1.30618e-12 -0.000395106 0.265988
15.6188 1.30673e-12 -0.000394953 0.266078
15.6288 1.30729e-12 -0.000394808 0.266166
15.6388 1.30798e-12 -0.000394662 0.266254
15.6488 1.30854e-12 -0.000394501 0.266341
15.6588 1.30929e-12 -0.000394329 0.266428
15.6688 1.31001e-12 -0.00039416 0.266515
15.6788 1.31081e-12 -0.000393999 0.2666
15.6888 1.31137e-12 -0.000393839 0.266684
15.6988 1.3119e-12 -0.000393675 0.266765
15.7088 1.31259e-12 -0.00039351 0.266845
15.7188 1.31328e-12 -0.000393347 0.266922
15.7288 1.314e-12 -0.000393186 0.266996
15.7388 1.3147e-12 -0.000393024 0.267067
15.7488 1.31539e-12 -0.000392863 0.267135
15.7588 1.31609e-12 -0.000392705 0.2672
15.7688 1.31664e-12 -0.000392549 0.26726
15.7788 1.31747e-12 -0.000392398 0.267317
15.7888 1.31828e-12 -0.00039225 0.26737
15.7988 1.31883e-12 -0.000392108 0.267418
15.8088 1.3195e-12 -0.000391971 0.267462
15.8188 1.32017e-12 -0.000391841 0.267501
15.8288 1.32083e-12 -0.000391721 0.267534
15.8388 1.32166e-12 -0.000391611 0.267562
15.8488 1.32258e-12 -0.000391496 0.267584
15.8588 1.32314e-12 -0.000391365 0.2676
15.8688 1.32366e-12 -0.000391236 0.267607
15.8788 1.32408e-12 -0.000391166 0.267604
15.8888 1.32461e-12 -0.000391171 0.267593
15.8988 1.32527e-12 -0.000391197 0.267578
15.9088 1.32619e-12 -0.00039126 0.26756
15.9188 1.32694e-12 -0.000391607 0.26754
15.9288 1.32772e-12 -0.00039217 0.267518
15.9388 1.32844e-12 -0.000392683 0.267495
15.9488 1.32935e-12 -0.000393109 0.267471
15.9588 1.3303e-12 -0.000393017 0.267446
15.9688 1.33102e-12 -0.000392947 0.267419
15.9788 1.33185e-12 -0.000393475 0.267392
15.9888 1.33257e-12 -0.000394013 0.267367
15.9988 1.33357e-12 -0.00039465 0.267348
16.0112 1.33588e-12 -0.000396959 0.267331
16.0308 1.33737e-12 -0.000401489 0.267287
16.0408 1.33782e-12 -0.000400858 0.26728
16.0508 1.33865e-12 -0.000400122 0.267283
16.0608 1.33987e-12 -0.00039967 0.26729
16.0708 1.34034e-12 -0.000399614 0.267301
16.0808 1.3409e-12 -0.000399587 0.26732
16.0908 1.34157e-12 -0.000399481 0.267348
16.1008 1.34237e-12 -0.000399309 0.267384
16.1108 1.34306e-12 -0.000399089 0.267428
16.1208 1.34379e-12 -0.000398741 0.267478
16.1308 1.34445e-12 -0.000398213 0.267536
16.1408 1.3454e-12 -0.000397571 0.267601
16.1508 1.3462e-12 -0.00039689 0.267673
16.1608 1.34726e-12 -0.000396282 0.267754
16.1708 1.34781e-12 -0.000396131 0.267848
16.1808 1.34862e-12 -0.000396544 0.267946
16.1908 1.34942e-12 -0.000396663 0.268034
16.2008 1.35023e-12 -0.000396123 0.26811
16.2166 1.35167e-12 -0.000395586 0.268225
16.2266 1.35222e-12 -0.000395443 0.268299
16.2366 1.35289e-12 -0.000395298 0.268372
16.2466 1.35361e-12 -0.000395173 0.268445
16.2566 1.35417e-12 -0.000395058 0.268517
16.2666 1.35483e-12 -0.000394953 0.268588
16.2766 1.35567e-12 -0.000394842 0.268658
16.2866 1.35633e-12 -0.000394736 0.268728
16.2966 1.3568e-12 -0.000394644 0.268797
16.3066 1.35747e-12 -0.000394555 0.268867
16.3224 1.3588e-12 -0.000394413 0.268975
16.3324 1.35961e-12 -0.000394327 0.269044
16.3424 1.36038e-12 -0.000394242 0.269113
16.3524 1.36116e-12 -0.00039415 0.269182
16.3624 1.36186e-12 -0.000394054 0.26925
16.3724 1.36241e-12 -0.000393957 0.269317
16.3824 1.36308e-12 -0.000393858 0.269382
16.3924 1.36363e-12 -0.000393756 0.269446
16.4024 1.36419e-12 -0.000393652 0.269507
16.4124 1.36477e-12 -0.000393546 0.269566
16.4224 1.36546e-12 -0.000393439 0.269622
16.4324 1.36602e-12 -0.000393333 0.269675
16.4424 1.36668e-12 -0.00039323 0.269724
16.4524 1.36738e-12 -0.000393129 0.26977
16.4624 1.36804e-12 -0.000393032 0.269812
16.4724 1.36857e-12 -0.00039294 0.269849
16.4824 1.36904e-12 -0.000392855 0.269883
16.4924 1.36971e-12 -0.000392777 0.269911
16.5024 1.37027e-12 -0.000392699 0.269935
16.5124 1.37071e-12 -0.000392614 0.269952
16.5224 1.37151e-12 -0.00039254 0.269963
16.5324 1.37201e-12 -0.000392546 0.269966
16.5424 1.37268e-12 -0.000392642 0.269961
16.5524 1.37321e-12 -0.000392792 0.269951
16.5624 1.37379e-12 -0.00039298 0.269939
16.5724 1.37462e-12 -0.000393172 0.269925
16.5824 1.37543e-12 -0.000393442 0.269908
16.5924 1.37634e-12 -0.000393834 0.269891
16.6024 1.37715e-12 -0.000394278 0.269872
16.6124 1.37812e-12 -0.000394708 0.269852
16.6239 1.3792e-12 -0.000394863 0.269828
16.642 1.38151e-12 -0.000396063 0.269788
16.6535 1.38314e-12 -0.000396646 0.269765
16.6652 1.38456e-12 -0.000397972 0.269748
16.6752 1.38561e-12 -0.000398703 0.269736
16.691 1.38695e-12 -0.000398826 0.269723
16.7067 1.38822e-12 -0.000398741 0.269719
16.7176 1.39125e-12 -0.000400001 0.269719
16.7276 1.39172e-12 -0.000400457 0.269718
16.7376 1.39214e-12 -0.000399968 0.269723
16.7476 1.39266e-12 -0.00039949 0.269733
16.7576 1.39319e-12 -0.000399218 0.269746
16.7676 1.39405e-12 -0.000399188 0.269763
16.7776 1.39469e-12 -0.00039921 0.26979
16.7876 1.39527e-12 -0.000399227 0.269825
16.7976 1.39599e-12 -0.000399384 0.269868
16.8076 1.39672e-12 -0.000399767 0.269918
16.8176 1.39749e-12 -0.000400347 0.269975
16.8276 1.39797e-12 -0.000400664 0.27003
16.8376 1.39866e-12 -0.000400511 0.270073
16.8476 1.3996e-12 -0.000400188 0.270109
16.8576 1.4003e-12 -0.000399802 0.270143
16.8676 1.40121e-12 -0.000399339 0.270175
16.8776 1.40191e-12 -0.000399076 0.270208
16.8876 1.40282e-12 -0.000399102 0.270245
16.8976 1.40324e-12 -0.000399175 0.270285
16.9076 1.40382e-12 -0.000399256 0.270325
16.9176 1.40438e-12 -0.000399361 0.270367
16.9276 1.40501e-12 -0.000399461 0.270408
16.9376 1.40557e-12 -0.000399561 0.27045
16.9476 1.40615e-12 -0.000399663 0.270492
16.9576 1.40671e-12 -0.000399767 0.270534
16.9676 1.40729e-12 -0.00039987 0.270577
16.9776 1.40787e-12 -0.000399973 0.270619
16.9876 1.40851e-12 -0.000400076 0.27066
16.9976 1.40918e-12 -0.000400178 0.270701
17.0076 1.40984e-12 -0.000400276 0.270742
17.0176 1.41062e-12 -0.000400375 0.270782
17.0276 1.41129e-12 -0.000400471 0.270821
17.0376 1.41201e-12 -0.000400564 0.270859
17.0476 1.41265e-12 -0.000400654 0.270896
17.0576 1.41348e-12 -0.000400743 0.270931
17.0676 1.41426e-12 -0.000400829 0.270965
17.0776 1.41467e-12 -0.000400915 0.270998
17.0876 1.41545e-12 -0.000400999 0.271028
17.0976 1.41598e-12 -0.000401085 0.271056
17.1076 1.41653e-12 -0.000401173 0.271082
17.1176 1.41706e-12 -0.000401264 0.271106
17.1276 1.41773e-12 -0.000401358 0.271126
17.1376 1.41817e-12 -0.00040146 0.271144
17.1476 1.41881e-12 -0.000401555 0.271158
17.1576 1.41948e-12 -0.000401665 0.271168
17.1676 1.41992e-12 -0.000401837 0.271173
17.1776 1.42036e-12 -0.000402096 0.271172
17.1934 1.42161e-12 -0.000402602 0.271164
17.2034 1.42225e-12 -0.000402909 0.271156
17.2134 1.42275e-12 -0.00040321 0.271147
17.2234 1.42369e-12 -0.000403495 0.271136
17.2334 1.42439e-12 -0.000403913 0.271125
17.2434 1.4253e-12 -0.000404466 0.271112
17.2534 1.42608e-12 -0.000404974 0.2711
17.2634 1.42697e-12 -0.000405425 0.271087
17.2825 1.42894e-12 -0.00040645 0.271063
17.2982 1.4303e-12 -0.000406337 0.271044
17.3082 1.43088e-12 -0.000406455 0.271034
17.3182 1.43158e-12 -0.00040667 0.271026
17.3282 1.43235e-12 -0.000406744 0.271019
17.3382 1.43474e-12 -0.000406627 0.271015
17.3496 1.43671e-12 -0.000408852 0.27101
17.3596 1.43724e-12 -0.00041041 0.271002
17.3696 1.43791e-12 -0.000410366 0.271002
17.3796 1.4386e-12 -0.000409985 0.271008
17.3896 1.43924e-12 -0.000409882 0.271016
17.3996 1.43965e-12 -0.000410085 0.271026
17.4096 1.44032e-12 -0.000410343 0.271037
17.4196 1.44068e-12 -0.000410523 0.271048
17.4296 1.44143e-12 -0.000410666 0.27106
17.4396 1.44199e-12 -0.000410835 0.271073
17.4496 1.44268e-12 -0.000410975 0.271088
17.4596 1.44326e-12 -0.000411032 0.271104
17.4696 1.44385e-12 -0.000411016 0.271121
17.4796 1.44476e-12 -0.000410973 0.271139
17.4896 1.4457e-12 -0.000410907 0.271156
17.4996 1.4464e-12 -0.000411042 0.271176
17.5096 1.44723e-12 -0.000411444 0.271197
17.5196 1.4479e-12 -0.000411823 0.271216
17.5296 1.44859e-12 -0.000412145 0.271233
17.5396 1.44915e-12 -0.000412562 0.271249
17.5496 1.44967e-12 -0.000413028 0.271265
17.5596 1.45015e-12 -0.000413471 0.27128
17.5696 1.45067e-12 -0.000413924 0.271295
17.5796 1.45137e-12 -0.00041439 0.271311
17.5896 1.45178e-12 -0.000414847 0.271328
17.5996 1.45242e-12 -0.000415298 0.271345
17.6096 1.45298e-12 -0.000415753 0.271362
17.6196 1.45342e-12 -0.000416214 0.27138
17.6296 1.45395e-12 -0.000416685 0.271397
17.6396 1.4545e-12 -0.000417163 0.271413
17.6496 1.45514e-12 -0.000417641 0.271429
17.6596 1.4557e-12 -0.000418123 0.271443
17.6696 1.45622e-12 -0.000418611 0.271457
17.6796 1.45692e-12 -0.000419104 0.271469
17.6896 1.45758e-12 -0.000419602 0.27148
17.6996 1.45814e-12 -0.000420108 0.27149
17.7096 1.45881e-12 -0.000420616 0.271498
17.7196 1.45936e-12 -0.000421131 0.271505
17.7296 1.45989e-12 -0.000421666 0.271509
17.7396 1.46055e-12 -0.000422237 0.271511
17.7496 1.461e-12 -0.000422824 0.271511
17.7596 1.46166e-12 -0.000423399 0.27151
17.7696 1.46219e-12 -0.000423966 0.271508
17.7796 1.4625e-12 -0.000424524 0.271506
17.7896 1.46289e-12 -0.000425078 0.271503
17.7996 1.46333e-12 -0.00042563 0.271498
17.8096 1.46411e-12 -0.000426245 0.271493
17.8196 1.46469e-12 -0.000426964 0.271486
17.8296 1.46561e-12 -0.000427896 0.271479
17.8396 1.46713e-12 -0.000429132 0.271472
17.8496 1.46769e-12 -0.000430072 0.271464
17.8596 1.46838e-12 -0.000430237 0.271457
17.8696 1.46899e-12 -0.000430096 0.271449
17.8796 1.46991e-12 -0.000430102 0.271442
17.8896 1.47074e-12 -0.000430126 0.271435
17.8996 1.47321e-12 -0.000430823 0.271429
17.9175 1.47493e-12 -0.000432669 0.271418
17.9275 1.47574e-12 -0.000432926 0.271416
17.9375 1.47696e-12 -0.000433546 0.271415
17.9475 1.47751e-12 -0.000434513 0.271414
17.9575 1.47796e-12 -0.000434928 0.271414
17.9675 1.47851e-12 -0.000435032 0.271418
17.9775 1.47907e-12 -0.000435284 0.271422
17.9875 1.47951e-12 -0.000435672 0.271428
17.9975 1.47982e-12 -0.000436148 0.271434
18.0075 1.48034e-12 -0.00043661 0.27144
18.0175 1.48109e-12 -0.000437076 0.271447
18.0275 1.4814e-12 -0.000437571 0.271454
18.0375 1.48209e-12 -0.000438062 0.271459
18.0475 1.48268e-12 -0.000438528 0.271462
18.0575 1.48345e-12 -0.000438958 0.271463
18.0675 1.48412e-12 -0.000439378 0.271465
18.0775 1.48467e-12 -0.000439897 0.271468
18.0875 1.48523e-12 -0.00044055 0.271471
18.0975 1.48587e-12 -0.000441226 0.271472
18.1133 1.48698e-12 -0.000442207 0.27147
18.129 1.48817e-12 -0.000443114 0.27147
18.139 1.48861e-12 -0.000443705 0.27147
18.149 1.489e-12 -0.000444297 0.271471
18.159 1.48956e-12 -0.000444897 0.271472
18.169 1.48997e-12 -0.000445505 0.271473
18.179 1.49039e-12 -0.00044612 0.271474
18.189 1.49097e-12 -0.00044674 0.271476
18.199 1.49139e-12 -0.000447367 0.271479
18.209 1.49195e-12 -0.000447998 0.271481
18.219 1.49247e-12 -0.000448632 0.271483
18.229 1.49317e-12 -0.000448897 0.271485
18.239 1.49381e-12 -0.000449147 0.271487
18.249 1.49433e-12 -0.000449757 0.271488
18.259 1.495e-12 -0.000450397 0.271488
18.269 1.49544e-12 -0.000451037 0.271488
18.279 1.49597e-12 -0.000451708 0.271488
18.289 1.49694e-12 -0.000451726 0.271487
18.299 1.49725e-12 -0.000451707 0.271486
18.309 1.49764e-12 -0.000452303 0.271484
18.319 1.49805e-12 -0.000452946 0.271482
18.329 1.49847e-12 -0.000453593 0.271479
18.339 1.49941e-12 -0.000454413 0.271476
18.349 1.49988e-12 -0.000455426 0.271473
18.359 1.50044e-12 -0.0004565 0.271469
18.369 1.50085e-12 -0.000457423 0.271466
18.379 1.50302e-12 -0.000459202 0.271461
18.3951 1.50652e-12 -0.000462957 0.271451
18.4051 1.50721e-12 -0.000464447 0.271447
18.4151 1.50843e-12 -0.000466376 0.271446
18.4251 1.50885e-12 -0.000468165 0.271444
18.4351 1.5094e-12 -0.000469145 0.271444
18.4451 1.51007e-12 -0.000469935 0.271444
18.4551 1.51087e-12 -0.000470554 0.271444
18.4651 1.51154e-12 -0.000470902 0.271445
18.4751 1.51226e-12 -0.000470443 0.271445
18.4851 1.51268e-12 -0.000470156 0.271447
18.4951 1.51298e-12 -0.000470739 0.271449
18.5051 1.51337e-12 -0.000471385 0.271451
18.5151 1.51379e-12 -0.000472059 0.271454
18.5251 1.51418e-12 -0.000472808 0.271458
18.5351 1.51459e-12 -0.000473545 0.271462
18.5451 1.51498e-12 -0.000474257 0.271466
18.5551 1.51551e-12 -0.000474952 0.271469
18.5651 1.51607e-12 -0.000475667 0.271473
18.5751 1.51648e-12 -0.000476387 0.271476
18.5851 1.51698e-12 -0.000477088 0.271479
18.5951 1.5174e-12 -0.000477771 0.271482
18.6051 1.51837e-12 -0.00047845 0.271483
18.6151 1.51892e-12 -0.000479217 0.271484
18.6251 1.51956e-12 -0.00047999 0.271484
18.6351 1.52001e-12 -0.000480678 0.271483
18.6451 1.52051e-12 -0.000481353 0.271482
18.6551 1.52106e-12 -0.000482024 0.27148
18.6651 1.52159e-12 -0.00048269 0.271478
18.6751 1.52214e-12 -0.000483345 0.271476
18.6851 1.52295e-12 -0.000483696 0.271473
18.6951 1.52353e-12 -0.000483378 0.271471
18.7051 1.5242e-12 -0.00048317 0.27147
18.7151 1.52497e-12 -0.000483491 0.271468
18.7251 1.52567e-12 -0.000483839 0.271467
18.7351 1.52689e-12 -0.000483755 0.271466
18.7451 1.52736e-12 -0.000483582 0.271465
18.7551 1.52817e-12 -0.000483756 0.271464
18.7651 1.52928e-12 -0.000483856 0.271463
18.7751 1.52994e-12 -0.000484266 0.271462
18.7851 1.53064e-12 -0.000485372 0.271461
18.7951 1.53122e-12 -0.000486797 0.27146
18.8064 1.53327e-12 -0.000489389 0.271458
18.8164 1.53394e-12 -0.000491525 0.271456
18.8322 1.53524e-12 -0.00049359 0.271456
18.8422 1.53544e-12 -0.000494263 0.271457
18.8522 1.53627e-12 -0.000495041 0.271458
18.8622 1.53721e-12 -0.000496375 0.27146
18.8722 1.53763e-12 -0.000497686 0.271462
18.8822 1.53802e-12 -0.00049852 0.271464
18.8922 1.53844e-12 -0.000499312 0.271466
18.9022 1.53882e-12 -0.000500106 0.271468
18.9122 1.53902e-12 -0.000500867 0.271469
18.9222 1.53944e-12 -0.000501591 0.271471
18.9322 1.53982e-12 -0.000502281 0.271472
18.9422 1.54013e-12 -0.000502979 0.271474
18.9522 1.5411e-12 -0.000503488 0.271475
18.968 1.54235e-12 -0.000503813 0.271476
18.978 1.54288e-12 -0.000504438 0.271477
18.988 1.54329e-12 -0.000505086 0.271478
18.998 1.54382e-12 -0.00050574 0.271478
19.008 1.54413e-12 -0.000506418 0.271477
19.018 1.5444e-12 -0.000507084 0.271477
19.0284 1.54587e-12 -0.00050756 0.271476
19.0384 1.54629e-12 -0.000508168 0.271475
19.0517 1.54807e-12 -0.000507452 0.271473
19.0617 1.54865e-12 -0.000506181 0.271472
19.0717 1.54923e-12 -0.000506379 0.27147
19.0817 1.5499e-12 -0.000506999 0.271469
19.0917 1.55093e-12 -0.000507477 0.271467
19.1017 1.55151e-12 -0.000507763 0.271466
19.1117 1.55209e-12 -0.000508016 0.271464
19.1275 1.55345e-12 -0.000508519 0.271463
19.1375 1.55401e-12 -0.000508699 0.271462
19.1475 1.5547e-12 -0.000509628 0.271461
19.1575 1.55539e-12 -0.000511338 0.271461
19.1675 1.5557e-12 -0.000512679 0.27146
19.1775 1.55856e-12 -0.000518581 0.271468
19.194 1.55967e-12 -0.00052682 0.271486
19.204 1.56031e-12 -0.000528704 0.271487
19.214 1.56089e-12 -0.00053028 0.271487
19.224 1.56142e-12 -0.000531615 0.271487
19.234 1.56186e-12 -0.000532896 0.271487
19.244 1.56239e-12 -0.000533952 0.271488
19.254 1.56294e-12 -0.00053492 0.27149
19.264 1.56339e-12 -0.000535806 0.271492
19.274 1.56405e-12 -0.000536717 0.271493
19.284 1.56461e-12 -0.000537588 0.271494
19.294 1.56539e-12 -0.000538401 0.271494
19.304 1.56594e-12 -0.000539148 0.271494
19.314 1.56639e-12 -0.000539855 0.271496
19.324 1.56694e-12 -0.000540559 0.271499
19.334 1.56736e-12 -0.000541266 0.271502
19.344 1.56775e-12 -0.000541963 0.271503
19.354 1.56827e-12 -0.00054266 0.271503
19.364 1.56858e-12 -0.000543361 0.271504
19.374 1.56897e-12 -0.00054406 0.271505
19.384 1.56944e-12 -0.000544817 0.271507
19.394 1.57077e-12 -0.000545299 0.271507
19.4077 1.5726e-12 -0.000545913 0.271507
19.4177 1.57355e-12 -0.000547073 0.271506
19.4277 1.57477e-12 -0.000548286 0.271504
19.4377 1.57588e-12 -0.000552949 0.27151
19.4477 1.57666e-12 -0.000558073 0.271522
19.4577 1.57724e-12 -0.000560188 0.271524
19.471 1.57907e-12 -0.000562816 0.271519
19.481 1.57938e-12 -0.000563572 0.271515
19.491 1.58029e-12 -0.000564189 0.271513
19.501 1.58087e-12 -0.000564616 0.271513
19.511 1.58168e-12 -0.000564909 0.271512
19.521 1.5824e-12 -0.000565239 0.271512
19.5401 1.58451e-12 -0.00056571 0.271512
19.5501 1.58493e-12 -0.000566184 0.271512
19.5658 1.58701e-12 -0.000566355 0.271512
19.5758 1.58792e-12 -0.000566376 0.271513
19.5858 1.58831e-12 -0.000566794 0.271513
19.5958 1.59039e-12 -0.00056715 0.271514
19.6142 1.59162e-12 -0.00056811 0.271517
19.6242 1.59225e-12 -0.000568771 0.271518
19.6342 1.59259e-12 -0.000569404 0.27152
19.6442 1.59325e-12 -0.000570078 0.271521
19.6542 1.59422e-12 -0.00057074 0.271522
19.6642 1.59503e-12 -0.000571473 0.271523
19.6742 1.59583e-12 -0.000572333 0.271524
19.6842 1.59664e-12 -0.00057321 0.271524
19.6942 1.59736e-12 -0.000574243 0.271524
19.7042 1.59867e-12 -0.000575238 0.271524
19.7142 1.59914e-12 -0.000576203 0.271524
19.7242 1.59969e-12 -0.000577482 0.271525
19.7342 1.60036e-12 -0.00057909 0.271526
19.7442 1.60133e-12 -0.000581608 0.271526
19.7542 1.6018e-12 -0.000583878 0.271526
19.7642 1.60247e-12 -0.00058515 0.271525
19.7742 1.60291e-12 -0.000586237 0.271525
19.7842 1.60358e-12 -0.000587215 0.271525
19.7942 1.60436e-12 -0.000588082 0.271525
19.8042 1.60519e-12 -0.000588424 0.271524
19.8142 1.6063e-12 -0.000588655 0.271522
19.8242 1.60702e-12 -0.000588863 0.271521
19.8342 1.60752e-12 -0.000589019 0.271519
19.8442 1.6078e-12 -0.000589523 0.271518
19.8542 1.60891e-12 -0.000589817 0.271517
19.8642 1.61018e-12 -0.000589284 0.271516
19.8742 1.61127e-12 -0.000588252 0.271515
19.8842 1.61213e-12 -0.00058751 0.271514
19.8942 1.61282e-12 -0.000587614 0.271514
19.9042 1.61363e-12 -0.000588352 0.271514
19.9142 1.61429e-12 -0.000589264 0.271514
19.9308 1.61629e-12 -0.000591606 0.271514
19.9428 1.61859e-12 -0.000595661 0.271516
19.9528 1.61987e-12 -0.000597387 0.271517
19.9685 1.62151e-12 -0.000599197 0.271517
19.9785 1.62231e-12 -0.000599971 0.271517
19.9885 1.6234e-12 -0.000600247 0.271517
19.9985 1.6242e-12 -0.000600471 0.271518
20.0085 1.62487e-12 -0.000601152 0.271518
20.0185 1.62567e-12 -0.000601783 0.271519
20.0285 1.62612e-12 -0.000602365 0.271519
20.0385 1.6267e-12 -0.000602945 0.271519
20.0485 1.62806e-12 -0.00060305 0.27152
20.0585 1.62886e-12 -0.000603164 0.27152
20.0685 1.62953e-12 -0.000603727 0.27152
20.0801 1.63036e-12 -0.000604379 0.271521
20.0916 1.63144e-12 -0.000604991 0.271521
20.1074 1.63253e-12 -0.00060574 0.271521
20.1174 1.63297e-12 -0.000606092 0.271523
20.1274 1.63353e-12 -0.00060649 0.271525
20.1374 1.63408e-12 -0.000606989 0.271527
20.1474 1.63464e-12 -0.00060752 0.271527
20.1574 1.63514e-12 -0.000608087 0.271527
20.1731 1.63583e-12 -0.000609004 0.271529
20.1831 1.63625e-12 -0.000609581 0.27153
20.1931 1.63666e-12 -0.000610116 0.271531
20.2031 1.63733e-12 -0.000610624 0.271531
20.2131 1.63775e-12 -0.000611143 0.271531
20.2231 1.63872e-12 -0.000611468 0.27153
20.2331 1.63924e-12 -0.000611593 0.271529
20.2431 1.63999e-12 -0.000611552 0.271528
20.2531 1.64077e-12 -0.00061157 0.271527
20.2631 1.64188e-12 -0.000611452 0.271525
20.2731 1.64246e-12 -0.000611579 0.271524
20.2831 1.64327e-12 -0.00061249 0.271523
20.2931 1.64427e-12 -0.000613291 0.271521
20.3065 1.64643e-12 -0.00061539 0.271518
20.3165 1.64727e-12 -0.000617267 0.271516
20.3322 1.64851e-12 -0.000619358 0.271515
20.3422 1.6491e-12 -0.000620124 0.271514
20.3522 1.64987e-12 -0.000620826 0.271514
20.3622 1.65301e-12 -0.000621746 0.271514
20.3758 1.65451e-12 -0.000622412 0.271511
20.3858 1.65509e-12 -0.000622034 0.27151
20.3958 1.65593e-12 -0.000622026 0.271509
20.4116 1.65729e-12 -0.000621907 0.27151
20.4274 1.65826e-12 -0.000622088 0.271514
20.4374 1.65895e-12 -0.000622289 0.271516
20.4474 1.65967e-12 -0.000622678 0.271518
20.4574 1.66023e-12 -0.000623119 0.271518
20.4674 1.66089e-12 -0.00062362 0.271519
20.4774 1.66142e-12 -0.000624131 0.271522
20.4874 1.66198e-12 -0.000624651 0.271524
20.4974 1.66306e-12 -0.000625208 0.271527
20.5084 1.66445e-12 -0.000625832 0.271529
20.5241 1.66528e-12 -0.000626693 0.271529
20.5341 1.66583e-12 -0.000627264 0.27153
20.5441 1.66614e-12 -0.000627847 0.271532
20.5541 1.66667e-12 -0.000628428 0.271534
20.5699 1.66736e-12 -0.000629341 0.271534
20.5799 1.66764e-12 -0.000629919 0.271533
20.5899 1.66797e-12 -0.000630495 0.271533
20.5999 1.66847e-12 -0.00063107 0.271532
20.6099 1.66914e-12 -0.00063166 0.271532
20.6199 1.67097e-12 -0.000631996 0.271531
20.6393 1.67205e-12 -0.000632565 0.271528
20.6551 1.67422e-12 -0.000631987 0.271524
20.6651 1.67488e-12 -0.000631712 0.271521
20.6751 1.67555e-12 -0.000631848 0.271519
20.6851 1.67613e-12 -0.000632537 0.271518
20.6951 1.67752e-12 -0.000632942 0.271516
20.7066 1.68063e-12 -0.000633338 0.271515
20.719 1.68218e-12 -0.000634699 0.271514
20.729 1.68271e-12 -0.000636814 0.271513
20.7465 1.68454e-12 -0.000638275 0.271513
20.7565 1.68499e-12 -0.000638822 0.271513
20.7665 1.68607e-12 -0.000639583 0.271514
20.7775 1.68754e-12 -0.00064031 0.271514
20.7908 1.68882e-12 -0.000641211 0.271516
20.8065 1.69045e-12 -0.000642272 0.271518
20.8165 1.69101e-12 -0.000642949 0.27152
20.8265 1.69154e-12 -0.000643578 0.271521
20.8365 1.69187e-12 -0.000644183 0.271522
20.8465 1.69242e-12 -0.000644773 0.271523
20.8565 1.69298e-12 -0.000645326 0.271523
20.8665 1.69365e-12 -0.00064585 0.271524
20.8765 1.69431e-12 -0.000646378 0.271524
20.8881 1.69523e-12 -0.00064699 0.271525
20.8996 1.69612e-12 -0.000647579 0.271526
20.9154 1.69706e-12 -0.000648308 0.271528
20.9254 1.69759e-12 -0.000648747 0.27153
20.9412 1.69842e-12 -0.000649443 0.271532
20.9512 1.69895e-12 -0.000649857 0.271533
20.9612 1.69922e-12 -0.000650289 0.271534
20.9712 1.69978e-12 -0.000650748 0.271535
20.9812 1.70058e-12 -0.000651131 0.271535
20.9912 1.70183e-12 -0.000651167 0.271535
21.0012 1.70233e-12 -0.00065128 0.271534
21.0112 1.70319e-12 -0.000651468 0.271533
21.0212 1.70364e-12 -0.000651755 0.271531
21.0312 1.7043e-12 -0.000652489 0.27153
21.0412 1.70486e-12 -0.000653487 0.271528
21.0512 1.70541e-12 -0.000654571 0.271526
21.0645 1.70663e-12 -0.00065568 0.271523
21.0745 1.70733e-12 -0.000656403 0.271522
21.0845 1.70833e-12 -0.000657317 0.271521
21.1034 1.71432e-12 -0.000658427 0.271519
21.115 1.71585e-12 -0.000660051 0.271517
21.125 1.71665e-12 -0.000660138 0.271516
21.135 1.7176e-12 -0.000659545 0.271515
21.145 1.71854e-12 -0.000658872 0.271515
21.155 1.71918e-12 -0.000658845 0.271515
21.165 1.7196e-12 -0.000659185 0.271516
21.175 1.72032e-12 -0.000659442 0.271516
21.185 1.72112e-12 -0.000659809 0.271517
21.195 1.72184e-12 -0.000660363 0.271518
21.205 1.72226e-12 -0.000660849 0.27152
21.2208 1.72323e-12 -0.0006615 0.271523
21.2308 1.72362e-12 -0.000661969 0.271525
21.2408 1.7247e-12 -0.000662499 0.271527
21.2536 1.72792e-12 -0.00066316 0.271529
21.2733 1.73145e-12 -0.000664111 0.271531
21.2904 1.73228e-12 -0.000664976 0.271533
21.3004 1.73242e-12 -0.000665481 0.271534
21.3104 1.73284e-12 -0.000665995 0.271534
21.3204 1.73311e-12 -0.000666516 0.271534
21.3304 1.73364e-12 -0.000667042 0.271534
21.3404 1.73428e-12 -0.000667518 0.271534
21.3504 1.73472e-12 -0.000667794 0.271533
21.3604 1.73556e-12 -0.0006682 0.271532
21.3704 1.73636e-12 -0.000668723 0.27153
21.3804 1.73703e-12 -0.000669017 0.271529
21.3904 1.73786e-12 -0.000668862 0.271527
21.4004 1.73844e-12 -0.00066902 0.271526
21.4104 1.74008e-12 -0.000669062 0.271524
21.4204 1.74102e-12 -0.000668158 0.271522
21.4304 1.74158e-12 -0.000667763 0.271521
21.4404 1.74227e-12 -0.000667847 0.27152
21.4504 1.74294e-12 -0.000667846 0.271518
21.4604 1.74391e-12 -0.000668177 0.271518
21.4704 1.74499e-12 -0.000668439 0.271517
21.4804 1.7461e-12 -0.000668453 0.271517
21.4904 1.7468e-12 -0.000668733 0.271517
21.502 1.74977e-12 -0.000669378 0.271518
21.5176 1.75129e-12 -0.000670596 0.271519
21.5276 1.75188e-12 -0.000671297 0.271519
21.5376 1.75243e-12 -0.000671948 0.27152
21.5476 1.75299e-12 -0.000672616 0.271521
21.5576 1.75351e-12 -0.000673232 0.271522
21.5676 1.75379e-12 -0.000673815 0.271524
21.5776 1.75449e-12 -0.000674283 0.271525
21.5876 1.75504e-12 -0.000674755 0.271526
21.5976 1.75562e-12 -0.000675339 0.271527
21.613 1.75743e-12 -0.000676227 0.271527
21.6246 1.7587e-12 -0.000677036 0.271527
21.6346 1.75912e-12 -0.000677855 0.271527
21.6446 1.75995e-12 -0.000678546 0.271527
21.6546 1.76048e-12 -0.000679207 0.271527
21.6646 1.76101e-12 -0.000679731 0.271528
21.6803 1.76201e-12 -0.000680444 0.271529
21.6903 1.76237e-12 -0.00068089 0.271529
21.7003 1.76267e-12 -0.000681346 0.271529
21.7103 1.76317e-12 -0.000681807 0.27153
21.7203 1.76373e-12 -0.000682289 0.271531
21.7303 1.76431e-12 -0.000682834 0.271532
21.7403 1.76487e-12 -0.00068333 0.271532
21.7503 1.7655e-12 -0.000683663 0.271532
21.7603 1.76634e-12 -0.000683474 0.271532
21.7703 1.767e-12 -0.00068332 0.271531
21.7803 1.76745e-12 -0.000683578 0.27153
21.7903 1.76853e-12 -0.000684108 0.271529
21.8003 1.76936e-12 -0.000684816 0.271528
21.812 1.77075e-12 -0.000686799 0.271526
21.822 1.77147e-12 -0.000686944 0.271524
21.832 1.77205e-12 -0.000686474 0.271523
21.842 1.77269e-12 -0.000686185 0.271522
21.852 1.7738e-12 -0.000685782 0.271522
21.862 1.77436e-12 -0.000685833 0.271521
21.872 1.77505e-12 -0.000686318 0.271521
21.882 1.77561e-12 -0.000686836 0.271521
21.8935 1.77683e-12 -0.000687334 0.271521
21.9079 1.77891e-12 -0.000686986 0.27152
21.9179 1.77944e-12 -0.000686991 0.271521
21.9295 1.7808e-12 -0.000687482 0.271521
21.9452 1.78185e-12 -0.000688278 0.271522
21.9577 1.78363e-12 -0.000688968 0.271523
21.9734 1.78443e-12 -0.00068972 0.271525
21.9834 1.78499e-12 -0.000690203 0.271526
21.9992 1.78615e-12 -0.000690909 0.271527
22.015 1.78721e-12 -0.000691593 0.271528
22.025 1.78887e-12 -0.000692059 0.271529
22.035 1.78929e-12 -0.000692508 0.27153
22.045 1.78974e-12 -0.000692936 0.27153
22.0583 1.79068e-12 -0.000693492 0.27153
22.0683 1.79187e-12 -0.000693967 0.27153
22.0841 1.79309e-12 -0.000695093 0.27153
22.0941 1.79379e-12 -0.000695739 0.27153
22.1098 1.79634e-12 -0.00069598 0.271529
22.1292 1.79826e-12 -0.000700397 0.271525
22.1392 1.79898e-12 -0.00070215 0.271523
22.1492 1.79978e-12 -0.00070152 0.271521
22.1592 1.80053e-12 -0.000700926 0.271519
22.1692 1.80145e-12 -0.000700965 0.271518
22.1797 1.80325e-12 -0.000700751 0.271517
22.1912 1.80467e-12 -0.000701922 0.271515
22.207 1.80589e-12 -0.000703756 0.271518
22.217 1.80683e-12 -0.000704444 0.271521
22.2328 1.80753e-12 -0.000705431 0.271525
22.2428 1.80797e-12 -0.000705996 0.271529
22.2528 1.8083e-12 -0.000706445 0.271533
22.2628 1.80894e-12 -0.0007069 0.271537
22.2728 1.80964e-12 -0.000707444 0.271541
22.2828 1.81063e-12 -0.000707973 0.271544
22.2928 1.81091e-12 -0.00070846 0.271546
22.3028 1.81147e-12 -0.000708933 0.271548
22.3128 1.81199e-12 -0.0007094 0.271549
22.3228 1.81244e-12 -0.000709869 0.27155
22.3328 1.81308e-12 -0.000710358 0.27155
22.3428 1.81347e-12 -0.000710811 0.27155
22.3528 1.81413e-12 -0.000711204 0.27155
22.3628 1.81513e-12 -0.000711682 0.271549
22.3728 1.81544e-12 -0.000712148 0.271547
22.3828 1.81621e-12 -0.000712522 0.271545
22.3985 1.81746e-12 -0.000713219 0.271542
22.4085 1.81813e-12 -0.000713653 0.271539
22.4185 1.81866e-12 -0.000714027 0.271537
22.4301 1.82002e-12 -0.000714616 0.271534
22.4455 1.82188e-12 -0.000717309 0.27153
22.4571 1.82349e-12 -0.00071773 0.271526
22.4671 1.82457e-12 -0.000717229 0.271524
22.4771 1.82515e-12 -0.000717258 0.271523
22.4929 1.82784e-12 -0.000716053 0.271521
22.5029 1.82859e-12 -0.000715969 0.27152
22.5129 1.82915e-12 -0.000716338 0.27152
22.5277 1.83054e-12 -0.000716978 0.271521
22.5377 1.83106e-12 -0.000717527 0.271522
22.5531 1.83312e-12 -0.000718407 0.271525
22.5631 1.83353e-12 -0.000718941 0.271528
22.5731 1.8342e-12 -0.000719434 0.27153
22.5831 1.83475e-12 -0.000719917 0.271532
22.5931 1.83517e-12 -0.000720398 0.271533
22.6031 1.83573e-12 -0.000720855 0.271535
22.6131 1.83625e-12 -0.000721309 0.271536
22.6231 1.83681e-12 -0.00072177 0.271538
22.6331 1.83725e-12 -0.000722223 0.27154
22.6431 1.83778e-12 -0.000722667 0.271542
22.6531 1.83842e-12 -0.000723094 0.271543
22.6631 1.839e-12 -0.000723506 0.271545
22.6731 1.83981e-12 -0.0007239 0.271546
22.6831 1.84022e-12 -0.000724288 0.271547
22.6931 1.84061e-12 -0.000724691 0.271548
22.7031 1.84103e-12 -0.000725107 0.271548
22.7131 1.84194e-12 -0.000725558 0.271548
22.7231 1.84236e-12 -0.000726006 0.271548
22.7331 1.8428e-12 -0.000726423 0.271548
22.7431 1.84386e-12 -0.000726931 0.271547
22.7531 1.84416e-12 -0.000727409 0.271545
22.7631 1.84458e-12 -0.000727754 0.271543
22.7731 1.84514e-12 -0.000728153 0.271541
22.7831 1.84566e-12 -0.000728649 0.271539
22.7931 1.84644e-12 -0.000728997 0.271538
22.8031 1.84702e-12 -0.0007293 0.271536
22.8131 1.84811e-12 -0.000729959 0.271534
22.8231 1.84902e-12 -0.000730648 0.271531
22.8331 1.84996e-12 -0.000732135 0.271529
22.8431 1.85074e-12 -0.000734 0.271529
22.8531 1.8513e-12 -0.000735118 0.271529
22.8631 1.85252e-12 -0.000736312 0.271529
22.8731 1.85346e-12 -0.00073663 0.271528
22.8831 1.85391e-12 -0.000736507 0.271527
22.8931 1.85482e-12 -0.000736973 0.271528
22.9031 1.85552e-12 -0.000737427 0.271529
22.9131 1.85615e-12 -0.000737955 0.27153
22.9231 1.85671e-12 -0.000738544 0.271531
22.9331 1.85765e-12 -0.000739107 0.271533
22.9464 1.85849e-12 -0.000739756 0.271536
22.9622 1.85985e-12 -0.000740505 0.271538
22.9722 1.86037e-12 -0.000740935 0.27154
22.9822 1.86134e-12 -0.000741349 0.271542
22.9922 1.86243e-12 -0.000741744 0.271543
23.0022 1.86284e-12 -0.000742147 0.271544
23.0122 1.86326e-12 -0.000742572 0.271545
23.0222 1.86368e-12 -0.000743008 0.271545
23.0322 1.86395e-12 -0.000743454 0.271545
23.0422 1.86459e-12 -0.000743902 0.271546
23.0522 1.86515e-12 -0.000744358 0.271547
23.0622 1.8659e-12 -0.000744813 0.271547
23.078 1.86756e-12 -0.000745366 0.271547
23.088 1.86798e-12 -0.000745832 0.271546
23.098 1.86853e-12 -0.000746382 0.271544
23.108 1.8702e-12 -0.000746301 0.271542
23.118 1.87075e-12 -0.000746112 0.271542
23.128 1.87131e-12 -0.000746211 0.271542
23.138 1.87222e-12 -0.000746372 0.27154
23.148 1.87292e-12 -0.000746575 0.271538
23.158 1.87417e-12 -0.000746168 0.271536
23.168 1.87486e-12 -0.000745802 0.271534
23.178 1.87605e-12 -0.000745478 0.271534
23.188 1.87703e-12 -0.000745059 0.271534
23.198 1.87758e-12 -0.000745291 0.271533
23.2138 1.8788e-12 -0.000746406 0.271532
23.2333 1.88172e-12 -0.00074743 0.271532
23.2433 1.8823e-12 -0.000747155 0.271532
23.2533 1.88302e-12 -0.000747003 0.271532
23.2633 1.88327e-12 -0.000747141 0.271533
23.2733 1.88405e-12 -0.000747518 0.271534
23.2833 1.88449e-12 -0.00074788 0.271536
23.2933 1.88502e-12 -0.000748212 0.271537
23.3033 1.8853e-12 -0.000748553 0.271538
23.3133 1.88585e-12 -0.000748914 0.271539
23.3233 1.88641e-12 -0.00074927 0.271541
23.3333 1.88707e-12 -0.000749576 0.271542
23.3433 1.88774e-12 -0.000749918 0.271543
23.3533 1.88816e-12 -0.000750303 0.271544
23.3633 1.88868e-12 -0.000750664 0.271545
23.3791 1.88952e-12 -0.000751247 0.271545
23.3891 1.88993e-12 -0.000751624 0.271545
23.3991 1.89049e-12 -0.000752008 0.271545
23.4091 1.89132e-12 -0.000752371 0.271544
23.4249 1.8934e-12 -0.000752914 0.271544
23.4349 1.8939e-12 -0.000753286 0.271544
23.4506 1.8949e-12 -0.000753964 0.271542
23.4606 1.89607e-12 -0.000754472 0.271541
23.4764 1.89782e-12 -0.000754714 0.271539
23.4864 1.89918e-12 -0.000755181 0.271538
23.4997 1.90054e-12 -0.000756012 0.271537
23.5142 1.90245e-12 -0.000757755 0.271536
23.5242 1.9032e-12 -0.000759759 0.271536
23.5342 1.90373e-12 -0.000761328 0.271536
23.5442 1.90492e-12 -0.000762252 0.271535
23.5542 1.9055e-12 -0.000762812 0.271535
23.5642 1.90606e-12 -0.000763407 0.271535
23.5742 1.90725e-12 -0.000763804 0.271535
23.5842 1.9077e-12 -0.0007642 0.271536
23.5942 1.90825e-12 -0.000764725 0.271536
23.6042 1.90906e-12 -0.000765147 0.271537
23.6142 1.90944e-12 -0.00076557 0.271538
23.6242 1.90997e-12 -0.000766018 0.271539
23.6342 1.91097e-12 -0.000766405 0.27154
23.6442 1.91239e-12 -0.000766723 0.271541
23.6542 1.91275e-12 -0.000767125 0.271541
23.6642 1.91333e-12 -0.00076759 0.271541
23.6742 1.91386e-12 -0.00076796 0.271542
23.6842 1.915e-12 -0.000768303 0.271543
23.6942 1.91563e-12 -0.000768653 0.271543
23.7042 1.91605e-12 -0.000768982 0.271544
23.7142 1.91649e-12 -0.000769289 0.271545
23.7242 1.91733e-12 -0.000769552 0.271545
23.7342 1.91785e-12 -0.000769849 0.271546
23.7442 1.91844e-12 -0.00077022 0.271546
23.7542 1.9191e-12 -0.000770549 0.271546
23.7642 1.91969e-12 -0.000770832 0.271546
23.7742 1.92008e-12 -0.000771218 0.271545
23.7842 1.92069e-12 -0.000771595 0.271545
23.7942 1.92121e-12 -0.000771919 0.271544
23.8042 1.92163e-12 -0.000772242 0.271544
23.8142 1.92218e-12 -0.00077246 0.271543
23.8242 1.92305e-12 -0.000772453 0.271542
23.8342 1.92385e-12 -0.000771309 0.271541
23.8499 1.92538e-12 -0.000770576 0.271539
23.8657 1.92649e-12 -0.000771039 0.271538
23.8757 1.92785e-12 -0.00077184 0.271538
23.8915 1.92915e-12 -0.000773082 0.271537
23.9015 1.93043e-12 -0.000772549 0.271537
23.9115 1.93109e-12 -0.000771938 0.271536
23.9215 1.93179e-12 -0.000772205 0.271536
23.9315 1.9322e-12 -0.000772536 0.271537
23.9415 1.93265e-12 -0.000772881 0.271537
23.9515 1.93345e-12 -0.000773228 0.271538
23.9615 1.93426e-12 -0.000773561 0.271539
23.9715 1.93523e-12 -0.000773966 0.271539
23.9815 1.93565e-12 -0.000774384 0.27154
23.9915 1.93609e-12 -0.000774788 0.271541
24.0015 1.93662e-12 -0.000775152 0.271542
