0.01 5.85897e-15 -0.000107296 8.01091e-05
0.02 5.97978e-15 -0.000107296 8.00294e-05
0.03 6.10064e-15 -0.000107296 7.94993e-05
0.04 6.22137e-15 -0.000107296 7.73394e-05
0.05 6.4629e-15 -0.000107294 7.12517e-05
0.06 6.6441e-15 -0.000107293 5.85036e-05
0.07 6.88575e-15 -0.0001073 3.76227e-05
0.08 7.12791e-15 -0.000107317 8.62004e-06
0.0957692 7.61426e-15 -0.000107441 -5.26365e-05
0.105769 7.85987e-15 -0.000107589 -9.96858e-05
0.115769 8.1081e-15 -0.000107793 -0.000151122
0.125769 8.42219e-15 -0.000108043 -0.000205325
0.135769 8.6766e-15 -0.000108334 -0.000260862
0.145769 8.99888e-15 -0.000108649 -0.000317119
0.155769 9.32501e-15 -0.000108972 -0.000374155
0.165769 9.65666e-15 -0.000109307 -0.000431721
0.175769 9.99331e-15 -0.000109657 -0.000489294
0.185769 1.0334e-14 -0.000109991 -0.000546552
0.195769 1.06098e-14 -0.000110293 -0.0006033
0.205769 1.09576e-14 -0.000110573 -0.000659298
0.215769 1.13087e-14 -0.000110827 -0.000714299
0.225769 1.15908e-14 -0.000111054 -0.00076803
0.235769 1.19453e-14 -0.00011126 -0.000820289
0.245769 1.23027e-14 -0.000111449 -0.0008709
0.255769 1.26613e-14 -0.000111621 -0.000919496
0.265769 1.30215e-14 -0.000111778 -0.000965815
0.275769 1.33812e-14 -0.000111925 -0.00100976
0.285769 1.36707e-14 -0.000112064 -0.00105094
0.295769 1.39598e-14 -0.000112193 -0.00108882
0.305769 1.42505e-14 -0.000112313 -0.00112299
0.315769 1.46142e-14 -0.000112419 -0.0011529
0.325769 1.49793e-14 -0.000112518 -0.00117833
0.335769 1.52708e-14 -0.000112621 -0.00119908
0.345769 1.55639e-14 -0.000112747 -0.00121291
0.355769 1.58552e-14 -0.000112845 -0.00120919
0.365769 1.62203e-14 -0.000112915 -0.00118404
0.375769 1.64387e-14 -0.000113004 -0.00114754
0.385769 1.66579e-14 -0.0001131 -0.0011047
0.395769 1.69506e-14 -0.000113203 -0.00105485
0.405769 1.72425e-14 -0.000113327 -0.000999343
0.415769 1.75337e-14 -0.000113479 -0.000940561
0.425769 1.78265e-14 -0.000113652 -0.000880305
0.435769 1.8119e-14 -0.000113848 -0.000819917
0.445769 1.84115e-14 -0.000114062 -0.00075999
0.455769 1.87038e-14 -0.000114291 -0.000699915
0.465769 1.90701e-14 -0.000114533 -0.000638298
0.475769 1.93634e-14 -0.000114784 -0.000573897
0.485769 1.96567e-14 -0.000115055 -0.00050624
0.495769 2.00241e-14 -0.000115339 -0.000435238
0.505769 2.03176e-14 -0.000115631 -0.000360855
0.515769 2.06855e-14 -0.000115938 -0.000283178
0.525769 2.10535e-14 -0.000116253 -0.000202349
0.535769 2.14219e-14 -0.00011657 -0.000118478
0.545769 2.17908e-14 -0.000116882 -3.14989e-05
0.555769 2.21596e-14 -0.000117186 5.90561e-05
0.565769 2.25294e-14 -0.000117486 0.000153698
0.575769 2.28248e-14 -0.00011778 0.000252857
0.585769 2.31941e-14 -0.000118069 0.000356927
0.595769 2.35638e-14 -0.000118354 0.000465987
0.605769 2.39355e-14 -0.000118626 0.000580497
0.615769 2.42315e-14 -0.000118882 0.000701458
0.625769 2.46036e-14 -0.000119122 0.000829501
0.635769 2.49774e-14 -0.000119348 0.000965196
0.645769 2.53556e-14 -0.000119563 0.00110897
0.655769 2.57242e-14 -0.000119763 0.00126022
0.665769 2.60954e-14 -0.000119946 0.00141855
0.675769 2.63916e-14 -0.000120113 0.00158447
0.685769 2.66913e-14 -0.000120266 0.00175825
0.695769 2.69932e-14 -0.000120407 0.00193994
0.705769 2.73679e-14 -0.000120526 0.00213016
0.715769 2.76671e-14 -0.000120622 0.00232964
0.725769 2.79672e-14 -0.000120705 0.00253831
0.735769 2.83341e-14 -0.000120789 0.00275533
0.745769 2.87062e-14 -0.000120874 0.00298038
0.755769 2.90783e-14 -0.000120943 0.00321367
0.765769 2.94417e-14 -0.000120981 0.00345533
0.775769 2.98876e-14 -0.000120992 0.00370527
0.785769 3.03316e-14 -0.000120987 0.00396339
0.795769 3.07688e-14 -0.000120968 0.00422978
0.805769 3.12198e-14 -0.000120926 0.00450473
0.815769 3.16708e-14 -0.000120835 0.00478859
0.825769 3.21236e-14 -0.000120672 0.00508248
0.835769 3.25816e-14 -0.00012046 0.00538817
0.845769 3.30985e-14 -0.000120227 0.00570613
0.855769 3.36172e-14 -0.000119983 0.00603519
0.865769 3.41394e-14 -0.000119719 0.00637325
0.875769 3.46563e-14 -0.000119421 0.00671746
0.885769 3.51611e-14 -0.000119088 0.00706537
0.895769 3.56729e-14 -0.000118724 0.00741497
0.905769 3.61863e-14 -0.000118329 0.00776383
0.915769 3.66877e-14 -0.000117909 0.00810895
0.925769 3.71925e-14 -0.000117463 0.00844687
0.935769 3.78066e-14 -0.000116983 0.00877406
0.945769 3.84241e-14 -0.000116475 0.00908715
0.955769 3.89445e-14 -0.000115944 0.0093828
0.965769 3.94788e-14 -0.000115394 0.00965784
0.975769 4.04191e-14 -0.000114826 0.00990926
0.985769 4.10297e-14 -0.00011425 0.0101342
1.00154 4.19768e-14 -0.000113299 0.0104279
1.01154 4.25909e-14 -0.000112744 0.0105682
1.02731 4.44055e-14 -0.000112018 0.0106553
1.04564 4.56371e-14 -0.000111322 0.0104769
1.05564 4.61714e-14 -0.000114308 0.0103502
1.06564 4.68271e-14 -0.000116944 0.0102083
1.07564 4.73475e-14 -0.000119944 0.0100549
1.08564 4.77153e-14 -0.000120312 0.00989721
1.09564 4.80622e-14 -0.000119733 0.00974049
1.10564 4.84265e-14 -0.000120317 0.00958698
1.11564 4.88012e-14 -0.000121 0.00943659
1.12564 4.91742e-14 -0.000121525 0.00928886
1.13564 4.95385e-14 -0.000121655 0.00914209
1.14564 4.99184e-14 -0.00012173 0.00899394
1.15564 5.02914e-14 -0.000122139 0.00884332
1.16564 5.06817e-14 -0.000122579 0.00868948
1.17564 5.1072e-14 -0.000122812 0.0085317
1.18564 5.15143e-14 -0.000122934 0.00836952
1.19564 5.19636e-14 -0.000123101 0.00820292
1.20564 5.23418e-14 -0.000123313 0.00803144
1.21564 5.27859e-14 -0.000123452 0.00785384
1.22564 5.31693e-14 -0.000123513 0.00767
1.23564 5.35353e-14 -0.000123581 0.00748007
1.24564 5.39031e-14 -0.0001237 0.00728329
1.25564 5.42691e-14 -0.000123848 0.00707899
1.26564 5.46525e-14 -0.00012398 0.00686764
1.27564 5.50272e-14 -0.000124084 0.00664958
1.28564 5.53863e-14 -0.000124203 0.00642412
1.29564 5.57662e-14 -0.000124339 0.00619057
1.30564 5.61357e-14 -0.000124467 0.00594846
1.31564 5.65034e-14 -0.000124529 0.00569918
1.32564 5.69527e-14 -0.000124473 0.00544277
1.33564 5.733e-14 -0.000124313 0.00517651
1.34564 5.77012e-14 -0.000124005 0.00489894
1.35564 5.81436e-14 -0.000123469 0.00460913
1.36564 5.85877e-14 -0.000122679 0.00430585
1.37564 5.90335e-14 -0.000121627 0.00398831
1.38564 5.94815e-14 -0.000120304 0.00365571
1.39564 5.99273e-14 -0.000118693 0.00330727
1.40564 6.0374e-14 -0.000116786 0.00294232
1.41564 6.08194e-14 -0.000114581 0.00256035
1.42564 6.12657e-14 -0.000112081 0.00216101
1.43564 6.17865e-14 -0.000109289 0.00174422
1.44564 6.23079e-14 -0.0001062 0.00131012
1.45564 6.28291e-14 -0.000102816 0.000859147
1.46564 6.33504e-14 -9.91654e-05 0.00039215
1.47564 6.42449e-14 -9.53013e-05 -8.94229e-05
1.48564 6.48406e-14 -9.12827e-05 -0.000583593
1.49564 6.53626e-14 -8.70942e-05 -0.00108796
1.50564 6.58833e-14 -8.40049e-05 -0.0016041
1.51564 6.64787e-14 -8.2898e-05 -0.00213365
1.52564 6.72995e-14 -8.35914e-05 -0.00266725
1.53564 6.78225e-14 -8.58804e-05 -0.00318539
1.54564 6.83436e-14 -8.94147e-05 -0.00366367
1.55564 6.8864e-14 -9.42394e-05 -0.00407975
1.56564 6.93853e-14 -9.90865e-05 -0.00441992
1.57564 6.98337e-14 -0.000101562 -0.00466681
1.58564 7.0281e-14 -0.000101451 -0.00480392
1.59564 7.06529e-14 -0.000100856 -0.00483438
1.60564 7.10996e-14 -0.000100773 -0.00478925
1.61564 7.14718e-14 -0.000100761 -0.00471588
1.62564 7.19182e-14 -0.000100641 -0.00463916
1.63564 7.22896e-14 -0.000100487 -0.00455317
1.64564 7.27334e-14 -0.000100337 -0.00445236
1.65564 7.31042e-14 -0.000100304 -0.00434037
1.66564 7.34753e-14 -0.000100292 -0.00421767
1.67564 7.385e-14 -0.000100132 -0.00408206
1.68564 7.4221e-14 -9.99338e-05 -0.00393383
1.69564 7.45905e-14 -9.97593e-05 -0.00377442
1.70564 7.49531e-14 -9.95906e-05 -0.00360462
1.71564 7.53208e-14 -9.94163e-05 -0.0034241
1.72564 7.56886e-14 -9.92643e-05 -0.00323192
1.73564 7.61301e-14 -9.90964e-05 -0.00302662
1.74564 7.65837e-14 -9.89372e-05 -0.00280742
1.75564 7.70287e-14 -9.88828e-05 -0.00257292
1.76564 7.75508e-14 -9.89527e-05 -0.00232058
1.77564 7.80539e-14 -9.91677e-05 -0.00204898
1.78564 7.8583e-14 -9.95355e-05 -0.00175678
1.79564 7.91034e-14 -0.000100046 -0.0014422
1.80564 7.9688e-14 -0.000100691 -0.00110366
1.81564 8.02761e-14 -0.000101461 -0.000739778
1.82564 8.08815e-14 -0.000102346 -0.00034936
1.83564 8.14557e-14 -0.000103335 6.85701e-05
1.84564 8.20524e-14 -0.000104416 0.000514791
1.85564 8.26283e-14 -0.000105579 0.00098988
1.86564 8.3298e-14 -0.000106348 0.00149421
1.87564 8.39155e-14 -0.000105955 0.00202802
1.88564 8.45088e-14 -0.000104204 0.00259186
1.89564 8.50743e-14 -0.000101338 0.00318713
1.90564 8.56572e-14 -9.75717e-05 0.00381595
1.91564 8.62435e-14 -9.30955e-05 0.00448038
1.92564 8.68403e-14 -8.80862e-05 0.00518189
1.93564 8.7489e-14 -8.26835e-05 0.00592116
1.94564 8.81413e-14 -7.80197e-05 0.00669818
1.95564 8.8686e-14 -7.56593e-05 0.00751319
1.96564 8.93036e-14 -7.61358e-05 0.00836856
1.97564 8.98726e-14 -7.92949e-05 0.00926892
1.98564 9.04762e-14 -8.46265e-05 0.0102188
1.99564 9.10522e-14 -9.15082e-05 0.0112206
2.00564 9.16905e-14 -9.94766e-05 0.0122741
2.01564 9.23012e-14 -0.000108209 0.0133773
2.02897 9.3231e-14 -0.000118705 0.0149201
2.04474 9.42579e-14 -0.000120036 0.0168603
2.05474 9.50143e-14 -0.000113245 0.0181715
2.06474 9.57498e-14 -0.000101911 0.0195499
2.07474 9.72347e-14 -8.74892e-05 0.0209901
2.09224 9.84837e-14 -5.81349e-05 0.023622
2.10224 9.92956e-14 -3.95101e-05 0.0251485
2.11224 1.00753e-13 -2.31794e-05 0.0266743
2.13013 1.01828e-13 -7.11139e-06 0.0293777
2.14013 1.02515e-13 -5.79605e-07 0.030796
2.15013 1.03209e-13 3.42427e-06 0.0321047
2.16013 1.03945e-13 5.73004e-06 0.0332733
2.17013 1.04604e-13 8.77381e-06 0.0342766
2.18013 1.05305e-13 1.25907e-05 0.035113
2.19013 1.0595e-13 1.60407e-05 0.0357958
2.20013 1.06672e-13 1.90254e-05 0.0363376
2.21013 1.07199e-13 2.16603e-05 0.0367503
2.22013 1.07761e-13 2.39463e-05 0.0370453
2.23013 1.08233e-13 2.58158e-05 0.0372331
2.24013 1.09322e-13 2.70011e-05 0.0373123
2.25951 1.10516e-13 2.73372e-05 0.0372209
2.26951 1.11078e-13 2.7222e-05 0.0371228
2.27951 1.11626e-13 2.60381e-05 0.0369765
2.28951 1.12223e-13 2.24132e-05 0.0367933
2.29951 1.12715e-13 1.88416e-05 0.0365993
2.30951 1.13083e-13 1.78697e-05 0.0364072
2.31951 1.13451e-13 1.77859e-05 0.0362224
2.32951 1.13805e-13 1.72859e-05 0.0360451
2.33951 1.14173e-13 1.66991e-05 0.0358736
2.34951 1.14547e-13 1.6079e-05 0.0357049
2.35951 1.14908e-13 1.57958e-05 0.0355369
2.36951 1.15241e-13 1.58226e-05 0.0353681
2.37951 1.15609e-13 1.57455e-05 0.0351973
2.38951 1.15977e-13 1.555e-05 0.0350238
2.39951 1.16337e-13 1.54506e-05 0.0348465
2.40951 1.16761e-13 1.54747e-05 0.034665
2.41951 1.17122e-13 1.55127e-05 0.0344789
2.42951 1.17517e-13 1.54765e-05 0.0342885
2.43951 1.17871e-13 1.53935e-05 0.0340938
2.44951 1.18218e-13 1.53522e-05 0.0338944
2.45951 1.18607e-13 1.53531e-05 0.0336902
2.46951 1.19009e-13 1.53451e-05 0.0334812
2.47951 1.19384e-13 1.53198e-05 0.0332677
2.48951 1.19751e-13 1.53096e-05 0.0330499
2.49951 1.20112e-13 1.53296e-05 0.0328284
2.50951 1.20487e-13 1.53612e-05 0.0326036
2.51951 1.20806e-13 1.53546e-05 0.0323762
2.52951 1.21209e-13 1.53174e-05 0.0321471
2.53951 1.21611e-13 1.53114e-05 0.0319174
2.54951 1.21875e-13 1.52995e-05 0.0316885
2.55951 1.22208e-13 1.52541e-05 0.0314619
2.56951 1.22513e-13 1.52179e-05 0.0312394
2.57951 1.22874e-13 1.51992e-05 0.0310229
2.58951 1.23249e-13 1.51885e-05 0.0308146
2.59951 1.23609e-13 1.51424e-05 0.0306171
2.60951 1.23977e-13 1.50753e-05 0.0304332
2.61951 1.24373e-13 1.50226e-05 0.030266
2.62951 1.24706e-13 1.50037e-05 0.0301191
2.63951 1.25046e-13 1.50688e-05 0.0299962
2.64951 1.25448e-13 1.51504e-05 0.0299015
2.65951 1.25712e-13 1.51221e-05 0.0298401
2.66951 1.2601e-13 1.4946e-05 0.0298169
2.67951 1.26406e-13 1.4735e-05 0.0298291
2.68951 1.26794e-13 1.45968e-05 0.0298654
2.69951 1.27162e-13 1.46598e-05 0.029914
2.70951 1.27627e-13 1.49372e-05 0.0299708
2.71951 1.28099e-13 1.52332e-05 0.0300385
2.72951 1.28515e-13 1.54336e-05 0.0301197
2.73951 1.29001e-13 1.55422e-05 0.0302166
2.74951 1.29438e-13 1.55602e-05 0.0303319
2.75951 1.29868e-13 1.55024e-05 0.0304675
2.76951 1.30305e-13 1.54943e-05 0.0306238
2.77951 1.30701e-13 1.5633e-05 0.0308022
2.78951 1.31166e-13 1.5676e-05 0.0310045
2.79951 1.31492e-13 1.53001e-05 0.0312314
2.80951 1.32047e-13 1.44405e-05 0.031483
2.81951 1.3254e-13 1.30966e-05 0.0317596
2.82951 1.33039e-13 1.13237e-05 0.0320622
2.83951 1.33657e-13 9.40768e-06 0.0323922
2.84951 1.34191e-13 8.02468e-06 0.0327513
2.85951 1.34844e-13 7.81344e-06 0.0331413
2.86951 1.35565e-13 8.8041e-06 0.0335645
2.87951 1.36169e-13 1.07635e-05 0.034024
2.88951 1.36724e-13 1.29925e-05 0.0345233
2.89951 1.37279e-13 1.41212e-05 0.0350662
2.90951 1.37848e-13 1.3199e-05 0.0356576
2.91951 1.38389e-13 1.0022e-05 0.0363039
2.92951 1.38903e-13 5.36436e-06 0.0370123
2.93951 1.39444e-13 1.80759e-06 0.0377917
2.94951 1.39957e-13 1.91315e-06 0.0386553
2.95951 1.40554e-13 6.51717e-06 0.0396169
2.96951 1.4104e-13 1.38363e-05 0.0406954
2.97951 1.41692e-13 1.8976e-05 0.0419206
2.98951 1.42247e-13 1.75876e-05 0.0433218
2.99951 1.42789e-13 8.06408e-06 0.0449126
3.00951 1.4333e-13 -5.20131e-06 0.0466624
3.01951 1.43871e-13 -1.48897e-05 0.0484895
3.02951 1.44523e-13 -1.72385e-05 0.0503047
3.03951 1.45009e-13 -1.29672e-05 0.0520467
3.04951 1.4562e-13 -6.76358e-06 0.0536859
3.05951 1.46216e-13 -2.09976e-06 0.0551994
3.06951 1.4691e-13 1.5849e-06 0.0565549
3.07951 1.47396e-13 5.89351e-06 0.0577326
3.08951 1.48173e-13 1.09091e-05 0.058742
3.09951 1.48895e-13 1.56642e-05 0.0596089
3.10951 1.49464e-13 1.95895e-05 0.0603537
3.11951 1.50838e-13 2.27162e-05 0.0609852
3.13784 1.52878e-13 2.73093e-05 0.0618523
3.15075 1.53849e-13 2.98692e-05 0.062228
3.16652 1.56014e-13 3.26163e-05 0.0623713
3.1834 1.57471e-13 3.14484e-05 0.062087
3.1934 1.58068e-13 2.40469e-05 0.0618063
3.2034 1.58706e-13 1.79913e-05 0.0615261
3.21494 1.59719e-13 1.48427e-05 0.0612395
3.22499 1.61274e-13 1.64321e-05 0.0610224
3.24267 1.62495e-13 1.65919e-05 0.0606617
3.25267 1.62786e-13 1.7306e-05 0.0604668
3.26267 1.63175e-13 1.75502e-05 0.0602727
3.27267 1.63508e-13 1.71441e-05 0.0600762
3.28267 1.63897e-13 1.67023e-05 0.0598768
3.29267 1.64174e-13 1.67483e-05 0.0596742
3.30267 1.6448e-13 1.69888e-05 0.059468
3.31267 1.64882e-13 1.70013e-05 0.0592579
3.32267 1.65104e-13 1.6769e-05 0.0590434
3.33267 1.65451e-13 1.66506e-05 0.0588239
3.34267 1.65715e-13 1.67239e-05 0.058599
3.35267 1.65992e-13 1.67988e-05 0.0583682
3.36267 1.66353e-13 1.67443e-05 0.058131
3.37267 1.66686e-13 1.66445e-05 0.0578871
3.38267 1.66964e-13 1.66225e-05 0.0576363
3.39267 1.67366e-13 1.66603e-05 0.0573785
3.40267 1.67699e-13 1.66683e-05 0.0571137
3.41267 1.68074e-13 1.66267e-05 0.0568417
3.42267 1.68379e-13 1.659e-05 0.0565628
3.43267 1.68657e-13 1.65909e-05 0.0562772
3.44267 1.68976e-13 1.66032e-05 0.0559849
3.45267 1.69267e-13 1.65895e-05 0.0556864
3.46267 1.69642e-13 1.65563e-05 0.055382
3.47267 1.70003e-13 1.65339e-05 0.0550722
3.48267 1.70308e-13 1.65256e-05 0.0547575
3.49267 1.70572e-13 1.65151e-05 0.0544385
3.50267 1.70891e-13 1.64948e-05 0.0541157
3.51267 1.71183e-13 1.64722e-05 0.05379
3.52267 1.71474e-13 1.64557e-05 0.053462
3.53267 1.71682e-13 1.64428e-05 0.0531324
3.54267 1.71946e-13 1.64271e-05 0.0528022
3.55267 1.72376e-13 1.641e-05 0.0524722
3.56267 1.72876e-13 1.64005e-05 0.0521432
3.57267 1.73264e-13 1.63966e-05 0.0518162
3.58267 1.73597e-13 1.63908e-05 0.0514922
3.59267 1.73903e-13 1.63807e-05 0.0511724
3.60267 1.74194e-13 1.63509e-05 0.0508578
3.61267 1.74499e-13 1.63058e-05 0.0505498
3.62267 1.74777e-13 1.62801e-05 0.05025
3.63267 1.75263e-13 1.62929e-05 0.0499597
3.64267 1.75693e-13 1.63372e-05 0.0496807
3.65267 1.76012e-13 1.63852e-05 0.0494145
3.66267 1.76248e-13 1.63928e-05 0.0491627
3.67267 1.76456e-13 1.63382e-05 0.0489267
3.68267 1.76775e-13 1.62495e-05 0.048708
3.69267 1.77192e-13 1.61652e-05 0.0485079
3.70267 1.77497e-13 1.60896e-05 0.0483278
3.71267 1.77774e-13 1.6012e-05 0.0481691
3.72267 1.78121e-13 1.59317e-05 0.0480329
3.73267 1.7851e-13 1.58507e-05 0.0479205
3.74267 1.7876e-13 1.57732e-05 0.0478331
3.75267 1.79107e-13 1.57127e-05 0.0477726
3.76267 1.79412e-13 1.56666e-05 0.0477413
3.77267 1.79676e-13 1.56226e-05 0.0477405
3.78267 1.80009e-13 1.55838e-05 0.0477653
3.79267 1.80272e-13 1.55512e-05 0.0478048
3.80267 1.80619e-13 1.55214e-05 0.0478512
3.81267 1.80897e-13 1.5492e-05 0.0479057
3.82267 1.81188e-13 1.54613e-05 0.0479774
3.83267 1.81466e-13 1.54334e-05 0.0480753
3.84267 1.81744e-13 1.54102e-05 0.0482007
3.85267 1.82035e-13 1.53905e-05 0.0483514
3.86267 1.82312e-13 1.5373e-05 0.0485269
3.87267 1.82632e-13 1.5356e-05 0.0487265
3.88267 1.82923e-13 1.5342e-05 0.0489494
3.89267 1.83437e-13 1.53697e-05 0.0491952
3.90267 1.83895e-13 1.55552e-05 0.0494633
3.91267 1.84297e-13 1.59766e-05 0.0497533
3.92267 1.84769e-13 1.6563e-05 0.0500649
3.93267 1.8513e-13 1.72664e-05 0.0503983
3.94267 1.85768e-13 1.81218e-05 0.0507535
3.95267 1.86254e-13 1.91189e-05 0.0511309
3.96267 1.86726e-13 2.02115e-05 0.051531
3.97267 1.87142e-13 2.13571e-05 0.0519539
3.98267 1.87489e-13 2.25333e-05 0.0524001
3.99267 1.87961e-13 2.3738e-05 0.0528694
4.00267 1.8853e-13 2.48391e-05 0.0533617
4.01267 1.88932e-13 2.54706e-05 0.0538764
4.02267 1.89349e-13 2.53786e-05 0.0544129
4.03267 1.8989e-13 2.45713e-05 0.0549705
4.04267 1.90528e-13 2.31126e-05 0.0555488
4.05267 1.91208e-13 2.11612e-05 0.0561474
4.06267 1.91736e-13 1.89249e-05 0.0567664
4.07267 1.92388e-13 1.66605e-05 0.0574058
4.08267 1.92957e-13 1.50009e-05 0.0580654
4.09267 1.93415e-13 1.46553e-05 0.0587451
4.10267 1.9397e-13 1.57919e-05 0.0594451
4.11267 1.94691e-13 1.81129e-05 0.0601663
4.12267 1.95385e-13 2.12748e-05 0.0609097
4.13267 1.96024e-13 2.50572e-05 0.061676
4.14267 1.96745e-13 2.87083e-05 0.0624648
4.15267 1.97703e-13 3.08302e-05 0.0632748
4.16267 1.98133e-13 3.05645e-05 0.0641057
4.17267 1.98702e-13 2.80282e-05 0.0649583
4.18267 1.99493e-13 2.36339e-05 0.0658336
4.19267 2.00173e-13 1.78873e-05 0.0667308
4.20267 2.00742e-13 1.24787e-05 0.0676471
4.21267 2.01367e-13 9.79815e-06 0.0685811
4.22267 2.01936e-13 1.0811e-05 0.0695344
4.23267 2.03407e-13 1.51205e-05 0.0705072
4.24267 2.03865e-13 2.1924e-05 0.0714951
4.25267 2.04489e-13 2.9704e-05 0.0724931
4.26267 2.05197e-13 3.51161e-05 0.0735046
4.27267 2.05877e-13 3.55067e-05 0.0745356
4.28267 2.0639e-13 3.08476e-05 0.0755812
4.29267 2.06987e-13 2.19659e-05 0.0766262
4.30267 2.07598e-13 1.1293e-05 0.0776445
4.31267 2.08153e-13 2.82329e-06 0.0785947
4.32267 2.08694e-13 -1.36978e-06 0.0794374
4.33267 2.08875e-13 -1.8136e-06 0.0801501
4.346 2.09915e-13 1.08126e-06 0.080892
4.35932 2.10804e-13 4.23469e-06 0.0814299
4.36932 2.11109e-13 6.18881e-06 0.0817226
4.37932 2.11484e-13 8.03028e-06 0.0819296
4.3905 2.1276e-13 1.0372e-05 0.0820711
4.40627 2.1351e-13 1.35875e-05 0.0821561
4.41627 2.14162e-13 1.51293e-05 0.0821602
4.42627 2.14398e-13 1.6455e-05 0.0821403
4.43627 2.14884e-13 1.72616e-05 0.0821126
4.44627 2.15578e-13 1.67781e-05 0.0820827
4.45627 2.1598e-13 1.62115e-05 0.0820425
4.46627 2.16438e-13 1.59023e-05 0.0819863
4.47627 2.16965e-13 1.51053e-05 0.0819156
4.48627 2.17423e-13 1.42291e-05 0.0818337
4.49627 2.18173e-13 1.33681e-05 0.0817475
4.51204 2.1895e-13 1.37171e-05 0.0816209
4.52204 2.19283e-13 1.38076e-05 0.081556
4.53204 2.19588e-13 1.38289e-05 0.0815
4.54204 2.19783e-13 1.38865e-05 0.0814504
4.55204 2.20157e-13 1.39628e-05 0.0814083
4.56204 2.2049e-13 1.40311e-05 0.081375
4.57204 2.20768e-13 1.39962e-05 0.081352
4.58204 2.21073e-13 1.38694e-05 0.0813414
4.59204 2.21351e-13 1.37302e-05 0.081345
4.60204 2.21434e-13 1.36964e-05 0.0813616
4.61204 2.21628e-13 1.38172e-05 0.0813882
4.62204 2.21878e-13 1.40515e-05 0.0814215
4.63204 2.22322e-13 1.43106e-05 0.0814589
4.64204 2.22794e-13 1.46817e-05 0.0815016
4.65204 2.23377e-13 1.49668e-05 0.0815551
4.66204 2.23821e-13 1.48825e-05 0.081623
4.67204 2.24265e-13 1.45208e-05 0.081706
4.68204 2.24681e-13 1.41333e-05 0.0818065
4.69204 2.25209e-13 1.40639e-05 0.0819278
4.70204 2.25625e-13 1.4486e-05 0.0820744
4.71204 2.26125e-13 1.51016e-05 0.0822528
4.72204 2.2668e-13 1.53985e-05 0.082471
4.73204 2.26957e-13 1.50722e-05 0.082737
4.74204 2.27374e-13 1.41637e-05 0.0830579
4.75204 2.27957e-13 1.30149e-05 0.0834386
4.76204 2.28401e-13 1.20085e-05 0.0838814
4.77204 2.28983e-13 1.13325e-05 0.0843888
4.78204 2.29511e-13 1.09309e-05 0.0849651
4.79204 2.29622e-13 1.05581e-05 0.0856141
4.80204 2.30149e-13 1.00237e-05 0.0863381
4.81204 2.30704e-13 9.20883e-06 0.087135
4.82204 2.31204e-13 8.38096e-06 0.0879975
4.83204 2.3162e-13 7.97918e-06 0.0889145
4.84204 2.32092e-13 8.11438e-06 0.0898741
4.85204 2.32564e-13 8.74651e-06 0.0908636
4.86204 2.33091e-13 9.81526e-06 0.0918685
4.87204 2.33619e-13 1.12862e-05 0.0928736
4.88204 2.34035e-13 1.31164e-05 0.0938638
4.89204 2.34424e-13 1.52869e-05 0.094826
4.90204 2.35284e-13 1.77362e-05 0.0957497
4.91204 2.35867e-13 2.03404e-05 0.0966261
4.92204 2.36672e-13 2.30338e-05 0.0974467
4.93204 2.37171e-13 2.57608e-05 0.0982033
4.94204 2.37893e-13 2.84709e-05 0.0988883
4.95204 2.38531e-13 3.1132e-05 0.0994939
4.96204 2.39364e-13 3.37005e-05 0.100011
4.97204 2.40113e-13 3.6128e-05 0.100431
4.98204 2.40752e-13 3.83638e-05 0.100747
4.99204 2.4139e-13 4.03526e-05 0.100955
5.00358 2.42667e-13 4.22533e-05 0.101061
5.01512 2.43472e-13 4.39066e-05 0.101007
5.02666 2.44776e-13 4.30264e-05 0.100878
5.04452 2.46081e-13 3.66555e-05 0.100662
5.05452 2.46636e-13 3.34499e-05 0.100522
5.06452 2.47385e-13 2.86453e-05 0.100361
5.07452 2.48329e-13 2.47623e-05 0.100183
5.08582 2.50577e-13 2.25946e-05 0.0999607
5.09731 2.54297e-13 1.53706e-05 0.0996994
5.11241 2.54879e-13 1.24733e-05 0.0993224
5.12241 2.55157e-13 1.28947e-05 0.0990887
5.13241 2.55407e-13 1.25479e-05 0.0988607
5.14241 2.55712e-13 1.12326e-05 0.0986346
5.15241 2.5599e-13 9.98514e-06 0.0984096
5.16241 2.56434e-13 9.70089e-06 0.0981854
5.17241 2.56795e-13 9.55848e-06 0.0979617
5.18241 2.56989e-13 8.84757e-06 0.0977384
5.19241 2.57239e-13 7.87747e-06 0.0975148
5.20241 2.57572e-13 7.19387e-06 0.0972907
5.21241 2.57738e-13 6.80511e-06 0.0970655
5.22241 2.58016e-13 6.35337e-06 0.0968386
5.23241 2.58321e-13 5.67098e-06 0.0966095
5.24241 2.58682e-13 4.97375e-06 0.0963777
5.25241 2.59154e-13 4.43595e-06 0.0961426
5.26241 2.59515e-13 3.97292e-06 0.0959037
5.27241 2.59875e-13 3.43708e-06 0.0956604
5.28241 2.60236e-13 2.83003e-06 0.0954121
5.29241 2.60486e-13 2.25558e-06 0.0951586
5.30241 2.60791e-13 1.74779e-06 0.0948992
5.31241 2.6093e-13 1.24648e-06 0.0946336
5.32241 2.61263e-13 7.07569e-07 0.0943614
5.33241 2.61735e-13 1.53526e-07 0.0940824
5.34241 2.6204e-13 -3.77674e-07 0.0937962
5.35241 2.6229e-13 -8.88701e-07 0.0935027
5.36241 2.62401e-13 -1.40863e-06 0.0932017
5.37241 2.62734e-13 -1.94521e-06 0.092893
5.38241 2.63178e-13 -2.48134e-06 0.0925768
5.39241 2.63456e-13 -3.00596e-06 0.0922529
5.40241 2.63817e-13 -3.52678e-06 0.0919215
5.41241 2.64122e-13 -4.05422e-06 0.0915828
5.42241 2.64566e-13 -4.58659e-06 0.0912368
5.43241 2.64899e-13 -5.11614e-06 0.0908839
5.44241 2.65232e-13 -5.6413e-06 0.0905244
5.45241 2.65316e-13 -6.16687e-06 0.0901587
5.46241 2.65704e-13 -6.69559e-06 0.0897873
5.47241 2.6612e-13 -7.22514e-06 0.0894106
5.48241 2.66231e-13 -7.75282e-06 0.0890291
5.49241 2.66634e-13 -8.27927e-06 0.0886436
5.50241 2.67036e-13 -8.80657e-06 0.0882546
5.51241 2.67217e-13 -9.33502e-06 0.0878629
5.52241 2.67647e-13 -9.86329e-06 0.0874692
5.53241 2.67855e-13 -1.03907e-05 0.0870744
5.54241 2.68202e-13 -1.09179e-05 0.0866792
5.55241 2.68521e-13 -1.14457e-05 0.0862847
5.56241 2.68841e-13 -1.19738e-05 0.0858916
5.57241 2.69229e-13 -1.25016e-05 0.085501
5.58241 2.69659e-13 -1.30252e-05 0.0851138
5.59241 2.70034e-13 -1.35392e-05 0.084731
5.60241 2.70325e-13 -1.40622e-05 0.0843536
5.61241 2.70742e-13 -1.46018e-05 0.0839827
5.62241 2.71005e-13 -1.5132e-05 0.0836194
5.63241 2.71422e-13 -1.5667e-05 0.0832648
5.64241 2.71713e-13 -1.62207e-05 0.0829202
5.65241 2.71935e-13 -1.67727e-05 0.0825868
5.66241 2.72199e-13 -1.73218e-05 0.0822659
5.67241 2.72435e-13 -1.78622e-05 0.0819591
5.68241 2.72699e-13 -1.83941e-05 0.0816676
5.69241 2.72921e-13 -1.89337e-05 0.0813926
5.70241 2.73351e-13 -1.94773e-05 0.0811355
5.71241 2.73656e-13 -2.00138e-05 0.0808975
5.72241 2.7392e-13 -2.0545e-05 0.0806796
5.73241 2.74156e-13 -2.10784e-05 0.0804831
5.74241 2.74489e-13 -2.16031e-05 0.0803092
5.75241 2.74808e-13 -2.21094e-05 0.0801589
5.76241 2.75072e-13 -2.26241e-05 0.0800332
5.77241 2.75474e-13 -2.31578e-05 0.0799332
5.78241 2.75779e-13 -2.36845e-05 0.0798607
5.79241 2.76126e-13 -2.4189e-05 0.0798181
5.80241 2.76404e-13 -2.46704e-05 0.0798072
5.81241 2.76737e-13 -2.50852e-05 0.0798249
5.82241 2.77167e-13 -2.54416e-05 0.0798627
5.83241 2.77417e-13 -2.5816e-05 0.0799132
5.84241 2.77792e-13 -2.61977e-05 0.0799726
5.85241 2.78055e-13 -2.65686e-05 0.0800437
5.86241 2.78388e-13 -2.69406e-05 0.0801363
5.87241 2.78777e-13 -2.73022e-05 0.0802563
5.88241 2.78971e-13 -2.76594e-05 0.0804024
5.89241 2.79332e-13 -2.80206e-05 0.0805734
5.90241 2.79554e-13 -2.83819e-05 0.0807689
5.91241 2.79832e-13 -2.87428e-05 0.0809879
5.92241 2.8022e-13 -2.91036e-05 0.0812296
5.93241 2.80637e-13 -2.9464e-05 0.0814934
5.94241 2.80942e-13 -2.98243e-05 0.0817784
5.95241 2.81192e-13 -3.01842e-05 0.0820841
5.96241 2.81608e-13 -3.05441e-05 0.0824099
5.97241 2.81858e-13 -3.0904e-05 0.0827554
5.98241 2.82246e-13 -3.12637e-05 0.08312
5.99241 2.82524e-13 -3.16232e-05 0.0835031
6.00241 2.8294e-13 -3.19836e-05 0.083904
6.01241 2.83329e-13 -3.23387e-05 0.084322
6.02241 2.83634e-13 -3.26518e-05 0.0847563
6.03241 2.83856e-13 -3.28606e-05 0.0852059
6.04241 2.84245e-13 -3.29406e-05 0.0856698
6.05241 2.84772e-13 -3.29193e-05 0.0861472
6.06241 2.85189e-13 -3.28065e-05 0.0866373
6.07241 2.85355e-13 -3.25885e-05 0.0871392
6.08241 2.85799e-13 -3.22756e-05 0.0876526
6.09241 2.86188e-13 -3.18972e-05 0.0881767
6.10241 2.86354e-13 -3.14787e-05 0.0887111
6.11241 2.86632e-13 -3.10319e-05 0.0892552
6.12241 2.8702e-13 -3.05644e-05 0.0898082
6.13241 2.87437e-13 -3.00957e-05 0.0903695
6.14241 2.87798e-13 -2.9648e-05 0.090938
6.15241 2.88131e-13 -2.9233e-05 0.0915127
6.16241 2.88464e-13 -2.88562e-05 0.0920925
6.17241 2.88852e-13 -2.85601e-05 0.092676
6.18241 2.8913e-13 -2.84667e-05 0.0932619
6.19241 2.89768e-13 -2.868e-05 0.0938487
6.20241 2.90046e-13 -2.91788e-05 0.0944349
6.21241 2.90212e-13 -2.98869e-05 0.0950191
6.22241 2.90462e-13 -3.07634e-05 0.0955997
6.23241 2.91017e-13 -3.1768e-05 0.0961754
6.24241 2.91461e-13 -3.28361e-05 0.0967448
6.25241 2.91933e-13 -3.39163e-05 0.0973068
6.26241 2.92433e-13 -3.49778e-05 0.0978601
6.27241 2.92877e-13 -3.6002e-05 0.0984034
6.28241 2.93321e-13 -3.69634e-05 0.0989355
6.29241 2.93793e-13 -3.7803e-05 0.0994552
6.30241 2.94459e-13 -3.84448e-05 0.0999613
6.31241 2.95597e-13 -3.89082e-05 0.100453
6.32241 2.96124e-13 -3.92694e-05 0.100928
6.33241 2.96291e-13 -3.95748e-05 0.101387
6.34241 2.96568e-13 -3.98645e-05 0.101828
6.35241 2.96985e-13 -4.01555e-05 0.10225
6.36241 2.97234e-13 -4.04543e-05 0.102654
6.37241 2.97401e-13 -4.07517e-05 0.103038
6.38241 2.97706e-13 -4.1022e-05 0.103403
6.39241 2.97956e-13 -4.12666e-05 0.103749
6.40241 2.98261e-13 -4.15035e-05 0.104077
6.41241 2.98511e-13 -4.1742e-05 0.104385
6.42241 2.989e-13 -4.19776e-05 0.104675
6.43241 2.99233e-13 -4.22048e-05 0.104948
6.44241 2.99483e-13 -4.2433e-05 0.105203
6.45241 2.99871e-13 -4.26763e-05 0.105441
6.46241 3.00149e-13 -4.29408e-05 0.105664
6.47241 3.00426e-13 -4.32232e-05 0.10587
6.48241 3.00815e-13 -4.35166e-05 0.106063
6.49241 3.0112e-13 -4.38091e-05 0.106242
6.50241 3.01481e-13 -4.40943e-05 0.106408
6.51241 3.01759e-13 -4.43789e-05 0.106565
6.52241 3.02203e-13 -4.46703e-05 0.106712
6.53241 3.02341e-13 -4.49682e-05 0.106851
6.54241 3.02508e-13 -4.52713e-05 0.106984
6.55241 3.02758e-13 -4.55818e-05 0.107112
6.56241 3.03257e-13 -4.58803e-05 0.107236
6.57241 3.03646e-13 -4.61313e-05 0.107357
6.58241 3.04007e-13 -4.63461e-05 0.107477
6.59241 3.04257e-13 -4.65705e-05 0.107596
6.60241 3.04756e-13 -4.68005e-05 0.107717
6.61241 3.05062e-13 -4.69933e-05 0.107839
6.62241 3.0545e-13 -4.70978e-05 0.107965
6.63241 3.0595e-13 -4.70355e-05 0.108096
6.64241 3.06144e-13 -4.67674e-05 0.108233
6.65241 3.06755e-13 -4.63205e-05 0.108379
6.66241 3.07254e-13 -4.56803e-05 0.108535
6.67241 3.07782e-13 -4.4795e-05 0.108704
6.68241 3.08337e-13 -4.38184e-05 0.108888
6.69241 3.0867e-13 -4.31296e-05 0.10909
6.70241 3.09058e-13 -4.3141e-05 0.109314
6.71241 3.09364e-13 -4.40962e-05 0.109565
6.72241 3.09863e-13 -4.61059e-05 0.10985
6.73241 3.10363e-13 -4.93079e-05 0.110173
6.74241 3.10946e-13 -5.3472e-05 0.110542
6.75241 3.11362e-13 -5.71342e-05 0.110965
6.76241 3.1164e-13 -5.86106e-05 0.111453
6.77241 3.12222e-13 -5.70713e-05 0.112019
6.78241 3.125e-13 -5.2005e-05 0.112678
6.79241 3.1275e-13 -4.31378e-05 0.113441
6.80241 3.13499e-13 -3.28651e-05 0.114328
6.81241 3.14276e-13 -2.71619e-05 0.115379
6.82241 3.1497e-13 -3.00375e-05 0.116627
6.83241 3.15609e-13 -4.23887e-05 0.118089
6.84241 3.16247e-13 -6.37434e-05 0.119766
6.85241 3.16969e-13 -8.84367e-05 0.121623
6.86241 3.1794e-13 -0.000109291 0.123586
6.87241 3.18773e-13 -0.000122797 0.125578
6.88241 3.19494e-13 -0.000127953 0.127539
6.89241 3.20022e-13 -0.00012742 0.129436
6.90241 3.20827e-13 -0.000124914 0.131257
6.91241 3.21188e-13 -0.00012184 0.132984
6.92241 3.2202e-13 -0.000117657 0.134606
6.93241 3.22964e-13 -0.000112425 0.136122
6.94241 3.23797e-13 -0.000107065 0.137547
6.95241 3.24796e-13 -0.000101777 0.138888
6.96241 3.25906e-13 -9.68417e-05 0.140149
6.97241 3.26711e-13 -9.23172e-05 0.141325
6.98241 3.28598e-13 -8.7938e-05 0.142404
6.99956 3.30125e-13 -8.04666e-05 0.143982
7.00956 3.31346e-13 -7.59665e-05 0.144704
7.02366 3.33039e-13 -6.93503e-05 0.145418
7.0352 3.3451e-13 -6.39914e-05 0.145692
7.04651 3.35815e-13 -6.01649e-05 0.14556
7.05651 3.3637e-13 -6.31541e-05 0.145339
7.06651 3.37202e-13 -6.88821e-05 0.145145
7.07651 3.37952e-13 -7.38132e-05 0.144958
7.08651 3.38563e-13 -8.1208e-05 0.144786
7.09805 3.39562e-13 -8.51058e-05 0.144602
7.10997 3.41949e-13 -9.63312e-05 0.14441
7.12964 3.43031e-13 -0.000112914 0.144062
7.13964 3.43531e-13 -0.000113762 0.143881
7.14964 3.43947e-13 -0.000115054 0.143703
7.15964 3.44197e-13 -0.000116301 0.143525
7.16964 3.44641e-13 -0.000117316 0.143343
7.17964 3.44919e-13 -0.000117045 0.143159
7.18964 3.44946e-13 -0.000116534 0.14297
7.19964 3.45335e-13 -0.0001166 0.142778
7.20964 3.45696e-13 -0.000116965 0.142581
7.21964 3.45862e-13 -0.00011697 0.14238
7.22964 3.46195e-13 -0.000116702 0.142174
7.23964 3.46445e-13 -0.000116524 0.141964
7.24964 3.46695e-13 -0.000116614 0.141748
7.25964 3.47111e-13 -0.000116713 0.141527
7.26964 3.47472e-13 -0.000116635 0.141299
7.27964 3.47861e-13 -0.000116495 0.141066
7.28964 3.48249e-13 -0.000116447 0.140825
7.29964 3.48527e-13 -0.00011648 0.140578
7.30964 3.48915e-13 -0.000116475 0.140323
7.31964 3.49304e-13 -0.000116402 0.14006
7.32964 3.49581e-13 -0.000116331 0.13979
7.33964 3.49942e-13 -0.000116307 0.139512
7.34964 3.50331e-13 -0.000116297 0.139225
7.35964 3.50497e-13 -0.000116259 0.138931
7.36964 3.50886e-13 -0.000116198 0.138628
7.37964 3.51219e-13 -0.000116148 0.138316
7.38964 3.51441e-13 -0.000116118 0.137997
7.39964 3.51802e-13 -0.000116087 0.137669
7.40964 3.5219e-13 -0.000116044 0.137333
7.41964 3.52579e-13 -0.000115999 0.136989
7.42964 3.52829e-13 -0.000115962 0.136638
7.43964 3.53023e-13 -0.00011593 0.13628
7.44964 3.53384e-13 -0.000115895 0.135915
7.45964 3.53578e-13 -0.000115855 0.135544
7.46964 3.53939e-13 -0.000115816 0.135167
7.47964 3.54244e-13 -0.000115781 0.134785
7.48964 3.54494e-13 -0.000115747 0.134398
7.49964 3.548e-13 -0.00011571 0.134007
7.50964 3.55216e-13 -0.000115673 0.133613
7.51964 3.55604e-13 -0.000115636 0.133217
7.52964 3.55771e-13 -0.0001156 0.13282
7.53964 3.5616e-13 -0.000115564 0.132421
7.54964 3.56465e-13 -0.000115528 0.132023
7.55964 3.56826e-13 -0.000115491 0.131626
7.56964 3.57325e-13 -0.000115454 0.13123
7.57964 3.57714e-13 -0.000115417 0.130838
7.58964 3.58102e-13 -0.000115375 0.13045
7.59964 3.58352e-13 -0.000115325 0.130067
7.60964 3.58491e-13 -0.00011528 0.12969
7.61964 3.58824e-13 -0.000115253 0.12932
7.62964 3.59018e-13 -0.000115249 0.128959
7.63964 3.59407e-13 -0.000115251 0.128608
7.64964 3.59823e-13 -0.00011525 0.128267
7.65964 3.60073e-13 -0.000115243 0.12794
7.66964 3.60351e-13 -0.000115229 0.127626
7.67964 3.60628e-13 -0.000115212 0.127328
7.68964 3.60961e-13 -0.0001152 0.127046
7.69964 3.61128e-13 -0.000115188 0.126783
7.70964 3.61378e-13 -0.000115171 0.126539
7.71964 3.61544e-13 -0.000115154 0.126315
7.72964 3.61794e-13 -0.000115138 0.126113
7.73964 3.62294e-13 -0.000115122 0.125933
7.74964 3.62432e-13 -0.000115105 0.125777
7.75964 3.62738e-13 -0.000115088 0.125646
7.76964 3.63015e-13 -0.000115072 0.125542
7.77964 3.6332e-13 -0.000115057 0.125466
7.78964 3.63626e-13 -0.000115043 0.125419
7.79964 3.63876e-13 -0.000115028 0.125404
7.80964 3.64125e-13 -0.000115012 0.125418
7.81964 3.64514e-13 -0.000114997 0.125452
7.82964 3.64764e-13 -0.000114983 0.125495
7.83964 3.65041e-13 -0.000114959 0.125545
7.84964 3.6518e-13 -0.000114926 0.125611
7.85964 3.65541e-13 -0.000114894 0.125702
7.86964 3.65957e-13 -0.000114864 0.125822
7.87964 3.66263e-13 -0.000114834 0.125969
7.88964 3.66568e-13 -0.000114804 0.126141
7.89964 3.66845e-13 -0.000114775 0.126338
7.90964 3.67012e-13 -0.000114746 0.12656
7.91964 3.67179e-13 -0.000114718 0.126804
7.92964 3.67317e-13 -0.00011469 0.12707
7.93964 3.67734e-13 -0.000114662 0.127358
7.94964 3.68122e-13 -0.000114634 0.127667
7.95964 3.68483e-13 -0.000114606 0.127996
7.96964 3.68816e-13 -0.000114577 0.128345
7.97964 3.6901e-13 -0.000114549 0.128714
7.98964 3.69427e-13 -0.00011452 0.129101
7.99964 3.69704e-13 -0.000114492 0.129506
8.00964 3.7001e-13 -0.000114464 0.129929
8.01964 3.70509e-13 -0.000114436 0.130368
8.02964 3.7087e-13 -0.00011439 0.130823
8.03964 3.71286e-13 -0.000114247 0.131292
8.04964 3.71758e-13 -0.000113903 0.131775
8.05964 3.72175e-13 -0.000113367 0.132271
8.06964 3.72674e-13 -0.000112714 0.132779
8.07964 3.7334e-13 -0.000111963 0.133297
8.08964 3.73868e-13 -0.000111108 0.133827
8.09964 3.74228e-13 -0.000110186 0.134366
8.10964 3.74478e-13 -0.000109253 0.134916
8.11964 3.74784e-13 -0.000108343 0.135476
8.12964 3.75283e-13 -0.000107465 0.136044
8.13964 3.75977e-13 -0.000106624 0.136621
8.14964 3.76282e-13 -0.000105837 0.137205
8.15964 3.76921e-13 -0.000105197 0.137795
8.16964 3.77531e-13 -0.000104851 0.138389
8.17964 3.77864e-13 -0.000104874 0.138987
8.18964 3.78197e-13 -0.000105221 0.139586
8.19964 3.7878e-13 -0.000105804 0.140185
8.20964 3.79557e-13 -0.000106575 0.140782
8.21964 3.79918e-13 -0.000107485 0.141376
8.22964 3.80335e-13 -0.000108452 0.141967
8.23964 3.80612e-13 -0.000109424 0.142551
8.24964 3.81112e-13 -0.00011037 0.143129
8.25964 3.81695e-13 -0.000111263 0.143699
8.26964 3.82083e-13 -0.00011204 0.14426
8.27964 3.82278e-13 -0.000112615 0.144809
8.28964 3.82583e-13 -0.000113 0.145346
8.29964 3.83638e-13 -0.00011327 0.145868
8.30964 3.84942e-13 -0.000113423 0.146376
8.32955 3.86524e-13 -0.000113357 0.147337
8.33955 3.86607e-13 -0.000113276 0.147792
8.34955 3.8694e-13 -0.000113203 0.148229
8.35955 3.87052e-13 -0.000113127 0.148647
8.36955 3.87246e-13 -0.000113021 0.149045
8.37955 3.87551e-13 -0.000112892 0.149424
8.38955 3.87829e-13 -0.00011276 0.149784
8.39955 3.88328e-13 -0.000112634 0.150125
8.40955 3.8855e-13 -0.000112526 0.150446
8.41955 3.88772e-13 -0.000112451 0.150749
8.42955 3.89105e-13 -0.000112398 0.151035
8.43955 3.89383e-13 -0.000112339 0.151302
8.44955 3.89688e-13 -0.000112274 0.151552
8.45955 3.89966e-13 -0.000112217 0.151786
8.46955 3.90188e-13 -0.000112174 0.152003
8.47955 3.90354e-13 -0.000112142 0.152206
8.48955 3.90493e-13 -0.000112116 0.152395
8.49955 3.90715e-13 -0.000112088 0.15257
8.50955 3.90854e-13 -0.000112054 0.152734
8.51955 3.91187e-13 -0.000111999 0.152888
8.52955 3.91298e-13 -0.000111904 0.153034
8.53955 3.91548e-13 -0.000111764 0.153173
8.54955 3.9177e-13 -0.000111571 0.153306
8.55955 3.9202e-13 -0.000111301 0.153435
8.56955 3.92297e-13 -0.000110945 0.15356
8.57955 3.92741e-13 -0.000110522 0.153685
8.58955 3.93213e-13 -0.000110079 0.153809
8.59955 3.9338e-13 -0.000109644 0.153934
8.60955 3.93824e-13 -0.000109199 0.15406
8.61955 3.9399e-13 -0.000108724 0.154191
8.62955 3.94351e-13 -0.000108159 0.154326
8.63955 3.9474e-13 -0.000107395 0.154468
8.64955 3.95267e-13 -0.000106485 0.154618
8.65955 3.95878e-13 -0.000105715 0.154777
8.66955 3.96322e-13 -0.000105329 0.15495
8.67955 3.96905e-13 -0.000105485 0.155138
8.68955 3.9746e-13 -0.000106308 0.155347
8.69955 3.97932e-13 -0.000107898 0.15558
8.70955 3.98265e-13 -0.000110375 0.155844
8.71955 3.98959e-13 -0.00011345 0.156144
8.72955 3.9943e-13 -0.000116034 0.156487
8.73955 4.00263e-13 -0.000116725 0.156885
8.74955 4.00457e-13 -0.000114778 0.157352
8.75955 4.00957e-13 -0.000109992 0.157899
8.76955 4.01956e-13 -0.000102154 0.158539
8.77955 4.02955e-13 -9.26841e-05 0.159288
8.78955 4.03566e-13 -8.62145e-05 0.160179
8.79955 4.03677e-13 -8.6641e-05 0.16125
8.80955 4.04232e-13 -9.54468e-05 0.162522
8.81955 4.04565e-13 -0.000113399 0.164009
8.82955 4.05509e-13 -0.000135531 0.165684
8.83955 4.06286e-13 -0.000153205 0.167466
8.84955 4.07063e-13 -0.00016162 0.169261
8.85955 4.07563e-13 -0.00016043 0.171001
8.86955 4.08285e-13 -0.000154396 0.172657
8.87955 4.09228e-13 -0.000148552 0.174222
8.88955 4.09783e-13 -0.000143121 0.175682
8.89955 4.10283e-13 -0.000137507 0.177028
8.90955 4.11005e-13 -0.000131858 0.178259
8.91955 4.11227e-13 -0.000126127 0.179385
8.92955 4.11393e-13 -0.000120707 0.180414
8.93955 4.12392e-13 -0.000115762 0.181348
8.94955 4.13392e-13 -0.000111091 0.182182
8.95955 4.13891e-13 -0.000106595 0.182908
8.96955 4.15279e-13 -0.00010224 0.183514
8.97955 4.16278e-13 -9.80302e-05 0.183982
8.99532 4.17721e-13 -9.1323e-05 0.1844
9.01018 4.18665e-13 -8.6102e-05 0.184284
9.02172 4.1972e-13 -8.94279e-05 0.184091
9.03915 4.22107e-13 -9.32818e-05 0.183861
9.04915 4.22551e-13 -9.55523e-05 0.183741
9.05915 4.23661e-13 -9.9622e-05 0.183616
9.07017 4.25382e-13 -0.000104499 0.183464
9.08088 4.29767e-13 -0.000107839 0.183282
9.09218 4.32154e-13 -0.000110832 0.183056
9.10221 4.3382e-13 -0.000109314 0.182828
9.11221 4.33986e-13 -0.00010414 0.182592
9.12221 4.34153e-13 -0.000101736 0.182362
9.13221 4.34097e-13 -0.000101028 0.182135
9.14221 4.34652e-13 -0.000100875 0.181911
9.15221 4.35041e-13 -0.000100434 0.181687
9.16221 4.35374e-13 -9.99162e-05 0.181465
9.17221 4.35985e-13 -9.97297e-05 0.181242
9.18221 4.36207e-13 -9.97973e-05 0.18102
9.19221 4.36262e-13 -9.9731e-05 0.180797
9.20221 4.36429e-13 -9.94504e-05 0.180573
9.21221 4.3654e-13 -9.91766e-05 0.180348
9.22221 4.36984e-13 -9.90503e-05 0.18012
9.23221 4.37483e-13 -9.89765e-05 0.179891
9.24221 4.37872e-13 -9.88136e-05 0.179658
9.25221 4.38205e-13 -9.85861e-05 0.179422
9.26221 4.38094e-13 -9.8396e-05 0.179181
9.27221 4.38372e-13 -9.82628e-05 0.178936
9.28221 4.38483e-13 -9.81242e-05 0.178686
9.29221 4.38649e-13 -9.79439e-05 0.178431
9.30221 4.38816e-13 -9.77526e-05 0.178169
9.31221 4.39315e-13 -9.75859e-05 0.177902
9.32221 4.39371e-13 -9.74352e-05 0.177627
9.33221 4.39482e-13 -9.7273e-05 0.177346
9.34221 4.39815e-13 -9.70957e-05 0.177057
9.35221 4.39954e-13 -9.69207e-05 0.176761
9.36221 4.40342e-13 -9.67569e-05 0.176458
9.37221 4.40759e-13 -9.65954e-05 0.176146
9.38221 4.41008e-13 -9.64269e-05 0.175827
9.39221 4.41286e-13 -9.62544e-05 0.175501
9.40221 4.41702e-13 -9.60854e-05 0.175166
9.41221 4.41841e-13 -9.59202e-05 0.174824
9.42221 4.42008e-13 -9.57541e-05 0.174475
9.43221 4.42341e-13 -9.5585e-05 0.174119
9.44221 4.42701e-13 -9.54154e-05 0.173757
9.45221 4.42923e-13 -9.52478e-05 0.173388
9.46221 4.43312e-13 -9.50811e-05 0.173013
9.47221 4.43617e-13 -9.49135e-05 0.172633
9.48221 4.43895e-13 -9.47448e-05 0.172249
9.49221 4.44145e-13 -9.45765e-05 0.17186
9.50221 4.44422e-13 -9.4409e-05 0.171467
9.51221 4.44755e-13 -9.42416e-05 0.171072
9.52221 4.45116e-13 -9.40736e-05 0.170675
9.53221 4.45061e-13 -9.39054e-05 0.170277
9.54221 4.45477e-13 -9.37375e-05 0.169879
9.55221 4.4581e-13 -9.35698e-05 0.169481
9.56221 4.46115e-13 -9.3402e-05 0.169085
9.57221 4.46254e-13 -9.32341e-05 0.168691
9.58221 4.4667e-13 -9.30667e-05 0.1683
9.59221 4.46726e-13 -9.29004e-05 0.167914
9.60221 4.47115e-13 -9.27305e-05 0.167533
9.61221 4.4742e-13 -9.2561e-05 0.167159
9.62221 4.4767e-13 -9.24124e-05 0.166792
9.63221 4.47808e-13 -9.22861e-05 0.166435
9.64221 4.47919e-13 -9.21623e-05 0.166087
9.65221 4.48253e-13 -9.20329e-05 0.165751
9.66221 4.48447e-13 -9.18975e-05 0.165428
9.67221 4.48752e-13 -9.17548e-05 0.16512
9.68221 4.49057e-13 -9.16143e-05 0.164827
9.69221 4.4928e-13 -9.14841e-05 0.164551
9.70221 4.49557e-13 -9.13554e-05 0.164294
9.71221 4.49918e-13 -9.12229e-05 0.164057
9.72221 4.50195e-13 -9.10928e-05 0.16384
9.73221 4.50529e-13 -9.09649e-05 0.163645
9.74221 4.5064e-13 -9.08362e-05 0.163472
9.75221 4.50917e-13 -9.07056e-05 0.163324
9.76221 4.50945e-13 -9.05738e-05 0.163202
9.77221 4.51278e-13 -9.04446e-05 0.163105
9.78221 4.51444e-13 -9.03149e-05 0.163038
9.79221 4.51722e-13 -9.01472e-05 0.163
9.80221 4.52055e-13 -8.98407e-05 0.162991
9.81221 4.52471e-13 -8.94473e-05 0.16301
9.82221 4.52777e-13 -8.91252e-05 0.16305
9.83221 4.53138e-13 -8.89903e-05 0.163104
9.84221 4.53609e-13 -8.90165e-05 0.163167
9.85221 4.53915e-13 -8.90697e-05 0.163243
9.86221 4.54359e-13 -8.91155e-05 0.163341
9.87221 4.54664e-13 -8.91521e-05 0.163466
9.88221 4.54886e-13 -8.91741e-05 0.163616
9.89221 4.55108e-13 -8.91947e-05 0.163792
9.90221 4.5533e-13 -8.9214e-05 0.163993
9.91221 4.55552e-13 -8.92313e-05 0.164217
9.92221 4.5608e-13 -8.92474e-05 0.164464
9.93221 4.55996e-13 -8.92623e-05 0.164733
9.94221 4.56329e-13 -8.9276e-05 0.165024
9.95221 4.56607e-13 -8.92887e-05 0.165335
9.96221 4.56746e-13 -8.93004e-05 0.165667
9.97221 4.57079e-13 -8.93111e-05 0.166018
9.98221 4.57412e-13 -8.93211e-05 0.166389
9.99221 4.57578e-13 -8.93305e-05 0.166778
10.0022 4.57911e-13 -8.93389e-05 0.167185
10.0122 4.58189e-13 -8.93469e-05 0.167609
10.0222 4.58911e-13 -8.93549e-05 0.168049
10.0322 4.59466e-13 -8.93557e-05 0.168505
10.0422 4.59965e-13 -8.92971e-05 0.168975
10.0522 4.60632e-13 -8.9059e-05 0.169458
10.0622 4.61076e-13 -8.85726e-05 0.169954
10.0722 4.6152e-13 -8.79037e-05 0.170461
10.0822 4.61908e-13 -8.71033e-05 0.17098
10.0922 4.62574e-13 -8.61538e-05 0.171509
10.1022 4.62963e-13 -8.50744e-05 0.17205
10.1122 4.62907e-13 -8.39193e-05 0.172601
10.1222 4.63407e-13 -8.27351e-05 0.173164
10.1322 4.64018e-13 -8.15418e-05 0.173739
10.1422 4.64628e-13 -8.03473e-05 0.174325
10.1522 4.64739e-13 -7.93892e-05 0.174923
10.1622 4.65183e-13 -7.90652e-05 0.175533
10.1722 4.66183e-13 -7.95012e-05 0.176153
10.1822 4.66738e-13 -8.06609e-05 0.176785
10.1922 4.67237e-13 -8.24746e-05 0.177427
10.2022 4.68015e-13 -8.47349e-05 0.178081
10.218 4.68958e-13 -8.85306e-05 0.179139
10.228 4.69846e-13 -8.99274e-05 0.179827
10.238 4.70513e-13 -8.95981e-05 0.180532
10.248 4.71512e-13 -8.75286e-05 0.181253
10.258 4.72233e-13 -8.40511e-05 0.181995
10.268 4.72733e-13 -7.95126e-05 0.182761
10.278 4.73621e-13 -7.42397e-05 0.183554
10.288 4.74065e-13 -6.95365e-05 0.184375
10.298 4.7462e-13 -6.77826e-05 0.185227
10.308 4.75175e-13 -7.00581e-05 0.186112
10.318 4.7562e-13 -7.59134e-05 0.187039
10.328 4.76508e-13 -8.46242e-05 0.188012
10.338 4.77063e-13 -9.49024e-05 0.189037
10.348 4.77618e-13 -0.000102569 0.190117
10.358 4.78451e-13 -0.00010313 0.191262
10.368 4.78895e-13 -9.56735e-05 0.192488
10.378 4.79838e-13 -8.13219e-05 0.193805
10.3937 4.81282e-13 -5.64598e-05 0.196096
10.4037 4.82503e-13 -5.45164e-05 0.197746
10.4137 4.83169e-13 -6.75221e-05 0.199578
10.4237 4.83946e-13 -9.40426e-05 0.20158
10.4337 4.84834e-13 -0.000127458 0.203704
10.4437 4.85723e-13 -0.000152016 0.205815
10.4537 4.86389e-13 -0.000156918 0.207738
10.4637 4.87332e-13 -0.000145556 0.209376
10.4737 4.87888e-13 -0.000124808 0.210726
10.4837 4.87999e-13 -0.000104772 0.211848
10.4937 4.88887e-13 -9.27728e-05 0.212813
10.5037 4.89664e-13 -8.54873e-05 0.21365
10.5137 4.90608e-13 -7.95344e-05 0.21437
10.5237 4.91163e-13 -7.48152e-05 0.214993
10.5337 4.91718e-13 -7.08835e-05 0.215531
10.5437 4.92384e-13 -6.77042e-05 0.215988
10.5537 4.92939e-13 -6.49947e-05 0.216361
10.5637 4.93938e-13 -6.24992e-05 0.216644
10.5737 4.94271e-13 -6.02916e-05 0.216831
10.5853 4.95548e-13 -5.8733e-05 0.216896
10.5953 4.95937e-13 -5.56841e-05 0.216781
10.6053 4.97324e-13 -5.86408e-05 0.216613
10.6213 4.98268e-13 -6.72968e-05 0.216411
10.6313 5.001e-13 -7.00859e-05 0.216343
10.6496 5.01488e-13 -7.09327e-05 0.216297
10.6596 5.01654e-13 -7.10421e-05 0.216284
10.6735 5.02931e-13 -7.18713e-05 0.216247
10.6835 5.03375e-13 -7.2137e-05 0.21618
10.6983 5.05929e-13 -7.27105e-05 0.216006
10.7092 5.07316e-13 -7.48492e-05 0.215846
10.7255 5.10925e-13 -8.77857e-05 0.215591
10.7355 5.11313e-13 -9.09421e-05 0.215435
10.7455 5.1148e-13 -9.36708e-05 0.215288
10.7555 5.12035e-13 -9.59661e-05 0.215152
10.7655 5.1259e-13 -9.77064e-05 0.215025
10.7755 5.12757e-13 -9.87002e-05 0.214906
10.7855 5.13312e-13 -9.94186e-05 0.214796
10.7955 5.13978e-13 -0.000100159 0.214694
10.8055 5.142e-13 -0.000100823 0.214601
10.8155 5.14699e-13 -0.000101237 0.214517
10.8255 5.14866e-13 -0.000101468 0.214441
10.8355 5.15255e-13 -0.000101652 0.214376
10.8455 5.15699e-13 -0.00010182 0.214321
10.8555 5.15699e-13 -0.000101892 0.214276
10.8655 5.15921e-13 -0.000101851 0.214243
10.8755 5.16254e-13 -0.000101794 0.214221
10.8855 5.16476e-13 -0.000101799 0.214211
10.8955 5.16753e-13 -0.000101866 0.214213
10.9055 5.17031e-13 -0.000101974 0.214227
10.9155 5.17031e-13 -0.00010212 0.214251
10.9255 5.17142e-13 -0.000102325 0.214283
10.9355 5.17864e-13 -0.000102584 0.214322
10.9455 5.18308e-13 -0.000102914 0.214368
10.9555 5.18641e-13 -0.000103347 0.214418
10.9655 5.18696e-13 -0.000103895 0.214473
10.9755 5.18807e-13 -0.00010456 0.214534
10.9855 5.19307e-13 -0.000105305 0.2146
10.9955 5.19307e-13 -0.000106064 0.214674
11.0055 5.1964e-13 -0.000106705 0.214757
11.0155 5.19862e-13 -0.000107093 0.214849
11.0255 5.20139e-13 -0.000107212 0.214947
11.0355 5.20362e-13 -0.000107106 0.215054
11.0455 5.20695e-13 -0.000106789 0.215171
11.0555 5.21361e-13 -0.000106471 0.215297
11.0655 5.21416e-13 -0.000106474 0.215435
11.0755 5.2186e-13 -0.000106923 0.215585
11.0855 5.21971e-13 -0.000107843 0.215748
11.0955 5.21971e-13 -0.000109232 0.215926
11.1055 5.22415e-13 -0.000110714 0.21612
11.1155 5.22749e-13 -0.000111655 0.216333
11.1255 5.23304e-13 -0.000111724 0.216566
11.1355 5.23581e-13 -0.000110824 0.216824
11.1455 5.24081e-13 -0.000108918 0.217107
11.1555 5.2508e-13 -0.000106036 0.217418
11.1655 5.2508e-13 -0.000102635 0.217757
11.1755 5.25802e-13 -9.9855e-05 0.218133
11.1855 5.26079e-13 -9.8788e-05 0.218551
11.1955 5.26634e-13 -0.000100034 0.219015
11.2055 5.26412e-13 -0.000103744 0.219527
11.2155 5.27245e-13 -0.00010864 0.220077
11.2255 5.27856e-13 -0.000112606 0.220643
11.2355 5.28355e-13 -0.00011449 0.221204
11.2455 5.28855e-13 -0.000114014 0.221745
11.2555 5.29132e-13 -0.000112053 0.222258
11.2655 5.29965e-13 -0.00011009 0.222745
11.2755 5.30465e-13 -0.000108738 0.223203
11.2855 5.30742e-13 -0.000108004 0.223625
11.2955 5.31075e-13 -0.000107738 0.224004
11.3055 5.32074e-13 -0.000107192 0.224338
11.3155 5.32352e-13 -0.000105988 0.224631
11.3255 5.32574e-13 -0.000104609 0.224894
11.3355 5.32796e-13 -0.000103343 0.225134
11.3455 5.33573e-13 -0.000102255 0.225355
11.3555 5.33795e-13 -0.000101368 0.225559
11.3655 5.34295e-13 -0.000100583 0.225743
11.3755 5.35072e-13 -9.98464e-05 0.22591
11.3855 5.35794e-13 -9.91665e-05 0.226059
11.3955 5.36571e-13 -9.85371e-05 0.226188
11.4055 5.37514e-13 -9.79485e-05 0.226294
11.4155 5.37737e-13 -9.73999e-05 0.226377
11.4255 5.39013e-13 -9.69146e-05 0.226433
11.4355 5.39402e-13 -9.64627e-05 0.226457
11.4455 5.39624e-13 -9.63007e-05 0.226443
11.4555 5.40457e-13 -9.49011e-05 0.226406
11.4655 5.40512e-13 -9.46068e-05 0.226372
11.4755 5.41289e-13 -9.63841e-05 0.226346
11.4855 5.41789e-13 -9.7039e-05 0.226329
11.5013 5.4251e-13 -9.76336e-05 0.226312
11.5113 5.42788e-13 -9.80095e-05 0.226304
11.5213 5.43621e-13 -9.80896e-05 0.226294
11.5313 5.43954e-13 -9.8402e-05 0.226276
11.5413 5.44675e-13 -9.9043e-05 0.226247
11.5513 5.4512e-13 -9.97089e-05 0.226204
11.5671 5.46119e-13 -0.000101008 0.226115
11.5771 5.45952e-13 -0.00010205 0.226051
11.5928 5.46674e-13 -0.00010299 0.22595
11.6028 5.46951e-13 -0.000103179 0.225894
11.6128 5.47007e-13 -0.000103546 0.225846
11.6228 5.47506e-13 -0.000103991 0.225808
11.6328 5.48284e-13 -0.000104537 0.225782
11.6462 5.49616e-13 -0.000105911 0.225763
11.6594 5.52225e-13 -0.000107875 0.225759
11.6748 5.53446e-13 -0.000111725 0.225784
11.6848 5.53557e-13 -0.000113786 0.225815
11.6948 5.53724e-13 -0.00011553 0.225857
11.7048 5.54334e-13 -0.000117212 0.225911
11.7148 5.54889e-13 -0.000118976 0.225975
11.7248 5.55445e-13 -0.000120757 0.226047
11.7348 5.55778e-13 -0.00012252 0.226127
11.7448 5.56444e-13 -0.00012424 0.226213
11.7548 5.56888e-13 -0.000125983 0.226307
11.7648 5.57387e-13 -0.000127748 0.226408
11.7748 5.58165e-13 -0.000129506 0.226516
11.7848 5.58664e-13 -0.000131246 0.22663
11.7948 5.58664e-13 -0.000133015 0.226751
11.8048 5.59497e-13 -0.000134896 0.226877
11.8148 5.60219e-13 -0.00013691 0.22701
11.8248 5.60718e-13 -0.000139023 0.227148
11.8348 5.6144e-13 -0.000140815 0.22729
11.8448 5.61717e-13 -0.000141756 0.22743
11.8606 5.62661e-13 -0.000141229 0.227643
11.8706 5.63272e-13 -0.000140318 0.227778
11.8806 5.6366e-13 -0.000139476 0.227919
11.8906 5.63938e-13 -0.00013858 0.228071
11.9006 5.64271e-13 -0.000137918 0.228235
11.9106 5.64937e-13 -0.000137608 0.228411
11.9206 5.6527e-13 -0.000137469 0.228597
11.9306 5.65714e-13 -0.000137428 0.228791
11.9406 5.66214e-13 -0.000137448 0.228991
11.9506 5.67102e-13 -0.000137544 0.229195
11.9606 5.67324e-13 -0.000137626 0.229401
11.9706 5.6799e-13 -0.000137478 0.229606
11.9806 5.68046e-13 -0.000137085 0.229813
11.9906 5.68601e-13 -0.000136588 0.230021
12.0006 5.68989e-13 -0.000136042 0.230228
12.0106 5.69433e-13 -0.00013546 0.230434
12.0206 5.69933e-13 -0.000134932 0.230637
12.0306 5.70377e-13 -0.000134517 0.230833
12.0406 5.71265e-13 -0.000134133 0.231022
12.0506 5.71487e-13 -0.00013371 0.231203
12.0606 5.7182e-13 -0.000133267 0.231376
12.0706 5.72709e-13 -0.000132816 0.23154
12.0806 5.73153e-13 -0.000132361 0.231696
12.0906 5.73153e-13 -0.000131912 0.231843
12.1006 5.73319e-13 -0.000131472 0.23198
12.1106 5.73763e-13 -0.000131044 0.232107
12.1206 5.7454e-13 -0.000130631 0.232222
12.1306 5.74596e-13 -0.000130234 0.232325
12.1406 5.74818e-13 -0.000129856 0.232415
12.1506 5.7554e-13 -0.000129503 0.232493
12.1606 5.76039e-13 -0.000129182 0.232558
12.1706 5.76372e-13 -0.000128898 0.232611
12.1806 5.76761e-13 -0.00012865 0.232651
12.1906 5.77483e-13 -0.000128431 0.23268
12.2006 5.7776e-13 -0.000128228 0.232698
12.2106 5.78482e-13 -0.000128046 0.232704
12.2206 5.78759e-13 -0.000127911 0.2327
12.2306 5.79203e-13 -0.000127797 0.23269
12.2406 5.79703e-13 -0.000127724 0.232679
12.2506 5.80147e-13 -0.000127585 0.232667
12.2606 5.80258e-13 -0.000127644 0.232652
12.2706 5.80924e-13 -0.00012792 0.232633
12.2806 5.81701e-13 -0.000128329 0.232607
12.2906 5.82145e-13 -0.000129028 0.232576
12.3006 5.82256e-13 -0.000129753 0.23254
12.3106 5.82534e-13 -0.000130363 0.232502
12.3206 5.82645e-13 -0.00013098 0.232461
12.3363 5.83644e-13 -0.000132019 0.232393
12.3463 5.84088e-13 -0.000132586 0.23235
12.3563 5.84366e-13 -0.000132883 0.232309
12.3663 5.8481e-13 -0.00013309 0.232273
12.3763 5.85088e-13 -0.0001335 0.232242
12.3863 5.85754e-13 -0.000133968 0.232218
12.3963 5.86364e-13 -0.000134377 0.232202
12.4063 5.86364e-13 -0.000134791 0.232193
12.4224 5.88418e-13 -0.000133671 0.232193
12.4415 5.89195e-13 -0.000133989 0.232202
12.4572 5.90084e-13 -0.000132755 0.232184
12.4672 5.90583e-13 -0.000131999 0.232168
12.4772 5.91083e-13 -0.000132018 0.232155
12.4872 5.91416e-13 -0.000132287 0.232149
12.4972 5.92193e-13 -0.000132607 0.232148
12.5072 5.92471e-13 -0.000132867 0.232152
12.5172 5.92693e-13 -0.000133208 0.232157
12.5272 5.93137e-13 -0.000133608 0.232163
12.5372 5.93359e-13 -0.000133962 0.23217
12.5472 5.93636e-13 -0.000134394 0.232181
12.5572 5.94247e-13 -0.000134975 0.232197
12.5672 5.9458e-13 -0.000135638 0.232219
12.5772 5.95579e-13 -0.000136309 0.232248
12.5872 5.95912e-13 -0.000136999 0.232285
12.5972 5.96134e-13 -0.000137647 0.232329
12.6072 5.96301e-13 -0.000138095 0.232382
12.6172 5.96745e-13 -0.00013847 0.232445
12.6272 5.97244e-13 -0.000138907 0.232518
12.6372 5.97078e-13 -0.000139018 0.232605
12.6472 5.97689e-13 -0.000138481 0.23271
12.6572 5.97966e-13 -0.000137724 0.232838
12.6672 5.98743e-13 -0.000137506 0.232998
12.6772 5.98854e-13 -0.000138184 0.233189
12.6872 5.99576e-13 -0.000139232 0.233405
12.6972 6.00131e-13 -0.000139778 0.233636
12.7072 6.00853e-13 -0.000139811 0.233878
12.7172 6.01297e-13 -0.000139867 0.234132
12.7272 6.01519e-13 -0.000140077 0.234394
12.7372 6.0224e-13 -0.000140275 0.23466
12.7472 6.02796e-13 -0.000140248 0.234925
12.7572 6.03073e-13 -0.000139924 0.235189
12.7672 6.03129e-13 -0.000139431 0.23545
12.7772 6.03628e-13 -0.00013884 0.235706
12.7872 6.03684e-13 -0.000138225 0.235956
12.7972 6.04294e-13 -0.000137672 0.236195
12.8072 6.04516e-13 -0.000137141 0.236424
12.8172 6.04572e-13 -0.000136578 0.23664
12.8272 6.05127e-13 -0.000135997 0.236843
12.8372 6.05349e-13 -0.000135413 0.237034
12.8472 6.05571e-13 -0.000134835 0.237211
12.8572 6.05849e-13 -0.000134272 0.237375
12.8672 6.06071e-13 -0.000133729 0.237525
12.8772 6.06404e-13 -0.000133207 0.23766
12.8872 6.06903e-13 -0.00013271 0.237779
12.8972 6.07681e-13 -0.000132241 0.237882
12.9072 6.08291e-13 -0.000131805 0.237969
12.9172 6.08735e-13 -0.000131409 0.23804
12.9272 6.09346e-13 -0.000131063 0.238094
12.9372 6.09623e-13 -0.000130773 0.238132
12.9472 6.1029e-13 -0.000130499 0.238155
12.9572 6.10623e-13 -0.000130266 0.238161
12.973 6.11067e-13 -0.000130105 0.238142
12.983 6.11233e-13 -0.000129856 0.238127
12.993 6.11233e-13 -0.000129348 0.238113
13.0088 6.12066e-13 -0.000129834 0.238091
13.0188 6.12288e-13 -0.000130163 0.238077
13.0288 6.1301e-13 -0.000130399 0.23806
13.0388 6.13343e-13 -0.000130841 0.238036
13.0488 6.13898e-13 -0.000131532 0.238005
13.0588 6.14453e-13 -0.000132173 0.237968
13.0745 6.15286e-13 -0.000133086 0.2379
13.0845 6.16063e-13 -0.000133821 0.237851
13.0945 6.1634e-13 -0.000134596 0.237801
13.1045 6.1634e-13 -0.000135089 0.237752
13.1145 6.16618e-13 -0.000135259 0.237707
13.1245 6.1734e-13 -0.000135609 0.237669
13.1345 6.17673e-13 -0.000136252 0.237637
13.1445 6.17728e-13 -0.000136859 0.237614
13.1545 6.1845e-13 -0.00013707 0.2376
13.1645 6.18783e-13 -0.000136784 0.237595
13.1806 6.20004e-13 -0.000135306 0.237601
13.1906 6.20282e-13 -0.000136438 0.237611
13.2063 6.21836e-13 -0.000136165 0.237624
13.2163 6.22502e-13 -0.000135558 0.23762
13.2317 6.23834e-13 -0.000133924 0.237606
13.2417 6.24056e-13 -0.000133174 0.237601
13.2517 6.24334e-13 -0.000132701 0.237601
13.2617 6.24556e-13 -0.000132572 0.237606
13.2717 6.24611e-13 -0.000132678 0.237611
13.2817 6.25111e-13 -0.000132885 0.237617
13.2917 6.25666e-13 -0.000133092 0.237625
13.3017 6.26055e-13 -0.000133366 0.237635
13.3117 6.26554e-13 -0.000133793 0.23765
13.3217 6.26943e-13 -0.000134331 0.237671
13.3317 6.27054e-13 -0.000134893 0.237697
13.3417 6.27776e-13 -0.000135465 0.23773
13.3517 6.28164e-13 -0.000135937 0.237771
13.3617 6.28497e-13 -0.000136114 0.23782
13.3717 6.28775e-13 -0.000136181 0.237877
13.3817 6.2883e-13 -0.000136478 0.237945
13.3917 6.29385e-13 -0.000136616 0.238025
13.4017 6.29663e-13 -0.000136077 0.238121
13.4117 6.30496e-13 -0.00013497 0.23824
13.4217 6.31162e-13 -0.000134091 0.238387
13.4317 6.3155e-13 -0.000134132 0.238566
13.4417 6.32105e-13 -0.000134991 0.238774
13.4517 6.32272e-13 -0.000135897 0.239004
13.4617 6.32772e-13 -0.00013653 0.239252
13.4717 6.33105e-13 -0.000137107 0.239512
13.4817 6.3316e-13 -0.000137616 0.239778
13.4917 6.3366e-13 -0.000138067 0.240046
13.5017 6.33937e-13 -0.000138274 0.240312
13.5117 6.34492e-13 -0.000138056 0.240576
13.5217 6.3527e-13 -0.00013758 0.240836
13.5317 6.35769e-13 -0.00013698 0.241091
13.5417 6.36491e-13 -0.000136294 0.24134
13.5517 6.37046e-13 -0.000135657 0.24158
13.5617 6.37546e-13 -0.00013511 0.241809
13.5717 6.37601e-13 -0.000134548 0.242026
13.5817 6.38656e-13 -0.000133961 0.242229
13.5917 6.38933e-13 -0.000133371 0.24242
13.6017 6.39544e-13 -0.000132786 0.242597
13.6117 6.39599e-13 -0.000132217 0.24276
13.6217 6.39877e-13 -0.000131668 0.242909
13.6317 6.40599e-13 -0.000131142 0.243044
13.6417 6.41154e-13 -0.00013064 0.243163
13.6517 6.41986e-13 -0.000130169 0.243266
13.6617 6.42431e-13 -0.000129731 0.243353
13.6717 6.42431e-13 -0.000129332 0.243423
13.6817 6.42708e-13 -0.000128985 0.243476
13.6917 6.43152e-13 -0.000128696 0.243512
13.7017 6.4343e-13 -0.000128409 0.243534
13.7117 6.43707e-13 -0.00012818 0.243537
13.7217 6.44484e-13 -0.000128085 0.243524
13.7317 6.44984e-13 -0.000127943 0.243508
13.7417 6.45872e-13 -0.000127338 0.243492
13.7517 6.46205e-13 -0.000127271 0.243478
13.7617 6.46538e-13 -0.000127823 0.243465
13.7717 6.47093e-13 -0.000128119 0.24345
13.7817 6.47538e-13 -0.000128389 0.243432
13.7917 6.48093e-13 -0.00012886 0.243408
13.8096 6.48592e-13 -0.000130101 0.243348
13.8196 6.49591e-13 -0.000130631 0.243306
13.8296 6.50091e-13 -0.000131284 0.243259
13.8396 6.50091e-13 -0.000132056 0.243209
13.8496 6.50646e-13 -0.0001328 0.243159
13.8596 6.50924e-13 -0.000133283 0.243111
13.8696 6.50924e-13 -0.000133445 0.243068
13.8796 6.51423e-13 -0.000133772 0.243031
13.8896 6.52089e-13 -0.000134359 0.243
13.8996 6.52423e-13 -0.000134848 0.242978
13.9096 6.53089e-13 -0.000135013 0.242965
13.9196 6.53699e-13 -0.000134728 0.242961
13.9357 6.54754e-13 -0.000134472 0.24297
13.9457 6.54976e-13 -0.000134763 0.242984
13.9557 6.55476e-13 -0.000134956 0.243008
13.9657 6.56031e-13 -0.000135118 0.24304
13.9757 6.56419e-13 -0.000135282 0.243081
13.9857 6.5703e-13 -0.000135458 0.243129
13.9957 6.57863e-13 -0.000135617 0.243185
14.0057 6.57974e-13 -0.000135732 0.243248
14.0157 6.58418e-13 -0.000135846 0.243317
14.0257 6.58584e-13 -0.000135973 0.243393
14.0357 6.59195e-13 -0.000136098 0.243475
14.0457 6.5975e-13 -0.000136209 0.243563
14.0557 6.59917e-13 -0.000136307 0.243657
14.0657 6.60527e-13 -0.000136408 0.243757
14.0757 6.60971e-13 -0.000136573 0.243864
14.0857 6.6136e-13 -0.000136851 0.243976
14.0957 6.61471e-13 -0.000137262 0.244096
14.1057 6.6197e-13 -0.000137588 0.244218
14.1157 6.6247e-13 -0.000137499 0.24434
14.1257 6.62859e-13 -0.000137321 0.244464
14.1357 6.63192e-13 -0.000137379 0.244594
14.1457 6.63691e-13 -0.000137485 0.24473
14.1557 6.63913e-13 -0.000137447 0.244872
14.1657 6.64802e-13 -0.00013725 0.245021
14.1757 6.65246e-13 -0.000136986 0.245178
14.1857 6.65468e-13 -0.000136696 0.245342
14.1957 6.6569e-13 -0.000136385 0.245511
14.2057 6.65967e-13 -0.000136058 0.245684
14.2157 6.663e-13 -0.000135701 0.245858
14.2257 6.66855e-13 -0.000135311 0.246033
14.2357 6.67244e-13 -0.000134915 0.246205
14.2457 6.67799e-13 -0.000134595 0.246374
14.2557 6.67855e-13 -0.000134331 0.246538
14.2657 6.68576e-13 -0.000134029 0.246695
14.2757 6.69076e-13 -0.000133687 0.246847
14.2857 6.6952e-13 -0.000133328 0.246993
14.2957 6.70131e-13 -0.000132959 0.247133
14.3057 6.70297e-13 -0.000132589 0.247267
14.3157 6.70519e-13 -0.00013222 0.247393
14.3257 6.70741e-13 -0.000131856 0.247513
14.3357 6.71241e-13 -0.0001315 0.247625
14.3457 6.72018e-13 -0.000131154 0.247729
14.3557 6.71907e-13 -0.000130821 0.247824
14.3657 6.72573e-13 -0.000130502 0.24791
14.3757 6.73184e-13 -0.0001302 0.247987
14.3857 6.73295e-13 -0.000129919 0.248055
14.3957 6.74127e-13 -0.000129662 0.248113
14.4057 6.74738e-13 -0.000129432 0.248162
14.4157 6.7496e-13 -0.000129227 0.248203
14.4257 6.75293e-13 -0.000129043 0.248234
14.4357 6.75515e-13 -0.000128879 0.248258
14.4457 6.7607e-13 -0.000128737 0.248273
14.4557 6.76903e-13 -0.000128611 0.248281
14.4657 6.77458e-13 -0.000128511 0.248282
14.4757 6.77514e-13 -0.000128405 0.248277
14.4857 6.77514e-13 -0.000128288 0.248267
14.4957 6.78013e-13 -0.000128186 0.248252
14.5057 6.78013e-13 -0.000128206 0.248231
14.5157 6.78624e-13 -0.000128545 0.248205
14.5257 6.79068e-13 -0.000129245 0.248173
14.5357 6.79456e-13 -0.000130033 0.24814
14.5457 6.7979e-13 -0.000130674 0.248105
14.5557 6.80012e-13 -0.000131254 0.24807
14.5657 6.80345e-13 -0.000131852 0.248034
14.5757 6.81177e-13 -0.000132425 0.247998
14.5857 6.81455e-13 -0.000132926 0.247963
14.5957 6.81954e-13 -0.000133301 0.247932
14.6114 6.8312e-13 -0.00013371 0.247891
14.6214 6.83398e-13 -0.000133991 0.247871
14.6314 6.83509e-13 -0.00013424 0.247856
14.6414 6.8423e-13 -0.000134343 0.247845
14.6547 6.84675e-13 -0.000134554 0.247838
14.6747 6.85729e-13 -0.000134794 0.247847
14.6847 6.8584e-13 -0.000134868 0.247862
14.6947 6.86451e-13 -0.000134959 0.247883
14.7047 6.86673e-13 -0.000135066 0.24791
14.7147 6.87173e-13 -0.000135135 0.247942
14.7247 6.87783e-13 -0.000135192 0.24798
14.7347 6.88283e-13 -0.000135267 0.248022
14.7447 6.8906e-13 -0.000135354 0.24807
14.7547 6.89893e-13 -0.000135443 0.248123
14.7647 6.90059e-13 -0.000135543 0.248181
14.7747 6.90503e-13 -0.000135678 0.248243
14.7847 6.91225e-13 -0.000135879 0.24831
14.7947 6.92058e-13 -0.000136157 0.248383
14.8047 6.92557e-13 -0.000136488 0.24846
14.8147 6.93112e-13 -0.000136846 0.248543
14.8247 6.93612e-13 -0.000137094 0.248631
14.8347 6.93945e-13 -0.000137113 0.248725
14.8447 6.945e-13 -0.000137036 0.248826
14.8547 6.95222e-13 -0.000137074 0.248934
14.8647 6.95055e-13 -0.000137111 0.249048
14.8747 6.95333e-13 -0.000136998 0.249168
14.8847 6.96054e-13 -0.000136837 0.249295
14.8947 6.96221e-13 -0.000136664 0.249428
14.9047 6.96998e-13 -0.000136453 0.249566
14.9147 6.97054e-13 -0.000136213 0.249706
14.9247 6.97609e-13 -0.000135942 0.249848
14.9347 6.97831e-13 -0.00013568 0.24999
14.9447 6.98164e-13 -0.000135457 0.250129
14.9547 6.98386e-13 -0.000135234 0.250267
14.9647 6.98663e-13 -0.000134982 0.2504
14.9747 6.99329e-13 -0.00013471 0.25053
14.9847 6.99385e-13 -0.000134423 0.250655
14.9947 6.99829e-13 -0.000134125 0.250776
15.0047 7.00107e-13 -0.000133822 0.250891
15.0147 7.00384e-13 -0.000133518 0.251
15.0247 7.00662e-13 -0.000133219 0.251104
15.0347 7.00773e-13 -0.000132926 0.2512
15.0447 7.01439e-13 -0.000132639 0.25129
15.0547 7.01661e-13 -0.00013236 0.251373
15.0647 7.01939e-13 -0.000132095 0.251449
15.0747 7.02216e-13 -0.000131845 0.251517
15.0847 7.03271e-13 -0.00013161 0.251578
15.0947 7.03548e-13 -0.000131393 0.251632
15.1047 7.03826e-13 -0.000131198 0.251679
15.1147 7.04048e-13 -0.000131024 0.251719
15.1247 7.0427e-13 -0.000130868 0.251753
15.1347 7.04603e-13 -0.000130726 0.251779
15.1447 7.05103e-13 -0.000130599 0.2518
15.1547 7.05602e-13 -0.00013049 0.251815
15.1647 7.06102e-13 -0.000130394 0.251824
15.1747 7.0588e-13 -0.0001303 0.251828
15.1847 7.05935e-13 -0.000130208 0.251826
15.1947 7.06435e-13 -0.000130122 0.25182
15.2047 7.06712e-13 -0.000130039 0.251809
15.2147 7.0699e-13 -0.000129945 0.251792
15.2247 7.07545e-13 -0.000130056 0.25177
15.2347 7.07934e-13 -0.000130578 0.251744
15.2447 7.086e-13 -0.000131256 0.251717
15.2547 7.08877e-13 -0.000131841 0.251688
15.2647 7.0921e-13 -0.000132352 0.251659
15.2747 7.09433e-13 -0.000132867 0.25163
15.2847 7.10265e-13 -0.000133385 0.251602
15.3005 7.11708e-13 -0.000134 0.25156
15.3105 7.11931e-13 -0.000134424 0.251537
15.3205 7.12652e-13 -0.000134748 0.251517
15.3305 7.13041e-13 -0.000134899 0.251501
15.3405 7.13485e-13 -0.000135022 0.251488
15.352 7.14484e-13 -0.000135162 0.251478
15.3688 7.16038e-13 -0.000135219 0.251475
15.3788 7.16482e-13 -0.00013549 0.25148
15.3888 7.1676e-13 -0.000135599 0.251488
15.3988 7.17093e-13 -0.000135671 0.2515
15.4088 7.17149e-13 -0.000135807 0.251516
15.4188 7.1787e-13 -0.000135938 0.251537
15.4288 7.18092e-13 -0.000136085 0.251562
15.4388 7.18536e-13 -0.000136258 0.251592
15.4488 7.19036e-13 -0.00013647 0.251625
15.4588 7.19702e-13 -0.00013671 0.251663
15.4688 7.20424e-13 -0.000136949 0.251705
15.4788 7.20368e-13 -0.000137194 0.251751
15.4888 7.20479e-13 -0.000137437 0.251803
15.4988 7.20812e-13 -0.000137573 0.251859
15.5088 7.21478e-13 -0.000137526 0.25192
15.5188 7.21756e-13 -0.000137361 0.251986
15.5288 7.22034e-13 -0.000137328 0.252058
15.5388 7.22755e-13 -0.000137508 0.252137
15.5488 7.23255e-13 -0.000137763 0.252226
15.5588 7.23754e-13 -0.000137863 0.252327
15.5688 7.24032e-13 -0.000137773 0.252436
15.5788 7.2431e-13 -0.000137665 0.252549
15.5888 7.24976e-13 -0.000137565 0.252664
15.5988 7.25309e-13 -0.000137438 0.25278
15.6088 7.25919e-13 -0.00013728 0.252896
15.6188 7.26197e-13 -0.000137098 0.25301
15.6288 7.26696e-13 -0.000136902 0.253122
15.6388 7.26919e-13 -0.000136688 0.25323
15.6488 7.27363e-13 -0.000136461 0.253334
15.6588 7.2764e-13 -0.000136225 0.253434
15.6688 7.27696e-13 -0.000135984 0.25353
15.6788 7.28195e-13 -0.000135745 0.25362
15.6888 7.28306e-13 -0.000135509 0.253706
15.6988 7.28972e-13 -0.000135276 0.253787
15.7088 7.29805e-13 -0.000135049 0.253864
15.7188 7.2975e-13 -0.000134831 0.253935
15.7288 7.30027e-13 -0.000134623 0.254001
15.7388 7.30249e-13 -0.000134424 0.254062
15.7488 7.30693e-13 -0.000134236 0.254118
15.7588 7.31415e-13 -0.00013406 0.254168
15.7688 7.31915e-13 -0.000133898 0.254214
15.7788 7.32081e-13 -0.00013375 0.254254
15.7888 7.32636e-13 -0.000133614 0.25429
15.7988 7.32914e-13 -0.000133488 0.25432
15.8088 7.32747e-13 -0.000133374 0.254346
15.8188 7.33136e-13 -0.000133271 0.254367
15.8288 7.33857e-13 -0.000133179 0.254384
15.8388 7.3419e-13 -0.000133099 0.254398
15.8488 7.34746e-13 -0.00013303 0.254407
15.8588 7.35134e-13 -0.000132969 0.254413
15.8688 7.35412e-13 -0.000132901 0.254415
15.8788 7.35634e-13 -0.000132832 0.254414
15.8888 7.35745e-13 -0.000132774 0.254409
15.8988 7.36078e-13 -0.000132715 0.254399
15.9088 7.36577e-13 -0.000132656 0.254383
15.9188 7.37133e-13 -0.000132776 0.254363
15.9288 7.3791e-13 -0.000133204 0.254342
15.9388 7.38187e-13 -0.000133729 0.25432
15.9488 7.38742e-13 -0.000134181 0.254297
15.9588 7.39575e-13 -0.000134584 0.254275
15.9688 7.39908e-13 -0.000135051 0.254254
15.9788 7.40963e-13 -0.000135527 0.254233
15.9888 7.4124e-13 -0.000135769 0.254214
15.9988 7.41518e-13 -0.000135927 0.254195
16.0112 7.41907e-13 -0.000136101 0.254176
16.0308 7.42906e-13 -0.000136758 0.254157
16.0408 7.42961e-13 -0.000137148 0.254149
16.0508 7.43183e-13 -0.000137228 0.254141
16.0608 7.44016e-13 -0.000137492 0.254134
16.0708 7.4446e-13 -0.000137639 0.254134
16.0808 7.45237e-13 -0.000137676 0.254143
16.0908 7.46014e-13 -0.000137734 0.254156
16.1008 7.46458e-13 -0.000137853 0.254173
16.1108 7.46569e-13 -0.000138069 0.254194
16.1208 7.46569e-13 -0.00013829 0.254219
16.1308 7.47069e-13 -0.000138484 0.254248
16.1408 7.47458e-13 -0.000138684 0.254281
16.1508 7.48235e-13 -0.000138919 0.254318
16.1608 7.48512e-13 -0.000139172 0.254359
16.1708 7.4879e-13 -0.000139342 0.254405
16.1808 7.49623e-13 -0.000139382 0.254454
16.1908 7.50067e-13 -0.000139497 0.254509
16.2008 7.50344e-13 -0.000139841 0.254569
16.2166 7.51121e-13 -0.000140198 0.254684
16.2266 7.51121e-13 -0.000140304 0.254772
16.2366 7.51454e-13 -0.000140235 0.254864
16.2466 7.51954e-13 -0.000140176 0.254958
16.2566 7.52232e-13 -0.000140144 0.255055
16.2666 7.52565e-13 -0.000139989 0.255151
16.2766 7.52565e-13 -0.000139814 0.255248
16.2866 7.53064e-13 -0.00013965 0.255344
16.2966 7.53342e-13 -0.000139474 0.255437
16.3066 7.53342e-13 -0.000139289 0.255528
16.3224 7.5473e-13 -0.000138976 0.255664
16.3324 7.55063e-13 -0.000138776 0.255745
16.3424 7.55562e-13 -0.000138577 0.255822
16.3524 7.55562e-13 -0.00013838 0.255895
16.3624 7.55618e-13 -0.000138184 0.255964
16.3724 7.55729e-13 -0.000137995 0.256029
16.3824 7.5645e-13 -0.000137814 0.256089
16.3924 7.5645e-13 -0.000137643 0.256146
16.4024 7.5695e-13 -0.000137479 0.256199
16.4124 7.57394e-13 -0.000137324 0.256247
16.4224 7.57616e-13 -0.00013718 0.256291
16.4324 7.58227e-13 -0.000137047 0.256332
16.4424 7.5806e-13 -0.000136925 0.256368
16.4524 7.58449e-13 -0.000136811 0.2564
16.4624 7.58227e-13 -0.000136705 0.256428
16.4724 7.59282e-13 -0.000136607 0.256451
16.4824 7.59504e-13 -0.000136518 0.256472
16.4924 7.59837e-13 -0.000136437 0.256488
16.5024 7.60558e-13 -0.000136367 0.256501
16.5124 7.60614e-13 -0.000136303 0.256511
16.5224 7.6078e-13 -0.000136247 0.256518
16.5324 7.6128e-13 -0.000136191 0.256521
16.5424 7.6178e-13 -0.00013613 0.256521
16.5524 7.62224e-13 -0.000136071 0.256516
16.5624 7.62224e-13 -0.000136015 0.256505
16.5724 7.62224e-13 -0.000135954 0.25649
16.5824 7.62945e-13 -0.000136036 0.256473
16.5924 7.63445e-13 -0.000136391 0.256455
16.6024 7.64055e-13 -0.000136837 0.256436
16.6124 7.64999e-13 -0.000137211 0.256418
16.6239 7.65998e-13 -0.000137599 0.256397
16.642 7.66998e-13 -0.000138311 0.256368
16.6535 7.67775e-13 -0.00013855 0.25635
16.6652 7.68108e-13 -0.000138739 0.256334
16.6752 7.68663e-13 -0.000139083 0.256323
16.691 7.69607e-13 -0.000139551 0.25631
16.7067 7.70495e-13 -0.00013975 0.256305
16.7176 7.71661e-13 -0.000139618 0.256305
16.7276 7.72049e-13 -0.000139846 0.256308
16.7376 7.72049e-13 -0.000140045 0.256313
16.7476 7.72105e-13 -0.000139982 0.256319
16.7576 7.72604e-13 -0.000139993 0.256328
16.7676 7.72771e-13 -0.000140098 0.256338
16.7776 7.73326e-13 -0.000140232 0.256352
16.7876 7.73548e-13 -0.000140321 0.256368
16.7976 7.74547e-13 -0.000140377 0.256387
16.8076 7.75047e-13 -0.000140446 0.256409
16.8176 7.75879e-13 -0.000140489 0.256434
16.8276 7.76157e-13 -0.000140567 0.256463
16.8376 7.76934e-13 -0.000140766 0.256495
16.8476 7.77156e-13 -0.00014106 0.256531
16.8576 7.77711e-13 -0.000141432 0.256573
16.8676 7.78044e-13 -0.000141891 0.256621
16.8776 7.78044e-13 -0.000142166 0.256674
16.8876 7.78599e-13 -0.000142268 0.256737
16.8976 7.78988e-13 -0.000142435 0.256812
16.9076 7.79321e-13 -0.00014254 0.256892
16.9176 7.7971e-13 -0.000142509 0.256972
16.9276 7.79987e-13 -0.00014242 0.25705
16.9376 7.8032e-13 -0.000142299 0.257124
16.9476 7.8032e-13 -0.000142156 0.257194
16.9576 7.80764e-13 -0.000141999 0.257261
16.9676 7.81264e-13 -0.000141838 0.257323
16.9776 7.81597e-13 -0.000141677 0.257382
16.9876 7.82097e-13 -0.000141516 0.257436
16.9976 7.82374e-13 -0.000141362 0.257486
17.0076 7.82152e-13 -0.000141217 0.257532
17.0176 7.82652e-13 -0.00014108 0.257575
17.0276 7.82985e-13 -0.000140952 0.257614
17.0376 7.83262e-13 -0.000140834 0.25765
17.0476 7.83318e-13 -0.000140726 0.257682
17.0576 7.83873e-13 -0.000140627 0.257712
17.0676 7.84428e-13 -0.000140539 0.257738
17.0776 7.84761e-13 -0.000140459 0.257762
17.0876 7.85261e-13 -0.000140387 0.257783
17.0976 7.85261e-13 -0.000140322 0.257801
17.1076 7.85927e-13 -0.00014026 0.257817
17.1176 7.86149e-13 -0.000140204 0.25783
17.1276 7.86426e-13 -0.000140154 0.257841
17.1376 7.86926e-13 -0.00014011 0.257851
17.1476 7.8737e-13 -0.000140068 0.257858
17.1576 7.87426e-13 -0.000140022 0.257864
17.1676 7.87426e-13 -0.00013997 0.257868
17.1776 7.87925e-13 -0.000139923 0.25787
17.1934 7.88036e-13 -0.000139888 0.257868
17.2034 7.88369e-13 -0.000139868 0.257863
17.2134 7.88813e-13 -0.000139834 0.257854
17.2234 7.89757e-13 -0.000139775 0.257844
17.2334 7.90201e-13 -0.000139796 0.257832
17.2434 7.90257e-13 -0.000140019 0.257819
17.2534 7.90867e-13 -0.000140324 0.257806
17.2634 7.91145e-13 -0.000140585 0.257794
17.2825 7.92588e-13 -0.000141053 0.257772
17.2982 7.93199e-13 -0.000141527 0.257758
17.3082 7.93421e-13 -0.000141669 0.257751
17.3182 7.94032e-13 -0.000141852 0.257745
17.3282 7.94642e-13 -0.000142007 0.257741
17.3382 7.95919e-13 -0.000142117 0.257737
17.3496 7.97307e-13 -0.000141767 0.257735
17.3596 7.97418e-13 -0.000141957 0.257735
17.3696 7.97473e-13 -0.000142234 0.257734
17.3796 7.97418e-13 -0.000142198 0.257733
17.3896 7.97695e-13 -0.000142228 0.257732
17.3996 7.97917e-13 -0.000142279 0.257735
17.4096 7.98528e-13 -0.000142306 0.257743
17.4196 7.99028e-13 -0.000142311 0.257753
17.4296 7.99694e-13 -0.000142331 0.257765
17.4396 8.00138e-13 -0.000142425 0.257777
17.4496 8.00415e-13 -0.000142551 0.25779
17.4596 8.00915e-13 -0.000142683 0.257805
17.4696 8.01692e-13 -0.000142831 0.257823
17.4796 8.01859e-13 -0.000143021 0.257844
17.4896 8.02525e-13 -0.000143264 0.257868
17.4996 8.02358e-13 -0.00014335 0.257894
17.5096 8.03135e-13 -0.000143105 0.257925
17.5196 8.03135e-13 -0.000143017 0.257966
17.5296 8.03579e-13 -0.000143393 0.258014
17.5396 8.03801e-13 -0.000143599 0.258062
17.5496 8.04024e-13 -0.000143487 0.258108
17.5596 8.04246e-13 -0.000143434 0.258153
17.5696 8.04801e-13 -0.000143396 0.258196
17.5796 8.05078e-13 -0.000143283 0.258237
17.5896 8.053e-13 -0.000143158 0.258276
17.5996 8.05134e-13 -0.000143051 0.258313
17.6096 8.05411e-13 -0.000142949 0.258348
17.6196 8.05966e-13 -0.000142852 0.258382
17.6296 8.0691e-13 -0.000142761 0.258412
17.6396 8.06688e-13 -0.000142673 0.258441
17.6496 8.07299e-13 -0.000142591 0.258467
17.6596 8.07854e-13 -0.000142514 0.258492
17.6696 8.08409e-13 -0.000142444 0.258513
17.6796 8.09075e-13 -0.000142379 0.258533
17.6896 8.0963e-13 -0.00014232 0.25855
17.6996 8.09852e-13 -0.000142263 0.258565
17.7096 8.10407e-13 -0.000142212 0.258578
17.7196 8.10851e-13 -0.000142164 0.258589
17.7296 8.11295e-13 -0.000142118 0.258597
17.7396 8.11351e-13 -0.000142077 0.258604
17.7496 8.11518e-13 -0.000142042 0.258609
17.7596 8.12073e-13 -0.000142011 0.258612
17.7696 8.12406e-13 -0.000141975 0.258613
17.7796 8.12628e-13 -0.000141936 0.258611
17.7896 8.12905e-13 -0.000141892 0.258607
17.7996 8.13183e-13 -0.000141842 0.258601
17.8096 8.13849e-13 -0.000141786 0.258595
17.8196 8.14127e-13 -0.000141736 0.258588
17.8296 8.14571e-13 -0.000141697 0.258581
17.8396 8.15237e-13 -0.000141747 0.258574
17.8496 8.15736e-13 -0.000141968 0.258568
17.8596 8.15958e-13 -0.000142244 0.258561
17.8696 8.16847e-13 -0.00014243 0.258556
17.8796 8.17513e-13 -0.000142557 0.25855
17.8896 8.1779e-13 -0.000142688 0.258546
17.8996 8.19067e-13 -0.000142698 0.258541
17.9175 8.19789e-13 -0.000142765 0.258535
17.9275 8.20344e-13 -0.000142863 0.258532
17.9375 8.20677e-13 -0.000142886 0.258529
17.9475 8.20732e-13 -0.000142955 0.258527
17.9575 8.2101e-13 -0.00014311 0.258526
17.9675 8.21065e-13 -0.000143139 0.258527
17.9775 8.21343e-13 -0.0001431 0.258529
17.9875 8.21621e-13 -0.000143145 0.258533
17.9975 8.21898e-13 -0.000143199 0.258539
18.0075 8.22176e-13 -0.00014323 0.258546
18.0175 8.22786e-13 -0.000143243 0.258554
18.0275 8.23008e-13 -0.000143297 0.258563
18.0375 8.23286e-13 -0.000143426 0.258573
18.0475 8.23952e-13 -0.000143575 0.258585
18.0575 8.24452e-13 -0.00014373 0.258598
18.0675 8.25062e-13 -0.000143907 0.258612
18.0775 8.2534e-13 -0.000144045 0.258628
18.0875 8.25562e-13 -0.000144071 0.258647
18.0975 8.26117e-13 -0.000144009 0.258669
18.1133 8.2645e-13 -0.000143964 0.25871
18.129 8.2695e-13 -0.00014402 0.258754
18.139 8.26839e-13 -0.000143983 0.258781
18.149 8.27061e-13 -0.00014392 0.258805
18.159 8.27671e-13 -0.000143853 0.258828
18.169 8.27671e-13 -0.000143783 0.258847
18.179 8.27949e-13 -0.000143709 0.258864
18.189 8.28504e-13 -0.000143637 0.258878
18.199 8.2917e-13 -0.000143572 0.25889
18.209 8.29392e-13 -0.000143517 0.2589
18.219 8.2967e-13 -0.000143471 0.258909
18.229 8.30169e-13 -0.000143448 0.258916
18.239 8.30391e-13 -0.000143415 0.258923
18.249 8.30391e-13 -0.000143361 0.258929
18.259 8.31224e-13 -0.000143322 0.258934
18.269 8.31724e-13 -0.000143296 0.258938
18.279 8.32001e-13 -0.000143269 0.258941
18.289 8.32334e-13 -0.000143273 0.258943
18.299 8.32334e-13 -0.000143258 0.258942
18.309 8.32778e-13 -0.000143217 0.258939
18.319 8.33056e-13 -0.000143228 0.258936
18.329 8.33444e-13 -0.000143287 0.258933
18.339 8.34166e-13 -0.000143348 0.25893
18.349 8.3461e-13 -0.000143391 0.258926
18.359 8.3511e-13 -0.000143451 0.258923
18.369 8.35387e-13 -0.00014357 0.258919
18.379 8.36387e-13 -0.000143614 0.258916
18.3951 8.38829e-13 -0.000143604 0.258912
18.4051 8.39107e-13 -0.000143753 0.258908
18.4151 8.39662e-13 -0.000143737 0.258905
18.4251 8.39717e-13 -0.000143817 0.258901
18.4351 8.39939e-13 -0.00014414 0.258899
18.4451 8.40272e-13 -0.000144407 0.258899
18.4551 8.40272e-13 -0.000144534 0.258899
18.4651 8.41049e-13 -0.000144602 0.258901
18.4751 8.41882e-13 -0.000144691 0.258902
18.4851 8.41605e-13 -0.000144725 0.258905
18.4951 8.42104e-13 -0.000144674 0.258907
18.5051 8.4277e-13 -0.000144675 0.25891
18.5151 8.42992e-13 -0.000144749 0.258913
18.5251 8.43325e-13 -0.000144853 0.258916
18.5351 8.4327e-13 -0.000144949 0.258919
18.5451 8.43048e-13 -0.000145023 0.258921
18.5551 8.43547e-13 -0.000145096 0.258924
18.5651 8.43769e-13 -0.000145187 0.258926
18.5751 8.44269e-13 -0.000145289 0.258928
18.5851 8.44713e-13 -0.000145386 0.25893
18.5951 8.44935e-13 -0.000145478 0.258931
18.6051 8.45268e-13 -0.000145593 0.258933
18.6151 8.45546e-13 -0.000145736 0.258935
18.6251 8.46045e-13 -0.000145917 0.258938
18.6351 8.46101e-13 -0.00014614 0.258941
18.6451 8.46434e-13 -0.00014638 0.258945
18.6551 8.46712e-13 -0.000146628 0.258947
18.6651 8.47655e-13 -0.000146875 0.258949
18.6751 8.47933e-13 -0.000147156 0.258951
18.6851 8.48432e-13 -0.00014751 0.258953
18.6951 8.49265e-13 -0.000147885 0.258953
18.7051 8.49321e-13 -0.000148187 0.258952
18.7151 8.49598e-13 -0.000148398 0.25895
18.7251 8.50098e-13 -0.000148591 0.258947
18.7351 8.50153e-13 -0.00014882 0.258944
18.7451 8.50431e-13 -0.000149034 0.25894
18.7551 8.50986e-13 -0.00014918 0.258937
18.7651 8.51763e-13 -0.000149352 0.258935
18.7751 8.52207e-13 -0.000149379 0.258934
18.7851 8.52263e-13 -0.000149205 0.258933
18.7951 8.53095e-13 -0.0001491 0.258933
18.8064 8.54428e-13 -0.000148978 0.258935
18.8164 8.54983e-13 -0.000149124 0.258936
18.8322 8.55704e-13 -0.000149284 0.258937
18.8422 8.56148e-13 -0.000149381 0.258936
18.8522 8.56426e-13 -0.000149492 0.258936
18.8622 8.56537e-13 -0.000149544 0.258937
18.8722 8.56759e-13 -0.000149644 0.258937
18.8822 8.57092e-13 -0.00014979 0.258938
18.8922 8.57092e-13 -0.000149902 0.258939
18.9022 8.57203e-13 -0.000150023 0.258941
18.9122 8.57259e-13 -0.000150146 0.258943
18.9222 8.57481e-13 -0.000150252 0.258945
18.9322 8.57814e-13 -0.000150357 0.258947
18.9422 8.57814e-13 -0.000150474 0.258949
18.9522 8.58369e-13 -0.000150613 0.258951
18.968 8.58646e-13 -0.000151001 0.258953
18.978 8.59091e-13 -0.000151031 0.258953
18.988 8.59091e-13 -0.000151093 0.258952
18.998 8.59368e-13 -0.000151211 0.258951
19.008 8.59646e-13 -0.000151327 0.258951
19.018 8.60145e-13 -0.000151465 0.25895
19.0284 8.60645e-13 -0.000151614 0.25895
19.0384 8.60922e-13 -0.000151756 0.25895
19.0517 8.61256e-13 -0.000152068 0.258948
19.0617 8.617e-13 -0.000152359 0.258947
19.0717 8.61977e-13 -0.000152321 0.258945
19.0817 8.62754e-13 -0.000152034 0.258944
19.0917 8.63087e-13 -0.000151818 0.258943
19.1017 8.63865e-13 -0.00015166 0.258941
19.1117 8.64087e-13 -0.000151467 0.25894
19.1275 8.64919e-13 -0.000150974 0.258938
19.1375 8.65308e-13 -0.000150645 0.258937
19.1475 8.65585e-13 -0.00015027 0.258937
19.1575 8.6614e-13 -0.000149761 0.258936
19.1675 8.66363e-13 -0.00014961 0.258936
19.1775 8.67806e-13 -0.000149049 0.258936
19.194 8.68638e-13 -0.000149631 0.258934
19.204 8.68805e-13 -0.000150321 0.258933
19.214 8.69027e-13 -0.000150412 0.258934
19.224 8.69305e-13 -0.00015041 0.258936
19.234 8.69693e-13 -0.000150461 0.258937
19.244 8.70193e-13 -0.000150478 0.258937
19.254 8.70526e-13 -0.00015042 0.258938
19.264 8.70803e-13 -0.00015037 0.258938
19.274 8.70637e-13 -0.000150321 0.258939
19.284 8.71414e-13 -0.000150266 0.258941
19.294 8.71858e-13 -0.000150188 0.258941
19.304 8.7208e-13 -0.00015017 0.258944
19.314 8.72802e-13 -0.00015026 0.258949
19.324 8.73523e-13 -0.000150397 0.258952
19.334 8.73579e-13 -0.000150555 0.258953
19.344 8.73912e-13 -0.000150732 0.258954
19.354 8.74134e-13 -0.000150926 0.258954
19.364 8.74412e-13 -0.000151134 0.258953
19.374 8.74967e-13 -0.000151353 0.258953
19.384 8.75466e-13 -0.000151567 0.258953
19.394 8.7641e-13 -0.000151796 0.258953
19.4077 8.77354e-13 -0.000152211 0.258953
19.4177 8.78075e-13 -0.000152369 0.258952
19.4277 8.78408e-13 -0.00015255 0.258951
19.4377 8.79408e-13 -0.000152505 0.25895
19.4477 8.79907e-13 -0.000152837 0.258948
19.4577 8.80518e-13 -0.000153639 0.258945
19.471 8.81351e-13 -0.000154226 0.258942
19.481 8.81573e-13 -0.000154981 0.258942
19.491 8.8185e-13 -0.000155497 0.258941
19.501 8.82072e-13 -0.00015596 0.258938
19.511 8.8235e-13 -0.000156691 0.258935
19.521 8.8346e-13 -0.000157533 0.258933
19.5401 8.84348e-13 -0.000158794 0.258933
19.5501 8.8457e-13 -0.000159032 0.258935
19.5658 8.86069e-13 -0.000159515 0.258937
19.5758 8.86347e-13 -0.000159695 0.258938
19.5858 8.86791e-13 -0.000159827 0.258939
19.5958 8.8779e-13 -0.000160094 0.25894
19.6142 8.88178e-13 -0.000160632 0.258943
19.6242 8.88456e-13 -0.0001609 0.258946
19.6342 8.88511e-13 -0.000161224 0.258949
19.6442 8.88511e-13 -0.000161494 0.258952
19.6542 8.89344e-13 -0.000161854 0.258955
19.6642 8.89899e-13 -0.000162294 0.258961
19.6742 8.90121e-13 -0.00016271 0.25897
19.6842 8.90843e-13 -0.000163163 0.258979
19.6942 8.91398e-13 -0.000163568 0.258987
19.7042 8.91676e-13 -0.000163914 0.25899
19.7142 8.91676e-13 -0.000164489 0.258991
19.7242 8.92342e-13 -0.000165069 0.258991
19.7342 8.9273e-13 -0.000165444 0.258991
19.7442 8.93119e-13 -0.000165759 0.258991
19.7542 8.93619e-13 -0.000166107 0.25899
19.7642 8.9434e-13 -0.000166439 0.258988
19.7742 8.94951e-13 -0.000166597 0.258987
19.7842 8.95173e-13 -0.000166637 0.258985
19.7942 8.95783e-13 -0.00016661 0.258984
19.8042 8.96061e-13 -0.000166493 0.258983
19.8142 8.96561e-13 -0.000165901 0.258982
19.8242 8.96783e-13 -0.000165448 0.258982
19.8342 8.96783e-13 -0.000165583 0.258982
19.8442 8.97005e-13 -0.000165776 0.258982
19.8542 8.97837e-13 -0.00016603 0.258982
19.8642 8.98726e-13 -0.000166391 0.258981
19.8742 8.99114e-13 -0.000167033 0.25898
19.8842 9.00002e-13 -0.000167722 0.258979
19.8942 9.0028e-13 -0.000167942 0.258978
19.9042 9.00613e-13 -0.000167674 0.258976
19.9142 9.0089e-13 -0.000167469 0.258976
19.9308 9.02389e-13 -0.000167163 0.258975
19.9428 9.03944e-13 -0.000166585 0.258975
19.9528 9.04887e-13 -0.000166617 0.258976
19.9685 9.05997e-13 -0.000166215 0.258977
19.9785 9.05997e-13 -0.00016615 0.258978
19.9885 9.06719e-13 -0.000166127 0.258979
19.9985 9.07163e-13 -0.000166074 0.258979
20.0085 9.07607e-13 -0.000165951 0.258979
20.0185 9.07552e-13 -0.000165854 0.25898
20.0285 9.08051e-13 -0.000165804 0.25898
20.0385 9.08107e-13 -0.000165764 0.25898
20.0485 9.08662e-13 -0.000165741 0.25898
20.0585 9.09162e-13 -0.00016568 0.25898
20.0685 9.09883e-13 -0.000165568 0.25898
20.0801 9.10216e-13 -0.000165481 0.258981
20.0916 9.10716e-13 -0.000165436 0.258981
20.1074 9.11216e-13 -0.000165527 0.258983
20.1174 9.11271e-13 -0.000165898 0.258987
20.1274 9.11715e-13 -0.000166438 0.258992
20.1374 9.12159e-13 -0.000167084 0.258997
20.1474 9.12825e-13 -0.000167817 0.259003
20.1574 9.12881e-13 -0.000168472 0.259007
20.1731 9.13158e-13 -0.000169289 0.259008
20.1831 9.1338e-13 -0.000169777 0.259008
20.1931 9.13492e-13 -0.000170262 0.259008
20.2031 9.13547e-13 -0.000170745 0.259008
20.2131 9.1388e-13 -0.000171186 0.259008
20.2231 9.1438e-13 -0.000171606 0.259008
20.2331 9.14491e-13 -0.000172104 0.259007
20.2431 9.15268e-13 -0.000172713 0.259006
20.2531 9.1599e-13 -0.000173186 0.259005
20.2631 9.16378e-13 -0.000173599 0.259003
20.2731 9.16656e-13 -0.000174185 0.259002
20.2831 9.17266e-13 -0.000174903 0.259001
20.2931 9.17488e-13 -0.000176069 0.259
20.3065 9.18821e-13 -0.000177088 0.258998
20.3165 9.19431e-13 -0.000177472 0.258996
20.3322 9.20153e-13 -0.000177643 0.258993
20.3422 9.20708e-13 -0.000177525 0.258992
20.3522 9.20874e-13 -0.000177338 0.258991
20.3622 9.22706e-13 -0.000175896 0.258989
20.3758 9.23372e-13 -0.000173321 0.258986
20.3858 9.23428e-13 -0.000172341 0.258985
20.3958 9.24427e-13 -0.000171689 0.258986
20.4116 9.24982e-13 -0.000169917 0.258986
20.4274 9.25426e-13 -0.000168301 0.258984
20.4374 9.25926e-13 -0.000168291 0.258984
20.4474 9.26537e-13 -0.000168415 0.258985
20.4574 9.26814e-13 -0.000168661 0.258985
20.4674 9.26925e-13 -0.000168696 0.258987
20.4774 9.27647e-13 -0.000168776 0.258994
20.4874 9.2798e-13 -0.000169153 0.259004
20.4974 9.28591e-13 -0.000169653 0.259016
20.5084 9.30145e-13 -0.000170282 0.259033
20.5241 9.307e-13 -0.000171099 0.259047
20.5341 9.30755e-13 -0.000171554 0.259049
20.5441 9.30978e-13 -0.000171984 0.259049
20.5541 9.31033e-13 -0.000172393 0.259048
20.5699 9.31311e-13 -0.000173025 0.259046
20.5799 9.31144e-13 -0.000173417 0.259045
20.5899 9.31588e-13 -0.000173812 0.259045
20.5999 9.31644e-13 -0.000174194 0.259046
20.6099 9.32088e-13 -0.000174511 0.259045
20.6199 9.33476e-13 -0.000174831 0.259044
20.6393 9.33753e-13 -0.000175165 0.25904
20.6551 9.35196e-13 -0.000175453 0.259037
20.6651 9.35252e-13 -0.000176026 0.259034
20.6751 9.35918e-13 -0.000176569 0.259032
20.6851 9.36362e-13 -0.000177154 0.259031
20.6951 9.37306e-13 -0.000177913 0.25903
20.7066 9.38971e-13 -0.000179057 0.259028
20.719 9.39526e-13 -0.000183066 0.259031
20.729 9.39748e-13 -0.000184226 0.259033
20.7465 9.40636e-13 -0.000186167 0.259033
20.7565 9.40914e-13 -0.00018696 0.259034
20.7665 9.41247e-13 -0.000187518 0.259034
20.7775 9.42968e-13 -0.00018865 0.259036
20.7908 9.43523e-13 -0.000190003 0.259038
20.8065 9.43856e-13 -0.000191769 0.259043
20.8165 9.44078e-13 -0.000192691 0.259047
20.8265 9.44078e-13 -0.000193574 0.259052
20.8365 9.44411e-13 -0.00019444 0.259058
20.8465 9.44633e-13 -0.000195274 0.259065
20.8565 9.44689e-13 -0.000196124 0.259074
20.8665 9.44966e-13 -0.000197001 0.259086
20.8765 9.44966e-13 -0.000197759 0.259096
20.8881 9.45743e-13 -0.000198411 0.259102
20.8996 9.46354e-13 -0.000198937 0.259104
20.9154 9.46465e-13 -0.000199641 0.259106
20.9254 9.46687e-13 -0.000200099 0.259108
20.9412 9.47242e-13 -0.000200809 0.259108
20.9512 9.4752e-13 -0.000201366 0.259108
20.9612 9.4752e-13 -0.000201929 0.259107
20.9712 9.48075e-13 -0.000202399 0.259106
20.9812 9.48797e-13 -0.000202891 0.259106
20.9912 9.49407e-13 -0.000203579 0.259106
21.0012 9.49629e-13 -0.000204172 0.259106
21.0112 9.50406e-13 -0.000204663 0.259105
21.0212 9.50184e-13 -0.000205116 0.259105
21.0312 9.50851e-13 -0.00020523 0.259105
21.0412 9.50962e-13 -0.000205262 0.259103
21.0512 9.51184e-13 -0.000205307 0.259102
21.0645 9.51905e-13 -0.000205114 0.259099
21.0745 9.52238e-13 -0.000204989 0.259097
21.0845 9.53071e-13 -0.000204853 0.259094
21.1034 9.56069e-13 -0.000203697 0.25909
21.115 9.56957e-13 -0.000202646 0.259088
21.125 9.57345e-13 -0.000202723 0.259088
21.135 9.579e-13 -0.000203035 0.259088
21.145 9.58233e-13 -0.000203615 0.259088
21.155 9.58345e-13 -0.000204089 0.259088
21.165 9.58844e-13 -0.00020435 0.259089
21.175 9.59621e-13 -0.00020445 0.25909
21.185 9.59455e-13 -0.000204377 0.259091
21.195 9.59954e-13 -0.000204194 0.259092
21.205 9.60232e-13 -0.000204179 0.259093
21.2208 9.61231e-13 -0.000204579 0.259096
21.2308 9.61897e-13 -0.000204927 0.259097
21.2408 9.62508e-13 -0.0002052 0.259098
21.2536 9.64007e-13 -0.000205544 0.259101
21.2733 9.65839e-13 -0.000206311 0.259104
21.2904 9.65894e-13 -0.000207075 0.259106
21.3004 9.65894e-13 -0.000207548 0.259107
21.3104 9.66671e-13 -0.000208021 0.259107
21.3204 9.66671e-13 -0.000208501 0.259107
21.3304 9.66893e-13 -0.000208983 0.259107
21.3404 9.67171e-13 -0.000209507 0.259106
21.3504 9.67504e-13 -0.000210136 0.259105
21.3604 9.67781e-13 -0.00021041 0.259104
21.3704 9.68225e-13 -0.000210398 0.259102
21.3804 9.6867e-13 -0.000210794 0.259101
21.3904 9.69225e-13 -0.000211892 0.2591
21.4004 9.69558e-13 -0.000213251 0.259098
21.4104 9.70501e-13 -0.000214799 0.259097
21.4204 9.70668e-13 -0.000216154 0.259096
21.4304 9.71168e-13 -0.00021682 0.259095
21.4404 9.71778e-13 -0.000217117 0.259094
21.4504 9.72111e-13 -0.000217326 0.259092
21.4604 9.72999e-13 -0.000217391 0.259091
21.4704 9.73999e-13 -0.000218024 0.259091
21.4804 9.74498e-13 -0.000219123 0.259092
21.4904 9.75497e-13 -0.00021983 0.259092
21.502 9.7744e-13 -0.00022101 0.259093
21.5176 9.78051e-13 -0.000223883 0.259098
21.5276 9.78051e-13 -0.000225174 0.2591
21.5376 9.78606e-13 -0.0002259 0.259101
21.5476 9.7844e-13 -0.000226425 0.259101
21.5576 9.78939e-13 -0.00022691 0.259103
21.5676 9.79217e-13 -0.000227354 0.259104
21.5776 9.79439e-13 -0.000228688 0.259108
21.5876 9.80105e-13 -0.000230581 0.259118
21.5976 9.79938e-13 -0.000232076 0.259131
21.613 9.81437e-13 -0.00023426 0.259153
21.6246 9.81881e-13 -0.000235994 0.259171
21.6346 9.81715e-13 -0.000237205 0.259184
21.6446 9.82103e-13 -0.000238008 0.25919
21.6546 9.82547e-13 -0.000238629 0.25919
21.6646 9.82936e-13 -0.000239234 0.259189
21.6803 9.84102e-13 -0.00024022 0.25919
21.6903 9.84102e-13 -0.000240924 0.259191
21.7003 9.84546e-13 -0.000241634 0.259191
21.7103 9.84768e-13 -0.000242326 0.259191
21.7203 9.84934e-13 -0.000242937 0.259191
21.7303 9.85712e-13 -0.000243271 0.259192
21.7403 9.85767e-13 -0.000243572 0.259192
21.7503 9.861e-13 -0.000244117 0.259191
21.7603 9.86378e-13 -0.000244928 0.25919
21.7703 9.87099e-13 -0.000245593 0.259188
21.7803 9.87099e-13 -0.000245834 0.259187
21.7903 9.8771e-13 -0.000245919 0.259186
21.8003 9.88265e-13 -0.000245962 0.259186
21.812 9.88931e-13 -0.000245632 0.259185
21.822 9.8932e-13 -0.000245793 0.259185
21.832 9.89819e-13 -0.000246228 0.259184
21.842 9.90263e-13 -0.00024698 0.259182
21.852 9.91041e-13 -0.000248194 0.259181
21.862 9.91318e-13 -0.000249393 0.25918
21.872 9.91263e-13 -0.000250273 0.259179
21.882 9.91651e-13 -0.000251039 0.259178
21.8935 9.92428e-13 -0.0002523 0.259178
21.9079 9.93872e-13 -0.000253524 0.259179
21.9179 9.93705e-13 -0.00025411 0.259179
21.9295 9.9476e-13 -0.000254993 0.25918
21.9452 9.95204e-13 -0.00025641 0.259182
21.9577 9.96425e-13 -0.000257387 0.259183
21.9734 9.9698e-13 -0.000258351 0.259185
21.9834 9.97369e-13 -0.000258825 0.259185
21.9992 9.98146e-13 -0.000259762 0.259187
22.015 9.98812e-13 -0.000260806 0.259188
22.025 9.99534e-13 -0.000261358 0.259189
22.035 9.99756e-13 -0.000261886 0.259189
22.045 1.00026e-12 -0.000262392 0.25919
22.0583 1.00081e-12 -0.000263028 0.25919
22.0683 1.00109e-12 -0.00026342 0.259191
22.0841 1.00231e-12 -0.000263755 0.25919
22.0941 1.00309e-12 -0.000264298 0.25919
22.1098 1.0047e-12 -0.000269429 0.2592
22.1292 1.0052e-12 -0.000279995 0.25925
22.1392 1.00564e-12 -0.000284142 0.259275
22.1492 1.00592e-12 -0.000288068 0.259299
22.1592 1.00725e-12 -0.000290923 0.259322
22.1692 1.00731e-12 -0.00029346 0.259346
22.1797 1.00742e-12 -0.000295792 0.259369
22.1912 1.00847e-12 -0.000298014 0.259381
22.207 1.00953e-12 -0.000300069 0.259381
22.217 1.01075e-12 -0.000301238 0.25938
22.2328 1.01097e-12 -0.000302895 0.259381
22.2428 1.01119e-12 -0.000303816 0.259383
22.2528 1.01164e-12 -0.000304846 0.259387
22.2628 1.01175e-12 -0.000305849 0.259391
22.2728 1.01197e-12 -0.000306585 0.259393
22.2828 1.0123e-12 -0.000307207 0.259395
22.2928 1.0123e-12 -0.000307784 0.259398
22.3028 1.01302e-12 -0.000308312 0.2594
22.3128 1.01313e-12 -0.000308806 0.259401
22.3228 1.01363e-12 -0.000309287 0.259403
22.3328 1.01424e-12 -0.000309652 0.259404
22.3428 1.01441e-12 -0.000310049 0.259404
22.3528 1.01474e-12 -0.000310593 0.259404
22.3628 1.01535e-12 -0.000310896 0.259403
22.3728 1.01558e-12 -0.000311189 0.259401
22.3828 1.01624e-12 -0.000311689 0.2594
22.3985 1.01708e-12 -0.000312227 0.259397
22.4085 1.01791e-12 -0.00031274 0.259394
22.4185 1.01796e-12 -0.000313694 0.25939
22.4301 1.0183e-12 -0.000314692 0.259386
22.4455 1.01996e-12 -0.000313627 0.25938
22.4571 1.02129e-12 -0.000314178 0.259378
22.4671 1.02185e-12 -0.000315355 0.259376
22.4771 1.0219e-12 -0.000316477 0.259374
22.4929 1.02346e-12 -0.000317794 0.259373
22.5029 1.02374e-12 -0.00031839 0.259372
22.5129 1.02379e-12 -0.00031869 0.259372
22.5277 1.02524e-12 -0.000319717 0.259373
22.5377 1.02551e-12 -0.000320494 0.259374
22.5531 1.02701e-12 -0.00032177 0.259377
22.5631 1.02729e-12 -0.000322692 0.25938
22.5731 1.02757e-12 -0.000323638 0.259386
22.5831 1.02784e-12 -0.00032464 0.259394
22.5931 1.02807e-12 -0.000325678 0.259405
22.6031 1.02812e-12 -0.00032678 0.25942
22.6131 1.0284e-12 -0.000327804 0.259433
22.6231 1.02873e-12 -0.000328649 0.259442
22.6331 1.02934e-12 -0.000329387 0.259447
22.6431 1.02979e-12 -0.000329982 0.259451
22.6531 1.03023e-12 -0.000330473 0.259454
22.6631 1.03073e-12 -0.000330948 0.259455
22.6731 1.03118e-12 -0.00033147 0.259455
22.6831 1.03173e-12 -0.000332033 0.259455
22.6931 1.03179e-12 -0.00033263 0.259455
22.7031 1.03195e-12 -0.000333276 0.259456
22.7131 1.03229e-12 -0.000333846 0.259457
22.7231 1.03278e-12 -0.000334398 0.259456
22.7331 1.03334e-12 -0.00033502 0.259455
22.7431 1.03384e-12 -0.000335317 0.259454
22.7531 1.03434e-12 -0.000335568 0.259453
22.7631 1.03445e-12 -0.00033611 0.259452
22.7731 1.03506e-12 -0.000336532 0.25945
22.7831 1.03501e-12 -0.000336634 0.259448
22.7931 1.03578e-12 -0.000336714 0.259445
22.8031 1.03567e-12 -0.000336677 0.259443
22.8131 1.03656e-12 -0.000335277 0.25944
22.8231 1.03684e-12 -0.000333558 0.259437
22.8331 1.03773e-12 -0.000333048 0.259435
22.8431 1.03778e-12 -0.000333258 0.259435
22.8531 1.03823e-12 -0.000333843 0.259434
22.8631 1.03884e-12 -0.000334193 0.259433
22.8731 1.03928e-12 -0.000334604 0.259433
22.8831 1.03978e-12 -0.000335437 0.259433
22.8931 1.04006e-12 -0.000336297 0.259434
22.9031 1.04083e-12 -0.000337095 0.259434
22.9131 1.04111e-12 -0.000337811 0.259435
22.9231 1.04139e-12 -0.000338445 0.259436
22.9331 1.04144e-12 -0.00033891 0.259437
22.9464 1.042e-12 -0.000339431 0.259439
22.9622 1.04311e-12 -0.000339953 0.259442
22.9722 1.04322e-12 -0.000340269 0.259443
22.9822 1.04372e-12 -0.00034058 0.259445
22.9922 1.04455e-12 -0.000340967 0.259446
23.0022 1.045e-12 -0.000341342 0.259446
23.0122 1.04522e-12 -0.000341822 0.259448
23.0222 1.04527e-12 -0.000342387 0.259452
23.0322 1.04527e-12 -0.000342955 0.259454
23.0422 1.04577e-12 -0.000343548 0.259455
23.0522 1.04611e-12 -0.000344142 0.259455
23.0622 1.04611e-12 -0.000344841 0.259455
23.078 1.04694e-12 -0.000349091 0.259459
23.088 1.04716e-12 -0.000352707 0.259467
23.098 1.04738e-12 -0.00035426 0.259469
23.108 1.04911e-12 -0.000355715 0.259467
23.118 1.04911e-12 -0.000356853 0.259466
23.128 1.05016e-12 -0.000357571 0.259465
23.138 1.05044e-12 -0.000358244 0.259464
23.148 1.05138e-12 -0.000358885 0.259464
23.158 1.05199e-12 -0.000359934 0.259463
23.168 1.05221e-12 -0.000361233 0.259461
23.178 1.05277e-12 -0.000364186 0.259462
23.188 1.05349e-12 -0.000367204 0.259466
23.198 1.05405e-12 -0.000368478 0.259468
23.2138 1.0551e-12 -0.00036976 0.259466
23.2333 1.05738e-12 -0.000372611 0.259468
23.2433 1.05765e-12 -0.000375103 0.259472
23.2533 1.05815e-12 -0.000376957 0.259475
23.2633 1.05843e-12 -0.00037851 0.259477
23.2733 1.05843e-12 -0.000379607 0.259478
23.2833 1.05871e-12 -0.000380571 0.25948
23.2933 1.05899e-12 -0.000381403 0.259481
23.3033 1.05932e-12 -0.000382158 0.259482
23.3133 1.05937e-12 -0.000382906 0.259484
23.3233 1.05965e-12 -0.000383633 0.259485
23.3333 1.06065e-12 -0.000384747 0.259486
23.3433 1.0611e-12 -0.000385874 0.259487
23.3533 1.0611e-12 -0.000386738 0.259488
23.3633 1.0616e-12 -0.000387677 0.259488
23.3791 1.06209e-12 -0.000389124 0.25949
23.3891 1.06259e-12 -0.000390043 0.259491
23.3991 1.06298e-12 -0.000390925 0.259492
23.4091 1.06376e-12 -0.00039202 0.259493
23.4249 1.06543e-12 -0.000394582 0.259494
23.4349 1.06565e-12 -0.000396555 0.259494
23.4506 1.06648e-12 -0.000398366 0.259492
23.4606 1.06704e-12 -0.000398843 0.25949
23.4764 1.06831e-12 -0.00039999 0.259488
23.4864 1.06926e-12 -0.000400386 0.259488
23.4997 1.07025e-12 -0.000400136 0.259487
23.5142 1.07131e-12 -0.000400689 0.259487
23.5242 1.0722e-12 -0.000401986 0.259487
23.5342 1.07248e-12 -0.000403563 0.259487
23.5442 1.0732e-12 -0.000405747 0.259488
23.5542 1.07381e-12 -0.000408261 0.25949
23.5642 1.07453e-12 -0.000409854 0.259491
23.5742 1.07508e-12 -0.000412035 0.259492
23.5842 1.07553e-12 -0.000414326 0.259494
23.5942 1.07581e-12 -0.000415909 0.259495
23.6042 1.07614e-12 -0.000417599 0.259496
23.6142 1.07642e-12 -0.000419195 0.259497
23.6242 1.07653e-12 -0.000420425 0.259499
23.6342 1.07686e-12 -0.000421762 0.2595
23.6442 1.07814e-12 -0.000423889 0.259502
23.6542 1.07847e-12 -0.000425815 0.259504
23.6642 1.07869e-12 -0.000427022 0.259506
23.6742 1.07947e-12 -0.000428253 0.259507
23.6842 1.07997e-12 -0.000429433 0.25951
23.6942 1.0803e-12 -0.000430456 0.259512
23.7042 1.0808e-12 -0.000431394 0.259512
23.7142 1.08125e-12 -0.000432272 0.259512
23.7242 1.08219e-12 -0.000433612 0.259512
23.7342 1.08247e-12 -0.000435215 0.259513
23.7442 1.08252e-12 -0.000436439 0.259513
23.7542 1.08252e-12 -0.000437797 0.259513
23.7642 1.0833e-12 -0.000439858 0.259514
23.7742 1.08341e-12 -0.000441627 0.259515
23.7842 1.08374e-12 -0.000443377 0.259516
23.7942 1.08424e-12 -0.000445418 0.259517
23.8042 1.08452e-12 -0.000447038 0.259517
23.8142 1.08474e-12 -0.000448447 0.259516
23.8242 1.08552e-12 -0.000450432 0.259516
23.8342 1.08608e-12 -0.000453007 0.259516
23.8499 1.08646e-12 -0.000456987 0.259517
23.8657 1.08735e-12 -0.000459878 0.259518
23.8757 1.08769e-12 -0.00046218 0.259519
23.8915 1.08846e-12 -0.000464634 0.259521
23.9015 1.08957e-12 -0.000467055 0.259522
23.9115 1.08985e-12 -0.000469617 0.259525
23.9215 1.09029e-12 -0.000471232 0.259526
23.9315 1.09079e-12 -0.000472912 0.259527
23.9415 1.09096e-12 -0.000474306 0.259527
23.9515 1.09179e-12 -0.000476113 0.259529
23.9615 1.0919e-12 -0.00047846 0.259531
23.9715 1.09174e-12 -0.000480773 0.259533
23.9815 1.09202e-12 -0.000482645 0.259535
23.9915 1.09229e-12 -0.000484109 0.259536
24.0015 1.09257e-12 -0.000485455 0.259537
