0.01 4.3119e-15 -7.66403e-05 5.72234e-05
0.02 4.40083e-15 -7.66403e-05 5.71946e-05
0.03 4.48987e-15 -7.66401e-05 5.69755e-05
0.04 4.5788e-15 -7.66401e-05 5.59312e-05
0.05 4.75667e-15 -7.66382e-05 5.24839e-05
0.06 4.89002e-15 -7.66337e-05 4.4071e-05
0.07 5.06787e-15 -7.66295e-05 2.83638e-05
0.08 5.24598e-15 -7.66385e-05 4.42632e-06
0.0957692 5.60369e-15 -7.6707e-05 -4.90764e-05
0.105769 5.78416e-15 -7.6809e-05 -9.05678e-05
0.115769 5.96642e-15 -7.69543e-05 -0.000135684
0.125769 6.19757e-15 -7.71491e-05 -0.000182748
0.135769 6.38465e-15 -7.73671e-05 -0.00023043
0.145769 6.62166e-15 -7.76015e-05 -0.000277929
0.155769 6.86148e-15 -7.78456e-05 -0.000325296
0.165769 7.10478e-15 -7.80854e-05 -0.00037295
0.175769 7.35328e-15 -7.83353e-05 -0.000420959
0.185769 7.60264e-15 -7.85861e-05 -0.000469056
0.195769 7.80517e-15 -7.88227e-05 -0.000516881
0.205769 8.06234e-15 -7.90335e-05 -0.000564224
0.215769 8.32038e-15 -7.92249e-05 -0.000611007
0.225769 8.52812e-15 -7.93998e-05 -0.000657046
0.235769 8.78984e-15 -7.95617e-05 -0.000702108
0.245769 9.05309e-15 -7.9714e-05 -0.000745872
0.255769 9.31828e-15 -7.9846e-05 -0.000787924
0.265769 9.5824e-15 -7.99706e-05 -0.00082818
0.275769 9.84803e-15 -8.00913e-05 -0.000866554
0.285769 1.00614e-14 -8.01979e-05 -0.000902647
0.295769 1.02752e-14 -8.02927e-05 -0.000936142
0.305769 1.04894e-14 -8.03798e-05 -0.000966801
0.315769 1.07588e-14 -8.04649e-05 -0.000994493
0.325769 1.10255e-14 -8.05497e-05 -0.00101909
0.335769 1.12406e-14 -8.06328e-05 -0.00104017
0.345769 1.14565e-14 -8.07087e-05 -0.001057
0.355769 1.16704e-14 -8.07985e-05 -0.00106607
0.365769 1.19414e-14 -8.08858e-05 -0.00105667
0.375769 1.21001e-14 -8.09508e-05 -0.00102562
0.385769 1.22632e-14 -8.10251e-05 -0.000981335
0.395769 1.24783e-14 -8.11154e-05 -0.000930948
0.405769 1.26941e-14 -8.12195e-05 -0.000878799
0.415769 1.29096e-14 -8.13343e-05 -0.000826473
0.425769 1.31256e-14 -8.14596e-05 -0.00077523
0.435769 1.33402e-14 -8.16117e-05 -0.000726498
0.445769 1.35569e-14 -8.17748e-05 -0.000678937
0.455769 1.37728e-14 -8.19397e-05 -0.000630247
0.465769 1.40426e-14 -8.212e-05 -0.000579106
0.475769 1.42586e-14 -8.23042e-05 -0.000525012
0.485769 1.44749e-14 -8.25028e-05 -0.000467808
0.495769 1.4745e-14 -8.27142e-05 -0.00040757
0.505769 1.49616e-14 -8.29354e-05 -0.000344409
0.515769 1.52323e-14 -8.31684e-05 -0.000278441
0.525769 1.55035e-14 -8.3402e-05 -0.000209823
0.535769 1.57748e-14 -8.36434e-05 -0.000138543
0.545769 1.6046e-14 -8.38849e-05 -6.46854e-05
0.555769 1.63175e-14 -8.4126e-05 1.19149e-05
0.565769 1.65895e-14 -8.43658e-05 9.15907e-05
0.575769 1.68069e-14 -8.45996e-05 0.000174652
0.585769 1.70786e-14 -8.48291e-05 0.000261441
0.595769 1.73511e-14 -8.50468e-05 0.000352052
0.605769 1.76252e-14 -8.52547e-05 0.000446975
0.615769 1.78442e-14 -8.54587e-05 0.000546867
0.625769 1.81179e-14 -8.56522e-05 0.000652012
0.635769 1.83924e-14 -8.58309e-05 0.000763019
0.645769 1.86648e-14 -8.59992e-05 0.000880501
0.655769 1.89384e-14 -8.61581e-05 0.00100455
0.665769 1.92129e-14 -8.63072e-05 0.00113496
0.675769 1.94328e-14 -8.64469e-05 0.00127129
0.685769 1.96527e-14 -8.65699e-05 0.00141355
0.695769 1.98695e-14 -8.66823e-05 0.00156225
0.705769 2.01453e-14 -8.67981e-05 0.00171703
0.715769 2.03648e-14 -8.68733e-05 0.00187664
0.725769 2.05825e-14 -8.68855e-05 0.00204085
0.735769 2.08548e-14 -8.68509e-05 0.00221096
0.745769 2.11255e-14 -8.6767e-05 0.00238813
0.755769 2.13943e-14 -8.66315e-05 0.00257254
0.765769 2.16719e-14 -8.64259e-05 0.0027641
0.775769 2.20032e-14 -8.61532e-05 0.00296391
0.785769 2.23415e-14 -8.58298e-05 0.00317358
0.795769 2.26798e-14 -8.54449e-05 0.00339388
0.805769 2.30094e-14 -8.49858e-05 0.00362497
0.815769 2.33476e-14 -8.45185e-05 0.0038695
0.825769 2.36582e-14 -8.41522e-05 0.00413128
0.835769 2.39912e-14 -8.39128e-05 0.00441031
0.845769 2.43763e-14 -8.3745e-05 0.00470364
0.855769 2.4758e-14 -8.35869e-05 0.00500792
0.865769 2.51448e-14 -8.34178e-05 0.00532034
0.875769 2.55178e-14 -8.32385e-05 0.00563926
0.885769 2.58734e-14 -8.30584e-05 0.00596356
0.895769 2.6229e-14 -8.28786e-05 0.00629146
0.905769 2.66037e-14 -8.26903e-05 0.00661983
0.915769 2.6975e-14 -8.24682e-05 0.00694476
0.925769 2.73462e-14 -8.21941e-05 0.00726287
0.935769 2.77868e-14 -8.18786e-05 0.00757133
0.945769 2.82378e-14 -8.15249e-05 0.00786746
0.955769 2.86333e-14 -8.11317e-05 0.00814874
0.965769 2.90185e-14 -8.0706e-05 0.00841256
0.975769 2.9747e-14 -8.02558e-05 0.00865623
0.985769 3.02119e-14 -7.978e-05 0.00887711
1.00154 3.09405e-14 -7.8974e-05 0.00917326
1.01154 3.13811e-14 -7.8413e-05 0.00932399
1.02731 3.2755e-14 -7.74436e-05 0.00949132
1.04564 3.36293e-14 -7.63543e-05 0.00940652
1.05564 3.39867e-14 -7.68563e-05 0.00926735
1.06564 3.44585e-14 -7.88333e-05 0.00912021
1.07564 3.4861e-14 -8.03548e-05 0.00896569
1.08564 3.51386e-14 -8.122e-05 0.0088108
1.09564 3.54092e-14 -8.06283e-05 0.00866064
1.10564 3.56729e-14 -8.08204e-05 0.00852191
1.11564 3.59643e-14 -8.15295e-05 0.0083978
1.12564 3.62453e-14 -8.19369e-05 0.00828388
1.13564 3.65125e-14 -8.21737e-05 0.0081745
1.14564 3.67952e-14 -8.22525e-05 0.00806532
1.15564 3.70901e-14 -8.25873e-05 0.00795313
1.16564 3.73781e-14 -8.29138e-05 0.00783666
1.17564 3.76539e-14 -8.30527e-05 0.00771587
1.18564 3.79852e-14 -8.31344e-05 0.0075906
1.19564 3.83062e-14 -8.32808e-05 0.0074604
1.20564 3.85698e-14 -8.34993e-05 0.00732552
1.21564 3.89029e-14 -8.36725e-05 0.00718623
1.22564 3.91805e-14 -8.37584e-05 0.00704249
1.23564 3.94493e-14 -8.38319e-05 0.00689433
1.24564 3.97252e-14 -8.39389e-05 0.00674143
1.25564 3.99906e-14 -8.40429e-05 0.00658315
1.26564 4.02612e-14 -8.41083e-05 0.00641939
1.27564 4.05318e-14 -8.41567e-05 0.00625042
1.28564 4.0792e-14 -8.42195e-05 0.0060757
1.29564 4.10713e-14 -8.43036e-05 0.00589438
1.30564 4.13419e-14 -8.43883e-05 0.00570625
1.31564 4.16143e-14 -8.4487e-05 0.00551099
1.32564 4.19413e-14 -8.46232e-05 0.00531018
1.33564 4.22188e-14 -8.4775e-05 0.00510501
1.34564 4.24903e-14 -8.49908e-05 0.00489328
1.35564 4.2819e-14 -8.53403e-05 0.00467338
1.36564 4.31434e-14 -8.58408e-05 0.00444523
1.37564 4.34748e-14 -8.65015e-05 0.00420813
1.38564 4.38026e-14 -8.73195e-05 0.00396112
1.39564 4.41327e-14 -8.82899e-05 0.00370339
1.40564 4.44584e-14 -8.94116e-05 0.00343418
1.41564 4.47845e-14 -9.06855e-05 0.00315284
1.42564 4.51141e-14 -9.21124e-05 0.00285881
1.43564 4.54959e-14 -9.36896e-05 0.00255164
1.44564 4.58782e-14 -9.54376e-05 0.00223109
1.45564 4.62606e-14 -9.73755e-05 0.00189709
1.46564 4.66431e-14 -9.94831e-05 0.00154971
1.47564 4.72981e-14 -0.000101729 0.00118927
1.48564 4.77348e-14 -0.000104091 0.000816302
1.49564 4.81172e-14 -0.000106542 0.000431709
1.50564 4.84998e-14 -0.000108347 3.65284e-05
1.51564 4.89372e-14 -0.000108857 -0.000369289
1.52564 4.95376e-14 -0.000108206 -0.000785796
1.53564 4.99212e-14 -0.000106552 -0.00120943
1.54564 5.03046e-14 -0.000103936 -0.00163191
1.55564 5.06882e-14 -0.000100493 -0.00204132
1.56564 5.10716e-14 -9.70825e-05 -0.00242467
1.57564 5.14012e-14 -9.51452e-05 -0.00277051
1.58564 5.17297e-14 -9.48922e-05 -0.00306657
1.59564 5.20027e-14 -9.50097e-05 -0.00330106
1.60564 5.23314e-14 -9.47998e-05 -0.00345823
1.61564 5.26044e-14 -9.45304e-05 -0.00351879
1.62564 5.29331e-14 -9.4299e-05 -0.00348908
1.63564 5.32066e-14 -9.40278e-05 -0.00341236
1.64564 5.35353e-14 -9.3876e-05 -0.00332325
1.65564 5.38082e-14 -9.36831e-05 -0.00322145
1.66564 5.40825e-14 -9.35173e-05 -0.00310132
1.67564 5.43567e-14 -9.36179e-05 -0.00296787
1.68564 5.46301e-14 -9.37789e-05 -0.00282724
1.69564 5.49036e-14 -9.39001e-05 -0.00268262
1.70564 5.51768e-14 -9.39918e-05 -0.00253546
1.71564 5.54522e-14 -9.40589e-05 -0.00238603
1.72564 5.57263e-14 -9.40905e-05 -0.00223335
1.73564 5.60524e-14 -9.41285e-05 -0.00207589
1.74564 5.63828e-14 -9.41618e-05 -0.00191208
1.75564 5.67046e-14 -9.41334e-05 -0.00174195
1.76564 5.70889e-14 -9.40552e-05 -0.00156552
1.77564 5.74783e-14 -9.39056e-05 -0.00138044
1.78564 5.78738e-14 -9.36623e-05 -0.00118419
1.79564 5.82433e-14 -9.33264e-05 -0.000975008
1.80564 5.86788e-14 -9.29033e-05 -0.000751276
1.81564 5.9109e-14 -9.24026e-05 -0.000511551
1.82564 5.95392e-14 -9.18321e-05 -0.000254499
1.83564 5.99711e-14 -9.11979e-05 2.11143e-05
1.84564 6.03961e-14 -9.05057e-05 0.000316411
1.85564 6.08229e-14 -8.97608e-05 0.000632336
1.86564 6.13294e-14 -8.93011e-05 0.000969641
1.87564 6.17874e-14 -8.95682e-05 0.00132895
1.88564 6.22002e-14 -9.06285e-05 0.00171083
1.89564 6.26721e-14 -9.24526e-05 0.0021159
1.90564 6.31023e-14 -9.49433e-05 0.00254511
1.91564 6.35464e-14 -9.78918e-05 0.0029997
1.92564 6.3987e-14 -0.000101164 0.00348102
1.93564 6.44519e-14 -0.000104684 0.00399031
1.94564 6.49342e-14 -0.000107821 0.00452848
1.95564 6.53852e-14 -0.000109488 0.00509614
1.96564 6.58293e-14 -0.000109203 0.0056939
1.97564 6.63011e-14 -0.000107153 0.00632305
1.98564 6.67313e-14 -0.000103728 0.00698583
1.99564 6.71616e-14 -9.93026e-05 0.00768482
2.00564 6.76265e-14 -9.41352e-05 0.00842208
2.01564 6.81052e-14 -8.84308e-05 0.00919867
2.02897 6.87644e-14 -8.15724e-05 0.0102949
2.04474 6.95555e-14 -8.04835e-05 0.0116809
2.05474 7.00828e-14 -8.47135e-05 0.012613
2.06474 7.05686e-14 -9.20866e-05 0.0135913
2.07474 7.1651e-14 -0.000101586 0.0146187
2.09224 7.24976e-14 -0.000120596 0.0165333
2.10224 7.3129e-14 -0.00013285 0.017697
2.11224 7.41837e-14 -0.000144628 0.01892
2.13013 7.50303e-14 -0.000159998 0.0213104
2.14013 7.55368e-14 -0.000168206 0.0227715
2.15013 7.60017e-14 -0.000172024 0.0242622
2.16013 7.6536e-14 -0.000170999 0.0257194
2.17013 7.70356e-14 -0.000169411 0.0271075
2.18013 7.75491e-14 -0.000168622 0.0283971
2.19013 7.80764e-14 -0.000167451 0.029553
2.20013 7.86524e-14 -0.000165744 0.0305497
2.21013 7.90201e-14 -0.00016365 0.031376
2.22013 7.94365e-14 -0.000161279 0.0320298
2.23013 7.97973e-14 -0.000158842 0.032515
2.24013 8.0741e-14 -0.000156389 0.0328379
2.25951 8.15736e-14 -0.000151798 0.0329725
2.26951 8.1983e-14 -0.000152924 0.0328277
2.27951 8.2441e-14 -0.000156147 0.0326446
2.28951 8.28643e-14 -0.000157357 0.0324421
2.29951 8.32043e-14 -0.000157578 0.0322339
2.30951 8.3468e-14 -0.000157522 0.0320422
2.31951 8.37386e-14 -0.000157069 0.0318674
2.32951 8.39745e-14 -0.000156668 0.0317029
2.33951 8.42798e-14 -0.000156611 0.0315445
2.34951 8.45782e-14 -0.000156619 0.0313901
2.35951 8.48072e-14 -0.000156467 0.0312386
2.36951 8.50778e-14 -0.000156224 0.0310892
2.37951 8.53206e-14 -0.000156116 0.0309411
2.38951 8.55982e-14 -0.000156167 0.0307935
2.39951 8.58758e-14 -0.000156195 0.0306461
2.40951 8.61533e-14 -0.000156145 0.0304985
2.41951 8.64031e-14 -0.000156071 0.0303499
2.42951 8.66807e-14 -0.000156043 0.0301993
2.43951 8.70207e-14 -0.00015603 0.030046
2.44951 8.7319e-14 -0.000155971 0.02989
2.45951 8.75619e-14 -0.000155882 0.0297311
2.46951 8.79088e-14 -0.000155811 0.0295691
2.47951 8.81933e-14 -0.000155766 0.0294038
2.48951 8.84431e-14 -0.000155723 0.0292351
2.49951 8.87068e-14 -0.000155669 0.0290631
2.50951 8.90468e-14 -0.000155614 0.0288879
2.51951 8.93174e-14 -0.000155558 0.0287096
2.52951 8.96436e-14 -0.000155484 0.0285288
2.53951 8.9935e-14 -0.000155409 0.0283459
2.54951 9.01224e-14 -0.000155347 0.0281614
2.55951 9.03583e-14 -0.000155271 0.0279761
2.56951 9.05873e-14 -0.000155175 0.027791
2.57951 9.08509e-14 -0.0001551 0.0276071
2.58951 9.11216e-14 -0.000155042 0.0274257
2.59951 9.1413e-14 -0.000154959 0.0272481
2.60951 9.16767e-14 -0.000154858 0.0270761
2.61951 9.1975e-14 -0.000154765 0.0269113
2.62951 9.22318e-14 -0.000154697 0.026756
2.63951 9.24955e-14 -0.000154678 0.0266124
2.64951 9.27453e-14 -0.000154669 0.0264832
2.65951 9.29881e-14 -0.000154589 0.0263712
2.66951 9.31824e-14 -0.000154424 0.0262796
2.67951 9.34461e-14 -0.000154244 0.0262131
2.68951 9.37167e-14 -0.000154113 0.026177
2.69951 9.39387e-14 -0.000154104 0.0261745
2.70951 9.42996e-14 -0.000154159 0.0262003
2.71951 9.46396e-14 -0.000154129 0.0262427
2.72951 9.49726e-14 -0.000154025 0.0262952
2.73951 9.52641e-14 -0.000153924 0.0263578
2.74951 9.56388e-14 -0.000153798 0.0264313
2.75951 9.59649e-14 -0.000153603 0.0265169
2.76951 9.6291e-14 -0.000153477 0.026618
2.77951 9.65686e-14 -0.00015357 0.0267361
2.78951 9.69225e-14 -0.000153732 0.0268686
2.79951 9.72139e-14 -0.00015364 0.0270138
2.80951 9.75747e-14 -0.000153161 0.0271728
2.81951 9.79702e-14 -0.000152404 0.0273472
2.82951 9.83102e-14 -0.000151461 0.0275383
2.83951 9.87543e-14 -0.000150428 0.0277474
2.84951 9.92678e-14 -0.00014972 0.0279761
2.85951 9.96841e-14 -0.000149716 0.0282258
2.86951 1.0017e-13 -0.000150441 0.0284978
2.87951 1.00545e-13 -0.000151817 0.0287938
2.88951 1.00947e-13 -0.000153385 0.0291156
2.89951 1.01336e-13 -0.000154204 0.0294656
2.90951 1.01794e-13 -0.000153644 0.0298464
2.91951 1.02196e-13 -0.00015168 0.030261
2.92951 1.02598e-13 -0.000148855 0.0307134
2.93951 1.02932e-13 -0.000146719 0.0312081
2.94951 1.03306e-13 -0.000146851 0.0317508
2.95951 1.03709e-13 -0.000149866 0.0323488
2.96951 1.04097e-13 -0.000154789 0.0330111
2.97951 1.04486e-13 -0.000158478 0.0337489
2.98951 1.04985e-13 -0.000157922 0.0345785
2.99951 1.0543e-13 -0.000152018 0.0355178
3.00951 1.05846e-13 -0.000144396 0.0365973
3.01951 1.06276e-13 -0.000141756 0.0378619
3.02951 1.06679e-13 -0.000148365 0.0393483
3.03951 1.07137e-13 -0.000162706 0.0410547
3.04951 1.07594e-13 -0.000176543 0.0429175
3.05951 1.08066e-13 -0.000182695 0.0448345
3.06951 1.08538e-13 -0.00018138 0.0467183
3.07951 1.08941e-13 -0.000177125 0.0485145
3.08951 1.09399e-13 -0.000173005 0.0501828
3.09951 1.09898e-13 -0.000169133 0.0516838
3.10951 1.1037e-13 -0.000164914 0.0529891
3.11951 1.11355e-13 -0.000160369 0.0540887
3.13784 1.13021e-13 -0.000152498 0.0555729
3.15075 1.13728e-13 -0.000147734 0.056191
3.16652 1.15186e-13 -0.000142935 0.0564314
3.1834 1.16171e-13 -0.000143787 0.0561039
3.1934 1.1656e-13 -0.000152622 0.0557961
3.2034 1.1699e-13 -0.00015865 0.0555247
3.21494 1.17753e-13 -0.000163986 0.0552772
3.22499 1.1903e-13 -0.000168194 0.0551049
3.24267 1.20001e-13 -0.000169843 0.0548084
3.25267 1.20196e-13 -0.000169282 0.054637
3.26267 1.2057e-13 -0.000168739 0.0544662
3.27267 1.20723e-13 -0.000168924 0.054298
3.28267 1.21028e-13 -0.000169046 0.054132
3.29267 1.21236e-13 -0.000168857 0.0539673
3.30267 1.21445e-13 -0.000168559 0.0538034
3.31267 1.21667e-13 -0.00016843 0.0536398
3.32267 1.21875e-13 -0.000168504 0.0534757
3.33267 1.22138e-13 -0.000168491 0.0533106
3.34267 1.22333e-13 -0.000168347 0.0531434
3.35267 1.22555e-13 -0.00016821 0.0529737
3.36267 1.22818e-13 -0.000168172 0.0528006
3.37267 1.23054e-13 -0.000168174 0.0526236
3.38267 1.23249e-13 -0.000168122 0.0524425
3.39267 1.23387e-13 -0.00016803 0.0522567
3.40267 1.23609e-13 -0.000167965 0.052066
3.41267 1.23859e-13 -0.00016794 0.0518701
3.42267 1.24095e-13 -0.000167915 0.0516689
3.43267 1.24317e-13 -0.000167864 0.0514623
3.44267 1.24498e-13 -0.000167808 0.0512503
3.45267 1.24706e-13 -0.000167759 0.0510328
3.46267 1.24983e-13 -0.000167713 0.05081
3.47267 1.25233e-13 -0.000167662 0.0505822
3.48267 1.25441e-13 -0.000167602 0.0503497
3.49267 1.25608e-13 -0.000167543 0.0501125
3.50267 1.25913e-13 -0.000167491 0.0498712
3.51267 1.26094e-13 -0.000167441 0.0496261
3.52267 1.26288e-13 -0.000167387 0.0493775
3.53267 1.26496e-13 -0.00016733 0.0491261
3.54267 1.2676e-13 -0.000167274 0.0488722
3.55267 1.27051e-13 -0.000167225 0.0486166
3.56267 1.27329e-13 -0.000167176 0.0483597
3.57267 1.27551e-13 -0.000167126 0.0481023
3.58267 1.27842e-13 -0.000167079 0.0478449
3.59267 1.28009e-13 -0.000167027 0.0475883
3.60267 1.28203e-13 -0.000166965 0.0473332
3.61267 1.28439e-13 -0.000166899 0.0470806
3.62267 1.28675e-13 -0.000166836 0.0468313
3.63267 1.28939e-13 -0.0001668 0.0465865
3.64267 1.29216e-13 -0.00016679 0.0463471
3.65267 1.29424e-13 -0.000166779 0.0461143
3.66267 1.29646e-13 -0.000166735 0.0458894
3.67267 1.29854e-13 -0.000166652 0.0456736
3.68267 1.30049e-13 -0.00016656 0.0454679
3.69267 1.30271e-13 -0.000166467 0.0452737
3.70267 1.30534e-13 -0.000166367 0.0450921
3.71267 1.30757e-13 -0.00016627 0.0449241
3.72267 1.30951e-13 -0.000166177 0.0447711
3.73267 1.31187e-13 -0.000166084 0.0446341
3.74267 1.31437e-13 -0.000165991 0.044514
3.75267 1.31631e-13 -0.000165908 0.0444121
3.76267 1.31908e-13 -0.000165839 0.0443299
3.77267 1.32047e-13 -0.000165776 0.0442689
3.78267 1.32311e-13 -0.000165717 0.044232
3.79267 1.32463e-13 -0.000165662 0.044222
3.80267 1.32699e-13 -0.000165611 0.0442381
3.81267 1.3288e-13 -0.000165565 0.0442731
3.82267 1.33074e-13 -0.00016552 0.0443176
3.83267 1.33366e-13 -0.000165477 0.0443664
3.84267 1.33601e-13 -0.00016544 0.0444255
3.85267 1.33824e-13 -0.000165409 0.0445015
3.86267 1.34101e-13 -0.000165383 0.0445943
3.87267 1.34309e-13 -0.000165358 0.0447026
3.88267 1.34573e-13 -0.000165337 0.0448267
3.89267 1.34892e-13 -0.000165366 0.0449661
3.90267 1.35211e-13 -0.000165479 0.0451212
3.91267 1.3553e-13 -0.000165669 0.0452923
3.92267 1.3585e-13 -0.000165977 0.04548
3.93267 1.3621e-13 -0.000166422 0.0456848
3.94267 1.36544e-13 -0.000166945 0.0459069
3.95267 1.37015e-13 -0.000167523 0.0461463
3.96267 1.37446e-13 -0.000168159 0.0464033
3.97267 1.37723e-13 -0.00016885 0.0466782
3.98267 1.3807e-13 -0.000169583 0.0469713
3.99267 1.38389e-13 -0.000170327 0.047283
4.00267 1.38708e-13 -0.000171014 0.0476135
4.01267 1.39028e-13 -0.000171436 0.0479629
4.02267 1.39347e-13 -0.000171342 0.0483312
4.03267 1.39846e-13 -0.000170708 0.0487184
4.04267 1.40263e-13 -0.000169698 0.0491241
4.05267 1.40776e-13 -0.000168427 0.0495475
4.06267 1.41179e-13 -0.000166944 0.0499883
4.07267 1.41581e-13 -0.000165413 0.0504465
4.08267 1.42122e-13 -0.00016428 0.0509219
4.09267 1.42567e-13 -0.000163983 0.0514144
4.10267 1.43136e-13 -0.000164588 0.051924
4.11267 1.4351e-13 -0.000166003 0.0524507
4.12267 1.43927e-13 -0.000168071 0.0529949
4.13267 1.44523e-13 -0.000170504 0.053557
4.14267 1.45078e-13 -0.000172822 0.0541375
4.15267 1.45578e-13 -0.000174227 0.0547363
4.16267 1.4605e-13 -0.000174072 0.0553532
4.17267 1.46216e-13 -0.000172371 0.055988
4.18267 1.46549e-13 -0.000169504 0.0566409
4.19267 1.47077e-13 -0.000165793 0.0573122
4.20267 1.4741e-13 -0.000162192 0.0580018
4.21267 1.47798e-13 -0.000160258 0.0587087
4.22267 1.48215e-13 -0.000160718 0.0594322
4.23267 1.4902e-13 -0.000163445 0.0601723
4.24267 1.49297e-13 -0.000167752 0.0609289
4.25267 1.49603e-13 -0.000172314 0.0617007
4.26267 1.50074e-13 -0.000175051 0.0624862
4.27267 1.50407e-13 -0.00017443 0.0632859
4.28267 1.50713e-13 -0.000170565 0.0641013
4.29267 1.51129e-13 -0.000164058 0.0649302
4.30267 1.5174e-13 -0.000156647 0.0657707
4.31267 1.52239e-13 -0.000151476 0.0666268
4.32267 1.526e-13 -0.000150374 0.0675014
4.33267 1.53211e-13 -0.000153065 0.0683887
4.346 1.53849e-13 -0.000159225 0.069558
4.35932 1.54682e-13 -0.000162471 0.0706318
4.36932 1.5507e-13 -0.000162953 0.0713353
4.37932 1.55348e-13 -0.000163025 0.0719425
4.3905 1.56097e-13 -0.000163048 0.0725005
4.40627 1.56514e-13 -0.000162629 0.0730602
4.41627 1.5718e-13 -0.000161962 0.073286
4.42627 1.57541e-13 -0.000161264 0.0734201
4.43627 1.57985e-13 -0.000160356 0.0734675
4.44627 1.58457e-13 -0.000158694 0.073445
4.45627 1.58706e-13 -0.000158411 0.0733857
4.46627 1.59206e-13 -0.000159226 0.0733085
4.47627 1.59345e-13 -0.000159392 0.0732144
4.48627 1.59595e-13 -0.000159457 0.0731122
4.49627 1.60233e-13 -0.000159148 0.0730134
4.51204 1.60899e-13 -0.000159012 0.0728757
4.52204 1.61149e-13 -0.000158854 0.0727995
4.53204 1.61426e-13 -0.000158707 0.0727321
4.54204 1.61454e-13 -0.000158604 0.0726745
4.55204 1.61704e-13 -0.000158496 0.0726262
4.56204 1.61926e-13 -0.000158354 0.0725867
4.57204 1.6212e-13 -0.000158166 0.0725557
4.58204 1.6237e-13 -0.000157953 0.0725335
4.59204 1.6262e-13 -0.000157752 0.0725209
4.60204 1.6287e-13 -0.000157623 0.0725207
4.61204 1.62953e-13 -0.000157599 0.0725344
4.62204 1.63203e-13 -0.000157665 0.0725604
4.63204 1.63536e-13 -0.000157749 0.0725952
4.64204 1.63813e-13 -0.000157861 0.0726338
4.65204 1.64119e-13 -0.000157919 0.0726721
4.66204 1.64424e-13 -0.000157781 0.0727115
4.67204 1.64785e-13 -0.000157493 0.0727564
4.68204 1.65007e-13 -0.0001572 0.0728085
4.69204 1.65118e-13 -0.000157097 0.0728689
4.70204 1.65395e-13 -0.000157299 0.0729397
4.71204 1.65756e-13 -0.000157643 0.0730238
4.72204 1.66006e-13 -0.000157785 0.073125
4.73204 1.66367e-13 -0.00015752 0.0732485
4.74204 1.667e-13 -0.00015692 0.0734006
4.75204 1.67033e-13 -0.000156328 0.0735894
4.76204 1.67422e-13 -0.000156177 0.0738257
4.77204 1.67782e-13 -0.00015676 0.0741205
4.78204 1.68116e-13 -0.000158053 0.0744839
4.79204 1.68282e-13 -0.000159693 0.0749233
4.80204 1.6856e-13 -0.000161305 0.075443
4.81204 1.6917e-13 -0.000162457 0.0760446
4.82204 1.69559e-13 -0.000163319 0.0767316
4.83204 1.69975e-13 -0.000164386 0.0775077
4.84204 1.70225e-13 -0.000165673 0.0783715
4.85204 1.70697e-13 -0.000166931 0.0793139
4.86204 1.71169e-13 -0.000167848 0.0803198
4.87204 1.71418e-13 -0.00016822 0.0813707
4.88204 1.71863e-13 -0.000167931 0.0824463
4.89204 1.7214e-13 -0.000167068 0.0835258
4.90204 1.72612e-13 -0.000165732 0.0845872
4.91204 1.73167e-13 -0.000163912 0.0856086
4.92204 1.73583e-13 -0.000161687 0.0865701
4.93204 1.74138e-13 -0.000159172 0.0874533
4.94204 1.7461e-13 -0.000156474 0.0882411
4.95204 1.74638e-13 -0.000153711 0.0889173
4.96204 1.75082e-13 -0.000150976 0.0894695
4.97204 1.7561e-13 -0.000148362 0.0898903
4.98204 1.75887e-13 -0.000145969 0.0901777
4.99204 1.76331e-13 -0.000143884 0.0903361
5.00358 1.76859e-13 -0.000141949 0.090366
5.01512 1.77441e-13 -0.00014055 0.0902711
5.02666 1.78385e-13 -0.000143568 0.0901569
5.04452 1.79134e-13 -0.000147231 0.0899797
5.05452 1.79551e-13 -0.000149738 0.0898699
5.06452 1.803e-13 -0.00015288 0.0897406
5.07452 1.80744e-13 -0.000155538 0.0895906
5.08582 1.82576e-13 -0.000157642 0.0894019
5.09731 1.85268e-13 -0.000156971 0.0891933
5.11241 1.86073e-13 -0.000156437 0.0888885
5.12241 1.86212e-13 -0.000154797 0.088685
5.13241 1.86462e-13 -0.000154098 0.0884861
5.14241 1.86628e-13 -0.000154047 0.0882909
5.15241 1.86878e-13 -0.000153976 0.0880994
5.16241 1.87156e-13 -0.000153202 0.0879113
5.17241 1.87378e-13 -0.000152313 0.0877261
5.18241 1.87655e-13 -0.000151879 0.0875435
5.19241 1.87877e-13 -0.000151638 0.087363
5.20241 1.88183e-13 -0.000151224 0.0871842
5.21241 1.88211e-13 -0.000150614 0.0870065
5.22241 1.8846e-13 -0.000150078 0.0868296
5.23241 1.88821e-13 -0.000149733 0.086653
5.24241 1.89015e-13 -0.000149417 0.0864761
5.25241 1.89404e-13 -0.000148999 0.0862983
5.26241 1.89543e-13 -0.000148544 0.086119
5.27241 1.89793e-13 -0.000148157 0.0859379
5.28241 1.89904e-13 -0.000147835 0.0857543
5.29241 1.90153e-13 -0.000147501 0.0855679
5.30241 1.90403e-13 -0.000147128 0.0853781
5.31241 1.90403e-13 -0.00014676 0.0851847
5.32241 1.90653e-13 -0.000146431 0.084987
5.33241 1.91042e-13 -0.000146117 0.0847849
5.34241 1.91264e-13 -0.000145784 0.0845779
5.35241 1.91402e-13 -0.000145439 0.0843656
5.36241 1.91763e-13 -0.000145101 0.0841481
5.37241 1.91763e-13 -0.000144774 0.083925
5.38241 1.92124e-13 -0.000144448 0.0836961
5.39241 1.92429e-13 -0.000144112 0.0834614
5.40241 1.92762e-13 -0.000143774 0.0832208
5.41241 1.92957e-13 -0.000143441 0.0829742
5.42241 1.93401e-13 -0.000143112 0.0827216
5.43241 1.93429e-13 -0.00014278 0.082463
5.44241 1.93651e-13 -0.000142446 0.0821985
5.45241 1.93817e-13 -0.000142111 0.0819284
5.46241 1.94011e-13 -0.000141779 0.0816527
5.47241 1.94261e-13 -0.000141448 0.0813717
5.48241 1.94622e-13 -0.000141115 0.0810857
5.49241 1.94844e-13 -0.000140781 0.0807951
5.50241 1.95177e-13 -0.000140448 0.0805002
5.51241 1.95344e-13 -0.000140115 0.0802015
5.52241 1.95732e-13 -0.000139783 0.0798994
5.53241 1.95871e-13 -0.00013945 0.0795945
5.54241 1.96149e-13 -0.000139117 0.0792873
5.55241 1.9662e-13 -0.000138784 0.0789784
5.56241 1.96787e-13 -0.000138451 0.0786685
5.57241 1.96981e-13 -0.000138118 0.0783582
5.58241 1.97231e-13 -0.000137791 0.0780483
5.59241 1.97425e-13 -0.00013746 0.0777395
5.60241 1.97758e-13 -0.000137125 0.0774324
5.61241 1.98064e-13 -0.0001368 0.077128
5.62241 1.98203e-13 -0.000136462 0.0768269
5.63241 1.98452e-13 -0.000136114 0.0765301
5.64241 1.98619e-13 -0.000135773 0.0762384
5.65241 1.98619e-13 -0.000135426 0.0759528
5.66241 1.99091e-13 -0.000135079 0.0756742
5.67241 1.99313e-13 -0.000134736 0.0754037
5.68241 1.99563e-13 -0.000134394 0.0751423
5.69241 1.99729e-13 -0.000134055 0.074891
5.70241 1.99896e-13 -0.000133719 0.0746509
5.71241 2.0009e-13 -0.000133379 0.0744231
5.72241 2.00312e-13 -0.00013304 0.0742085
5.73241 2.00368e-13 -0.000132702 0.0740083
5.74241 2.00728e-13 -0.000132373 0.0738233
5.75241 2.00923e-13 -0.000132056 0.0736546
5.76241 2.01089e-13 -0.00013173 0.0735031
5.77241 2.01478e-13 -0.000131393 0.0733697
5.78241 2.01755e-13 -0.000131061 0.0732555
5.79241 2.02088e-13 -0.000130745 0.0731616
5.80241 2.02366e-13 -0.000130446 0.0730895
5.81241 2.02643e-13 -0.000130196 0.0730417
5.82241 2.02893e-13 -0.000129996 0.073021
5.83241 2.02977e-13 -0.000129789 0.0730273
5.84241 2.03226e-13 -0.000129581 0.0730569
5.85241 2.03476e-13 -0.000129386 0.0731013
5.86241 2.03643e-13 -0.000129193 0.0731518
5.87241 2.03837e-13 -0.000129014 0.0732095
5.88241 2.03892e-13 -0.00012884 0.0732825
5.89241 2.04087e-13 -0.000128658 0.0733735
5.90241 2.04226e-13 -0.000128476 0.0734811
5.91241 2.04586e-13 -0.000128294 0.0736046
5.92241 2.04892e-13 -0.000128113 0.0737438
5.93241 2.05141e-13 -0.000127933 0.0738983
5.94241 2.05252e-13 -0.000127753 0.0740684
5.95241 2.05447e-13 -0.000127573 0.0742545
5.96241 2.05808e-13 -0.000127393 0.0744568
5.97241 2.06057e-13 -0.000127214 0.0746756
5.98241 2.06307e-13 -0.000127035 0.0749109
5.99241 2.06696e-13 -0.000126856 0.0751622
6.00241 2.06946e-13 -0.000126675 0.0754295
6.01241 2.07112e-13 -0.000126502 0.0757122
6.02241 2.07306e-13 -0.000126364 0.0760098
6.03241 2.07473e-13 -0.000126276 0.0763215
6.04241 2.07723e-13 -0.000126249 0.076647
6.05241 2.08195e-13 -0.000126306 0.0769856
6.06241 2.08361e-13 -0.000126446 0.0773366
6.07241 2.08777e-13 -0.000126647 0.0776996
6.08241 2.09055e-13 -0.000126895 0.0780739
6.09241 2.09305e-13 -0.000127187 0.0784592
6.10241 2.09444e-13 -0.000127516 0.0788548
6.11241 2.09693e-13 -0.00012787 0.0792603
6.12241 2.09915e-13 -0.000128228 0.0796752
6.13241 2.1036e-13 -0.000128582 0.0800991
6.14241 2.10498e-13 -0.00012893 0.0805313
6.15241 2.10859e-13 -0.00012926 0.0809712
6.16241 2.10998e-13 -0.000129564 0.081418
6.17241 2.11164e-13 -0.000129813 0.081871
6.18241 2.11525e-13 -0.000129931 0.0823292
6.19241 2.11803e-13 -0.000129862 0.0827918
6.20241 2.11969e-13 -0.000129604 0.0832575
6.21241 2.12302e-13 -0.000129179 0.0837254
6.22241 2.12358e-13 -0.000128646 0.0841944
6.23241 2.12996e-13 -0.000128054 0.0846633
6.24241 2.13385e-13 -0.000127423 0.0851309
6.25241 2.13912e-13 -0.000126771 0.0855963
6.26241 2.14329e-13 -0.000126124 0.0860582
6.27241 2.14745e-13 -0.000125505 0.0865157
6.28241 2.15161e-13 -0.000124943 0.0869677
6.29241 2.153e-13 -0.000124456 0.0874132
6.30241 2.15716e-13 -0.000124062 0.0878511
6.31241 2.16271e-13 -0.00012379 0.0882803
6.32241 2.16771e-13 -0.000123629 0.0886999
6.33241 2.16993e-13 -0.000123501 0.0891088
6.34241 2.17187e-13 -0.000123353 0.0895063
6.35241 2.17687e-13 -0.000123195 0.0898913
6.36241 2.17854e-13 -0.000123054 0.0902632
6.37241 2.18076e-13 -0.000122931 0.0906213
6.38241 2.18464e-13 -0.000122812 0.0909652
6.39241 2.18436e-13 -0.000122695 0.0912943
6.40241 2.18686e-13 -0.000122588 0.0916086
6.41241 2.18908e-13 -0.00012249 0.0919077
6.42241 2.19297e-13 -0.000122396 0.0921918
6.43241 2.19519e-13 -0.000122299 0.0924608
6.44241 2.1963e-13 -0.000122197 0.092715
6.45241 2.1988e-13 -0.000122092 0.0929544
6.46241 2.20268e-13 -0.000121977 0.0931794
6.47241 2.20518e-13 -0.000121847 0.0933903
6.48241 2.2074e-13 -0.000121706 0.0935875
6.49241 2.2099e-13 -0.000121567 0.0937715
6.50241 2.21129e-13 -0.000121437 0.0939429
6.51241 2.2124e-13 -0.000121309 0.0941026
6.52241 2.21378e-13 -0.000121173 0.0942515
6.53241 2.21517e-13 -0.00012103 0.0943905
6.54241 2.21712e-13 -0.000120881 0.0945206
6.55241 2.2185e-13 -0.000120732 0.0946428
6.56241 2.22128e-13 -0.000120594 0.0947578
6.57241 2.22239e-13 -0.000120482 0.0948665
6.58241 2.22405e-13 -0.000120388 0.0949699
6.59241 2.226e-13 -0.000120293 0.0950692
6.60241 2.22961e-13 -0.000120186 0.0951654
6.61241 2.23294e-13 -0.000120101 0.0952597
6.62241 2.23682e-13 -0.000120094 0.095353
6.63241 2.23932e-13 -0.000120176 0.0954466
6.64241 2.24182e-13 -0.000120343 0.0955415
6.65241 2.24515e-13 -0.000120632 0.095639
6.66241 2.24765e-13 -0.000121055 0.0957405
6.67241 2.25181e-13 -0.000121604 0.0958473
6.68241 2.25542e-13 -0.000122196 0.0959611
6.69241 2.25597e-13 -0.000122594 0.0960836
6.70241 2.25986e-13 -0.000122545 0.096217
6.71241 2.26374e-13 -0.000121915 0.0963638
6.72241 2.26541e-13 -0.000120649 0.096527
6.73241 2.26819e-13 -0.000118655 0.0967103
6.74241 2.27346e-13 -0.000116057 0.0969177
6.75241 2.27679e-13 -0.000113786 0.0971539
6.76241 2.27929e-13 -0.000112907 0.0974239
6.77241 2.28484e-13 -0.000113933 0.0977348
6.78241 2.28789e-13 -0.000117135 0.0980949
6.79241 2.29067e-13 -0.000122721 0.0985131
6.80241 2.294e-13 -0.000129338 0.0989982
6.81241 2.29899e-13 -0.000133129 0.0995628
6.82241 2.30566e-13 -0.000131291 0.100226
6.83241 2.31037e-13 -0.00012327 0.10101
6.84241 2.31454e-13 -0.00010948 0.101931
6.85241 2.32064e-13 -9.43985e-05 0.103017
6.86241 2.32869e-13 -8.46172e-05 0.104308
6.87241 2.33424e-13 -8.39508e-05 0.105831
6.88241 2.33702e-13 -9.34601e-05 0.107604
6.89241 2.34535e-13 -0.000108578 0.109604
6.90241 2.35173e-13 -0.000122388 0.111768
6.91241 2.35617e-13 -0.000131583 0.114017
6.92241 2.3595e-13 -0.000137762 0.116286
6.93241 2.36644e-13 -0.000142515 0.118523
6.94241 2.37449e-13 -0.000145551 0.12067
6.95241 2.37865e-13 -0.00014721 0.122681
6.96241 2.3842e-13 -0.000147295 0.12452
6.97241 2.38976e-13 -0.00014572 0.126161
6.98241 2.3978e-13 -0.000142856 0.127587
6.99956 2.40696e-13 -0.000135753 0.129476
7.00956 2.41751e-13 -0.000130699 0.130227
7.02366 2.42778e-13 -0.000123318 0.130826
7.0352 2.44471e-13 -0.000117556 0.130855
7.04651 2.45498e-13 -0.000112625 0.130692
7.05651 2.45942e-13 -0.000116882 0.130518
7.06651 2.46442e-13 -0.000121609 0.130326
7.07651 2.47191e-13 -0.000126463 0.130152
7.08651 2.47358e-13 -0.000129328 0.129997
7.09805 2.48385e-13 -0.000133471 0.129848
7.10997 2.49994e-13 -0.000127399 0.129706
7.12964 2.5116e-13 -0.00011717 0.129424
7.13964 2.51549e-13 -0.00011396 0.129286
7.14964 2.51771e-13 -0.000112633 0.129148
7.15964 2.51993e-13 -0.00011256 0.12901
7.16964 2.52326e-13 -0.000112398 0.128869
7.17964 2.52465e-13 -0.000111922 0.128725
7.18964 2.52853e-13 -0.000111447 0.128578
7.19964 2.53103e-13 -0.000111599 0.12843
7.20964 2.53214e-13 -0.000111901 0.12828
7.21964 2.53492e-13 -0.000111946 0.128129
7.22964 2.53825e-13 -0.000111784 0.127977
7.23964 2.53936e-13 -0.0001117 0.127823
7.24964 2.54047e-13 -0.000111808 0.127665
7.25964 2.54269e-13 -0.00011192 0.127505
7.26964 2.5438e-13 -0.000111897 0.127341
7.27964 2.54602e-13 -0.000111832 0.127173
7.28964 2.54935e-13 -0.000111838 0.127001
7.29964 2.55157e-13 -0.0001119 0.126824
7.30964 2.55185e-13 -0.000111934 0.126642
7.31964 2.55462e-13 -0.000111917 0.126455
7.32964 2.55684e-13 -0.000111904 0.126263
7.33964 2.55934e-13 -0.000111928 0.126064
7.34964 2.56184e-13 -0.000111963 0.125859
7.35964 2.56323e-13 -0.000111981 0.125649
7.36964 2.566e-13 -0.000111987 0.125432
7.37964 2.56767e-13 -0.000112003 0.125208
7.38964 2.56767e-13 -0.000112031 0.124978
7.39964 2.56767e-13 -0.000112054 0.124741
7.40964 2.57155e-13 -0.000112066 0.124497
7.41964 2.57322e-13 -0.000112075 0.124246
7.42964 2.57627e-13 -0.000112089 0.123989
7.43964 2.57877e-13 -0.000112105 0.123726
7.44964 2.58099e-13 -0.000112119 0.123456
7.45964 2.58404e-13 -0.000112128 0.123181
7.46964 2.58682e-13 -0.000112138 0.1229
7.47964 2.58904e-13 -0.000112151 0.122613
7.48964 2.59043e-13 -0.000112163 0.122321
7.49964 2.59404e-13 -0.000112175 0.122025
7.50964 2.59764e-13 -0.000112185 0.121724
7.51964 2.60042e-13 -0.000112196 0.12142
7.52964 2.60181e-13 -0.000112208 0.121112
7.53964 2.60431e-13 -0.00011222 0.120802
7.54964 2.60708e-13 -0.000112231 0.120489
7.55964 2.60958e-13 -0.000112242 0.120176
7.56964 2.61208e-13 -0.000112254 0.119861
7.57964 2.61485e-13 -0.000112267 0.119547
7.58964 2.61763e-13 -0.000112283 0.119233
7.59964 2.61763e-13 -0.0001123 0.11892
7.60964 2.62013e-13 -0.000112313 0.11861
7.61964 2.62262e-13 -0.000112321 0.118303
7.62964 2.6229e-13 -0.00011232 0.118
7.63964 2.62512e-13 -0.000112309 0.117702
7.64964 2.6279e-13 -0.000112292 0.11741
7.65964 2.6304e-13 -0.000112282 0.117124
7.66964 2.63317e-13 -0.000112277 0.116846
7.67964 2.63484e-13 -0.000112274 0.116578
7.68964 2.63622e-13 -0.000112274 0.116319
7.69964 2.63845e-13 -0.000112273 0.116072
7.70964 2.63928e-13 -0.000112268 0.115837
7.71964 2.64289e-13 -0.000112264 0.115615
7.72964 2.64483e-13 -0.000112264 0.115408
7.73964 2.64566e-13 -0.000112264 0.115216
7.74964 2.64871e-13 -0.000112263 0.11504
7.75964 2.65121e-13 -0.00011226 0.114882
7.76964 2.65232e-13 -0.000112258 0.114742
7.77964 2.65593e-13 -0.000112256 0.114621
7.78964 2.65926e-13 -0.000112254 0.114521
7.79964 2.65982e-13 -0.000112252 0.114444
7.80964 2.66204e-13 -0.000112251 0.11439
7.81964 2.66343e-13 -0.000112251 0.114364
7.82964 2.6662e-13 -0.000112251 0.114366
7.83964 2.66731e-13 -0.000112266 0.114394
7.84964 2.66842e-13 -0.000112294 0.114436
7.85964 2.6712e-13 -0.000112318 0.114484
7.86964 2.6748e-13 -0.000112341 0.11454
7.87964 2.67841e-13 -0.000112362 0.114613
7.88964 2.68091e-13 -0.000112384 0.114704
7.89964 2.68396e-13 -0.000112404 0.114813
7.90964 2.68702e-13 -0.000112423 0.114937
7.91964 2.68896e-13 -0.000112442 0.115078
7.92964 2.69312e-13 -0.00011246 0.115234
7.93964 2.69479e-13 -0.000112478 0.115406
7.94964 2.69729e-13 -0.000112496 0.115595
7.95964 2.6984e-13 -0.000112516 0.1158
7.96964 2.70228e-13 -0.000112535 0.116021
7.97964 2.70228e-13 -0.000112554 0.116259
7.98964 2.70561e-13 -0.000112573 0.116514
7.99964 2.70811e-13 -0.000112591 0.116785
8.00964 2.71061e-13 -0.00011261 0.117072
8.01964 2.71283e-13 -0.000112628 0.117373
8.02964 2.71533e-13 -0.000112673 0.11769
8.03964 2.71977e-13 -0.000112788 0.11802
8.04964 2.72254e-13 -0.000112985 0.118363
8.05964 2.72504e-13 -0.000113283 0.118719
8.06964 2.72671e-13 -0.000113708 0.119088
8.07964 2.73254e-13 -0.000114229 0.119467
8.08964 2.73476e-13 -0.000114793 0.119858
8.09964 2.73698e-13 -0.000115378 0.120259
8.10964 2.74003e-13 -0.000115979 0.12067
8.11964 2.74752e-13 -0.000116585 0.12109
8.12964 2.75002e-13 -0.000117172 0.12152
8.13964 2.75502e-13 -0.000117722 0.121958
8.14964 2.75557e-13 -0.000118231 0.122405
8.15964 2.75974e-13 -0.000118661 0.122859
8.16964 2.76723e-13 -0.000118905 0.12332
8.17964 2.76834e-13 -0.0001189 0.123787
8.18964 2.76917e-13 -0.000118673 0.124259
8.19964 2.77611e-13 -0.000118273 0.124735
8.20964 2.77944e-13 -0.000117761 0.125213
8.21964 2.78055e-13 -0.000117184 0.125693
8.22964 2.78499e-13 -0.000116564 0.126173
8.23964 2.7861e-13 -0.000115925 0.126652
8.24964 2.78944e-13 -0.0001153 0.12713
8.25964 2.7961e-13 -0.000114727 0.127605
8.26964 2.79721e-13 -0.000114245 0.128076
8.27964 2.80276e-13 -0.000113848 0.128542
8.28964 2.80609e-13 -0.000113542 0.129002
8.29964 2.81219e-13 -0.00011337 0.129454
8.30964 2.81664e-13 -0.000113308 0.129898
8.32955 2.82829e-13 -0.000113339 0.130751
8.33955 2.82829e-13 -0.00011337 0.131163
8.34955 2.82718e-13 -0.000113417 0.131561
8.35955 2.83107e-13 -0.000113485 0.131947
8.36955 2.83273e-13 -0.000113556 0.132318
8.37955 2.83384e-13 -0.000113631 0.132675
8.38955 2.83773e-13 -0.000113712 0.133018
8.39955 2.83995e-13 -0.000113799 0.133345
8.40955 2.84384e-13 -0.000113874 0.133656
8.41955 2.84439e-13 -0.000113923 0.133953
8.42955 2.84439e-13 -0.000113958 0.134234
8.43955 2.84661e-13 -0.000113995 0.134501
8.44955 2.84939e-13 -0.000114034 0.134752
8.45955 2.85161e-13 -0.000114072 0.134989
8.46955 2.85216e-13 -0.000114103 0.135211
8.47955 2.85327e-13 -0.000114122 0.135419
8.48955 2.85605e-13 -0.000114137 0.135613
8.49955 2.8566e-13 -0.000114156 0.135795
8.50955 2.85771e-13 -0.000114183 0.135964
8.51955 2.85771e-13 -0.000114222 0.136122
8.52955 2.85827e-13 -0.00011428 0.136269
8.53955 2.85993e-13 -0.000114363 0.136407
8.54955 2.85938e-13 -0.000114483 0.136536
8.55955 2.8616e-13 -0.000114652 0.136658
8.56955 2.86382e-13 -0.000114872 0.136774
8.57955 2.86327e-13 -0.00011514 0.136883
8.58955 2.86549e-13 -0.000115425 0.136989
8.59955 2.86771e-13 -0.000115682 0.13709
8.60955 2.87159e-13 -0.000115927 0.13719
8.61955 2.87215e-13 -0.000116205 0.137289
8.62955 2.87492e-13 -0.000116564 0.137388
8.63955 2.87881e-13 -0.000117019 0.137488
8.64955 2.88047e-13 -0.000117503 0.13759
8.65955 2.88436e-13 -0.000117921 0.137696
8.66955 2.88769e-13 -0.000118141 0.137808
8.67955 2.89047e-13 -0.000118005 0.137926
8.68955 2.89435e-13 -0.000117439 0.138053
8.69955 2.89768e-13 -0.000116401 0.138192
8.70955 2.89824e-13 -0.000114825 0.138346
8.71955 2.90323e-13 -0.00011289 0.138517
8.72955 2.911e-13 -0.000111262 0.138711
8.73955 2.91378e-13 -0.000110832 0.138931
8.74955 2.91767e-13 -0.000112066 0.139185
8.75955 2.91933e-13 -0.000115047 0.13948
8.76955 2.92322e-13 -0.000119834 0.139825
8.77955 2.92932e-13 -0.000125513 0.140228
8.78955 2.9371e-13 -0.000129216 0.140701
8.79955 2.93987e-13 -0.0001285 0.141261
8.80955 2.9482e-13 -0.000122637 0.141928
8.81955 2.95375e-13 -0.000111112 0.14272
8.82955 2.95652e-13 -9.75875e-05 0.143667
8.83955 2.96485e-13 -8.96432e-05 0.144816
8.84955 2.96985e-13 -9.24106e-05 0.146212
8.85955 2.97373e-13 -0.000106368 0.147875
8.86955 2.97484e-13 -0.000123762 0.149765
8.87955 2.98317e-13 -0.00013534 0.151783
8.88955 2.98761e-13 -0.000140418 0.153828
8.89955 2.99483e-13 -0.000141176 0.155822
8.90955 2.99871e-13 -0.000139294 0.157702
8.91955 2.99871e-13 -0.000136516 0.159423
8.92955 3.00204e-13 -0.000132986 0.160955
8.93955 3.00926e-13 -0.000128595 0.162283
8.94955 3.01592e-13 -0.000123724 0.163404
8.95955 3.02147e-13 -0.000118733 0.164311
8.96955 3.02591e-13 -0.000113795 0.164991
8.97955 3.03702e-13 -0.000109002 0.165435
8.99532 3.04312e-13 -0.000103643 0.165618
9.01018 3.05367e-13 -0.000100505 0.165393
9.02172 3.062e-13 -0.000107116 0.165227
9.03915 3.07643e-13 -0.000114033 0.165035
9.04915 3.08531e-13 -0.00011673 0.164938
9.05915 3.08864e-13 -0.000119233 0.164841
9.07017 3.1003e-13 -0.000121593 0.164723
9.08088 3.13305e-13 -0.000122135 0.164583
9.09218 3.14582e-13 -0.00012494 0.164399
9.10221 3.15525e-13 -0.000128755 0.164216
9.11221 3.15636e-13 -0.000132915 0.16402
9.12221 3.15636e-13 -0.000134562 0.163821
9.13221 3.15803e-13 -0.000136047 0.163625
9.14221 3.16247e-13 -0.000136925 0.163429
9.15221 3.16469e-13 -0.000137162 0.163233
9.16221 3.1658e-13 -0.000137081 0.163039
9.17221 3.16636e-13 -0.000137186 0.162848
9.18221 3.16969e-13 -0.000137507 0.162658
9.19221 3.17524e-13 -0.000137716 0.162469
9.20221 3.17635e-13 -0.00013778 0.162282
9.21221 3.17746e-13 -0.000137845 0.162097
9.22221 3.1819e-13 -0.000138024 0.161911
9.23221 3.18356e-13 -0.00013824 0.161726
9.24221 3.18356e-13 -0.000138391 0.16154
9.25221 3.18801e-13 -0.000138495 0.161353
9.26221 3.18912e-13 -0.000138628 0.161164
9.27221 3.19134e-13 -0.000138803 0.160973
9.28221 3.19078e-13 -0.000138975 0.16078
9.29221 3.19189e-13 -0.000139116 0.160583
9.30221 3.19411e-13 -0.000139249 0.160383
9.31221 3.19522e-13 -0.000139401 0.160179
9.32221 3.19522e-13 -0.000139565 0.159971
9.33221 3.19633e-13 -0.000139721 0.159758
9.34221 3.19633e-13 -0.000139866 0.15954
9.35221 3.19855e-13 -0.000140013 0.159317
9.36221 3.20022e-13 -0.000140169 0.159089
9.37221 3.20299e-13 -0.000140326 0.158854
9.38221 3.20799e-13 -0.000140478 0.158614
9.39221 3.21076e-13 -0.000140627 0.158368
9.40221 3.21354e-13 -0.000140778 0.158115
9.41221 3.21576e-13 -0.000140933 0.157857
9.42221 3.21687e-13 -0.000141086 0.157592
9.43221 3.22187e-13 -0.000141238 0.157322
9.44221 3.22409e-13 -0.000141389 0.157046
9.45221 3.22742e-13 -0.000141542 0.156764
9.46221 3.22964e-13 -0.000141695 0.156476
9.47221 3.23241e-13 -0.000141848 0.156183
9.48221 3.23575e-13 -0.000142 0.155886
9.49221 3.23686e-13 -0.000142152 0.155583
9.50221 3.23963e-13 -0.000142304 0.155276
9.51221 3.24407e-13 -0.000142457 0.154966
9.52221 3.24629e-13 -0.000142609 0.154652
9.53221 3.2474e-13 -0.000142761 0.154335
9.54221 3.25073e-13 -0.000142914 0.154016
9.55221 3.25628e-13 -0.000143066 0.153695
9.56221 3.25517e-13 -0.000143219 0.153373
9.57221 3.25517e-13 -0.000143371 0.153051
9.58221 3.26017e-13 -0.000143522 0.152729
9.59221 3.26128e-13 -0.000143676 0.152408
9.60221 3.26406e-13 -0.00014383 0.15209
9.61221 3.26739e-13 -0.000143976 0.151773
9.62221 3.27016e-13 -0.000144117 0.15146
9.63221 3.26961e-13 -0.000144253 0.151152
9.64221 3.27016e-13 -0.000144379 0.150848
9.65221 3.27127e-13 -0.0001445 0.150551
9.66221 3.27127e-13 -0.000144629 0.150261
9.67221 3.27405e-13 -0.000144762 0.149979
9.68221 3.27294e-13 -0.000144896 0.149707
9.69221 3.27405e-13 -0.000145031 0.149445
9.70221 3.27516e-13 -0.00014516 0.149195
9.71221 3.27627e-13 -0.000145283 0.148957
9.72221 3.27849e-13 -0.000145409 0.148733
9.73221 3.27904e-13 -0.000145538 0.148524
9.74221 3.27904e-13 -0.000145667 0.14833
9.75221 3.28126e-13 -0.000145794 0.148153
9.76221 3.28237e-13 -0.000145921 0.147994
9.77221 3.28682e-13 -0.000146048 0.147853
9.78221 3.28848e-13 -0.000146177 0.147731
9.79221 3.28959e-13 -0.000146329 0.147631
9.80221 3.2907e-13 -0.000146566 0.147553
9.81221 3.29403e-13 -0.000146855 0.147499
9.82221 3.29514e-13 -0.000147083 0.147473
9.83221 3.30069e-13 -0.000147153 0.147474
9.84221 3.30125e-13 -0.000147086 0.147501
9.85221 3.30513e-13 -0.000146996 0.147544
9.86221 3.30846e-13 -0.000146914 0.147594
9.87221 3.31402e-13 -0.000146847 0.147652
9.88221 3.31457e-13 -0.000146798 0.147727
9.89221 3.31513e-13 -0.000146752 0.147822
9.90221 3.31457e-13 -0.000146709 0.147933
9.91221 3.31901e-13 -0.000146668 0.14806
9.92221 3.32345e-13 -0.00014663 0.148204
9.93221 3.32623e-13 -0.000146594 0.148363
9.94221 3.32567e-13 -0.00014656 0.148537
9.95221 3.32789e-13 -0.000146528 0.148728
9.96221 3.329e-13 -0.000146497 0.148935
9.97221 3.33344e-13 -0.000146468 0.149159
9.98221 3.33678e-13 -0.000146441 0.149399
9.99221 3.339e-13 -0.000146414 0.149656
10.0022 3.34122e-13 -0.000146389 0.149928
10.0122 3.34122e-13 -0.000146365 0.150216
10.0222 3.34288e-13 -0.000146341 0.150519
10.0322 3.34288e-13 -0.000146328 0.150836
10.0422 3.34621e-13 -0.000146373 0.151167
10.0522 3.35343e-13 -0.000146512 0.151511
10.0622 3.35454e-13 -0.000146754 0.151867
10.0722 3.35676e-13 -0.000147138 0.152236
10.0822 3.36009e-13 -0.00014767 0.152615
10.0922 3.36342e-13 -0.000148291 0.153006
10.1022 3.36897e-13 -0.000148965 0.153407
10.1122 3.36675e-13 -0.000149684 0.153817
10.1222 3.37341e-13 -0.000150441 0.154238
10.1322 3.37397e-13 -0.000151218 0.154669
10.1422 3.37619e-13 -0.000151988 0.15511
10.1522 3.37841e-13 -0.000152632 0.155562
10.1622 3.38118e-13 -0.000152881 0.156023
10.1722 3.3884e-13 -0.000152544 0.156494
10.1822 3.39839e-13 -0.000151709 0.156975
10.1922 3.40006e-13 -0.000150536 0.157465
10.2022 3.40616e-13 -0.000149086 0.157965
10.218 3.41338e-13 -0.000146577 0.158773
10.228 3.41838e-13 -0.000145646 0.159299
10.238 3.41782e-13 -0.000145788 0.159836
10.248 3.42448e-13 -0.000147023 0.160384
10.258 3.42948e-13 -0.000149238 0.160946
10.268 3.43281e-13 -0.000152191 0.161521
10.278 3.43836e-13 -0.000155616 0.162113
10.288 3.4428e-13 -0.000158738 0.162723
10.298 3.44336e-13 -0.000160001 0.163353
10.308 3.44391e-13 -0.000158532 0.164005
10.318 3.44946e-13 -0.000154677 0.16468
10.328 3.45113e-13 -0.000149029 0.165383
10.338 3.4539e-13 -0.000142357 0.166117
10.348 3.46001e-13 -0.000137297 0.166885
10.358 3.46445e-13 -0.000136703 0.167692
10.368 3.46889e-13 -0.000141292 0.168542
10.378 3.475e-13 -0.000150494 0.169444
10.3937 3.48055e-13 -0.000166254 0.170989
10.4037 3.48499e-13 -0.000166888 0.172065
10.4137 3.48832e-13 -0.000157731 0.173239
10.4237 3.49332e-13 -0.000140135 0.174526
10.4337 3.49831e-13 -0.000118644 0.175939
10.4437 3.50109e-13 -0.000105569 0.177524
10.4537 3.50664e-13 -0.00011122 0.179336
10.4637 3.51996e-13 -0.000134129 0.181389
10.4737 3.5244e-13 -0.000167751 0.183646
10.4837 3.53106e-13 -0.000196528 0.185994
10.4937 3.53717e-13 -0.000206741 0.188236
10.5037 3.54328e-13 -0.000204612 0.190227
10.5137 3.5455e-13 -0.000199025 0.191912
10.5237 3.55271e-13 -0.000192664 0.193281
10.5337 3.55604e-13 -0.000186978 0.194348
10.5437 3.55938e-13 -0.000181604 0.195148
10.5537 3.56493e-13 -0.000176706 0.195713
10.5637 3.57159e-13 -0.000172633 0.196068
10.5737 3.57492e-13 -0.000169233 0.196221
10.5853 3.58824e-13 -0.000164515 0.196142
10.5953 3.59601e-13 -0.000164959 0.195969
10.6053 3.60656e-13 -0.000168392 0.195807
10.6213 3.61877e-13 -0.000168102 0.195651
10.6313 3.6332e-13 -0.000168097 0.195608
10.6496 3.64264e-13 -0.000167595 0.19558
10.6596 3.64986e-13 -0.000167005 0.195577
10.6735 3.66596e-13 -0.000166482 0.195564
10.6835 3.66707e-13 -0.000166303 0.195527
10.6983 3.67983e-13 -0.000167422 0.195401
10.7092 3.69427e-13 -0.000170223 0.195261
10.7255 3.72813e-13 -0.000156694 0.19501
10.7355 3.7309e-13 -0.000151384 0.194858
10.7455 3.73368e-13 -0.000147659 0.194718
10.7555 3.73701e-13 -0.000145211 0.194591
10.7655 3.73979e-13 -0.000143352 0.194474
10.7755 3.73979e-13 -0.000141807 0.194368
10.7855 3.74256e-13 -0.000140575 0.194269
10.7955 3.74811e-13 -0.000139779 0.194179
10.8055 3.74978e-13 -0.00013923 0.194096
10.8155 3.75477e-13 -0.000138737 0.19402
10.8255 3.75755e-13 -0.000138274 0.193953
10.8355 3.75755e-13 -0.000137927 0.193892
10.8455 3.75755e-13 -0.000137719 0.193839
10.8555 3.75755e-13 -0.000137578 0.193794
10.8655 3.76199e-13 -0.000137429 0.193757
10.8755 3.76255e-13 -0.000137275 0.193728
10.8855 3.76699e-13 -0.000137128 0.193708
10.8955 3.77198e-13 -0.000136985 0.193698
10.9055 3.77254e-13 -0.000136826 0.193699
10.9155 3.77698e-13 -0.000136643 0.193711
10.9255 3.7792e-13 -0.000136449 0.193734
10.9355 3.78364e-13 -0.000136263 0.193764
10.9455 3.78364e-13 -0.000136069 0.1938
10.9555 3.78753e-13 -0.000135841 0.19384
10.9655 3.79252e-13 -0.000135566 0.193882
10.9755 3.79474e-13 -0.000135233 0.193927
10.9855 3.7953e-13 -0.000134863 0.193975
10.9955 3.79807e-13 -0.000134488 0.194025
11.0055 3.80251e-13 -0.000134169 0.194077
11.0155 3.80362e-13 -0.000133993 0.194133
11.0255 3.80806e-13 -0.000133984 0.194194
11.0355 3.80862e-13 -0.000134126 0.19426
11.0455 3.80918e-13 -0.000134394 0.19433
11.0555 3.80918e-13 -0.000134652 0.194406
11.0655 3.81084e-13 -0.000134691 0.194488
11.0755 3.81362e-13 -0.000134434 0.194576
11.0855 3.82083e-13 -0.000133903 0.194673
11.0955 3.81861e-13 -0.000133097 0.194778
11.1055 3.82416e-13 -0.000132231 0.194893
11.1155 3.82638e-13 -0.000131701 0.195019
11.1255 3.82971e-13 -0.000131724 0.195158
11.1355 3.83193e-13 -0.000132366 0.19531
11.1455 3.83416e-13 -0.000133624 0.195479
11.1555 3.83804e-13 -0.000135454 0.195665
11.1655 3.84359e-13 -0.000137567 0.19587
11.1755 3.8447e-13 -0.000139263 0.196096
11.1855 3.84692e-13 -0.00013987 0.196346
11.1955 3.85025e-13 -0.000139062 0.196623
11.2055 3.85192e-13 -0.000136742 0.196931
11.2155 3.85747e-13 -0.000133845 0.197277
11.2255 3.86469e-13 -0.000132189 0.197672
11.2355 3.86913e-13 -0.000133 0.198123
11.2455 3.86913e-13 -0.000136682 0.198633
11.2555 3.8719e-13 -0.000141847 0.199194
11.2655 3.87634e-13 -0.000146072 0.199781
11.2755 3.87856e-13 -0.000148114 0.20037
11.2855 3.88356e-13 -0.000147648 0.200942
11.2955 3.88578e-13 -0.000144859 0.201485
11.3055 3.89078e-13 -0.00014156 0.201996
11.3155 3.893e-13 -0.000139216 0.202478
11.3255 3.90021e-13 -0.000137574 0.202924
11.3355 3.90465e-13 -0.00013628 0.203328
11.3455 3.90743e-13 -0.000135114 0.203688
11.3555 3.90965e-13 -0.000133905 0.204003
11.3655 3.91465e-13 -0.000132729 0.204277
11.3755 3.9152e-13 -0.000131682 0.204511
11.3855 3.92131e-13 -0.000130744 0.204703
11.3955 3.92686e-13 -0.000129895 0.204853
11.4055 3.92852e-13 -0.000129133 0.204959
11.4155 3.9313e-13 -0.000128449 0.205022
11.4255 3.9363e-13 -0.000127799 0.205045
11.4355 3.94407e-13 -0.000127407 0.205028
11.4455 3.94462e-13 -0.000126381 0.204988
11.4555 3.95184e-13 -0.000126854 0.204948
11.4655 3.95295e-13 -0.000127902 0.20492
11.4755 3.9585e-13 -0.000127292 0.204902
11.4855 3.96183e-13 -0.000127123 0.20489
11.5013 3.96849e-13 -0.000126994 0.20488
11.5113 3.97071e-13 -0.000126746 0.204875
11.5213 3.9746e-13 -0.000126609 0.204868
11.5313 3.97959e-13 -0.000126595 0.204857
11.5413 3.98459e-13 -0.000126642 0.204837
11.5513 3.98515e-13 -0.000126601 0.204805
11.5671 3.98792e-13 -0.000126686 0.20473
11.5771 3.98959e-13 -0.000127111 0.204671
11.5928 3.99458e-13 -0.000128307 0.204575
11.6028 3.99514e-13 -0.000129146 0.204519
11.6128 3.99847e-13 -0.000129433 0.204471
11.6228 4.00124e-13 -0.000129512 0.204434
11.6328 4.00624e-13 -0.00012913 0.204405
11.6462 4.01623e-13 -0.000127878 0.20438
11.6594 4.03233e-13 -0.000126096 0.204369
11.6748 4.03677e-13 -0.000123223 0.204368
11.6848 4.03955e-13 -0.00012209 0.204377
11.6948 4.03955e-13 -0.000121091 0.204392
11.7048 4.04232e-13 -0.000120262 0.20441
11.7148 4.04898e-13 -0.000119483 0.204432
11.7248 4.0512e-13 -0.000118673 0.204459
11.7348 4.05564e-13 -0.000117836 0.204493
11.7448 4.06009e-13 -0.000116981 0.204534
11.7548 4.06508e-13 -0.000116155 0.204581
11.7648 4.06564e-13 -0.000115364 0.204634
11.7748 4.07563e-13 -0.000114568 0.204691
11.7848 4.0784e-13 -0.000113755 0.204752
11.7948 4.0784e-13 -0.000112925 0.204818
11.8048 4.08562e-13 -0.000112047 0.204888
11.8148 4.08784e-13 -0.000111078 0.204963
11.8248 4.09062e-13 -0.000110027 0.205042
11.8348 4.09117e-13 -0.000109253 0.205128
11.8448 4.09506e-13 -0.000109189 0.205222
11.8606 4.09728e-13 -0.000110663 0.205389
11.8706 4.10394e-13 -0.000112115 0.205507
11.8806 4.10894e-13 -0.000113661 0.205634
11.8906 4.11171e-13 -0.00011523 0.205773
11.9006 4.11615e-13 -0.000116363 0.205919
11.9106 4.11449e-13 -0.000116927 0.206073
11.9206 4.1217e-13 -0.000117142 0.206235
11.9306 4.12392e-13 -0.000117074 0.206404
11.9406 4.12725e-13 -0.000116738 0.206582
11.9506 4.13392e-13 -0.000116073 0.206768
11.9606 4.13392e-13 -0.000115238 0.206964
11.9706 4.14113e-13 -0.000114694 0.207172
11.9806 4.14613e-13 -0.000114571 0.207388
11.9906 4.15112e-13 -0.000114685 0.20761
12.0006 4.1539e-13 -0.000114941 0.207833
12.0106 4.15668e-13 -0.000115296 0.208053
12.0206 4.16001e-13 -0.000115541 0.208268
12.0306 4.16445e-13 -0.000115478 0.208476
12.0406 4.16833e-13 -0.00011522 0.208678
12.0506 4.16889e-13 -0.000114924 0.208874
12.0606 4.17388e-13 -0.000114611 0.209064
12.0706 4.18332e-13 -0.00011429 0.209244
12.0806 4.18499e-13 -0.000113964 0.209413
12.0906 4.18499e-13 -0.000113635 0.20957
12.1006 4.18998e-13 -0.000113303 0.209713
12.1106 4.18943e-13 -0.00011297 0.209841
12.1206 4.19442e-13 -0.000112639 0.209953
12.1306 4.19775e-13 -0.000112316 0.21005
12.1406 4.19831e-13 -0.000112006 0.21013
12.1506 4.20108e-13 -0.000111711 0.210195
12.1606 4.20608e-13 -0.000111423 0.210245
12.1706 4.21052e-13 -0.000111133 0.210283
12.1806 4.2133e-13 -0.000110847 0.210308
12.1906 4.21885e-13 -0.000110582 0.210323
12.2006 4.22051e-13 -0.000110383 0.210326
12.2106 4.22329e-13 -0.000110287 0.210322
12.2206 4.22606e-13 -0.00011025 0.210314
12.2306 4.22662e-13 -0.000110205 0.210304
12.2406 4.22717e-13 -0.000110058 0.210295
12.2506 4.22939e-13 -0.000109935 0.210285
12.2606 4.23217e-13 -0.000109922 0.210274
12.2706 4.23439e-13 -0.000109864 0.21026
12.2806 4.23661e-13 -0.000109873 0.210241
12.2906 4.23828e-13 -0.000110031 0.210215
12.3006 4.23994e-13 -0.000110226 0.210184
12.3106 4.24494e-13 -0.000110441 0.21015
12.3206 4.24993e-13 -0.000110743 0.210113
12.3363 4.2566e-13 -0.000111481 0.210054
12.3463 4.26048e-13 -0.00011205 0.210016
12.3563 4.26381e-13 -0.000112521 0.20998
12.3663 4.26381e-13 -0.000112993 0.209948
12.3763 4.26714e-13 -0.000113365 0.209919
12.3863 4.2677e-13 -0.000113333 0.209895
12.3963 4.27436e-13 -0.000112937 0.209878
12.4063 4.27713e-13 -0.000112409 0.209868
12.4224 4.28879e-13 -0.000112314 0.209867
12.4415 4.29157e-13 -0.00011227 0.209886
12.4572 4.30211e-13 -0.000112857 0.209908
12.4672 4.30489e-13 -0.000113398 0.209913
12.4772 4.30767e-13 -0.000113331 0.209908
12.4872 4.31544e-13 -0.000112452 0.209898
12.4972 4.3171e-13 -0.000111714 0.209891
12.5072 4.32043e-13 -0.000111514 0.209888
12.5172 4.32154e-13 -0.000111411 0.209887
12.5272 4.32154e-13 -0.000111217 0.209889
12.5372 4.3221e-13 -0.000110966 0.209892
12.5472 4.32432e-13 -0.000110737 0.209895
12.5572 4.32876e-13 -0.000110568 0.2099
12.5672 4.33376e-13 -0.000110391 0.209909
12.5772 4.34097e-13 -0.000110167 0.209922
12.5872 4.3443e-13 -0.000109916 0.209941
12.5972 4.34708e-13 -0.000109738 0.209966
12.6072 4.35207e-13 -0.000109718 0.209995
12.6172 4.35429e-13 -0.000109711 0.21003
12.6272 4.35318e-13 -0.00010963 0.210071
12.6372 4.3554e-13 -0.000109758 0.210119
12.6472 4.35596e-13 -0.0001103 0.210176
12.6572 4.35985e-13 -0.000110971 0.210243
12.6672 4.36262e-13 -0.000111276 0.210324
12.6772 4.36817e-13 -0.000110995 0.210423
12.6872 4.37261e-13 -0.000110585 0.210545
12.6972 4.37761e-13 -0.000110818 0.210699
12.7072 4.37872e-13 -0.000111599 0.210881
12.7172 4.37872e-13 -0.000112145 0.211082
12.7272 4.37927e-13 -0.000112208 0.211301
12.7372 4.38205e-13 -0.000111995 0.211536
12.7472 4.38649e-13 -0.00011188 0.211789
12.7572 4.38927e-13 -0.000112068 0.212054
12.7672 4.39204e-13 -0.000112412 0.212328
12.7772 4.39482e-13 -0.000112818 0.212603
12.7872 4.39759e-13 -0.000113139 0.212875
12.7972 4.40481e-13 -0.000113173 0.21314
12.8072 4.40536e-13 -0.000112969 0.213398
12.8172 4.40648e-13 -0.000112667 0.213645
12.8272 4.41092e-13 -0.000112308 0.213881
12.8372 4.41203e-13 -0.000111907 0.214103
12.8472 4.41203e-13 -0.000111479 0.214308
12.8572 4.41702e-13 -0.00011103 0.214494
12.8672 4.41758e-13 -0.000110574 0.214661
12.8772 4.4198e-13 -0.000110122 0.214806
12.8872 4.42479e-13 -0.000109681 0.214928
12.8972 4.42757e-13 -0.000109257 0.215029
12.9072 4.43201e-13 -0.000108856 0.215108
12.9172 4.43534e-13 -0.000108481 0.215166
12.9272 4.442e-13 -0.000108117 0.215204
12.9372 4.44256e-13 -0.000107746 0.215225
12.9472 4.44478e-13 -0.000107463 0.215228
12.9572 4.44755e-13 -0.000107326 0.215217
12.973 4.44811e-13 -0.000106937 0.215194
12.983 4.44811e-13 -0.000106686 0.215181
12.993 4.44866e-13 -0.000107015 0.215169
13.0088 4.45199e-13 -0.000107105 0.215152
13.0188 4.45421e-13 -0.000107078 0.215142
13.0288 4.45866e-13 -0.000107013 0.21513
13.0388 4.46421e-13 -0.000107039 0.215112
13.0488 4.46698e-13 -0.000107276 0.215088
13.0588 4.4742e-13 -0.000107503 0.215057
13.0745 4.48197e-13 -0.000107927 0.214997
13.0845 4.48419e-13 -0.000108388 0.214954
13.0945 4.48419e-13 -0.00010901 0.214909
13.1045 4.48697e-13 -0.00010964 0.214865
13.1145 4.48974e-13 -0.000110197 0.214823
13.1245 4.49196e-13 -0.000110555 0.214787
13.1345 4.49529e-13 -0.000110427 0.214757
13.1445 4.49973e-13 -0.000110042 0.214733
13.1545 4.50473e-13 -0.000110073 0.214718
13.1645 4.50695e-13 -0.000110573 0.214711
13.1806 4.51139e-13 -0.000111769 0.214717
13.1906 4.51583e-13 -0.00011227 0.214729
13.2063 4.5236e-13 -0.000112055 0.214762
13.2163 4.53082e-13 -0.000112795 0.214788
13.2317 4.54414e-13 -0.000114613 0.214822
13.2417 4.54192e-13 -0.000115349 0.214838
13.2517 4.54414e-13 -0.000115509 0.21485
13.2617 4.54414e-13 -0.000115649 0.214862
13.2717 4.54692e-13 -0.000115848 0.214875
13.2817 4.54914e-13 -0.000116022 0.21489
13.2917 4.55136e-13 -0.000116091 0.214906
13.3017 4.55191e-13 -0.00011609 0.214922
13.3117 4.55747e-13 -0.000116112 0.214941
13.3217 4.55969e-13 -0.00011615 0.214964
13.3317 4.56413e-13 -0.000116156 0.214989
13.3417 4.56801e-13 -0.000116122 0.21502
13.3517 4.57467e-13 -0.000116173 0.215055
13.3617 4.578e-13 -0.000116439 0.215095
13.3717 4.58245e-13 -0.000116768 0.215141
13.3817 4.58467e-13 -0.000116936 0.215192
13.3917 4.59022e-13 -0.000117197 0.21525
13.4017 4.59355e-13 -0.000117879 0.215316
13.4117 4.59577e-13 -0.000118911 0.215391
13.4217 4.59799e-13 -0.000119799 0.21548
13.4317 4.60465e-13 -0.000120078 0.215585
13.4417 4.60965e-13 -0.00011987 0.215712
13.4517 4.61686e-13 -0.000119636 0.215863
13.4617 4.61686e-13 -0.000119471 0.216033
13.4717 4.62186e-13 -0.000119172 0.216224
13.4817 4.62408e-13 -0.000118662 0.216433
13.4917 4.62685e-13 -0.000117866 0.21666
13.5017 4.63019e-13 -0.000117158 0.216904
13.5117 4.63518e-13 -0.000116949 0.217165
13.5217 4.64018e-13 -0.000117082 0.217438
13.5317 4.64184e-13 -0.000117368 0.217714
13.5417 4.64573e-13 -0.000117738 0.217989
13.5517 4.64906e-13 -0.00011791 0.218257
13.5617 4.65239e-13 -0.000117743 0.218516
13.5717 4.65961e-13 -0.000117428 0.218764
13.5817 4.66294e-13 -0.000117052 0.219001
13.5917 4.66627e-13 -0.000116627 0.219224
13.6017 4.67293e-13 -0.000116179 0.21943
13.6117 4.6757e-13 -0.000115714 0.219619
13.6217 4.67681e-13 -0.000115243 0.219787
13.6317 4.67848e-13 -0.000114777 0.219933
13.6417 4.6857e-13 -0.000114323 0.220057
13.6517 4.69069e-13 -0.000113886 0.220158
13.6617 4.6918e-13 -0.000113473 0.220236
13.6717 4.69236e-13 -0.000113089 0.220293
13.6817 4.69458e-13 -0.000112715 0.22033
13.6917 4.70235e-13 -0.000112332 0.220349
13.7017 4.70846e-13 -0.000112074 0.22035
13.7117 4.71068e-13 -0.000111964 0.220336
13.7217 4.71401e-13 -0.000111727 0.22032
13.7317 4.71623e-13 -0.000111367 0.220305
13.7417 4.724e-13 -0.000111622 0.220292
13.7517 4.73066e-13 -0.00011192 0.220281
13.7617 4.73399e-13 -0.000111794 0.22027
13.7717 4.73843e-13 -0.000111764 0.22026
13.7817 4.74121e-13 -0.000111688 0.220248
13.7917 4.7462e-13 -0.000111684 0.22023
13.8096 4.74953e-13 -0.000112135 0.220181
13.8196 4.75397e-13 -0.000112318 0.220145
13.8296 4.75731e-13 -0.00011265 0.220104
13.8396 4.75842e-13 -0.00011316 0.220059
13.8496 4.76341e-13 -0.000113763 0.220013
13.8596 4.76619e-13 -0.000114423 0.219969
13.8696 4.76785e-13 -0.00011493 0.219929
13.8796 4.77007e-13 -0.000115143 0.219895
13.8896 4.77896e-13 -0.000115017 0.219866
13.8996 4.7834e-13 -0.000114741 0.219844
13.9096 4.78562e-13 -0.000114868 0.21983
13.9196 4.79061e-13 -0.000115413 0.219824
13.9357 4.79783e-13 -0.00011624 0.219831
13.9457 4.8006e-13 -0.000116552 0.219845
13.9557 4.80116e-13 -0.000116789 0.219868
13.9657 4.80338e-13 -0.000117084 0.2199
13.9757 4.80116e-13 -0.000117432 0.219942
13.9857 4.81004e-13 -0.000117817 0.219991
13.9957 4.81781e-13 -0.000118212 0.220047
14.0057 4.82225e-13 -0.000118588 0.220109
14.0157 4.82892e-13 -0.000118976 0.220177
14.0257 4.83558e-13 -0.000119387 0.220249
14.0357 4.84057e-13 -0.000119805 0.220327
14.0457 4.84612e-13 -0.000120222 0.220411
14.0557 4.85334e-13 -0.000120638 0.220499
14.0657 4.85889e-13 -0.000121062 0.220593
14.0757 4.86444e-13 -0.000121467 0.220692
14.0857 4.86999e-13 -0.000121793 0.220797
14.0957 4.87388e-13 -0.000121967 0.220903
14.1057 4.87443e-13 -0.000121987 0.22101
14.1157 4.87554e-13 -0.000121999 0.221119
14.1257 4.87721e-13 -0.000121855 0.221229
14.1357 4.88276e-13 -0.000121351 0.221341
14.1457 4.88332e-13 -0.000120725 0.221459
14.1557 4.88332e-13 -0.000120352 0.221586
14.1657 4.88332e-13 -0.0001203 0.221722
14.1757 4.88387e-13 -0.000120411 0.221866
14.1857 4.88443e-13 -0.000120604 0.222017
14.1957 4.88443e-13 -0.000120863 0.222173
14.2057 4.88665e-13 -0.000121171 0.222332
14.2157 4.8922e-13 -0.000121511 0.222494
14.2257 4.89442e-13 -0.000121878 0.222656
14.2357 4.90441e-13 -0.000122214 0.222818
14.2457 4.90719e-13 -0.000122331 0.222977
14.2557 4.90996e-13 -0.000122214 0.223135
14.2657 4.91496e-13 -0.00012204 0.223292
14.2757 4.91551e-13 -0.000121857 0.223447
14.2857 4.91829e-13 -0.000121661 0.223599
14.2957 4.92273e-13 -0.000121459 0.223746
14.3057 4.92439e-13 -0.000121245 0.223885
14.3157 4.92884e-13 -0.000121022 0.224017
14.3257 4.93217e-13 -0.000120791 0.224139
14.3357 4.93439e-13 -0.000120552 0.22425
14.3457 4.93605e-13 -0.000120312 0.224351
14.3557 4.94049e-13 -0.000120072 0.22444
14.3657 4.94049e-13 -0.000119835 0.224519
14.3757 4.94715e-13 -0.000119605 0.224586
14.3857 4.95493e-13 -0.000119382 0.224643
14.3957 4.96214e-13 -0.000119163 0.22469
14.4057 4.96492e-13 -0.000118943 0.224728
14.4157 4.96936e-13 -0.000118724 0.224758
14.4257 4.97158e-13 -0.000118518 0.22478
14.4357 4.96991e-13 -0.000118333 0.224794
14.4457 4.97713e-13 -0.000118168 0.224803
14.4557 4.98379e-13 -0.00011804 0.224805
14.4657 4.98768e-13 -0.000117953 0.224802
14.4757 4.98823e-13 -0.000117922 0.224795
14.4857 4.98879e-13 -0.000117925 0.224787
14.4957 4.99101e-13 -0.000117909 0.224776
14.5057 4.99378e-13 -0.000117889 0.224761
14.5157 4.99878e-13 -0.000117912 0.22474
14.5257 4.99878e-13 -0.000118024 0.224713
14.5357 5.00544e-13 -0.000118193 0.224683
14.5457 5.01099e-13 -0.000118371 0.22465
14.5557 5.00988e-13 -0.000118601 0.224618
14.5657 5.01654e-13 -0.000118944 0.224586
14.5757 5.02154e-13 -0.000119352 0.224556
14.5857 5.02542e-13 -0.000119695 0.224527
14.5957 5.02376e-13 -0.000120002 0.2245
14.6114 5.02931e-13 -0.000120786 0.224464
14.6214 5.03431e-13 -0.000121086 0.224446
14.6314 5.03431e-13 -0.000121059 0.224431
14.6414 5.04208e-13 -0.000120967 0.224421
14.6547 5.04985e-13 -0.000120851 0.224415
14.6747 5.0554e-13 -0.000120669 0.224421
14.6847 5.06262e-13 -0.00012069 0.224432
14.6947 5.06706e-13 -0.000120763 0.224449
14.7047 5.06928e-13 -0.000120872 0.224473
14.7147 5.07094e-13 -0.000120953 0.224501
14.7247 5.07705e-13 -0.000121016 0.224535
14.7347 5.08149e-13 -0.000121082 0.224573
14.7447 5.08482e-13 -0.00012115 0.224616
14.7547 5.09148e-13 -0.000121214 0.224663
14.7647 5.09592e-13 -0.000121256 0.224715
14.7747 5.09814e-13 -0.000121273 0.22477
14.7847 5.10147e-13 -0.000121261 0.224829
14.7947 5.10925e-13 -0.000121209 0.224893
14.8047 5.11202e-13 -0.000121118 0.224961
14.8147 5.11646e-13 -0.000121016 0.225033
14.8247 5.11868e-13 -0.000121 0.22511
14.8347 5.1209e-13 -0.000121123 0.22519
14.8447 5.12757e-13 -0.000121152 0.225274
14.8547 5.12757e-13 -0.000120874 0.225359
14.8647 5.13256e-13 -0.000120604 0.225451
14.8747 5.13367e-13 -0.000120595 0.22555
14.8847 5.13645e-13 -0.000120713 0.225656
14.8947 5.137e-13 -0.000120882 0.225768
14.9047 5.13978e-13 -0.000121093 0.225885
14.9147 5.142e-13 -0.000121333 0.226007
14.9247 5.14699e-13 -0.000121614 0.226132
14.9347 5.14644e-13 -0.000121846 0.22626
14.9447 5.14921e-13 -0.000121925 0.22639
14.9547 5.15143e-13 -0.000121902 0.226521
14.9647 5.1531e-13 -0.000121844 0.226654
14.9747 5.15366e-13 -0.000121763 0.226786
14.9847 5.15532e-13 -0.000121662 0.226916
14.9947 5.1642e-13 -0.00012154 0.227042
15.0047 5.16476e-13 -0.000121399 0.227163
15.0147 5.16753e-13 -0.000121243 0.227276
15.0247 5.17031e-13 -0.000121074 0.227383
15.0347 5.1753e-13 -0.000120895 0.22748
15.0447 5.18419e-13 -0.000120708 0.227569
15.0547 5.18419e-13 -0.000120521 0.227649
15.0647 5.18696e-13 -0.000120333 0.22772
15.0747 5.18696e-13 -0.000120147 0.227782
15.0847 5.19196e-13 -0.000119964 0.227836
15.0947 5.19751e-13 -0.000119784 0.227881
15.1047 5.19973e-13 -0.000119601 0.227919
15.1147 5.20084e-13 -0.000119415 0.22795
15.1247 5.20084e-13 -0.000119233 0.227975
15.1347 5.20639e-13 -0.000119065 0.227994
15.1447 5.20917e-13 -0.000118913 0.228007
15.1547 5.20917e-13 -0.000118775 0.228016
15.1647 5.21416e-13 -0.000118658 0.228021
15.1747 5.21361e-13 -0.00011859 0.22802
15.1847 5.21583e-13 -0.000118569 0.228016
15.1947 5.21805e-13 -0.000118567 0.228011
15.2047 5.22082e-13 -0.000118564 0.228003
15.2147 5.22193e-13 -0.000118556 0.227991
15.2247 5.22693e-13 -0.000118567 0.227974
15.2347 5.22582e-13 -0.000118658 0.227951
15.2447 5.22693e-13 -0.000118791 0.227925
15.2547 5.22971e-13 -0.000118921 0.227898
15.2647 5.23526e-13 -0.000119068 0.227871
15.2747 5.23803e-13 -0.000119288 0.227846
15.2847 5.24469e-13 -0.000119623 0.227822
15.3005 5.25691e-13 -0.000120009 0.227787
15.3105 5.25635e-13 -0.00012027 0.227768
15.3205 5.25913e-13 -0.000120594 0.227751
15.3305 5.25968e-13 -0.000120807 0.227737
15.3405 5.25968e-13 -0.000121044 0.227725
15.352 5.26301e-13 -0.000121424 0.227715
15.3688 5.27356e-13 -0.000121623 0.227711
15.3788 5.27356e-13 -0.000121487 0.227714
15.3888 5.278e-13 -0.000121398 0.227721
15.3988 5.28133e-13 -0.000121395 0.227733
15.4088 5.28577e-13 -0.000121418 0.22775
15.4188 5.28633e-13 -0.000121388 0.227771
15.4288 5.28633e-13 -0.000121321 0.227796
15.4388 5.28744e-13 -0.000121241 0.227825
15.4488 5.29021e-13 -0.000121159 0.227858
15.4588 5.29743e-13 -0.000121073 0.227895
15.4688 5.29798e-13 -0.000120965 0.227935
15.4788 5.30131e-13 -0.000120842 0.227979
15.4888 5.30576e-13 -0.000120734 0.228026
15.4988 5.30853e-13 -0.000120704 0.228078
15.5088 5.31131e-13 -0.000120779 0.228133
15.5188 5.31464e-13 -0.000120915 0.228193
15.5288 5.31741e-13 -0.000120998 0.228256
15.5388 5.31797e-13 -0.00012095 0.228324
15.5488 5.32019e-13 -0.000120732 0.228396
15.5588 5.32629e-13 -0.000120575 0.228471
15.5688 5.32685e-13 -0.000120667 0.228553
15.5788 5.32963e-13 -0.000120816 0.228641
15.5888 5.33185e-13 -0.000120909 0.228735
15.5988 5.33407e-13 -0.000120981 0.228835
15.6088 5.34017e-13 -0.000121033 0.228938
15.6188 5.34295e-13 -0.000121067 0.229044
15.6288 5.34628e-13 -0.000121085 0.22915
15.6388 5.34406e-13 -0.000121078 0.229256
15.6488 5.34461e-13 -0.000121046 0.22936
15.6588 5.34739e-13 -0.000120992 0.229461
15.6688 5.34961e-13 -0.000120918 0.229558
15.6788 5.35239e-13 -0.00012083 0.229651
15.6888 5.35683e-13 -0.000120728 0.229738
15.6988 5.35683e-13 -0.000120613 0.22982
15.7088 5.36349e-13 -0.000120489 0.229895
15.7188 5.36404e-13 -0.000120361 0.229965
15.7288 5.3646e-13 -0.000120229 0.230029
15.7388 5.36515e-13 -0.000120095 0.230086
15.7488 5.37459e-13 -0.000119959 0.230137
15.7588 5.3757e-13 -0.000119823 0.230183
15.7688 5.37792e-13 -0.000119685 0.230223
15.7788 5.37848e-13 -0.000119542 0.230257
15.7888 5.38125e-13 -0.000119397 0.230286
15.7988 5.38403e-13 -0.000119255 0.23031
15.8088 5.3868e-13 -0.000119121 0.23033
15.8188 5.38902e-13 -0.000118996 0.230346
15.8288 5.38958e-13 -0.000118881 0.230358
15.8388 5.39402e-13 -0.000118774 0.230367
15.8488 5.39624e-13 -0.000118674 0.230374
15.8588 5.39735e-13 -0.000118594 0.230377
15.8688 5.3979e-13 -0.000118558 0.230377
15.8788 5.3979e-13 -0.000118557 0.230374
15.8888 5.40235e-13 -0.000118559 0.23037
15.8988 5.40512e-13 -0.000118553 0.230363
15.9088 5.41012e-13 -0.000118547 0.230352
15.9188 5.41289e-13 -0.000118579 0.230336
15.9288 5.41733e-13 -0.000118701 0.230316
15.9388 5.41955e-13 -0.000118811 0.230294
15.9488 5.42677e-13 -0.000118887 0.230273
15.9588 5.4351e-13 -0.000118954 0.230252
15.9688 5.43787e-13 -0.000119103 0.230234
15.9788 5.43787e-13 -0.000119404 0.230217
15.9888 5.44453e-13 -0.000119586 0.230201
15.9988 5.44731e-13 -0.000119664 0.230187
16.0112 5.45786e-13 -0.000119939 0.23017
16.0308 5.46119e-13 -0.000120361 0.230151
16.0408 5.46452e-13 -0.000120246 0.230145
16.0508 5.46507e-13 -0.00012021 0.23014
16.0608 5.47284e-13 -0.000120378 0.230135
16.0708 5.47562e-13 -0.000120566 0.230132
16.0808 5.47784e-13 -0.000120644 0.230135
16.0908 5.48228e-13 -0.000120554 0.230144
16.1008 5.48339e-13 -0.000120418 0.230158
16.1108 5.48617e-13 -0.000120343 0.230174
16.1208 5.48839e-13 -0.000120265 0.230193
16.1308 5.48894e-13 -0.000120143 0.230215
16.1408 5.49671e-13 -0.000120002 0.23024
16.1508 5.49949e-13 -0.000119868 0.230268
16.1608 5.50449e-13 -0.000119753 0.230299
16.1708 5.50726e-13 -0.000119676 0.230333
16.1808 5.51281e-13 -0.000119651 0.230371
16.1908 5.51503e-13 -0.000119589 0.230412
16.2008 5.51781e-13 -0.000119401 0.230457
16.2166 5.52058e-13 -0.000119213 0.230536
16.2266 5.5228e-13 -0.000119233 0.230599
16.2366 5.5278e-13 -0.000119434 0.230674
16.2466 5.53002e-13 -0.000119481 0.230751
16.2566 5.53224e-13 -0.000119431 0.230833
16.2666 5.53224e-13 -0.000119542 0.230923
16.2766 5.53446e-13 -0.000119654 0.231016
16.2866 5.53779e-13 -0.000119716 0.231109
16.2966 5.54112e-13 -0.000119754 0.231202
16.3066 5.54334e-13 -0.00011976 0.231294
16.3224 5.55e-13 -0.000119718 0.231433
16.3324 5.55722e-13 -0.000119664 0.231517
16.3424 5.56e-13 -0.000119593 0.231597
16.3524 5.56e-13 -0.000119508 0.231672
16.3624 5.56277e-13 -0.000119412 0.231742
16.3724 5.56721e-13 -0.000119308 0.231807
16.3824 5.56721e-13 -0.000119199 0.231866
16.3924 5.56777e-13 -0.000119085 0.23192
16.4024 5.57054e-13 -0.000118969 0.231969
16.4124 5.57332e-13 -0.000118851 0.232014
16.4224 5.57332e-13 -0.00011873 0.232053
16.4324 5.5761e-13 -0.000118604 0.232087
16.4424 5.58054e-13 -0.000118474 0.232118
16.4524 5.5872e-13 -0.000118344 0.232144
16.4624 5.58775e-13 -0.00011822 0.232166
16.4724 5.59053e-13 -0.000118103 0.232185
16.4824 5.5933e-13 -0.000117994 0.2322
16.4924 5.5983e-13 -0.000117893 0.232213
16.5024 5.59996e-13 -0.000117798 0.232223
16.5124 5.60496e-13 -0.000117711 0.23223
16.5224 5.60718e-13 -0.000117632 0.232235
16.5324 5.61051e-13 -0.000117573 0.232238
16.5424 5.61551e-13 -0.000117551 0.232237
16.5524 5.61606e-13 -0.00011755 0.232233
16.5624 5.61662e-13 -0.000117549 0.232226
16.5724 5.61773e-13 -0.000117558 0.232215
16.5824 5.62106e-13 -0.000117608 0.2322
16.5924 5.62383e-13 -0.000117723 0.232182
16.6024 5.62883e-13 -0.000117829 0.232163
16.6124 5.63438e-13 -0.00011791 0.232146
16.6239 5.63605e-13 -0.000117986 0.232127
16.642 5.6416e-13 -0.000118304 0.232102
16.6535 5.64937e-13 -0.000118353 0.232089
16.6652 5.65437e-13 -0.00011852 0.232077
16.6752 5.65714e-13 -0.000118646 0.232067
16.691 5.65992e-13 -0.000118746 0.232054
16.7067 5.66658e-13 -0.000118958 0.232047
16.7176 5.67935e-13 -0.000119314 0.232047
16.7276 5.68545e-13 -0.000119426 0.232049
16.7376 5.68601e-13 -0.000119336 0.232054
16.7476 5.68878e-13 -0.000119248 0.232062
16.7576 5.69211e-13 -0.000119286 0.23207
16.7676 5.69933e-13 -0.000119317 0.232079
16.7776 5.70377e-13 -0.000119259 0.232091
16.7876 5.70655e-13 -0.000119187 0.232106
16.7976 5.70877e-13 -0.000119123 0.232124
16.8076 5.7121e-13 -0.000119106 0.232145
16.8176 5.71432e-13 -0.000119119 0.232168
16.8276 5.71931e-13 -0.000119082 0.232194
16.8376 5.72375e-13 -0.000118952 0.232223
16.8476 5.72431e-13 -0.000118772 0.232254
16.8576 5.72875e-13 -0.000118561 0.23229
16.8676 5.73264e-13 -0.000118256 0.23233
16.8776 5.73541e-13 -0.000118064 0.232377
16.8876 5.73819e-13 -0.000118088 0.232434
16.8976 5.73874e-13 -0.000118031 0.232493
16.9076 5.74152e-13 -0.000117921 0.232553
16.9176 5.74207e-13 -0.000117905 0.232615
16.9276 5.74263e-13 -0.000117904 0.232679
16.9376 5.74651e-13 -0.0001179 0.232745
16.9476 5.74929e-13 -0.000117896 0.23281
16.9576 5.74985e-13 -0.000117883 0.232874
16.9676 5.7504e-13 -0.00011786 0.232935
16.9776 5.75484e-13 -0.000117826 0.232994
16.9876 5.75651e-13 -0.000117783 0.23305
16.9976 5.75817e-13 -0.000117726 0.233103
17.0076 5.76095e-13 -0.000117658 0.233151
17.0176 5.76372e-13 -0.000117583 0.233195
17.0276 5.76594e-13 -0.0001175 0.233236
17.0376 5.77038e-13 -0.000117412 0.233272
17.0476 5.7726e-13 -0.000117319 0.233303
17.0576 5.77483e-13 -0.000117221 0.233331
17.0676 5.77927e-13 -0.000117118 0.233356
17.0776 5.78426e-13 -0.000117011 0.233376
17.0876 5.78704e-13 -0.000116902 0.233393
17.0976 5.78926e-13 -0.000116797 0.233408
17.1076 5.78981e-13 -0.0001167 0.233419
17.1176 5.78759e-13 -0.000116609 0.233429
17.1276 5.79037e-13 -0.000116526 0.233436
17.1376 5.79259e-13 -0.00011645 0.233442
17.1476 5.79536e-13 -0.000116389 0.233447
17.1576 5.79592e-13 -0.000116353 0.23345
17.1676 5.79647e-13 -0.00011635 0.233451
17.1776 5.79869e-13 -0.000116364 0.233451
17.1934 5.80425e-13 -0.000116371 0.233449
17.2034 5.80869e-13 -0.000116383 0.233446
17.2134 5.80813e-13 -0.000116408 0.23344
17.2234 5.81035e-13 -0.00011644 0.233431
17.2334 5.81146e-13 -0.000116485 0.23342
17.2434 5.81479e-13 -0.00011657 0.233407
17.2534 5.82201e-13 -0.000116626 0.233395
17.2634 5.82479e-13 -0.000116643 0.233383
17.2825 5.82867e-13 -0.00011675 0.233364
17.2982 5.83755e-13 -0.000116781 0.233352
17.3082 5.83589e-13 -0.000116792 0.233347
17.3182 5.83866e-13 -0.000116871 0.233342
17.3282 5.8431e-13 -0.000116925 0.233339
17.3382 5.85032e-13 -0.000116966 0.233336
17.3496 5.86475e-13 -0.000117105 0.233334
17.3596 5.86697e-13 -0.00011728 0.233333
17.3696 5.86753e-13 -0.000117231 0.233333
17.3796 5.86919e-13 -0.000117055 0.233333
17.3896 5.87197e-13 -0.000117042 0.233333
17.3996 5.86975e-13 -0.000117062 0.233333
17.4096 5.87586e-13 -0.000117069 0.233337
17.4196 5.87697e-13 -0.000117049 0.233344
17.4296 5.87974e-13 -0.000116972 0.233354
17.4396 5.88307e-13 -0.000116945 0.233363
17.4496 5.88307e-13 -0.000116938 0.233373
17.4596 5.88585e-13 -0.000116887 0.233384
17.4696 5.89029e-13 -0.000116802 0.233396
17.4796 5.8975e-13 -0.0001167 0.23341
17.4896 5.90417e-13 -0.00011659 0.233424
17.4996 5.90361e-13 -0.000116579 0.233441
17.5096 5.91083e-13 -0.000116752 0.233459
17.5196 5.91138e-13 -0.000116839 0.233481
17.5296 5.91194e-13 -0.000116648 0.233509
17.5396 5.91305e-13 -0.000116646 0.233548
17.5496 5.91305e-13 -0.000116888 0.233591
17.5596 5.9136e-13 -0.00011692 0.233632
17.5696 5.9186e-13 -0.000116845 0.233672
17.5796 5.92082e-13 -0.000116879 0.233716
17.5896 5.92193e-13 -0.000116933 0.233759
17.5996 5.92415e-13 -0.000116941 0.233801
17.6096 5.92582e-13 -0.000116922 0.233839
17.6196 5.92915e-13 -0.00011689 0.233874
17.6296 5.93081e-13 -0.000116845 0.233907
17.6396 5.93359e-13 -0.000116791 0.233936
17.6496 5.93858e-13 -0.000116729 0.233962
17.6596 5.94302e-13 -0.000116662 0.233986
17.6696 5.94802e-13 -0.00011659 0.234007
17.6796 5.95135e-13 -0.000116515 0.234025
17.6896 5.95135e-13 -0.000116437 0.234041
17.6996 5.9569e-13 -0.00011636 0.234054
17.7096 5.95912e-13 -0.000116284 0.234065
17.7196 5.96079e-13 -0.000116212 0.234074
17.7296 5.96023e-13 -0.000116145 0.23408
17.7396 5.96023e-13 -0.000116083 0.234085
17.7496 5.96079e-13 -0.000116028 0.234089
17.7596 5.96634e-13 -0.00011599 0.23409
17.7696 5.97133e-13 -0.000115972 0.23409
17.7796 5.97078e-13 -0.000115967 0.234088
17.7896 5.97133e-13 -0.000115972 0.234085
17.7996 5.97355e-13 -0.00011599 0.23408
17.8096 5.97411e-13 -0.000116023 0.234075
17.8196 5.97467e-13 -0.000116067 0.234068
17.8296 5.97911e-13 -0.000116116 0.234061
17.8396 5.97966e-13 -0.000116142 0.234054
17.8496 5.98133e-13 -0.000116122 0.234048
17.8596 5.98299e-13 -0.000116052 0.234043
17.8696 5.98188e-13 -0.000115983 0.234038
17.8796 5.98244e-13 -0.000115995 0.234034
17.8896 5.98688e-13 -0.000116051 0.234031
17.8996 5.9952e-13 -0.000116135 0.234027
17.9175 6.00464e-13 -0.000116272 0.234022
17.9275 6.0113e-13 -0.000116224 0.234019
17.9375 6.01463e-13 -0.000116229 0.234016
17.9475 6.01685e-13 -0.000116319 0.234014
17.9575 6.01907e-13 -0.000116367 0.234013
17.9675 6.02185e-13 -0.000116356 0.234013
17.9775 6.02407e-13 -0.000116368 0.234015
17.9875 6.02685e-13 -0.000116416 0.234018
17.9975 6.02907e-13 -0.000116457 0.234023
18.0075 6.03129e-13 -0.000116479 0.234029
18.0175 6.03628e-13 -0.000116504 0.234036
18.0275 6.03961e-13 -0.00011652 0.234045
18.0375 6.04017e-13 -0.000116508 0.234054
18.0475 6.04239e-13 -0.000116472 0.234064
18.0575 6.04405e-13 -0.000116411 0.234076
18.0675 6.05127e-13 -0.000116335 0.234088
18.0775 6.05405e-13 -0.000116296 0.234102
18.0875 6.05405e-13 -0.000116332 0.234116
18.0975 6.05849e-13 -0.000116411 0.234133
18.1133 6.06404e-13 -0.000116502 0.234164
18.129 6.06515e-13 -0.000116485 0.234202
18.139 6.07125e-13 -0.000116498 0.234228
18.149 6.07348e-13 -0.000116519 0.234253
18.159 6.07903e-13 -0.000116524 0.234277
18.169 6.0818e-13 -0.000116513 0.234299
18.179 6.08513e-13 -0.000116488 0.234318
18.189 6.08735e-13 -0.000116454 0.234334
18.199 6.08846e-13 -0.000116413 0.234348
18.209 6.09068e-13 -0.000116368 0.234359
18.219 6.09068e-13 -0.000116323 0.234367
18.229 6.09346e-13 -0.000116263 0.234374
18.239 6.09346e-13 -0.000116228 0.234379
18.249 6.09623e-13 -0.000116214 0.234383
18.259 6.10179e-13 -0.00011617 0.234385
18.269 6.10456e-13 -0.000116143 0.234386
18.279 6.10734e-13 -0.000116155 0.234386
18.289 6.11289e-13 -0.00011615 0.234386
18.299 6.11289e-13 -0.00011618 0.234385
18.309 6.11067e-13 -0.000116228 0.234383
18.319 6.11455e-13 -0.000116203 0.234381
18.329 6.11899e-13 -0.000116183 0.234378
18.339 6.12121e-13 -0.000116206 0.234375
18.349 6.12121e-13 -0.000116251 0.234371
18.359 6.12566e-13 -0.000116312 0.234368
18.369 6.12621e-13 -0.000116301 0.234365
18.379 6.13343e-13 -0.000116235 0.234362
18.3951 6.14231e-13 -0.00011634 0.234359
18.4051 6.14508e-13 -0.000116312 0.234356
18.4151 6.14953e-13 -0.000116278 0.234354
18.4251 6.15008e-13 -0.000116287 0.234351
18.4351 6.15008e-13 -0.000116233 0.234348
18.4451 6.15563e-13 -0.000116185 0.234346
18.4551 6.15841e-13 -0.000116197 0.234346
18.4651 6.16007e-13 -0.000116244 0.234347
18.4751 6.16729e-13 -0.000116305 0.234349
18.4851 6.16729e-13 -0.00011643 0.234352
18.4951 6.16784e-13 -0.000116557 0.234355
18.5051 6.16784e-13 -0.000116571 0.234358
18.5151 6.16784e-13 -0.000116588 0.234361
18.5251 6.17062e-13 -0.000116657 0.234363
18.5351 6.17117e-13 -0.000116724 0.234365
18.5451 6.17173e-13 -0.000116786 0.234367
18.5551 6.17506e-13 -0.000116848 0.234369
18.5651 6.17451e-13 -0.000116919 0.234371
18.5751 6.17451e-13 -0.000116991 0.234372
18.5851 6.1795e-13 -0.000117051 0.234374
18.5951 6.17784e-13 -0.00011711 0.234376
18.6051 6.18061e-13 -0.000117167 0.23438
18.6151 6.18561e-13 -0.000117209 0.234384
18.6251 6.18783e-13 -0.000117222 0.234389
18.6351 6.1906e-13 -0.000117198 0.234395
18.6451 6.19338e-13 -0.000117155 0.234402
18.6551 6.19504e-13 -0.00011713 0.23441
18.6651 6.19782e-13 -0.000117145 0.234419
18.6751 6.20004e-13 -0.000117134 0.234428
18.6851 6.20282e-13 -0.000117047 0.234433
18.6951 6.21003e-13 -0.000116965 0.234437
18.7051 6.21225e-13 -0.000117003 0.234438
18.7151 6.21503e-13 -0.000117105 0.234435
18.7251 6.2178e-13 -0.000117164 0.234432
18.7351 6.2278e-13 -0.000117215 0.234428
18.7451 6.23002e-13 -0.000117339 0.234424
18.7551 6.23501e-13 -0.000117519 0.234421
18.7651 6.24001e-13 -0.000117638 0.234419
18.7751 6.24223e-13 -0.000117803 0.234417
18.7851 6.24445e-13 -0.000118023 0.234417
18.7951 6.24667e-13 -0.00011813 0.234418
18.8064 6.25833e-13 -0.000118163 0.234419
18.8164 6.26277e-13 -0.000118207 0.234421
18.8322 6.26776e-13 -0.000118204 0.234423
18.8422 6.26776e-13 -0.000118203 0.234423
18.8522 6.26776e-13 -0.000118292 0.234422
18.8622 6.27276e-13 -0.000118399 0.234422
18.8722 6.27276e-13 -0.00011846 0.234421
18.8822 6.27776e-13 -0.000118473 0.234422
18.8922 6.27831e-13 -0.000118528 0.234423
18.9022 6.2822e-13 -0.00011862 0.234424
18.9122 6.28497e-13 -0.000118705 0.234426
18.9222 6.28553e-13 -0.000118782 0.234429
18.9322 6.28775e-13 -0.000118855 0.234431
18.9422 6.28997e-13 -0.000118933 0.234433
18.9522 6.29274e-13 -0.000119013 0.234434
18.968 6.29718e-13 -0.000119107 0.234436
18.978 6.29774e-13 -0.000119299 0.234435
18.988 6.29885e-13 -0.000119399 0.234435
18.998 6.2983e-13 -0.000119474 0.234434
19.008 6.30052e-13 -0.00011956 0.234434
19.018 6.30551e-13 -0.000119635 0.234434
19.0284 6.30718e-13 -0.000119705 0.234434
19.0384 6.30995e-13 -0.000119797 0.234433
19.0517 6.31495e-13 -0.00011983 0.234431
19.0617 6.31772e-13 -0.000119912 0.23443
19.0717 6.31772e-13 -0.000120199 0.234429
19.0817 6.32272e-13 -0.000120426 0.234428
19.0917 6.32494e-13 -0.000120542 0.234427
19.1017 6.3316e-13 -0.000120671 0.234426
19.1117 6.3316e-13 -0.000120806 0.234424
19.1275 6.33715e-13 -0.000121012 0.234423
19.1375 6.34381e-13 -0.00012111 0.234422
19.1475 6.34937e-13 -0.000121288 0.234421
19.1575 6.35159e-13 -0.000121468 0.234421
19.1675 6.35159e-13 -0.000121377 0.234421
19.1775 6.3638e-13 -0.000121423 0.234421
19.194 6.37046e-13 -0.000120981 0.23442
19.204 6.37823e-13 -0.000120583 0.234419
19.214 6.37601e-13 -0.000120626 0.234418
19.224 6.37879e-13 -0.000120729 0.234419
19.234 6.37823e-13 -0.000120815 0.234421
19.244 6.38101e-13 -0.000120899 0.234422
19.254 6.38545e-13 -0.000120939 0.234423
19.264 6.38545e-13 -0.000120984 0.234424
19.274 6.38878e-13 -0.000121058 0.234425
19.284 6.39655e-13 -0.000121123 0.234425
19.294 6.39488e-13 -0.000121161 0.234426
19.304 6.39488e-13 -0.000121152 0.234427
19.314 6.39933e-13 -0.000121117 0.234429
19.324 6.40155e-13 -0.000121116 0.234433
19.334 6.40432e-13 -0.000121137 0.234436
19.344 6.4071e-13 -0.000121149 0.234438
19.354 6.40932e-13 -0.000121165 0.234438
19.364 6.41154e-13 -0.00012119 0.234437
19.374 6.41653e-13 -0.000121222 0.234437
19.384 6.41653e-13 -0.000121261 0.234436
19.394 6.41875e-13 -0.0001213 0.234435
19.4077 6.42875e-13 -0.000121368 0.234434
19.4177 6.43374e-13 -0.000121498 0.234433
19.4277 6.43596e-13 -0.000121577 0.234434
19.4377 6.44318e-13 -0.000121768 0.234434
19.4477 6.44651e-13 -0.000121823 0.234433
19.4577 6.45206e-13 -0.000121675 0.234431
19.471 6.46094e-13 -0.000121684 0.234427
19.481 6.46094e-13 -0.000121751 0.234424
19.491 6.46094e-13 -0.000121809 0.234423
19.501 6.46205e-13 -0.000121688 0.234422
19.511 6.46816e-13 -0.00012152 0.23442
19.521 6.4676e-13 -0.00012136 0.234418
19.5401 6.47649e-13 -0.000121204 0.234418
19.5501 6.47926e-13 -0.000121335 0.234419
19.5658 6.48426e-13 -0.000121521 0.234421
19.5758 6.48648e-13 -0.0001217 0.234423
19.5858 6.48703e-13 -0.000121864 0.234425
19.5958 6.50258e-13 -0.000121923 0.234426
19.6142 6.50702e-13 -0.0001221 0.234426
19.6242 6.51257e-13 -0.000122181 0.234426
19.6342 6.51257e-13 -0.000122218 0.234425
19.6442 6.5109e-13 -0.000122302 0.234426
19.6542 6.52145e-13 -0.000122343 0.234426
19.6642 6.52478e-13 -0.000122339 0.234427
19.6742 6.527e-13 -0.000122349 0.234427
19.6842 6.52978e-13 -0.000122349 0.234428
19.6942 6.53533e-13 -0.000122402 0.23443
19.7042 6.53588e-13 -0.000122508 0.234433
19.7142 6.5381e-13 -0.000122473 0.234436
19.7242 6.54587e-13 -0.000122448 0.234436
19.7342 6.55365e-13 -0.000122568 0.234436
19.7442 6.55143e-13 -0.000122726 0.234436
19.7542 6.55587e-13 -0.000122883 0.234435
19.7642 6.55698e-13 -0.000123042 0.234433
19.7742 6.56419e-13 -0.000123253 0.234431
19.7842 6.56475e-13 -0.0001235 0.234429
19.7942 6.56974e-13 -0.000123745 0.234428
19.8042 6.57252e-13 -0.000123973 0.234427
19.8142 6.57807e-13 -0.000124378 0.234427
19.8242 6.58085e-13 -0.000124646 0.234427
19.8342 6.57918e-13 -0.000124552 0.234427
19.8442 6.5814e-13 -0.000124487 0.234427
19.8542 6.5864e-13 -0.000124467 0.234427
19.8642 6.59528e-13 -0.000124453 0.234427
19.8742 6.60028e-13 -0.00012438 0.234426
19.8842 6.60305e-13 -0.000124289 0.234425
19.8942 6.60472e-13 -0.00012442 0.234424
19.9042 6.60971e-13 -0.000124824 0.234422
19.9142 6.61249e-13 -0.000125188 0.234421
19.9308 6.62026e-13 -0.000125702 0.23442
19.9428 6.63025e-13 -0.000126135 0.234421
19.9528 6.64191e-13 -0.000126208 0.234421
19.9685 6.65135e-13 -0.000126432 0.234423
19.9785 6.6519e-13 -0.000126448 0.234424
19.9885 6.65468e-13 -0.000126463 0.234425
19.9985 6.65801e-13 -0.000126531 0.234425
20.0085 6.663e-13 -0.000126604 0.234425
20.0185 6.66356e-13 -0.000126615 0.234425
20.0285 6.66633e-13 -0.000126613 0.234425
20.0385 6.66578e-13 -0.00012664 0.234425
20.0485 6.67078e-13 -0.000126642 0.234425
20.0585 6.67633e-13 -0.000126667 0.234425
20.0685 6.67577e-13 -0.000126715 0.234425
20.0801 6.68132e-13 -0.0001267 0.234426
20.0916 6.6841e-13 -0.000126697 0.234426
20.1074 6.68743e-13 -0.000126632 0.234427
20.1174 6.68965e-13 -0.000126465 0.234429
20.1274 6.69076e-13 -0.000126276 0.234431
20.1374 6.69076e-13 -0.000126094 0.234433
20.1474 6.69742e-13 -0.00012591 0.234433
20.1574 6.70242e-13 -0.000125831 0.234434
20.1731 6.70297e-13 -0.000125912 0.234435
20.1831 6.70242e-13 -0.000126003 0.234435
20.1931 6.70741e-13 -0.00012611 0.234434
20.2031 6.71241e-13 -0.000126239 0.234434
20.2131 6.7174e-13 -0.000126403 0.234434
20.2231 6.71796e-13 -0.000126578 0.234434
20.2331 6.7224e-13 -0.000126724 0.234433
20.2431 6.72629e-13 -0.000126849 0.234433
20.2531 6.72851e-13 -0.00012707 0.234432
20.2631 6.73461e-13 -0.000127264 0.234431
20.2731 6.73739e-13 -0.000127309 0.23443
20.2831 6.7446e-13 -0.000127276 0.234428
20.2931 6.74516e-13 -0.000126944 0.234427
20.3065 6.75515e-13 -0.000126864 0.234425
20.3165 6.76015e-13 -0.000127137 0.234424
20.3322 6.76514e-13 -0.000127541 0.234422
20.3422 6.77014e-13 -0.000128008 0.23442
20.3522 6.77514e-13 -0.00012859 0.234419
20.3622 6.78513e-13 -0.000129758 0.234418
20.3758 6.78846e-13 -0.000131389 0.234415
20.3858 6.78957e-13 -0.000131735 0.234414
20.3958 6.79456e-13 -0.0001319 0.234414
20.4116 6.80178e-13 -0.000132622 0.234417
20.4274 6.80234e-13 -0.000133754 0.234428
20.4374 6.80567e-13 -0.00013379 0.234438
20.4474 6.81011e-13 -0.000133879 0.234452
20.4574 6.81233e-13 -0.00013397 0.234467
20.4674 6.81954e-13 -0.000134222 0.234478
20.4774 6.81954e-13 -0.00013447 0.234481
20.4874 6.8251e-13 -0.000134526 0.23448
20.4974 6.83231e-13 -0.000134523 0.234478
20.5084 6.83953e-13 -0.000134521 0.234479
20.5241 6.84452e-13 -0.000134656 0.234486
20.5341 6.8473e-13 -0.000134802 0.234491
20.5441 6.84841e-13 -0.000134947 0.234493
20.5541 6.85063e-13 -0.00013511 0.234493
20.5699 6.8523e-13 -0.000135394 0.234491
20.5799 6.85507e-13 -0.000135609 0.234491
20.5899 6.85563e-13 -0.000135831 0.234492
20.5999 6.85729e-13 -0.000136058 0.234491
20.6099 6.85785e-13 -0.000136316 0.234489
20.6199 6.86895e-13 -0.000136558 0.234487
20.6393 6.87339e-13 -0.000137153 0.234484
20.6551 6.88394e-13 -0.000137464 0.234482
20.6651 6.88893e-13 -0.00013744 0.23448
20.6751 6.8906e-13 -0.000137398 0.234479
20.6851 6.8906e-13 -0.000137308 0.234477
20.6951 6.90059e-13 -0.000137084 0.234475
20.7066 6.91613e-13 -0.00013669 0.234474
20.719 6.9228e-13 -0.000134438 0.234471
20.729 6.92058e-13 -0.000134108 0.23447
20.7465 6.93057e-13 -0.000133908 0.234471
20.7565 6.93334e-13 -0.00013402 0.234472
20.7665 6.93778e-13 -0.000134274 0.234472
20.7775 6.94333e-13 -0.000134076 0.234473
20.7908 6.94889e-13 -0.00013389 0.234474
20.8065 6.9561e-13 -0.00013367 0.234475
20.8165 6.95666e-13 -0.00013364 0.234475
20.8265 6.95444e-13 -0.000133624 0.234475
20.8365 6.95943e-13 -0.000133616 0.234475
20.8465 6.95943e-13 -0.000133626 0.234476
20.8565 6.96276e-13 -0.000133623 0.234476
20.8665 6.96276e-13 -0.000133603 0.234477
20.8765 6.96776e-13 -0.000133667 0.234479
20.8881 6.96998e-13 -0.000133889 0.234484
20.8996 6.97498e-13 -0.000134157 0.234488
20.9154 6.97942e-13 -0.0001345 0.234489
20.9254 6.97942e-13 -0.000134706 0.23449
20.9412 6.98441e-13 -0.000135048 0.23449
20.9512 6.98608e-13 -0.000135233 0.23449
20.9612 6.98719e-13 -0.000135446 0.234489
20.9712 6.99218e-13 -0.000135722 0.234488
20.9812 6.99552e-13 -0.000135987 0.234487
20.9912 7.00273e-13 -0.000136161 0.234487
21.0012 7.00273e-13 -0.000136439 0.234487
21.0112 7.00773e-13 -0.000136768 0.234487
21.0212 7.00828e-13 -0.000137093 0.234487
21.0312 7.00828e-13 -0.000137562 0.234487
21.0412 7.01106e-13 -0.00013798 0.234486
21.0512 7.01661e-13 -0.000138314 0.234485
21.0645 7.01661e-13 -0.000138809 0.234483
21.0745 7.02272e-13 -0.000139135 0.23448
21.0845 7.02494e-13 -0.000139556 0.234478
21.1034 7.05991e-13 -0.000140999 0.234473
21.115 7.07046e-13 -0.000141983 0.234471
21.125 7.07046e-13 -0.000142077 0.23447
21.135 7.07656e-13 -0.00014207 0.234471
21.145 7.07989e-13 -0.000142015 0.234472
21.155 7.08322e-13 -0.000142162 0.234472
21.165 7.08766e-13 -0.000142381 0.234473
21.175 7.09155e-13 -0.000142615 0.234474
21.185 7.0971e-13 -0.000142937 0.234475
21.195 7.09988e-13 -0.000143238 0.234476
21.205 7.10043e-13 -0.000143384 0.234476
21.2208 7.10598e-13 -0.000143419 0.234478
21.2308 7.10543e-13 -0.00014349 0.234479
21.2408 7.11264e-13 -0.000143635 0.234481
21.2536 7.13041e-13 -0.000143819 0.234483
21.2733 7.14206e-13 -0.000144039 0.234486
21.2904 7.14484e-13 -0.000144293 0.234488
21.3004 7.14595e-13 -0.000144457 0.234489
21.3104 7.14984e-13 -0.000144645 0.234489
21.3204 7.14984e-13 -0.000144851 0.234489
21.3304 7.15039e-13 -0.000145072 0.234489
21.3404 7.15261e-13 -0.000145282 0.234488
21.3504 7.15816e-13 -0.000145417 0.234487
21.3604 7.16094e-13 -0.000145695 0.234486
21.3704 7.16094e-13 -0.000146055 0.234485
21.3804 7.16094e-13 -0.000146167 0.234483
21.3904 7.16538e-13 -0.000145863 0.234482
21.4004 7.16815e-13 -0.000145443 0.234481
21.4104 7.1726e-13 -0.000144932 0.23448
21.4204 7.17815e-13 -0.000144565 0.234478
21.4304 7.18259e-13 -0.000144734 0.234477
21.4404 7.18592e-13 -0.000145134 0.234476
21.4504 7.19091e-13 -0.00014558 0.234475
21.4604 7.19369e-13 -0.000146115 0.234474
21.4704 7.19813e-13 -0.000146171 0.234473
21.4804 7.20091e-13 -0.000145832 0.234472
21.4904 7.2059e-13 -0.000145805 0.234472
21.502 7.22145e-13 -0.000145637 0.234473
21.5176 7.22866e-13 -0.00014464 0.234473
21.5276 7.22922e-13 -0.000144531 0.234475
21.5376 7.23144e-13 -0.000144772 0.234477
21.5476 7.23699e-13 -0.000145086 0.234478
21.5576 7.23754e-13 -0.000145381 0.234478
21.5676 7.24032e-13 -0.000145669 0.234479
21.5776 7.24087e-13 -0.000145356 0.234479
21.5876 7.24365e-13 -0.000144713 0.234477
21.5976 7.24643e-13 -0.000144452 0.234477
21.613 7.26197e-13 -0.000144216 0.234477
21.6246 7.2703e-13 -0.000144002 0.234478
21.6346 7.27307e-13 -0.000144058 0.234481
21.6446 7.27807e-13 -0.000144397 0.234488
21.6546 7.27807e-13 -0.000144875 0.234497
21.6646 7.28528e-13 -0.000145424 0.234508
21.6803 7.28917e-13 -0.000146315 0.234521
21.6903 7.29139e-13 -0.000146757 0.234523
21.7003 7.28917e-13 -0.000147161 0.234522
21.7103 7.28917e-13 -0.000147561 0.234523
21.7203 7.28917e-13 -0.000147988 0.234523
21.7303 7.29139e-13 -0.000148517 0.234522
21.7403 7.29361e-13 -0.000148998 0.234521
21.7503 7.29861e-13 -0.000149305 0.234519
21.7603 7.29861e-13 -0.000149506 0.234518
21.7703 7.30638e-13 -0.000149879 0.234517
21.7803 7.30416e-13 -0.000150443 0.234517
21.7903 7.3086e-13 -0.000150947 0.234516
21.8003 7.31415e-13 -0.000151385 0.234516
21.812 7.3247e-13 -0.000151946 0.234516
21.822 7.33136e-13 -0.000152343 0.234515
21.832 7.33136e-13 -0.000152517 0.234514
21.842 7.33524e-13 -0.000152492 0.234513
21.852 7.33968e-13 -0.000152413 0.234512
21.862 7.33968e-13 -0.000152412 0.234511
21.872 7.34024e-13 -0.000152544 0.234509
21.882 7.34746e-13 -0.000152634 0.234509
21.8935 7.34746e-13 -0.000152438 0.234508
21.9079 7.35523e-13 -0.000152623 0.234509
21.9179 7.35745e-13 -0.000152946 0.23451
21.9295 7.35856e-13 -0.000153103 0.234511
21.9452 7.36577e-13 -0.000153218 0.234512
21.9577 7.36966e-13 -0.00015344 0.234513
21.9734 7.37466e-13 -0.000153837 0.234514
21.9834 7.3741e-13 -0.000154164 0.234515
21.9992 7.37743e-13 -0.000154579 0.234515
22.015 7.38021e-13 -0.000154965 0.234516
22.025 7.38909e-13 -0.000155305 0.234517
22.035 7.39186e-13 -0.000155693 0.234518
22.045 7.39242e-13 -0.000156137 0.234518
22.0583 7.3952e-13 -0.000156852 0.234519
22.0683 7.4013e-13 -0.000157535 0.234519
22.0841 7.40685e-13 -0.000159008 0.234519
22.0941 7.41129e-13 -0.000159496 0.234518
22.1098 7.42462e-13 -0.000157469 0.234513
22.1292 7.43516e-13 -0.000152224 0.2345
22.1392 7.43627e-13 -0.000150845 0.2345
22.1492 7.43849e-13 -0.000149773 0.2345
22.1592 7.44793e-13 -0.000149467 0.2345
22.1692 7.45071e-13 -0.000149275 0.234503
22.1797 7.45792e-13 -0.000148977 0.234509
22.1912 7.46458e-13 -0.000149289 0.234526
22.207 7.46736e-13 -0.000150325 0.234555
22.217 7.47291e-13 -0.00015102 0.234563
22.2328 7.47569e-13 -0.000152059 0.234564
22.2428 7.47624e-13 -0.000152646 0.234566
22.2528 7.4768e-13 -0.00015314 0.234568
22.2628 7.48124e-13 -0.000153639 0.23457
22.2728 7.48179e-13 -0.000154288 0.234572
22.2828 7.48568e-13 -0.000154947 0.234574
22.2928 7.4879e-13 -0.000155528 0.234575
22.3028 7.4879e-13 -0.000156072 0.234577
22.3128 7.4929e-13 -0.000156608 0.234579
22.3228 7.49567e-13 -0.000157133 0.23458
22.3328 7.50233e-13 -0.000157684 0.234581
22.3428 7.50122e-13 -0.000158183 0.234582
22.3528 7.50788e-13 -0.000158598 0.234582
22.3628 7.51177e-13 -0.000159144 0.234582
22.3728 7.51177e-13 -0.000159662 0.234581
22.3828 7.51899e-13 -0.000160021 0.23458
22.3985 7.52787e-13 -0.000160717 0.234576
22.4085 7.53786e-13 -0.000160968 0.234573
22.4185 7.53564e-13 -0.000160906 0.234569
22.4301 7.54397e-13 -0.000160887 0.234566
22.4455 7.55007e-13 -0.000162245 0.234561
22.4571 7.55895e-13 -0.000162367 0.234558
22.4671 7.56339e-13 -0.000162008 0.234557
22.4771 7.56784e-13 -0.000161678 0.234555
22.4929 7.57394e-13 -0.000161787 0.234554
22.5029 7.57894e-13 -0.000162117 0.234554
22.5129 7.58171e-13 -0.000162552 0.234554
22.5277 7.59282e-13 -0.000162754 0.234554
22.5377 7.59559e-13 -0.000162858 0.234555
22.5531 7.61002e-13 -0.000162968 0.234557
22.5631 7.61724e-13 -0.000162914 0.234558
22.5731 7.61557e-13 -0.000162884 0.234558
22.5831 7.62057e-13 -0.000162864 0.234559
22.5931 7.62113e-13 -0.000162846 0.23456
22.6031 7.62557e-13 -0.000162806 0.234561
22.6131 7.62557e-13 -0.000162849 0.234564
22.6231 7.63056e-13 -0.000163033 0.234569
22.6331 7.63722e-13 -0.000163292 0.234574
22.6431 7.63556e-13 -0.000163719 0.234578
22.6531 7.63778e-13 -0.000164289 0.234584
22.6631 7.63833e-13 -0.000164863 0.23459
22.6731 7.64055e-13 -0.000165401 0.234598
22.6831 7.64167e-13 -0.000165932 0.234605
22.6931 7.64555e-13 -0.000166416 0.234611
22.7031 7.64555e-13 -0.000166814 0.234612
22.7131 7.64888e-13 -0.000167221 0.234611
22.7231 7.65388e-13 -0.000167612 0.23461
22.7331 7.65388e-13 -0.000167938 0.234609
22.7431 7.65998e-13 -0.000168407 0.234609
22.7531 7.66442e-13 -0.000168875 0.234608
22.7631 7.66665e-13 -0.000169168 0.234607
22.7731 7.67275e-13 -0.000169553 0.234605
22.7831 7.66998e-13 -0.000170089 0.234603
22.7931 7.67775e-13 -0.000170548 0.234601
22.8031 7.67997e-13 -0.000171126 0.234598
22.8131 7.6833e-13 -0.00017251 0.234596
22.8231 7.68385e-13 -0.000173977 0.234593
22.8331 7.68385e-13 -0.000174595 0.23459
22.8431 7.68774e-13 -0.000174797 0.234589
22.8531 7.68774e-13 -0.000174863 0.234589
22.8631 7.6944e-13 -0.000175063 0.234589
22.8731 7.69662e-13 -0.000175316 0.234589
22.8831 7.69773e-13 -0.000175385 0.234589
22.8931 7.70106e-13 -0.000175459 0.23459
22.9031 7.7055e-13 -0.000175562 0.234591
22.9131 7.70495e-13 -0.000175727 0.234591
22.9231 7.70772e-13 -0.000175974 0.234592
22.9331 7.71216e-13 -0.000176291 0.234593
22.9464 7.71272e-13 -0.000176762 0.234595
22.9622 7.71661e-13 -0.000177304 0.234598
22.9722 7.7216e-13 -0.000177841 0.234602
22.9822 7.72438e-13 -0.000178423 0.234608
22.9922 7.73215e-13 -0.000178983 0.234616
23.0022 7.73215e-13 -0.000179679 0.234629
23.0122 7.73437e-13 -0.00018025 0.23464
23.0222 7.73437e-13 -0.000180707 0.234645
23.0322 7.73492e-13 -0.000181161 0.234646
23.0422 7.73659e-13 -0.000181568 0.234647
23.0522 7.74159e-13 -0.000181969 0.234647
23.0622 7.74214e-13 -0.000182314 0.234646
23.078 7.74936e-13 -0.000180805 0.234642
23.088 7.74936e-13 -0.000179313 0.234637
23.098 7.74936e-13 -0.000179344 0.234637
23.108 7.75824e-13 -0.000179541 0.234638
23.118 7.75879e-13 -0.000179904 0.234638
23.128 7.76323e-13 -0.000180469 0.234637
23.138 7.76601e-13 -0.000180954 0.234636
23.148 7.76768e-13 -0.000181364 0.234637
23.158 7.77267e-13 -0.000181491 0.234636
23.168 7.776e-13 -0.000181499 0.234635
23.178 7.77878e-13 -0.000180286 0.234632
23.188 7.78211e-13 -0.000178936 0.234628
23.198 7.7871e-13 -0.000178932 0.234627
23.2138 7.79266e-13 -0.000179492 0.234628
23.2333 7.80709e-13 -0.000179257 0.234628
23.2433 7.80986e-13 -0.000178554 0.234628
23.2533 7.81319e-13 -0.000178333 0.234629
23.2633 7.81541e-13 -0.000178445 0.234631
23.2733 7.81597e-13 -0.000178794 0.234632
23.2833 7.81597e-13 -0.000179157 0.234633
23.2933 7.81819e-13 -0.000179564 0.234634
23.3033 7.82263e-13 -0.000179978 0.234635
23.3133 7.82596e-13 -0.000180384 0.234636
23.3233 7.82985e-13 -0.000180777 0.234637
23.3333 7.83262e-13 -0.000180878 0.234637
23.3433 7.83262e-13 -0.000181019 0.234638
23.3533 7.8354e-13 -0.000181423 0.234638
23.3633 7.8354e-13 -0.000181771 0.234639
23.3791 7.83817e-13 -0.000182264 0.23464
23.3891 7.84095e-13 -0.000182564 0.234642
23.3991 7.84706e-13 -0.000182889 0.234645
23.4091 7.85261e-13 -0.000183084 0.234645
23.4249 7.86426e-13 -0.000182884 0.234643
23.4349 7.86704e-13 -0.00018259 0.234641
23.4506 7.87315e-13 -0.000183071 0.234638
23.4606 7.87981e-13 -0.000183648 0.234636
23.4764 7.88536e-13 -0.000184335 0.234633
23.4864 7.88869e-13 -0.000184881 0.234632
23.4997 7.89424e-13 -0.00018639 0.234632
23.5142 7.90035e-13 -0.000187295 0.234632
23.5242 7.90812e-13 -0.000187274 0.234632
23.5342 7.91089e-13 -0.000187147 0.234632
23.5442 7.91756e-13 -0.00018673 0.234632
23.5542 7.91978e-13 -0.000186074 0.234631
23.5642 7.92255e-13 -0.000186119 0.234631
23.5742 7.9281e-13 -0.000185852 0.23463
23.5842 7.93088e-13 -0.000185465 0.23463
23.5942 7.9331e-13 -0.00018558 0.23463
23.6042 7.93643e-13 -0.000185668 0.234631
23.6142 7.93865e-13 -0.000185824 0.234632
23.6242 7.94365e-13 -0.00018629 0.234635
23.6342 7.94864e-13 -0.000186707 0.23464
23.6442 7.95697e-13 -0.000186514 0.234645
23.6542 7.95974e-13 -0.000186434 0.234651
23.6642 7.96196e-13 -0.00018695 0.234659
23.6742 7.96418e-13 -0.000187434 0.234666
23.6842 7.96918e-13 -0.000187853 0.234669
23.6942 7.9714e-13 -0.000188356 0.23467
23.7042 7.9764e-13 -0.000188875 0.23467
23.7142 7.9764e-13 -0.000189387 0.23467
23.7242 7.9764e-13 -0.000189549 0.23467
23.7342 7.97862e-13 -0.000189485 0.234669
23.7442 7.98084e-13 -0.000189695 0.234669
23.7542 7.98084e-13 -0.000189888 0.234669
23.7642 7.98639e-13 -0.000189655 0.234669
23.7742 7.99083e-13 -0.000189678 0.234668
23.7842 7.99583e-13 -0.000189795 0.234668
23.7942 7.99805e-13 -0.000189718 0.234667
23.8042 8.00027e-13 -0.000189929 0.234667
23.8142 7.99805e-13 -0.000190282 0.234667
23.8242 8.00471e-13 -0.000190191 0.234666
23.8342 8.00748e-13 -0.00018968 0.234665
23.8499 8.01692e-13 -0.000188971 0.234663
23.8657 8.02414e-13 -0.000188783 0.234662
23.8757 8.02969e-13 -0.000188463 0.234661
23.8915 8.0419e-13 -0.000188718 0.23466
23.9015 8.05189e-13 -0.000188288 0.23466
23.9115 8.05411e-13 -0.000187769 0.23466
23.9215 8.05744e-13 -0.000188006 0.234661
23.9315 8.05467e-13 -0.000188194 0.234662
23.9415 8.05689e-13 -0.000188507 0.234662
23.9515 8.06299e-13 -0.000188559 0.234662
23.9615 8.06577e-13 -0.000188262 0.234662
23.9715 8.06799e-13 -0.000188029 0.234662
23.9815 8.06966e-13 -0.000188129 0.234663
23.9915 8.07354e-13 -0.000188503 0.234664
24.0015 8.07854e-13 -0.000188929 0.234665
