5.126105e-05
4.973654e-05
4.794411e-05
4.533796e-05
4.291310e-05
4.015333e-05
3.738003e-05
3.911923e-05
4.146520e-05
3.581326e-05
3.010959e-05
3.343461e-05
3.238450e-05
2.311747e-05
1.899182e-05
1.348905e-05
5.258047e-06
7.382521e-06
8.844870e-06
4.505391e-06
1.303838e-05
1.952095e-05
7.874682e-06
-1.502441e-05
-2.659224e-05
-3.290570e-05
-3.315100e-05
-3.325782e-05
-3.673169e-05
-6.660848e-05
-9.033182e-05
-4.695219e-05
6.805941e-05
1.081664e-04
2.176026e-05
-2.350417e-05
4.249636e-05
9.770912e-05
3.574579e-05
-5.018611e-05
-6.633626e-05
-8.648725e-05
-1.216074e-04
-1.011193e-04
-7.262360e-05
-1.106662e-04
-2.233081e-04
-2.529345e-04
-7.864444e-05
8.958249e-05
1.637943e-05
-6.978660e-07
-5.336917e-06
-1.411284e-04
-2.235770e-04
-2.462448e-04
-1.835444e-04
4.699977e-06
-2.680452e-05
-2.035303e-04
-1.487745e-04
2.364122e-05
4.254207e-05
-7.514814e-05
-1.201522e-04
-2.055226e-05
3.666264e-05
-1.062747e-04
-2.469319e-04
-3.140807e-04
-3.368354e-04
-3.683403e-04
-8.059656e-05
3.907684e-04
2.557645e-04
-1.936585e-04
-2.594428e-04
6.582166e-07
7.342245e-06
-5.954020e-05
-1.056023e-04
-1.685402e-04
-2.872092e-04
-3.909383e-04
-4.276771e-04
-6.598631e-04
-8.778386e-04
-7.901742e-04
-5.863271e-04
-4.321948e-04
-3.919404e-04
-5.120495e-04
-4.415882e-04
-3.258943e-04
-1.747061e-04
-2.858293e-04
-4.427961e-04
-3.652477e-04
-4.327292e-04
-6.118934e-04
-8.075081e-04
-5.383932e-04
-2.368239e-05
-1.190503e-04
-3.465380e-04
-6.859484e-05
3.100939e-04
2.261819e-04
-2.783540e-04
-4.661498e-04
-1.744720e-04
2.777146e-04
3.294597e-04
-2.430758e-04
-7.100156e-04
-7.376402e-04
-9.118812e-04
-1.175014e-03
-1.225240e-03
-9.541590e-04
-5.466393e-04
-3.757002e-04
-9.372037e-05
3.859315e-04
3.244841e-04
2.678646e-04
5.441794e-04
3.462239e-04
-1.172132e-04
-3.509902e-04
-5.701793e-04
-8.522574e-04
-9.152290e-04
-8.047829e-04
-3.970873e-04
-3.494184e-04
-7.071426e-04
-4.861941e-04
-8.194216e-05
-1.177182e-04
-2.552739e-04
-3.447317e-04
-6.688282e-04
-1.066281e-03
-8.752486e-04
-4.919324e-04
-3.368713e-04
-2.640915e-04
-9.428533e-04
-1.647045e-03
-1.729207e-03
-1.162888e-03
-3.066547e-04
1.022401e-04
1.575348e-04
-2.158741e-04
-6.829862e-04
-7.510701e-04
-9.843110e-04
-1.037133e-03
-9.776046e-04
-8.252843e-04
-1.660632e-04
1.088107e-04
-1.985331e-04
-3.091711e-04
-1.852369e-04
-6.409312e-04
-1.563373e-03
-1.318801e-03
-5.347280e-04
-5.622048e-04
-2.943626e-04
-3.815583e-05
-4.455097e-04
-2.988333e-04
3.503603e-04
6.666507e-05
-1.105202e-03
-1.110857e-03
-4.310070e-04
-1.062385e-03
-1.873012e-03
-1.505173e-03
-4.437031e-04
1.325166e-04
3.337727e-04
2.059646e-04
2.941583e-07
2.868863e-04
-3.781275e-05
-7.772889e-04
-9.366541e-04
-9.421100e-04
-6.990928e-04
-8.507980e-04
-1.266137e-03
-8.591169e-04
6.207623e-05
4.274263e-04
-4.489220e-04
-1.256110e-03
-8.937011e-04
-5.083623e-04
-8.747330e-04
-1.575829e-03
-1.771896e-03
-1.100718e-03
-2.220293e-04
5.234229e-04
-2.730044e-04
-1.667809e-03
-1.721340e-03
-7.243641e-04
-3.266054e-04
-9.259811e-04
-1.126771e-03
2.352634e-04
1.382410e-03
7.541783e-04
-4.860415e-04
-1.601391e-03
-1.884114e-03
-1.460232e-03
-1.036237e-03
-1.213006e-03
-1.972550e-03
-1.506065e-03
-3.584745e-04
2.918273e-04
6.045182e-04
3.749117e-04
-1.038979e-04
-8.543860e-05
6.644832e-04
5.613150e-04
-1.372755e-03
-2.793248e-03
-2.537000e-03
-2.206468e-03
-2.673727e-03
-2.984309e-03
-1.635329e-03
5.345178e-05
4.894508e-04
-7.759986e-05
-4.573014e-04
-3.758058e-05
3.819233e-04
4.816900e-04
-2.823075e-04
-1.600969e-03
-2.369015e-03
-2.122945e-03
-1.850493e-03
-1.211813e-03
2.964203e-06
2.274127e-04
-6.186344e-04
-5.105280e-04
2.697590e-04
-1.577907e-04
-1.064177e-03
-1.490012e-03
-1.054593e-03
-7.741608e-04
-1.143808e-03
-1.110031e-03
-9.824967e-04
-7.078424e-04
-1.175180e-03
-2.511745e-03
-3.758025e-03
-4.750089e-03
-3.754510e-03
-1.102684e-03
2.098871e-03
4.815559e-03
4.962313e-03
2.426232e-03
-1.009362e-03
-1.848322e-03
3.105095e-05
1.416450e-03
5.034426e-04
-1.315538e-03
-1.795270e-03
-3.294356e-04
1.218264e-03
7.941203e-04
-1.310887e-03
-3.179785e-03
-2.928800e-03
-1.686226e-03
-1.226811e-03
-8.691168e-04
1.860942e-03
5.650898e-03
5.360145e-03
-8.609780e-05
-6.474726e-03
-8.216529e-03
-3.526524e-03
1.930399e-03
2.530052e-03
-1.481691e-03
-4.924631e-03
-4.771117e-03
-2.803569e-03
-2.157725e-03
-5.517927e-03
-8.407794e-03
-3.944996e-03
4.142807e-03
6.886149e-03
2.727165e-03
-1.776532e-03
-4.850100e-04
4.065848e-03
4.601613e-03
-1.478530e-03
-9.142539e-03
-1.102634e-02
-5.429608e-03
2.376565e-03
4.549733e-03
-2.042291e-04
-4.889386e-03
-5.398952e-03
-4.434775e-03
-5.212855e-03
-6.598943e-03
-4.808689e-03
-7.371847e-04
2.178424e-03
1.568080e-03
-2.673660e-03
-7.076871e-03
-6.723052e-03
-9.224704e-04
2.698998e-03
-1.054026e-03
-6.773016e-03
-8.610341e-03
-4.887863e-03
1.311357e-03
3.995348e-03
4.625661e-04
-6.030047e-03
-9.301152e-03
-6.525356e-03
1.194801e-04
4.090398e-03
2.208997e-03
-1.920706e-03
-4.348486e-03
-4.265946e-03
-3.754312e-03
-3.758668e-03
-4.661446e-03
-4.479776e-03
-9.683943e-04
5.328128e-03
8.808255e-03
6.090954e-03
-3.502032e-04
-6.966566e-03
-1.229121e-02
-1.659831e-02
-1.751131e-02
-1.315881e-02
-3.720250e-03
5.319970e-03
6.982992e-03
8.656065e-04
-6.454889e-03
-6.880487e-03
1.364204e-03
1.035300e-02
1.109380e-02
3.575976e-03
-5.817957e-03
-1.066135e-02
-9.548166e-03
-5.679936e-03
-3.238608e-03
-2.852958e-03
-9.429831e-04
2.489809e-03
3.597374e-03
1.735716e-04
-6.176946e-03
-1.154047e-02
-1.415083e-02
-1.337900e-02
-1.028902e-02
-6.579435e-03
-2.625209e-03
3.357686e-03
1.354728e-02
2.425007e-02
2.660654e-02
1.741877e-02
2.544242e-03
-8.109390e-03
-8.339806e-03
-3.160209e-03
-2.111991e-03
-8.637634e-03
-1.470157e-02
-1.088460e-02
2.984627e-04
8.056055e-03
4.927561e-03
-4.106317e-03
-4.439198e-03
9.503735e-03
2.684891e-02
3.087781e-02
1.574633e-02
-6.717313e-03
-1.840322e-02
-1.230349e-02
6.868415e-04
5.410999e-03
-5.001024e-03
-2.210102e-02
-2.760561e-02
-1.411624e-02
5.147622e-03
1.347884e-02
5.599043e-03
-7.540634e-03
-1.082391e-02
3.287212e-04
1.803694e-02
2.990371e-02
3.099878e-02
2.589290e-02
2.284663e-02
2.587967e-02
3.127783e-02
3.244208e-02
2.729000e-02
2.061255e-02
1.756259e-02
1.733411e-02
1.246166e-02
-2.950576e-03
-2.680142e-02
-5.251977e-02
-7.356495e-02
-8.295478e-02
-7.382941e-02
-4.497770e-02
-3.811595e-03
3.853647e-02
7.300414e-02
9.623761e-02
1.098436e-01
1.135569e-01
1.035196e-01
7.972671e-02
5.245080e-02
3.351489e-02
2.160440e-02
3.606986e-03
-2.787740e-02
-6.524901e-02
-9.338909e-02
-1.041302e-01
-1.039554e-01
-1.066409e-01
-1.165918e-01
-1.214603e-01
-1.064192e-01
-7.140333e-02
-3.230497e-02
-5.551991e-03
1.374723e-03
-6.992666e-03
-1.605217e-02
-7.206876e-03
2.833260e-02
7.828694e-02
1.167603e-01
1.271664e-01
1.131111e-01
9.612181e-02
1.013461e-01
1.324363e-01
1.646298e-01
1.684002e-01
1.361752e-01
9.190360e-02
6.983744e-02
7.988613e-02
9.675896e-02
8.666466e-02
4.097469e-02
-1.728590e-02
-5.533662e-02
-5.690889e-02
-3.512415e-02
-1.602728e-02
-1.394987e-02
-1.882720e-02
-9.611536e-03
1.935777e-02
5.323795e-02
7.307546e-02
7.200417e-02
6.073453e-02
5.556545e-02
6.241851e-02
7.199391e-02
6.759797e-02
3.696685e-02
-1.959536e-02
-8.548404e-02
-1.349735e-01
-1.469651e-01
-1.210357e-01
-8.276285e-02
-6.257628e-02
-6.950151e-02
-8.846167e-02
-9.912851e-02
-9.779602e-02
-9.621860e-02
-1.038302e-01
-1.103934e-01
-9.221487e-02
-3.957802e-02
3.271633e-02
9.863961e-02
1.381627e-01
1.483403e-01
1.414247e-01
1.301602e-01
1.215603e-01
1.166858e-01
1.109500e-01
1.007113e-01
9.175295e-02
9.498904e-02
1.084710e-01
1.151445e-01
9.982232e-02
6.096098e-02
1.043573e-02
-3.405594e-02
-6.334163e-02
-8.150081e-02
-9.243084e-02
-9.210709e-02
-7.364758e-02
-3.849088e-02
-4.801387e-03
2.202486e-03
-2.717071e-02
-7.821658e-02
-1.269637e-01
-1.582568e-01
-1.712467e-01
-1.723147e-01
-1.639000e-01
-1.423638e-01
-1.065839e-01
-6.002140e-02
-1.022022e-02
3.151583e-02
5.968440e-02
7.935326e-02
9.859767e-02
1.211351e-01
1.403116e-01
1.434020e-01
1.209939e-01
6.989174e-02
-4.203738e-03
-7.788063e-02
-1.228253e-01
-1.312563e-01
-1.173975e-01
-1.000195e-01
-9.075098e-02
-9.088432e-02
-9.474404e-02
-9.922986e-02
-1.058305e-01
-1.134524e-01
-1.170839e-01
-1.134949e-01
-1.043432e-01
-9.701628e-02
-1.012030e-01
-1.169879e-01
-1.348514e-01
-1.461273e-01
-1.510174e-01
-1.548577e-01
-1.589963e-01
-1.571071e-01
-1.381467e-01
-9.638126e-02
-3.728443e-02
2.574728e-02
7.856969e-02
1.132810e-01
1.312695e-01
1.356578e-01
1.257606e-01
1.001741e-01
6.358220e-02
2.916479e-02
1.337385e-02
2.500398e-02
5.839167e-02
9.564294e-02
1.217348e-01
1.350998e-01
1.442350e-01
1.550119e-01
1.662916e-01
1.748456e-01
1.781692e-01
1.733099e-01
1.586165e-01
1.350493e-01
1.032816e-01
6.490710e-02
2.656792e-02
-4.988274e-03
-2.699448e-02
-3.958306e-02
-4.306619e-02
-3.677625e-02
-2.201379e-02
-2.818371e-03
1.543843e-02
2.679217e-02
2.800345e-02
2.116460e-02
1.235060e-02
6.083111e-03
7.795212e-03
2.250685e-02
4.477574e-02
5.846942e-02
4.980161e-02
1.717279e-02
-2.903512e-02
-7.264261e-02
-9.864077e-02
-1.068488e-01
-1.122140e-01
-1.266464e-01
-1.444252e-01
-1.444775e-01
-1.114569e-01
-5.039817e-02
1.629776e-02
6.646321e-02
9.720271e-02
1.188772e-01
1.390147e-01
1.542012e-01
1.554973e-01
1.386113e-01
1.074197e-01
7.203711e-02
3.922593e-02
5.872604e-03
-3.485975e-02
-8.602076e-02
-1.382743e-01
-1.741096e-01
-1.841419e-01
-1.751716e-01
-1.643948e-01
-1.662259e-01
-1.751647e-01
-1.663441e-01
-1.187860e-01
-3.607776e-02
5.681624e-02
1.329180e-01
1.781343e-01
1.933333e-01
1.886222e-01
1.771841e-01
1.674763e-01
1.553138e-01
1.296655e-01
8.801389e-02
4.129533e-02
2.195209e-03
-2.117334e-02
-2.514999e-02
-1.546685e-02
-4.357350e-03
4.323242e-03
1.970413e-02
5.421985e-02
1.067278e-01
1.642524e-01
2.160138e-01
2.566445e-01
2.846331e-01
2.988127e-01
2.975947e-01
2.828946e-01
2.595271e-01
2.311502e-01
1.906305e-01
1.258421e-01
4.039705e-02
-5.105207e-02
-1.467325e-01
-2.562601e-01
-3.655502e-01
-4.440519e-01
-4.797563e-01
-4.832252e-01
-4.700678e-01
-4.524242e-01
-4.374049e-01
-4.207447e-01
-3.837719e-01
-3.143660e-01
-2.254610e-01
-1.400615e-01
-6.643386e-02
-3.975125e-04
6.058987e-02
1.188072e-01
1.737803e-01
2.180236e-01
2.405111e-01
2.382443e-01
2.242756e-01
2.120549e-01
2.044768e-01
2.030416e-01
2.044117e-01
1.983663e-01
1.788279e-01
1.494171e-01
1.183061e-01
9.019424e-02
7.007365e-02
6.286393e-02
6.932189e-02
8.551677e-02
1.068185e-01
1.297953e-01
1.527931e-01
1.733447e-01
1.861107e-01
1.856554e-01
1.680390e-01
1.323311e-01
8.062321e-02
1.894864e-02
-4.698068e-02
-1.134564e-01
-1.761770e-01
-2.296447e-01
-2.703613e-01
-2.987126e-01
-3.199300e-01
-3.398302e-01
-3.551912e-01
-3.594441e-01
-3.524467e-01
-3.419546e-01
-3.318578e-01
-3.127795e-01
-2.734657e-01
-2.164965e-01
-1.535171e-01
-9.360582e-02
-4.607689e-02
-1.866209e-02
-4.182283e-03
1.240898e-02
4.033063e-02
7.888100e-02
1.230751e-01
1.647899e-01
2.000337e-01
2.300116e-01
2.551540e-01
2.726915e-01
2.795315e-01
2.767895e-01
2.717525e-01
2.737527e-01
2.854879e-01
2.970801e-01
2.887036e-01
2.455337e-01
1.745979e-01
9.395904e-02
1.190572e-02
-7.184212e-02
-1.573939e-01
-2.391205e-01
-3.050471e-01
-3.460126e-01
-3.630644e-01
-3.655246e-01
-3.644196e-01
-3.652378e-01
-3.648357e-01
-3.508068e-01
-3.097994e-01
-2.430350e-01
-1.759615e-01
-1.359004e-01
-1.213020e-01
-1.155405e-01
-1.119701e-01
-1.048290e-01
-8.708357e-02
-6.010224e-02
-2.801920e-02
9.299717e-03
5.257754e-02
9.859485e-02
1.415698e-01
1.763344e-01
2.018956e-01
2.224967e-01
2.432793e-01
2.676769e-01
2.954864e-01
3.209060e-01
3.389195e-01
3.500971e-01
3.558615e-01
3.569132e-01
3.450196e-01
3.057739e-01
2.425292e-01
1.774016e-01
1.226386e-01
7.369888e-02
2.664214e-02
-1.945627e-02
-6.632047e-02
-1.068014e-01
-1.329855e-01
-1.501134e-01
-1.664382e-01
-1.872529e-01
-2.103362e-01
-2.331087e-01
-2.508436e-01
-2.562073e-01
-2.510614e-01
-2.398676e-01
-2.290455e-01
-2.220250e-01
-2.171215e-01
-2.124455e-01
-2.095376e-01
-2.064424e-01
-2.033355e-01
-2.078609e-01
-2.268342e-01
-2.570396e-01
-2.894278e-01
-3.186920e-01
-3.406369e-01
-3.439506e-01
-3.194218e-01
-2.712921e-01
-2.103071e-01
-1.427882e-01
-7.028209e-02
7.282041e-03
8.926968e-02
1.709025e-01
2.446193e-01
3.061404e-01
3.555418e-01
3.959838e-01
4.300385e-01
4.572805e-01
4.742365e-01
4.789180e-01
4.722883e-01
4.556213e-01
4.336565e-01
4.130710e-01
3.897259e-01
3.489047e-01
2.803362e-01
1.903082e-01
9.526157e-02
1.296718e-02
-4.675231e-02
-8.796783e-02
-1.207270e-01
-1.570416e-01
-2.005043e-01
-2.398543e-01
-2.618072e-01
-2.625370e-01
-2.452922e-01
-2.133988e-01
-1.641001e-01
-9.673837e-02
-2.809620e-02
1.349830e-02
1.756164e-02
2.377093e-03
-1.008623e-02
-1.609021e-02
-2.091523e-02
-2.780033e-02
-4.029204e-02
-6.335675e-02
-9.624851e-02
-1.305476e-01
-1.547403e-01
-1.598948e-01
-1.424412e-01
-1.060046e-01
-5.840544e-02
-6.008693e-03
4.748415e-02
9.500840e-02
1.300021e-01
1.558616e-01
1.801806e-01
2.044861e-01
2.252425e-01
2.423254e-01
2.568413e-01
2.681780e-01
2.720328e-01
2.633691e-01
2.386167e-01
1.954978e-01
1.362129e-01
7.103144e-02
1.366485e-02
-2.954888e-02
-6.007505e-02
-7.825674e-02
-8.561812e-02
-8.703420e-02
-8.877497e-02
-9.166814e-02
-8.738647e-02
-6.724618e-02
-3.531541e-02
-4.067137e-03
1.747273e-02
2.769507e-02
3.206942e-02
3.482780e-02
2.919453e-02
9.503207e-03
-1.576231e-02
-3.629332e-02
-4.776431e-02
-5.120944e-02
-5.138835e-02
-5.324659e-02
-5.854296e-02
-6.562687e-02
-7.310000e-02
-8.052216e-02
-8.358555e-02
-7.417866e-02
-4.931197e-02
-1.703358e-02
9.998000e-03
2.620484e-02
3.586657e-02
4.209021e-02
4.663913e-02
5.463084e-02
6.813003e-02
8.488788e-02
1.019500e-01
1.154216e-01
1.257484e-01
1.379757e-01
1.538821e-01
1.689458e-01
1.772571e-01
1.758801e-01
1.678815e-01
1.618420e-01
1.625705e-01
1.692483e-01
1.780105e-01
1.816443e-01
1.734456e-01
1.504598e-01
1.150586e-01
7.217533e-02
2.758384e-02
-1.287727e-02
-4.140883e-02
-5.626498e-02
-6.629671e-02
-8.326507e-02
-1.109005e-01
-1.468605e-01
-1.869169e-01
-2.264640e-01
-2.595436e-01
-2.782304e-01
-2.775207e-01
-2.612064e-01
-2.374939e-01
-2.092461e-01
-1.766404e-01
-1.419328e-01
-1.089042e-01
-8.319221e-02
-6.779921e-02
-6.733100e-02
-8.205898e-02
-1.024580e-01
-1.161463e-01
-1.169813e-01
-1.085333e-01
-1.015979e-01
-1.061687e-01
-1.235280e-01
-1.458625e-01
-1.640216e-01
-1.738899e-01
-1.757888e-01
-1.717351e-01
-1.637324e-01
-1.546658e-01
-1.460571e-01
-1.365497e-01
-1.217815e-01
-1.000912e-01
-7.202982e-02
-4.209359e-02
-1.641919e-02
2.995544e-03
1.787344e-02
2.873608e-02
3.456296e-02
3.604592e-02
3.491970e-02
3.302584e-02
2.949506e-02
2.189193e-02
1.108934e-02
-4.155354e-04
-1.243523e-02
-2.128875e-02
-1.848764e-02
-2.062593e-03
2.229793e-02
4.771667e-02
7.106937e-02
9.401875e-02
1.199585e-01
1.480973e-01
1.718491e-01
1.841890e-01
1.853363e-01
1.787165e-01
1.675990e-01
1.563090e-01
1.451059e-01
1.313483e-01
1.150422e-01
1.004769e-01
9.128570e-02
8.751858e-02
8.646813e-02
8.624873e-02
8.608387e-02
8.301998e-02
7.106292e-02
4.769720e-02
1.628335e-02
-1.769154e-02
-4.868297e-02
-7.654819e-02
-1.063290e-01
-1.370882e-01
-1.621092e-01
-1.795454e-01
-1.928592e-01
-2.064979e-01
-2.220123e-01
-2.370378e-01
-2.479774e-01
-2.485400e-01
-2.296143e-01
-1.886794e-01
-1.371452e-01
-9.006043e-02
-5.473460e-02
-3.050153e-02
-1.522692e-02
-5.948855e-03
5.297865e-03
2.635980e-02
5.728576e-02
9.376193e-02
1.298624e-01
1.593031e-01
1.808222e-01
1.944547e-01
1.959398e-01
1.798331e-01
1.467329e-01
1.058519e-01
7.257053e-02
5.428096e-02
4.790287e-02
4.962285e-02
5.864761e-02
7.306821e-02
8.929594e-02
1.030017e-01
1.070518e-01
9.690317e-02
7.884768e-02
6.221824e-02
4.712856e-02
2.948292e-02
7.077538e-03
-1.983499e-02
-5.034314e-02
-7.991043e-02
-1.017799e-01
-1.134276e-01
-1.181163e-01
-1.212842e-01
-1.276157e-01
-1.399007e-01
-1.557492e-01
-1.713215e-01
-1.824834e-01
-1.806931e-01
-1.583241e-01
-1.186013e-01
-7.279801e-02
-2.884726e-02
1.011309e-02
3.974585e-02
5.731426e-02
6.324538e-02
5.782368e-02
4.293342e-02
2.451424e-02
1.100337e-02
7.090707e-03
1.090252e-02
1.824111e-02
2.735681e-02
3.893990e-02
5.427823e-02
7.225487e-02
9.050914e-02
1.072427e-01
1.196585e-01
1.284329e-01
1.388722e-01
1.534797e-01
1.682797e-01
1.786631e-01
1.801803e-01
1.663642e-01
1.363756e-01
1.016368e-01
7.495114e-02
5.921831e-02
5.030347e-02
4.483008e-02
4.376558e-02
4.864400e-02
6.049636e-02
7.671013e-02
9.154536e-02
1.012180e-01
1.041399e-01
9.937091e-02
8.639360e-02
7.115025e-02
6.197449e-02
5.821238e-02
5.357230e-02
4.246986e-02
2.175377e-02
-6.394152e-03
-3.504771e-02
-5.871899e-02
-7.776893e-02
-9.230890e-02
-9.867951e-02
-9.261289e-02
-7.569420e-02
-5.730153e-02
-4.528412e-02
-3.909332e-02
-3.585353e-02
-3.357091e-02
-3.028735e-02
-2.574094e-02
-2.145516e-02
-1.650917e-02
-7.274597e-03
5.926779e-03
1.934328e-02
2.934658e-02
3.558182e-02
4.022443e-02
4.423977e-02
4.479888e-02
3.936822e-02
2.747928e-02
1.220736e-02
-1.571573e-03
-1.113169e-02
-1.638160e-02
-1.843378e-02
-1.888483e-02
-1.971621e-02
-2.396089e-02
-3.324176e-02
-4.654966e-02
-6.097679e-02
-7.269653e-02
-7.897755e-02
-7.789734e-02
-7.260960e-02
-6.755569e-02
-6.506347e-02
-6.625317e-02
-7.051699e-02
-7.416237e-02
-7.164287e-02
-6.254867e-02
-5.133242e-02
-4.191360e-02
-3.952034e-02
-4.683659e-02
-5.799688e-02
-6.618193e-02
-6.907596e-02
-6.707335e-02
-5.994663e-02
-4.817803e-02
-3.287634e-02
-1.514298e-02
5.423059e-03
2.959321e-02
5.612005e-02
8.271662e-02
1.084458e-01
1.318333e-01
1.522130e-01
1.656816e-01
1.669486e-01
1.552888e-01
1.322552e-01
1.006226e-01
6.400313e-02
2.746365e-02
-4.958336e-03
-2.982491e-02
-4.385646e-02
-4.740692e-02
-4.643769e-02
-4.608369e-02
-4.300489e-02
-3.240251e-02
-1.905211e-02
-9.632045e-03
-3.844566e-03
-1.960028e-03
-7.142184e-03
-1.956334e-02
-3.534152e-02
-4.996424e-02
-6.374723e-02
-7.837231e-02
-8.811794e-02
-8.516413e-02
-7.072305e-02
-5.455372e-02
-4.837813e-02
-5.631567e-02
-7.046278e-02
-8.178833e-02
-8.712171e-02
-8.750603e-02
-8.563407e-02
-8.194058e-02
-7.669069e-02
-7.222562e-02
-7.007783e-02
-6.873701e-02
-6.523736e-02
-5.611556e-02
-4.106657e-02
-2.452751e-02
-1.038272e-02
1.936793e-03
1.511046e-02
3.107357e-02
4.815385e-02
6.282536e-02
7.273670e-02
7.552914e-02
7.000845e-02
5.824282e-02
4.324267e-02
2.995151e-02
2.264143e-02
2.000124e-02
1.833158e-02
1.508114e-02
1.016711e-02
7.547133e-03
9.690743e-03
1.387002e-02
1.819369e-02
2.226930e-02
2.489586e-02
2.628719e-02
2.819442e-02
3.066059e-02
3.625611e-02
4.931096e-02
6.780075e-02
8.456305e-02
9.567801e-02
1.022277e-01
1.079053e-01
1.162810e-01
1.268656e-01
1.359668e-01
1.402705e-01
1.383613e-01
1.279236e-01
1.091661e-01
8.531575e-02
6.048634e-02
3.917384e-02
2.381121e-02
1.464734e-02
1.125343e-02
1.032519e-02
6.126985e-03
-2.944611e-03
-1.420990e-02
-2.650687e-02
-4.044466e-02
-5.678097e-02
-7.610536e-02
-9.620383e-02
-1.128128e-01
-1.245159e-01
-1.318461e-01
-1.354604e-01
-1.363885e-01
-1.353349e-01
-1.293477e-01
-1.154915e-01
-9.459040e-02
-7.129843e-02
-5.185220e-02
-3.851072e-02
-2.943908e-02
-2.423184e-02
-2.257138e-02
-2.120590e-02
-1.896670e-02
-2.020927e-02
-2.795703e-02
-4.036570e-02
-5.342211e-02
-6.247708e-02
-6.546166e-02
-6.319312e-02
-5.733956e-02
-4.974906e-02
-4.112958e-02
-2.969728e-02
-1.623826e-02
-2.745171e-03
1.082689e-02
2.422133e-02
3.687056e-02
4.997793e-02
6.286264e-02
7.245068e-02
7.833968e-02
8.083058e-02
7.940728e-02
7.349592e-02
6.502580e-02
5.710402e-02
5.101929e-02
4.357607e-02
3.355970e-02
2.623991e-02
2.559155e-02
3.094530e-02
4.047020e-02
5.224123e-02
6.336652e-02
7.396606e-02
8.412065e-02
9.137768e-02
9.458097e-02
9.241643e-02
8.288544e-02
6.832880e-02
5.227591e-02
3.816266e-02
2.865639e-02
2.422584e-02
2.425484e-02
2.891607e-02
3.571347e-02
3.967351e-02
3.888829e-02
3.430707e-02
2.672226e-02
1.651659e-02
5.966069e-03
-1.276010e-03
-2.283509e-03
2.257444e-03
1.047734e-02
1.924051e-02
2.561483e-02
2.927452e-02
3.169837e-02
3.353664e-02
3.126469e-02
2.336176e-02
1.403377e-02
6.797071e-03
1.643791e-03
-3.450300e-03
-1.132625e-02
-2.213129e-02
-3.282888e-02
-4.034999e-02
-4.382463e-02
-4.485470e-02
-4.451398e-02
-4.295318e-02
-4.034898e-02
-3.878977e-02
-3.891317e-02
-3.872876e-02
-3.932174e-02
-4.233741e-02
-4.558100e-02
-4.656615e-02
-4.468720e-02
-4.177477e-02
-3.905124e-02
-3.423482e-02
-2.616659e-02
-1.559524e-02
-2.831407e-03
1.275806e-02
2.759026e-02
3.735228e-02
4.138125e-02
3.992360e-02
3.222025e-02
1.990619e-02
6.618402e-03
-4.131990e-03
-1.143272e-02
-1.613465e-02
-1.970254e-02
-2.440990e-02
-3.047037e-02
-3.536505e-02
-3.739597e-02
-3.703663e-02
-3.613557e-02
-3.701255e-02
-4.183192e-02
-4.982089e-02
-5.701095e-02
-5.874485e-02
-5.162915e-02
-3.618932e-02
-1.733356e-02
-5.011260e-04
1.376862e-02
2.813526e-02
4.274945e-02
5.428235e-02
5.821409e-02
5.118470e-02
3.463500e-02
1.534266e-02
-3.937594e-04
-1.136788e-02
-1.870181e-02
-2.334664e-02
-2.885050e-02
-3.825495e-02
-4.827207e-02
-5.193350e-02
-4.741086e-02
-4.067867e-02
-3.632034e-02
-3.609040e-02
-3.831273e-02
-3.811643e-02
-3.339976e-02
-2.750460e-02
-2.598644e-02
-3.111956e-02
-4.132966e-02
-5.182803e-02
-5.768741e-02
-5.869084e-02
-5.762180e-02
-5.659288e-02
-5.752792e-02
-5.865391e-02
-5.736237e-02
-5.396880e-02
-5.116957e-02
-5.212198e-02
-5.713546e-02
-6.119808e-02
-6.246437e-02
-6.478465e-02
-6.919622e-02
-7.314319e-02
-7.742922e-02
-8.417132e-02
-9.265535e-02
-1.018495e-01
-1.109429e-01
-1.154284e-01
-1.089868e-01
-8.761077e-02
-5.370999e-02
-1.472721e-02
2.223880e-02
5.253763e-02
7.473311e-02
8.997286e-02
1.010331e-01
1.072958e-01
1.067097e-01
1.000992e-01
8.984286e-02
7.894651e-02
6.883201e-02
5.704189e-02
4.132727e-02
2.300307e-02
4.784590e-03
-1.268665e-02
-3.013910e-02
-4.359019e-02
-4.811513e-02
-4.273636e-02
-3.080322e-02
-1.747032e-02
-4.995523e-03
7.738909e-03
1.959075e-02
2.731704e-02
2.891035e-02
2.400822e-02
1.606812e-02
9.158175e-03
4.010163e-03
4.790802e-04
3.343602e-04
4.463033e-03
1.176595e-02
1.919406e-02
2.414428e-02
3.031271e-02
4.359297e-02
6.458786e-02
8.892653e-02
1.114770e-01
1.275920e-01
1.336112e-01
1.264866e-01
1.091496e-01
8.960743e-02
7.347655e-02
6.075775e-02
4.993802e-02
4.048673e-02
3.235650e-02
2.750056e-02
2.819424e-02
3.541337e-02
4.705847e-02
5.749692e-02
6.156265e-02
5.637956e-02
4.272059e-02
2.798493e-02
1.992624e-02
2.012543e-02
2.636885e-02
3.493757e-02
4.109578e-02
4.394041e-02
4.729197e-02
5.278260e-02
6.074115e-02
6.997685e-02
7.697912e-02
7.729305e-02
6.686006e-02
4.683059e-02
2.305307e-02
7.947722e-05
-1.980862e-02
-3.714676e-02
-5.179132e-02
-6.135376e-02
-6.263610e-02
-5.391236e-02
-3.831945e-02
-2.107920e-02
-6.857169e-03
1.068444e-03
4.057118e-03
5.176738e-03
6.836311e-03
1.047716e-02
1.367735e-02
1.282208e-02
5.965599e-03
-3.698313e-03
-1.115172e-02
-1.529611e-02
-1.686008e-02
-1.807160e-02
-2.094959e-02
-2.579464e-02
-3.323072e-02
-4.213874e-02
-4.962724e-02
-5.220864e-02
-4.685684e-02
-3.284181e-02
-1.493536e-02
4.744776e-04
1.051393e-02
1.529944e-02
1.636400e-02
1.526697e-02
1.276120e-02
7.363914e-03
-1.917148e-03
-1.524801e-02
-3.207617e-02
-5.001168e-02
-6.575096e-02
-7.584727e-02
-7.661649e-02
-6.837263e-02
-5.613406e-02
-4.567525e-02
-4.068023e-02
-4.004290e-02
-4.169979e-02
-4.727752e-02
-5.867564e-02
-7.282530e-02
-8.423325e-02
-8.954724e-02
-8.919985e-02
-8.428702e-02
-7.512241e-02
-6.226167e-02
-4.594216e-02
-2.751130e-02
-9.966860e-03
5.414107e-03
1.777720e-02
2.575018e-02
2.835714e-02
2.746686e-02
2.674921e-02
2.924551e-02
3.458373e-02
3.931681e-02
4.066332e-02
3.948853e-02
3.841346e-02
3.974908e-02
4.317829e-02
4.664830e-02
4.703120e-02
4.052207e-02
2.683500e-02
9.460769e-03
-5.924248e-03
-1.537139e-02
-1.876179e-02
-1.820517e-02
-1.662469e-02
-1.616880e-02
-1.731035e-02
-1.700162e-02
-1.369474e-02
-9.980932e-03
-7.522569e-03
-5.153494e-03
-3.163719e-03
-3.811444e-03
-9.009968e-03
-1.759648e-02
-2.638470e-02
-3.287903e-02
-3.706796e-02
-4.054676e-02
-4.390852e-02
-4.641937e-02
-4.553547e-02
-4.263497e-02
-4.069884e-02
-4.110598e-02
-4.409170e-02
-4.958946e-02
-5.557634e-02
-5.974117e-02
-6.066004e-02
-5.653451e-02
-4.695068e-02
-3.385524e-02
-2.102461e-02
-1.072833e-02
-2.876159e-03
3.459561e-03
8.482369e-03
1.269413e-02
1.707413e-02
2.133017e-02
2.578377e-02
3.235402e-02
3.982911e-02
4.682545e-02
5.237052e-02
5.598515e-02
5.898700e-02
6.172560e-02
6.389551e-02
6.724418e-02
7.106750e-02
7.327746e-02
7.259775e-02
6.921988e-02
6.372498e-02
5.663734e-02
4.850255e-02
4.013378e-02
3.317151e-02
2.874760e-02
2.733625e-02
3.021134e-02
3.482291e-02
3.568019e-02
3.108444e-02
2.312897e-02
1.462259e-02
5.475156e-03
-4.195302e-03
-1.128543e-02
-1.372696e-02
-1.145926e-02
-6.393191e-03
6.267290e-04
8.910482e-03
1.757383e-02
2.696907e-02
3.664202e-02
4.459960e-02
4.966559e-02
5.257073e-02
5.267118e-02
4.809738e-02
4.085311e-02
3.479710e-02
3.098174e-02
2.793448e-02
2.269702e-02
1.366917e-02
2.858955e-03
-7.490430e-03
-1.565068e-02
-2.197925e-02
-2.714603e-02
-3.045295e-02
-3.074710e-02
-2.645622e-02
-1.715473e-02
-5.003399e-03
8.077805e-03
1.924808e-02
2.504302e-02
2.449633e-02
1.704850e-02
2.756078e-03
-1.481643e-02
-3.226128e-02
-4.780318e-02
-5.801705e-02
-6.297427e-02
-6.574077e-02
-6.721949e-02
-6.913368e-02
-7.064139e-02
-6.653279e-02
-5.554252e-02
-4.056868e-02
-2.631950e-02
-1.613566e-02
-8.099355e-03
-2.619805e-04
7.108099e-03
1.238803e-02
1.553011e-02
1.634717e-02
1.441429e-02
1.093926e-02
8.260705e-03
8.630598e-03
1.042924e-02
1.059740e-02
9.144867e-03
6.180043e-03
2.092440e-03
-5.796123e-04
6.364472e-04
5.660041e-03
1.211182e-02
1.960570e-02
2.828991e-02
3.718371e-02
4.627788e-02
5.464469e-02
5.835137e-02
5.420381e-02
4.211952e-02
2.449085e-02
4.585049e-03
-1.312011e-02
-2.725973e-02
-3.736088e-02
-4.146945e-02
-4.033256e-02
-3.587502e-02
-2.971765e-02
-2.402384e-02
-2.085186e-02
-2.031642e-02
-2.211840e-02
-2.447135e-02
-2.386614e-02
-1.917100e-02
-1.344538e-02
-9.723239e-03
-8.504998e-03
-9.031132e-03
-9.953829e-03
-1.043644e-02
-9.451667e-03
-6.932148e-03
-4.643809e-03
-2.452290e-03
2.071283e-03
8.114084e-03
1.247058e-02
1.521238e-02
1.669690e-02
1.550556e-02
1.195718e-02
9.170522e-03
9.510285e-03
1.304419e-02
1.705205e-02
1.864770e-02
1.726763e-02
1.460260e-02
1.165780e-02
7.829730e-03
1.502159e-03
-7.941111e-03
-1.655274e-02
-2.048179e-02
-2.067762e-02
-1.954900e-02
-1.766264e-02
-1.454068e-02
-9.128537e-03
-1.785293e-03
4.840333e-03
8.623215e-03
1.039887e-02
1.294032e-02
1.710956e-02
2.144118e-02
2.312153e-02
2.068576e-02
1.541143e-02
7.505052e-03
-3.121412e-03
-1.545707e-02
-2.869186e-02
-3.968764e-02
-4.562425e-02
-4.754113e-02
-4.798265e-02
-4.634611e-02
-4.005321e-02
-2.944527e-02
-1.568226e-02
-1.233794e-03
1.195878e-02
2.376643e-02
3.282889e-02
3.855493e-02
4.054831e-02
3.772878e-02
3.038806e-02
2.084970e-02
1.103683e-02
1.920767e-03
-5.739037e-03
-1.046277e-02
-1.177137e-02
-1.069462e-02
-1.059318e-02
-1.247322e-02
-1.339557e-02
-1.093301e-02
-4.525388e-03
5.145416e-03
1.487267e-02
2.019106e-02
1.838215e-02
1.169463e-02
4.206426e-03
-1.363043e-03
-5.266557e-03
-9.803772e-03
-1.572563e-02
-2.169454e-02
-2.644487e-02
-2.900810e-02
-3.024982e-02
-3.112037e-02
-3.161987e-02
-3.161876e-02
-3.010671e-02
-2.547519e-02
-1.735025e-02
-7.665164e-03
1.359584e-03
8.380843e-03
1.251415e-02
1.484791e-02
1.702418e-02
2.075448e-02
2.675875e-02
3.204336e-02
3.332121e-02
3.008242e-02
2.305717e-02
1.473691e-02
9.394171e-03
7.517132e-03
6.381881e-03
5.959350e-03
6.361135e-03
6.348505e-03
5.342344e-03
2.311558e-03
-3.215127e-03
-7.751459e-03
-9.480297e-03
-9.370503e-03
-8.196640e-03
-6.775522e-03
-4.734931e-03
-1.226985e-03
2.518991e-03
4.580772e-03
4.675351e-03
2.717729e-03
-3.097069e-04
-3.810434e-03
-7.190747e-03
-9.500996e-03
-1.058077e-02
-1.075952e-02
-8.303122e-03
-2.116174e-03
4.568812e-03
9.634125e-03
1.329908e-02
1.588994e-02
1.593477e-02
1.176088e-02
3.424974e-03
-6.116965e-03
-1.324324e-02
-1.674453e-02
-1.773766e-02
-1.839468e-02
-1.962999e-02
-2.194464e-02
-2.571737e-02
-2.966712e-02
-3.247780e-02
-3.445339e-02
-3.635170e-02
-3.799713e-02
-3.678904e-02
-3.130477e-02
-2.405278e-02
-1.685296e-02
-9.195053e-03
-2.058923e-03
2.077095e-03
3.448401e-03
3.188466e-03
2.034092e-03
3.814646e-05
-3.450341e-03
-6.932760e-03
-7.842317e-03
-4.470358e-03
2.740550e-03
1.083248e-02
1.854567e-02
2.503928e-02
2.991405e-02
3.407838e-02
3.631618e-02
3.377333e-02
2.711689e-02
1.751172e-02
7.372815e-03
-1.690365e-04
-4.689130e-03
-7.532543e-03
-8.553323e-03
-8.601492e-03
-1.025305e-02
-1.357035e-02
-1.683057e-02
-1.965387e-02
-2.214499e-02
-2.391325e-02
-2.394306e-02
-2.386054e-02
-2.634619e-02
-2.954540e-02
-3.103300e-02
-3.078074e-02
-2.852422e-02
-2.422031e-02
-1.905161e-02
-1.126298e-02
-1.260541e-03
9.845717e-03
2.059405e-02
2.932219e-02
3.701162e-02
4.483756e-02
5.223456e-02
5.881516e-02
6.360586e-02
6.505006e-02
6.300768e-02
5.806605e-02
5.122416e-02
4.471541e-02
3.993338e-02
3.597019e-02
3.130334e-02
2.532686e-02
2.044113e-02
1.777732e-02
1.670331e-02
1.698743e-02
1.921391e-02
2.331524e-02
2.958307e-02
3.834417e-02
4.640709e-02
5.031634e-02
4.999411e-02
4.674330e-02
4.167210e-02
3.531608e-02
2.734753e-02
1.781533e-02
7.450469e-03
-2.055489e-03
-8.603890e-03
-1.258200e-02
-1.525166e-02
-1.394285e-02
-8.889970e-03
-2.212691e-03
6.451519e-03
1.569355e-02
2.342812e-02
2.997459e-02
3.511464e-02
3.701853e-02
3.652869e-02
3.428781e-02
3.058441e-02
2.566566e-02
1.914494e-02
1.131683e-02
4.600885e-03
-1.134929e-03
-6.461782e-03
-9.349070e-03
-1.146197e-02
-1.630175e-02
-2.247100e-02
-2.764687e-02
-3.204265e-02
-3.376382e-02
-3.197415e-02
-2.832880e-02
-2.392130e-02
-1.931422e-02
-1.473817e-02
-1.005471e-02
-6.896398e-03
-5.762913e-03
-5.138772e-03
-6.196209e-03
-1.036727e-02
-1.563724e-02
-1.975602e-02
-2.383811e-02
-2.859617e-02
-3.380398e-02
-3.926759e-02
-4.432892e-02
-4.747614e-02
-4.749593e-02
-4.299463e-02
-3.664551e-02
-3.140501e-02
-2.641465e-02
-2.138131e-02
-1.729289e-02
-1.403534e-02
-1.268841e-02
-1.404288e-02
-1.745351e-02
-2.215136e-02
-2.865031e-02
-3.551249e-02
-4.010221e-02
-4.139625e-02
-3.932097e-02
-3.588574e-02
-3.336522e-02
-3.228368e-02
-3.226835e-02
-3.219631e-02
-2.970431e-02
-2.458132e-02
-1.881255e-02
-1.339975e-02
-8.462766e-03
-4.719516e-03
-1.687357e-03
1.781161e-03
6.071113e-03
9.557025e-03
1.093296e-02
1.162452e-02
1.210121e-02
1.206097e-02
1.270662e-02
1.375239e-02
1.256511e-02
9.639589e-03
7.992842e-03
9.406108e-03
1.208002e-02
1.387466e-02
1.394652e-02
1.215085e-02
8.734537e-03
4.198939e-03
3.725592e-04
-2.480048e-03
-3.346742e-03
-5.703306e-04
3.611399e-03
7.151415e-03
1.038005e-02
1.254550e-02
1.244829e-02
1.108767e-02
8.500997e-03
3.603023e-03
-1.498830e-03
-4.658695e-03
-6.307747e-03
-8.285376e-03
-1.134192e-02
-1.459212e-02
-1.534483e-02
-1.404652e-02
-1.262604e-02
-1.005965e-02
-5.269700e-03
1.768847e-03
1.008897e-02
1.724968e-02
2.164769e-02
2.387866e-02
2.512177e-02
2.701569e-02
2.897687e-02
2.965904e-02
2.962404e-02
2.967442e-02
2.887743e-02
2.731447e-02
2.522503e-02
2.219287e-02
1.778568e-02
1.152807e-02
4.965291e-03
-4.806789e-04
-5.190666e-03
-8.725662e-03
-1.010358e-02
-1.004885e-02
-9.885098e-03
-1.002502e-02
-9.939407e-03
-8.959980e-03
-7.259701e-03
-5.564182e-03
-3.095811e-03
1.371551e-03
6.435738e-03
1.062495e-02
1.298625e-02
1.270413e-02
1.099895e-02
9.003374e-03
6.096524e-03
2.967202e-03
8.385846e-04
1.229216e-04
1.028789e-03
3.393943e-03
5.591003e-03
6.892866e-03
7.236018e-03
7.157185e-03
7.196682e-03
7.071057e-03
6.050290e-03
3.668331e-03
4.799802e-04
-1.770805e-03
-2.813521e-03
-3.432921e-03
-2.835921e-03
-7.715515e-04
1.091064e-03
1.664712e-03
6.339856e-05
-4.143321e-03
-1.019269e-02
-1.778843e-02
-2.514721e-02
-2.951043e-02
-3.075424e-02
-2.989394e-02
-2.894838e-02
-2.882787e-02
-2.783232e-02
-2.431105e-02
-1.810446e-02
-1.064763e-02
-3.921856e-03
1.445851e-03
4.350095e-03
3.810123e-03
1.785743e-03
-5.191903e-04
-2.633247e-03
-2.935823e-03
-2.539246e-03
-3.120743e-03
-3.081503e-03
-1.837164e-03
1.200920e-03
6.402646e-03
1.283703e-02
1.863568e-02
2.365148e-02
2.801973e-02
3.112285e-02
3.335184e-02
3.410646e-02
3.275535e-02
2.828911e-02
2.048566e-02
1.121024e-02
2.011553e-03
-6.978634e-03
-1.403614e-02
-1.871468e-02
-2.219658e-02
-2.396585e-02
-2.271835e-02
-1.964676e-02
-1.504230e-02
-9.215312e-03
-3.602923e-03
1.661955e-03
6.146072e-03
8.128721e-03
7.840070e-03
6.018012e-03
2.853806e-03
-3.971959e-04
-4.051089e-03
-8.873781e-03
-1.281429e-02
-1.312067e-02
-1.078708e-02
-7.999982e-03
-4.236623e-03
-7.444320e-05
3.498072e-03
7.191846e-03
1.084370e-02
1.383543e-02
1.593290e-02
1.676648e-02
1.707604e-02
1.657101e-02
1.449245e-02
1.039640e-02
5.479512e-03
-9.322092e-05
-5.875171e-03
-1.043661e-02
-1.416844e-02
-1.623370e-02
-1.452713e-02
-9.536676e-03
-3.527487e-03
2.468696e-03
9.385320e-03
1.556596e-02
1.994568e-02
2.335861e-02
2.503463e-02
2.474734e-02
2.236393e-02
1.723121e-02
1.030331e-02
3.640894e-03
-7.420220e-04
-1.548529e-03
-1.937833e-04
1.476451e-03
3.536135e-03
7.148511e-03
1.209353e-02
1.665159e-02
1.962994e-02
1.869240e-02
1.385370e-02
7.166690e-03
1.172760e-04
-6.116328e-03
-1.087156e-02
-1.516679e-02
-1.926344e-02
-2.307391e-02
-2.606618e-02
-2.735292e-02
-2.696769e-02
-2.579967e-02
-2.419225e-02
-2.032454e-02
-1.463094e-02
-8.321260e-03
-1.243928e-03
6.216365e-03
1.254774e-02
1.616771e-02
1.688529e-02
1.618910e-02
1.440531e-02
1.186399e-02
9.202905e-03
8.183610e-03
8.825420e-03
9.828908e-03
1.091768e-02
1.080875e-02
9.741718e-03
9.192846e-03
8.511914e-03
7.283607e-03
5.188053e-03
1.637789e-03
-2.197423e-03
-6.079303e-03
-1.012604e-02
-1.321379e-02
-1.511692e-02
-1.754386e-02
-2.013290e-02
-2.153760e-02
-2.298387e-02
-2.391182e-02
-2.098892e-02
-1.530602e-02
-1.032598e-02
-7.113200e-03
-4.829155e-03
-4.040390e-03
-5.012017e-03
-5.989837e-03
-6.451235e-03
-6.138646e-03
-5.438063e-03
-4.679681e-03
-3.944524e-03
-3.505431e-03
-3.721493e-03
-2.828693e-03
-9.053310e-04
-5.410689e-04
-2.048310e-03
-4.090927e-03
-6.400777e-03
-1.022247e-02
-1.603757e-02
-2.171909e-02
-2.501112e-02
-2.642242e-02
-2.619297e-02
-2.390628e-02
-2.055429e-02
-1.792735e-02
-1.639697e-02
-1.523189e-02
-1.310307e-02
-1.077430e-02
-9.938480e-03
-9.475257e-03
-7.581467e-03
-4.907072e-03
-2.306726e-03
1.394539e-03
5.347141e-03
8.411422e-03
1.121737e-02
1.327373e-02
1.422001e-02
1.333331e-02
1.011104e-02
5.281670e-03
6.345973e-05
-3.935721e-03
-4.416928e-03
-1.328351e-03
3.772555e-03
1.024586e-02
1.693288e-02
2.345128e-02
2.789727e-02
3.002744e-02
3.073459e-02
3.070119e-02
2.935899e-02
2.678553e-02
2.367009e-02
2.078183e-02
1.967691e-02
2.034569e-02
2.043963e-02
1.845723e-02
1.482556e-02
1.087808e-02
8.481263e-03
7.694669e-03
7.843526e-03
7.614111e-03
6.807599e-03
6.401650e-03
4.811015e-03
1.097211e-03
-1.828535e-03
-1.329016e-03
1.803207e-03
5.615605e-03
9.235371e-03
1.103033e-02
1.111284e-02
1.040079e-02
8.171682e-03
5.014913e-03
2.205673e-03
4.753421e-04
-3.455018e-05
4.175801e-04
6.489780e-04
-9.368083e-04
-3.409575e-03
-3.786990e-03
-2.723613e-03
-2.969898e-03
-4.208240e-03
-5.374935e-03
-6.825222e-03
-8.793261e-03
-9.920574e-03
-1.000218e-02
-8.748765e-03
-5.838151e-03
-1.528236e-03
4.409132e-03
1.055173e-02
1.507491e-02
1.754102e-02
1.694571e-02
1.288436e-02
6.608064e-03
-1.551521e-04
-6.007330e-03
-9.865712e-03
-1.143657e-02
-1.290392e-02
-1.564623e-02
-1.567608e-02
-1.251415e-02
-8.796808e-03
-4.705074e-03
7.853117e-05
5.048180e-03
9.145299e-03
1.065426e-02
9.365636e-03
6.054029e-03
2.194467e-03
-1.685486e-03
-5.648345e-03
-8.721425e-03
-9.584650e-03
-8.176216e-03
-6.301008e-03
-5.288398e-03
-4.926883e-03
-4.077931e-03
-3.133210e-03
-3.297228e-03
-3.083362e-03
-2.568104e-03
-3.195232e-03
-3.808105e-03
-3.234149e-03
-2.029089e-03
-2.415897e-04
2.136627e-03
3.016541e-03
1.906805e-03
2.022449e-05
-2.660721e-03
-4.703178e-03
-4.078399e-03
-1.669991e-03
1.058580e-03
3.365376e-03
4.263995e-03
3.125506e-03
-5.947201e-05
-4.322319e-03
-7.786305e-03
-1.065265e-02
-1.392675e-02
-1.706490e-02
-1.952414e-02
-2.157193e-02
-2.254760e-02
-2.051860e-02
-1.750990e-02
-1.604402e-02
-1.564846e-02
-1.433756e-02
-1.141005e-02
-9.173013e-03
-8.472972e-03
-8.890714e-03
-9.572946e-03
-1.105581e-02
-1.404239e-02
-1.649245e-02
-1.781820e-02
-1.983867e-02
-2.201315e-02
-2.438487e-02
-2.670566e-02
-2.806669e-02
-2.816633e-02
-2.628992e-02
-2.212801e-02
-1.714620e-02
-1.207362e-02
-7.396520e-03
-3.934534e-03
-8.272874e-04
2.408141e-03
4.362419e-03
4.148951e-03
4.480021e-03
5.221873e-03
3.298584e-03
-1.593612e-03
-6.202599e-03
-8.322016e-03
-9.924146e-03
-1.236978e-02
-1.390064e-02
-1.322224e-02
-1.079628e-02
-6.383118e-03
7.694994e-05
5.461917e-03
8.434135e-03
1.069143e-02
1.226047e-02
1.294165e-02
1.330121e-02
1.489797e-02
1.875141e-02
2.190626e-02
2.236834e-02
2.177280e-02
2.135944e-02
2.168179e-02
2.323838e-02
2.599219e-02
2.800192e-02
2.788171e-02
2.725219e-02
2.650265e-02
2.444956e-02
2.130432e-02
1.834744e-02
1.693096e-02
1.716280e-02
1.782792e-02
1.880125e-02
2.013778e-02
2.041493e-02
1.877181e-02
1.669289e-02
1.528035e-02
1.560782e-02
1.816647e-02
2.117582e-02
2.310997e-02
2.394614e-02
2.419996e-02
2.461083e-02
2.511552e-02
2.485886e-02
2.412841e-02
2.312412e-02
2.085129e-02
1.768918e-02
1.535591e-02
1.347878e-02
1.136719e-02
1.046245e-02
1.072636e-02
1.135165e-02
1.164160e-02
1.250162e-02
1.467703e-02
1.635141e-02
1.445111e-02
1.002325e-02
5.337957e-03
1.324250e-04
-5.359214e-03
-9.072900e-03
-1.022199e-02
-1.017577e-02
-1.004999e-02
-9.542444e-03
-8.340357e-03
-7.165136e-03
-6.160369e-03
-5.259357e-03
-5.015705e-03
-5.691372e-03
-7.004356e-03
-8.394455e-03
-8.922932e-03
-7.610922e-03
-5.608262e-03
-4.930279e-03
-5.323976e-03
-5.483800e-03
-4.986949e-03
-3.713492e-03
-2.646599e-03
-3.060524e-03
-4.479019e-03
-6.746315e-03
-8.854021e-03
-9.879749e-03
-9.893504e-03
-1.013200e-02
-1.178740e-02
-1.399452e-02
-1.479794e-02
-1.421077e-02
-1.408432e-02
-1.441373e-02
-1.295618e-02
-1.069371e-02
-9.837277e-03
-9.737756e-03
-8.880121e-03
-7.360835e-03
-6.669761e-03
-7.948494e-03
-9.788113e-03
-1.111303e-02
-1.156593e-02
-1.071312e-02
-1.009860e-02
-1.008913e-02
-9.339573e-03
-7.842479e-03
-7.749071e-03
-9.880008e-03
-1.308117e-02
-1.568857e-02
-1.661184e-02
-1.676386e-02
-1.772091e-02
-1.913813e-02
-2.068951e-02
-2.233610e-02
-2.395799e-02
-2.390062e-02
-2.165643e-02
-1.915471e-02
-1.756842e-02
-1.636064e-02
-1.542989e-02
-1.376465e-02
-1.109141e-02
-9.632288e-03
-9.663122e-03
-9.351582e-03
-7.158632e-03
-3.767118e-03
-4.952828e-04
1.574097e-03
2.840134e-03
3.986105e-03
4.817473e-03
4.312849e-03
1.499460e-03
-2.238686e-03
-4.935387e-03
-6.876799e-03
-9.747844e-03
-1.240417e-02
-1.313977e-02
-1.225612e-02
-1.033723e-02
-7.009251e-03
-2.326997e-03
1.866470e-03
4.599363e-03
5.879121e-03
6.458621e-03
6.719773e-03
6.798021e-03
7.272844e-03
8.245731e-03
9.372068e-03
9.046274e-03
6.589788e-03
3.748073e-03
1.492720e-03
1.174864e-04
-5.953095e-04
-8.266028e-04
-1.741019e-04
7.038199e-04
1.591083e-03
3.064908e-03
4.152776e-03
4.313212e-03
4.397844e-03
5.323064e-03
7.310516e-03
1.006242e-02
1.241163e-02
1.349380e-02
1.411228e-02
1.498089e-02
1.558442e-02
1.629357e-02
1.731522e-02
1.766925e-02
1.764912e-02
1.884769e-02
2.124535e-02
2.287583e-02
2.372147e-02
2.349023e-02
2.154955e-02
1.907973e-02
1.686298e-02
1.480549e-02
1.389594e-02
1.462989e-02
1.645490e-02
1.835253e-02
1.995556e-02
2.084704e-02
2.048963e-02
1.789506e-02
1.409714e-02
1.075820e-02
8.365156e-03
7.787529e-03
8.893711e-03
9.334093e-03
8.080683e-03
6.313428e-03
4.670128e-03
3.942880e-03
4.192400e-03
4.884636e-03
4.613831e-03
2.051764e-03
-1.582347e-03
-5.061962e-03
-7.991425e-03
-9.928567e-03
-1.026606e-02
-8.766072e-03
-6.328752e-03
-4.780443e-03
-4.588035e-03
-5.091956e-03
-5.905115e-03
-7.334902e-03
-8.679396e-03
-9.538298e-03
-9.921294e-03
-9.676777e-03
-9.349422e-03
-9.388063e-03
-8.920366e-03
-7.683501e-03
-6.080242e-03
-4.595851e-03
-3.388562e-03
-2.700836e-03
-2.420314e-03
-3.113749e-03
-5.319086e-03
-7.422711e-03
-8.641847e-03
-9.657635e-03
-1.016798e-02
-9.959113e-03
-9.695680e-03
-1.072637e-02
-1.336082e-02
-1.516886e-02
-1.455649e-02
-1.257668e-02
-1.068539e-02
-1.019413e-02
-9.590501e-03
-6.439873e-03
-1.417641e-03
2.550504e-03
4.022177e-03
3.980543e-03
1.872863e-03
-2.224867e-03
-6.288743e-03
-9.300886e-03
-1.005244e-02
-9.035894e-03
-7.464456e-03
-5.377111e-03
-2.657284e-03
6.114750e-04
3.548657e-03
5.367451e-03
6.602485e-03
8.602841e-03
1.138928e-02
1.344387e-02
1.406415e-02
1.383890e-02
1.255603e-02
1.114222e-02
1.031233e-02
9.459719e-03
7.273714e-03
3.690591e-03
-4.552529e-04
-4.019478e-03
-5.746255e-03
-5.729621e-03
-4.997007e-03
-3.778106e-03
-1.935490e-03
-8.022438e-04
-4.445434e-04
-4.168949e-04
-2.670871e-04
-7.099003e-05
2.129735e-04
7.706499e-04
1.704741e-03
2.896845e-03
3.201295e-03
2.600653e-03
4.632944e-04
-2.480489e-03
-3.888877e-03
-4.169844e-03
-4.556675e-03
-4.923394e-03
-5.373803e-03
-5.878962e-03
-5.362147e-03
-3.445689e-03
-2.157097e-03
-3.127706e-03
-4.964859e-03
-5.464958e-03
-4.615888e-03
-4.745913e-03
-5.277826e-03
-6.508970e-03
-8.633050e-03
-1.003901e-02
-1.035744e-02
-1.012661e-02
-9.343239e-03
-8.618618e-03
-9.374326e-03
-1.129654e-02
-1.246588e-02
-1.126066e-02
-9.932603e-03
-9.779371e-03
-1.001964e-02
-1.009975e-02
-1.006641e-02
-1.006136e-02
-9.973213e-03
-9.848686e-03
-1.026431e-02
-1.158621e-02
-1.272878e-02
-1.232164e-02
-1.091985e-02
-1.005498e-02
-8.970988e-03
-7.301899e-03
-7.036758e-03
-8.232473e-03
-8.576261e-03
-6.591214e-03
-4.301553e-03
-3.716135e-03
-3.769627e-03
-3.017046e-03
-1.001028e-03
1.333187e-03
2.643556e-03
3.381341e-03
4.218383e-03
5.493712e-03
7.414541e-03
9.778708e-03
1.185569e-02
1.366132e-02
1.590347e-02
1.815840e-02
1.920143e-02
1.919671e-02
1.937792e-02
2.017094e-02
2.039300e-02
1.934908e-02
1.845075e-02
1.778090e-02
1.661831e-02
1.488496e-02
1.226493e-02
1.008680e-02
9.928166e-03
1.168750e-02
1.434038e-02
1.668691e-02
1.759689e-02
1.779769e-02
1.699391e-02
1.425386e-02
1.162878e-02
9.935541e-03
8.736007e-03
9.721006e-03
1.153956e-02
1.161047e-02
9.953000e-03
7.977419e-03
6.670523e-03
6.181965e-03
6.527172e-03
7.459663e-03
9.191310e-03
1.116415e-02
1.230133e-02
1.212729e-02
1.065688e-02
8.905374e-03
7.891501e-03
6.196469e-03
3.242812e-03
2.625973e-04
-1.631732e-03
-2.000665e-03
-1.388264e-03
3.327574e-04
3.105685e-03
5.751537e-03
7.489030e-03
7.810529e-03
6.851428e-03
6.072038e-03
5.953205e-03
5.206090e-03
2.799152e-03
8.823450e-04
-5.595743e-04
-2.828451e-03
-4.821707e-03
-6.248876e-03
-7.809486e-03
-9.053389e-03
-9.418947e-03
-9.451866e-03
-9.762295e-03
-1.021105e-02
-1.029328e-02
-9.177750e-03
-7.097784e-03
-5.984198e-03
-5.838028e-03
-5.222353e-03
-4.418849e-03
-4.532630e-03
-5.801125e-03
-7.756995e-03
-1.018191e-02
-1.170388e-02
-1.172752e-02
-1.142742e-02
-1.062879e-02
-1.012514e-02
-9.937810e-03
-8.982145e-03
-7.314488e-03
-6.322266e-03
-6.203431e-03
-5.801778e-03
-5.386577e-03
-5.430907e-03
-6.735082e-03
-9.061975e-03
-1.028041e-02
-1.019567e-02
-9.916756e-03
-9.941490e-03
-1.014297e-02
-9.937399e-03
-8.734375e-03
-6.615478e-03
-4.645182e-03
-3.868054e-03
-3.797614e-03
-4.524135e-03
-5.560605e-03
-6.723944e-03
-7.418686e-03
-6.350632e-03
-4.664227e-03
-3.750984e-03
-3.272083e-03
-1.704903e-03
1.440970e-04
9.864683e-04
1.165565e-03
5.289788e-04
-1.423596e-03
-3.454035e-03
-4.391316e-03
-3.591813e-03
-2.804565e-03
-4.703602e-03
-7.079066e-03
-7.942610e-03
-8.514500e-03
-1.083205e-02
-1.445436e-02
-1.656741e-02
-1.638078e-02
-1.414928e-02
-1.129665e-02
-9.523360e-03
-7.500412e-03
-4.934582e-03
-3.300072e-03
-2.090655e-03
-2.371564e-03
-4.627928e-03
-7.513344e-03
-9.660039e-03
-1.027186e-02
-9.799161e-03
-8.886000e-03
-7.659159e-03
-5.722236e-03
-3.279246e-03
-1.283593e-03
2.841203e-04
2.441041e-03
3.614314e-03
3.242034e-03
2.253507e-03
1.351587e-03
1.072241e-03
7.660401e-04
7.084676e-04
1.504535e-03
1.890487e-03
2.159976e-03
2.849247e-03
3.518149e-03
3.687531e-03
3.994547e-03
5.322250e-03
6.730800e-03
8.158505e-03
9.476952e-03
1.004344e-02
1.033506e-02
1.087849e-02
1.143550e-02
1.230669e-02
1.309678e-02
1.323758e-02
1.392259e-02
1.395645e-02
1.223916e-02
9.366744e-03
7.032226e-03
5.949514e-03
6.567308e-03
7.900126e-03
9.022137e-03
1.162024e-02
1.442459e-02
1.571717e-02
1.650969e-02
1.761465e-02
1.797651e-02
1.753398e-02
1.668791e-02
1.544925e-02
1.491207e-02
1.587192e-02
1.709296e-02
1.754163e-02
1.698209e-02
1.571736e-02
1.492148e-02
1.407574e-02
1.269707e-02
1.142616e-02
9.906775e-03
8.248384e-03
5.968198e-03
4.170152e-03
4.234483e-03
5.433054e-03
5.848862e-03
5.850844e-03
6.100791e-03
5.851271e-03
5.770710e-03
6.051015e-03
5.433941e-03
4.141140e-03
2.201027e-03
-3.185488e-04
-1.606070e-03
-1.942765e-03
-2.538307e-03
-3.214324e-03
-3.828433e-03
-4.202939e-03
-3.386390e-03
-2.475291e-03
-2.722238e-03
-3.010362e-03
-3.061793e-03
-3.542139e-03
-4.671236e-03
-6.353096e-03
-7.969423e-03
-8.174200e-03
-7.028144e-03
-5.549364e-03
-4.875817e-03
-5.199335e-03
-5.450610e-03
-5.813200e-03
-6.742165e-03
-6.818271e-03
-5.574736e-03
-4.366141e-03
-4.359567e-03
-5.895457e-03
-7.573464e-03
-8.740043e-03
-9.355360e-03
-8.391370e-03
-6.437024e-03
-4.950758e-03
-4.229355e-03
-4.377322e-03
-4.763104e-03
-4.827270e-03
-3.665807e-03
-1.135126e-03
1.309204e-03
1.362151e-03
-1.191069e-03
-4.675370e-03
-8.270505e-03
-9.958181e-03
-1.003747e-02
-1.095389e-02
-1.325926e-02
-1.561200e-02
-1.832416e-02
-2.063676e-02
-2.228389e-02
-2.446393e-02
-2.674793e-02
-2.790254e-02
-2.716135e-02
-2.481468e-02
-2.099558e-02
-1.613594e-02
-1.053143e-02
-6.037049e-03
-4.102168e-03
-4.312162e-03
-4.489592e-03
-4.130481e-03
-5.114645e-03
-6.176258e-03
-5.163022e-03
-3.540185e-03
-3.282666e-03
-3.729973e-03
-4.140048e-03
-5.038966e-03
-5.889747e-03
-5.674974e-03
-4.285566e-03
-1.870406e-03
3.728206e-04
2.094642e-03
3.209506e-03
3.106890e-03
3.738159e-03
5.488601e-03
6.533023e-03
6.460878e-03
6.440504e-03
5.905325e-03
3.759581e-03
8.642093e-04
-1.379016e-03
-2.666558e-03
-3.152197e-03
-3.039669e-03
-2.858112e-03
-1.726450e-03
-7.526741e-04
-7.471210e-04
-3.652695e-04
4.596551e-04
1.046631e-03
2.408495e-03
4.250216e-03
4.901058e-03
5.345753e-03
6.240114e-03
6.278663e-03
5.242105e-03
3.976868e-03
1.984202e-03
1.204753e-04
-1.373617e-03
-2.043797e-03
-1.176795e-03
9.496425e-04
3.669042e-03
7.073659e-03
1.051968e-02
1.255513e-02
1.368806e-02
1.470632e-02
1.562702e-02
1.637283e-02
1.633779e-02
1.470763e-02
1.298839e-02
1.199435e-02
9.804032e-03
7.132053e-03
6.066873e-03
7.054134e-03
8.920840e-03
1.041353e-02
1.034652e-02
9.734139e-03
9.394883e-03
8.551172e-03
7.222591e-03
5.575254e-03
3.445246e-03
2.450911e-03
3.246384e-03
3.168337e-03
1.402542e-03
3.746534e-04
2.223317e-04
-4.437354e-05
-4.987533e-04
-1.143474e-03
-1.239481e-03
-4.741933e-04
9.809394e-04
3.325071e-03
5.652838e-03
6.641885e-03
6.998601e-03
7.337618e-03
6.957687e-03
6.370834e-03
6.547817e-03
7.034716e-03
7.112256e-03
6.343880e-03
5.443130e-03
4.524890e-03
3.313342e-03
1.958615e-03
1.624832e-03
2.889206e-03
4.541185e-03
6.944417e-03
1.088169e-02
1.429531e-02
1.603467e-02
1.691197e-02
1.630213e-02
1.406941e-02
1.152904e-02
8.607045e-03
6.016902e-03
4.235785e-03
1.098558e-03
-3.195185e-03
-7.169046e-03
-1.040452e-02
-1.246507e-02
-1.243606e-02
-1.088695e-02
-9.060226e-03
-6.885149e-03
-4.780598e-03
-3.092832e-03
-1.912741e-03
-1.577053e-03
-2.108376e-03
-1.842879e-03
-1.660653e-03
-3.148386e-03
-6.062595e-03
-8.962779e-03
-1.009017e-02
-9.447587e-03
-8.778456e-03
-9.256629e-03
-9.307162e-03
-7.899107e-03
-5.749446e-03
-4.084993e-03
-3.717325e-03
-4.577125e-03
-5.766371e-03
-6.272144e-03
-5.418270e-03
-5.071449e-03
-6.289403e-03
-6.915694e-03
-6.937004e-03
-7.666826e-03
-9.218134e-03
-1.022150e-02
-1.024876e-02
-9.324671e-03
-7.647339e-03
-6.164729e-03
-4.810740e-03
-3.181587e-03
-1.263719e-03
8.659843e-04
2.032916e-03
1.494091e-03
1.712288e-03
2.898830e-03
2.437051e-03
8.855284e-04
-1.861679e-04
-9.367696e-04
-1.312178e-03
-1.831762e-03
-3.015809e-03
-4.436048e-03
-5.981903e-03
-7.177925e-03
-7.534234e-03
-7.790094e-03
-8.167180e-03
-8.346850e-03
-8.177536e-03
-7.247418e-03
-6.354712e-03
-6.145536e-03
-5.003480e-03
-3.669891e-03
-4.072561e-03
-4.635721e-03
-4.291726e-03
-3.676619e-03
-3.017554e-03
-2.696608e-03
-2.595461e-03
-1.838927e-03
-1.422078e-05
1.514789e-03
2.580097e-03
3.827772e-03
5.130605e-03
6.069806e-03
6.191439e-03
6.788167e-03
7.515431e-03
6.732064e-03
6.006322e-03
6.006652e-03
5.489689e-03
4.429990e-03
3.548172e-03
2.559406e-03
1.660476e-03
7.047522e-04
-3.306131e-04
-7.664745e-04
-1.105056e-03
-1.207879e-03
-8.488326e-04
-2.376333e-04
9.389280e-04
2.570945e-03
3.280013e-03
3.096999e-03
1.862051e-03
-3.685200e-04
-8.693998e-04
1.959323e-04
-1.785002e-04
-1.715257e-03
-1.706871e-03
-7.874235e-04
1.752213e-04
1.053694e-03
1.727521e-03
3.146344e-03
4.678980e-03
5.020616e-03
3.945089e-03
2.526390e-03
1.197913e-03
4.202345e-04
-2.152115e-04
-1.446342e-04
4.550536e-04
7.156879e-04
1.387582e-03
2.425007e-03
2.781104e-03
2.290679e-03
2.322121e-03
2.601571e-03
2.360505e-03
2.354240e-03
1.962147e-03
6.041944e-04
-2.453607e-04
-3.997528e-04
-1.242711e-03
-2.243468e-03
-2.024563e-03
-1.768642e-03
-2.099862e-03
-2.244970e-03
-2.663086e-03
-3.696738e-03
-5.058157e-03
-6.723224e-03
-7.049386e-03
-6.237630e-03
-5.436389e-03
-3.992257e-03
-1.244433e-03
1.989334e-03
4.850683e-03
7.338913e-03
8.023592e-03
6.962113e-03
5.701224e-03
4.331590e-03
3.603541e-03
4.513351e-03
5.918889e-03
5.617294e-03
4.431675e-03
3.807998e-03
3.615031e-03
3.448409e-03
3.949345e-03
4.768862e-03
5.237158e-03
6.224482e-03
7.342356e-03
8.002710e-03
7.698675e-03
5.886216e-03
4.605278e-03
3.659412e-03
3.203151e-03
4.162091e-03
6.070376e-03
7.492485e-03
7.239007e-03
6.224344e-03
5.915183e-03
6.555080e-03
7.909159e-03
8.478030e-03
6.495989e-03
3.437698e-03
1.430353e-03
-1.987235e-04
-2.924556e-03
-6.069370e-03
-7.652929e-03
-7.308030e-03
-6.358471e-03
-5.610910e-03
-4.797683e-03
-3.554172e-03
-2.209084e-03
-1.210941e-03
-7.502064e-04
-1.020997e-03
-2.189601e-03
-3.776733e-03
-4.590863e-03
-4.833373e-03
-4.554444e-03
-4.405327e-03
-4.408059e-03
-4.061573e-03
-3.803403e-03
-4.102599e-03
-5.644007e-03
-7.923849e-03
-8.710818e-03
-7.877546e-03
-6.620042e-03
-4.996243e-03
-4.178834e-03
-3.714990e-03
-3.043463e-03
-2.514546e-03
-2.244360e-03
-1.614570e-03
-2.100771e-03
-4.435872e-03
-6.588233e-03
-7.857088e-03
-9.285095e-03
-1.081526e-02
-1.150875e-02
-1.066873e-02
-9.952099e-03
-9.950525e-03
-9.310794e-03
-7.507962e-03
-5.931693e-03
-5.095568e-03
-4.281057e-03
-3.798860e-03
-4.104629e-03
-4.683670e-03
-5.126027e-03
-5.605160e-03
-5.768183e-03
-4.953748e-03
-3.103500e-03
-1.952427e-03
-2.913031e-03
-3.263665e-03
-2.097478e-03
-1.292060e-03
-1.161488e-03
-9.292020e-04
-8.825625e-04
-1.703143e-03
-2.730915e-03
-3.642360e-03
-3.703383e-03
-2.380719e-03
3.016557e-04
3.712430e-03
6.424582e-03
6.789887e-03
6.517429e-03
7.189257e-03
8.041969e-03
8.117697e-03
8.257004e-03
7.742348e-03
6.193545e-03
4.815493e-03
4.022885e-03
3.271368e-03
2.714047e-03
2.399148e-03
2.083372e-03
1.854360e-03
1.314787e-03
1.287846e-03
1.547502e-03
1.784467e-03
1.953122e-03
2.054598e-03
3.268480e-03
5.128262e-03
6.342224e-03
6.377956e-03
6.588344e-03
6.725986e-03
5.127600e-03
2.894612e-03
1.674897e-03
2.087010e-03
3.271718e-03
4.239491e-03
5.419092e-03
5.819083e-03
5.204640e-03
4.933949e-03
5.113957e-03
5.143052e-03
3.967785e-03
2.805893e-03
3.799925e-03
6.570214e-03
8.738426e-03
9.091192e-03
9.890715e-03
1.060973e-02
1.025115e-02
9.387338e-03
8.438814e-03
7.349049e-03
5.953566e-03
4.475941e-03
3.368201e-03
2.048616e-03
7.128419e-04
4.251825e-04
8.098944e-04
7.415716e-04
4.374229e-04
1.165920e-03
2.739599e-03
3.365487e-03
2.309957e-03
1.243843e-03
1.684682e-03
1.930708e-03
1.026521e-03
4.797121e-04
4.809850e-04
4.131816e-04
1.043492e-04
-1.835919e-04
3.055468e-04
8.119013e-04
2.511194e-04
-6.567276e-04
-2.174983e-03
-4.193671e-03
-5.028889e-03
-4.303127e-03
-2.833261e-03
-1.660034e-03
-3.060969e-04
1.573594e-03
3.662312e-03
4.184036e-03
3.216717e-03
2.622356e-03
2.097877e-03
1.054555e-03
1.012729e-04
-1.112691e-03
-3.030218e-03
-5.277149e-03
-7.310090e-03
-8.379369e-03
-8.332272e-03
-7.584036e-03
-6.728728e-03
-6.821818e-03
-7.304992e-03
-7.338386e-03
-6.825174e-03
-5.572957e-03
-3.978336e-03
-3.520889e-03
-4.690104e-03
-5.576061e-03
-6.065259e-03
-6.547886e-03
-7.063470e-03
-7.655522e-03
-7.499495e-03
-6.978207e-03
-7.192312e-03
-7.546786e-03
-7.505577e-03
-6.868480e-03
-5.338888e-03
-3.779669e-03
-2.780463e-03
-1.911113e-03
-1.320431e-03
-1.629577e-03
-1.883235e-03
-1.176690e-03
1.535598e-05
8.615493e-04
7.047284e-04
5.808885e-04
1.750374e-03
3.734224e-03
4.373175e-03
3.680010e-03
3.375889e-03
3.870163e-03
4.371998e-03
4.452790e-03
3.816279e-03
2.704501e-03
2.409383e-03
2.772564e-03
2.936179e-03
2.901867e-03
3.128030e-03
3.465524e-03
3.450110e-03
3.278956e-03
2.495417e-03
1.235633e-03
4.722097e-04
4.213984e-04
3.459387e-04
8.603009e-06
-5.860601e-05
7.729915e-04
1.987117e-03
2.614224e-03
2.663959e-03
2.364681e-03
1.865781e-03
1.446523e-03
1.611971e-03
1.880166e-03
1.336934e-03
6.361060e-04
3.505382e-04
9.888151e-06
-4.059827e-04
-2.802712e-04
8.898789e-04
2.371829e-03
3.014066e-03
2.553296e-03
2.046909e-03
1.935424e-03
1.363596e-03
4.426104e-04
-1.099619e-04
-4.629863e-04
-6.581176e-04
-7.305556e-04
-9.429538e-04
-9.916549e-04
-6.345342e-04
-3.595993e-04
-3.235099e-04
-5.997361e-05
3.166395e-04
5.004738e-04
5.874241e-04
1.078954e-04
-5.402121e-04
-9.292359e-04
-1.356784e-03
-1.524889e-03
-1.604656e-03
-2.047431e-03
-2.457127e-03
-2.593588e-03
-3.297397e-03
-4.344132e-03
-4.282696e-03
-3.896437e-03
-4.200654e-03
-4.219674e-03
-3.534482e-03
-3.021860e-03
-3.422888e-03
-4.195197e-03
-4.438645e-03
-4.240280e-03
-4.059250e-03
-4.007402e-03
-3.864688e-03
-3.521012e-03
-3.172192e-03
-2.646838e-03
-2.241122e-03
-2.324671e-03
-2.318411e-03
-2.254970e-03
-2.089335e-03
-1.827285e-03
-1.746155e-03
-1.776991e-03
-1.762796e-03
-1.705898e-03
-1.709621e-03
-1.544990e-03
-1.067190e-03
-6.498099e-04
-7.111479e-04
-1.017296e-03
-1.092896e-03
-1.198710e-03
-1.472794e-03
-1.415619e-03
-1.044032e-03
-7.200286e-04
-3.073673e-04
1.474962e-04
4.732032e-04
5.012275e-04
3.876375e-04
5.424882e-04
8.002478e-04
8.555360e-04
7.947612e-04
7.424203e-04
6.589344e-04
5.493237e-04
6.680919e-04
9.146349e-04
9.921543e-04
1.017844e-03
1.148430e-03
1.337493e-03
1.513160e-03
1.602139e-03
1.666432e-03
1.688172e-03
1.701605e-03
1.777020e-03
1.870868e-03
1.888437e-03
1.897240e-03
2.031018e-03
2.056944e-03
1.956378e-03
1.952146e-03
2.023725e-03
2.055005e-03
1.954324e-03
1.753048e-03
1.667919e-03
1.665837e-03
1.667357e-03
1.697619e-03
1.773050e-03
1.892152e-03
1.924209e-03
1.778308e-03
1.620609e-03
1.506048e-03
1.357811e-03
1.209408e-03
1.212506e-03
1.266520e-03
1.184987e-03
1.085923e-03
1.054800e-03
1.020821e-03
9.479245e-04
8.891298e-04
9.009150e-04
9.755771e-04
1.039363e-03
1.012536e-03
8.966187e-04
8.102474e-04
7.390524e-04
6.036560e-04
4.875043e-04
4.325514e-04
4.093486e-04
3.869199e-04
3.879627e-04
3.791336e-04
3.260061e-04
2.919222e-04
2.773015e-04
2.778897e-04
2.622350e-04
2.063069e-04
1.573408e-04
1.213727e-04
8.254107e-05
3.347449e-05
-1.015227e-05
-2.614146e-05
-2.284427e-05
-2.134063e-05
-3.148242e-05
-4.259214e-05
-5.047057e-05
-6.168425e-05
-6.652261e-05
-6.524974e-05
-6.684060e-05
-6.296626e-05
-6.282289e-05
-6.467971e-05
-6.963797e-05
-8.850329e-05
-1.032884e-04
-1.058058e-04
-1.016708e-04
-9.949322e-05
-1.007393e-04
-1.009346e-04
-9.368388e-05
-8.150732e-05
-7.463873e-05
-7.304349e-05
-7.438001e-05
-7.834811e-05
-8.092408e-05
-8.129207e-05
-8.391620e-05
-8.518957e-05
-8.604959e-05
-8.991616e-05
-9.354489e-05
-9.403803e-05
-9.222617e-05
-9.031576e-05
-8.906724e-05
-9.017272e-05
-9.242766e-05
-9.489652e-05
-9.789412e-05
-1.004273e-04
-1.028939e-04
-1.059872e-04
-1.090479e-04
-1.112922e-04
-1.128455e-04
-1.141729e-04
-1.154323e-04
-1.166707e-04
-1.181113e-04
-1.196651e-04
-1.211669e-04
-1.227148e-04
-1.244327e-04
-1.262459e-04
-1.280371e-04
-1.297885e-04
-1.314939e-04
-1.331606e-04
-1.348170e-04
-1.364650e-04
-1.380721e-04
-1.396262e-04
-1.411405e-04
-1.426284e-04
-1.440892e-04
-1.455174e-04
-1.469100e-04
-1.482660e-04
-1.495861e-04
-1.508705e-04
-1.521191e-04
