-6.833536e-04
-6.799507e-04
-6.734275e-04
-6.651858e-04
-6.602528e-04
-6.615518e-04
-6.635322e-04
-6.591361e-04
-6.519721e-04
-6.564407e-04
-6.929637e-04
-7.501511e-04
-7.729310e-04
-7.187739e-04
-5.902506e-04
-4.497745e-04
-3.844840e-04
-4.534132e-04
-6.389227e-04
-8.471677e-04
-9.544950e-04
-8.946169e-04
-7.204012e-04
-5.667557e-04
-5.689895e-04
-7.488210e-04
-1.017492e-03
-1.231763e-03
-1.265548e-03
-1.040550e-03
-6.192937e-04
-2.108912e-04
-1.630389e-05
-1.553824e-04
-5.172445e-04
-7.794797e-04
-7.203569e-04
-3.936947e-04
-1.008636e-04
9.934292e-07
-3.050560e-05
-1.711209e-04
-3.910116e-04
-7.390842e-04
-1.137874e-03
-1.305772e-03
-1.019406e-03
-5.745316e-04
-6.130517e-04
-1.321917e-03
-2.222706e-03
-2.562917e-03
-1.887527e-03
-2.577771e-04
1.830551e-03
3.542348e-03
4.106079e-03
3.177690e-03
1.332193e-03
-3.254246e-04
-8.214649e-04
-2.394661e-04
3.039286e-04
-2.669255e-04
-1.937549e-03
-3.636722e-03
-4.244101e-03
-3.490468e-03
-1.952023e-03
-5.502606e-04
1.241093e-04
4.798173e-04
1.047310e-03
2.056973e-03
3.159537e-03
3.537489e-03
2.480378e-03
-7.508992e-05
-3.418608e-03
-6.044165e-03
-6.617506e-03
-5.016188e-03
-2.407754e-03
-4.167325e-04
-3.799783e-05
-1.612816e-03
-4.136365e-03
-6.020762e-03
-6.523590e-03
-5.602007e-03
-4.123298e-03
-3.522323e-03
-4.110176e-03
-5.383164e-03
-5.747084e-03
-3.973147e-03
-8.214793e-04
2.125870e-03
3.410251e-03
2.531632e-03
2.704606e-04
-1.704321e-03
-1.865485e-03
2.391129e-04
3.538514e-03
6.073553e-03
6.230636e-03
4.086870e-03
1.079722e-03
-1.183793e-03
-1.875781e-03
-1.700091e-03
-1.426879e-03
-1.529784e-03
-2.158461e-03
-3.043232e-03
-3.759941e-03
-3.533617e-03
-1.582102e-03
1.541607e-03
4.320475e-03
5.740454e-03
5.732224e-03
5.190580e-03
4.548044e-03
3.999001e-03
3.508372e-03
3.216049e-03
3.818128e-03
5.298105e-03
6.369321e-03
5.037473e-03
-3.900306e-04
-9.148816e-03
-1.830084e-02
-2.426932e-02
-2.555525e-02
-2.302598e-02
-1.847640e-02
-1.416373e-02
-1.027422e-02
-5.171510e-03
1.772676e-03
9.685492e-03
1.705919e-02
2.218755e-02
2.328611e-02
1.976468e-02
1.308879e-02
5.329689e-03
-1.599082e-03
-5.772132e-03
-8.084735e-03
-1.094588e-02
-1.509307e-02
-1.800812e-02
-1.612553e-02
-8.473466e-03
3.136477e-03
1.552667e-02
2.495929e-02
2.860966e-02
2.716555e-02
2.391848e-02
2.191712e-02
2.239339e-02
2.346380e-02
2.129447e-02
1.343892e-02
8.716777e-04
-1.199423e-02
-1.959882e-02
-1.916835e-02
-1.227434e-02
-3.051653e-03
4.217897e-03
7.079295e-03
6.250183e-03
3.246409e-03
-4.429023e-04
-3.193378e-03
-4.714728e-03
-4.915018e-03
-3.698241e-03
-1.856888e-03
-2.307721e-04
2.340634e-04
-1.575277e-03
-5.704467e-03
-1.130843e-02
-1.623684e-02
-1.801294e-02
-1.527156e-02
-8.509391e-03
-4.666427e-04
5.958446e-03
8.232686e-03
5.516289e-03
-3.208395e-05
-5.755919e-03
-9.053840e-03
-8.917095e-03
-6.905907e-03
-5.042063e-03
-5.803165e-03
-1.056236e-02
-1.714774e-02
-2.000813e-02
-1.524975e-02
-3.905418e-03
7.942775e-03
1.408323e-02
1.244238e-02
5.938384e-03
-7.380986e-05
-8.036345e-04
2.879693e-03
4.815713e-03
-1.637996e-04
-1.282876e-02
-2.836013e-02
-3.936045e-02
-4.160820e-02
-3.520950e-02
-2.416052e-02
-1.422437e-02
-8.919811e-03
-7.747785e-03
-8.752600e-03
-9.871745e-03
-9.643290e-03
-7.109186e-03
-1.931759e-03
5.137598e-03
1.218517e-02
1.702274e-02
1.795035e-02
1.443824e-02
6.342430e-03
-4.479033e-03
-1.352371e-02
-1.574892e-02
-1.027045e-02
-1.859641e-03
3.852855e-03
4.200530e-03
-3.785138e-04
-5.613100e-03
-6.693544e-03
-1.818264e-03
7.356796e-03
1.660230e-02
2.060377e-02
1.739168e-02
9.355390e-03
5.447202e-04
-5.742114e-03
-9.427229e-03
-1.242204e-02
-1.469876e-02
-1.426119e-02
-8.560946e-03
3.476564e-03
1.944696e-02
3.438050e-02
4.467182e-02
4.923607e-02
4.898928e-02
4.555254e-02
3.968564e-02
3.075025e-02
1.836402e-02
4.319374e-03
-7.336318e-03
-1.429423e-02
-1.745383e-02
-1.836632e-02
-1.746848e-02
-1.339786e-02
-4.557932e-03
7.217323e-03
1.384646e-02
7.227310e-03
-1.408333e-02
-4.400949e-02
-6.979535e-02
-7.998575e-02
-7.191062e-02
-5.192791e-02
-2.972332e-02
-1.291299e-02
-5.729793e-03
-6.651477e-03
-9.108365e-03
-6.828335e-03
2.070956e-03
1.442084e-02
2.569738e-02
3.377259e-02
3.761193e-02
3.779581e-02
3.588362e-02
3.289817e-02
2.866243e-02
2.025095e-02
4.419229e-03
-1.739317e-02
-3.910548e-02
-5.516670e-02
-6.067003e-02
-5.325543e-02
-3.777594e-02
-2.319816e-02
-1.701109e-02
-2.081403e-02
-2.795677e-02
-2.931357e-02
-2.041379e-02
-5.783125e-03
5.601804e-03
7.936436e-03
1.241959e-03
-6.119190e-03
-6.734041e-03
-6.692301e-05
1.133985e-02
2.301185e-02
2.980156e-02
2.876026e-02
2.044767e-02
7.179195e-03
-6.852139e-03
-1.742091e-02
-2.357989e-02
-2.776353e-02
-3.193030e-02
-3.559405e-02
-3.732523e-02
-3.507044e-02
-2.761267e-02
-1.677214e-02
-7.774803e-03
-5.956057e-03
-1.165195e-02
-1.935128e-02
-2.220390e-02
-1.786364e-02
-7.734689e-03
4.229127e-03
1.399706e-02
2.170646e-02
2.950186e-02
3.863963e-02
4.926663e-02
6.141162e-02
7.423586e-02
8.563891e-02
9.377001e-02
9.698963e-02
9.537261e-02
9.008832e-02
8.372871e-02
7.969692e-02
7.974416e-02
8.338805e-02
8.928748e-02
9.588638e-02
1.017024e-01
1.058178e-01
1.081663e-01
1.088685e-01
1.083019e-01
1.063743e-01
1.023111e-01
9.669819e-02
9.087637e-02
8.572774e-02
8.096185e-02
7.605378e-02
7.043189e-02
6.249531e-02
5.042377e-02
3.381243e-02
1.305076e-02
-1.016129e-02
-3.262592e-02
-5.105347e-02
-6.427446e-02
-7.318894e-02
-7.967987e-02
-8.517830e-02
-9.145009e-02
-1.007211e-01
-1.132348e-01
-1.266440e-01
-1.385480e-01
-1.467466e-01
-1.478766e-01
-1.405670e-01
-1.275162e-01
-1.118560e-01
-9.580149e-02
-8.229283e-02
-7.435585e-02
-7.208588e-02
-7.278977e-02
-7.188892e-02
-6.355162e-02
-4.470072e-02
-1.722428e-02
1.427851e-02
4.342742e-02
6.513533e-02
7.775705e-02
8.361548e-02
8.844229e-02
9.929332e-02
1.208416e-01
1.526623e-01
1.889275e-01
2.225872e-01
2.486502e-01
2.639592e-01
2.680395e-01
2.632614e-01
2.538181e-01
2.435509e-01
2.349354e-01
2.304785e-01
2.303033e-01
2.318247e-01
2.335816e-01
2.348155e-01
2.341573e-01
2.320754e-01
2.278823e-01
2.178469e-01
2.001192e-01
1.735186e-01
1.385481e-01
9.789644e-02
5.567100e-02
1.558190e-02
-1.945270e-02
-4.880819e-02
-7.503201e-02
-1.025180e-01
-1.366818e-01
-1.807910e-01
-2.350167e-01
-2.972470e-01
-3.660362e-01
-4.384767e-01
-5.075631e-01
-5.645113e-01
-6.043028e-01
-6.253394e-01
-6.250886e-01
-6.058671e-01
-5.727162e-01
-5.332100e-01
-4.972328e-01
-4.648880e-01
-4.313878e-01
-3.960036e-01
-3.618069e-01
-3.326746e-01
-3.081937e-01
-2.848019e-01
-2.595264e-01
-2.300039e-01
-1.945349e-01
-1.506673e-01
-9.685627e-02
-3.474725e-02
2.998407e-02
8.672405e-02
1.236892e-01
1.352975e-01
1.199562e-01
8.150681e-02
3.114204e-02
-1.343525e-02
-3.516274e-02
-2.538189e-02
1.411101e-02
7.282035e-02
1.374020e-01
1.976930e-01
2.456001e-01
2.763553e-01
2.908822e-01
2.949402e-01
2.963352e-01
3.021014e-01
3.149058e-01
3.316638e-01
3.493498e-01
3.628595e-01
3.651697e-01
3.529293e-01
3.282472e-01
2.936169e-01
2.508689e-01
2.044839e-01
1.600814e-01
1.240740e-01
1.022790e-01
9.745772e-02
1.082344e-01
1.297256e-01
1.544346e-01
1.768607e-01
1.947198e-01
2.057914e-01
2.100520e-01
2.097156e-01
2.066086e-01
2.036711e-01
2.043016e-01
2.087741e-01
2.150651e-01
2.205520e-01
2.227657e-01
2.194446e-01
2.070713e-01
1.846393e-01
1.551791e-01
1.275642e-01
1.109739e-01
1.097593e-01
1.237812e-01
1.447442e-01
1.644778e-01
1.782894e-01
1.811186e-01
1.686160e-01
1.415814e-01
1.052513e-01
6.957142e-02
4.265451e-02
2.482858e-02
9.499468e-03
-1.154306e-02
-3.898618e-02
-6.721533e-02
-9.156118e-02
-1.100245e-01
-1.226867e-01
-1.351398e-01
-1.546399e-01
-1.829576e-01
-2.185899e-01
-2.577051e-01
-2.946954e-01
-3.258497e-01
-3.479459e-01
-3.573433e-01
-3.525545e-01
-3.325988e-01
-2.960921e-01
-2.413737e-01
-1.755144e-01
-1.144471e-01
-6.058474e-02
-1.052483e-02
2.707056e-02
4.447168e-02
3.992655e-02
1.571273e-02
-1.830504e-02
-4.382265e-02
-4.998923e-02
-3.679410e-02
-1.088804e-02
2.085957e-02
5.511730e-02
9.088747e-02
1.226342e-01
1.406008e-01
1.370937e-01
1.136327e-01
7.759534e-02
3.853669e-02
4.540944e-03
-1.638306e-02
-1.730241e-02
-2.812132e-03
1.791874e-02
2.966502e-02
1.581266e-02
-2.567326e-02
-8.251837e-02
-1.420341e-01
-2.014984e-01
-2.648410e-01
-3.467296e-01
-4.574900e-01
-5.762590e-01
-6.634596e-01
-6.973476e-01
-6.783346e-01
-6.123905e-01
-5.143525e-01
-4.106534e-01
-3.283053e-01
-2.786502e-01
-2.515748e-01
-2.281867e-01
-1.950275e-01
-1.418432e-01
-6.304996e-02
3.165408e-02
1.263077e-01
2.083505e-01
2.670791e-01
3.025189e-01
3.156773e-01
3.025107e-01
2.603872e-01
1.929217e-01
1.101856e-01
1.613404e-02
-9.072997e-02
-1.819851e-01
-2.162674e-01
-1.652444e-01
-5.100317e-02
5.604837e-02
1.154342e-01
1.412315e-01
1.531431e-01
1.661837e-01
1.816820e-01
1.886912e-01
1.742193e-01
1.318111e-01
6.111994e-02
-3.017689e-02
-1.307853e-01
-2.250735e-01
-3.018405e-01
-3.616805e-01
-4.025955e-01
-4.236102e-01
-4.313574e-01
-4.367594e-01
-4.451983e-01
-4.432740e-01
-4.223004e-01
-3.883007e-01
-3.450021e-01
-2.916681e-01
-2.234742e-01
-1.342316e-01
-2.637610e-02
8.381301e-02
1.731728e-01
2.259203e-01
2.406826e-01
2.250666e-01
1.881318e-01
1.375999e-01
7.991128e-02
2.180225e-02
-2.981463e-02
-6.718953e-02
-8.213884e-02
-6.847564e-02
-2.897746e-02
2.356904e-02
7.564328e-02
1.162833e-01
1.452988e-01
1.658962e-01
1.783108e-01
1.857429e-01
1.938869e-01
2.063683e-01
2.187767e-01
2.256628e-01
2.270105e-01
2.234007e-01
2.161427e-01
2.065960e-01
1.960159e-01
1.867245e-01
1.796310e-01
1.750426e-01
1.734500e-01
1.739018e-01
1.738140e-01
1.706028e-01
1.630732e-01
1.510547e-01
1.361726e-01
1.216288e-01
1.112712e-01
1.074148e-01
1.099052e-01
1.160773e-01
1.223538e-01
1.261770e-01
1.249857e-01
1.183889e-01
1.077930e-01
9.534065e-02
8.409559e-02
7.707681e-02
7.589606e-02
7.997579e-02
8.640162e-02
9.305023e-02
9.810396e-02
1.011581e-01
1.027471e-01
1.037058e-01
1.052313e-01
1.082837e-01
1.121622e-01
1.161484e-01
1.194081e-01
1.216060e-01
1.230753e-01
1.239009e-01
1.239261e-01
1.226557e-01
1.196021e-01
1.139689e-01
1.046692e-01
9.194115e-02
7.666972e-02
5.967967e-02
4.263678e-02
2.737530e-02
1.464838e-02
5.900074e-03
1.015146e-03
-1.483055e-03
-2.176022e-03
-2.159258e-03
-1.771500e-03
-1.868244e-03
-3.221701e-03
-6.576352e-03
-1.270984e-02
-2.173173e-02
-3.361522e-02
-4.856415e-02
-6.634597e-02
-8.554423e-02
-1.037090e-01
-1.190465e-01
-1.297754e-01
-1.337252e-01
-1.302474e-01
-1.194258e-01
-1.028618e-01
-8.343303e-02
-6.306295e-02
-4.387276e-02
-2.687902e-02
-1.259911e-02
-1.259112e-03
8.697930e-03
1.893226e-02
2.726126e-02
3.081706e-02
2.973528e-02
2.309656e-02
9.565559e-03
-1.125425e-02
-3.662860e-02
-6.203740e-02
-8.380740e-02
-1.001700e-01
-1.102289e-01
-1.139167e-01
-1.123503e-01
-1.076848e-01
-1.027226e-01
-9.928812e-02
-9.807838e-02
-9.741097e-02
-9.593245e-02
-9.419697e-02
-9.260764e-02
-9.153015e-02
-9.119816e-02
-9.184960e-02
-9.368604e-02
-9.597448e-02
-9.837855e-02
-1.007989e-01
-1.028850e-01
-1.055811e-01
-1.091946e-01
-1.130768e-01
-1.163649e-01
-1.180855e-01
-1.176612e-01
-1.154924e-01
-1.125753e-01
-1.095134e-01
-1.065020e-01
-1.031479e-01
-9.834203e-02
-9.077051e-02
-7.893439e-02
-6.228981e-02
-4.254617e-02
-2.294560e-02
-5.765997e-03
8.179860e-03
1.855240e-02
2.604972e-02
3.062209e-02
3.235184e-02
3.354922e-02
3.635635e-02
4.147599e-02
4.768342e-02
5.312524e-02
5.652626e-02
5.773724e-02
5.751178e-02
5.713888e-02
5.730753e-02
5.849617e-02
6.051396e-02
6.183609e-02
6.106759e-02
5.779955e-02
5.232198e-02
4.487966e-02
3.607713e-02
2.705921e-02
2.002067e-02
1.633027e-02
1.626109e-02
1.889452e-02
2.286609e-02
2.739597e-02
3.225413e-02
3.826727e-02
4.612958e-02
5.527352e-02
6.447249e-02
7.200379e-02
7.765060e-02
8.099827e-02
8.055604e-02
7.603717e-02
6.909332e-02
6.172537e-02
5.586399e-02
5.399185e-02
5.756443e-02
6.642812e-02
7.955690e-02
9.475696e-02
1.099752e-01
1.236691e-01
1.335828e-01
1.384980e-01
1.393929e-01
1.364909e-01
1.284874e-01
1.164172e-01
1.033484e-01
9.176181e-02
8.354329e-02
8.064662e-02
8.360285e-02
9.033760e-02
9.770743e-02
1.023459e-01
1.023146e-01
9.804227e-02
9.062694e-02
8.280075e-02
7.708294e-02
7.469138e-02
7.524511e-02
7.678588e-02
7.669585e-02
7.280682e-02
6.361811e-02
4.878990e-02
3.008821e-02
1.011133e-02
-8.572333e-03
-2.386636e-02
-3.499232e-02
-4.058791e-02
-4.110918e-02
-3.812959e-02
-3.365313e-02
-2.933762e-02
-2.675795e-02
-2.705253e-02
-3.031918e-02
-3.647892e-02
-4.436307e-02
-5.281818e-02
-6.050351e-02
-6.672550e-02
-7.115899e-02
-7.373972e-02
-7.553044e-02
-7.730686e-02
-7.919699e-02
-8.178167e-02
-8.508127e-02
-8.877077e-02
-9.289538e-02
-9.715782e-02
-1.005604e-01
-1.023116e-01
-1.023393e-01
-1.012099e-01
-9.918314e-02
-9.607762e-02
-9.201961e-02
-8.719508e-02
-8.219445e-02
-7.634447e-02
-6.880700e-02
-5.916115e-02
-4.815989e-02
-3.726995e-02
-2.717508e-02
-1.879647e-02
-1.324446e-02
-1.117001e-02
-1.210205e-02
-1.491673e-02
-1.774684e-02
-1.895898e-02
-1.865110e-02
-1.783280e-02
-1.717059e-02
-1.758757e-02
-1.959313e-02
-2.285948e-02
-2.655144e-02
-2.905350e-02
-2.895359e-02
-2.633117e-02
-2.218471e-02
-1.713422e-02
-1.252272e-02
-9.623732e-03
-8.506548e-03
-8.774997e-03
-9.680562e-03
-1.043749e-02
-9.740930e-03
-7.043423e-03
-3.287865e-03
6.226355e-04
3.747814e-03
4.927404e-03
3.275985e-03
-1.338816e-03
-7.704300e-03
-1.462631e-02
-2.068042e-02
-2.497703e-02
-2.738188e-02
-2.834493e-02
-2.900940e-02
-3.072556e-02
-3.364400e-02
-3.747849e-02
-4.243463e-02
-4.767348e-02
-5.256118e-02
-5.652974e-02
-5.856689e-02
-5.802679e-02
-5.487860e-02
-4.996972e-02
-4.435421e-02
-3.870820e-02
-3.346853e-02
-2.890647e-02
-2.398203e-02
-1.775988e-02
-9.924621e-03
-8.546524e-04
8.880667e-03
1.849540e-02
2.740183e-02
3.413172e-02
3.863514e-02
4.093762e-02
4.117752e-02
4.010285e-02
3.842945e-02
3.722183e-02
3.730445e-02
3.966801e-02
4.394970e-02
4.926022e-02
5.440606e-02
5.845924e-02
6.094559e-02
6.207714e-02
6.142273e-02
5.868481e-02
5.439564e-02
4.857955e-02
4.185347e-02
3.542286e-02
3.032757e-02
2.712899e-02
2.603638e-02
2.628947e-02
2.705958e-02
2.806524e-02
2.897316e-02
2.915136e-02
2.870889e-02
2.727029e-02
2.438215e-02
2.003088e-02
1.447276e-02
8.104977e-03
1.702482e-03
-3.960907e-03
-8.687468e-03
-1.267830e-02
-1.626606e-02
-1.978901e-02
-2.352277e-02
-2.741583e-02
-3.041835e-02
-3.178332e-02
-3.126259e-02
-2.869624e-02
-2.506503e-02
-2.126941e-02
-1.767876e-02
-1.400633e-02
-9.863000e-03
-4.650987e-03
2.883946e-03
1.310934e-02
2.472844e-02
3.669266e-02
4.732009e-02
5.470492e-02
5.780307e-02
5.682244e-02
5.318601e-02
4.826866e-02
4.355217e-02
4.021976e-02
3.941824e-02
4.173329e-02
4.650667e-02
5.243698e-02
5.778908e-02
6.091542e-02
6.088950e-02
5.782860e-02
5.293102e-02
4.717604e-02
4.116539e-02
3.624908e-02
3.350733e-02
3.331162e-02
3.505743e-02
3.720210e-02
3.840407e-02
3.732211e-02
3.294309e-02
2.484434e-02
1.423816e-02
3.338392e-03
-5.596675e-03
-1.107451e-02
-1.308949e-02
-1.282820e-02
-1.179831e-02
-1.178335e-02
-1.410608e-02
-1.918622e-02
-2.668634e-02
-3.580716e-02
-4.486027e-02
-5.270975e-02
-5.874824e-02
-6.207592e-02
-6.145384e-02
-5.622391e-02
-4.635801e-02
-3.252256e-02
-1.671298e-02
-1.788309e-03
9.233781e-03
1.456640e-02
1.415982e-02
8.947648e-03
1.540322e-03
-4.504290e-03
-6.893910e-03
-4.351272e-03
3.164593e-03
1.334576e-02
2.294991e-02
2.877423e-02
2.856618e-02
2.309881e-02
1.393855e-02
3.221334e-03
-6.473293e-03
-1.340586e-02
-1.658223e-02
-1.655037e-02
-1.501254e-02
-1.432289e-02
-1.623143e-02
-2.106888e-02
-2.818825e-02
-3.624211e-02
-4.340693e-02
-4.767845e-02
-4.845586e-02
-4.656443e-02
-4.344010e-02
-4.157188e-02
-4.269866e-02
-4.697928e-02
-5.397478e-02
-6.163099e-02
-6.762294e-02
-7.025933e-02
-6.963376e-02
-6.618086e-02
-6.124652e-02
-5.678228e-02
-5.370914e-02
-5.188953e-02
-5.057979e-02
-4.916801e-02
-4.687931e-02
-4.350749e-02
-3.968927e-02
-3.571716e-02
-3.234857e-02
-2.987296e-02
-2.798876e-02
-2.661247e-02
-2.565072e-02
-2.418549e-02
-2.137562e-02
-1.701647e-02
-1.122651e-02
-5.047721e-03
8.651429e-06
2.814631e-03
3.073070e-03
1.229333e-03
-1.414204e-03
-3.218980e-03
-2.882978e-03
1.523854e-04
5.729435e-03
1.315983e-02
2.127707e-02
2.874478e-02
3.399041e-02
3.672134e-02
3.705771e-02
3.457403e-02
2.962363e-02
2.322599e-02
1.718275e-02
1.246134e-02
9.528262e-03
8.758797e-03
9.211103e-03
9.435640e-03
7.457542e-03
1.701574e-03
-7.030244e-03
-1.706315e-02
-2.604895e-02
-3.209047e-02
-3.507881e-02
-3.534628e-02
-3.427063e-02
-3.368473e-02
-3.510834e-02
-3.878455e-02
-4.405642e-02
-4.937635e-02
-5.206268e-02
-5.030319e-02
-4.383798e-02
-3.338804e-02
-2.094864e-02
-9.077761e-03
2.925483e-04
5.640213e-03
5.967443e-03
2.126616e-03
-5.195848e-03
-1.449986e-02
-2.209947e-02
-2.500062e-02
-2.174647e-02
-1.174471e-02
3.472321e-03
2.100487e-02
3.930276e-02
5.708860e-02
7.310754e-02
8.539298e-02
9.316114e-02
9.625201e-02
9.485730e-02
8.957243e-02
8.114578e-02
7.093547e-02
6.028388e-02
5.122092e-02
4.545472e-02
4.256058e-02
4.257373e-02
4.542839e-02
5.013579e-02
5.544183e-02
6.005215e-02
6.236471e-02
6.085389e-02
5.431059e-02
4.357876e-02
3.014352e-02
1.542093e-02
1.094684e-03
-1.108752e-02
-2.027338e-02
-2.622724e-02
-2.887267e-02
-2.923905e-02
-2.832391e-02
-2.721984e-02
-2.638970e-02
-2.597889e-02
-2.576809e-02
-2.466877e-02
-2.172193e-02
-1.671907e-02
-1.063783e-02
-3.447262e-03
4.151566e-03
1.079204e-02
1.478404e-02
1.465558e-02
1.041120e-02
3.375785e-03
-4.198372e-03
-1.008498e-02
-1.276212e-02
-1.170113e-02
-7.595498e-03
-2.032824e-03
3.107502e-03
6.743779e-03
9.197531e-03
1.085727e-02
1.273419e-02
1.596340e-02
2.076094e-02
2.609098e-02
3.131765e-02
3.458489e-02
3.388691e-02
2.880848e-02
2.040811e-02
1.067048e-02
1.254876e-03
-5.853568e-03
-8.885706e-03
-7.638470e-03
-3.857236e-03
8.666105e-04
4.406841e-03
5.681540e-03
4.828941e-03
2.858665e-03
8.624547e-04
-1.353718e-04
4.366775e-04
2.242629e-03
3.785003e-03
4.253359e-03
3.741641e-03
2.552580e-03
1.709835e-03
1.686014e-03
2.626478e-03
4.223220e-03
5.865663e-03
7.169647e-03
7.553394e-03
6.989252e-03
5.579893e-03
3.684452e-03
2.319055e-03
1.520366e-03
1.401636e-03
1.825769e-03
2.612659e-03
3.219290e-03
4.058190e-03
6.045956e-03
9.607743e-03
1.446585e-02
2.039319e-02
2.738171e-02
3.400766e-02
3.868516e-02
4.025363e-02
3.832725e-02
3.335481e-02
2.711616e-02
2.257979e-02
2.113827e-02
2.276109e-02
2.709888e-02
3.220421e-02
3.571584e-02
3.575345e-02
3.183384e-02
2.478062e-02
1.596817e-02
7.003309e-03
-8.307915e-04
-7.115399e-03
-1.169925e-02
-1.516593e-02
-1.813078e-02
-2.054315e-02
-2.205185e-02
-2.267050e-02
-2.277418e-02
-2.236513e-02
-2.217471e-02
-2.296891e-02
-2.495091e-02
-2.768722e-02
-3.062658e-02
-3.262853e-02
-3.255439e-02
-3.044143e-02
-2.675293e-02
-2.253862e-02
-1.908546e-02
-1.705944e-02
-1.654971e-02
-1.642346e-02
-1.539843e-02
-1.280670e-02
-8.517336e-03
-4.248814e-03
-2.134906e-03
-3.382958e-03
-7.787308e-03
-1.435369e-02
-2.065709e-02
-2.456852e-02
-2.560254e-02
-2.360017e-02
-1.920305e-02
-1.458170e-02
-1.151791e-02
-1.013602e-02
-9.863800e-03
-9.355773e-03
-7.862250e-03
-4.345546e-03
6.624542e-04
5.765843e-03
9.420704e-03
1.082165e-02
1.079212e-02
1.104988e-02
1.268708e-02
1.593142e-02
2.004075e-02
2.290042e-02
2.267690e-02
1.835099e-02
1.011285e-02
-9.140391e-04
-1.262545e-02
-2.316182e-02
-3.132185e-02
-3.661756e-02
-3.970654e-02
-4.167872e-02
-4.300155e-02
-4.434280e-02
-4.537749e-02
-4.513360e-02
-4.368430e-02
-4.171216e-02
-3.951278e-02
-3.725954e-02
-3.528131e-02
-3.282110e-02
-2.944355e-02
-2.501747e-02
-1.991810e-02
-1.445668e-02
-9.379588e-03
-5.438141e-03
-2.688749e-03
-1.079478e-03
-3.830422e-04
3.305266e-04
2.082004e-03
5.398404e-03
1.059542e-02
1.756364e-02
2.477587e-02
3.061504e-02
3.379057e-02
3.334168e-02
2.973668e-02
2.421329e-02
1.896939e-02
1.589835e-02
1.579136e-02
1.906872e-02
2.394721e-02
2.783797e-02
2.883375e-02
2.587495e-02
1.959274e-02
1.212111e-02
6.376607e-03
4.292581e-03
6.151547e-03
1.106217e-02
1.666049e-02
1.957289e-02
1.755383e-02
9.598101e-03
-2.661265e-03
-1.604533e-02
-2.703772e-02
-3.276483e-02
-3.274754e-02
-2.866823e-02
-2.315846e-02
-1.885377e-02
-1.767758e-02
-2.044425e-02
-2.614444e-02
-3.323235e-02
-4.035039e-02
-4.690330e-02
-5.260520e-02
-5.650774e-02
-5.878591e-02
-5.953925e-02
-5.858987e-02
-5.607060e-02
-5.250278e-02
-4.863978e-02
-4.525512e-02
-4.305433e-02
-4.192749e-02
-4.166934e-02
-4.169594e-02
-4.118271e-02
-3.966591e-02
-3.680844e-02
-3.291415e-02
-2.804692e-02
-2.338836e-02
-2.008321e-02
-1.828682e-02
-1.764976e-02
-1.742094e-02
-1.695158e-02
-1.536211e-02
-1.188637e-02
-7.344372e-03
-2.467782e-03
2.113745e-03
5.433669e-03
7.019508e-03
7.277213e-03
6.798468e-03
6.955438e-03
9.317856e-03
1.418066e-02
2.083320e-02
2.835120e-02
3.566860e-02
4.186776e-02
4.640900e-02
4.848656e-02
4.786203e-02
4.462239e-02
3.938728e-02
3.310831e-02
2.689023e-02
2.204639e-02
1.951795e-02
1.958363e-02
2.163889e-02
2.434253e-02
2.677748e-02
2.826691e-02
2.866299e-02
2.861613e-02
2.913167e-02
3.152615e-02
3.563009e-02
4.021670e-02
4.387974e-02
4.536905e-02
4.386588e-02
3.918461e-02
3.276538e-02
2.686959e-02
2.328734e-02
2.282953e-02
2.488616e-02
2.742756e-02
2.856059e-02
2.819267e-02
2.712012e-02
2.631728e-02
2.686401e-02
2.955803e-02
3.376736e-02
3.805576e-02
4.116540e-02
4.171221e-02
3.966660e-02
3.620330e-02
3.242645e-02
2.873848e-02
2.520401e-02
2.165069e-02
1.780130e-02
1.388823e-02
1.080837e-02
1.018829e-02
1.236744e-02
1.637920e-02
2.043300e-02
2.297629e-02
2.253657e-02
1.835921e-02
1.144123e-02
3.627967e-03
-2.874870e-03
-6.342642e-03
-7.332818e-03
-7.277813e-03
-7.771140e-03
-1.044855e-02
-1.559484e-02
-2.259251e-02
-2.997765e-02
-3.560615e-02
-3.793657e-02
-3.675214e-02
-3.277690e-02
-2.744863e-02
-2.226960e-02
-1.854511e-02
-1.640037e-02
-1.572338e-02
-1.604423e-02
-1.703056e-02
-1.820012e-02
-1.941191e-02
-2.086003e-02
-2.179433e-02
-2.166244e-02
-2.029775e-02
-1.746227e-02
-1.312642e-02
-7.890398e-03
-2.761552e-03
1.408345e-03
3.788351e-03
3.880577e-03
2.259701e-03
-5.290729e-04
-3.856080e-03
-6.543177e-03
-7.527998e-03
-6.530277e-03
-4.447040e-03
-2.258499e-03
-1.172043e-03
-1.878661e-03
-4.681925e-03
-9.213851e-03
-1.412900e-02
-1.711719e-02
-1.716859e-02
-1.523708e-02
-1.269311e-02
-1.136392e-02
-1.264948e-02
-1.686004e-02
-2.308396e-02
-2.967830e-02
-3.451670e-02
-3.603136e-02
-3.396075e-02
-3.016723e-02
-2.645241e-02
-2.420644e-02
-2.475985e-02
-2.817288e-02
-3.286493e-02
-3.657108e-02
-3.778342e-02
-3.592596e-02
-3.157859e-02
-2.598162e-02
-2.043079e-02
-1.571228e-02
-1.222321e-02
-1.014136e-02
-9.313370e-03
-8.913676e-03
-8.114710e-03
-6.800361e-03
-4.860037e-03
-2.354158e-03
4.831380e-04
3.886609e-03
8.088312e-03
1.297291e-02
1.844321e-02
2.418934e-02
2.927338e-02
3.305419e-02
3.466998e-02
3.352346e-02
2.989641e-02
2.477778e-02
1.974414e-02
1.603513e-02
1.373520e-02
1.214374e-02
1.069904e-02
9.178692e-03
7.495908e-03
6.332950e-03
6.674374e-03
8.839548e-03
1.240901e-02
1.571044e-02
1.761766e-02
1.707824e-02
1.405629e-02
1.011383e-02
6.928631e-03
5.947083e-03
7.720728e-03
1.163312e-02
1.684799e-02
2.180544e-02
2.538560e-02
2.696033e-02
2.588775e-02
2.289081e-02
1.919606e-02
1.548517e-02
1.211760e-02
9.768946e-03
8.192161e-03
7.541053e-03
8.320927e-03
1.025267e-02
1.354896e-02
1.825753e-02
2.399683e-02
2.960949e-02
3.377316e-02
3.518836e-02
3.279430e-02
2.688193e-02
1.960671e-02
1.417473e-02
1.241482e-02
1.431689e-02
1.864065e-02
2.305620e-02
2.593013e-02
2.676948e-02
2.612422e-02
2.526662e-02
2.557812e-02
2.733380e-02
2.969600e-02
3.183466e-02
3.295287e-02
3.257713e-02
3.088097e-02
2.901624e-02
2.786802e-02
2.755536e-02
2.795870e-02
2.796192e-02
2.665585e-02
2.386289e-02
1.978584e-02
1.535072e-02
1.193700e-02
1.046911e-02
1.143185e-02
1.416812e-02
1.704779e-02
1.808551e-02
1.598815e-02
1.054967e-02
2.740680e-03
-5.843911e-03
-1.294454e-02
-1.670309e-02
-1.651404e-02
-1.290829e-02
-7.350338e-03
-1.313146e-03
3.470066e-03
5.934280e-03
6.008167e-03
4.177719e-03
1.295802e-03
-1.708046e-03
-4.077621e-03
-5.382129e-03
-5.290635e-03
-4.117231e-03
-2.660591e-03
-1.503207e-03
-1.231940e-03
-2.364104e-03
-5.139262e-03
-9.038171e-03
-1.304663e-02
-1.613629e-02
-1.767770e-02
-1.743661e-02
-1.627441e-02
-1.561695e-02
-1.649516e-02
-1.959552e-02
-2.496492e-02
-3.220421e-02
-3.999080e-02
-4.697073e-02
-5.201581e-02
-5.421935e-02
-5.389020e-02
-5.240187e-02
-5.089877e-02
-4.999025e-02
-4.993964e-02
-5.035161e-02
-5.031831e-02
-4.872450e-02
-4.503062e-02
-3.968497e-02
-3.347620e-02
-2.731100e-02
-2.229355e-02
-1.875834e-02
-1.618763e-02
-1.390069e-02
-1.174636e-02
-9.974436e-03
-8.648126e-03
-7.778949e-03
-7.254729e-03
-6.148987e-03
-3.975028e-03
-2.970600e-04
4.479038e-03
9.470621e-03
1.331824e-02
1.491656e-02
1.366883e-02
9.631103e-03
3.647590e-03
-2.679864e-03
-7.582942e-03
-9.765306e-03
-8.719916e-03
-4.859366e-03
-2.543209e-05
3.549149e-03
4.606818e-03
3.210166e-03
1.115094e-04
-3.412338e-03
-6.114122e-03
-7.062139e-03
-6.548769e-03
-4.970466e-03
-2.746708e-03
-2.467068e-04
2.130016e-03
4.187804e-03
6.496027e-03
9.046386e-03
1.142504e-02
1.327494e-02
1.458989e-02
1.528569e-02
1.568437e-02
1.635329e-02
1.694022e-02
1.715636e-02
1.714130e-02
1.713434e-02
1.696755e-02
1.635802e-02
1.556705e-02
1.488758e-02
1.490737e-02
1.555044e-02
1.621269e-02
1.680937e-02
1.658617e-02
1.487006e-02
1.165151e-02
7.260909e-03
2.599153e-03
-1.298128e-03
-3.584646e-03
-3.632659e-03
-1.900454e-03
7.790984e-04
3.805958e-03
6.352197e-03
8.275085e-03
9.664481e-03
1.041811e-02
1.049625e-02
9.750301e-03
7.973333e-03
5.353944e-03
2.620378e-03
1.759136e-04
-1.122068e-03
-1.274555e-03
-2.046495e-04
1.912473e-03
4.336168e-03
6.071953e-03
6.488706e-03
5.086507e-03
2.075512e-03
-1.794540e-03
-5.637482e-03
-9.100512e-03
-1.179813e-02
-1.309308e-02
-1.257304e-02
-1.059229e-02
-7.563018e-03
-4.264994e-03
-1.078484e-03
1.835331e-03
4.594357e-03
7.018387e-03
8.760732e-03
9.675788e-03
9.234694e-03
7.129910e-03
2.858685e-03
-2.719996e-03
-7.793838e-03
-1.076069e-02
-1.059748e-02
-8.054716e-03
-4.415771e-03
-1.516076e-03
-1.478711e-03
-4.676451e-03
-9.909732e-03
-1.529417e-02
-1.869081e-02
-1.885376e-02
-1.566227e-02
-1.009445e-02
-4.137383e-03
5.274576e-04
2.537910e-03
1.160564e-03
-3.257637e-03
-9.422761e-03
-1.594324e-02
-2.074288e-02
-2.316835e-02
-2.286866e-02
-2.018448e-02
-1.641472e-02
-1.309244e-02
-1.169211e-02
-1.234133e-02
-1.434049e-02
-1.597536e-02
-1.594996e-02
-1.417563e-02
-1.097270e-02
-7.141890e-03
-4.350235e-03
-3.792625e-03
-5.500405e-03
-8.504245e-03
-1.147414e-02
-1.326656e-02
-1.337970e-02
-1.164466e-02
-8.677587e-03
-5.362463e-03
-2.464705e-03
-1.746406e-04
1.150991e-03
1.894395e-03
2.281272e-03
2.087312e-03
2.086924e-03
2.700656e-03
3.164700e-03
2.882555e-03
1.471726e-03
-7.281917e-04
-3.489478e-03
-5.925460e-03
-7.166483e-03
-7.074375e-03
-6.259820e-03
-5.151909e-03
-4.305576e-03
-3.988426e-03
-3.718373e-03
-2.434272e-03
-2.705019e-05
3.607937e-03
8.413423e-03
1.359992e-02
1.763768e-02
1.952768e-02
1.924022e-02
1.727213e-02
1.437143e-02
1.174265e-02
1.044411e-02
1.093550e-02
1.242662e-02
1.426949e-02
1.544518e-02
1.574357e-02
1.497612e-02
1.391140e-02
1.387518e-02
1.549232e-02
1.748163e-02
1.868573e-02
1.757670e-02
1.287826e-02
5.204348e-03
-3.729872e-03
-1.156123e-02
-1.570064e-02
-1.501010e-02
-9.429007e-03
-6.939908e-04
8.306566e-03
1.431702e-02
1.540035e-02
1.148964e-02
4.237793e-03
-3.502876e-03
-8.847575e-03
-1.009221e-02
-7.917003e-03
-4.184378e-03
-1.156919e-03
-3.918594e-04
-2.467089e-03
-6.596847e-03
-1.115908e-02
-1.392462e-02
-1.320518e-02
-8.966276e-03
-2.323458e-03
4.682423e-03
9.752707e-03
1.174277e-02
1.063467e-02
6.900609e-03
1.674290e-03
-3.074695e-03
-5.839110e-03
-5.934568e-03
-3.527118e-03
-1.186493e-04
2.853256e-03
3.984469e-03
2.507201e-03
-9.756854e-04
-4.810677e-03
-7.453880e-03
-7.961810e-03
-6.289264e-03
-2.976934e-03
4.987046e-04
2.136626e-03
1.156760e-03
-1.682712e-03
-4.796756e-03
-6.535174e-03
-6.290303e-03
-4.152224e-03
-1.181333e-03
1.412914e-03
2.102466e-03
3.494022e-04
-2.912851e-03
-6.389047e-03
-8.964962e-03
-9.835834e-03
-8.607600e-03
-5.467360e-03
-1.277593e-03
2.642893e-03
5.586644e-03
6.735268e-03
5.708106e-03
3.081061e-03
-1.010750e-05
-2.320917e-03
-3.353779e-03
-3.354000e-03
-2.956488e-03
-3.014028e-03
-4.354106e-03
-6.972529e-03
-1.026908e-02
-1.278206e-02
-1.332183e-02
-1.138325e-02
-7.452110e-03
-2.561531e-03
1.811708e-03
4.199308e-03
4.348175e-03
3.015018e-03
1.400954e-03
3.221686e-04
1.109268e-04
1.014113e-03
3.199650e-03
6.196259e-03
9.556050e-03
1.288005e-02
1.572674e-02
1.782145e-02
1.866648e-02
1.815342e-02
1.657358e-02
1.433664e-02
1.174480e-02
9.295271e-03
7.671452e-03
7.106756e-03
7.548973e-03
8.843109e-03
1.072627e-02
1.267168e-02
1.419928e-02
1.526836e-02
1.538248e-02
1.506981e-02
1.454638e-02
1.417929e-02
1.400648e-02
1.407826e-02
1.472609e-02
1.497840e-02
1.401939e-02
1.184903e-02
8.164531e-03
2.687999e-03
-3.349119e-03
-7.734194e-03
-8.955297e-03
-6.619630e-03
-1.304450e-03
5.751126e-03
1.238599e-02
1.663831e-02
1.746815e-02
1.524444e-02
1.142772e-02
7.504143e-03
4.620365e-03
3.208969e-03
2.867255e-03
2.946271e-03
2.621115e-03
1.300732e-03
-7.054858e-04
-2.765353e-03
-3.758989e-03
-2.948787e-03
-9.481502e-04
1.342065e-03
3.677949e-03
4.843139e-03
4.103989e-03
1.631359e-03
-1.689328e-03
-4.791291e-03
-6.573279e-03
-6.673011e-03
-5.787320e-03
-4.918032e-03
-5.047419e-03
-6.506070e-03
-8.937542e-03
-1.164949e-02
-1.409921e-02
-1.528175e-02
-1.480536e-02
-1.291108e-02
-1.023372e-02
-7.215408e-03
-5.166961e-03
-4.956287e-03
-6.455856e-03
-8.941482e-03
-1.141388e-02
-1.330636e-02
-1.435633e-02
-1.439225e-02
-1.399696e-02
-1.348713e-02
-1.328544e-02
-1.346255e-02
-1.384734e-02
-1.446922e-02
-1.488927e-02
-1.492309e-02
-1.410581e-02
-1.220316e-02
-9.599469e-03
-7.018231e-03
-5.694235e-03
-5.693795e-03
-6.993223e-03
-9.049827e-03
-1.103331e-02
-1.219891e-02
-1.203783e-02
-1.062599e-02
-8.423976e-03
-5.740488e-03
-3.564681e-03
-2.846776e-03
-3.711096e-03
-5.296781e-03
-6.516154e-03
-6.809587e-03
-5.788282e-03
-3.371421e-03
-3.398975e-04
1.609974e-03
1.790014e-03
8.510968e-04
-5.387810e-04
-2.153618e-03
-3.319391e-03
-3.303464e-03
-2.537669e-03
-1.637482e-03
-1.096099e-03
-9.827481e-04
-1.056584e-03
-1.320610e-03
-1.432328e-03
-1.114710e-03
-5.531176e-05
1.880987e-03
3.996112e-03
5.633793e-03
6.295847e-03
5.767976e-03
4.294431e-03
1.997357e-03
-3.305039e-04
-1.389309e-03
-5.428007e-04
1.657112e-03
4.096544e-03
6.317738e-03
8.013639e-03
8.405910e-03
7.725120e-03
6.339713e-03
4.954530e-03
3.900499e-03
3.051545e-03
2.921136e-03
2.951256e-03
2.798823e-03
2.716379e-03
2.482357e-03
1.728523e-03
9.070338e-04
6.241728e-04
1.103158e-03
2.361204e-03
3.914417e-03
4.936513e-03
4.675636e-03
3.057720e-03
8.639991e-04
-1.107931e-03
-2.025192e-03
-1.283049e-03
6.652891e-04
2.794923e-03
3.878218e-03
3.213218e-03
9.770264e-04
-1.857639e-03
-4.425806e-03
-6.201578e-03
-6.425033e-03
-4.960835e-03
-2.794295e-03
-5.815209e-04
1.098969e-03
1.477865e-03
4.621676e-04
-1.223739e-03
-2.726147e-03
-2.985245e-03
-1.391376e-03
1.896859e-03
5.678341e-03
8.508252e-03
9.538512e-03
8.402525e-03
5.223213e-03
1.282482e-03
-1.610915e-03
-2.186935e-03
-3.868323e-04
3.004774e-03
6.876965e-03
9.333557e-03
9.523266e-03
7.501664e-03
3.609393e-03
-7.551498e-04
-3.936418e-03
-5.256690e-03
-4.617921e-03
-2.540912e-03
-5.781530e-04
4.924594e-04
3.941126e-04
-1.175922e-03
-3.226563e-03
-4.709228e-03
-5.272161e-03
-5.069317e-03
-4.850466e-03
-5.198722e-03
-6.437000e-03
-8.129006e-03
-9.400629e-03
-9.350902e-03
-7.781233e-03
-4.912036e-03
-1.196086e-03
1.978601e-03
3.381064e-03
3.192999e-03
2.205630e-03
8.944875e-04
2.741569e-04
9.423984e-04
2.674268e-03
4.944140e-03
6.585486e-03
6.637106e-03
5.189000e-03
2.827888e-03
-1.439323e-05
-2.126491e-03
-2.674080e-03
-2.059980e-03
-5.049121e-04
8.209328e-04
1.094425e-03
5.449914e-04
-1.021462e-03
-3.086146e-03
-4.370516e-03
-4.330235e-03
-2.767635e-03
-9.394179e-05
2.681077e-03
4.759202e-03
5.818833e-03
5.828667e-03
4.862116e-03
3.483479e-03
2.379471e-03
2.200067e-03
2.909276e-03
4.447207e-03
6.276617e-03
7.798032e-03
8.851335e-03
9.102569e-03
8.470742e-03
6.900292e-03
5.046070e-03
3.868989e-03
3.752580e-03
4.071238e-03
4.328791e-03
3.708655e-03
1.155089e-03
-2.974622e-03
-7.260925e-03
-1.074673e-02
-1.247448e-02
-1.204930e-02
-1.014114e-02
-7.640944e-03
-5.898017e-03
-5.375797e-03
-5.609593e-03
-6.427233e-03
-7.275638e-03
-7.509406e-03
-6.952703e-03
-6.113496e-03
-5.484108e-03
-5.408892e-03
-5.699291e-03
-6.060278e-03
-5.592989e-03
-4.078868e-03
-1.638048e-03
9.836582e-04
3.193483e-03
5.061891e-03
6.214320e-03
6.613359e-03
6.074537e-03
4.768861e-03
3.185198e-03
1.614491e-03
2.120963e-04
-9.917656e-04
-1.833206e-03
-2.250597e-03
-2.295154e-03
-1.910366e-03
-1.281716e-03
-9.014720e-04
-1.060054e-03
-1.581556e-03
-2.033435e-03
-1.921340e-03
-1.085124e-03
7.702300e-04
2.843801e-03
4.222848e-03
4.435674e-03
2.815799e-03
-6.311643e-05
-2.584692e-03
-3.465506e-03
-2.887529e-03
-1.098364e-03
1.954566e-03
5.351967e-03
7.845464e-03
8.751685e-03
7.883403e-03
5.440358e-03
1.751781e-03
-1.531359e-03
-3.250730e-03
-3.417091e-03
-2.118661e-03
3.982624e-04
3.609408e-03
6.899620e-03
9.135790e-03
9.624862e-03
8.434911e-03
6.187306e-03
3.124703e-03
2.775109e-04
-1.454583e-03
-1.931483e-03
-1.266895e-03
-2.096778e-05
7.518080e-04
2.067726e-04
-1.263827e-03
-3.153733e-03
-4.750921e-03
-5.610309e-03
-5.729873e-03
-5.497206e-03
-5.421416e-03
-5.593878e-03
-6.009658e-03
-6.392406e-03
-6.064396e-03
-4.739309e-03
-3.134645e-03
-1.403681e-03
2.415939e-04
1.554962e-03
2.632538e-03
3.618037e-03
4.292532e-03
4.144385e-03
3.454482e-03
2.482088e-03
1.556603e-03
9.022163e-04
6.995964e-04
1.402985e-03
2.743480e-03
4.377765e-03
6.159569e-03
7.516101e-03
7.928593e-03
7.091556e-03
4.972901e-03
1.926370e-03
-1.185058e-03
-3.529176e-03
-4.158799e-03
-2.571314e-03
7.628770e-04
4.807736e-03
8.110558e-03
9.860438e-03
9.813244e-03
8.010906e-03
5.136858e-03
2.208099e-03
4.768265e-04
-6.663949e-05
-3.860655e-05
3.877262e-04
8.488064e-04
9.938932e-04
1.100239e-03
1.414381e-03
1.808788e-03
2.120639e-03
2.222873e-03
2.005242e-03
1.742790e-03
1.456089e-03
1.032000e-03
2.857192e-04
-6.295328e-04
-1.551149e-03
-2.371205e-03
-2.967748e-03
-3.157095e-03
-3.206948e-03
-3.357339e-03
-3.250672e-03
-2.688474e-03
-1.654731e-03
-1.348599e-04
1.609175e-03
2.741508e-03
2.556761e-03
9.103483e-04
-2.074795e-03
-6.153116e-03
-9.607547e-03
-1.084706e-02
-9.336348e-03
-5.729804e-03
-1.445611e-03
1.778161e-03
2.974786e-03
2.020977e-03
-9.867514e-04
-5.013419e-03
-8.417837e-03
-1.006395e-02
-9.591200e-03
-7.902865e-03
-5.759958e-03
-3.888313e-03
-3.402216e-03
-4.254494e-03
-5.601629e-03
-6.769542e-03
-7.288157e-03
-7.359698e-03
-7.126512e-03
-6.729288e-03
-6.119649e-03
-4.875924e-03
-3.367423e-03
-1.954822e-03
-1.063198e-03
-8.856379e-04
-1.199971e-03
-1.895305e-03
-2.977689e-03
-3.668368e-03
-3.917336e-03
-3.991506e-03
-4.028918e-03
-4.868723e-03
-6.085356e-03
-7.041282e-03
-8.093348e-03
-8.969949e-03
-8.941881e-03
-8.349902e-03
-7.726874e-03
-6.897528e-03
-6.203013e-03
-5.821948e-03
-5.392095e-03
-5.214853e-03
-5.429225e-03
-5.451090e-03
-5.072478e-03
-4.158112e-03
-2.404849e-03
-1.611034e-04
2.249056e-03
4.084165e-03
4.991641e-03
4.976767e-03
4.303104e-03
3.787966e-03
3.972506e-03
5.239623e-03
7.495335e-03
1.003584e-02
1.200798e-02
1.299071e-02
1.301920e-02
1.202396e-02
1.014105e-02
8.212176e-03
6.615423e-03
5.476789e-03
5.045585e-03
4.981489e-03
4.813634e-03
4.357902e-03
4.018918e-03
4.286239e-03
5.354234e-03
7.229080e-03
9.562763e-03
1.183339e-02
1.318594e-02
1.311105e-02
1.182295e-02
9.948680e-03
8.162801e-03
6.994646e-03
6.680609e-03
6.875323e-03
6.960147e-03
6.828855e-03
6.335649e-03
5.799852e-03
5.992628e-03
6.877051e-03
8.278686e-03
9.609516e-03
1.044186e-02
1.069463e-02
1.013074e-02
8.893532e-03
7.309259e-03
5.344467e-03
3.927738e-03
3.570143e-03
3.815231e-03
4.706748e-03
5.886082e-03
6.511353e-03
5.936538e-03
4.349707e-03
2.309081e-03
1.552631e-04
-1.297792e-03
-2.229740e-03
-3.404212e-03
-5.084490e-03
-7.487866e-03
-1.024544e-02
-1.236504e-02
-1.301005e-02
-1.201443e-02
-9.850129e-03
-7.483137e-03
-5.883983e-03
-5.738633e-03
-6.642463e-03
-8.004731e-03
-9.273482e-03
-9.722531e-03
-8.944348e-03
-7.360272e-03
-5.699152e-03
-4.692160e-03
-4.869158e-03
-5.996144e-03
-7.913827e-03
-9.697717e-03
-1.107124e-02
-1.204155e-02
-1.225700e-02
-1.199678e-02
-1.126935e-02
-1.013612e-02
-9.139698e-03
-7.872558e-03
-6.281526e-03
-4.473500e-03
-2.929234e-03
-1.707552e-03
-7.251642e-04
-3.198214e-04
-7.108818e-04
-1.424791e-03
-2.014354e-03
-2.221881e-03
-1.709568e-03
-8.384627e-04
-1.365871e-04
2.946448e-04
3.363094e-04
3.380192e-04
9.411272e-04
1.886874e-03
2.787319e-03
3.814236e-03
4.403970e-03
4.140798e-03
3.158451e-03
1.769507e-03
-4.504738e-05
-2.075850e-03
-4.016394e-03
-5.693906e-03
-6.851399e-03
-7.377326e-03
-7.057328e-03
-6.129179e-03
-5.368818e-03
-5.197471e-03
-5.608999e-03
-6.360957e-03
-7.034373e-03
-6.962296e-03
-6.197486e-03
-5.261425e-03
-4.917361e-03
-5.491305e-03
-6.029887e-03
-6.042144e-03
-5.446339e-03
-4.485032e-03
-3.182124e-03
-1.380533e-03
6.488537e-04
2.732486e-03
4.466261e-03
5.907470e-03
7.089730e-03
7.586482e-03
7.599527e-03
7.345047e-03
6.424941e-03
5.102498e-03
4.205852e-03
4.201032e-03
5.165150e-03
6.781015e-03
8.410498e-03
9.422148e-03
9.824383e-03
9.455724e-03
7.997520e-03
5.959386e-03
4.442040e-03
3.799653e-03
4.143380e-03
5.151533e-03
6.112745e-03
6.434805e-03
6.031974e-03
5.396839e-03
4.986587e-03
5.760938e-03
7.471235e-03
8.964862e-03
9.697621e-03
8.864641e-03
6.454855e-03
3.215911e-03
2.038049e-05
-1.861219e-03
-1.834943e-03
-2.754432e-04
1.760297e-03
3.038467e-03
2.899437e-03
1.555016e-03
-6.159461e-04
-2.548208e-03
-3.158497e-03
-2.451461e-03
-1.245500e-03
-1.373608e-04
-1.458428e-05
-1.180071e-03
-3.034917e-03
-5.114243e-03
-6.179580e-03
-5.925732e-03
-4.888548e-03
-3.240639e-03
-1.604777e-03
-3.462250e-04
4.788375e-04
7.889531e-04
8.015622e-04
6.188277e-04
4.655005e-04
3.531933e-05
-4.363997e-04
-8.395886e-04
-1.279799e-03
-1.214675e-03
-7.269913e-04
2.131503e-04
1.594497e-03
3.098271e-03
4.241752e-03
4.644928e-03
4.363533e-03
3.234757e-03
1.614707e-03
-2.300194e-04
-1.819970e-03
-2.684563e-03
-3.127161e-03
-3.542971e-03
-4.168465e-03
-5.098850e-03
-6.130177e-03
-6.841345e-03
-6.713484e-03
-6.203147e-03
-5.337021e-03
-4.258530e-03
-3.564598e-03
-3.780944e-03
-4.680167e-03
-5.670676e-03
-6.625786e-03
-7.492379e-03
-7.952549e-03
-8.060473e-03
-7.683655e-03
-6.942261e-03
-5.905565e-03
-4.622252e-03
-3.407542e-03
-2.240049e-03
-1.312416e-03
-4.853622e-04
8.554813e-04
2.236405e-03
3.717333e-03
4.893216e-03
5.126915e-03
4.560955e-03
3.268519e-03
2.085375e-03
1.542020e-03
1.856080e-03
3.130925e-03
4.640504e-03
5.742513e-03
5.923580e-03
5.374913e-03
4.694676e-03
4.439179e-03
4.734591e-03
5.454684e-03
6.763228e-03
7.913043e-03
8.293235e-03
8.245075e-03
7.908924e-03
7.433634e-03
7.185007e-03
7.011662e-03
6.853596e-03
6.616163e-03
6.875572e-03
7.063815e-03
6.381647e-03
5.384886e-03
4.234332e-03
3.011881e-03
2.281950e-03
2.331222e-03
3.163995e-03
4.635943e-03
5.981779e-03
6.833407e-03
6.701010e-03
5.451082e-03
3.964333e-03
2.892059e-03
2.526476e-03
3.082732e-03
3.538098e-03
3.172178e-03
1.777467e-03
-3.978871e-04
-2.424211e-03
-3.643869e-03
-3.826409e-03
-2.816782e-03
-1.674226e-03
-6.988034e-04
-1.171720e-04
-9.784141e-05
-3.720493e-04
-9.198656e-04
-1.689841e-03
-2.403215e-03
-3.090186e-03
-3.767130e-03
-4.019335e-03
-3.716300e-03
-3.208522e-03
-2.777457e-03
-2.669755e-03
-3.049279e-03
-3.437893e-03
-3.701758e-03
-4.086906e-03
-4.392378e-03
-4.915475e-03
-5.780279e-03
-6.449730e-03
-6.683150e-03
-6.517890e-03
-5.979306e-03
-4.936682e-03
-3.787502e-03
-2.914542e-03
-2.564473e-03
-3.382628e-03
-5.219514e-03
-7.526732e-03
-9.215465e-03
-1.002217e-02
-1.032539e-02
-9.906049e-03
-9.027717e-03
-7.965326e-03
-6.923598e-03
-6.042226e-03
-5.425381e-03
-4.788255e-03
-4.081478e-03
-3.520621e-03
-3.290018e-03
-3.349386e-03
-3.870455e-03
-4.832098e-03
-5.724012e-03
-6.028402e-03
-5.517478e-03
-4.806543e-03
-4.228015e-03
-4.140822e-03
-4.610172e-03
-5.536695e-03
-6.523328e-03
-6.857310e-03
-6.965353e-03
-7.145130e-03
-7.184320e-03
-6.966437e-03
-6.548747e-03
-5.801524e-03
-4.636767e-03
-3.270051e-03
-2.068886e-03
-1.400991e-03
-1.393324e-03
-1.637254e-03
-1.600650e-03
-8.350018e-04
3.782497e-04
1.657573e-03
3.198152e-03
4.665881e-03
5.455092e-03
5.947502e-03
6.576993e-03
7.486654e-03
8.389147e-03
9.324550e-03
1.003225e-02
1.003700e-02
9.513467e-03
9.035910e-03
8.636913e-03
8.451291e-03
8.554059e-03
8.660543e-03
8.113285e-03
7.148595e-03
6.140427e-03
5.334362e-03
5.025302e-03
5.318220e-03
6.066758e-03
6.828960e-03
7.199274e-03
6.831781e-03
5.510750e-03
3.665459e-03
1.442726e-03
-1.823553e-04
-1.894876e-04
8.652664e-04
2.489573e-03
3.936409e-03
4.728151e-03
4.911790e-03
4.435138e-03
3.369012e-03
2.197754e-03
1.332614e-03
7.062177e-04
5.491711e-04
5.779793e-04
7.784437e-04
9.458455e-04
8.636276e-04
3.404137e-04
-6.911527e-05
-2.577293e-04
-3.817453e-04
-2.881904e-04
2.649235e-04
1.010534e-03
1.559026e-03
1.863613e-03
1.924441e-03
2.082791e-03
2.316533e-03
2.388089e-03
2.042556e-03
1.358425e-03
8.326783e-04
3.722262e-04
2.234872e-04
5.367949e-04
1.174753e-03
1.611463e-03
1.533865e-03
1.508233e-03
1.728010e-03
2.026719e-03
2.265252e-03
2.283905e-03
2.105953e-03
1.665036e-03
8.360540e-04
-3.364551e-05
-6.898181e-04
-8.914435e-04
-8.123243e-04
-7.089989e-04
-9.592471e-04
-1.578819e-03
-2.445064e-03
-2.996292e-03
-3.354843e-03
-3.733057e-03
-4.074000e-03
-4.405863e-03
-4.330914e-03
-3.972475e-03
-3.468084e-03
-3.199235e-03
-3.197137e-03
-3.511317e-03
-3.934125e-03
-3.801344e-03
-3.222493e-03
-2.393807e-03
-1.326237e-03
-3.159072e-04
4.888639e-04
7.354919e-04
1.924909e-04
-5.411449e-04
-8.789933e-04
-5.709534e-04
1.058787e-04
9.002250e-04
1.757032e-03
2.529367e-03
3.117427e-03
2.743818e-03
1.714855e-03
6.021648e-04
-4.984536e-04
-1.533525e-03
-1.896090e-03
-1.411462e-03
-5.716859e-04
2.233619e-04
6.284319e-04
6.969747e-04
7.587064e-04
9.052428e-04
1.124137e-03
1.610835e-03
2.049245e-03
2.088871e-03
1.772488e-03
9.644129e-04
-2.869887e-04
-1.532781e-03
-2.623013e-03
-3.470737e-03
-3.527149e-03
-2.519397e-03
-9.291310e-04
9.110218e-04
2.766136e-03
4.153630e-03
4.786639e-03
4.800674e-03
4.247542e-03
3.436910e-03
2.791965e-03
2.046849e-03
1.261154e-03
2.001772e-04
-1.001604e-03
-1.898176e-03
-2.520487e-03
-2.843395e-03
-3.017749e-03
-3.075620e-03
-3.120734e-03
-3.310569e-03
-3.717747e-03
-4.124474e-03
-3.885766e-03
-3.192750e-03
-2.383695e-03
-1.853048e-03
-1.949791e-03
-2.561226e-03
-3.183289e-03
-3.478918e-03
-3.258102e-03
-2.718830e-03
-1.950240e-03
-1.323689e-03
-1.213219e-03
-1.534299e-03
-1.918617e-03
-1.926410e-03
-1.459374e-03
-5.408871e-04
6.850707e-04
1.525563e-03
1.408506e-03
2.590258e-04
-1.475717e-03
-2.561850e-03
-2.807724e-03
-2.092638e-03
-6.639211e-04
5.666533e-04
1.321417e-03
9.175740e-04
-3.529032e-04
-2.038459e-03
-3.616116e-03
-4.495195e-03
-4.626206e-03
-4.426679e-03
-4.054650e-03
-3.532669e-03
-2.745310e-03
-1.804287e-03
-7.119455e-04
2.691187e-04
7.821548e-04
5.167398e-04
-1.110064e-04
-8.159104e-04
-1.441168e-03
-1.454082e-03
-1.247529e-03
-8.485802e-04
-1.664824e-04
3.872204e-04
8.846934e-04
1.326772e-03
1.594406e-03
2.199628e-03
2.662192e-03
2.683557e-03
2.445244e-03
1.864636e-03
1.209177e-03
8.109019e-04
9.295829e-04
1.325188e-03
1.784699e-03
2.503368e-03
3.267221e-03
4.018878e-03
4.688803e-03
5.420799e-03
5.976114e-03
5.964677e-03
5.405729e-03
4.580475e-03
3.707609e-03
3.262594e-03
3.062668e-03
3.038347e-03
3.120443e-03
2.802949e-03
1.825807e-03
6.565067e-04
-4.678295e-04
-1.293904e-03
-1.821980e-03
-2.109309e-03
-2.048196e-03
-1.648220e-03
-7.697689e-04
6.256608e-04
2.336716e-03
3.928381e-03
5.024835e-03
5.251598e-03
4.440118e-03
2.628608e-03
5.346466e-04
-6.352662e-04
-7.463488e-04
6.690950e-04
2.968098e-03
4.890343e-03
5.963960e-03
6.164707e-03
5.773795e-03
5.151044e-03
4.328324e-03
3.773624e-03
3.783744e-03
3.990900e-03
3.931976e-03
3.986214e-03
3.742272e-03
3.057551e-03
2.430266e-03
1.783517e-03
1.419139e-03
1.388945e-03
1.652378e-03
1.595208e-03
1.068034e-03
2.618372e-04
-3.206812e-04
-2.328651e-04
2.336239e-04
7.412857e-04
1.189189e-03
1.131878e-03
4.545173e-04
-9.394791e-05
2.073950e-04
1.343495e-03
2.948242e-03
4.389380e-03
5.029335e-03
4.568498e-03
3.303496e-03
1.760620e-03
7.297070e-04
4.897784e-04
9.909184e-04
1.904997e-03
2.705026e-03
3.096821e-03
2.893793e-03
2.345972e-03
1.978199e-03
1.626276e-03
1.217334e-03
8.860793e-04
4.375229e-04
9.145890e-05
1.349643e-04
3.622122e-04
7.197233e-04
8.528821e-04
1.934803e-04
-7.050537e-04
-1.726025e-03
-2.842401e-03
-3.562241e-03
-3.669687e-03
-3.361328e-03
-3.140740e-03
-3.095705e-03
-3.837545e-03
-5.334649e-03
-6.977682e-03
-8.543042e-03
-9.846412e-03
-1.006904e-02
-9.294126e-03
-7.763256e-03
-5.938385e-03
-4.176466e-03
-2.548965e-03
-1.469277e-03
-1.163610e-03
-1.731634e-03
-2.985155e-03
-4.582836e-03
-5.824705e-03
-6.478778e-03
-6.380850e-03
-5.343845e-03
-3.616034e-03
-2.032425e-03
-1.357569e-03
-1.863686e-03
-3.017837e-03
-4.104891e-03
-4.332944e-03
-3.347547e-03
-1.637265e-03
-2.408015e-04
1.240549e-04
-7.463385e-04
-2.684427e-03
-4.165883e-03
-4.632946e-03
-3.889304e-03
-2.121458e-03
7.261624e-05
1.912244e-03
2.783394e-03
2.632030e-03
1.753228e-03
6.160891e-04
-7.899821e-05
-3.404837e-04
-4.254100e-04
-4.056865e-04
-2.635134e-04
2.209672e-05
5.679021e-04
1.684755e-03
3.187976e-03
4.793828e-03
6.090753e-03
6.572796e-03
6.453573e-03
5.616863e-03
3.874544e-03
1.716908e-03
-3.426054e-04
-1.528451e-03
-1.921226e-03
-1.635619e-03
-1.288782e-03
-1.295372e-03
-1.729258e-03
-2.600382e-03
-2.873272e-03
-1.848258e-03
5.885227e-04
3.632150e-03
6.234826e-03
7.557834e-03
7.065827e-03
4.939155e-03
2.127017e-03
-3.642784e-06
-9.625947e-04
-9.446543e-04
-2.463258e-04
4.440224e-04
7.235782e-04
5.634881e-04
3.519024e-04
8.009248e-04
1.931413e-03
3.155506e-03
4.120529e-03
4.593085e-03
4.424888e-03
3.748633e-03
2.798612e-03
2.171737e-03
1.808823e-03
1.557027e-03
1.776771e-03
2.587558e-03
3.609890e-03
4.731122e-03
5.666272e-03
6.094739e-03
5.880126e-03
4.948381e-03
3.697640e-03
2.768758e-03
2.245925e-03
2.514048e-03
3.285886e-03
3.681986e-03
3.599077e-03
2.721206e-03
1.085313e-03
-1.029962e-03
-3.298232e-03
-4.694184e-03
-5.158385e-03
-4.876679e-03
-4.315914e-03
-3.961449e-03
-3.965159e-03
-4.399165e-03
-5.203877e-03
-5.742856e-03
-5.641256e-03
-5.026121e-03
-3.932241e-03
-2.719428e-03
-1.754657e-03
-1.187753e-03
-1.289722e-03
-1.857216e-03
-1.775289e-03
-9.747940e-04
-1.113291e-04
9.182791e-04
2.070051e-03
3.140073e-03
3.771513e-03
3.648056e-03
2.920355e-03
2.481238e-03
1.994188e-03
1.128689e-03
4.688488e-05
-9.969424e-04
-1.400803e-03
-1.255717e-03
-9.837635e-04
-7.142114e-04
-5.100492e-04
-6.005340e-04
-8.936972e-04
-1.357348e-03
-1.880644e-03
-2.114953e-03
-1.746478e-03
-1.020455e-03
-1.200973e-04
8.999537e-04
1.850517e-03
2.378843e-03
2.075819e-03
1.126179e-03
1.631588e-04
-7.265504e-04
-1.284505e-03
-1.335052e-03
-8.579064e-04
1.278109e-04
1.460391e-03
2.542854e-03
3.017164e-03
2.921778e-03
2.321722e-03
1.547792e-03
8.344351e-04
2.546498e-04
1.508869e-04
6.038687e-04
1.035223e-03
1.538645e-03
1.900569e-03
1.957084e-03
1.606975e-03
7.995598e-04
-8.393885e-05
-1.085781e-03
-1.913811e-03
-2.387648e-03
-2.839222e-03
-3.218934e-03
-3.373769e-03
-3.158761e-03
-2.529617e-03
-2.175636e-03
-1.922872e-03
-1.834649e-03
-2.005583e-03
-2.335676e-03
-2.427645e-03
-1.988195e-03
-1.683558e-03
-1.712577e-03
-1.978796e-03
-2.264782e-03
-1.972965e-03
-1.278321e-03
-5.485757e-04
9.766240e-05
3.934984e-04
1.683398e-04
-3.243143e-04
-7.643154e-04
-9.199443e-04
-5.336434e-04
5.401035e-05
8.436287e-05
-2.216242e-06
-3.522080e-04
-7.491612e-04
-5.515742e-04
2.663503e-04
1.130331e-03
1.909354e-03
2.746258e-03
3.291612e-03
3.488763e-03
3.334071e-03
3.123345e-03
3.390036e-03
3.718252e-03
3.856064e-03
3.983881e-03
3.822693e-03
3.395198e-03
2.884295e-03
2.291678e-03
1.751263e-03
1.256509e-03
7.399933e-04
1.130762e-04
-3.480456e-04
-6.397781e-04
-6.486742e-04
-3.465092e-04
-1.197443e-04
1.074180e-04
4.593181e-04
8.392206e-04
1.157653e-03
8.940072e-04
1.414640e-04
-1.010208e-03
-2.468676e-03
-3.667876e-03
-4.044287e-03
-3.467291e-03
-2.252997e-03
-6.893431e-04
8.440861e-04
1.930952e-03
2.123555e-03
1.732815e-03
1.316197e-03
1.057347e-03
8.994504e-04
7.746209e-04
2.862009e-04
-3.955381e-04
-8.624150e-04
-1.438021e-03
-2.060979e-03
-2.367054e-03
-2.219551e-03
-2.094942e-03
-1.864234e-03
-1.380007e-03
-1.084578e-03
-1.254660e-03
-1.757287e-03
-2.370074e-03
-3.100647e-03
-3.869787e-03
-4.550536e-03
-5.044140e-03
-5.150252e-03
-4.941890e-03
-4.823554e-03
-4.594130e-03
-4.203286e-03
-3.642362e-03
-2.911509e-03
-2.473766e-03
-1.836179e-03
-1.084571e-03
-2.214853e-04
9.162041e-04
1.559453e-03
1.786879e-03
1.820828e-03
1.408673e-03
8.383257e-04
4.773992e-04
7.624420e-04
1.532359e-03
2.384661e-03
3.259306e-03
4.055596e-03
4.568865e-03
4.431352e-03
4.197443e-03
4.125070e-03
4.115051e-03
3.809477e-03
2.902014e-03
1.637011e-03
3.709695e-04
-3.559032e-04
-6.557639e-04
-5.890300e-04
-1.513730e-04
2.718911e-04
7.792369e-04
1.110614e-03
6.987748e-04
9.666592e-05
-2.029983e-04
-4.786158e-04
-4.884523e-04
1.608766e-06
8.129634e-04
1.366438e-03
1.551921e-03
1.044837e-03
-1.651628e-05
-1.166268e-03
-2.030510e-03
-2.314870e-03
-1.953423e-03
-1.285968e-03
-3.325762e-04
6.927818e-04
1.419687e-03
1.559168e-03
1.010373e-03
7.339097e-05
-9.009936e-04
-1.748557e-03
-1.989783e-03
-1.513417e-03
-5.773799e-04
6.595474e-04
1.973214e-03
3.036544e-03
3.574694e-03
3.556258e-03
3.195929e-03
3.168427e-03
3.452461e-03
3.831499e-03
4.341206e-03
4.821259e-03
5.069212e-03
4.780494e-03
3.838861e-03
3.006191e-03
2.949442e-03
3.403835e-03
3.729143e-03
3.647588e-03
3.310110e-03
2.595270e-03
1.501272e-03
5.144765e-04
1.529855e-05
-1.347854e-04
-2.065353e-04
-6.289454e-05
-8.249306e-05
-4.918149e-04
-1.152119e-03
-2.010528e-03
-2.889703e-03
-3.708130e-03
-4.269500e-03
-4.589590e-03
-4.511537e-03
-4.165237e-03
-3.737785e-03
-3.447227e-03
-3.658728e-03
-4.073117e-03
-4.502252e-03
-4.729675e-03
-4.598208e-03
-4.241968e-03
-3.455042e-03
-2.434146e-03
-1.608359e-03
-1.047841e-03
-8.739141e-04
-1.131312e-03
-1.749265e-03
-2.413532e-03
-2.637128e-03
-2.205213e-03
-9.990999e-04
5.143155e-04
1.698820e-03
2.375923e-03
2.362465e-03
1.824429e-03
9.118026e-04
-1.602787e-04
-6.263949e-04
-7.164081e-04
-7.106247e-04
-2.897596e-04
1.776559e-04
6.494458e-04
9.768310e-04
1.108611e-03
1.155658e-03
1.074050e-03
7.367634e-04
3.405734e-04
6.902789e-05
-1.243555e-04
-5.433336e-04
-1.129870e-03
-1.756128e-03
-2.435949e-03
-2.781612e-03
-2.632343e-03
-2.293309e-03
-2.312667e-03
-2.649748e-03
-2.822314e-03
-2.773113e-03
-2.724929e-03
-2.494956e-03
-1.906494e-03
-1.185673e-03
-4.653510e-04
-5.593120e-07
2.493906e-04
3.895645e-04
5.215602e-04
8.895203e-04
1.382912e-03
1.559904e-03
1.317341e-03
9.861989e-04
7.130851e-04
4.327213e-04
4.505450e-04
7.769470e-04
1.086981e-03
8.344883e-04
2.560505e-04
8.967465e-05
-9.627865e-05
-4.083060e-04
-4.694518e-04
-2.280864e-04
6.594044e-05
4.620429e-04
9.820150e-04
1.430637e-03
1.911857e-03
2.353158e-03
2.434572e-03
2.258954e-03
1.983351e-03
1.866646e-03
1.686820e-03
1.466836e-03
1.332202e-03
1.515264e-03
1.772956e-03
2.181881e-03
2.541954e-03
2.933156e-03
3.206118e-03
3.032577e-03
2.532587e-03
1.681936e-03
9.573540e-04
7.204857e-04
6.337660e-04
4.797935e-04
8.845891e-05
-3.149717e-04
-6.788379e-04
-1.131345e-03
-1.653940e-03
-2.127894e-03
-2.807509e-03
-3.384450e-03
-3.600763e-03
-3.475479e-03
-3.150663e-03
-2.676566e-03
-2.216111e-03
-1.640999e-03
-1.151941e-03
-6.467228e-04
-1.729513e-04
9.550236e-05
6.516881e-04
1.126336e-03
1.390605e-03
1.417766e-03
1.194701e-03
9.818825e-04
5.912040e-04
-7.897468e-06
-6.474418e-04
-1.148779e-03
-1.587901e-03
-1.862756e-03
-1.960512e-03
-2.213011e-03
-2.682444e-03
-3.506792e-03
-4.338052e-03
-5.048762e-03
-5.547577e-03
-5.616451e-03
-5.370046e-03
-5.286335e-03
-5.213210e-03
-5.097353e-03
-4.992817e-03
-4.768294e-03
-4.394561e-03
-3.722890e-03
-3.011728e-03
-2.714165e-03
-2.869504e-03
-3.149965e-03
-3.004287e-03
-2.312711e-03
-1.400891e-03
-3.392957e-04
6.735285e-04
1.476836e-03
1.856580e-03
1.697676e-03
1.191480e-03
7.625944e-04
2.012182e-04
-5.727751e-04
-1.091883e-03
-1.534061e-03
-1.949162e-03
-2.135495e-03
-2.134531e-03
-2.032699e-03
-2.061012e-03
-2.025207e-03
-1.752622e-03
-1.138893e-03
-4.335700e-04
2.531823e-04
9.558092e-04
1.681147e-03
2.113601e-03
2.196342e-03
2.005711e-03
1.719377e-03
1.616791e-03
1.740003e-03
2.126126e-03
2.867922e-03
3.438525e-03
3.512217e-03
3.070318e-03
2.300366e-03
1.500646e-03
1.110348e-03
9.315888e-04
9.266877e-04
9.394547e-04
6.770212e-04
3.196413e-04
-7.210659e-05
-1.771368e-04
9.281393e-05
6.618465e-04
1.241387e-03
1.571261e-03
1.557764e-03
1.231888e-03
8.131179e-04
6.106073e-04
8.160920e-04
1.222654e-03
1.935599e-03
2.323927e-03
2.381950e-03
2.417099e-03
2.488001e-03
2.357156e-03
2.192348e-03
2.246786e-03
2.337802e-03
2.491948e-03
2.638921e-03
2.728350e-03
2.865506e-03
2.993332e-03
3.059325e-03
2.913888e-03
2.291951e-03
1.634170e-03
1.027564e-03
3.858616e-04
-9.348749e-05
-5.212672e-04
-9.748071e-04
-1.220753e-03
-1.413670e-03
-1.329820e-03
-9.013493e-04
-3.752979e-04
4.366983e-05
3.820468e-04
5.040565e-04
3.634936e-04
1.955091e-04
-2.876350e-05
-2.551660e-04
-4.421680e-04
-6.712202e-04
-9.559911e-04
-1.184735e-03
-1.303636e-03
-1.246944e-03
-1.050661e-03
-8.314052e-04
-6.916086e-04
-5.526935e-04
-4.016688e-04
-2.186385e-04
8.732834e-05
3.885081e-04
4.700497e-04
2.277908e-04
-2.970102e-04
-9.343356e-04
-1.486935e-03
-1.746276e-03
-1.638282e-03
-1.117715e-03
-4.146984e-04
2.355403e-04
5.769453e-04
4.502867e-04
3.174781e-05
-2.978098e-04
-5.146593e-04
-5.312575e-04
-3.415654e-04
-2.064894e-05
2.611823e-04
2.871444e-04
6.627989e-05
-2.755287e-04
-5.862164e-04
-7.914255e-04
-8.306925e-04
-7.586081e-04
-7.049034e-04
-6.285279e-04
-5.395795e-04
-4.155400e-04
-2.573502e-04
-9.863533e-05
9.739246e-07
8.828305e-05
1.409080e-04
1.436320e-04
1.203701e-04
4.565210e-05
-6.634415e-05
-1.069576e-04
-8.141418e-06
1.659436e-04
3.491976e-04
4.893743e-04
5.937788e-04
6.274128e-04
5.223586e-04
4.410415e-04
3.771994e-04
3.198460e-04
2.858965e-04
2.266369e-04
7.768801e-05
-1.085940e-04
-3.045109e-04
-5.126405e-04
-6.602102e-04
-6.830651e-04
-6.147449e-04
-5.305626e-04
-4.490272e-04
-3.473205e-04
-2.694615e-04
-1.724437e-04
-7.292056e-05
1.333968e-05
8.442048e-05
1.033889e-04
5.810490e-05
-5.832177e-06
-6.315469e-05
-1.026451e-04
-1.001907e-04
-6.961570e-05
-5.629534e-05
-6.373861e-05
-9.501274e-05
-1.235575e-04
-1.346109e-04
-1.266515e-04
-9.270539e-05
-7.065838e-05
-6.970602e-05
-7.906485e-05
-6.951258e-05
-5.338222e-05
-2.737572e-05
4.920718e-06
1.658910e-05
5.517543e-06
-8.431322e-06
-2.272000e-05
-4.626530e-05
-6.416079e-05
-7.229174e-05
-7.728488e-05
-6.577654e-05
-5.329033e-05
-4.557166e-05
-4.078282e-05
-2.894692e-05
-7.618331e-06
1.711212e-05
3.062598e-05
3.894376e-05
5.082942e-05
5.232093e-05
3.587646e-05
1.113251e-05
-1.097532e-05
-3.078619e-05
-3.755430e-05
-3.079557e-05
-1.500692e-05
2.785660e-06
2.017972e-05
3.517147e-05
4.791309e-05
5.955402e-05
6.753579e-05
7.423829e-05
7.956744e-05
8.317721e-05
8.483240e-05
8.418039e-05
8.510032e-05
8.656225e-05
8.785900e-05
9.016968e-05
9.298182e-05
9.603144e-05
9.777295e-05
1.001108e-04
1.032618e-04
1.052688e-04
1.071155e-04
1.088048e-04
1.111622e-04
1.134561e-04
1.164470e-04
1.212748e-04
1.232039e-04
1.251281e-04
1.278018e-04
1.312130e-04
1.348927e-04
1.377104e-04
1.404298e-04
1.434183e-04
1.463592e-04
1.491733e-04
1.519846e-04
1.546877e-04
1.572766e-04
1.601836e-04
1.632202e-04
1.661419e-04
1.689644e-04
1.716972e-04
1.744442e-04
1.771663e-04
1.797505e-04
1.821976e-04
1.846183e-04
1.870276e-04
1.894306e-04
1.918118e-04
1.941556e-04
1.964416e-04
1.986620e-04
2.008156e-04
2.028958e-04
2.049096e-04
2.068577e-04
2.087419e-04
2.105631e-04
2.123224e-04
2.140203e-04
2.156563e-04
2.172297e-04
2.187403e-04
2.201878e-04
2.215717e-04
