1	1001	1	4.0
2	1002	1	4.0
3	1004	1	4.0
4	1005	1	4.0
5	1007	1	4.0
6	1008	1	4.0
7	1021	1	4.0
8	1022	2	4.0
9	1024	2	4.0
10	1025	2	4.0
11	1027	2	4.0
12	1028	1	4.0
13	1031	1	4.0
14	1032	2	4.0
15	1034	2	4.0
16	1035	2	4.0
17	1037	2	4.0
18	1038	1	4.0
19	1041	1	4.0
20	1042	2	4.0
21	1044	2	4.0
22	1045	2	4.0
23	1047	2	4.0
24	1048	1	4.0
25	1061	1	4.0
26	1062	1	4.0
27	1064	1	4.0
28	1065	1	4.0
29	1067	1	4.0
30	1068	1	4.0
31	1101	1	4.0
32	1102	1	4.0
33	1104	1	4.0
34	1105	1	4.0
35	1107	1	4.0
36	1108	1	4.0
37	1121	1	4.0
38	1122	2	4.0
39	1124	2	4.0
40	1125	2	4.0
41	1127	2	4.0
42	1128	1	4.0
43	1131	1	4.0
44	1132	2	4.0
45	1134	2	4.0
46	1135	2	4.0
47	1137	2	4.0
48	1138	1	4.0
49	1141	1	4.0
50	1142	2	4.0
51	1144	2	4.0
52	1145	2	4.0
53	1147	2	4.0
54	1148	1	4.0
55	1161	1	4.0
56	1162	1	4.0
57	1164	1	4.0
58	1165	1	4.0
59	1167	1	4.0
60	1168	1	4.0
61	1201	3	4.0
62	1202	3	4.0
63	1204	3	4.0
64	1205	3	4.0
65	1207	3	4.0
66	1208	3	4.0
67	1221	3	4.0
68	1222	4	4.0
69	1224	4	4.0
70	1225	4	4.0
71	1227	4	4.0
72	1228	3	4.0
73	1231	3	4.0
74	1232	4	4.0
75	1234	4	4.0
76	1235	4	4.0
77	1237	4	4.0
78	1238	3	4.0
79	1241	3	4.0
80	1242	4	4.0
81	1244	4	4.0
82	1245	4	4.0
83	1247	4	4.0
84	1248	3	4.0
85	1261	3	4.0
86	1262	3	4.0
87	1264	3	4.0
88	1265	3	4.0
89	1267	3	4.0
90	1268	3	4.0
91	1301	3	4.0
92	1302	3	4.0
93	1304	3	4.0
94	1305	3	4.0
95	1307	3	4.0
96	1308	3	4.0
97	1321	3	4.0
98	1322	4	4.0
99	1324	4	4.0
100	1325	4	4.0
101	1327	4	4.0
102	1328	3	4.0
103	1331	3	4.0
104	1332	4	4.0
105	1334	4	4.0
106	1335	4	4.0
107	1337	4	4.0
108	1338	3	4.0
109	1341	3	4.0
110	1342	4	4.0
111	1344	4	4.0
112	1345	4	4.0
113	1347	4	4.0
114	1348	3	4.0
115	1361	3	4.0
116	1362	3	4.0
117	1364	3	4.0
118	1365	3	4.0
119	1367	3	4.0
120	1368	3	4.0
121	1401	5	4.0
122	1402	5	4.0
123	1404	5	4.0
124	1405	5	4.0
125	1407	5	4.0
126	1408	5	4.0
127	1421	5	4.0
128	1422	6	4.0
129	1424	6	4.0
130	1425	6	4.0
131	1427	6	4.0
132	1428	5	4.0
133	1431	5	4.0
134	1432	6	4.0
135	1434	6	4.0
136	1435	6	4.0
137	1437	6	4.0
138	1438	5	4.0
139	1441	5	4.0
140	1442	6	4.0
141	1444	6	4.0
142	1445	6	4.0
143	1447	6	4.0
144	1448	5	4.0
145	1461	5	4.0
146	1462	5	4.0
147	1464	5	4.0
148	1465	5	4.0
149	1467	5	4.0
150	1468	5	4.0
151	1501	5	4.0
152	1502	5	4.0
153	1504	5	4.0
154	1505	5	4.0
155	1507	5	4.0
156	1508	5	4.0
157	1521	5	4.0
158	1522	6	4.0
159	1524	6	4.0
160	1525	6	4.0
161	1527	6	4.0
162	1528	5	4.0
163	1531	5	4.0
164	1532	6	4.0
165	1534	6	4.0
166	1535	6	4.0
167	1537	6	4.0
168	1538	5	4.0
169	1541	5	4.0
170	1542	6	4.0
171	1544	6	4.0
172	1545	6	4.0
173	1547	6	4.0
174	1548	5	4.0
175	1561	5	4.0
176	1562	5	4.0
177	1564	5	4.0
178	1565	5	4.0
179	1567	5	4.0
180	1568	5	4.0
181	2101	7	6.0
182	2102	7	6.0
183	2104	7	6.0
184	2105	7	6.0
185	2107	7	6.0
186	2121	7	6.0
187	2122	7	6.0
188	2123	7	6.0
189	2124	7	6.0
190	2125	7	6.0
191	2126	7	6.0
192	2127	7	6.0
193	2131	7	6.0
194	2132	7	6.0
195	2134	7	6.0
196	2135	7	6.0
197	2137	7	6.0
198	2141	7	6.0
199	2142	7	6.0
200	2143	7	6.0
201	2144	7	6.0
202	2145	7	6.0
203	2146	7	6.0
204	2147	7	6.0
205	2161	7	6.0
206	2162	7	6.0
207	2164	7	6.0
208	2165	7	6.0
209	2167	7	6.0
210	2201	7	6.0
211	2202	7	6.0
212	2204	7	6.0
213	2205	7	6.0
214	2207	7	6.0
215	2221	7	6.0
216	2222	7	6.0
217	2224	7	6.0
218	2225	7	6.0
219	2227	7	6.0
220	2231	7	6.0
221	2232	7	6.0
222	2234	7	6.0
223	2235	7	6.0
224	2237	7	6.0
225	2241	7	6.0
226	2242	7	6.0
227	2244	7	6.0
228	2245	7	6.0
229	2247	7	6.0
230	2261	7	6.0
231	2262	7	6.0
232	2264	7	6.0
233	2265	7	6.0
234	2267	7	6.0
235	2301	8	6.0
236	2302	8	6.0
237	2304	8	6.0
238	2305	8	6.0
239	2307	8	6.0
240	2321	8	6.0
241	2322	8	6.0
242	2323	8	6.0
243	2324	8	6.0
244	2325	8	6.0
245	2326	8	6.0
246	2327	8	6.0
247	2331	8	6.0
248	2332	8	6.0
249	2334	8	6.0
250	2335	8	6.0
251	2337	8	6.0
252	2341	8	6.0
253	2342	8	6.0
254	2343	8	6.0
255	2344	8	6.0
256	2345	8	6.0
257	2346	8	6.0
258	2347	8	6.0
259	2361	8	6.0
260	2362	8	6.0
261	2364	8	6.0
262	2365	8	6.0
263	2367	8	6.0
264	2401	8	6.0
265	2402	8	6.0
266	2404	8	6.0
267	2405	8	6.0
268	2407	8	6.0
269	2421	8	6.0
270	2422	8	6.0
271	2424	8	6.0
272	2425	8	6.0
273	2427	8	6.0
274	2431	8	6.0
275	2432	8	6.0
276	2434	8	6.0
277	2435	8	6.0
278	2437	8	6.0
279	2441	8	6.0
280	2442	8	6.0
281	2444	8	6.0
282	2445	8	6.0
283	2447	8	6.0
284	2461	8	6.0
285	2462	8	6.0
286	2464	8	6.0
287	2465	8	6.0
288	2467	8	6.0
289	2501	9	6.0
290	2502	9	6.0
291	2504	9	6.0
292	2505	9	6.0
293	2507	9	6.0
294	2521	9	6.0
295	2522	9	6.0
296	2523	9	6.0
297	2524	9	6.0
298	2525	9	6.0
299	2526	9	6.0
300	2527	9	6.0
301	2531	9	6.0
302	2532	9	6.0
303	2534	9	6.0
304	2535	9	6.0
305	2537	9	6.0
306	2541	9	6.0
307	2542	9	6.0
308	2543	9	6.0
309	2544	9	6.0
310	2545	9	6.0
311	2546	9	6.0
312	2547	9	6.0
313	2561	9	6.0
314	2562	9	6.0
315	2564	9	6.0
316	2565	9	6.0
317	2567	9	6.0
318	2601	9	6.0
319	2602	9	6.0
320	2604	9	6.0
321	2605	9	6.0
322	2607	9	6.0
323	2621	9	6.0
324	2622	9	6.0
325	2623	9	6.0
326	2624	9	6.0
327	2625	9	6.0
328	2626	9	6.0
329	2627	9	6.0
330	2631	9	6.0
331	2632	9	6.0
332	2634	9	6.0
333	2635	9	6.0
334	2637	9	6.0
335	2641	9	6.0
336	2642	9	6.0
337	2643	9	6.0
338	2644	9	6.0
339	2645	9	6.0
340	2646	9	6.0
341	2647	9	6.0
342	2661	9	6.0
343	2662	9	6.0
344	2664	9	6.0
345	2665	9	6.0
346	2667	9	6.0
347	3101	7	6.0
348	3111	7	6.0
349	3121	7	6.0
350	3131	7	6.0
351	3141	7	6.0
352	3151	7	6.0
353	3102	7	6.0
354	3122	7	6.0
355	3132	7	6.0
356	3142	7	6.0
357	3104	7	6.0
358	3124	7	6.0
359	3134	7	6.0
360	3144	7	6.0
361	3105	7	6.0
362	3125	7	6.0
363	3135	7	6.0
364	3145	7	6.0
365	3107	7	6.0
366	3127	7	6.0
367	3137	7	6.0
368	3147	7	6.0
369	3108	7	6.0
370	3118	7	6.0
371	3128	7	6.0
372	3138	7	6.0
373	3148	7	6.0
374	3158	7	6.0
375	3201	7	6.0
376	3221	7	6.0
377	3231	7	6.0
378	3241	7	6.0
379	3202	7	6.0
380	3222	7	6.0
381	3232	7	6.0
382	3242	7	6.0
383	3204	7	6.0
384	3224	7	6.0
385	3234	7	6.0
386	3244	7	6.0
387	3205	7	6.0
388	3225	7	6.0
389	3235	7	6.0
390	3245	7	6.0
391	3207	7	6.0
392	3227	7	6.0
393	3237	7	6.0
394	3247	7	6.0
395	3208	7	6.0
396	3228	7	6.0
397	3238	7	6.0
398	3248	7	6.0
399	3301	8	6.0
400	3311	8	6.0
401	3321	8	6.0
402	3331	8	6.0
403	3341	8	6.0
404	3351	8	6.0
405	3302	8	6.0
406	3322	8	6.0
407	3332	8	6.0
408	3342	8	6.0
409	3304	8	6.0
410	3324	8	6.0
411	3334	8	6.0
412	3344	8	6.0
413	3305	8	6.0
414	3325	8	6.0
415	3335	8	6.0
416	3345	8	6.0
417	3307	8	6.0
418	3327	8	6.0
419	3337	8	6.0
420	3347	8	6.0
421	3308	8	6.0
422	3318	8	6.0
423	3328	8	6.0
424	3338	8	6.0
425	3348	8	6.0
426	3358	8	6.0
427	3401	8	6.0
428	3421	8	6.0
429	3431	8	6.0
430	3441	8	6.0
431	3402	8	6.0
432	3422	8	6.0
433	3432	8	6.0
434	3442	8	6.0
435	3404	8	6.0
436	3424	8	6.0
437	3434	8	6.0
438	3444	8	6.0
439	3405	8	6.0
440	3425	8	6.0
441	3435	8	6.0
442	3445	8	6.0
443	3407	8	6.0
444	3427	8	6.0
445	3437	8	6.0
446	3447	8	6.0
447	3408	8	6.0
448	3428	8	6.0
449	3438	8	6.0
450	3448	8	6.0
451	3501	9	6.0
452	3511	9	6.0
453	3521	9	6.0
454	3531	9	6.0
455	3541	9	6.0
456	3551	9	6.0
457	3502	9	6.0
458	3522	9	6.0
459	3532	9	6.0
460	3542	9	6.0
461	3504	9	6.0
462	3524	9	6.0
463	3534	9	6.0
464	3544	9	6.0
465	3505	9	6.0
466	3525	9	6.0
467	3535	9	6.0
468	3545	9	6.0
469	3507	9	6.0
470	3527	9	6.0
471	3537	9	6.0
472	3547	9	6.0
473	3508	9	6.0
474	3518	9	6.0
475	3528	9	6.0
476	3538	9	6.0
477	3548	9	6.0
478	3558	9	6.0
479	3601	9	6.0
480	3611	9	6.0
481	3621	9	6.0
482	3631	9	6.0
483	3641	9	6.0
484	3651	9	6.0
485	3602	9	6.0
486	3622	9	6.0
487	3632	9	6.0
488	3642	9	6.0
489	3604	9	6.0
490	3624	9	6.0
491	3634	9	6.0
492	3644	9	6.0
493	3605	9	6.0
494	3625	9	6.0
495	3635	9	6.0
496	3645	9	6.0
497	3607	9	6.0
498	3627	9	6.0
499	3637	9	6.0
500	3647	9	6.0
501	3608	9	6.0
502	3618	9	6.0
503	3628	9	6.0
504	3638	9	6.0
505	3648	9	6.0
506	3658	9	6.0
507	4022	10	5.0
508	4024	10	5.0
509	4025	10	5.0
510	4027	10	5.0
511	4042	10	5.0
512	4044	10	5.0
513	4045	10	5.0
514	4047	10	5.0
515	4122	10	5.0
516	4124	10	5.0
517	4125	10	5.0
518	4127	10	5.0
519	4142	10	5.0
520	4144	10	5.0
521	4145	10	5.0
522	4147	10	5.0
523	4222	11	5.0
524	4224	11	5.0
525	4225	11	5.0
526	4227	11	5.0
527	4242	11	5.0
528	4244	11	5.0
529	4245	11	5.0
530	4247	11	5.0
531	4322	11	5.0
532	4324	11	5.0
533	4325	11	5.0
534	4327	11	5.0
535	4342	11	5.0
536	4344	11	5.0
537	4345	11	5.0
538	4347	11	5.0
539	4422	12	5.0
540	4424	12	5.0
541	4425	12	5.0
542	4427	12	5.0
543	4442	12	5.0
544	4444	12	5.0
545	4445	12	5.0
546	4447	12	5.0
547	4522	12	5.0
548	4524	12	5.0
549	4525	12	5.0
550	4527	12	5.0
551	4542	12	5.0
552	4544	12	5.0
553	4545	12	5.0
554	4547	12	5.0
555	5001	10	5.0
556	5021	10	5.0
557	5041	10	5.0
558	5061	10	5.0
559	5008	10	5.0
560	5028	10	5.0
561	5048	10	5.0
562	5068	10	5.0
563	5101	10	5.0
564	5121	10	5.0
565	5141	10	5.0
566	5161	10	5.0
567	5108	10	5.0
568	5128	10	5.0
569	5148	10	5.0
570	5168	10	5.0
571	5201	11	5.0
572	5221	11	5.0
573	5241	11	5.0
574	5261	11	5.0
575	5208	11	5.0
576	5228	11	5.0
577	5248	11	5.0
578	5268	11	5.0
579	5301	11	5.0
580	5321	11	5.0
581	5341	11	5.0
582	5361	11	5.0
583	5308	11	5.0
584	5328	11	5.0
585	5348	11	5.0
586	5368	11	5.0
587	5401	12	5.0
588	5421	12	5.0
589	5441	12	5.0
590	5461	12	5.0
591	5408	12	5.0
592	5428	12	5.0
593	5448	12	5.0
594	5468	12	5.0
595	5501	12	5.0
596	5521	12	5.0
597	5541	12	5.0
598	5561	12	5.0
599	5508	12	5.0
600	5528	12	5.0
601	5548	12	5.0
602	5568	12	5.0