1	0.0102	0.0001257	0.111011393	0.0009824	0.00004314	0.065033928	0.0003383	0.0024064	0.002094733
2	0.0129	0.0001638	0.112683958	0.001241	0.00005549	0.065586206	0.0004319	0.0031416	0.004303334
3	0.0167	0.0002215	0.115167153	0.001611	0.00007446	0.066773368	0.0005706	0.004235	0.009515365
4	0.0212	0.0003002	0.118997384	0.002078	0.00009879	0.068263502	0.0007456	0.0055488	0.018869649
5	0.0228	0.0004453	0.139752287	0.002675	0.0001438	0.079416733	0.0009187	0.005994	0.01829304
6	0.0288	0.0005956	0.143807356	0.003423	0.0001893	0.081073526	0.001194	0.0076908	0.034536757
7	0.0323	0.000684	0.145521375	0.00384		0.000215	0.081586437	0.00135		0.0086864	0.046950566
8	0.036	0.000787	0.147855034	0.00431		0.000245	0.082495791	0.00152		0.0098185	0.063722278
9	0.04	0.0011		0.16583124	0.00553		0.000427	0.103319892	0.00213		0.0099351	0.060523082
10	0.0434	0.00318		0.270687808	0.00963		0.000271	0.079020501	0.00163		0.0161284	0.063075296
11	0.0495	0.00544		0.331510166	0.0136		0.0004		0.089893315	0.00208		0.0189508	0.067885701
12	0.0603	0.00813		0.367186425	0.0182		0.000537	0.094368812	0.00265		0.0235752	0.102952701
