0.00434624 2.06879e-018 -2.91475e-028 -1.19744e-016 2.06458e-018 3.40076e-027 -2.15273e-019 4.96133e-018 -8.74671e-027 -1.86937e-016 6.01103e-018 3.40325e-028 -1.41899e-016 6.01104e-018 1.41878e-026 -9.81731e-017 0.0990704 -5.46434e-015 -0.0208998
0.00868839 4.13333e-018 2.64222e-029 -1.79418e-016 4.1248e-018 8.18647e-030 5.95908e-017 9.91951e-018 2.3481e-029 -2.53819e-016 1.20185e-017 -8.43231e-029 -1.63838e-016 1.20223e-017 6.84228e-030 -7.64052e-017 0.19907 -4.55514e-014 -0.0027838
0.0130292 6.19179e-018 2.74697e-029 -2.39041e-016 6.1962e-018 4.03963e-029 1.19402e-016 1.48719e-017 1.43416e-029 -3.20663e-016 1.80179e-017 -9.46019e-029 -1.85821e-016 1.80263e-017 5.75331e-029 -5.46963e-017 0.29907 1.63757e-014 0.0153208
0.0173688 8.24653e-018 2.59353e-029 -2.98626e-016 8.2645e-018 9.4245e-030 1.79206e-016 1.98243e-017 1.264e-029 -3.8748e-016 2.4013e-017 -5.75346e-029 -2.07839e-016 2.4033e-017 -1.10807e-029 -3.30093e-017 0.39907 1.64684e-015 0.0334161
0.0217053 1.02941e-017 2.53437e-029 -3.58143e-016 1.03321e-017 9.25677e-030 2.38991e-016 2.47691e-017 8.20477e-030 -4.54238e-016 2.99961e-017 -4.09252e-029 -2.29892e-016 3.00508e-017 -2.23158e-029 -1.13581e-017 0.49907 2.9043e-015 0.0514993
0.02604 1.23353e-017 2.45028e-029 -4.17614e-016 1.24002e-017 8.2842e-030 2.98771e-016 2.97079e-017 6.4642e-030 -5.20957e-016 3.59758e-017 -2.36338e-029 -2.51973e-016 3.60729e-017 -3.43624e-029 1.02608e-017 0.59907 5.88322e-016 0.0695742
0.0303723 1.43691e-017 2.35087e-029 -4.77029e-016 1.44682e-017 7.75727e-030 3.58538e-016 3.46404e-017 4.07534e-030 -5.87624e-016 4.19522e-017 -7.41942e-030 -2.74083e-016 4.20977e-017 -4.54142e-029 3.18435e-017 0.69907 4.54952e-016 0.087639
0.0347016 1.63952e-017 2.17542e-029 -5.36377e-016 1.65356e-017 7.39029e-030 4.18288e-016 3.95674e-017 2.23389e-030 -6.54234e-016 4.79259e-017 9.09076e-030 -2.96227e-016 4.81227e-017 -5.70426e-029 5.33848e-017 0.79907 2.89387e-016 0.105693
0.0390286 1.84175e-017 2.27709e-029 -5.95677e-016 1.86032e-017 6.64402e-030 4.78026e-016 4.44883e-017 -1.79766e-031 -7.20796e-016 5.38972e-017 2.21462e-029 -3.18387e-016 5.41467e-017 -6.63753e-029 7.48954e-017 0.89907 -2.60641e-015 0.123738
0.0433531 2.04319e-017 2.24942e-029 -6.54918e-016 2.06703e-017 6.14965e-030 5.37753e-016 4.94051e-017 -1.98594e-030 -7.87306e-016 5.98651e-017 3.91651e-029 -3.40582e-016 6.01719e-017 -7.97949e-029 9.63643e-017 0.99907 -3.71742e-015 0.141773
0.047675 2.24397e-017 2.13097e-029 -7.14098e-016 2.27369e-017 5.79185e-030 5.97464e-016 5.43169e-017 -4.30288e-030 -8.53762e-016 6.58299e-017 5.45839e-029 -3.62806e-016 6.61974e-017 -9.05219e-029 1.17794e-016 1.09907 -2.47025e-015 0.159799
0.051994 2.4441e-017 2.08412e-029 -7.73216e-016 2.48029e-017 4.69893e-030 6.5716e-016 5.92244e-017 -4.92197e-030 -9.20163e-016 7.17912e-017 6.94908e-029 -3.85058e-016 7.22227e-017 -1.01039e-028 1.39184e-016 1.19907 -1.11158e-015 0.177814
0.0563107 2.64354e-017 1.91065e-029 -8.32279e-016 2.68691e-017 4.93032e-030 7.16844e-016 6.41258e-017 -7.87254e-030 -9.86513e-016 7.77493e-017 8.21723e-029 -4.07339e-016 7.82493e-017 -1.09621e-028 1.60537e-016 1.29907 -5.59252e-016 0.19582
0.0606247 2.84229e-017 2.04858e-029 -8.91282e-016 2.89346e-017 4.70293e-030 7.76514e-016 6.90223e-017 -7.48062e-030 -1.05281e-015 8.37041e-017 8.18295e-029 -4.2965e-016 8.42771e-017 -1.10371e-028 1.81854e-016 1.39907 -2.91826e-015 0.213816
0.0649361 3.04037e-017 2.0219e-029 -9.50225e-016 3.09999e-017 4.81578e-030 8.36169e-016 7.39139e-017 -7.68934e-030 -1.11905e-015 8.96559e-017 8.20723e-029 -4.5199e-016 9.03044e-017 -1.1029e-028 2.03133e-016 1.49907 -1.98003e-015 0.231802
0.0692445 3.23768e-017 2.02513e-029 -1.0091e-015 3.30639e-017 4.89197e-030 8.95808e-016 7.88013e-017 -8.37057e-030 -1.18524e-015 9.56067e-017 8.26636e-029 -4.74358e-016 9.63311e-017 -1.10512e-028 2.24372e-016 1.59907 -1.52568e-015 0.249778
0.0735506 3.4344e-017 1.96355e-029 -1.06793e-015 3.51284e-017 5.00419e-030 9.55436e-016 8.36833e-017 -8.35268e-030 -1.25137e-015 1.01553e-016 8.24453e-029 -4.96756e-016 1.02358e-016 -1.10101e-028 2.45574e-016 1.69907 -1.03429e-015 0.267745
0.0778542 3.63042e-017 1.92062e-029 -1.1267e-015 3.71928e-017 4.96781e-030 1.01505e-015 8.85601e-017 -8.39622e-030 -1.31746e-015 1.07495e-016 8.28226e-029 -5.19184e-016 1.08386e-016 -1.09979e-028 2.66738e-016 1.79907 -4.3174e-016 0.285702
0.0821551 3.82576e-017 1.93208e-029 -1.18541e-015 3.92567e-017 5.10158e-030 1.07465e-015 9.34326e-017 -8.50355e-030 -1.38349e-015 1.13434e-016 8.27e-029 -5.41639e-016 1.14415e-016 -1.09999e-028 2.87863e-016 1.89907 -5.86925e-016 0.303649
0.0864535 4.02041e-017 1.90327e-029 -1.24406e-015 4.13203e-017 5.23114e-030 1.13424e-015 9.83004e-017 -8.81059e-030 -1.44946e-015 1.19369e-016 8.27559e-029 -5.64123e-016 1.20444e-016 -1.09868e-028 3.0895e-016 1.99907 -1.89386e-016 0.321587
0.0906825 4.21595e-017 1.83086e-029 -1.30312e-015 4.58383e-017 7.54659e-030 1.18823e-015 1.03173e-016 -9.40687e-030 -1.51533e-015 1.2513e-016 8.25405e-029 -5.85655e-016 1.25778e-016 -1.10366e-028 3.32198e-016 2.09907 -1.23802e-016 0.339513
0.0946823 4.51559e-017 1.88469e-029 -1.36609e-015 4.69385e-017 8.12945e-030 1.21342e-015 1.10482e-016 -9.36875e-030 -1.58174e-015 1.33617e-016 8.24806e-029 -6.03804e-016 1.32967e-016 -1.10465e-028 3.64609e-016 2.19907 2.31881e-016 0.357407
0.0984998 4.83916e-017 1.90748e-029 -1.43059e-015 4.99125e-017 8.76329e-030 1.22624e-015 1.18293e-016 -9.54193e-030 -1.64771e-015 1.42287e-016 8.22953e-029 -6.1868e-016 1.38894e-016 -1.10721e-028 4.04795e-016 2.29907 2.00339e-016 0.37531
0.102301 5.15593e-017 -3.35027e-031 -1.49476e-015 5.24191e-017 -1.74112e-028 1.23902e-015 1.2598e-016 4.25897e-030 -1.71343e-015 1.50888e-016 1.44632e-028 -6.33563e-016 1.44919e-016 -4.93434e-029 4.4485e-016 2.39907 2.74301e-014 0.39321
0.106039 5.43261e-017 1.99499e-029 -1.55767e-015 5.55833e-017 1.36744e-029 1.25333e-015 1.32727e-016 -9.68875e-030 -1.77822e-015 1.58373e-016 8.17306e-029 -6.47696e-016 1.50172e-016 -1.12122e-028 4.84654e-016 2.49907 2.59919e-016 0.411152
0.109627 5.63435e-017 1.82935e-029 -1.61813e-015 5.92465e-017 9.61574e-030 1.26885e-015 1.37738e-016 -1.01338e-029 -1.84086e-015 1.63886e-016 8.29287e-029 -6.60131e-016 1.54517e-016 -1.10094e-028 5.24041e-016 2.59907 -1.01049e-015 0.429193
0.11319 5.82096e-017 1.72004e-029 -1.67806e-015 6.30624e-017 1.47128e-029 1.28495e-015 1.42407e-016 -1.14892e-029 -1.90309e-015 1.69003e-016 8.22794e-029 -6.72337e-016 1.58649e-016 -1.10859e-028 5.6322e-016 2.69907 -1.54107e-015 0.447244
0.116593 6.02728e-017 1.94339e-029 -1.73885e-015 6.74937e-017 6.51723e-030 1.29733e-015 1.47469e-016 -8.97061e-030 -1.96424e-015 1.74117e-016 8.41258e-029 -6.80961e-016 1.60915e-016 -1.08455e-028 6.10915e-016 2.79907 2.31265e-017 0.465349
0.119658 6.3189e-017 1.94872e-029 -1.80236e-015 7.5803e-017 6.07272e-030 1.29755e-015 1.54443e-016 -8.73979e-030 -2.02333e-015 1.80977e-016 8.47396e-029 -6.82062e-016 1.62186e-016 -1.07285e-028 6.76614e-016 2.89907 4.19809e-016 0.483574
0.122669 6.60781e-017 1.99096e-029 -1.8651e-015 8.38247e-017 1.18771e-029 1.29766e-015 1.61371e-016 -8.13413e-030 -2.08159e-015 1.87888e-016 8.43158e-029 -6.82861e-016 1.6336e-016 -1.08797e-028 7.42579e-016 2.99907 1.35206e-015 0.501876
0.125657 6.88853e-017 2.02355e-029 -1.92704e-015 9.1688e-017 1.72916e-029 1.29799e-015 1.68154e-016 -8.5833e-030 -2.13929e-015 1.94799e-016 8.37231e-029 -6.83959e-016 1.64826e-016 -1.09963e-028 8.07252e-016 3.09907 2.98206e-015 0.520216
0.128526 7.12401e-017 1.90521e-029 -1.98688e-015 9.87311e-017 -2.88294e-030 1.29702e-015 1.73963e-016 -9.54453e-030 -2.19503e-015 2.01054e-016 8.55456e-029 -6.8411e-016 1.68284e-016 -1.0268e-028 8.68576e-016 3.19907 -3.0637e-015 0.53868
0.131146 7.32784e-017 1.99452e-029 -2.04641e-015 1.06467e-016 8.28442e-030 1.29703e-015 1.78867e-016 -8.9411e-030 -2.24757e-015 2.05381e-016 8.5271e-029 -6.76889e-016 1.68841e-016 -1.05885e-028 9.35389e-016 3.29907 4.73589e-016 0.557301
0.133725 7.52957e-017 2.00404e-029 -2.10564e-015 1.1446e-016 8.8136e-030 1.29738e-015 1.83728e-016 -8.96584e-030 -2.29949e-015 2.09611e-016 8.48931e-029 -6.68808e-016 1.69324e-016 -1.05595e-028 1.00257e-015 3.39907 1.7734e-016 0.575968
0.136079 7.81416e-017 1.93193e-029 -2.16729e-015 1.24507e-016 8.89707e-030 1.29821e-015 1.90418e-016 -1.11493e-029 -2.34949e-015 2.15303e-016 8.19903e-029 -6.53571e-016 1.61665e-016 -1.11561e-028 1.08682e-015 3.49907 -6.30782e-016 0.594744
0.138295 8.09533e-017 1.97538e-029 -2.22901e-015 1.34789e-016 2.0668e-029 1.29892e-015 1.96895e-016 -1.145e-029 -2.39743e-015 2.19974e-016 7.79932e-029 -6.33111e-016 1.52929e-016 -1.2276e-028 1.17118e-015 3.59907 3.15101e-015 0.61363
0.14053 8.38356e-017 1.91064e-029 -2.29078e-015 1.45061e-016 1.3918e-029 1.29995e-015 2.03555e-016 -1.21154e-029 -2.44559e-015 2.2482e-016 8.09346e-029 -6.13138e-016 1.44051e-016 -1.13439e-028 1.25537e-015 3.69907 -9.46495e-016 0.632531
0.142733 8.66802e-017 1.88359e-029 -2.35179e-015 1.55605e-016 1.2913e-029 1.3008e-015 2.10203e-016 -1.2375e-029 -2.49323e-015 2.29863e-016 8.06412e-029 -5.93405e-016 1.35622e-016 -1.12554e-028 1.33907e-015 3.79907 -7.30589e-016 0.65148
0.144867 8.91052e-017 1.87015e-029 -2.41073e-015 1.65226e-016 1.34238e-029 1.30125e-015 2.15964e-016 -1.24423e-029 -2.53931e-015 2.34494e-016 8.01639e-029 -5.74206e-016 1.28583e-016 -1.12258e-028 1.41888e-015 3.89907 -4.57579e-016 0.67058
0.146977 9.15163e-017 1.87872e-029 -2.46912e-015 1.7475e-016 1.46732e-029 1.30158e-015 2.21722e-016 -1.28051e-029 -2.58493e-015 2.39146e-016 7.96383e-029 -5.5517e-016 1.21417e-016 -1.12092e-028 1.49819e-015 3.99907 -1.76302e-015 0.689727
0.149037 9.34063e-017 1.86442e-029 -2.52541e-015 1.83551e-016 1.42948e-029 1.30207e-015 2.26344e-016 -1.29928e-029 -2.62931e-015 2.42916e-016 7.94362e-029 -5.36717e-016 1.16686e-016 -1.11016e-028 1.57259e-015 4.09907 -1.00159e-015 0.708975
0.150919 9.44804e-017 1.83344e-029 -2.57799e-015 1.91564e-016 1.67533e-029 1.30148e-015 2.29202e-016 -1.40028e-029 -2.67046e-015 2.45778e-016 7.81002e-029 -5.17757e-016 1.14523e-016 -1.1229e-028 1.64192e-015 4.19907 -1.19103e-015 0.72848
0.152795 9.53141e-017 2.11339e-029 -2.62934e-015 1.99413e-016 1.15382e-029 1.3015e-015 2.31541e-016 -1.07252e-029 -2.71118e-015 2.48314e-016 7.92094e-029 -4.99873e-016 1.13208e-016 -1.06378e-028 1.70837e-015 4.29907 -1.44089e-015 0.74802
0.154695 9.59855e-017 1.83012e-029 -2.68082e-015 2.07225e-016 1.78575e-029 1.30191e-015 2.33512e-016 -1.4221e-029 -2.75223e-015 2.5044e-016 7.69259e-029 -4.82057e-016 1.12456e-016 -1.12067e-028 1.77405e-015 4.39907 -9.85959e-016 0.7675
0.156606 9.64971e-017 1.89105e-029 -2.73171e-015 2.14974e-016 1.69246e-029 1.30304e-015 2.35153e-016 -1.36635e-029 -2.7932e-015 2.52316e-016 7.73423e-029 -4.64964e-016 1.12238e-016 -1.10609e-028 1.8379e-015 4.49907 -9.97443e-016 0.786986
0.158498 9.64933e-017 2.17789e-029 -2.7816e-015 2.23216e-016 1.30953e-029 1.30632e-015 2.35481e-016 -9.34628e-030 -2.83315e-015 2.51969e-016 8.16046e-029 -4.45911e-016 1.14397e-016 -1.07196e-028 1.89523e-015 4.59907 -9.7229e-016 0.806502
0.160255 9.7509e-017 2.26431e-029 -2.83426e-015 2.3272e-016 1.42289e-029 1.30765e-015 2.37982e-016 -9.13795e-030 -2.87105e-015 2.52646e-016 8.15671e-029 -4.17858e-016 1.11886e-016 -1.06298e-028 1.95376e-015 4.69907 -4.577e-015 0.826115
0.161867 9.94167e-017 1.89155e-029 -2.88927e-015 2.44007e-016 2.05248e-029 1.30934e-015 2.42412e-016 -1.38353e-029 -2.90649e-015 2.54505e-016 7.5195e-029 -3.80651e-016 9.60375e-017 -1.12251e-028 2.01377e-015 4.79907 -7.24249e-016 0.84583
0.163364 1.01231e-016 1.914e-029 -2.94448e-015 2.55877e-016 2.10984e-029 1.3105e-015 2.46375e-016 -1.51628e-029 -2.93927e-015 2.54274e-016 7.31157e-029 -3.35105e-016 8.27159e-017 -1.10726e-028 2.06305e-015 4.89907 -2.34374e-015 0.865635
0.16486 1.03171e-016 1.81046e-029 -3.00009e-015 2.67777e-016 2.08437e-029 1.31138e-015 2.50612e-016 -1.69649e-029 -2.97195e-015 2.54025e-016 7.70856e-029 -2.89231e-016 6.92433e-017 -1.08711e-028 2.11293e-015 4.99907 -2.36392e-015 0.885462
0.166341 1.0516e-016 1.89466e-029 -3.05528e-015 2.79705e-016 2.40383e-029 1.31216e-015 2.54992e-016 -1.4707e-029 -3.00443e-015 2.53894e-016 7.11584e-029 -2.43571e-016 5.57135e-017 -1.12885e-028 2.16269e-015 5.09907 -9.55448e-016 0.905385
0.167807 1.0715e-016 1.88182e-029 -3.10999e-015 2.91637e-016 2.47708e-029 1.31291e-015 2.59418e-016 -1.52133e-029 -3.03662e-015 2.53849e-016 7.03572e-029 -1.98266e-016 4.21872e-017 -1.1177e-028 2.21215e-015 5.19907 -1.1558e-015 0.925363
0.169237 1.09082e-016 -2.09439e-029 -3.16351e-015 3.03516e-016 1.6048e-029 1.31356e-015 2.63789e-016 -8.15706e-030 -3.06814e-015 2.54004e-016 8.65383e-029 -1.53909e-016 2.87417e-017 -8.25403e-029 2.2609e-015 5.29907 -7.08747e-015 0.945468
0.170525 1.10407e-016 2.11506e-029 -3.21195e-015 3.14905e-016 8.17386e-030 1.31417e-015 2.67101e-016 -1.66872e-029 -3.09658e-015 2.55299e-016 8.14177e-029 -1.14517e-016 1.63467e-017 -7.73854e-029 2.30702e-015 5.39907 -1.99253e-014 0.966008
0.171786 1.11834e-016 2.38501e-029 -3.26072e-015 3.26467e-016 1.91608e-029 1.31416e-015 2.70619e-016 -1.30411e-029 -3.12479e-015 2.56533e-016 6.47245e-029 -7.38129e-017 3.54642e-018 -1.01203e-028 2.35384e-015 5.49907 -5.10463e-015 0.986533
0.17314 1.13457e-016 1.7658e-029 -3.3113e-015 3.38247e-016 2.74557e-029 1.31487e-015 2.74585e-016 -1.72574e-029 -3.15455e-015 2.57985e-016 6.71895e-029 -3.31611e-017 -9.64486e-018 -1.08318e-028 2.40209e-015 5.59907 -1.22162e-015 1.00689
0.174396 1.14837e-016 2.0246e-029 -3.35945e-015 3.50136e-016 2.21359e-029 1.31502e-015 2.78216e-016 -1.6149e-029 -3.18252e-015 2.60382e-016 7.12809e-029 5.84656e-018 -2.31403e-017 -9.80672e-029 2.4498e-015 5.69907 -7.81003e-015 1.02745
0.175514 1.15947e-016 3.77575e-029 -3.40842e-015 3.62776e-016 2.57668e-029 1.31502e-015 2.80752e-016 3.5123e-030 -3.20525e-015 2.60105e-016 7.18305e-029 5.3087e-017 -3.48737e-017 -1.29841e-028 2.48502e-015 5.79907 7.53113e-015 1.04811
0.176615 1.17141e-016 3.64141e-029 -3.45765e-015 3.7568e-016 -1.70839e-029 1.31486e-015 2.83384e-016 4.72457e-029 -3.22772e-015 2.59524e-016 1.37486e-028 1.01795e-016 -4.73411e-017 -1.62941e-028 2.51946e-015 5.89907 1.49655e-014 1.06878
0.177765 1.18485e-016 1.74997e-029 -3.50856e-015 3.88965e-016 3.3557e-029 1.31498e-015 2.86443e-016 -2.19916e-029 -3.25079e-015 2.59132e-016 5.85985e-029 1.51497e-016 -6.05772e-017 -1.05165e-028 2.55482e-015 5.99907 -3.87116e-015 1.08932
0.178864 1.19737e-016 -2.09683e-029 -3.55809e-015 4.02073e-016 8.00383e-028 1.3148e-015 2.89316e-016 -1.98451e-028 -3.27306e-015 2.58717e-016 -7.88988e-028 2.0063e-016 -7.34848e-017 -1.13612e-027 2.58918e-015 6.09907 8.94751e-013 1.10996
0.179979 1.2104e-016 3.7446e-030 -3.60807e-015 4.15245e-016 3.33686e-028 1.31471e-015 2.92342e-016 -1.08291e-028 -3.29559e-015 2.58396e-016 -2.15386e-028 2.49927e-016 -8.6565e-017 -4.39106e-028 2.6239e-015 6.19907 2.14544e-013 1.13056
0.180863 1.23136e-016 1.34845e-029 -3.66011e-015 4.30812e-016 1.08161e-028 1.315e-015 2.96457e-016 -2.94646e-029 -3.30989e-015 2.4621e-016 -6.04744e-029 3.17191e-016 -9.55476e-017 -1.30464e-028 2.63443e-015 6.29907 9.82857e-014 1.15139
0.181649 1.25094e-016 8.13872e-030 -3.71146e-015 4.46879e-016 6.56731e-029 1.315e-015 3.00037e-016 -4.79123e-029 -3.321e-015 2.33708e-016 -3.34192e-029 3.85491e-016 -1.04817e-016 -4.40411e-029 2.64208e-015 6.39907 5.19946e-015 1.17237
0.182472 1.27248e-016 9.96789e-030 -3.76471e-015 4.6354e-016 4.48562e-029 1.31508e-015 3.04035e-016 -4.07119e-029 -3.33272e-015 2.2082e-016 -1.69473e-029 4.55922e-016 -1.14674e-016 -2.07708e-029 2.65039e-015 6.49907 5.37251e-015 1.1932
0.183353 1.29559e-016 1.11899e-029 -3.81961e-015 4.8061e-016 4.23918e-029 1.31534e-015 3.08472e-016 -3.99918e-029 -3.34561e-015 2.07957e-016 -1.38925e-029 5.27235e-016 -1.25102e-016 -1.27797e-029 2.66037e-015 6.59907 -5.3074e-015 1.21389
0.184126 1.31772e-016 1.15426e-029 -3.87301e-015 4.97847e-016 4.40554e-029 1.31502e-015 3.12712e-016 -4.0391e-029 -3.35638e-015 1.948e-016 -1.67526e-029 5.99616e-016 -1.35708e-016 -1.29693e-029 2.66828e-015 6.69907 -3.92951e-015 1.23477
0.185008 1.34111e-016 1.03002e-029 -3.92796e-015 5.15203e-016 4.58255e-029 1.31549e-015 3.17328e-016 -4.08385e-029 -3.36932e-015 1.81803e-016 -1.873e-029 6.71088e-016 -1.46497e-016 -9.37139e-030 2.67836e-015 6.79907 -5.28477e-015 1.25545
0.185786 1.36319e-016 1.02414e-029 -3.98146e-015 5.32589e-016 4.72219e-029 1.31531e-015 3.21699e-016 -4.21856e-029 -3.38027e-015 1.68565e-016 -2.22409e-029 7.43542e-016 -1.57297e-016 -5.97378e-030 2.68647e-015 6.89907 -5.66186e-015 1.2763
0.18667 1.38634e-016 9.86472e-030 -4.03647e-015 5.49978e-016 4.86722e-029 1.31578e-015 3.264e-016 -4.32677e-029 -3.39328e-015 1.55514e-016 -2.50958e-029 8.15123e-016 -1.68143e-016 -2.58301e-030 2.69661e-015 6.99907 -6.17419e-015 1.29696
0.187447 1.40755e-016 9.58759e-030 -4.08928e-015 5.67415e-016 4.93509e-029 1.31571e-015 3.30935e-016 -4.44039e-029 -3.40446e-015 1.43022e-016 -2.99992e-029 8.86273e-016 -1.79429e-016 1.07085e-030 2.70552e-015 7.09907 -4.92185e-015 1.31786
0.188224 1.42726e-016 9.01282e-030 -4.14134e-015 5.84553e-016 5.04543e-029 1.31567e-015 3.35297e-016 -4.56301e-029 -3.41578e-015 1.30996e-016 -3.34193e-029 9.55905e-016 -1.90228e-016 4.09917e-030 2.715e-015 7.19907 -4.63534e-015 1.33878
0.189038 1.44743e-016 8.99319e-030 -4.194e-015 6.01681e-016 5.21213e-029 1.31582e-015 3.39826e-016 -4.66397e-029 -3.42783e-015 1.19059e-016 -3.65358e-029 1.02529e-015 -2.01061e-016 7.17278e-030 2.72524e-015 7.29907 -4.94961e-015 1.35966
0.189808 1.46661e-016 7.41903e-030 -4.24578e-015 6.1872e-016 5.35482e-029 1.31571e-015 3.44204e-016 -4.851e-029 -3.43909e-015 1.07119e-016 -4.22476e-029 1.09457e-015 -2.11757e-016 1.05647e-029 2.73482e-015 7.39907 -4.00047e-015 1.38063
0.190626 1.48653e-016 7.85067e-030 -4.2985e-015 6.35845e-016 5.49922e-029 1.31594e-015 3.48784e-016 -4.80981e-029 -3.4512e-015 9.5171e-017 -4.16751e-029 1.16396e-015 -2.22579e-016 1.40502e-029 2.74507e-015 7.49907 -6.67838e-015 1.40151
0.191374 1.50496e-016 7.01079e-030 -4.34982e-015 6.52842e-016 5.6422e-029 1.31567e-015 3.53131e-016 -5.04814e-029 -3.4621e-015 8.32199e-017 -4.72713e-029 1.23322e-015 -2.33215e-016 1.80934e-029 2.75433e-015 7.59907 -5.89938e-015 1.42252
0.192199 1.52452e-016 5.76677e-030 -4.40254e-015 6.69942e-016 5.71128e-029 1.31598e-015 3.57749e-016 -5.23637e-029 -3.47435e-015 7.12995e-017 -5.26592e-029 1.30237e-015 -2.43988e-016 2.3735e-029 2.76465e-015 7.69907 -5.90067e-015 1.44338
0.193071 1.54959e-016 1.06293e-029 -4.45424e-015 6.87449e-016 5.47855e-029 1.32191e-015 3.63727e-016 -4.90172e-029 -3.47443e-015 5.31337e-017 -5.28289e-029 1.35122e-015 -2.51436e-016 1.88887e-029 2.7751e-015 7.79907 -6.68173e-015 1.46435
0.194007 1.54865e-016 8.86803e-030 -4.49823e-015 7.03192e-016 5.16483e-029 1.33502e-015 3.62962e-016 -4.58847e-029 -3.47186e-015 4.14577e-017 -6.63897e-029 1.38295e-015 -2.5436e-016 3.6146e-029 2.78046e-015 7.89907 -4.41346e-015 1.48559
0.194957 1.54455e-016 6.41044e-030 -4.5394e-015 7.17422e-016 5.26487e-029 1.3495e-015 3.61627e-016 -4.89722e-029 -3.46981e-015 3.27614e-017 -6.97814e-029 1.41043e-015 -2.57523e-016 4.10941e-029 2.78428e-015 7.99907 -3.09724e-015 1.507
0.195849 1.53913e-016 7.67158e-030 -4.57842e-015 7.31072e-016 5.47175e-029 1.36298e-015 3.59954e-016 -4.52908e-029 -3.46757e-015 2.44358e-017 -8.58961e-029 1.43662e-015 -2.60406e-016 4.8822e-029 2.78743e-015 8.09907 -5.3654e-015 1.52862
0.196759 1.53371e-016 8.56791e-030 -4.61741e-015 7.44625e-016 5.63373e-029 1.3763e-015 3.58194e-016 -4.85523e-029 -3.46614e-015 1.64301e-017 -7.88845e-029 1.46265e-015 -2.63353e-016 4.55855e-029 2.791e-015 8.19907 -5.61092e-015 1.55024
0.197545 1.52543e-016 4.73996e-030 -4.65213e-015 7.57265e-016 5.73879e-029 1.3888e-015 3.56568e-016 -5.22993e-029 -3.46384e-015 9.28054e-018 -8.51019e-029 1.48623e-015 -2.65958e-016 5.32481e-029 2.79379e-015 8.29907 -6.33357e-015 1.5723
0.198207 1.51287e-016 6.06948e-030 -4.6822e-015 7.68862e-016 5.76939e-029 1.3998e-015 3.54137e-016 -5.26216e-029 -3.46094e-015 3.77396e-018 -8.6821e-029 1.50663e-015 -2.68338e-016 5.47479e-029 2.79588e-015 8.39907 -5.9711e-015 1.59475
0.199112 1.50502e-016 4.67167e-030 -4.71704e-015 7.81152e-016 5.88991e-029 1.41129e-015 3.52571e-016 -5.27349e-029 -3.46369e-015 -1.62266e-018 -8.84323e-029 1.52811e-015 -2.71629e-016 5.60969e-029 2.80315e-015 8.49907 -6.60317e-015 1.61666
0.199666 1.48921e-016 6.30202e-030 -4.74358e-015 7.92152e-016 5.8524e-029 1.42116e-015 3.49564e-016 -4.99228e-029 -3.45981e-015 -6.56594e-018 -8.91188e-029 1.54632e-015 -2.73723e-016 5.63689e-029 2.80446e-015 8.59907 -8.53019e-015 1.63938
0.200567 1.48258e-016 -5.14983e-030 -4.77796e-015 8.0429e-016 5.66402e-029 1.43209e-015 3.48497e-016 -6.48809e-029 -3.46346e-015 -7.24007e-018 1.22613e-028 1.56843e-015 -2.82238e-016 -1.39568e-028 2.81133e-015 8.69907 -1.25795e-014 1.66131
0.201225 1.472e-016 4.11292e-030 -4.80778e-015 8.15893e-016 6.04371e-029 1.44249e-015 3.46759e-016 -5.04281e-029 -3.46172e-015 -4.70104e-018 1.17682e-028 1.59068e-015 -2.93897e-016 -1.53981e-028 2.81209e-015 8.79907 -6.74439e-015 1.68374
0.201971 1.46017e-016 1.03234e-029 -4.83862e-015 8.27689e-016 6.09766e-029 1.45305e-015 3.45967e-016 -4.21015e-029 -3.46284e-015 -2.46908e-018 1.06112e-028 1.61314e-015 -3.05571e-016 -1.49693e-028 2.81463e-015 8.89907 -6.17301e-015 1.70601
0.20271 1.44689e-016 8.47163e-030 -4.86953e-015 8.39415e-016 6.39045e-029 1.46382e-015 3.44546e-016 -4.46038e-029 -3.46378e-015 9.4638e-019 1.0751e-028 1.6365e-015 -3.17461e-016 -1.52626e-028 2.81625e-015 8.99907 -6.13079e-015 1.72827
0.203449 1.43338e-016 7.89659e-030 -4.90056e-015 8.5118e-016 6.2654e-029 1.4747e-015 3.43064e-016 -4.55529e-029 -3.46459e-015 4.19772e-018 1.04094e-028 1.65999e-015 -3.2918e-016 -1.45401e-028 2.81783e-015 9.09907 -7.49437e-015 1.75053
0.204175 1.41953e-016 5.99394e-030 -4.93137e-015 8.62935e-016 6.55753e-029 1.48558e-015 3.41525e-016 -4.74239e-029 -3.4651e-015 7.37652e-018 1.08894e-028 1.68347e-015 -3.4083e-016 -1.5222e-028 2.81917e-015 9.19907 -6.69594e-015 1.77283
0.2049 1.40556e-016 8.80993e-030 -4.96214e-015 8.74695e-016 6.55887e-029 1.49646e-015 3.39972e-016 -4.36669e-029 -3.46564e-015 1.0619e-017 1.03826e-028 1.70699e-015 -3.52544e-016 -1.49774e-028 2.82047e-015 9.29907 -6.39685e-015 1.79514
0.205597 1.39072e-016 9.42682e-030 -4.99218e-015 8.86322e-016 6.77259e-029 1.50716e-015 3.38293e-016 -4.23196e-029 -3.46578e-015 1.40008e-017 1.01919e-028 1.73026e-015 -3.64179e-016 -1.51609e-028 2.82137e-015 9.39907 -5.03608e-015 1.81752
0.206375 1.38535e-016 1.11651e-029 -5.02492e-015 8.98788e-016 6.7527e-029 1.51887e-015 3.38376e-016 -4.15378e-029 -3.46571e-015 5.39351e-018 1.03363e-028 1.75744e-015 -3.68328e-016 -1.50686e-028 2.8158e-015 9.49907 -6.78805e-015 1.83975
0.207021 1.36984e-016 1.28046e-029 -5.05249e-015 9.10833e-016 6.74789e-029 1.53065e-015 3.3521e-016 -4.06632e-029 -3.45703e-015 2.51948e-018 9.34051e-029 1.76913e-015 -3.75306e-016 -1.44258e-028 2.81075e-015 9.59907 -8.60374e-015 1.86243
0.207806 1.35771e-016 1.06723e-029 -5.08161e-015 9.22598e-016 7.02738e-029 1.54094e-015 3.32925e-016 -4.24121e-029 -3.45326e-015 -3.48073e-019 1.04909e-028 1.78128e-015 -3.81447e-016 -1.53712e-028 2.8074e-015 9.69907 -6.89836e-015 1.88487
0.208484 1.34374e-016 1.27682e-029 -5.10765e-015 9.33483e-016 7.10363e-029 1.55034e-015 3.30479e-016 -3.85226e-029 -3.44813e-015 -2.83942e-018 1.00681e-028 1.79181e-015 -3.87216e-016 -1.58351e-028 2.80299e-015 9.79907 -7.5225e-015 1.9077
0.209184 1.3309e-016 1.62634e-029 -5.13372e-015 9.44109e-016 7.36994e-029 1.55941e-015 3.28239e-016 -5.18935e-029 -3.44471e-015 -5.73081e-018 1.2248e-028 1.80271e-015 -3.92492e-016 -1.7102e-028 2.79997e-015 9.89907 -5.53087e-015 1.93053
0.20984 1.31713e-016 5.19121e-030 -5.15847e-015 9.54453e-016 1.35758e-028 1.56815e-015 3.2575e-016 6.22297e-028 -3.44061e-015 -8.33278e-018 4.24206e-028 1.81271e-015 -3.97678e-016 -9.77054e-028 2.79652e-015 9.99907 8.60913e-014 1.95351
0.2105 1.30313e-016 1.73342e-029 -5.18307e-015 9.64709e-016 7.37767e-029 1.57676e-015 3.23382e-016 -5.92272e-029 -3.43716e-015 -1.08867e-017 1.08726e-028 1.82278e-015 -4.02841e-016 -1.51861e-028 2.79358e-015 10.0991 -9.0484e-015 1.97648
0.211159 1.29236e-016 2.61038e-029 -5.20838e-015 9.75119e-016 7.66886e-029 1.58541e-015 3.21818e-016 -7.09923e-029 -3.43376e-015 -9.64915e-018 1.25963e-028 1.83542e-015 -4.13174e-016 -1.80415e-028 2.78873e-015 10.1991 2.0629e-015 1.99943
0.211817 1.28188e-016 3.01121e-030 -5.23376e-015 9.85557e-016 7.40417e-029 1.59406e-015 3.20455e-016 -5.05669e-029 -3.43035e-015 -8.22402e-018 1.32285e-028 1.84828e-015 -4.23946e-016 -1.63248e-028 2.78369e-015 10.2991 -5.88389e-015 2.02237
0.212481 1.27147e-016 9.12996e-030 -5.25912e-015 9.95917e-016 7.43533e-029 1.6026e-015 3.19149e-016 -3.89651e-029 -3.42748e-015 -7.14301e-018 1.05149e-028 1.86138e-015 -4.34279e-016 -1.59198e-028 2.77901e-015 10.3991 -1.30472e-014 2.0453
0.212905 1.26052e-016 1.45673e-029 -5.27721e-015 1.00463e-015 9.15896e-029 1.6095e-015 3.18522e-016 -4.62284e-029 -3.42171e-015 -5.65261e-018 2.65185e-029 1.87049e-015 -4.45265e-016 -1.67357e-028 2.7715e-015 10.4991 -4.47551e-014 2.06921
0.213349 1.25025e-016 7.57662e-029 -5.29461e-015 1.01282e-015 6.48097e-029 1.61572e-015 3.17761e-016 -2.35508e-028 -3.41834e-015 -5.26059e-018 1.0814e-027 1.87914e-015 -4.54217e-016 -9.95081e-028 2.76643e-015 10.5991 -2.18823e-013 2.09317
0.213728 1.24075e-016 -9.65931e-028 -5.31006e-015 1.02046e-015 8.07532e-028 1.62131e-015 3.17321e-016 5.17661e-027 -3.41492e-015 -5.94148e-018 -2.20487e-027 1.88748e-015 -4.60601e-016 -4.1644e-027 2.76121e-015 10.6991 -4.64613e-013 2.11736
0.214146 1.23334e-016 2.39399e-028 -5.32643e-015 1.02828e-015 -1.80207e-028 1.62691e-015 3.17565e-016 -3.55906e-027 -3.41333e-015 -5.74515e-018 1.6083e-027 1.89647e-015 -4.6286e-016 2.07811e-027 2.75919e-015 10.7991 -7.22779e-013 2.14146
0.21455 1.22719e-016 1.95254e-028 -5.34261e-015 1.03599e-015 1.77177e-028 1.63237e-015 3.18185e-016 1.39024e-027 -3.41161e-015 -6.29796e-018 -1.79961e-028 1.9058e-015 -4.64937e-016 -1.54648e-027 2.75676e-015 10.8991 4.20688e-013 2.16559
0.21501 1.22253e-016 -1.80172e-028 -5.36046e-015 1.04403e-015 8.59361e-029 1.63816e-015 3.19034e-016 -8.96913e-028 -3.41091e-015 -7.17174e-018 8.92454e-030 1.9163e-015 -4.65491e-016 6.36044e-028 2.75546e-015 10.9991 -4.56421e-013 2.18953
0.215425 1.219e-016 5.13701e-029 -5.37794e-015 1.05218e-015 1.13131e-028 1.64395e-015 3.20403e-016 1.83434e-029 -3.4089e-015 -7.56171e-018 1.71112e-028 1.92656e-015 -4.61817e-016 -1.74969e-028 2.75452e-015 11.0991 3.12626e-014 2.21359
0.216289 1.22667e-016 -1.41601e-029 -5.40921e-015 1.0633e-015 8.31078e-029 1.6533e-015 3.23497e-016 -4.03042e-029 -3.41172e-015 -9.90494e-018 -4.09722e-029 1.94452e-015 -4.58954e-016 7.68703e-029 2.75765e-015 11.1991 -8.88231e-015 2.23624
0.217169 1.23511e-016 9.70571e-030 -5.4445e-015 1.07646e-015 7.17073e-029 1.66505e-015 3.26767e-016 -3.90988e-029 -3.40855e-015 -9.71177e-018 1.17737e-028 1.96403e-015 -4.57451e-016 -1.59765e-029 2.75616e-015 11.2991 -1.29198e-014 2.2586
0.217944 1.2264e-016 1.00635e-029 -5.47616e-015 1.09017e-015 8.34023e-029 1.67743e-015 3.24417e-016 -3.89654e-029 -3.40143e-015 -4.37364e-018 1.1313e-028 1.97707e-015 -4.55279e-016 -1.54405e-029 2.75446e-015 11.3991 -4.01334e-015 2.28119
0.218643 1.20906e-016 1.20231e-029 -5.50588e-015 1.10221e-015 8.37451e-029 1.68958e-015 3.18185e-016 -3.77255e-029 -3.39075e-015 5.61947e-018 1.30911e-028 1.98573e-015 -4.52243e-016 -3.37236e-029 2.75208e-015 11.4991 -3.92336e-015 2.3039
0.219295 1.18695e-016 1.43751e-029 -5.53434e-015 1.11301e-015 8.60961e-029 1.70153e-015 3.10193e-016 -3.65281e-029 -3.37824e-015 1.8732e-017 1.21178e-028 1.99226e-015 -4.50089e-016 -3.14834e-029 2.74874e-015 11.5991 -8.20265e-015 2.32666
0.219774 1.15228e-016 1.23705e-029 -5.55756e-015 1.12004e-015 8.63043e-029 1.71156e-015 3.00068e-016 -3.73811e-029 -3.36274e-015 3.31309e-017 1.26161e-028 1.99494e-015 -4.44504e-016 -3.00275e-029 2.74211e-015 11.6991 -4.75425e-015 2.34987
0.22024 1.1167e-016 1.28503e-029 -5.58066e-015 1.12651e-015 8.77514e-029 1.72145e-015 2.90267e-016 -3.70975e-029 -3.34687e-015 4.66053e-017 1.26628e-028 1.99809e-015 -4.37113e-016 -2.88824e-029 2.73425e-015 11.7991 -5.439e-015 2.37304
0.219986 1.03719e-016 1.21841e-029 -5.58476e-015 1.12446e-015 8.7938e-029 1.72346e-015 2.73823e-016 -3.70388e-029 -3.32276e-015 6.4007e-017 1.25934e-028 1.99484e-015 -4.20125e-016 -2.8932e-029 2.7171e-015 11.8991 -4.58383e-015 2.39763
0.218952 8.85192e-017 1.74021e-029 -5.56538e-015 1.11617e-015 8.91868e-029 1.71625e-015 2.48818e-016 -4.14447e-029 -3.29886e-015 9.49785e-017 1.4598e-028 1.98735e-015 -3.98485e-016 -5.50335e-029 2.69946e-015 11.9991 -8.95124e-015 2.42384
0.217292 6.68597e-017 1.25837e-029 -5.52424e-015 1.09916e-015 8.62052e-029 1.69997e-015 2.14413e-016 -3.36968e-029 -3.27963e-015 1.35758e-016 1.112e-028 1.97619e-015 -3.74361e-016 -1.83265e-029 2.6823e-015 12.0991 -7.11437e-015 2.45134
0.215435 4.37797e-017 1.04477e-029 -5.47738e-015 1.08011e-015 8.56682e-029 1.68172e-015 1.78125e-016 -4.27908e-029 -3.25992e-015 1.78449e-016 1.17455e-028 1.96564e-015 -3.51907e-016 -1.46055e-029 2.66112e-015 12.1991 -8.73283e-015 2.47924
0.213947 2.31094e-017 8.78942e-030 -5.44036e-015 1.06444e-015 8.27406e-029 1.66673e-015 1.4554e-016 -4.43021e-029 -3.24456e-015 2.16193e-016 1.0591e-028 1.9589e-015 -3.32088e-016 4.37196e-030 2.64372e-015 12.2991 3.99596e-015 2.50635
0.212089 1.97146e-018 2.64231e-030 -5.39678e-015 1.04734e-015 8.26111e-029 1.64949e-015 1.08924e-016 -5.29615e-029 -3.21595e-015 2.5388e-016 1.07922e-028 1.94303e-015 -3.08181e-016 1.95588e-029 2.62082e-015 12.3991 -1.23743e-014 2.53428
0.211228 -1.23944e-017 3.00863e-030 -5.37854e-015 1.03827e-015 8.19686e-029 1.64057e-015 8.42142e-017 -5.79138e-029 -3.20036e-015 2.79192e-016 1.08628e-028 1.93628e-015 -2.91197e-016 2.12052e-029 2.6088e-015 12.4991 -5.54964e-015 2.56025
0.211564 -1.89059e-017 3.47319e-030 -5.3913e-015 1.03928e-015 8.25129e-029 1.64182e-015 7.32233e-017 -4.78996e-029 -3.20047e-015 2.91483e-016 1.06795e-028 1.94128e-015 -2.80479e-016 1.58026e-029 2.61076e-015 12.5991 -1.29705e-014 2.58381
0.211857 -2.51089e-017 -1.47889e-030 -5.40318e-015 1.04004e-015 8.32504e-029 1.64313e-015 6.54488e-017 -7.49625e-029 -3.19657e-015 3.02793e-016 1.21373e-028 1.9412e-015 -2.70146e-016 2.95704e-029 2.61273e-015 12.6991 -2.346e-014 2.60756
0.212594 -2.81662e-017 1.50623e-030 -5.42867e-015 1.04588e-015 8.24231e-029 1.64848e-015 6.27775e-017 -5.54751e-029 -3.19842e-015 3.07538e-016 1.20709e-028 1.95036e-015 -2.64967e-016 4.75484e-030 2.61858e-015 12.7991 -1.2369e-014 2.6301
0.213054 -3.25221e-017 4.78342e-029 -5.44726e-015 1.04921e-015 8.53715e-029 1.6516e-015 5.89926e-017 -1.16314e-028 -3.1955e-015 3.178e-016 1.48053e-028 1.9553e-015 -2.55492e-016 3.63297e-029 2.62201e-015 12.8991 6.31882e-015 2.65334
0.213549 -3.64436e-017 1.35575e-029 -5.46749e-015 1.05309e-015 8.35086e-029 1.65512e-015 5.59373e-017 -6.33572e-029 -3.19271e-015 3.31435e-016 1.27418e-028 1.96271e-015 -2.52558e-016 7.45937e-030 2.62366e-015 12.9991 -5.21359e-015 2.67648
0.213933 -4.17224e-017 1.48207e-029 -5.48405e-015 1.05541e-015 8.42402e-029 1.658e-015 5.20692e-017 -5.09444e-029 -3.19073e-015 3.51818e-016 1.24748e-028 1.97207e-015 -2.51676e-016 -2.55081e-029 2.62169e-015 13.0991 -1.272e-014 2.69996
0.214356 -4.71421e-017 8.99221e-030 -5.50095e-015 1.05769e-015 8.46e-029 1.66102e-015 4.73071e-017 -6.19033e-029 -3.19005e-015 3.71099e-016 1.45066e-028 1.98154e-015 -2.50594e-016 -2.1302e-029 2.62036e-015 13.1991 -8.51986e-015 2.72336
0.214819 -5.24727e-017 -2.05008e-030 -5.51824e-015 1.06048e-015 8.26864e-029 1.66457e-015 4.27014e-017 -5.40487e-029 -3.19016e-015 3.9002e-016 9.99348e-029 1.99015e-015 -2.49656e-016 2.57547e-029 2.62044e-015 13.2991 -1.11279e-014 2.7467
0.215562 -5.59676e-017 1.40203e-030 -5.54098e-015 1.06712e-015 8.28799e-029 1.67213e-015 4.40917e-017 -5.83964e-029 -3.196e-015 4.04753e-016 1.1144e-028 2.00158e-015 -2.54688e-016 1.54178e-029 2.62411e-015 13.3991 -1.20055e-014 2.76976
0.216176 -6.16566e-017 -5.83881e-030 -5.5572e-015 1.07025e-015 8.60719e-029 1.67833e-015 4.53081e-017 -1.09466e-028 -3.20569e-015 4.22889e-016 1.59821e-028 2.01313e-015 -2.57769e-016 1.19691e-029 2.62727e-015 13.4991 -1.67246e-014 2.79346
0.216794 -6.77705e-017 -6.44079e-029 -5.57259e-015 1.07291e-015 8.72847e-029 1.68426e-015 4.5972e-017 -3.60306e-028 -3.21724e-015 4.40364e-016 2.66051e-028 2.0255e-015 -2.61678e-016 1.68304e-028 2.63035e-015 13.5991 -6.15628e-014 2.81718
0.2174 -7.42454e-017 -3.1096e-029 -5.5869e-015 1.07515e-015 7.6403e-029 1.69003e-015 4.62335e-017 -1.46589e-028 -3.2301e-015 4.5931e-016 1.95958e-028 2.03813e-015 -2.66173e-016 3.13965e-029 2.6336e-015 13.6991 -2.20105e-014 2.84097
0.217996 -8.10166e-017 1.49753e-030 -5.60025e-015 1.07705e-015 8.69725e-029 1.69562e-015 4.62284e-017 -5.47429e-029 -3.24376e-015 4.77979e-016 1.10562e-028 2.05036e-015 -2.6933e-016 -4.75447e-029 2.63745e-015 13.7991 -1.41736e-014 2.86482
0.218675 -8.72256e-017 -7.36906e-030 -5.6161e-015 1.08012e-015 8.66158e-029 1.70196e-015 4.60942e-017 -9.23071e-029 -3.25821e-015 4.94882e-016 1.44054e-028 2.06352e-015 -2.72593e-016 -3.35362e-029 2.64241e-015 13.8991 -2.07174e-014 2.88839
0.219424 -9.27763e-017 -7.49063e-030 -5.63403e-015 1.08459e-015 8.68762e-029 1.70929e-015 4.70419e-017 -7.35539e-029 -3.27286e-015 5.10066e-016 1.22129e-028 2.0772e-015 -2.77316e-016 -3.14559e-029 2.64787e-015 13.9991 -1.80072e-014 2.91177
0.220186 -9.81336e-017 -1.82868e-029 -5.65264e-015 1.08931e-015 8.87504e-029 1.71671e-015 4.80752e-017 -8.37116e-029 -3.28714e-015 5.24653e-016 1.22084e-028 2.09106e-015 -2.82201e-016 -2.25545e-029 2.65319e-015 14.0991 -3.55059e-014 2.93509
0.220938 -1.03499e-016 -2.20605e-029 -5.67107e-015 1.09392e-015 8.96529e-029 1.72409e-015 4.91301e-017 -9.49132e-029 -3.30131e-015 5.39977e-016 1.12235e-028 2.10507e-015 -2.87173e-016 2.44683e-029 2.65832e-015 14.1991 -3.23219e-014 2.95845
0.221705 -1.08781e-016 1.97484e-030 -5.69e-015 1.0988e-015 8.90987e-029 1.73155e-015 5.01509e-017 -8.43691e-029 -3.31543e-015 5.54513e-016 1.18361e-028 2.11908e-015 -2.91812e-016 2.73581e-029 2.66364e-015 14.2991 -9.7915e-015 2.98177
0.222457 -1.14194e-016 -6.19617e-030 -5.70804e-015 1.10335e-015 9.08137e-029 1.73875e-015 5.07996e-017 -7.58556e-029 -3.33043e-015 5.69029e-016 1.27997e-028 2.13293e-015 -2.95696e-016 1.6243e-030 2.6697e-015 14.3991 -1.69677e-014 3.00521
0.223227 -1.19352e-016 -1.07495e-030 -5.72697e-015 1.1083e-015 9.04432e-029 1.74622e-015 5.20282e-017 -7.83648e-029 -3.34478e-015 5.82658e-016 1.15558e-028 2.14702e-015 -3.00288e-016 2.25592e-029 2.67519e-015 14.4991 -1.40587e-014 3.02864
0.22405 -1.23815e-016 -1.41144e-029 -5.74829e-015 1.11409e-015 9.15497e-029 1.75416e-015 5.34428e-017 -7.15094e-029 -3.35864e-015 5.94807e-016 8.4816e-029 2.16199e-015 -3.04716e-016 4.35065e-029 2.68103e-015 14.5991 -2.19984e-014 3.05195
0.224873 -1.28136e-016 7.20947e-032 -5.77006e-015 1.11998e-015 9.30989e-029 1.76217e-015 5.50805e-017 -7.89632e-029 -3.372e-015 6.08009e-016 1.30982e-028 2.17751e-015 -3.10484e-016 2.43551e-030 2.68618e-015 14.6991 -6.68168e-014 3.07521
0.225689 -1.32533e-016 2.22212e-029 -5.79148e-015 1.12578e-015 9.02377e-029 1.77013e-015 5.65687e-017 -1.22693e-028 -3.38526e-015 6.20241e-016 1.92474e-028 2.19243e-015 -3.15114e-016 -3.90976e-029 2.69155e-015 14.7991 -2.24712e-014 3.09854
0.226513 -1.36961e-016 -2.11974e-029 -5.81322e-015 1.13161e-015 1.03912e-028 1.77813e-015 5.81299e-017 6.74607e-029 -3.39885e-015 6.34003e-016 3.49052e-028 2.2081e-015 -3.20986e-016 -2.37438e-028 2.69682e-015 14.8991 -3.64521e-013 3.12175
0.227332 -1.41457e-016 8.59688e-029 -5.83468e-015 1.13744e-015 5.14607e-029 1.78609e-015 5.96392e-017 -3.68481e-029 -3.41235e-015 6.46634e-016 5.70665e-029 2.22333e-015 -3.25944e-016 1.67016e-029 2.70214e-015 14.9991 -1.18798e-013 3.14507
0.228101 -1.46253e-016 5.69882e-028 -5.85484e-015 1.13951e-015 8.61513e-028 1.79325e-015 6.2036e-017 -4.5615e-028 -3.42533e-015 6.60457e-016 3.41656e-027 2.23805e-015 -3.30706e-016 -4.79175e-027 2.70691e-015 15.0991 -9.44988e-012 3.16852
0.228968 -1.50373e-016 -1.81419e-028 -5.87781e-015 1.14265e-015 -1.45262e-029 1.80071e-015 6.29725e-017 3.45193e-028 -3.43961e-015 6.71955e-016 -6.86146e-028 2.2537e-015 -3.35583e-016 7.61179e-028 2.71341e-015 15.1991 1.48927e-013 3.19157
0.229764 -1.54661e-016 4.25703e-027 -5.89941e-015 1.14469e-015 -5.83258e-027 1.80772e-015 6.53446e-017 1.12213e-026 -3.4524e-015 6.84039e-016 -1.07899e-027 2.2691e-015 -3.39533e-016 5.33381e-027 2.71875e-015 15.2991 -6.67845e-011 3.21482
0.230511 -1.59147e-016 -1.39771e-026 -5.92121e-015 1.14484e-015 -9.45244e-028 1.81423e-015 6.69025e-017 2.78191e-026 -3.46445e-015 6.94933e-016 -8.17931e-027 2.286e-015 -3.38065e-016 -1.32761e-026 2.72481e-015 15.3991 -8.45492e-012 3.23817
0.231326 -1.62762e-016 1.48793e-026 -5.94479e-015 1.14853e-015 4.73157e-027 1.822e-015 6.91227e-017 -3.11526e-027 -3.47629e-015 7.0483e-016 -1.92358e-026 2.3037e-015 -3.43492e-016 3.12401e-026 2.72904e-015 15.4991 -1.17148e-011 3.26132
0.232119 -1.65695e-016 -5.0195e-027 -5.96973e-015 1.15029e-015 9.91911e-028 1.82952e-015 7.54276e-017 -6.87742e-027 -3.48347e-015 7.08911e-016 8.3794e-027 2.31827e-015 -3.46984e-016 1.58964e-027 2.73322e-015 15.5991 2.68121e-013 3.28448
0.232881 -1.6829e-016 -2.18553e-027 -5.99415e-015 1.1535e-015 -3.22573e-028 1.83726e-015 8.29791e-017 -1.003e-026 -3.48876e-015 7.11814e-016 1.10963e-026 2.33128e-015 -3.51413e-016 1.60121e-027 2.73686e-015 15.6991 2.43346e-012 3.30782
0.233604 -1.70503e-016 1.39624e-028 -6.01819e-015 1.15543e-015 3.40984e-029 1.84457e-015 9.01826e-017 -1.15448e-026 -3.49244e-015 7.14e-016 1.15053e-026 2.34368e-015 -3.55474e-016 1.72417e-029 2.73959e-015 15.7991 5.58183e-014 3.33138
0.234342 -1.72251e-016 4.45878e-029 -6.04284e-015 1.15893e-015 4.1917e-028 1.85224e-015 9.71153e-017 -1.22606e-026 -3.49404e-015 7.15169e-016 1.27366e-026 2.35431e-015 -3.60431e-016 -1.39835e-027 2.74063e-015 15.8991 -1.52752e-013 3.35489
0.235068 -1.73623e-016 2.31086e-028 -6.06802e-015 1.16188e-015 8.4543e-029 1.8596e-015 1.04019e-016 -1.15417e-026 -3.49356e-015 7.15963e-016 1.12072e-026 2.36386e-015 -3.6413e-016 2.98003e-028 2.74073e-015 15.9991 1.15309e-012 3.37846
0.235723 -1.7453e-016 6.17763e-027 -6.09167e-015 1.16437e-015 5.56844e-029 1.86634e-015 1.106e-016 -3.9985e-026 -3.49157e-015 7.16721e-016 3.51478e-026 2.37233e-015 -3.67871e-016 4.06604e-028 2.74027e-015 16.0991 -2.1953e-012 3.40238
0.236343 -1.75204e-016 1.45361e-028 -6.11446e-015 1.16686e-015 1.24506e-028 1.87265e-015 1.17006e-016 -1.22001e-026 -3.48924e-015 7.1726e-016 1.18061e-026 2.3804e-015 -3.71672e-016 -2.16313e-028 2.74006e-015 16.1991 5.40514e-013 3.42657
0.236919 -1.74608e-016 -5.54437e-029 -6.14007e-015 1.16811e-015 5.05101e-029 1.87859e-015 1.25037e-016 -1.19078e-026 -3.48095e-015 7.16755e-016 1.14707e-026 2.38839e-015 -3.74983e-016 4.24325e-028 2.73815e-015 16.2991 3.86011e-013 3.45071
0.237546 -1.75063e-016 1.12031e-028 -6.16338e-015 1.17112e-015 3.27232e-029 1.88479e-015 1.30929e-016 -1.153e-026 -3.47802e-015 7.1711e-016 1.13942e-026 2.39559e-015 -3.79559e-016 4.00738e-029 2.73896e-015 16.3991 -6.7343e-015 3.47478
0.238217 -1.75383e-016 9.923e-029 -6.18872e-015 1.17371e-015 4.42296e-029 1.89136e-015 1.37748e-016 -1.15027e-026 -3.4749e-015 7.17168e-016 1.14019e-026 2.4044e-015 -3.83515e-016 3.30134e-029 2.73918e-015 16.4991 5.02674e-014 3.4986
0.238949 -1.74257e-016 1.04452e-028 -6.22102e-015 1.17557e-015 4.82874e-029 1.89835e-015 1.46939e-016 -1.14753e-026 -3.46506e-015 7.15897e-016 1.13776e-026 2.41422e-015 -3.87158e-016 2.51244e-029 2.738e-015 16.5991 5.58797e-014 3.52196
0.239701 -1.73377e-016 1.02191e-028 -6.2527e-015 1.17863e-015 4.86187e-029 1.90566e-015 1.54835e-016 -1.14578e-026 -3.45602e-015 7.15107e-016 1.13531e-026 2.42273e-015 -3.91755e-016 4.72363e-029 2.73744e-015 16.6991 3.14996e-014 3.5453
0.24047 -1.73369e-016 9.98445e-029 -6.28128e-015 1.18225e-015 4.82984e-029 1.91314e-015 1.62109e-016 -1.14401e-026 -3.45277e-015 7.14664e-016 1.13365e-026 2.43204e-015 -3.9543e-016 5.10911e-029 2.73836e-015 16.7991 7.64322e-014 3.5688
0.241201 -1.73285e-016 1.01333e-028 -6.30832e-015 1.18521e-015 4.75678e-029 1.92066e-015 1.69652e-016 -1.14331e-026 -3.44937e-015 7.14561e-016 1.13081e-026 2.44071e-015 -3.96819e-016 7.61141e-029 2.73856e-015 16.8991 3.22178e-014 3.59257
0.24181 -1.72934e-016 9.25604e-029 -6.33186e-015 1.18713e-015 4.7974e-029 1.92726e-015 1.77293e-016 -1.14035e-026 -3.44484e-015 7.14049e-016 1.12836e-026 2.44843e-015 -3.98344e-016 5.95903e-029 2.73693e-015 16.9991 5.33346e-014 3.61706
0.242494 -1.73288e-016 7.86535e-029 -6.35539e-015 1.19084e-015 4.45114e-029 1.93482e-015 1.83653e-016 -1.14545e-026 -3.44237e-015 7.14164e-016 1.12841e-026 2.45471e-015 -4.00784e-016 1.18076e-028 2.73632e-015 17.0991 1.11371e-013 3.64112
0.243124 -1.73673e-016 9.79867e-029 -6.37699e-015 1.19392e-015 5.28583e-029 1.94217e-015 1.89978e-016 -1.14256e-026 -3.44019e-015 7.15066e-016 1.12932e-026 2.46119e-015 -4.02179e-016 7.29949e-029 2.73464e-015 17.1991 4.5001e-014 3.66548
0.243649 -1.74142e-016 1.21006e-028 -6.39448e-015 1.19609e-015 5.62041e-029 1.94865e-015 1.96128e-016 -1.14705e-026 -3.43827e-015 7.16115e-016 1.13393e-026 2.46602e-015 -4.03193e-016 5.16585e-029 2.73247e-015 17.2991 5.86146e-014 3.69059
0.244145 -1.74726e-016 8.71675e-029 -6.40969e-015 1.19796e-015 5.33202e-029 1.95458e-015 2.02806e-016 -1.13603e-026 -3.43913e-015 7.15145e-016 1.12326e-026 2.47151e-015 -4.02892e-016 7.75362e-029 2.73105e-015 17.3991 4.89528e-014 3.71589
0.244605 -1.75036e-016 1.05393e-028 -6.42371e-015 1.19957e-015 -7.35224e-029 1.96003e-015 2.08886e-016 -1.13372e-026 -3.44007e-015 7.13578e-016 1.12155e-026 2.47658e-015 -4.02279e-016 6.7902e-029 2.72984e-015 17.4991 5.4743e-014 3.74151
0.245066 -1.75267e-016 7.51944e-029 -6.43789e-015 1.1983e-015 -7.72938e-029 1.96488e-015 2.14669e-016 -1.12922e-026 -3.44135e-015 7.12013e-016 1.12079e-026 2.48189e-015 -4.01652e-016 4.97194e-029 2.72904e-015 17.5991 2.66169e-014 3.76713
0.245492 -1.7545e-016 1.5251e-028 -6.45086e-015 1.19706e-015 -1.12594e-028 1.9694e-015 2.20126e-016 -1.12278e-026 -3.44268e-015 7.10579e-016 1.12821e-026 2.48686e-015 -4.01112e-016 -7.73758e-029 2.72817e-015 17.6991 -5.10122e-012 3.79308
0.24584 -1.7549e-016 -2.55391e-028 -6.46157e-015 1.19498e-015 -1.15401e-028 1.9733e-015 2.2568e-016 -1.08763e-026 -3.443e-015 7.09221e-016 1.09351e-026 2.49049e-015 -4.0057e-016 3.09146e-028 2.72659e-015 17.7991 1.15097e-012 3.81957
0.246224 -1.75607e-016 2.29212e-028 -6.47305e-015 1.19398e-015 -7.04551e-029 1.97742e-015 2.30687e-016 -1.12688e-026 -3.44432e-015 7.0752e-016 1.11164e-026 2.49466e-015 -3.99969e-016 1.27667e-029 2.72593e-015 17.8991 -7.06414e-013 3.8459
0.246609 -1.75703e-016 7.56389e-029 -6.48463e-015 1.19292e-015 -8.07379e-029 1.98151e-015 2.35679e-016 -1.12807e-026 -3.44584e-015 7.06072e-016 1.11541e-026 2.49926e-015 -3.99536e-016 1.00659e-028 2.7252e-015 17.9991 1.46604e-013 3.87222
0.247007 -1.75611e-016 1.21481e-028 -6.49676e-015 1.19218e-015 -7.45136e-029 1.98564e-015 2.40394e-016 -1.12726e-026 -3.44728e-015 7.03897e-016 1.11172e-026 2.50403e-015 -3.98554e-016 7.76698e-029 2.72464e-015 18.0991 2.51132e-013 3.89849
0.24737 -1.75422e-016 8.91683e-029 -6.50823e-015 1.19061e-015 -6.65462e-029 1.98957e-015 2.45354e-016 -1.13768e-026 -3.44749e-015 7.02226e-016 1.11579e-026 2.50799e-015 -3.97673e-016 1.29578e-028 2.72335e-015 18.1991 2.75974e-013 3.92495
0.247724 -1.75227e-016 -2.6252e-029 -6.51926e-015 1.18941e-015 -5.90422e-029 1.99341e-015 2.50037e-016 -1.13434e-026 -3.44783e-015 7.00283e-016 1.11591e-026 2.51164e-015 -3.96668e-016 1.66886e-028 2.72231e-015 18.2991 3.19234e-013 3.95151
0.247542 -1.74339e-016 -2.4498e-028 -6.51384e-015 1.18312e-015 -1.62569e-027 1.99279e-015 2.54441e-016 -1.42096e-026 -3.44338e-015 6.99243e-016 1.47143e-026 2.50729e-015 -3.95824e-016 2.1132e-029 2.71697e-015 18.3991 -4.42373e-013 3.9822
0.247338 -1.73721e-016 7.30893e-029 -6.5059e-015 1.1819e-015 -1.52097e-027 1.99191e-015 2.55905e-016 -1.06292e-026 -3.44302e-015 6.98146e-016 1.56989e-026 2.50406e-015 -3.96043e-016 2.10342e-028 2.7139e-015 18.4991 -1.229e-010 4.0133
0.247139 -1.73036e-016 -9.75693e-027 -6.49832e-015 1.18011e-015 4.69202e-026 1.99096e-015 2.57541e-016 2.21939e-025 -3.44176e-015 6.96649e-016 -4.14444e-025 2.49941e-015 -3.9574e-016 -5.75844e-026 2.7118e-015 18.5991 3.78961e-009 4.04435
0.246928 -1.72386e-016 -1.74567e-023 -6.49026e-015 1.17801e-015 9.0111e-025 1.98974e-015 2.59033e-016 1.19063e-023 -3.44142e-015 6.95543e-016 -3.10465e-024 2.49575e-015 -3.95604e-016 4.4626e-024 2.70964e-015 18.6991 1.43841e-008 4.07549
0.246751 -1.71872e-016 2.17314e-023 -6.48323e-015 1.1762e-015 -5.28678e-024 1.98884e-015 2.60346e-016 3.61641e-023 -3.44133e-015 6.94537e-016 7.40109e-024 2.49258e-015 -3.95397e-016 -3.61966e-023 2.70767e-015 18.7991 -9.00457e-008 4.10635
0.245707 -1.70327e-016 3.04777e-023 -6.44807e-015 1.16573e-015 -5.69248e-024 1.98087e-015 2.62365e-016 2.76416e-023 -3.43501e-015 6.93705e-016 8.44375e-024 2.47588e-015 -3.96847e-016 -3.644e-023 2.69858e-015 18.8991 -8.66815e-008 4.14268
0.246381 -1.70883e-016 4.66208e-023 -6.46738e-015 1.17048e-015 -5.09297e-024 1.98648e-015 2.63873e-016 1.01941e-023 -3.44272e-015 6.9