9.984852e-04
9.991426e-04
9.997266e-04
1.000268e-03
1.000757e-03
1.001207e-03
1.001612e-03
1.001966e-03
1.002269e-03
1.002537e-03
1.002757e-03
1.002925e-03
1.003053e-03
1.003140e-03
1.003195e-03
1.003243e-03
1.003288e-03
1.003316e-03
1.003334e-03
1.003311e-03
1.003195e-03
1.002974e-03
1.002630e-03
1.002125e-03
1.001546e-03
1.001034e-03
1.000775e-03
1.000968e-03
1.001736e-03
1.003126e-03
1.004969e-03
1.006837e-03
1.008275e-03
1.008884e-03
1.008467e-03
1.007064e-03
1.004826e-03
1.001962e-03
9.986503e-04
9.949472e-04
9.907680e-04
9.862839e-04
9.824081e-04
9.807247e-04
9.828336e-04
9.898329e-04
1.002072e-03
1.018763e-03
1.036439e-03
1.049005e-03
1.049978e-03
1.034772e-03
1.001901e-03
9.528557e-04
8.939502e-04
8.392080e-04
8.066816e-04
8.106732e-04
8.535496e-04
9.243170e-04
1.004637e-03
1.077027e-03
1.132080e-03
1.170677e-03
1.201441e-03
1.236175e-03
1.285158e-03
1.351789e-03
1.424511e-03
1.478934e-03
1.492289e-03
1.458842e-03
1.391532e-03
1.313541e-03
1.247971e-03
1.209837e-03
1.201377e-03
1.207231e-03
1.198604e-03
1.145476e-03
1.027625e-03
8.393241e-04
5.861761e-04
2.821812e-04
-4.508703e-05
-3.596940e-04
-6.313707e-04
-8.521608e-04
-1.045873e-03
-1.256684e-03
-1.529201e-03
-1.887019e-03
-2.304734e-03
-2.710853e-03
-3.022777e-03
-3.181256e-03
-3.168196e-03
-3.005768e-03
-2.741704e-03
-2.433656e-03
-2.157644e-03
-2.006610e-03
-2.059245e-03
-2.351821e-03
-2.871182e-03
-3.566987e-03
-4.375908e-03
-5.243647e-03
-6.137580e-03
-7.045957e-03
-7.942097e-03
-8.751578e-03
-9.380284e-03
-9.757031e-03
-9.839352e-03
-9.599627e-03
-9.051311e-03
-8.289629e-03
-7.463323e-03
-6.631296e-03
-5.599138e-03
-3.998847e-03
-1.480608e-03
2.104651e-03
6.441858e-03
1.073136e-02
1.405164e-02
1.574316e-02
1.560837e-02
1.389871e-02
1.115053e-02
7.972554e-03
4.873962e-03
2.151616e-03
-1.382900e-04
-2.129207e-03
-4.047100e-03
-6.111164e-03
-8.466249e-03
-1.118310e-02
-1.429835e-02
-1.782210e-02
-2.173391e-02
-2.598800e-02
-3.052666e-02
-3.529607e-02
-4.024234e-02
-4.511026e-02
-4.923840e-02
-5.181498e-02
-5.226085e-02
-5.044970e-02
-4.676397e-02
-4.214105e-02
-3.782293e-02
-3.487166e-02
-3.376956e-02
-3.432991e-02
-3.590835e-02
-3.773548e-02
-3.929273e-02
-4.053747e-02
-4.179572e-02
-4.351467e-02
-4.597071e-02
-4.822585e-02
-4.722239e-02
-3.905977e-02
-2.088047e-02
7.422265e-03
4.181620e-02
7.557211e-02
1.022771e-01
1.181551e-01
1.228656e-01
1.189102e-01
1.102350e-01
1.007692e-01
9.350474e-02
9.001981e-02
9.040727e-02
9.364355e-02
9.820819e-02
1.026936e-01
1.061867e-01
1.081500e-01
1.081359e-01
1.058582e-01
1.013292e-01
9.487080e-02
8.700394e-02
7.828850e-02
6.917191e-02
5.982828e-02
5.009135e-02
3.961731e-02
2.810368e-02
1.542745e-02
1.676263e-03
-1.290931e-02
-2.803272e-02
-4.343565e-02
-5.895971e-02
-7.456021e-02
-9.027777e-02
-1.061945e-01
-1.223924e-01
-1.389258e-01
-1.558083e-01
-1.730081e-01
-1.903140e-01
-2.072086e-01
-2.230842e-01
-2.375366e-01
-2.505177e-01
-2.622213e-01
-2.722286e-01
-2.790356e-01
-2.807955e-01
-2.754833e-01
-2.604858e-01
-2.300973e-01
-1.746219e-01
-9.051350e-02
1.098103e-02
1.091615e-01
1.840826e-01
2.241068e-01
2.284235e-01
2.051178e-01
1.667332e-01
1.255183e-01
8.999933e-02
6.366676e-02
4.576021e-02
3.306671e-02
2.175405e-02
8.793709e-03
-7.299855e-03
-2.644629e-02
-4.749408e-02
-6.892697e-02
-8.949063e-02
-1.085536e-01
-1.261528e-01
-1.413998e-01
-1.455868e-01
-1.225084e-01
-6.291401e-02
2.415032e-02
1.166072e-01
1.909467e-01
2.315141e-01
2.344081e-01
2.062203e-01
1.595832e-01
1.079090e-01
6.127858e-02
2.475118e-02
1.291974e-03
-4.778083e-03
1.062608e-02
4.705354e-02
9.627312e-02
1.454772e-01
1.829322e-01
2.019935e-01
2.022492e-01
1.882208e-01
1.667793e-01
1.444846e-01
1.257495e-01
1.121925e-01
1.030395e-01
9.615030e-02
8.916650e-02
8.038634e-02
6.915877e-02
5.581447e-02
4.128737e-02
2.664234e-02
1.269440e-02
9.414710e-05
-9.693134e-03
-1.443757e-02
-1.230359e-02
-2.745324e-03
1.332052e-02
3.392306e-02
5.623031e-02
7.637095e-02
9.053314e-02
9.640210e-02
9.381150e-02
8.446871e-02
7.109157e-02
5.640145e-02
4.231167e-02
2.960797e-02
1.811479e-02
7.116276e-03
-4.191254e-03
-1.636579e-02
-2.956530e-02
-4.294036e-02
-5.303180e-02
-5.466601e-02
-4.438499e-02
-2.399393e-02
9.738921e-05
2.029929e-02
3.099091e-02
3.010393e-02
1.903349e-02
1.390370e-03
-1.865812e-02
-3.776159e-02
-5.412027e-02
-6.753222e-02
-7.893669e-02
-8.973422e-02
-1.011658e-01
-1.132540e-01
-1.215562e-01
-1.185612e-01
-1.015522e-01
-7.529436e-02
-4.869232e-02
-3.028501e-02
-2.512028e-02
-3.375670e-02
-5.308201e-02
-7.813534e-02
-1.040452e-01
-1.274221e-01
-1.469117e-01
-1.621000e-01
-1.663521e-01
-1.450754e-01
-9.158837e-02
-1.601605e-02
6.123374e-02
1.199436e-01
1.477229e-01
1.426845e-01
1.117507e-01
6.646260e-02
1.839900e-02
-2.337488e-02
-4.907312e-02
-4.767803e-02
-1.591121e-02
3.696367e-02
9.434574e-02
1.401611e-01
1.645234e-01
1.656495e-01
1.484876e-01
1.214884e-01
9.311664e-02
6.931416e-02
5.246065e-02
4.174428e-02
3.449195e-02
2.893204e-02
2.645026e-02
2.855774e-02
3.441576e-02
4.136329e-02
4.640166e-02
4.742036e-02
4.374960e-02
3.605753e-02
2.581295e-02
1.455410e-02
3.348672e-03
-7.356811e-03
-1.762624e-02
-2.780336e-02
-3.812352e-02
-4.769856e-02
-5.430041e-02
-5.554162e-02
-5.005347e-02
-3.797873e-02
-2.097424e-02
-2.552954e-03
1.265064e-02
2.074215e-02
1.993254e-02
1.081892e-02
-4.253682e-03
-2.231440e-02
-4.081116e-02
-5.819315e-02
-7.400818e-02
-8.864156e-02
-1.028841e-01
-1.175117e-01
-1.329256e-01
-1.475362e-01
-1.559171e-01
-1.511267e-01
-1.291037e-01
-9.297961e-02
-5.212210e-02
-1.733735e-02
3.534534e-03
8.173074e-03
6.469104e-04
-1.084608e-02
-1.842302e-02
-1.848931e-02
-1.225870e-02
-3.835830e-03
2.213909e-03
2.704475e-03
-3.358151e-03
-1.494326e-02
-2.979850e-02
-4.546231e-02
-6.011354e-02
-7.295503e-02
-8.413736e-02
-9.440144e-02
-1.046426e-01
-1.155579e-01
-1.274838e-01
-1.404158e-01
-1.540785e-01
-1.677608e-01
-1.801803e-01
-1.899930e-01
-1.963983e-01
-1.994004e-01
-1.994658e-01
-1.966841e-01
-1.906562e-01
-1.792034e-01
-1.542715e-01
-1.084377e-01
-4.575210e-02
1.982576e-02
7.226228e-02
1.003286e-01
1.012400e-01
8.214542e-02
5.714407e-02
4.085623e-02
4.307268e-02
6.649546e-02
1.074588e-01
1.575860e-01
2.052952e-01
2.396290e-01
2.540905e-01
2.481389e-01
2.262328e-01
1.954049e-01
1.625935e-01
1.326748e-01
1.075008e-01
8.612993e-02
6.605513e-02
4.462445e-02
2.008006e-02
-8.029780e-03
-3.900463e-02
-7.149714e-02
-1.040143e-01
-1.332964e-01
-1.511580e-01
-1.475523e-01
-1.188059e-01
-7.256687e-02
-2.358765e-02
1.349669e-02
2.955435e-02
2.290528e-02
-1.823177e-03
-3.663509e-02
-7.341448e-02
-1.063390e-01
-1.329177e-01
-1.537026e-01
-1.711400e-01
-1.881613e-01
-2.057989e-01
-2.168010e-01
-2.058071e-01
-1.601943e-01
-8.278799e-02
8.732129e-03
9.177564e-02
1.485923e-01
1.716037e-01
1.637020e-01
1.349327e-01
9.792705e-02
6.576984e-02
5.081783e-02
6.072623e-02
9.358697e-02
1.383354e-01
1.806199e-01
2.088588e-01
2.176950e-01
2.083366e-01
1.865846e-01
1.598832e-01
1.346293e-01
1.145536e-01
1.003846e-01
9.055858e-02
8.244966e-02
7.406679e-02
6.621824e-02
6.223534e-02
6.569565e-02
7.758091e-02
9.511924e-02
1.134036e-01
1.277274e-01
1.352294e-01
1.352027e-01
1.283694e-01
1.162649e-01
1.007448e-01
8.353221e-02
6.589259e-02
4.850388e-02
3.251674e-02
2.471063e-02
3.332930e-02
5.835039e-02
9.161189e-02
1.219227e-01
1.401215e-01
1.419524e-01
1.284062e-01
1.041916e-01
7.539165e-02
4.730475e-02
2.311504e-02
3.588215e-03
-1.239542e-02
-2.688119e-02
-4.167843e-02
-5.661313e-02
-6.910465e-02
-7.578333e-02
-7.425546e-02
-6.404499e-02
-4.678840e-02
-2.656678e-02
-8.934334e-03
1.310435e-03
1.774726e-03
-7.133414e-03
-2.288750e-02
-4.206464e-02
-6.154595e-02
-7.929605e-02
-9.459200e-02
-1.078084e-01
-1.199392e-01
-1.320698e-01
-1.449715e-01
-1.583603e-01
-1.693925e-01
-1.734491e-01
-1.665861e-01
-1.474108e-01
-1.176021e-01
-8.212855e-02
-4.826416e-02
-2.275265e-02
-9.429096e-03
-8.429203e-03
-1.687745e-02
-3.007973e-02
-4.241163e-02
-4.890109e-02
-4.675836e-02
-3.590604e-02
-1.885435e-02
-9.251007e-05
1.566813e-02
2.538040e-02
2.861410e-02
2.713110e-02
2.371712e-02
2.084612e-02
1.965203e-02
1.986007e-02
2.036464e-02
1.987274e-02
1.722170e-02
1.164760e-02
3.018956e-03
-8.171000e-03
-2.101137e-02
-3.398993e-02
-4.445196e-02
-4.942866e-02
-4.696716e-02
-3.680478e-02
-2.009782e-02
4.806508e-04
2.028905e-02
3.426187e-02
3.893693e-02
3.349834e-02
1.982014e-02
2.465000e-03
-1.257524e-02
-2.028194e-02
-1.881622e-02
-1.034896e-02
4.611054e-04
8.790863e-03
1.142438e-02
7.468906e-03
-1.916596e-03
-1.439983e-02
-2.749070e-02
-3.893833e-02
-4.607626e-02
-4.663610e-02
-4.013086e-02
-2.794101e-02
-1.276599e-02
1.855385e-03
1.261171e-02
1.752676e-02
1.639674e-02
1.057328e-02
2.622589e-03
-4.395725e-03
-8.023311e-03
-7.233895e-03
-2.815545e-03
3.154646e-03
8.361865e-03
1.113858e-02
1.088203e-02
7.992683e-03
3.495739e-03
-1.365175e-03
-5.101100e-03
-6.111445e-03
-3.268663e-03
3.674529e-03
1.403057e-02
2.592183e-02
3.636598e-02
4.259962e-02
4.346766e-02
3.967049e-02
3.310957e-02
2.596583e-02
1.993878e-02
1.585478e-02
1.361607e-02
1.210746e-02
9.511616e-03
4.880695e-03
-6.757776e-04
-4.752976e-03
-5.371557e-03
-2.409304e-03
2.588827e-03
7.610177e-03
1.121888e-02
1.291808e-02
1.303061e-02
1.233885e-02
1.160871e-02
1.112170e-02
1.063919e-02
9.678089e-03
7.790499e-03
4.664634e-03
1.680524e-04
-5.609232e-03
-1.238735e-02
-1.991452e-02
-2.834580e-02
-3.817007e-02
-4.967757e-02
-6.140242e-02
-6.954481e-02
-6.983794e-02
-5.961668e-02
-3.944249e-02
-1.395447e-02
1.005172e-02
2.660480e-02
3.258375e-02
2.820086e-02
1.627028e-02
1.381713e-03
-1.113559e-02
-1.699709e-02
-1.425286e-02
-3.485101e-03
1.281807e-02
3.071023e-02
4.557780e-02
5.375842e-02
5.370000e-02
4.611532e-02
3.331542e-02
1.824656e-02
3.603595e-03
-8.856194e-03
-1.857641e-02
-2.598177e-02
-3.150086e-02
-3.458706e-02
-3.407685e-02
-2.902292e-02
-1.928483e-02
-6.140205e-03
7.509234e-03
1.831880e-02
2.413211e-02
2.487955e-02
2.219226e-02
1.833920e-02
1.502124e-02
1.281610e-02
1.136239e-02
9.847169e-03
7.494673e-03
3.874749e-03
-1.012279e-03
-6.825392e-03
-1.305799e-02
-1.901639e-02
-2.361121e-02
-2.568621e-02
-2.453797e-02
-2.018971e-02
-1.365841e-02
-7.215483e-03
-3.584420e-03
-4.781801e-03
-1.144695e-02
-2.260080e-02
-3.529790e-02
-4.546243e-02
-4.962835e-02
-4.632084e-02
-3.663189e-02
-2.348532e-02
-1.022902e-02
5.168856e-04
7.013240e-03
8.646587e-03
6.243000e-03
1.491553e-03
-4.025379e-03
-9.376002e-03
-1.432217e-02
-1.910593e-02
-2.415650e-02
-2.983943e-02
-3.629896e-02
-4.320417e-02
-4.952652e-02
-5.397183e-02
-5.559744e-02
-5.416847e-02
-5.038617e-02
-4.612165e-02
-4.377853e-02
-4.526174e-02
-5.100228e-02
-5.849197e-02
-6.367649e-02
-6.399294e-02
-5.925416e-02
-5.061246e-02
-3.916400e-02
-2.569518e-02
-1.128233e-02
2.603405e-03
1.462217e-02
2.403897e-02
3.083472e-02
3.544967e-02
3.850341e-02
4.061371e-02
4.226654e-02
4.369687e-02
4.487964e-02
4.565953e-02
4.580532e-02
4.442923e-02
3.974320e-02
3.017806e-02
1.658617e-02
2.810134e-03
-6.312967e-03
-7.180514e-03
1.321658e-03
1.716665e-02
3.544808e-02
5.055318e-02
5.868346e-02
5.900023e-02
5.321396e-02
4.440244e-02
3.571212e-02
2.935902e-02
2.619026e-02
2.580578e-02
2.704383e-02
2.857273e-02
2.938142e-02
2.912066e-02
2.813651e-02
2.715290e-02
2.687947e-02
2.766302e-02
2.913708e-02
3.033968e-02
3.022786e-02
2.810180e-02
2.370118e-02
1.716473e-02
8.945650e-03
-3.398560e-04
-1.003197e-02
-1.929665e-02
-2.719268e-02
-3.302485e-02
-3.659097e-02
-3.819299e-02
-3.843891e-02
-3.795654e-02
-3.721294e-02
-3.645957e-02
-3.575912e-02
-3.502942e-02
-3.400033e-02
-3.227787e-02
-2.955649e-02
-2.594336e-02
-2.214476e-02
-1.913942e-02
-1.771989e-02
-1.820895e-02
-2.023641e-02
-1.986511e-02
-9.818542e-03
1.338334e-02
4.748721e-02
8.612168e-02
1.212468e-01
1.461945e-01
1.577933e-01
1.567746e-01
1.467345e-01
1.323852e-01
1.178470e-01
1.056169e-01
9.636686e-02
8.936107e-02
8.318142e-02
7.644136e-02
6.826944e-02
5.847505e-02
4.743483e-02
3.581967e-02
2.439657e-02
1.426675e-02
6.771487e-03
2.907116e-03
2.904205e-03
6.018573e-03
1.031590e-02
1.326080e-02
1.276006e-02
7.925594e-03
-3.141616e-04
-9.372599e-03
-1.637303e-02
-2.007743e-02
-2.163405e-02
-2.358202e-02
-2.843646e-02
-3.768387e-02
-5.144352e-02
-6.876108e-02
-8.820241e-02
-1.083820e-01
-1.283110e-01
-1.467085e-01
-1.572937e-01
-1.482054e-01
-1.122254e-01
-5.519534e-02
7.485554e-03
5.903881e-02
8.797985e-02
9.117454e-02
7.456189e-02
5.099161e-02
3.371230e-02
2.974326e-02
3.839216e-02
5.376900e-02
6.851919e-02
7.736239e-02
7.898536e-02
7.496483e-02
6.713366e-02
5.645425e-02
4.316974e-02
2.718365e-02
8.104161e-03
-1.458872e-02
-4.113034e-02
-7.122266e-02
-1.034736e-01
-1.328631e-01
-1.511081e-01
-1.515217e-01
-1.341438e-01
-1.056534e-01
-7.539602e-02
-5.066979e-02
-3.423585e-02
-2.469390e-02
-1.828799e-02
-1.094309e-02
2.227251e-04
1.623383e-02
3.637406e-02
5.860737e-02
8.024786e-02
9.890256e-02
1.124573e-01
1.187821e-01
1.164826e-01
1.055843e-01
8.755695e-02
6.477265e-02
3.974720e-02
1.448518e-02
-1.001109e-02
-3.405970e-02
-5.887751e-02
-8.566638e-02
-1.125598e-01
-1.305369e-01
-1.288240e-01
-1.048537e-01
-6.582612e-02
-2.388116e-02
9.612478e-03
2.789104e-02
2.994994e-02
1.945164e-02
2.362757e-03
-1.589655e-02
-3.245140e-02
-4.695616e-02
-5.900484e-02
-6.544705e-02
-6.169149e-02
-4.475570e-02
-1.697225e-02
1.395082e-02
3.884501e-02
5.130219e-02
4.997133e-02
3.799827e-02
2.085764e-02
3.979541e-03
-9.056564e-03
-1.749385e-02
-2.297631e-02
-2.809923e-02
-3.487339e-02
-4.404284e-02
-5.518908e-02
-6.712231e-02
-7.787611e-02
-8.504379e-02
-8.676536e-02
-8.234380e-02
-7.210593e-02
-5.717044e-02
-3.981675e-02
-2.345104e-02
-1.061336e-02
-1.390165e-03
6.120872e-03
1.416770e-02
2.302158e-02
3.055927e-02
3.378926e-02
3.047569e-02
2.001306e-02
3.443112e-03
-1.686899e-02
-3.616584e-02
-4.823342e-02
-4.941021e-02
-4.025324e-02
-2.489055e-02
-8.866396e-03
3.368944e-03
1.014551e-02
1.249059e-02
1.295956e-02
1.427384e-02
1.813926e-02
2.433860e-02
3.103676e-02
3.593331e-02
3.731720e-02
3.460260e-02
2.813486e-02
1.855785e-02
6.535259e-03
-7.312541e-03
-2.244805e-02
-3.844274e-02
-5.498236e-02
-7.184092e-02
-8.827650e-02
-1.017608e-01
-1.086874e-01
-1.060940e-01
-9.273268e-02
-6.940235e-02
-3.894600e-02
-6.768180e-03
2.040888e-02
3.729687e-02
4.289387e-02
4.139506e-02
3.972635e-02
4.384004e-02
5.501249e-02
6.951470e-02
8.138200e-02
8.545322e-02
7.923944e-02
6.330628e-02
4.064720e-02
1.560274e-02
-7.664969e-03
-2.644976e-02
-3.991447e-02
-4.815060e-02
-5.117158e-02
-4.899855e-02
-4.203813e-02
-3.145167e-02
-1.906636e-02
-6.766565e-03
4.088491e-03
1.291219e-02
1.957038e-02
2.394277e-02
2.601778e-02
2.643534e-02
2.660575e-02
2.810545e-02
3.203906e-02
3.872563e-02
4.774706e-02
5.812117e-02
6.800454e-02
7.487221e-02
7.657252e-02
7.218436e-02
6.221887e-02
4.823555e-02
3.216005e-02
1.596639e-02
1.976983e-03
-7.681692e-03
-1.204953e-02
-1.160679e-02
-7.867286e-03
-2.707550e-03
2.560547e-03
8.432791e-03
1.519058e-02
2.145970e-02
2.501798e-02
2.401385e-02
1.772753e-02
6.691385e-03
-7.675358e-03
-2.361056e-02
-3.941737e-02
-5.367179e-02
-6.461756e-02
-7.002512e-02
-6.816479e-02
-5.862084e-02
-4.242485e-02
-2.161127e-02
1.155655e-03
2.230889e-02
3.813075e-02
4.614319e-02
4.587563e-02
3.873136e-02
2.722813e-02
1.404801e-02
1.268725e-03
-1.002088e-02
-1.967890e-02
-2.766181e-02
-3.272409e-02
-3.279528e-02
-2.626768e-02
-1.319139e-02
4.530824e-03
2.405570e-02
4.259099e-02
5.769599e-02
6.763323e-02
7.183131e-02
7.094486e-02
6.648287e-02
6.022930e-02
5.370798e-02
4.785793e-02
4.297105e-02
3.883798e-02
3.504541e-02
3.168485e-02
2.980894e-02
3.079139e-02
3.533107e-02
4.305337e-02
5.289568e-02
6.408841e-02
7.635804e-02
8.864640e-02
9.882710e-02
1.047298e-01
1.051244e-01
1.001025e-01
9.091134e-02
7.951923e-02
6.797661e-02
5.780301e-02
4.966846e-02
4.343006e-02
3.838947e-02
3.353267e-02
2.782043e-02
2.054084e-02
1.149673e-02
9.720939e-04
-1.046096e-02
-2.217892e-02
-3.365394e-02
-4.447160e-02
-5.438947e-02
-6.338808e-02
-7.164222e-02
-7.943363e-02
-8.704134e-02
-9.455117e-02
-1.017206e-01
-1.081399e-01
-1.134797e-01
-1.176447e-01
-1.207923e-01
-1.232520e-01
-1.254510e-01
-1.280774e-01
-1.320622e-01
-1.381977e-01
-1.468293e-01
-1.577696e-01
-1.704097e-01
-1.833953e-01
-1.929123e-01
-1.932561e-01
-1.797506e-01
-1.514839e-01
-1.117431e-01
-6.620346e-02
-2.076179e-02
1.918020e-02
4.926276e-02
6.734820e-02
7.411432e-02
7.311183e-02
6.970020e-02
6.899865e-02
7.424002e-02
8.596668e-02
1.016879e-01
1.169967e-01
1.276577e-01
1.311943e-01
1.274284e-01
1.180640e-01
1.057415e-01
9.314727e-02
8.271389e-02
7.624946e-02
7.440755e-02
7.651612e-02
8.099569e-02
8.599170e-02
8.997385e-02
9.212634e-02
9.241419e-02
9.139924e-02
8.990716e-02
8.868629e-02
8.817320e-02
8.826533e-02
8.788444e-02
8.472763e-02
7.621121e-02
6.079151e-02
3.926315e-02
1.515994e-02
-6.904356e-03
-2.361186e-02
-3.422440e-02
-4.017528e-02
-4.320713e-02
-4.373148e-02
-4.143598e-02
-3.705111e-02
-3.257729e-02
-3.029167e-02
-3.177414e-02
-3.732146e-02
-4.544155e-02
-5.329276e-02
-5.801634e-02
-5.784901e-02
-5.255416e-02
-4.321966e-02
-3.204796e-02
-2.218283e-02
-1.663327e-02
-1.711467e-02
-2.306617e-02
-3.144587e-02
-3.850552e-02
-4.198768e-02
-4.176101e-02
-3.922028e-02
-3.593380e-02
-3.243764e-02
-2.844436e-02
-2.370859e-02
-1.834996e-02
-1.274117e-02
-7.094123e-03
-1.218284e-03
4.631056e-03
9.572146e-03
1.260542e-02
1.311117e-02
1.107003e-02
7.001252e-03
1.880546e-03
-2.704560e-03
-4.947934e-03
-3.554816e-03
1.823091e-03
1.052410e-02
2.064570e-02
2.927998e-02
3.369592e-02
3.238099e-02
2.535577e-02
1.376364e-02
-6.400189e-04
-1.565126e-02
-2.906518e-02
-3.929877e-02
-4.571978e-02
-4.864728e-02
-4.902676e-02
-4.799646e-02
-4.654021e-02
-4.521200e-02
-4.355851e-02
-4.032240e-02
-3.505246e-02
-2.862732e-02
-2.265330e-02
-1.875742e-02
-1.803709e-02
-2.075227e-02
-2.636635e-02
-3.381924e-02
-4.175503e-02
-4.882363e-02
-5.409235e-02
-5.742011e-02
-5.972703e-02
-6.236732e-02
-6.610076e-02
-7.085979e-02
-7.627931e-02
-8.163706e-02
-8.458539e-02
-8.174871e-02
-7.098439e-02
-5.305552e-02
-3.107916e-02
-8.901913e-03
1.032833e-02
2.487228e-02
3.455195e-02
4.035429e-02
4.352319e-02
4.489596e-02
4.480815e-02
4.331597e-02
4.051853e-02
3.672357e-02
3.206749e-02
2.551431e-02
1.528998e-02
1.687197e-03
-1.140097e-02
-1.852240e-02
-1.562109e-02
-2.971711e-03
1.444689e-02
2.971643e-02
3.708965e-02
3.385246e-02
2.060720e-02
6.882465e-04
-1.971138e-02
-3.294863e-02
-3.298758e-02
-1.750151e-02
1.115105e-02
4.516594e-02
7.392311e-02
8.862476e-02
8.595201e-02
6.863054e-02
4.317938e-02
1.717629e-02
-2.645450e-03
-1.209713e-02
-1.048831e-02
-2.277562e-04
1.452533e-02
2.916073e-02
3.991031e-02
4.489778e-02
4.439622e-02
4.022648e-02
3.468684e-02
2.943214e-02
2.502380e-02
2.125206e-02
1.778864e-02
1.446360e-02
1.100928e-02
6.822127e-03
1.363127e-03
-5.398399e-03
-1.301169e-02
-2.103155e-02
-3.003982e-02
-4.164787e-02
-5.662761e-02
-7.214798e-02
-8.256938e-02
-8.246613e-02
-6.899705e-02
-4.266988e-02
-6.752182e-03
3.316961e-02
6.978983e-02
9.653593e-02
1.098516e-01
1.099408e-01
1.000033e-01
8.464097e-02
6.820697e-02
5.366204e-02
4.216669e-02
3.338062e-02
2.623741e-02
1.962548e-02
1.276434e-02
5.194362e-03
-3.584688e-03
-1.389178e-02
-2.399843e-02
-2.936334e-02
-2.546539e-02
-1.151542e-02
9.117336e-03
3.109014e-02
4.975496e-02
6.272575e-02
6.956972e-02
7.075189e-02
6.720122e-02
6.010554e-02
5.035087e-02
3.758219e-02
2.078158e-02
-5.008879e-05
-2.347871e-02
-4.736886e-02
-6.980207e-02
-8.973883e-02
-1.070357e-01
-1.212817e-01
-1.311753e-01
-1.352971e-01
-1.327032e-01
-1.226640e-01
-1.050293e-01
-8.127832e-02
-5.437251e-02
-2.751863e-02
-3.571959e-03
1.465948e-02
2.499460e-02
2.670831e-02
2.073999e-02
9.245763e-03
-5.187725e-03
-2.028450e-02
-3.406254e-02
-4.389431e-02
-4.699421e-02
-4.214739e-02
-3.066757e-02
-1.517731e-02
1.128863e-03
1.482566e-02
2.328710e-02
2.546682e-02
2.199963e-02
1.500813e-02
7.623289e-03
2.837969e-03
2.413168e-03
6.425575e-03
1.361637e-02
2.224451e-02
3.099574e-02
3.933096e-02
4.736279e-02
5.547213e-02
6.327887e-02
6.897891e-02
7.029305e-02
6.595389e-02
5.646848e-02
4.370122e-02
2.996437e-02
1.720470e-02
6.697431e-03
-9.528362e-04
-5.812052e-03
-8.480716e-03
-9.865627e-03
-1.117413e-02
-1.381124e-02
-1.868496e-02
-2.462065e-02
-2.809062e-02
-2.508167e-02
-1.304560e-02
7.320527e-03
3.115125e-02
5.158843e-02
6.289675e-02
6.253162e-02
5.148481e-02
3.322170e-02
1.204155e-02
-8.337715e-03
-2.499227e-02
-3.553804e-02
-3.865331e-02
-3.448645e-02
-2.449236e-02
-1.084742e-02
3.865424e-03
1.636206e-02
2.340451e-02
2.301822e-02
1.513123e-02
1.390712e-03
-1.564729e-02
-3.346303e-02
-5.011794e-02
-6.367466e-02
-7.193926e-02
-7.329580e-02
-6.739300e-02
-5.506879e-02
-3.796137e-02
-1.861725e-02
-9.873033e-05
1.505079e-02
2.543554e-02
3.073834e-02
3.152262e-02
2.893759e-02
2.428283e-02
1.861944e-02
1.238538e-02
5.368144e-03
-2.221980e-03
-8.870258e-03
-1.244347e-02
-1.128106e-02
-4.856730e-03
6.160264e-03
2.008807e-02
3.409219e-02
4.484089e-02
4.980430e-02
4.808640e-02
4.047260e-02
2.887662e-02
1.555760e-02
2.809604e-03
-6.805811e-03
-1.111186e-02
-9.745608e-03
-4.831032e-03
1.569953e-04
2.016295e-03
-1.067355e-03
-9.202149e-03
-2.114298e-02
-3.481448e-02
-4.752962e-02
-5.669686e-02
-6.073021e-02
-5.946540e-02
-5.399039e-02
-4.636789e-02
-3.935135e-02
-3.548040e-02
-3.621490e-02
-4.162614e-02
-5.052422e-02
-6.010492e-02
-6.619966e-02
-6.499350e-02
-5.458876e-02
-3.576841e-02
-1.155373e-02
1.421019e-02
3.807973e-02
5.694559e-02
6.819984e-02
7.059143e-02
6.471238e-02
5.285483e-02
3.814532e-02
2.346001e-02
1.068427e-02
9.019451e-04
-4.846044e-03
-5.696971e-03
-1.420900e-03
7.412911e-03
1.953755e-02
3.274691e-02
4.403729e-02
5.072235e-02
5.141189e-02
4.630639e-02
3.685356e-02
2.506337e-02
1.281732e-02
1.614156e-03
-7.117270e-03
-1.218410e-02
-1.306240e-02
-1.006409e-02
-4.226213e-03
2.995875e-03
1.038335e-02
1.746971e-02
2.421158e-02
2.993551e-02
3.325156e-02
3.282047e-02
2.801938e-02
1.920449e-02
7.537933e-03
-5.488645e-03
-1.851260e-02
-3.045634e-02
-4.061909e-02
-4.879056e-02
-5.506602e-02
-5.912127e-02
-6.010380e-02
-5.720928e-02
-4.988912e-02
-3.736179e-02
-1.882199e-02
5.503278e-03
3.253608e-02
5.680365e-02
7.299116e-02
7.813194e-02
7.239547e-02
5.848169e-02
4.027115e-02
2.142362e-02
4.408778e-03
-9.823529e-03
-2.120260e-02
-2.908712e-02
-3.239487e-02
-3.122821e-02
-2.739543e-02
-2.349901e-02
-2.173301e-02
-2.283527e-02
-2.594210e-02
-2.933647e-02
-3.136014e-02
-3.113396e-02
-2.880151e-02
-2.523642e-02
-2.154223e-02
-1.853577e-02
-1.623422e-02
-1.388408e-02
-1.047472e-02
-5.244959e-03
2.047446e-03
1.110325e-02
2.091112e-02
2.955478e-02
3.493152e-02
3.566438e-02
3.155504e-02
2.349006e-02
1.298640e-02
1.863666e-03
-7.399259e-03
-1.205512e-02
-1.042666e-02
-2.988264e-03
7.977900e-03
1.956375e-02
2.936399e-02
3.599044e-02
3.886689e-02
3.807016e-02
3.436698e-02
2.912639e-02
2.385052e-02
1.967442e-02
1.710070e-02
1.601005e-02
1.571302e-02
1.490262e-02
1.268122e-02
9.426823e-03
6.418851e-03
5.051454e-03
6.059938e-03
8.731279e-03
1.110261e-02
1.099587e-02
6.828817e-03
-2.047452e-03
-1.528345e-02
-3.175913e-02
-4.984603e-02
-6.748863e-02
-8.235595e-02
-9.240570e-02
-9.661993e-02
-9.523693e-02
-8.921631e-02
-7.962702e-02
-6.743549e-02
-5.353513e-02
-3.895667e-02
-2.477717e-02
-1.181116e-02
-4.997291e-04
8.665226e-03
1.499766e-02
1.799061e-02
1.763000e-02
1.444101e-02
9.308376e-03
3.199369e-03
-3.085120e-03
-9.041153e-03
-1.418943e-02
-1.762870e-02
-1.832102e-02
-1.561921e-02
-9.548193e-03
-7.574520e-04
9.749209e-03
2.094636e-02
3.205106e-02
4.264413e-02
5.240835e-02
6.048920e-02
6.565729e-02
6.697114e-02
6.423658e-02
5.805889e-02
4.957172e-02
4.003315e-02
3.047199e-02
2.150524e-02
1.364787e-02
7.845390e-03
5.186073e-03
6.332952e-03
1.122216e-02
1.909489e-02
2.849902e-02
3.738576e-02
4.380577e-02
4.660224e-02
4.567929e-02
4.189351e-02
3.691780e-02
3.276491e-02
3.104154e-02
3.245748e-02
3.663745e-02
4.219098e-02
4.731995e-02
5.055707e-02
5.120129e-02
4.927710e-02
4.534774e-02
4.035143e-02
3.527460e-02
3.084400e-02
2.736779e-02
2.470977e-02
2.238944e-02
1.982485e-02
1.632537e-02
1.036160e-02
-1.272241e-04
-1.587732e-02
-3.535386e-02
-5.564919e-02
-7.374755e-02
-8.707557e-02
-9.400587e-02
-9.450578e-02
-9.011407e-02
-8.273159e-02
-7.312855e-02
-6.119297e-02
-4.728364e-02
-3.258820e-02
-1.858751e-02
-6.511013e-03
2.679274e-03
8.313071e-03
1.024502e-02
8.928142e-03
5.259766e-03
3.606225e-04
-4.624601e-03
-8.804588e-03
-1.173821e-02
-1.349641e-02
-1.465471e-02
-1.596060e-02
-1.759551e-02
-1.893727e-02
-1.901790e-02
-1.706432e-02
-1.281417e-02
-6.666240e-03
-4.655840e-05
4.957567e-03
6.778321e-03
5.018561e-03
3.639946e-04
-5.849731e-03
-1.186672e-02
-1.580380e-02
-1.628600e-02
-1.287792e-02
-6.092467e-03
2.776704e-03
1.156175e-02
1.773331e-02
1.940703e-02
1.598261e-02
8.185778e-03
-1.935412e-03
-1.122636e-02
-1.659793e-02
-1.618290e-02
-9.801078e-03
1.253925e-03
1.443122e-02
2.626189e-02
3.357339e-02
3.463344e-02
2.970667e-02
2.079782e-02
1.072350e-02
2.046838e-03
-3.688250e-03
-6.192027e-03
-6.189669e-03
-4.918241e-03
-3.599481e-03
-3.069791e-03
-3.670213e-03
-5.326914e-03
-7.701166e-03
-1.036670e-02
-1.296367e-02
-1.528870e-02
-1.731036e-02
-1.912444e-02
-2.088098e-02
-2.271515e-02
-2.470406e-02
-2.685543e-02
-2.912290e-02
-3.143524e-02
-3.372636e-02
-3.597565e-02
-3.830985e-02
-4.092854e-02
-4.358873e-02
-4.541490e-02
-4.536800e-02
-4.276560e-02
-3.753356e-02
-3.016127e-02
-2.144842e-02
-1.216857e-02
-3.077591e-03
4.637069e-03
9.584485e-03
1.079869e-02
8.208719e-03
3.272592e-03
-1.072747e-03
-1.711092e-03
3.373784e-03
1.449566e-02
2.999536e-02
4.648379e-02
6.023551e-02
6.862629e-02
7.062526e-02
6.632399e-02
5.657121e-02
4.271737e-02
2.628454e-02
8.684959e-03
-8.324052e-03
-2.209237e-02
-2.997234e-02
-3.049236e-02
-2.413898e-02
-1.337468e-02
-1.550744e-03
8.408803e-03
1.498676e-02
1.847981e-02
2.048501e-02
2.295031e-02
2.733754e-02
3.371551e-02
4.014225e-02
4.365693e-02
4.179936e-02
3.383682e-02
2.126797e-02
7.058409e-03
-5.662827e-03
-1.471939e-02
-1.940899e-02
-2.046976e-02
-1.960221e-02
-1.870016e-02
-1.918498e-02
-2.167254e-02
-2.599399e-02
-3.129295e-02
-3.578543e-02
-3.719080e-02
-3.374060e-02
-2.485619e-02
-1.131185e-02
4.643908e-03
1.980220e-02
3.126428e-02
3.744514e-02
3.840180e-02
3.563975e-02
3.142992e-02
2.791284e-02
2.640074e-02
2.688710e-02
2.816504e-02
2.855870e-02
2.657027e-02
2.131987e-02
1.275839e-02
1.562080e-03
-1.117788e-02
-2.397646e-02
-3.479295e-02
-4.167932e-02
-4.356396e-02
-4.056383e-02
-3.376721e-02
-2.472661e-02
-1.493839e-02
-5.517050e-03
2.878318e-03
1.004263e-02
1.614822e-02
2.152806e-02
2.604595e-02
2.877962e-02
2.856716e-02
2.463405e-02
1.691467e-02
6.041775e-03
-6.914052e-03
-2.080434e-02
-3.453147e-02
-4.638156e-02
-5.404699e-02
-5.565474e-02
-5.058726e-02
-3.981252e-02
-2.570359e-02
-1.112014e-02
1.612755e-03
1.130911e-02
1.798887e-02
2.247475e-02
2.573700e-02
2.848955e-02
3.109106e-02
3.360440e-02
3.592310e-02
3.790324e-02
3.947598e-02
4.078833e-02
4.220450e-02
4.398628e-02
4.588432e-02
4.725445e-02
4.752839e-02
4.655727e-02
4.460819e-02
4.216495e-02
3.954743e-02
3.660461e-02
3.287421e-02
2.793726e-02
2.173320e-02
1.460244e-02
7.263628e-03
8.525078e-04
-3.460259e-03
-4.957622e-03
-3.605406e-03
2.427147e-05
5.020837e-03
1.024404e-02
1.411759e-02
1.500416e-02
1.179878e-02
4.242939e-03
-7.084477e-03
-2.109434e-02
-3.643671e-02
-5.136574e-02
-6.407188e-02
-7.332730e-02
-7.882181e-02
-8.098339e-02
-8.061831e-02
-7.853146e-02
-7.524245e-02
-7.098939e-02
-6.579784e-02
-5.944802e-02
-5.160005e-02
-4.193119e-02
-3.021336e-02
-1.655141e-02
-1.798314e-03
1.258843e-02
2.519137e-02
3.514705e-02
4.213862e-02
4.618593e-02
4.761007e-02
4.698502e-02
4.500378e-02
4.219097e-02
3.856846e-02
3.375438e-02
2.718224e-02
1.832011e-02
7.018573e-03
-6.166769e-03
-2.012567e-02
-3.366850e-02
-4.572467e-02
-5.493165e-02
-5.983793e-02
-5.960051e-02
-5.444769e-02
-4.558814e-02
-3.470832e-02
-2.340196e-02
-1.276261e-02
-3.198393e-03
5.613723e-03
1.438077e-02
2.305823e-02
3.023528e-02
3.395464e-02
3.277946e-02
2.639494e-02
1.561828e-02
1.984963e-03
-1.277501e-02
-2.716435e-02
-4.021517e-02
-5.125786e-02
-5.949480e-02
-6.421804e-02
-6.506066e-02
-6.201132e-02
-5.545558e-02
-4.612773e-02
-3.491908e-02
-2.266678e-02
-1.000970e-02
2.670130e-03
1.519310e-02
2.741457e-02
3.917238e-02
5.034718e-02
6.091634e-02
7.092327e-02
7.998156e-02
8.680360e-02
8.980698e-02
8.796701e-02
8.115274e-02
6.977524e-02
5.450431e-02
3.625886e-02
1.643394e-02
-3.242974e-03
-2.128257e-02
-3.687361e-02
-4.968816e-02
-5.904347e-02
-6.395569e-02
-6.382360e-02
-5.913674e-02
-5.158964e-02
-4.338690e-02
-3.641663e-02
-3.171684e-02
-2.915987e-02
-2.741357e-02
-2.463075e-02
-1.930270e-02
-1.087814e-02
-4.082526e-04
9.627774e-03
1.653825e-02
1.855621e-02
1.534592e-02
7.863769e-03
-2.192603e-03
-1.304229e-02
-2.331055e-02
-3.222775e-02
-3.964278e-02
-4.587641e-02
-5.124978e-02
-5.534471e-02
-5.712494e-02
-5.561460e-02
-5.046584e-02
-4.216241e-02
-3.178937e-02
-2.060338e-02
-9.648944e-03
3.612113e-04
8.980941e-03
1.605689e-02
2.173619e-02
2.638686e-02
3.045981e-02
3.435530e-02
3.833700e-02
4.247349e-02
4.640458e-02
4.929661e-02
5.027794e-02
4.888856e-02
4.524694e-02
3.993727e-02
3.375943e-02
2.756137e-02
2.214558e-02
1.806802e-02
1.549617e-02
1.421819e-02
1.372276e-02
1.333051e-02
1.242727e-02
1.065508e-02
7.971663e-03
4.588502e-03
8.448072e-04
-2.814578e-03
-5.692763e-03
-7.019079e-03
-6.290787e-03
-3.461109e-03
1.088626e-03
6.726282e-03
1.279191e-02
1.877801e-02
2.439715e-02
2.936772e-02
3.321033e-02
3.543698e-02
3.580478e-02
3.444176e-02
3.198134e-02
2.952793e-02
2.822356e-02
2.881321e-02
3.145204e-02
3.576196e-02
4.103918e-02
4.652740e-02
5.165441e-02
5.606210e-02
5.929263e-02
6.075415e-02
6.001208e-02
5.686677e-02
5.069879e-02
4.047020e-02
2.603826e-02
8.755095e-03
-9.200450e-03
-2.577962e-02
-3.973799e-02
-5.076932e-02
-5.887354e-02
-6.387297e-02
-6.560011e-02
-6.417245e-02
-6.011097e-02
-5.442382e-02
-4.844131e-02
-4.336882e-02
-3.992494e-02
-3.822648e-02
-3.790183e-02
-3.822013e-02
-3.771496e-02
-3.427661e-02
-2.635119e-02
-1.396802e-02
1.422862e-03
1.774450e-02
3.270949e-02
4.382064e-02
4.909116e-02
4.778537e-02
4.058101e-02
2.919891e-02
1.579592e-02
2.314439e-03
-9.989442e-03
-2.069611e-02
-3.003565e-02
-3.816032e-02
-4.455072e-02
-4.834384e-02
-4.890711e-02
-4.618417e-02
-4.075203e-02
-3.362972e-02
-2.592477e-02
-1.851211e-02
-1.191191e-02
-6.526260e-03
-2.753824e-03
-8.307379e-04
-7.038389e-04
-2.039682e-03
-4.340555e-03
-7.095614e-03
-9.902962e-03
-1.245003e-02
-1.434886e-02
-1.523501e-02
-1.495235e-02
-1.360349e-02
-1.148350e-02
-8.960670e-03
-6.361192e-03
-3.899360e-03
-1.730767e-03
-7.005457e-05
8.613702e-04
9.497005e-04
3.402617e-04
-4.231715e-04
-5.972198e-04
4.619084e-04
3.181150e-03
7.700162e-03
1.384253e-02
2.119053e-02
2.922796e-02
3.748761e-02
4.565076e-02
5.336279e-02
5.918964e-02
6.060083e-02
5.564806e-02
4.442588e-02
2.890711e-02
1.188009e-02
-4.156016e-03
-1.766076e-02
-2.820400e-02
-3.626400e-02
-4.259515e-02
-4.740287e-02
-5.031379e-02
-5.083929e-02
-4.890265e-02
-4.511826e-02
-4.054767e-02
-3.625956e-02
-3.298586e-02
-3.097968e-02
-3.006626e-02
-2.977976e-02
-2.940004e-02
-2.810682e-02
-2.518396e-02
-2.014646e-02
-1.288555e-02
-3.692632e-03
6.826929e-03
1.760250e-02
2.706429e-02
3.373713e-02
3.687130e-02
3.670651e-02
3.424769e-02
3.079254e-02
2.747531e-02
2.499025e-02
2.361246e-02
2.338743e-02
2.421203e-02
2.587259e-02
2.810275e-02
3.064331e-02
3.319872e-02
3.530882e-02
3.646760e-02
3.633982e-02
3.477887e-02
3.159325e-02
2.656229e-02
1.961782e-02
1.094706e-02
1.128161e-03
-8.535158e-03
-1.633015e-02
-2.093882e-02
-2.206245e-02
-2.042436e-02
-1.731922e-02
-1.406755e-02
-1.160786e-02
-1.032393e-02
-1.009453e-02
-1.048742e-02
-1.099359e-02
-1.121719e-02
-1.096794e-02
-1.015531e-02
-8.547992e-03
-5.822191e-03
-1.755908e-03
3.665590e-03
1.026480e-02
1.773503e-02
2.571645e-02
3.363523e-02
4.036466e-02
4.457176e-02
4.534123e-02
4.252938e-02
3.673976e-02
2.903507e-02
2.056057e-02
1.222215e-02
4.520501e-03
-2.330890e-03
-8.086345e-03
-1.246212e-02
-1.530306e-02
-1.668447e-02
-1.689296e-02
-1.621695e-02
-1.464390e-02
-1.191818e-02
-7.792535e-03
-2.215596e-03
4.618207e-03
1.221618e-02
1.923880e-02
2.350094e-02
2.299688e-02
1.695235e-02
6.159471e-03
-7.149060e-03
-1.962262e-02
-2.800238e-02
-3.031961e-02
-2.637650e-02
-1.748352e-02
-5.759277e-03
6.379800e-03
1.634794e-02
2.202761e-02
2.244576e-02
1.795276e-02
9.927746e-03
1.968537e-04
-9.590905e-03
-1.838357e-02
-2.584911e-02
-3.223848e-02
-3.791970e-02
-4.243112e-02
-4.440942e-02
-4.242785e-02
-3.575320e-02
-2.463169e-02
-1.012324e-02
6.305605e-03
2.283635e-02
3.697318e-02
4.622381e-02
4.910925e-02
4.560334e-02
3.685422e-02
2.461502e-02
1.068763e-02
-3.223419e-03
-1.511326e-02
-2.302978e-02
-2.581597e-02
-2.348003e-02
-1.705449e-02
-8.104809e-03
1.884713e-03
1.191381e-02
2.155953e-02
3.085998e-02
4.009264e-02
4.953038e-02
5.922910e-02
6.832566e-02
7.466307e-02
7.582540e-02
7.033183e-02
5.819389e-02
4.076471e-02
2.013266e-02
-1.596711e-03
-2.284903e-02
-4.271452e-02
-6.079153e-02
-7.703718e-02
-9.086930e-02
-1.002839e-01
-1.028060e-01
-9.688104e-02
-8.260112e-02
-6.159601e-02
-3.637425e-02
-9.496760e-03
1.708586e-02
4.234980e-02
6.609162e-02
8.771443e-02
1.050113e-01
1.151380e-01
1.161888e-01
1.080645e-01
9.241160e-02
7.191999e-02
4.941263e-02
2.709462e-02
6.216037e-03
-1.232093e-02
-2.712769e-02
-3.675649e-02
-4.046657e-02
-3.858099e-02
-3.234829e-02
-2.370488e-02
-1.522443e-02
-9.451107e-03
-8.032607e-03
-1.130704e-02
-1.844253e-02
-2.793782e-02
-3.815216e-02
-4.740830e-02
-5.414927e-02
-5.743817e-02
-5.742577e-02
-5.529982e-02
-5.268294e-02
-5.097869e-02
-5.096262e-02
-5.264338e-02
-5.528552e-02
-5.776705e-02
-5.900323e-02
-5.790500e-02
-5.347413e-02
-4.520696e-02
-3.334062e-02
-1.898990e-02
-3.932586e-03
1.004075e-02
2.155941e-02
2.985624e-02
3.488894e-02
3.725528e-02
3.793195e-02
3.806523e-02
3.878538e-02
4.098333e-02
4.527472e-02
5.172414e-02
5.959192e-02
6.766887e-02
7.482060e-02
8.037692e-02
8.425262e-02
8.669084e-02
8.735995e-02
8.511542e-02
7.873190e-02
6.761823e-02
5.209522e-02
3.336405e-02
1.336678e-02
-5.805541e-03
-2.250727e-02
-3.538843e-02
-4.337442e-02
-4.606969e-02
-4.395430e-02
-3.821424e-02
-3.037689e-02
-2.231584e-02
-1.634287e-02
-1.450078e-02
-1.781521e-02
-2.604912e-02
-3.768976e-02
-4.972773e-02
-5.852099e-02
-6.129001e-02
-5.712571e-02
-4.706236e-02
-3.342592e-02
-1.909913e-02
-6.745743e-03
1.943875e-03
6.607384e-03
8.298716e-03
9.184634e-03
1.146717e-02
1.643319e-02
2.400329e-02
3.296393e-02
4.169534e-02
4.888028e-02
5.405227e-02
5.788369e-02
6.174674e-02
6.643614e-02
7.072353e-02
7.190912e-02
6.739858e-02
5.589594e-02
3.780178e-02
1.515173e-02
-8.937443e-03
-3.141900e-02
-5.025255e-02
-6.430703e-02
-7.285976e-02
-7.573454e-02
-7.348442e-02
-6.729323e-02
-5.885569e-02
-5.044628e-02
-4.436556e-02
-4.214794e-02
-4.415200e-02
-4.963260e-02
-5.718240e-02
-6.530886e-02
-7.287911e-02
-7.925421e-02
-8.425120e-02
-8.805365e-02
-9.097159e-02
-9.306875e-02
-9.413802e-02
-9.390714e-02
-9.180425e-02
-8.633182e-02
-7.561627e-02
-5.844273e-02
-3.483813e-02
-6.017944e-03
2.610701e-02
5.946244e-02
9.105561e-02
1.160797e-01
1.296760e-01
1.291392e-01
1.148655e-01
8.990118e-02
5.863711e-02
2.539252e-02
-6.332848e-03
-3.411996e-02
-5.623384e-02
-7.092766e-02
-7.696067e-02
-7.429539e-02
-6.422516e-02
-4.895313e-02
-3.091567e-02
-1.215819e-02
5.975475e-03
2.219432e-02
3.443257e-02
4.053943e-02
3.932758e-02
3.105903e-02
1.725718e-02
2.018646e-05
-1.903461e-02
-3.914458e-02
-5.946168e-02
-7.857923e-02
-9.501521e-02
-1.074488e-01
-1.148335e-01
-1.167932e-01
-1.138131e-01
-1.070688e-01
-9.804361e-02
-8.812534e-02
-7.836910e-02
-6.942211e-02
-6.148850e-02
-5.413590e-02
-4.611309e-02
-3.589312e-02
-2.239587e-02
-5.378662e-03
1.458720e-02
3.643498e-02
5.908602e-02
8.168655e-02
1.028622e-01
1.204616e-01
1.325082e-01
1.381090e-01
1.377292e-01
1.327411e-01
1.246719e-01
1.147853e-01
1.039447e-01
9.264137e-02
8.130547e-02
7.063181e-02
6.139115e-02
5.409656e-02
4.877947e-02
4.489770e-02
4.154759e-02
3.784306e-02
3.328521e-02
2.800091e-02
2.257943e-02
1.770875e-02
1.387036e-02
1.118121e-02
9.356156e-03
7.849165e-03
6.098283e-03
3.723671e-03
6.751013e-04
-2.572821e-03
-5.165739e-03
-6.296486e-03
-5.556796e-03
-3.114189e-03
3.501498e-04
3.841718e-03
6.395869e-03
7.408291e-03
6.768070e-03
4.703091e-03
1.475662e-03
-2.716915e-03
-7.716732e-03
-1.337157e-02
-1.951857e-02
-2.597955e-02
-3.258210e-02
-3.919003e-02
-4.568482e-02
-5.168148e-02
-5.640343e-02
-5.904546e-02
-5.905181e-02
-5.617088e-02
-5.053072e-02
-4.262779e-02
-3.321061e-02
-2.321813e-02
-1.373373e-02
-5.779776e-03
3.843120e-06
3.532156e-03
5.218954e-03
5.779175e-03
6.073861e-03
6.926835e-03
8.888142e-03
1.201612e-02
1.546069e-02
1.761803e-02
1.693280e-02
1.267114e-02
5.281949e-03
-3.923360e-03
-1.336425e-02
-2.156567e-02
-2.745771e-02
-3.063679e-02
-3.136887e-02
-3.018250e-02
-2.737601e-02
-2.302029e-02
-1.728203e-02
-1.060236e-02
-3.571839e-03
3.273763e-03
9.504460e-03
1.457982e-02
1.790538e-02
1.911005e-02
1.821504e-02
1.561744e-02
1.203849e-02
8.548152e-03
6.259097e-03
5.841433e-03
7.294000e-03
1.007984e-02
1.343200e-02
1.665496e-02
1.931743e-02
2.126184e-02
2.238696e-02
2.255414e-02
2.167449e-02
1.978902e-02
1.714672e-02
1.439714e-02
1.246581e-02
1.214986e-02
1.381264e-02
1.725584e-02
2.175426e-02
2.635861e-02
3.028622e-02
3.327677e-02
3.564650e-02
3.780951e-02
3.968192e-02
4.073755e-02
4.038960e-02
3.826544e-02
3.419310e-02
2.828207e-02
2.106300e-02
1.332158e-02
5.832679e-03
-5.785303e-04
-4.937459e-03
-6.507122e-03
-5.272819e-03
-1.985322e-03
2.216222e-03
6.255060e-03
9.431438e-03
1.152904e-02
1.274031e-02
1.353638e-02
1.455246e-02
1.636832e-02
1.930470e-02
2.335459e-02
2.824585e-02
3.350989e-02
3.838631e-02
4.197454e-02
4.360807e-02
4.309483e-02
4.069819e-02
3.695059e-02
3.245447e-02
2.772103e-02
2.304864e-02
1.837340e-02
1.331549e-02
7.434051e-03
4.574008e-04
-7.561100e-03
-1.612307e-02
-2.445399e-02
-3.181139e-02
-3.753615e-02
-4.109068e-02
-4.224050e-02
-4.100509e-02
-3.749137e-02
-3.191125e-02
-2.466141e-02
-1.643879e-02
-8.125149e-03
-4.887861e-04
6.039787e-03
1.141576e-02
1.571003e-02
1.871621e-02
2.004407e-02
1.941774e-02
1.689434e-02
1.290522e-02
8.096963e-03
3.108592e-03
-1.605445e-03
-5.881604e-03
-9.837562e-03
-1.374160e-02
-1.786227e-02
-2.235569e-02
-2.715168e-02
-3.192323e-02
-3.613165e-02
-3.895746e-02
-3.955892e-02
-3.745288e-02
-3.264681e-02
-2.556994e-02
-1.691266e-02
-7.420561e-03
2.282474e-03
1.158438e-02
1.943665e-02
2.457099e-02
2.610017e-02
2.388775e-02
1.854218e-02
1.113597e-02
2.827485e-03
-5.458986e-03
-1.320366e-02
-2.022871e-02
-2.619379e-02
-3.036077e-02
-3.198190e-02
-3.079361e-02
-2.725132e-02
-2.231634e-02
-1.705327e-02
-1.228599e-02
-8.447638e-03
-5.656092e-03
-3.816000e-03
-2.696088e-03
-2.013555e-03
-1.513174e-03
-1.020029e-03
-4.393756e-04
3.354912e-04
1.456412e-03
3.053719e-03
5.172881e-03
7.681404e-03
1.008331e-02
1.164864e-02
1.176048e-02
1.016237e-02
7.018205e-03
2.991002e-03
-7.045710e-04
-2.751401e-03
-2.269408e-03
9.179451e-04
6.338561e-03
1.313994e-02
2.041045e-02
2.724850e-02
3.257654e-02
3.539455e-02
3.518409e-02
3.207682e-02
2.674207e-02
2.006946e-02
1.280383e-02
5.378714e-03
-2.067261e-03
-9.580751e-03
-1.718324e-02
-2.469303e-02
-3.177040e-02
-3.791964e-02
-4.257610e-02
-4.536072e-02
-4.624788e-02
-4.551568e-02
-4.344701e-02
-4.018055e-02
-3.580359e-02
-3.057988e-02
-2.504372e-02
-1.980881e-02
-1.532269e-02
-1.170408e-02
-8.758643e-03
-6.125128e-03
-3.441375e-03
-4.633796e-04
2.840970e-03
6.180246e-03
9.051920e-03
1.100079e-02
1.180931e-02
1.154840e-02
1.050961e-02
9.077671e-03
7.652418e-03
6.700461e-03
6.674747e-03
7.843715e-03
1.020482e-02
1.351590e-02
1.740559e-02
2.150153e-02
2.552602e-02
2.924700e-02
3.227060e-02
3.411291e-02
3.443913e-02
3.319551e-02
3.040168e-02
2.585314e-02
1.935330e-02
1.123645e-02
2.398205e-03
-6.109452e-03
-1.348716e-02
-1.936844e-02
-2.361593e-02
-2.613063e-02
-2.691361e-02
-2.614170e-02
-2.415637e-02
-2.138682e-02
-1.834226e-02
-1.568582e-02
-1.406952e-02
-1.389311e-02
-1.519065e-02
-1.766913e-02
-2.071331e-02
-2.332895e-02
-2.446018e-02
-2.341436e-02
-2.007572e-02
-1.485699e-02
-8.480198e-03
-1.830309e-03
3.993775e-03
7.941468e-03
9.399663e-03
8.368100e-03
5.372859e-03
1.215584e-03
-3.298678e-03
-7.432412e-03
-1.047823e-02
-1.192776e-02
-1.163419e-02
-9.822847e-03
-6.967658e-03
-3.610758e-03
-2.030440e-04
2.963903e-03
5.689249e-03
7.830371e-03
9.338251e-03
1.027218e-02
1.077437e-02
1.102982e-02
1.126922e-02
1.174485e-02
1.264760e-02
1.404621e-02
1.579594e-02
1.733837e-02
1.785502e-02
1.666716e-02
1.357079e-02
8.939884e-03
3.515357e-03
-1.919155e-03
-6.796129e-03
-1.088191e-02
-1.423586e-02
-1.695779e-02
-1.899004e-02
-2.018886e-02
-2.046035e-02
-1.984058e-02
-1.849744e-02
-1.667832e-02
-1.467498e-02
-1.286265e-02
-1.162875e-02
-1.123022e-02
-1.169551e-02
-1.275430e-02
-1.391804e-02
-1.469518e-02
-1.477081e-02
-1.407811e-02
-1.276446e-02
-1.108910e-02
-9.233287e-03
-7.149792e-03
-4.704747e-03
-1.923040e-03
9.916425e-04
3.773567e-03
6.226730e-03
8.425522e-03
1.080384e-02
1.392711e-02
1.821244e-02
2.374337e-02
3.020414e-02
3.702741e-02
4.358054e-02
4.907491e-02
5.264791e-02
5.371951e-02
5.222492e-02
4.858059e-02
4.337226e-02
3.707497e-02
2.999856e-02
2.233088e-02
1.427257e-02
6.214460e-03
-1.266995e-03
-7.540340e-03
-1.216127e-02
-1.503838e-02
-1.643433e-02
-1.684148e-02
-1.685613e-02
-1.710931e-02
-1.811359e-02
-2.012074e-02
-2.308758e-02
-2.664623e-02
-3.000958e-02
-3.222694e-02
-3.259632e-02
-3.089004e-02
-2.728953e-02
-2.222279e-02
-1.621604e-02
-9.754338e-03
-3.138163e-03
3.446262e-03
9.714222e-03
1.533753e-02
2.009237e-02
2.394356e-02
2.702418e-02
2.943050e-02
3.104538e-02
3.164961e-02
3.110279e-02
2.944539e-02
2.689631e-02
2.378162e-02
2.050467e-02
1.755067e-02
1.535050e-02
1.413218e-02
1.384550e-02
1.410037e-02
1.427686e-02
1.379101e-02
1.230615e-02
9.801849e-03
6.517457e-03
2.882276e-03
-5.229612e-04
-3.147013e-03
-4.666407e-03
-5.065807e-03
-4.589454e-03
-3.648137e-03
-2.792670e-03
-2.589031e-03
-3.418516e-03
-5.368988e-03
-8.255149e-03
-1.172862e-02
-1.541505e-02
-1.902529e-02
-2.239064e-02
-2.530987e-02
-2.744617e-02
-2.847596e-02
-2.825531e-02
-2.687984e-02
-2.463736e-02
-2.190061e-02
-1.904680e-02
-1.653155e-02
-1.485823e-02
-1.438913e-02
-1.521367e-02
-1.714538e-02
-1.981958e-02
-2.280105e-02
-2.548817e-02
-2.709454e-02
-2.694972e-02
-2.476249e-02
-2.064595e-02
-1.499414e-02
-8.334752e-03
-1.182892e-03
6.069629e-03
1.320560e-02
2.016342e-02
2.677916e-02
3.238630e-02
3.603590e-02
3.700488e-02
3.512162e-02
3.079480e-02
2.481748e-02
1.808370e-02
1.146122e-02
5.914785e-03
2.327030e-03
1.174937e-03
2.387810e-03
5.402712e-03
9.303792e-03
1.311132e-02
1.609659e-02
1.793682e-02
1.864138e-02
1.841259e-02
1.754212e-02
1.632365e-02
1.498025e-02
1.359602e-02
1.211292e-02
1.040934e-02
8.385011e-03
6.011429e-03
3.338673e-03
4.666450e-04
-2.528404e-03
-5.650523e-03
-8.956797e-03
-1.250410e-02
-1.631159e-02
-2.033286e-02
-2.433924e-02
-2.789213e-02
-3.054146e-02
-3.194394e-02
-3.176711e-02
-2.975434e-02
-2.587690e-02
-2.039018e-02
-1.387551e-02
-7.245748e-03
-1.447210e-03
2.882695e-03
5.579530e-03
6.911374e-03
7.422424e-03
7.751491e-03
8.433482e-03
9.761287e-03
1.175758e-02
1.419348e-02
1.653701e-02
1.809727e-02
1.832738e-02
1.702812e-02
1.437652e-02
1.087778e-02
7.274267e-03
4.289290e-03
2.380532e-03
1.637332e-03
1.799622e-03
2.350775e-03
2.722112e-03
2.497953e-03
1.520931e-03
-9.950348e-05
-2.046422e-03
-3.938015e-03
-5.475571e-03
-6.536807e-03
-7.202651e-03
-7.690059e-03
-8.240758e-03
-9.029552e-03
-1.012146e-02
-1.147804e-02
-1.299569e-02
-1.457293e-02
-1.621136e-02
-1.802493e-02
-2.015658e-02
-2.265668e-02
-2.525653e-02
-2.737909e-02
-2.842882e-02
-2.798329e-02
-2.580399e-02
-2.188570e-02
-1.648903e-02
-1.022840e-02
-4.047932e-03
1.121526e-03
4.700632e-03
6.600701e-03
7.174312e-03
7.050885e-03
6.893430e-03
7.166003e-03
7.919073e-03
8.786093e-03
9.235303e-03
8.839269e-03
7.430149e-03
5.112363e-03
2.163718e-03
-1.091438e-03
-4.381634e-03
-7.544034e-03
-1.053021e-02
-1.328280e-02
-1.548601e-02
-1.664185e-02
-1.634529e-02
-1.448037e-02
-1.129753e-02
-7.357648e-03
-3.315411e-03
3.072371e-04
3.250331e-03
5.525585e-03
7.330413e-03
8.852472e-03
1.009220e-02
1.090549e-02
1.113515e-02
1.071207e-02
9.692118e-03
8.253587e-03
6.654584e-03
5.145264e-03
3.892336e-03
2.954162e-03
2.323434e-03
1.968700e-03
1.844161e-03
1.894175e-03
2.061128e-03
2.293379e-03
2.537776e-03
2.729327e-03
2.808338e-03
2.741958e-03
2.532551e-03
2.211472e-03
1.818927e-03
1.345754e-03
7.056406e-04
-2.110006e-04
-1.473720e-03
-3.080775e-03
-4.964088e-03
-7.018135e-03
-9.129526e-03
-1.113268e-02
-1.275762e-02
-1.373006e-02
-1.388752e-02
-1.320203e-02
-1.176143e-02
-9.740217e-03
-7.351366e-03
-4.793840e-03
-2.213417e-03
3.134655e-04
2.773053e-03
5.188538e-03
7.511562e-03
9.466906e-03
1.065273e-02
1.075635e-02
9.693758e-03
7.626386e-03
4.914118e-03
2.037873e-03
-5.538747e-04
-2.580832e-03
-3.979937e-03
-4.841492e-03
-5.287583e-03
-5.419515e-03
-5.311833e-03
-5.005531e-03
-4.506206e-03
-3.806644e-03
-2.910996e-03
-1.845812e-03
-6.572056e-04
5.960989e-04
1.809476e-03
2.812902e-03
3.439276e-03
3.598381e-03
3.306168e-03
2.669084e-03
1.865187e-03
1.118587e-03
6.270530e-04
4.980993e-04
7.299786e-04
1.234472e-03
1.883384e-03
2.555254e-03
3.152065e-03
3.555546e-03
3.631028e-03
3.285774e-03
2.509041e-03
1.371727e-03
-4.378829e-06
-1.488556e-03
-2.975681e-03
-4.381634e-03
-5.593422e-03
-6.486427e-03
-6.979174e-03
-7.025005e-03
-6.554996e-03
-5.505767e-03
-3.873604e-03
-1.734896e-03
7.510954e-04
3.282602e-03
5.458251e-03
6.939659e-03
7.576752e-03
7.479867e-03
7.060911e-03
6.879278e-03
7.403327e-03
8.853929e-03
1.113937e-02
1.375472e-02
1.590781e-02
1.687443e-02
1.627702e-02
1.417288e-02
1.102108e-02
7.535202e-03
4.411146e-03
2.100046e-03
7.191416e-04
9.767672e-05
-9.525704e-05
-2.069538e-04
-5.145121e-04
-1.224765e-03
-2.455061e-03
-4.208490e-03
-6.378266e-03
-8.689691e-03
-1.066154e-02
-1.179215e-02
-1.177341e-02
-1.058730e-02
-8.471004e-03
-5.810758e-03
-3.066139e-03
-6.776326e-04
1.061805e-03
2.074277e-03
2.477361e-03
2.503910e-03
2.405139e-03
2.373584e-03
2.526992e-03
2.985371e-03
3.886658e-03
5.306570e-03
7.112917e-03
8.947558e-03
1.039742e-02
1.117131e-02
1.118751e-02
1.056246e-02
9.533879e-03
8.363031e-03
7.263397e-03
6.426818e-03
6.049673e-03
6.269870e-03
7.111219e-03
8.480275e-03
1.020265e-02
1.201855e-02
1.357664e-02
1.455135e-02
1.476592e-02
1.423692e-02
1.314447e-02
1.177804e-02
1.044940e-02
9.392753e-03
8.708997e-03
8.367834e-03
8.252021e-03
8.215348e-03
8.087732e-03
7.628390e-03
6.593322e-03
4.842398e-03
2.390222e-03
-6.125222e-04
-3.926011e-03
-7.273340e-03
-1.042083e-02
-1.324055e-02
-1.572431e-02
-1.790966e-02
-1.970375e-02
-2.088307e-02
-2.123978e-02
-2.070050e-02
-1.936014e-02
-1.744024e-02
-1.521076e-02
-1.291008e-02
-1.066726e-02
-8.445118e-03
-6.092490e-03
-3.449248e-03
-4.659177e-04
2.680988e-03
5.655873e-03
8.134954e-03
9.937729e-03
1.107082e-02
1.171121e-02
1.218898e-02
1.289168e-02
1.411854e-02
1.599113e-02
1.844483e-02
2.121409e-02
2.376197e-02
2.544939e-02
2.581417e-02
2.473381e-02
2.242274e-02
1.930819e-02
1.585982e-02
1.244872e-02
9.276469e-03
6.374933e-03
3.656562e-03
9.873279e-04
-1.730158e-03
-4.505590e-03
-7.279844e-03
-9.971536e-03
-1.251852e-02
-1.490022e-02
-1.713850e-02
-1.928350e-02
-2.139292e-02
-2.350470e-02
-2.555580e-02
-2.735285e-02
-2.867191e-02
-2.932282e-02
-2.915708e-02
-2.812072e-02
-2.628947e-02
-2.385011e-02
-2.104221e-02
-1.807802e-02
-1.502090e-02
-1.175279e-02
-8.083345e-03
-3.871760e-03
8.905610e-04
5.989667e-03
1.101777e-02
1.555306e-02
1.928029e-02
2.198605e-02
2.359326e-02
2.419407e-02
2.402219e-02
2.337234e-02
2.246956e-02
2.138794e-02
2.009077e-02
1.850935e-02
1.660538e-02
1.439195e-02
1.189945e-02
9.150908e-03
6.171342e-03
3.008030e-03
-2.406639e-04
-3.443480e-03
-6.452696e-03
-9.068522e-03
-1.109025e-02
-1.240966e-02
-1.305588e-02
-1.317709e-02
-1.298242e-02
-1.268149e-02
-1.247940e-02
-1.257325e-02
-1.308212e-02
-1.392562e-02
-1.481322e-02
-1.539392e-02
-1.541227e-02
-1.478227e-02
-1.354512e-02
-1.179923e-02
-9.668009e-03
-7.278881e-03
-4.743270e-03
-2.142618e-03
4.760220e-04
3.095519e-03
5.718126e-03
8.353873e-03
1.100899e-02
1.360888e-02
1.584402e-02
1.726414e-02
1.751326e-02
1.648653e-02
1.435040e-02
1.145744e-02
8.255577e-03
5.256937e-03
2.915470e-03
1.483450e-03
9.596585e-04
1.136396e-03
1.705177e-03
2.368500e-03
2.911942e-03
3.198917e-03
3.156270e-03
2.780299e-03
2.142203e-03
1.383924e-03
6.688030e-04
1.212977e-04
-2.065489e-04
-3.350301e-04
-3.324232e-04
-2.813895e-04
-2.499145e-04
-2.755223e-04
-3.828389e-04
-6.606058e-04
-1.261345e-03
-2.319451e-03
-3.884440e-03
-5.904049e-03
-8.226868e-03
-1.051785e-02
-1.228127e-02
-1.307326e-02
-1.268151e-02
-1.117832e-02
-8.855815e-03
-6.099243e-03
-3.260711e-03
-5.737080e-04
1.865160e-03
4.007442e-03
5.774018e-03
7.087098e-03
7.921838e-03
8.326180e-03
8.406661e-03
8.294453e-03
8.109812e-03
7.934334e-03
7.766713e-03
7.496755e-03
6.969959e-03
6.071555e-03
4.774412e-03
3.140102e-03
1.286888e-03
-6.446515e-04
-2.471660e-03
-3.979693e-03
-5.003689e-03
-5.489859e-03
-5.503350e-03
-5.190936e-03
-4.733348e-03
-4.325844e-03
-4.141046e-03
-4.278898e-03
-4.746297e-03
-5.472591e-03
-6.347529e-03
-7.262473e-03
-8.139128e-03
-8.916922e-03
-9.517363e-03
-9.863555e-03
-9.917171e-03
-9.694754e-03
-9.259201e-03
-8.696840e-03
-8.111831e-03
-7.640731e-03
-7.416541e-03
-7.517493e-03
-7.943498e-03
-8.626848e-03
-9.464017e-03
-1.034755e-02
-1.114789e-02
-1.169688e-02
-1.184732e-02
-1.153428e-02
-1.079340e-02
-9.737479e-03
-8.521801e-03
-7.358225e-03
-6.495395e-03
-6.127236e-03
-6.323934e-03
-7.023548e-03
-8.072138e-03
-9.286400e-03
-1.051059e-02
-1.164863e-02
-1.262577e-02
-1.330049e-02
-1.349811e-02
-1.310233e-02
-1.210940e-02
-1.062591e-02
-8.827011e-03
-6.898130e-03
-4.984886e-03
-3.167886e-03
-1.475426e-03
8.562175e-05
1.520620e-03
2.846314e-03
4.087911e-03
5.273669e-03
6.429914e-03
7.594861e-03
8.839363e-03
1.024306e-02
1.185778e-02
1.368809e-02
1.569419e-02
1.780092e-02
1.990009e-02
2.188088e-02
2.365628e-02
2.515562e-02
2.633637e-02
2.720285e-02
2.780769e-02
2.823430e-02
2.856378e-02
2.882580e-02
2.899169e-02
2.901110e-02
2.884945e-02
2.850676e-02
2.801740e-02
2.743623e-02
2.681857e-02
2.617036e-02
2.539663e-02
2.435110e-02
2.291933e-02
2.107004e-02
1.886876e-02
1.650645e-02
1.427879e-02
1.246657e-02
1.122904e-02
1.056585e-02
1.034523e-02
1.036713e-02
1.041560e-02
1.030657e-02
9.933813e-03
9.284330e-03
8.420218e-03
7.441091e-03
6.443984e-03
5.494382e-03
4.596415e-03
3.666204e-03
2.576675e-03
1.264145e-03
-1.922688e-04
-1.616688e-03
-2.830729e-03
-3.718082e-03
-4.238703e-03
-4.424479e-03
-4.360308e-03
-4.153379e-03
-3.901534e-03
-3.671583e-03
-3.492172e-03
-3.359301e-03
-3.249844e-03
-3.136756e-03
-3.010092e-03
-2.915995e-03
-2.948867e-03
-3.199970e-03
-3.715087e-03
-4.486704e-03
-5.471490e-03
-6.608221e-03
-7.833262e-03
-9.093902e-03
-1.035561e-02
-1.160254e-02
-1.283386e-02
-1.405546e-02
-1.524090e-02
-1.628562e-02
-1.705094e-02
-1.743721e-02
-1.742633e-02
-1.708204e-02
-1.651970e-02
-1.586403e-02
-1.519168e-02
-1.446454e-02
-1.355718e-02
-1.234096e-02
-1.075142e-02
-8.826964e-03
-6.702381e-03
-4.555177e-03
-2.594528e-03
-1.055290e-03
-1.158914e-04
1.712158e-04
-1.108835e-04
-7.861876e-04
-1.651277e-03
-2.535077e-03
-3.334066e-03
-4.019753e-03
-4.634889e-03
-5.273369e-03
-6.032819e-03
-6.973533e-03
-8.101792e-03
-9.376993e-03
-1.072867e-02
-1.203019e-02
-1.308547e-02
-1.370784e-02
-1.380165e-02
-1.340123e-02
-1.268035e-02
-1.189322e-02
-1.127392e-02
-1.096216e-02
-1.097986e-02
-1.125358e-02
-1.166167e-02
-1.208384e-02
-1.241204e-02
-1.251204e-02
-1.224835e-02
-1.154361e-02
-1.040855e-02
-8.931930e-03
-7.244300e-03
-5.481560e-03
-3.779816e-03
-2.260270e-03
-9.948736e-04
1.088025e-05
8.085989e-04
1.480602e-03
2.101992e-03
2.659595e-03
3.019556e-03
3.010377e-03
2.518164e-03
1.534802e-03
1.522136e-04
-1.479248e-03
-3.203196e-03
-4.899736e-03
-6.506498e-03
-8.016715e-03
-9.428147e-03
-1.060422e-02
-1.127686e-02
-1.119551e-02
-1.025162e-02
-8.516613e-03
-6.200953e-03
-3.572434e-03
-8.737829e-04
1.733112e-03
4.183001e-03
6.435804e-03
8.322219e-03
9.576072e-03
9.984085e-03
9.491127e-03
8.216889e-03
6.402595e-03
4.351301e-03
2.391148e-03
7.941168e-04
-2.998984e-04
-9.020420e-04
-1.138540e-03
-1.186068e-03
-1.207750e-03
-1.316227e-03
-1.586118e-03
-2.065284e-03
-2.765640e-03
-3.660801e-03
-4.697204e-03
-5.812526e-03
-6.952946e-03
-8.083789e-03
-9.191769e-03
-1.027609e-02
-1.130894e-02
-1.221533e-02
-1.291105e-02
-1.334657e-02
-1.352704e-02
-1.350618e-02
-1.336358e-02
-1.317830e-02
-1.300891e-02
-1.288284e-02
-1.275013e-02
-1.239012e-02
-1.148488e-02
-9.783769e-03
-7.212210e-03
-3.914913e-03
-2.780228e-04
3.195618e-03
6.086717e-03
8.192610e-03
9.553781e-03
1.042030e-02
1.117376e-02
1.218267e-02
1.367727e-02
1.565268e-02
1.781519e-02
1.972150e-02
2.099003e-02
2.144082e-02
2.112487e-02
2.026324e-02
1.914446e-02
1.802521e-02
1.706635e-02
1.631584e-02
1.573123e-02
1.523222e-02
1.476023e-02
1.429847e-02
1.386111e-02
1.347351e-02
1.315531e-02
1.291116e-02
1.273005e-02
1.259027e-02
1.246521e-02
1.228916e-02
1.191037e-02
1.114939e-02
9.888053e-03
8.117850e-03
5.963015e-03
3.718426e-03
1.763883e-03
4.055149e-04
-2.288311e-04
-2.041923e-04
2.786816e-04
9.719673e-04
1.662231e-03
2.211265e-03
2.525003e-03
2.533137e-03
2.208614e-03
1.579000e-03
7.160601e-04
-2.885862e-04
-1.349897e-03
-2.406689e-03
-3.402624e-03
-4.240314e-03
-4.805378e-03
-5.019412e-03
-4.863228e-03
-4.375873e-03
-3.639688e-03
-2.754689e-03
-1.812142e-03
-8.759585e-04
2.375918e-05
8.803143e-04
1.656654e-03
2.255824e-03
2.569798e-03
2.536350e-03
2.164630e-03
1.526806e-03
7.283402e-04
-1.265688e-04
-9.612613e-04
-1.738120e-03
-2.455589e-03
-3.131433e-03
-3.778115e-03
-4.394919e-03
-4.974030e-03
-5.508914e-03
-5.999025e-03
-6.450871e-03
-6.875992e-03
-7.287405e-03
-7.696483e-03
-8.126911e-03
-8.670073e-03
-9.474329e-03
-1.066853e-02
-1.227283e-02
-1.404772e-02
-1.552101e-02
-1.621864e-02
-1.586615e-02
-1.446913e-02
-1.228731e-02
-9.722695e-03
-7.168994e-03
-4.895292e-03
-3.000065e-03
-1.431302e-03
-4.842716e-05
1.305935e-03
2.750208e-03
4.336361e-03
6.028042e-03
7.657131e-03
8.979254e-03
9.793106e-03
1.002195e-02
9.727198e-03
9.057792e-03
8.171814e-03
7.190467e-03
6.183995e-03
5.176528e-03
4.154685e-03
3.067185e-03
1.847486e-03
4.484814e-04
-1.122479e-03
-2.736548e-03
-4.159897e-03
-5.166348e-03
-5.633385e-03
-5.575354e-03
-5.118163e-03
-4.440994e-03
-3.714265e-03
-3.055797e-03
-2.514288e-03
-2.078136e-03
-1.699698e-03
-1.323328e-03
-9.071569e-04
-4.336741e-04
8.628882e-05
5.859194e-04
9.396728e-04
1.022288e-03
7.659763e-04
1.821900e-04
-6.504660e-04
-1.595193e-03
-2.462326e-03
-3.071111e-03
-3.315573e-03
-3.191403e-03
-2.795208e-03
-2.308022e-03
-1.929122e-03
-1.802545e-03
-1.978607e-03
-2.417895e-03
-3.024363e-03
-3.688395e-03
-4.318025e-03
-4.811657e-03
-5.030263e-03
-4.848844e-03
-4.214350e-03
-3.164641e-03
-1.808027e-03
-2.817678e-04
1.290475e-03
2.826318e-03
4.292889e-03
5.698373e-03
7.073834e-03
8.433750e-03
9.692283e-03
1.067146e-02
1.120011e-02
1.119654e-02
1.069579e-02
9.827848e-03
8.783769e-03
7.769084e-03
6.941883e-03
6.373998e-03
6.049364e-03
5.890729e-03
5.793507e-03
5.657590e-03
5.415971e-03
5.048062e-03
4.574460e-03
4.039695e-03
3.491826e-03
2.966670e-03
2.480239e-03
2.029846e-03
1.600716e-03
1.174591e-03
7.370055e-04
2.811340e-04
-1.920294e-04
-6.760706e-04
-1.162167e-03
-1.620478e-03
-1.955686e-03
-2.034886e-03
-1.756312e-03
-1.094018e-03
-1.020321e-04
1.112441e-03
2.428377e-03
3.746047e-03
5.006972e-03
6.196362e-03
7.331637e-03
8.440410e-03
9.542223e-03
1.064359e-02
1.174127e-02
1.282741e-02
1.388580e-02
1.488015e-02
1.576738e-02
1.651958e-02
1.713690e-02
1.764475e-02
1.808404e-02
1.849729e-02
1.891632e-02
1.935785e-02
1.982362e-02
2.030094e-02
2.072412e-02
2.095215e-02
2.083396e-02
2.028202e-02
1.928691e-02
1.784480e-02
1.592984e-02
1.353291e-02
1.070289e-02
7.601140e-03
4.489331e-03
1.626737e-03
-8.232388e-04
-2.830419e-03
-4.475493e-03
-5.865614e-03
-7.063056e-03
-8.084905e-03
-8.930133e-03
-9.600505e-03
-1.008465e-02
-1.033992e-02
-1.032227e-02
-1.002004e-02
-9.460602e-03
-8.678908e-03
-7.700147e-03
-6.547093e-03
-5.248086e-03
-3.838525e-03
-2.356767e-03
-8.376008e-04
6.927678e-04
2.211199e-03
3.618094e-03
4.685268e-03
5.161284e-03
4.897217e-03
3.904639e-03
2.350995e-03
5.221196e-04
-1.271665e-03
-2.797529e-03
-3.947322e-03
-4.718543e-03
-5.180010e-03
-5.437248e-03
-5.597677e-03
-5.743881e-03
-5.920637e-03
-6.136563e-03
-6.375849e-03
-6.613504e-03
-6.828422e-03
-7.010821e-03
-7.163267e-03
-7.297059e-03
-7.426224e-03
-7.561682e-03
-7.699269e-03
-7.810742e-03
-7.858235e-03
-7.813899e-03
-7.671266e-03
-7.445377e-03
-7.164968e-03
-6.861786e-03
-6.561499e-03
-6.278445e-03
-6.015419e-03
-5.766707e-03
-5.529194e-03
-5.341498e-03
-5.292968e-03
-5.476347e-03
-5.941639e-03
-6.677478e-03
-7.620875e-03
-8.678523e-03
-9.745294e-03
-1.073143e-02
-1.158652e-02
-1.230615e-02
-1.290960e-02
-1.338639e-02
-1.369051e-02
-1.377599e-02
-1.362757e-02
-1.327040e-02
-1.276064e-02
-1.216679e-02
-1.154656e-02
-1.092598e-02
-1.030017e-02
-9.648650e-03
-8.951473e-03
-8.199528e-03
-7.397188e-03
-6.559250e-03
-5.704678e-03
-4.850306e-03
-4.006829e-03
-3.177617e-03
-2.362512e-03
-1.585501e-03
-9.133654e-04
-4.232442e-04
-1.624360e-04
-1.293382e-04
-2.787322e-04
-5.565987e-04
-9.426399e-04
-1.447970e-03
-2.087422e-03
-2.843169e-03
-3.654374e-03
-4.443649e-03
-5.148427e-03
-5.739656e-03
-6.223794e-03
-6.632649e-03
-7.007256e-03
-7.383796e-03
-7.784483e-03
-8.214781e-03
-8.658109e-03
-9.067546e-03
-9.384480e-03
-9.566743e-03
-9.604671e-03
-9.518905e-03
-9.297884e-03
-8.799922e-03
-7.810685e-03
-6.224078e-03
-4.193137e-03
-2.059846e-03
-1.843910e-04
1.193082e-03
2.010696e-03
2.365230e-03
2.444711e-03
2.450440e-03
2.546585e-03
2.841253e-03
3.373395e-03
4.116565e-03
5.001603e-03
5.947222e-03
6.886511e-03
7.781949e-03
8.626961e-03
9.437536e-03
1.023896e-02
1.105202e-02
1.184770e-02
1.249702e-02
1.282776e-02
1.271423e-02
1.212970e-02
1.114739e-02
9.904085e-03
8.550054e-03
7.206262e-03
5.940672e-03
4.770795e-03
3.707662e-03
2.789526e-03
2.062019e-03
1.548908e-03
1.238136e-03
1.085829e-03
1.031551e-03
1.011437e-03
9.583100e-04
8.131060e-04
5.425220e-04
1.463436e-04
-3.482798e-04
-9.003275e-04
-1.469623e-03
-2.027528e-03
-2.559968e-03
-3.053165e-03
-3.480376e-03
-3.812825e-03
-4.028821e-03
-4.084118e-03
-3.902572e-03
-3.417916e-03
-2.611559e-03
-1.522561e-03
-2.322196e-04
1.160044e-03
2.537082e-03
3.770669e-03
4.762908e-03
5.478168e-03
5.946737e-03
6.244259e-03
6.460710e-03
6.672404e-03
6.925218e-03
7.231910e-03
7.579563e-03
7.941082e-03
8.268550e-03
8.489625e-03
8.536537e-03
8.352470e-03
7.863780e-03
7.002040e-03
5.744733e-03
4.132647e-03
2.256906e-03
2.305393e-04
-1.813063e-03
-3.677594e-03
-5.149312e-03
-6.087148e-03
-6.472729e-03
-6.403215e-03
-6.044144e-03
-5.570301e-03
-5.118760e-03
-4.764197e-03
-4.518636e-03
-4.349549e-03
-4.205746e-03
-4.041164e-03
-3.825008e-03
-3.513235e-03
-3.030603e-03
-2.305320e-03
-1.306124e-03
-5.505960e-05
1.381643e-03
2.879091e-03
4.230346e-03
5.217850e-03
5.705056e-03
5.679886e-03
5.241802e-03
4.552478e-03
3.777228e-03
3.039533e-03
2.400226e-03
1.861098e-03
1.394742e-03
9.906979e-04
6.651664e-04
4.427957e-04
3.379433e-04
3.456403e-04
4.429185e-04
5.967651e-04
7.739855e-04
9.484791e-04
1.096576e-03
1.189024e-03
1.199484e-03
1.116108e-03
9.456937e-04
7.099277e-04
4.381733e-04
1.731733e-04
-2.182808e-05
-8.539771e-05
1.618456e-05
2.784053e-04
6.647725e-04
1.122977e-03
1.602488e-03
2.067476e-03
2.499342e-03
2.880245e-03
3.183889e-03
3.387194e-03
3.482648e-03
3.481858e-03
3.410838e-03
3.300959e-03
3.180065e-03
3.066700e-03
2.968342e-03
2.883634e-03
2.816438e-03
2.807892e-03
2.928476e-03
3.239517e-03
3.764073e-03
4.480272e-03
5.333100e-03
6.255206e-03
7.174371e-03
7.999353e-03
8.639426e-03
9.040279e-03
9.202009e-03
9.172912e-03
9.021486e-03
8.778082e-03
8.409396e-03
7.854764e-03
7.070709e-03
6.055681e-03
4.850726e-03
3.523145e-03
2.147433e-03
8.184490e-04
-3.386605e-04
-1.213238e-03
-1.754667e-03
-1.986252e-03
-1.988576e-03
-1.866607e-03
-1.716173e-03
-1.609053e-03
-1.606357e-03
-1.756753e-03
-2.080960e-03
-2.565720e-03
-3.163354e-03
-3.786049e-03
-4.329655e-03
-4.714321e-03
-4.909683e-03
-4.936282e-03
-4.848841e-03
-4.712393e-03
-4.581127e-03
-4.486625e-03
-4.444666e-03
-4.485749e-03
-4.655509e-03
-4.989865e-03
-5.496287e-03
-6.150803e-03
-6.908047e-03
-7.712487e-03
-8.488056e-03
-9.142302e-03
-9.601375e-03
-9.837595e-03
-9.874202e-03
-9.770257e-03
-9.597134e-03
-9.416536e-03
-9.266463e-03
-9.158694e-03
-9.084370e-03
-9.024215e-03
-8.958689e-03
-8.874964e-03
-8.769657e-03
-8.647436e-03
-8.517178e-03
-8.388020e-03
-8.266222e-03
-8.153965e-03
-8.049235e-03
-7.936040e-03
-7.768194e-03
-7.485849e-03
-7.045669e-03
-6.439091e-03
-5.695447e-03
-4.891927e-03
-4.144914e-03
-3.563460e-03
-3.208302e-03
-3.077537e-03
-3.118453e-03
-3.253660e-03
-3.409055e-03
-3.533107e-03
-3.595390e-03
-3.563525e-03
-3.404090e-03
-3.099338e-03
-2.668197e-03
-2.178680e-03
-1.721127e-03
-1.370269e-03
-1.161112e-03
-1.085405e-03
-1.103839e-03
-1.165279e-03
-1.223809e-03
-1.237910e-03
-1.162149e-03
-9.598998e-04
-6.183876e-04
-1.523451e-04
4.029386e-04
9.984496e-04
1.573365e-03
2.071614e-03
2.460774e-03
2.739215e-03
2.931049e-03
3.073413e-03
3.202743e-03
3.347782e-03
3.542173e-03
3.828763e-03
4.242140e-03
4.792905e-03
5.464769e-03
6.222216e-03
7.023441e-03
7.832682e-03
8.627446e-03
9.400098e-03
1.015475e-02
1.090161e-02
1.165129e-02
1.241066e-02
1.317197e-02
1.385848e-02
1.431703e-02
1.439548e-02
1.401610e-02
1.320208e-02
1.205925e-02
1.073371e-02
9.387744e-03
8.186773e-03
7.255274e-03
6.640799e-03
6.310808e-03
6.177769e-03
6.136425e-03
6.097515e-03
6.007796e-03
5.853470e-03
5.650728e-03
5.429985e-03
5.220672e-03
5.040954e-03
4.894547e-03
4.773176e-03
4.662725e-03
4.549330e-03
4.422430e-03
4.269943e-03
4.077386e-03
3.834623e-03
3.540455e-03
3.202458e-03
2.819554e-03
2.359718e-03
1.775454e-03
1.032451e-03
1.268363e-04
-9.140902e-04
-2.032864e-03
-3.128657e-03
-4.082384e-03
-4.805641e-03
-5.270866e-03
-5.512171e-03
-5.604114e-03
-5.631830e-03
-5.668711e-03
-5.789041e-03
-6.076976e-03
-6.597405e-03
-7.367198e-03
-8.311399e-03
-9.228872e-03
-9.872282e-03
-1.005863e-02
-9.731555e-03
-8.961564e-03
-7.900946e-03
-6.721935e-03
-5.567820e-03
-4.551227e-03
-3.762345e-03
-3.248564e-03
-3.001305e-03
-2.964193e-03
-3.056271e-03
-3.194316e-03
-3.289335e-03
-3.250760e-03
-3.015398e-03
-2.567606e-03
-1.938916e-03
-1.201023e-03
-4.589737e-04
1.821017e-04
6.539192e-04
9.420931e-04
1.079901e-03
1.127721e-03
1.148822e-03
1.206138e-03
1.407120e-03
1.894107e-03
2.777385e-03
4.085501e-03
5.727446e-03
7.470011e-03
9.022028e-03
1.015574e-02
1.077964e-02
1.094390e-02
1.079443e-02
1.049516e-02
1.016181e-02
9.843593e-03
9.536780e-03
9.210336e-03
8.831763e-03
8.393141e-03
7.925725e-03
7.483351e-03
7.115585e-03
6.848980e-03
6.681369e-03
6.588157e-03
6.534079e-03
6.485542e-03
6.404764e-03
6.212952e-03
5.804259e-03
5.098038e-03
4.074567e-03
2.778684e-03
1.298080e-03
-2.685173e-04
-1.839501e-03
-3.366607e-03
-4.837141e-03
-6.265009e-03
-7.658627e-03
-8.924153e-03
-9.858415e-03
-1.025980e-02
-1.002815e-02
-9.200109e-03
-7.923169e-03
-6.395688e-03
-4.803180e-03
-3.273749e-03
-1.861646e-03
-5.631478e-04
6.232745e-04
1.661645e-03
2.502930e-03
3.118732e-03
3.518127e-03
3.745041e-03
3.862706e-03
3.934474e-03
4.008634e-03
4.111192e-03
4.246708e-03
4.404960e-03
4.569766e-03
4.726747e-03
4.867984e-03
4.992846e-03
5.101048e-03
5.159869e-03
5.095755e-03
4.833171e-03
4.332517e-03
3.605156e-03
2.704718e-03
1.705096e-03
6.774388e-04
-3.122442e-04
-1.190942e-03
-1.896628e-03
-2.402043e-03
-2.722272e-03
-2.905139e-03
-3.012216e-03
-3.100047e-03
-3.219211e-03
-3.425331e-03
-3.766007e-03
-4.262281e-03
-4.902591e-03
-5.650274e-03
-6.457936e-03
-7.282270e-03
-8.093404e-03
-8.866257e-03
-9.562855e-03
-1.014278e-02
-1.058296e-02
-1.088764e-02
-1.108505e-02
-1.121626e-02
-1.132204e-02
-1.143263e-02
-1.156302e-02
-1.170643e-02
-1.182730e-02
-1.187735e-02
-1.181973e-02
-1.164389e-02
-1.136649e-02
-1.102196e-02
-1.064920e-02
-1.027989e-02
-9.932014e-03
-9.609160e-03
-9.302374e-03
-8.993331e-03
-8.662212e-03
-8.295885e-03
-7.891856e-03
-7.457077e-03
-7.004160e-03
-6.546264e-03
-6.093099e-03
-5.649604e-03
-5.220330e-03
-4.815016e-03
-4.444777e-03
-4.116046e-03
-3.827532e-03
-3.570930e-03
-3.334088e-03
-3.104961e-03
-2.874517e-03
-2.638170e-03
-2.395439e-03
-2.148507e-03
-1.900887e-03
-1.663272e-03
-1.468556e-03
-1.362315e-03
-1.379293e-03
-1.528103e-03
-1.789943e-03
-2.127837e-03
-2.497687e-03
-2.834617e-03
-3.043735e-03
-3.036584e-03
-2.769284e-03
-2.256000e-03
-1.557399e-03
-7.553464e-04
7.369939e-05
8.773075e-04
1.633630e-03
2.346948e-03
3.027699e-03
3.648309e-03
4.140527e-03
4.435658e-03
4.500261e-03
4.348888e-03
4.034936e-03
3.629249e-03
3.189690e-03
2.732307e-03
2.236382e-03
1.668942e-03
1.006846e-03
2.496429e-04
-5.661598e-04
-1.369359e-03
-2.085011e-03
-2.664650e-03
-3.106195e-03
-3.480209e-03
-3.913816e-03
-4.530997e-03
-5.402535e-03
-6.528342e-03
-7.849835e-03
-9.273568e-03
-1.064459e-02
-1.173255e-02
-1.232223e-02
-1.230511e-02
-1.171161e-02
-1.068386e-02
-9.415122e-03
-8.086110e-03
-6.820616e-03
-5.669749e-03
-4.622221e-03
-3.629848e-03
-2.637884e-03
-1.622950e-03
-6.177574e-04
3.119751e-04
1.106178e-03
1.737222e-03
2.221779e-03
2.636220e-03
3.098153e-03
3.715847e-03
4.542920e-03
5.535787e-03
6.560911e-03
7.462385e-03
8.128219e-03
8.523706e-03
8.688031e-03
8.706429e-03
8.674187e-03
8.666697e-03
8.723621e-03
8.848328e-03
9.018650e-03
9.202550e-03
9.371089e-03
9.499035e-03
9.561800e-03
9.543031e-03
9.441415e-03
9.270719e-03
9.054147e-03
8.816522e-03
8.578411e-03
8.361111e-03
8.191852e-03
8.094589e-03
8.079661e-03
8.140388e-03
8.257122e-03
8.404894e-03
8.751032e-03
8.903406e-03
9.040676e-03
9.149543e-03
9.195855e-03
9.138785e-03
8.952534e-03
8.637466e-03
8.218248e-03
7.735084e-03
7.242807e-03
6.805264e-03
6.473565e-03
6.269126e-03
6.180955e-03
6.174876e-03
6.208292e-03
6.244180e-03
6.259594e-03
6.247708e-03
6.214267e-03
6.171364e-03
6.128047e-03
6.075327e-03
5.986725e-03
5.834215e-03
5.602287e-03
5.293445e-03
4.925426e-03
4.523456e-03
4.110634e-03
3.696072e-03
3.273505e-03
2.829810e-03
2.354020e-03
1.842649e-03
1.300453e-03
7.379331e-04
1.673495e-04
-4.009296e-04
-9.584645e-04
-1.475301e-03
-1.884583e-03
-2.113512e-03
-2.120324e-03
-1.910627e-03
-1.531513e-03
-1.051774e-03
-5.390840e-04
-4.829806e-05
3.548653e-04
5.865341e-04
5.791557e-04
3.115281e-04
-1.844291e-04
-8.227323e-04
-1.468050e-03
-1.982099e-03
-2.274151e-03
-2.324018e-03
-2.174656e-03
-1.905045e-03
-1.598411e-03
-1.317444e-03
-1.092484e-03
-9.238736e-04
-8.031329e-04
-7.359114e-04
-7.387325e-04
-8.251807e-04
-9.966245e-04
-1.240384e-03
-1.534192e-03
-1.853046e-03
-2.170091e-03
-2.433944e-03
-2.570311e-03
-2.516628e-03
-2.250023e-03
-1.793332e-03
-1.202465e-03
-5.450003e-04
1.201768e-04
7.514763e-04
1.303456e-03
1.717947e-03
1.948258e-03
1.981085e-03
1.841055e-03
1.586387e-03
1.304947e-03
1.088522e-03
1.000743e-03
1.060926e-03
1.247067e-03
1.512019e-03
1.802857e-03
2.067604e-03
2.254845e-03
2.327554e-03
2.275151e-03
2.114452e-03
1.884974e-03
1.657085e-03
1.519548e-03
1.543298e-03
1.755737e-03
2.137106e-03
2.633917e-03
3.166924e-03
3.633735e-03
3.941308e-03
4.039714e-03
3.934006e-03
3.673468e-03
3.328159e-03
2.964431e-03
2.627809e-03
2.336901e-03
2.086973e-03
1.859754e-03
1.636848e-03
1.414972e-03
1.206909e-03
1.031030e-03
9.004991e-04
8.172999e-04
7.503676e-04
6.052733e-04
2.594095e-04
-3.769647e-04
-1.324353e-03
-2.531316e-03
-3.872540e-03
-5.159532e-03
-6.209476e-03
-6.912841e-03
-7.260123e-03
-7.326444e-03
-7.230951e-03
-7.092131e-03
-6.994750e-03
-6.976286e-03
-7.031571e-03
-7.128916e-03
-7.229413e-03
-7.294656e-03
-7.272778e-03
-7.107784e-03
-6.765541e-03
-6.248591e-03
-5.593088e-03
-4.853860e-03
-4.091203e-03
-3.379701e-03
-2.800671e-03
-2.411421e-03
-2.224852e-03
-2.209985e-03
-2.308334e-03
-2.455550e-03
-2.600046e-03
-2.712681e-03
-2.780282e-03
-2.775173e-03
-2.651308e-03
-2.369885e-03
-1.920105e-03
-1.323765e-03
-6.260437e-04
1.203126e-04
8.696757e-04
1.582442e-03
2.191782e-03
2.608206e-03
2.762974e-03
2.639630e-03
2.277716e-03
1.754372e-03
1.158944e-03
5.849105e-04
1.216806e-04
-1.708548e-04
-2.787167e-04
-2.311467e-04
-8.358600e-05
1.038635e-04
2.839408e-04
4.312696e-04
5.420815e-04
6.277273e-04
7.053830e-04
7.901021e-04
8.875201e-04
9.846870e-04
1.054062e-03
1.068808e-03
1.015093e-03
8.961574e-04
7.289577e-04
5.366807e-04
3.410231e-04
1.567433e-04
-1.015797e-05
-1.596139e-04
-2.897944e-04
-3.955529e-04
-4.723288e-04
-5.194082e-04
-5.407449e-04
-5.441129e-04
-5.469002e-04
-5.839722e-04
-6.942172e-04
-9.020590e-04
-1.208304e-03
-1.592334e-03
-2.021497e-03
-2.462587e-03
-2.890580e-03
-3.292898e-03
-3.668472e-03
-4.020674e-03
-4.327216e-03
-4.526891e-03
-4.552971e-03
-4.369078e-03
-3.984206e-03
-3.446131e-03
-2.821897e-03
-2.176258e-03
-1.555725e-03
-9.820542e-04
-4.553565e-04
1.891045e-05
3.811171e-04
5.350760e-04
4.043471e-04
-2.972477e-05
-7.228011e-04
-1.587997e-03
-2.525978e-03
-3.422665e-03
-4.102410e-03
-4.371902e-03
-4.109112e-03
-3.311278e-03
-2.085765e-03
-6.022785e-04
9.587464e-04
2.369914e-03
3.307759e-03
3.470088e-03
2.711914e-03
1.094271e-03
-1.157102e-03
-3.743144e-03
-6.362031e-03
-8.638804e-03
-1.013035e-02
-1.050274e-02
-9.676697e-03
-7.909438e-03
-5.732075e-03
-3.724623e-03
-2.305793e-03
-1.632405e-03
-1.609852e-03
-1.920131e-03
-2.082868e-03
-1.645996e-03
-3.575312e-04
1.775167e-03
4.518934e-03
7.370525e-03
9.583223e-03
1.047204e-02
9.694351e-03
7.338907e-03
3.875450e-03
1.095850e-04
-3.049002e-03
-4.926790e-03
-5.284371e-03
-4.311462e-03
-2.474630e-03
-3.131033e-04
1.734501e-03
3.418709e-03
4.610235e-03
5.179728e-03
5.027059e-03
4.148227e-03
2.653974e-03
7.459213e-04
-1.254398e-03
-2.911890e-03
-3.840450e-03
-3.851676e-03
-3.013604e-03
-1.668447e-03
-3.192979e-04
5.810102e-04
7.839454e-04
3.088180e-04
-5.656392e-04
-1.438098e-03
-1.961606e-03
-1.957124e-03
-1.445022e-03
-6.143047e-04
2.733886e-04
9.919133e-04
1.419705e-03
1.564808e-03
1.539123e-03
1.491788e-03
1.545269e-03
1.759269e-03
2.125158e-03
2.564871e-03
2.943698e-03
3.129160e-03
3.046305e-03
2.698101e-03
2.151576e-03
1.504861e-03
8.520910e-04
2.586958e-04
-2.459937e-04
-6.308898e-04
-8.118520e-04
-6.889829e-04
-2.084630e-04
6.068024e-04
1.639144e-03
2.668096e-03
3.450892e-03
3.822569e-03
3.745289e-03
3.298162e-03
2.628565e-03
1.893476e-03
1.214048e-03
6.664741e-04
2.987007e-04
1.281602e-04
1.372137e-04
2.804095e-04
4.991301e-04
7.302601e-04
9.154116e-04
1.016765e-03
1.025241e-03
9.571609e-04
8.431754e-04
7.156424e-04
6.004371e-04
5.174550e-04
4.795638e-04
4.893409e-04
5.391178e-04
6.146605e-04
7.002921e-04
7.842797e-04
8.636881e-04
9.430145e-04
1.028716e-03
1.124653e-03
1.230191e-03
1.338735e-03
1.430704e-03
1.477458e-03
1.456484e-03
1.361926e-03
1.205659e-03
1.011224e-03
8.050000e-04
6.086023e-04
4.347461e-04
2.902956e-04
1.873289e-04
1.414493e-04
1.614058e-04
2.431960e-04
3.710632e-04
5.231290e-04
6.771893e-04
8.077548e-04
8.846163e-04
8.851210e-04
8.044432e-04
6.565051e-04
4.680972e-04
2.747031e-04
1.134215e-04
1.029337e-05
-2.718781e-05
-9.063594e-06
4.397336e-05
1.078756e-04
1.587836e-04
1.786330e-04
1.603995e-04
1.096110e-04
4.258006e-05
-2.082593e-05
-6.527307e-05
-8.425813e-05
-8.003151e-05
-6.052991e-05
-3.533100e-05
-1.228932e-05
4.306276e-06
1.436913e-05
2.102169e-05
2.829168e-05
3.906645e-05
5.415137e-05
7.239996e-05
9.166374e-05
1.101012e-04
1.268362e-04
1.417423e-04
1.550285e-04
1.668164e-04
1.762437e-04
1.811800e-04
1.795728e-04
1.706974e-04
1.556947e-04
1.372918e-04
1.186528e-04
1.022182e-04
8.912228e-05
7.914105e-05
7.071654e-05
6.158093e-05
4.992885e-05
3.514699e-05
1.785259e-05
-5.526278e-07
-1.849572e-05
-3.473057e-05
-4.855664e-05
-5.952459e-05
-6.724641e-05
-7.166756e-05
-7.322260e-05
-7.274809e-05
-7.123341e-05
-6.959803e-05
-6.859407e-05
-6.868067e-05
-6.994225e-05
-7.215518e-05
-7.492929e-05
-7.783838e-05
-8.042679e-05
-8.232590e-05
-8.340340e-05
-8.379945e-05
-8.383418e-05
-8.388411e-05
-8.430422e-05
-8.539587e-05
-8.730133e-05
-8.996606e-05
-9.317533e-05
-9.663707e-05
-1.000434e-04
-1.031639e-04
-1.059068e-04
-1.083139e-04
-1.105075e-04
-1.126293e-04
-1.147895e-04
-1.170455e-04
-1.194181e-04
-1.219179e-04
-1.245317e-04
-1.272153e-04
-1.299026e-04
-1.325253e-04
-1.350287e-04
-1.373761e-04
-1.395419e-04
-1.415234e-04
-1.433407e-04
-1.450303e-04
-1.466320e-04
-1.481793e-04
-1.496923e-04
-1.511809e-04
-1.526460e-04
-1.540818e-04
-1.554782e-04
-1.568250e-04
-1.581150e-04
-1.593446e-04
-1.605126e-04
-1.616203e-04
-1.626711e-04
-1.636698e-04
-1.646222e-04
-1.655328e-04
-1.664045e-04
-1.672394e-04
-1.680378e-04
-1.688004e-04
-1.695266e-04
-1.702164e-04
-1.708698e-04
-1.714878e-04
-1.720713e-04
-1.726219e-04
-1.731409e-04
-1.736301e-04
-1.740909e-04
-1.745248e-04
-1.749334e-04
-1.753180e-04
-1.756800e-04
-1.760206e-04
-1.763411e-04
-1.766427e-04
-1.769264e-04
-1.771935e-04
-1.774448e-04
-1.776816e-04
-1.779048e-04
-1.781154e-04
-1.783145e-04
-1.785031e-04
-1.786822e-04
-1.788528e-04
-1.790158e-04
