2.818510e-03
6.085761e-03
8.407436e-03
8.092427e-03
4.513401e-03
-1.609546e-03
-5.154945e-03
-6.470669e-03
-5.956505e-03
-4.754862e-03
-4.922362e-04
6.600928e-03
6.984536e-03
3.022901e-03
2.691455e-03
-1.396682e-03
-5.284910e-03
-7.429961e-03
-8.113383e-03
-4.020147e-03
9.196814e-04
2.513932e-03
2.449637e-03
2.720925e-03
2.313894e-03
9.460083e-04
2.015925e-03
-1.411340e-03
-6.953114e-03
-5.218219e-03
-2.835636e-03
1.787920e-03
4.654016e-03
5.504570e-03
4.095549e-04
-2.419081e-03
-4.526694e-04
-3.581180e-03
-3.199881e-03
-4.615834e-03
-6.988572e-03
-2.669840e-04
6.454624e-03
5.950582e-03
-9.060350e-04
-8.888826e-03
-7.535564e-03
-6.253695e-03
-2.512624e-03
4.223245e-03
-1.337038e-03
1.889936e-03
1.342182e-02
2.461732e-03
-1.438493e-02
-1.281964e-02
-1.344728e-02
-1.138623e-02
5.558639e-03
9.535408e-03
4.988904e-03
8.511631e-03
1.357558e-02
1.560924e-02
6.050510e-03
-2.704615e-03
-6.766629e-03
-9.816871e-03
-9.314453e-03
-9.539414e-04
7.406575e-03
9.564532e-03
1.019856e-02
1.107940e-02
1.393500e-02
7.654473e-03
-2.668347e-03
-1.300043e-02
-8.387585e-03
1.053298e-02
1.546332e-02
1.358265e-03
-8.558681e-03
-2.549421e-03
9.265764e-03
1.684596e-02
8.176618e-03
-6.693515e-03
-8.846288e-03
-9.790322e-03
-1.171766e-02
-1.280865e-02
-6.420018e-03
2.285163e-03
7.978242e-03
1.365512e-02
1.128516e-02
8.318390e-03
2.162167e-03
-1.508424e-03
-3.508189e-03
-9.404427e-03
-8.079064e-03
-6.892402e-03
-1.453691e-02
-1.128281e-02
5.063021e-03
2.038594e-02
2.666664e-02
1.181799e-02
-6.665038e-03
-9.250514e-03
-1.031604e-02
-1.659585e-02
-1.499929e-02
-1.096408e-03
1.331049e-02
1.366693e-02
5.691013e-03
-1.077558e-02
-2.091925e-02
-1.749695e-02
-2.694508e-03
1.562203e-02
1.778701e-02
1.562215e-03
-6.070123e-03
-1.533057e-02
-2.592819e-02
-1.142344e-02
1.091165e-03
1.076620e-02
2.263929e-02
1.899418e-02
2.370556e-03
-9.669313e-03
-1.843501e-02
2.099825e-03
1.804890e-02
1.023247e-04
-9.543605e-03
-1.400894e-02
-1.652308e-02
-1.204207e-02
-1.357403e-03
1.286067e-02
1.808538e-02
1.349669e-02
1.251365e-02
1.095229e-02
-6.208908e-03
-2.132117e-02
-2.376297e-02
-1.136476e-02
1.110090e-02
1.845852e-02
1.067010e-02
-7.482675e-03
-6.393265e-03
7.418290e-04
-1.507083e-03
-2.622799e-03
-2.748088e-03
-7.475641e-03
-2.805993e-03
2.763408e-03
3.706781e-05
4.859777e-03
1.208561e-02
1.397485e-02
1.121902e-02
2.607338e-03
-4.210219e-03
-6.102155e-03
-2.514543e-02
-2.718049e-02
-1.143373e-02
4.623301e-03
1.604947e-02
1.751238e-02
1.497680e-02
1.845818e-02
2.018830e-02
1.188163e-02
-1.607735e-03
-1.357747e-02
-3.676407e-03
1.510300e-02
6.544485e-03
-1.537431e-02
-9.552295e-03
4.393265e-03
1.032166e-02
1.259838e-02
1.037700e-02
-4.091612e-03
-2.400605e-02
-1.999652e-02
-6.924110e-03
-1.808795e-02
-1.841138e-02
-1.468070e-03
4.774365e-03
1.562324e-02
7.534863e-03
-1.340575e-02
-8.522062e-03
-3.956488e-03
-1.773675e-03
4.941063e-03
3.424409e-03
-6.514743e-04
-7.564626e-04
-1.864823e-02
-2.267951e-02
1.021480e-04
1.193423e-02
1.891722e-02
2.552187e-02
1.383594e-02
-7.788108e-03
-6.656487e-04
1.532911e-02
2.745545e-03
-1.615612e-02
-2.030863e-02
-8.762355e-03
4.737414e-03
2.067119e-03
-5.987831e-03
-4.257026e-03
1.187226e-02
1.707848e-02
9.915116e-03
-9.224047e-03
-2.853383e-02
-3.465101e-02
-2.054972e-02
8.271293e-03
1.960887e-02
1.997718e-02
2.254149e-02
9.694804e-03
-1.546970e-02
-1.921532e-02
-1.734978e-02
-2.206025e-02
-1.630560e-02
-4.956700e-04
4.479655e-04
-3.502664e-03
1.693098e-02
2.311449e-02
-3.205493e-03
-1.733691e-02
-1.669884e-03
1.376582e-02
8.855521e-03
9.016646e-03
8.262854e-03
3.894102e-04
9.166450e-03
9.584622e-03
1.250485e-02
2.055368e-02
1.208763e-02
4.210139e-03
3.308356e-03
1.091136e-02
1.657747e-02
9.845525e-03
-3.116732e-03
-3.999124e-03
-4.688706e-03
-3.527016e-03
1.433195e-03
-1.064828e-03
6.548021e-04
4.778650e-03
-4.855768e-04
-1.672199e-02
-2.131009e-02
-1.623570e-02
-2.051568e-02
-2.913591e-02
-1.344747e-02
5.267412e-03
1.156906e-02
1.889367e-02
9.321939e-03
2.559244e-03
1.188911e-02
1.314478e-02
-6.885012e-03
-1.975247e-02
-1.548905e-02
-1.870422e-02
-1.334736e-02
1.193828e-02
2.128871e-02
2.021868e-02
2.310320e-02
2.137632e-02
1.734018e-02
2.501759e-02
3.907111e-02
3.031759e-02
1.789903e-02
8.417178e-03
-1.940752e-02
-3.742810e-02
-3.071995e-02
-1.143599e-02
-5.543412e-03
-8.697376e-03
-1.434083e-03
7.502088e-03
6.934969e-05
-3.666075e-03
4.026693e-03
6.713313e-03
1.228138e-02
1.930096e-02
1.595634e-02
1.822268e-02
3.281988e-02
1.291163e-02
-1.074796e-03
-5.438384e-03
-1.734088e-02
-2.877109e-02
-3.630915e-02
-3.637461e-02
-3.013548e-02
-6.657250e-03
-3.099430e-03
-1.356469e-02
-1.850667e-02
-2.273265e-02
-2.092539e-02
-9.924822e-03
-1.592443e-02
-3.476095e-02
-3.299979e-02
-1.078960e-02
5.248884e-03
2.679512e-02
5.036139e-02
5.137025e-02
4.969642e-02
5.782692e-02
4.638898e-02
7.346468e-03
-1.856403e-02
-7.069979e-03
2.578210e-02
2.031405e-02
3.979586e-03
3.141080e-03
-3.801224e-04
7.785989e-03
-5.512729e-03
-3.639025e-02
-4.736692e-02
-3.085142e-02
-5.637010e-03
-1.900606e-02
-2.728886e-02
-2.191973e-03
4.840016e-03
1.656528e-03
9.689800e-04
4.160461e-03
1.314460e-02
6.886081e-03
-1.952181e-02
-3.904992e-02
-4.793843e-02
-4.461356e-02
-4.139986e-02
-1.577483e-02
1.316277e-02
8.067935e-03
4.778386e-03
1.930915e-02
3.415522e-02
3.078106e-02
1.619299e-02
7.484095e-03
7.073946e-03
8.053946e-03
2.999614e-02
4.808894e-02
5.838889e-02
4.784750e-02
5.277803e-03
-3.708387e-02
-6.615222e-02
-6.237564e-02
-3.503384e-02
-2.755725e-02
-4.014617e-02
-1.379177e-02
1.821189e-02
5.062117e-03
-5.508330e-03
5.958343e-03
1.163668e-02
2.125421e-02
1.518426e-02
-7.169160e-03
-1.272784e-03
7.351264e-03
-2.840644e-03
2.970998e-03
2.562426e-02
2.676268e-02
2.407991e-02
2.266113e-02
1.668083e-02
3.391261e-03
-2.002688e-03
-9.639410e-03
-2.355039e-02
-3.761532e-02
-3.802973e-02
-1.420782e-02
-8.102091e-03
-1.052060e-02
-2.350483e-03
-8.000158e-04
-1.300746e-02
-2.024553e-02
-1.844327e-02
-2.079646e-02
-3.499908e-02
-4.693954e-02
-3.540263e-02
-5.462894e-03
1.500763e-02
1.463017e-02
2.716578e-02
5.993532e-02
6.919432e-02
4.354672e-02
2.183888e-02
1.642885e-02
-6.519265e-03
-2.616481e-02
-1.076202e-02
1.581799e-02
2.866904e-02
3.806431e-02
3.144465e-02
-3.798199e-03
-3.972703e-02
-5.116666e-02
-4.826289e-02
-3.859565e-02
-1.925245e-02
-1.859459e-02
-2.918434e-02
-1.597676e-02
8.517557e-03
1.647867e-02
1.543929e-02
1.399691e-02
8.253249e-03
7.391084e-03
1.783571e-02
4.224197e-02
7.298093e-02
9.272929e-02
1.023082e-01
1.045351e-01
1.003840e-01
6.798225e-02
2.189944e-02
-6.840226e-03
-1.366255e-02
-2.948663e-03
1.447486e-02
2.729734e-02
3.070420e-02
2.600321e-02
1.935589e-02
-3.735519e-03
-4.234787e-02
-7.508483e-02
-1.055515e-01
-1.134692e-01
-1.055117e-01
-9.505186e-02
-7.938784e-02
-6.778647e-02
-6.440332e-02
-7.021433e-02
-8.582222e-02
-9.985574e-02
-1.024857e-01
-9.781671e-02
-7.981189e-02
-4.612910e-02
-5.607563e-03
3.787263e-02
8.528663e-02
1.228023e-01
1.393680e-01
1.465236e-01
1.461151e-01
1.212236e-01
8.035597e-02
6.299532e-02
5.497323e-02
3.820953e-02
3.293176e-02
3.716884e-02
4.133229e-02
3.850287e-02
3.610377e-02
2.566624e-02
3.536107e-03
-1.602541e-02
-2.143477e-02
-1.198045e-02
-7.268999e-04
-6.421256e-04
-1.120948e-02
-2.020284e-02
-1.940534e-02
-5.014172e-03
6.089522e-03
5.378393e-04
-1.843218e-02
-4.017748e-02
-5.529724e-02
-6.712927e-02
-7.044637e-02
-7.881851e-02
-1.021666e-01
-1.148933e-01
-1.152874e-01
-9.132196e-02
-4.388500e-02
-1.388675e-02
-1.122631e-02
-1.516971e-02
-9.681057e-03
-2.174975e-03
-5.329866e-05
-2.290258e-03
-4.267146e-04
5.206618e-03
1.369303e-02
1.834214e-02
2.141545e-02
2.417657e-02
2.798735e-02
8.162838e-03
-2.975286e-02
-2.899543e-02
-8.455726e-03
1.803948e-02
4.555618e-02
6.403949e-02
7.959562e-02
9.672448e-02
1.065750e-01
1.052483e-01
9.016956e-02
7.113447e-02
6.163523e-02
4.589270e-02
2.562921e-02
1.987943e-02
1.940814e-02
1.124923e-02
3.342952e-03
2.800323e-03
2.268756e-03
4.045577e-03
1.986158e-02
2.469246e-02
2.047885e-02
4.389566e-03
-1.180516e-02
-1.638893e-02
-2.412474e-02
-3.691433e-02
-6.385061e-02
-8.909661e-02
-1.076122e-01
-1.208531e-01
-1.237305e-01
-1.163664e-01
-8.764047e-02
-4.201619e-02
-1.695336e-03
1.547338e-02
1.622133e-02
1.022175e-02
-3.656292e-03
-1.629721e-02
-2.534572e-02
-3.014502e-02
-2.558060e-02
-1.704954e-02
-4.464802e-03
1.700809e-02
3.957262e-02
6.092627e-02
7.324918e-02
7.635213e-02
7.516399e-02
4.767938e-02
1.201292e-02
8.249924e-03
1.699730e-02
2.842532e-02
4.123868e-02
4.154689e-02
3.570739e-02
3.362364e-02
2.933978e-02
1.611054e-02
3.080933e-03
-1.359997e-02
-3.554650e-02
-4.554869e-02
-5.149747e-02
-5.593967e-02
-5.431611e-02
-4.955279e-02
-5.073593e-02
-5.582278e-02
-5.427358e-02
-5.040903e-02
-3.692984e-02
-1.902997e-02
-8.812532e-03
-2.292675e-03
1.636562e-04
-1.119607e-02
-2.417049e-02
-1.876976e-02
-1.018641e-02
-5.731194e-03
6.486419e-03
1.677101e-02
2.439149e-02
2.853873e-02
3.687221e-02
4.944266e-02
5.626353e-02
5.873199e-02
6.219825e-02
5.874571e-02
3.756834e-02
2.528144e-02
2.314447e-02
2.341177e-02
1.641047e-02
6.856174e-03
4.739528e-04
-3.748870e-03
-4.729174e-03
-4.186589e-03
1.323370e-03
1.107248e-02
2.117971e-02
2.406133e-02
2.315367e-02
1.929924e-02
2.525249e-03
-1.087751e-02
-1.388766e-02
-1.834809e-02
-1.818089e-02
-1.827674e-02
-2.329829e-02
-2.775877e-02
-2.852581e-02
-3.353095e-02
-3.708681e-02
-3.577620e-02
-3.048958e-02
-2.476846e-02
-2.248579e-02
-1.195130e-02
-4.153276e-03
2.479928e-04
3.313197e-03
1.124267e-03
8.070719e-04
5.176720e-03
8.129765e-03
-5.622812e-03
-2.000491e-02
-1.840574e-02
-1.066606e-02
5.691195e-04
1.028780e-02
1.062235e-02
1.520633e-02
2.899160e-02
4.131623e-02
5.007706e-02
5.749977e-02
5.296100e-02
3.321889e-02
2.432553e-02
2.448366e-02
1.624834e-02
3.750193e-03
-8.702895e-03
-2.123987e-02
-2.701312e-02
-3.133500e-02
-2.411461e-02
-9.884687e-03
1.668815e-03
2.287258e-02
4.317684e-02
4.402475e-02
3.267747e-02
2.115762e-02
6.682958e-03
-5.656075e-03
-1.802352e-02
-2.731789e-02
-2.748214e-02
-2.715278e-02
-3.426515e-02
-4.536795e-02
-5.165123e-02
-5.444234e-02
-5.184761e-02
-4.398117e-02
-4.182909e-02
-3.634563e-02
-2.114166e-02
-1.555803e-02
-1.523284e-02
1.793373e-04
2.125044e-02
3.534294e-02
4.080924e-02
3.914177e-02
3.639501e-02
3.118190e-02
2.533734e-02
2.360751e-02
1.997331e-02
1.606359e-02
1.417969e-02
1.070459e-02
7.963876e-04
-8.754974e-03
-1.193032e-02
-8.158490e-03
-7.798216e-04
-8.924711e-05
7.960268e-04
1.065023e-02
1.876847e-02
2.282308e-02
1.868614e-02
1.013349e-02
7.940495e-03
7.368193e-03
7.395794e-03
2.638505e-03
-4.046523e-03
-7.528839e-03
-1.482382e-02
-2.281667e-02
-2.028301e-02
-1.384068e-02
-1.028593e-02
-1.556338e-02
-2.687313e-02
-3.331655e-02
-2.982622e-02
-2.289032e-02
-2.067492e-02
-1.291164e-02
-3.725583e-03
7.081374e-03
1.853500e-02
1.898088e-02
1.097807e-02
8.709253e-04
-1.067141e-02
-1.814806e-02
-1.794926e-02
-1.171304e-02
-5.847080e-03
-5.379504e-04
8.176874e-03
1.516708e-02
2.092603e-02
2.159313e-02
1.702357e-02
1.627389e-02
1.528450e-02
1.529261e-02
2.552726e-02
3.369353e-02
4.002785e-02
4.232492e-02
3.511479e-02
1.707411e-02
-1.061384e-03
-1.524561e-02
-2.756009e-02
-3.394047e-02
-3.447505e-02
-3.130797e-02
-1.803384e-02
-7.947533e-04
3.149657e-03
2.086864e-03
1.067898e-03
3.239483e-03
8.857658e-03
1.496953e-02
1.497276e-02
6.346695e-03
-2.024404e-03
-7.399857e-03
-1.524667e-02
-2.385775e-02
-2.220550e-02
-1.147705e-02
-2.517450e-03
1.094049e-02
2.216054e-02
2.527675e-02
2.397431e-02
1.703947e-02
5.001522e-03
-4.394756e-03
-1.307896e-02
-2.595448e-02
-3.548543e-02
-3.865161e-02
-3.775923e-02
-3.006966e-02
-1.108960e-02
5.096929e-03
1.796325e-02
2.480360e-02
1.640411e-02
-6.747326e-04
-1.192226e-02
-2.125433e-02
-2.904414e-02
-2.903401e-02
-2.176965e-02
-2.086385e-02
-2.770510e-02
-2.482877e-02
-1.704738e-02
-3.022373e-03
9.194154e-03
2.091813e-02
2.975137e-02
3.132028e-02
3.715875e-02
3.774433e-02
3.716400e-02
3.581369e-02
3.374315e-02
3.163274e-02
2.912465e-02
2.475197e-02
1.855654e-02
1.868192e-02
2.298435e-02
2.246837e-02
1.651374e-02
9.459319e-03
7.540737e-03
9.251277e-03
4.823600e-03
3.141646e-04
-9.674525e-03
-2.298668e-02
-3.109876e-02
-3.621719e-02
-4.014116e-02
-3.885819e-02
-3.827784e-02
-3.901645e-02
-3.544146e-02
-2.942880e-02
-1.575573e-02
-5.881883e-03
-3.045264e-03
-2.973783e-03
2.530133e-03
6.059438e-03
3.695191e-03
-1.147725e-02
-2.187830e-02
-1.920182e-02
-1.772803e-02
-9.805713e-03
-3.802016e-03
1.457187e-03
3.709369e-04
-2.376909e-03
-3.534645e-03
-3.116409e-03
-1.269226e-03
2.001939e-03
6.537841e-03
7.010158e-03
8.694128e-03
1.396658e-02
1.957761e-02
2.110666e-02
1.939413e-02
1.782238e-02
1.732157e-02
1.669432e-02
1.266542e-02
5.855913e-03
1.896224e-03
1.789066e-03
5.077492e-03
1.214814e-02
1.844666e-02
2.488801e-02
2.737999e-02
2.492502e-02
1.300344e-02
-1.377593e-03
-1.225483e-02
-2.318017e-02
-2.989389e-02
-2.860780e-02
-2.475640e-02
-1.959023e-02
-5.261354e-03
7.336794e-03
1.366083e-02
1.684336e-02
1.890791e-02
1.886112e-02
9.760817e-03
2.529000e-03
-7.053786e-04
-1.002613e-02
-1.744875e-02
-1.809457e-02
-1.315693e-02
-6.895159e-04
1.499504e-02
2.032689e-02
2.073299e-02
1.455996e-02
2.535254e-03
-3.236984e-03
-8.905126e-03
-1.284039e-02
-8.011804e-03
1.859244e-04
9.512848e-03
1.364395e-02
8.369658e-03
1.633584e-03
-1.042898e-03
-5.992147e-04
1.598949e-03
4.514911e-04
-3.759043e-03
-4.749455e-03
-1.040533e-02
-1.533914e-02
-1.417232e-02
-9.986251e-03
-6.580431e-03
-8.202206e-03
-1.268413e-02
-9.283510e-03
-2.261851e-03
2.122137e-03
6.449031e-03
4.523360e-03
4.026684e-03
4.241417e-04
-1.210447e-02
-2.011356e-02
-2.212507e-02
-2.274023e-02
-1.579622e-02
-3.560273e-03
1.623409e-03
2.113100e-03
1.102306e-03
-2.538034e-03
-2.987928e-03
2.616994e-03
6.037070e-03
8.932919e-03
9.122683e-03
8.544379e-03
1.393302e-02
2.049882e-02
2.094978e-02
1.709024e-02
9.680053e-03
1.738305e-03
-4.271892e-04
1.584230e-03
4.936011e-03
1.343616e-03
-2.102951e-03
-6.829660e-03
-8.692327e-03
-3.523019e-03
3.104872e-03
1.060408e-02
1.312463e-02
8.108219e-03
-1.813234e-03
-1.126969e-02
-1.860041e-02
-1.871673e-02
-1.165124e-02
1.412937e-03
1.403954e-02
2.279628e-02
2.654588e-02
2.127259e-02
6.329697e-03
-9.269212e-03
-1.513117e-02
-1.327383e-02
-7.484310e-03
-5.243317e-03
-7.271066e-03
-4.885288e-03
-3.140056e-03
3.055116e-04
4.117265e-03
7.096719e-03
1.520779e-02
1.973052e-02
1.624836e-02
8.067996e-03
2.746732e-03
-5.036895e-03
-1.428926e-02
-2.237189e-02
-2.174670e-02
-1.311128e-02
-8.167345e-03
-8.210146e-03
-6.091615e-03
-3.786360e-03
-4.858360e-03
-6.751459e-03
-1.187900e-02
-1.438411e-02
-1.156796e-02
-2.649076e-03
8.985039e-03
1.656476e-02
1.829884e-02
1.484220e-02
7.383012e-03
-1.489987e-03
-5.710756e-03
-3.917610e-03
-3.291310e-03
-3.979802e-03
-3.211738e-03
-1.373688e-03
4.377074e-03
1.040535e-02
6.753845e-03
6.073493e-04
-2.544439e-03
-5.460636e-03
-3.544087e-03
1.728101e-04
7.777937e-03
1.408771e-02
1.403980e-02
1.640216e-02
1.936938e-02
2.203162e-02
2.241014e-02
1.786715e-02
7.295970e-03
-1.083367e-03
-7.870371e-03
-1.764508e-02
-1.850195e-02
-7.886834e-03
-6.824991e-04
-1.974786e-03
-2.362330e-03
-7.371492e-03
-1.648720e-02
-1.942180e-02
-1.910360e-02
-1.136081e-02
4.008049e-04
6.805491e-03
1.112832e-02
1.480855e-02
1.053694e-02
1.098922e-03
-6.884559e-03
-1.657154e-02
-2.011097e-02
-1.794563e-02
-1.328527e-02
-1.031084e-02
-7.062169e-03
-8.656130e-04
3.800888e-03
7.833015e-03
1.036469e-02
1.185399e-02
1.064027e-02
7.056021e-03
2.683324e-03
5.974330e-04
7.418474e-05
1.283931e-03
1.577699e-03
4.108357e-03
9.029883e-03
1.518868e-02
1.821922e-02
1.336819e-02
7.067743e-03
1.589322e-03
-4.139249e-04
-1.024896e-03
-1.455291e-03
-1.638867e-03
-1.820367e-03
-4.989490e-03
-6.647995e-03
-7.173296e-03
-7.332420e-03
-3.622703e-03
-2.770391e-04
1.515168e-03
9.889072e-04
-2.370891e-04
-3.886578e-03
-9.628142e-03
-1.088274e-02
-8.503069e-03
-4.693333e-03
-2.502305e-03
-3.567122e-03
-7.106491e-03
-1.153017e-02
-1.754305e-02
-2.154041e-02
-2.426901e-02
-2.251159e-02
-1.681174e-02
-1.008591e-02
-4.070601e-04
7.478570e-03
1.297444e-02
1.485130e-02
1.382940e-02
1.002283e-02
5.636880e-03
-1.152204e-03
-3.199370e-03
2.121944e-03
7.305665e-03
6.547889e-03
3.958173e-03
3.841915e-03
3.685882e-03
2.699580e-03
7.381441e-04
4.477449e-03
1.028231e-02
1.514775e-02
1.800694e-02
1.907803e-02
1.664640e-02
1.168013e-02
5.087908e-03
-8.056075e-04
-9.790239e-04
1.229331e-03
8.285376e-04
-3.884791e-03
-1.138788e-02
-1.860437e-02
-2.073317e-02
-1.928077e-02
-1.058528e-02
-2.250835e-03
2.707450e-03
9.858716e-03
1.232416e-02
1.343196e-02
1.360444e-02
1.097700e-02
1.003762e-02
8.351684e-03
3.734208e-03
-3.074234e-03
-9.765440e-03
-1.444007e-02
-1.473897e-02
-1.233076e-02
-1.204715e-02
-1.167488e-02
-6.746235e-03
3.876579e-04
7.983688e-03
9.993188e-03
7.827829e-03
4.853585e-03
-3.962907e-04
-5.767573e-03
-5.938961e-03
-4.090702e-03
-1.238725e-03
-1.103012e-03
-4.231313e-03
-4.052804e-03
-4.121116e-03
-6.560117e-05
4.662174e-03
5.879092e-03
5.149856e-03
3.691294e-03
4.422651e-03
6.362742e-03
5.566196e-03
3.225358e-03
1.299637e-03
-7.528831e-05
-3.526936e-04
-2.187649e-03
-3.720622e-04
7.333010e-03
1.423542e-02
1.733936e-02
1.954577e-02
1.711527e-02
8.587091e-03
-1.800489e-03
-1.076737e-02
-1.373967e-02
-1.203732e-02
-7.972653e-03
-2.877740e-03
3.473835e-03
7.233639e-03
5.182508e-03
3.368987e-03
4.680776e-03
3.702663e-03
5.693150e-04
-2.648757e-03
-5.730148e-03
-6.247295e-03
-4.713196e-03
-4.174638e-03
-1.791901e-03
-7.381944e-04
-2.689384e-03
-5.309803e-03
-5.808579e-03
-3.996982e-03
-2.042643e-03
-8.787675e-04
-1.820199e-03
-2.325061e-03
-2.479058e-03
-3.934572e-03
-2.495586e-06
9.278534e-03
1.540164e-02
1.698174e-02
1.196446e-02
5.435468e-03
-1.200587e-03
-6.212905e-03
-7.344076e-03
-5.282630e-03
-3.744437e-03
-4.522673e-03
-5.607930e-03
-5.725212e-03
-5.720092e-03
-6.316790e-03
-4.345125e-03
-1.569666e-03
7.223155e-04
3.949437e-04
-1.038115e-03
-2.382453e-03
-3.647213e-03
-5.892237e-03
-7.760876e-03
-8.267778e-03
-1.074841e-02
-9.861025e-03
-5.036440e-03
-1.897842e-03
-3.991872e-03
-5.223010e-03
-2.946374e-03
-2.279240e-03
-3.931630e-03
-5.071991e-03
-3.857180e-03
-3.731694e-03
-2.038512e-03
-3.993294e-04
3.340701e-04
-7.940082e-04
-3.308324e-03
-2.862588e-03
-1.320390e-03
6.043648e-04
4.779181e-03
1.069526e-02
1.460596e-02
1.562500e-02
1.251607e-02
1.112379e-02
1.316278e-02
1.167669e-02
7.164214e-03
8.648331e-03
1.167266e-02
1.095148e-02
8.413763e-03
6.148331e-03
2.124461e-03
-2.717527e-03
-6.366099e-03
-5.643008e-03
3.963772e-04
6.042065e-03
1.274553e-02
1.373602e-02
1.065465e-02
8.287243e-03
3.945189e-03
-5.509242e-03
-1.294817e-02
-1.307574e-02
-7.791186e-03
-1.700775e-03
-1.015331e-03
5.156572e-05
6.715727e-06
-2.939058e-03
-5.876663e-03
-1.169785e-02
-1.078097e-02
-5.585154e-03
-2.103928e-03
1.183552e-03
-9.380182e-04
-4.146988e-03
-8.274973e-03
-8.796224e-03
-7.241789e-03
-6.285058e-03
-9.638870e-03
-1.166059e-02
-8.321216e-03
-4.385074e-03
-1.929976e-03
-1.436310e-03
-2.052436e-03
-2.019833e-03
-1.123305e-03
3.556447e-04
2.350731e-03
5.367752e-05
-2.838100e-03
-2.619910e-03
2.771702e-03
8.264405e-03
7.656483e-03
3.802884e-03
1.513933e-03
1.113740e-04
-1.151465e-03
-1.055663e-03
4.365166e-04
2.522352e-03
4.115512e-03
6.323756e-03
7.564011e-03
8.143375e-03
7.217177e-03
3.992822e-03
4.112081e-03
2.188271e-03
1.010093e-03
2.077930e-03
6.643995e-05
-3.855573e-03
-5.966065e-03
-5.361331e-03
-1.802698e-03
2.513849e-03
3.532765e-03
1.502890e-03
-6.106323e-04
-2.280492e-03
-2.934430e-03
-3.314992e-03
-5.081750e-03
-4.523963e-03
-1.914960e-03
1.620243e-03
4.320065e-03
5.078853e-03
6.910642e-03
9.188188e-03
7.712162e-03
6.316666e-03
7.755770e-03
5.212796e-03
3.041077e-03
2.683931e-03
2.492696e-03
6.598731e-03
7.309680e-03
5.863139e-03
6.433472e-03
6.958484e-03
4.190876e-03
2.669002e-04
-3.173655e-03
-5.748598e-03
-5.933521e-03
-5.770054e-03
-5.968547e-03
-8.764710e-03
-1.198645e-02
-1.464039e-02
-1.474411e-02
-1.187896e-02
-7.160120e-03
-3.890458e-03
-3.696717e-03
-4.564292e-03
-6.550680e-03
-6.854414e-03
-5.847470e-03
-5.233213e-03
-5.429555e-03
-6.674421e-03
-4.111732e-03
6.708767e-04
3.660356e-03
4.252044e-03
4.444448e-03
5.394626e-03
6.270997e-03
8.277029e-03
9.878207e-03
9.697783e-03
8.583226e-03
8.425587e-03
6.694593e-03
4.432963e-03
2.444820e-03
1.212534e-03
4.286458e-04
6.188143e-04
1.931002e-03
1.428808e-03
6.766436e-04
1.628602e-04
3.119921e-04
-1.354510e-04
-1.596823e-03
-2.934421e-03
-3.708821e-03
-3.461306e-03
-3.052109e-03
-3.844954e-03
-3.851712e-03
-3.232233e-03
-2.308412e-03
-2.618046e-04
2.664055e-04
-8.275016e-04
-1.459488e-03
-1.612897e-03
-1.082362e-03
-1.170442e-04
2.995719e-06
9.473466e-05
2.107588e-04
1.441188e-04
2.674453e-04
5.850067e-04
9.232021e-04
1.132799e-03
9.367675e-04
8.709381e-04
1.578950e-03
1.764231e-03
1.104901e-03
6.084720e-04
5.516111e-04
4.550208e-04
6.630274e-04
1.051500e-03
1.410805e-03
1.132985e-03
6.403579e-04
1.999148e-04
1.319329e-04
-6.710266e-07
-3.534162e-04
-2.747418e-04
-1.282875e-04
1.281719e-04
3.121566e-05
-9.445683e-05
-3.478865e-04
-4.845036e-04
-3.189392e-04
-2.773828e-04
-4.544595e-04
-3.728190e-04
-1.018997e-04
1.697418e-04
3.075384e-04
2.757865e-04
1.634240e-04
-1.369999e-04
-3.461406e-04
-4.420080e-04
-4.171280e-04
-3.476709e-04
-2.766803e-04
-2.003253e-04
-9.521990e-05
-3.850811e-05
1.141188e-06
-3.351702e-06
-1.181586e-05
-2.017413e-05
-4.319849e-05
-3.603243e-05
-5.780069e-05
-3.907429e-05
4.988551e-06
2.995339e-05
4.167949e-05
4.661879e-05
3.653109e-05
2.221934e-05
1.607146e-05
8.245360e-06
1.653345e-06
-2.554839e-06
-5.778669e-07
1.401873e-06
-2.976307e-06
-8.045832e-06
-1.204391e-05
-1.642501e-05
-1.926731e-05
-1.890326e-05
-1.869451e-05
-1.864135e-05
-1.830561e-05
-1.762228e-05
-1.699887e-05
-1.696999e-05
-1.713815e-05
-1.747175e-05
-1.785159e-05
-1.819230e-05
-1.863113e-05
-1.918838e-05
-1.987311e-05
-2.067386e-05
-2.156759e-05
-2.251984e-05
