-2.592237e-04
-2.272793e-04
-2.571811e-04
-2.244658e-04
-2.537395e-04
-2.205567e-04
-2.481203e-04
-2.143635e-04
-2.455374e-04
-2.067023e-04
-2.000783e-04
-1.855112e-04
-2.330316e-04
-1.863738e-04
-2.174948e-04
-1.774531e-04
-2.079394e-04
-1.633683e-04
-1.937853e-04
-1.635379e-04
-1.786386e-04
-2.175247e-05
-1.211917e-04
-1.491800e-04
-1.428240e-04
-1.180543e-04
-1.294256e-04
-1.013031e-04
-1.367112e-04
-8.113370e-05
1.028459e-04
1.006206e-05
-1.320136e-04
-3.064282e-05
-8.046180e-05
-5.773277e-05
-5.964708e-05
2.683720e-04
3.103831e-05
-7.707955e-05
2.986808e-04
4.322352e-04
5.025761e-05
-2.784877e-05
2.342629e-05
2.686445e-05
-2.393140e-05
4.137543e-05
3.873023e-04
1.874192e-04
-4.703597e-05
9.439076e-05
2.438433e-05
4.225171e-05
3.389331e-05
4.845557e-04
1.901432e-04
7.348615e-06
7.356768e-05
7.327366e-05
5.722416e-05
7.022288e-05
5.842151e-05
7.406856e-05
5.260772e-05
7.969100e-05
6.410240e-05
4.650482e-05
3.640165e-05
4.788131e-04
6.177482e-04
5.180447e-04
5.996376e-04
9.592460e-04
7.186470e-04
8.720968e-04
1.501119e-03
1.619540e-03
2.453750e-03
1.814417e-03
1.436920e-03
2.488643e-03
2.698414e-03
1.777232e-03
2.279438e-03
2.019557e-03
1.948800e-03
1.010079e-03
-7.778530e-05
5.699418e-04
1.040157e-03
3.470873e-04
-8.890230e-05
1.505837e-04
2.246894e-05
1.114074e-04
9.363204e-05
-5.955604e-05
-6.576001e-05
2.070237e-03
3.849197e-03
4.131115e-03
8.162862e-03
8.829635e-03
7.456012e-03
5.711376e-03
6.048771e-03
9.996246e-03
1.011606e-02
9.632293e-03
9.906714e-03
1.019274e-02
8.955346e-03
7.245408e-03
1.311936e-02
1.124497e-02
1.065972e-03
-4.710651e-03
-6.797433e-03
-3.821558e-03
-4.357565e-03
-7.650573e-03
-7.563584e-03
-5.239526e-03
-1.297945e-02
-2.213098e-02
-1.969686e-02
-1.644491e-02
-1.933155e-02
-8.699781e-03
-1.160900e-02
-1.997130e-02
-2.763830e-02
-1.630345e-02
1.736218e-03
1.278964e-02
1.012709e-02
7.960018e-03
1.237944e-02
8.383206e-03
-5.505079e-03
-1.480849e-02
-9.403672e-03
-5.086563e-03
3.456212e-03
1.513841e-02
1.389036e-02
2.728551e-03
5.883257e-03
1.017201e-02
2.392582e-02
2.482612e-02
1.453259e-02
2.753459e-02
2.936409e-02
1.524104e-02
-3.124902e-03
-7.558441e-03
-9.276834e-03
-1.248395e-02
-1.319001e-02
3.887399e-03
1.995931e-02
3.494573e-03
-9.140850e-03
-4.673635e-03
8.250793e-03
1.912127e-03
-6.727300e-03
1.066471e-03
-6.534526e-03
-3.052997e-02
-2.932755e-02
-8.252374e-03
-2.428677e-03
-1.577304e-02
-3.034218e-03
2.189286e-04
-5.298481e-03
-1.351480e-03
1.324319e-02
2.465887e-02
2.587515e-02
2.417616e-02
2.445779e-02
9.923272e-03
7.060639e-03
1.279909e-02
2.032720e-02
2.617273e-02
2.263150e-02
2.200383e-02
1.532018e-02
3.225528e-03
-7.926324e-03
-4.521201e-03
4.865321e-03
-7.252622e-03
-2.273653e-02
-1.170535e-02
-2.899787e-03
7.069706e-03
1.464810e-02
5.849787e-03
-5.457118e-03
1.057820e-03
-3.968403e-03
-1.040377e-02
-1.059127e-03
-3.725561e-03
-1.585571e-02
-1.244866e-02
1.575100e-03
6.136406e-03
-9.333152e-03
-2.091841e-02
-1.284325e-02
8.682522e-04
1.624958e-03
3.414343e-03
8.284220e-03
-1.283604e-02
-3.694102e-02
-2.329513e-02
-9.890662e-04
2.259430e-03
-3.899501e-03
-6.692314e-03
-7.001286e-03
-9.173206e-03
-1.156871e-02
-1.712542e-02
-1.556535e-02
-9.367010e-03
-1.241002e-03
6.844555e-03
-3.526791e-03
-1.305006e-02
-9.533981e-03
-4.238910e-03
3.505495e-03
1.683739e-02
2.636663e-02
2.564080e-02
2.269551e-02
2.239670e-02
4.390914e-03
-2.613355e-03
1.033722e-02
9.522020e-03
-9.115673e-03
-2.791475e-02
-2.679883e-02
-3.144552e-02
-3.399625e-02
-1.292648e-02
3.284709e-03
-1.163791e-03
-8.164007e-04
5.505941e-03
9.133190e-03
2.780317e-04
-7.497042e-03
-1.001375e-03
1.046898e-03
-5.139527e-03
-6.868833e-03
-9.477450e-03
-8.390164e-03
7.478412e-03
2.436010e-02
1.806629e-02
6.938281e-03
8.930072e-03
6.310176e-04
-5.959968e-03
-1.057850e-02
-2.468618e-02
-2.476488e-02
-1.108149e-02
5.946002e-03
1.180908e-02
2.997597e-03
-1.345092e-02
-2.221930e-02
-2.476552e-02
-1.721088e-02
-6.581867e-03
9.187150e-04
-1.824254e-03
3.554936e-03
9.792036e-03
-4.281676e-03
-5.897962e-03
5.923508e-03
3.508585e-03
-1.468918e-02
-1.302892e-02
1.250588e-03
1.277592e-02
8.391969e-03
1.121632e-02
1.398235e-02
1.293170e-03
3.731978e-03
2.108536e-02
3.042231e-02
2.498590e-02
2.473388e-02
2.107694e-02
1.093280e-02
5.443450e-03
3.729869e-04
-1.270442e-02
-3.052535e-02
-3.340356e-02
-1.836011e-02
-1.775415e-02
-3.063449e-02
-2.803212e-02
-1.790584e-02
-1.203886e-02
-3.993621e-03
2.166643e-02
3.142022e-02
1.496357e-02
-2.420327e-03
-1.556355e-02
-1.421716e-02
1.650936e-04
2.983759e-03
1.412184e-02
3.082369e-02
3.607059e-02
2.540283e-02
2.296130e-02
2.037562e-02
7.565622e-03
1.800352e-03
1.087408e-03
1.769262e-04
2.925205e-03
1.932246e-04
-6.379474e-03
1.829418e-03
3.531397e-03
-5.664320e-03
-4.850333e-03
-8.483754e-04
4.606051e-03
5.320400e-04
-1.069982e-02
-1.118897e-02
-1.348779e-02
-2.700887e-02
-2.120713e-02
-1.112889e-02
8.268129e-04
-1.707898e-03
-2.687657e-03
-1.266336e-02
-1.679282e-02
-1.471807e-02
-1.701363e-02
-2.098464e-02
-2.199119e-02
-2.458417e-02
-1.115710e-02
5.025044e-03
6.209464e-03
7.645036e-04
1.293373e-02
4.336292e-02
5.196402e-02
3.443123e-02
1.711836e-02
4.005071e-03
-1.001229e-02
-1.136966e-02
7.482422e-03
2.047089e-02
2.346059e-02
1.612256e-02
1.461952e-02
1.689561e-02
2.066923e-02
2.777281e-02
2.820810e-02
6.862133e-03
-5.987092e-03
-9.295762e-03
-1.320379e-02
-3.422921e-02
-3.774393e-02
-2.242313e-02
2.725123e-03
1.132203e-02
3.959204e-03
-7.267723e-03
-3.183312e-02
-4.911184e-02
-3.482481e-02
2.450861e-03
2.593000e-02
2.863469e-02
1.439989e-02
-1.657979e-02
-2.952399e-02
-3.486894e-02
-3.782774e-02
-3.516965e-02
-1.571290e-02
1.796702e-03
1.385410e-02
1.720582e-02
3.217286e-02
4.708084e-02
4.114015e-02
3.361850e-02
2.288116e-02
4.926913e-03
2.456875e-03
2.674081e-03
1.069891e-02
3.064057e-03
-7.431829e-03
5.616649e-03
2.230750e-02
5.906329e-03
-2.823022e-03
1.248615e-02
1.690140e-02
2.382741e-03
1.338577e-02
1.950959e-02
2.705351e-03
-8.102635e-03
2.333060e-03
9.624461e-03
6.674577e-04
-1.276065e-02
-3.416558e-03
4.877056e-03
4.546244e-03
-1.814928e-03
-2.187762e-02
-4.091566e-02
-3.560137e-02
-2.336252e-02
-1.496149e-02
3.028277e-03
3.200276e-02
4.502096e-02
4.692510e-02
4.333853e-02
3.670414e-02
2.821872e-02
-2.820433e-03
-1.830479e-02
-1.428764e-02
-2.222948e-02
-3.427216e-02
-1.933566e-02
5.434010e-03
3.045736e-02
2.607800e-02
4.142614e-03
-1.741256e-02
-1.877860e-02
9.947564e-03
3.170662e-02
2.454138e-02
7.118111e-04
-3.109040e-02
-5.938633e-02
-8.142417e-02
-8.026982e-02
-6.887336e-02
-4.133936e-02
-2.146191e-02
-1.281930e-02
-1.132189e-02
-1.718854e-02
-1.864350e-02
-2.005483e-02
-4.130973e-02
-7.125883e-02
-8.880675e-02
-7.844864e-02
-3.310543e-02
1.390534e-02
3.462151e-02
3.464327e-02
1.041476e-02
-1.622569e-02
-1.511836e-02
-3.185443e-03
1.254170e-02
2.528900e-02
3.539673e-02
2.906630e-02
1.963745e-02
3.072883e-02
2.889026e-02
1.912131e-02
1.533685e-02
1.246571e-02
9.146404e-03
2.662033e-03
-4.583620e-03
5.251542e-03
1.789628e-02
1.971031e-02
1.481733e-02
1.076042e-02
1.832747e-02
1.901364e-02
3.225131e-03
-4.922522e-03
-1.459723e-04
9.866110e-03
2.363310e-02
2.627314e-02
6.287655e-03
-2.515282e-02
-4.028199e-02
-3.861573e-02
-2.021763e-02
1.293623e-02
5.290028e-02
6.623265e-02
5.119668e-02
3.166971e-02
1.078271e-02
-3.332534e-03
-8.010309e-03
-2.048015e-03
-9.849151e-04
-1.532140e-02
-1.882210e-02
-4.489866e-02
-8.669103e-02
-1.133474e-01
-1.185176e-01
-9.184182e-02
-4.901674e-02
-5.627465e-03
8.209567e-03
-1.179792e-02
-5.264621e-02
-7.584958e-02
-6.738091e-02
-4.877906e-02
-2.712681e-02
7.517634e-03
4.745181e-02
6.474431e-02
5.549958e-02
3.871845e-02
3.260627e-02
1.688178e-02
-6.201945e-03
-2.690589e-02
-3.154198e-02
-1.877520e-02
7.480174e-03
3.013922e-02
1.971029e-02
-1.138240e-02
-3.743834e-02
-4.356330e-02
-2.590880e-02
2.218492e-02
5.698524e-02
4.811933e-02
2.025542e-02
7.556347e-03
8.618677e-03
1.917455e-02
3.394932e-02
5.712659e-02
7.673641e-02
9.383269e-02
9.784244e-02
8.927258e-02
8.242373e-02
8.992342e-02
8.761200e-02
6.434599e-02
4.185877e-02
2.856941e-02
1.010762e-02
-8.676162e-04
1.774552e-02
2.877283e-02
1.504326e-02
2.368767e-03
-2.273141e-03
-4.241480e-03
-1.945695e-02
-3.909196e-02
-4.571448e-02
-3.657584e-02
-3.777002e-02
-6.904478e-02
-1.004869e-01
-1.058305e-01
-1.011948e-01
-9.039476e-02
-6.769632e-02
-4.810290e-02
-4.045286e-02
-5.295663e-02
-6.148621e-02
-6.538185e-02
-4.729766e-02
-3.043453e-03
3.554935e-02
4.181521e-02
6.956664e-02
9.347241e-02
7.301445e-02
5.023682e-02
4.175662e-02
4.964969e-02
7.007647e-02
8.548848e-02
8.324517e-02
6.619489e-02
4.116441e-02
2.551889e-02
-2.781728e-03
-3.899197e-02
-6.210667e-02
-7.189976e-02
-6.369553e-02
-2.714890e-02
1.836291e-02
3.422604e-02
2.235958e-02
4.269626e-03
-7.291233e-03
-1.519596e-03
8.337843e-03
4.138380e-02
9.732537e-02
1.312765e-01
1.364641e-01
1.191734e-01
1.037734e-01
8.423674e-02
7.959289e-02
8.932453e-02
8.180294e-02
7.532880e-02
7.257282e-02
4.642744e-02
-5.119691e-03
-4.343639e-02
-6.224686e-02
-8.451046e-02
-1.197331e-01
-1.364482e-01
-1.370847e-01
-1.383218e-01
-1.428518e-01
-1.512107e-01
-1.645473e-01
-1.682932e-01
-1.582099e-01
-1.312521e-01
-1.030711e-01
-8.145480e-02
-6.647406e-02
-6.667694e-02
-6.412450e-02
-5.575329e-02
-4.255871e-02
-1.534008e-02
2.482179e-02
6.548630e-02
1.058531e-01
1.355548e-01
1.403117e-01
1.386756e-01
1.350607e-01
1.209365e-01
9.102743e-02
6.676070e-02
5.904700e-02
6.794885e-02
7.962884e-02
7.093827e-02
2.906778e-02
-1.114314e-02
-4.085136e-02
-6.108583e-02
-5.838655e-02
-4.607172e-02
-4.156191e-02
-5.915610e-02
-7.274547e-02
-4.516181e-02
-2.179887e-03
4.605511e-02
6.891549e-02
4.724147e-02
4.291079e-04
-2.249870e-02
-2.865651e-02
-4.297546e-02
-5.205202e-02
-2.030149e-02
2.792713e-02
6.438158e-02
7.664036e-02
6.243510e-02
4.660324e-02
3.045664e-02
7.810184e-03
-4.318220e-03
-1.760986e-02
-3.899008e-02
-5.708404e-02
-6.915392e-02
-7.096526e-02
-7.167866e-02
-6.554129e-02
-4.374094e-02
-2.990587e-02
-4.158252e-02
-5.610409e-02
-5.582377e-02
-3.756974e-02
-3.086501e-03
4.060192e-02
7.316149e-02
8.977689e-02
8.956399e-02
7.091138e-02
3.057184e-02
-8.187688e-04
-6.057042e-03
4.903477e-03
1.968637e-02
3.487201e-02
4.810955e-02
4.893227e-02
4.823113e-02
4.512967e-02
2.925541e-02
1.114388e-02
1.323564e-02
2.843386e-02
4.571972e-02
5.934035e-02
4.595524e-02
1.112099e-02
-3.627240e-02
-7.210200e-02
-8.944167e-02
-7.172327e-02
-3.641012e-02
-9.719503e-03
1.184385e-02
2.861594e-02
3.674606e-02
3.073219e-02
1.365307e-02
-1.134354e-02
-3.850291e-02
-5.513460e-02
-5.104059e-02
-1.386180e-02
1.162281e-02
3.371420e-03
-2.490954e-02
-6.631323e-02
-1.018940e-01
-1.066256e-01
-7.549126e-02
-1.326947e-02
2.879020e-02
4.683487e-02
4.892592e-02
2.942222e-02
3.021227e-04
-2.816784e-02
-4.681314e-02
-4.886467e-02
-4.979124e-02
-2.529204e-02
1.957471e-02
4.757844e-02
6.238439e-02
7.123590e-02
7.958332e-02
8.301350e-02
8.574126e-02
8.535406e-02
6.967465e-02
3.488204e-02
4.562781e-03
-1.009149e-02
-6.905729e-03
-8.889488e-04
1.412198e-02
2.609401e-02
2.423625e-02
1.417903e-02
-2.206537e-02
-6.518319e-02
-8.774175e-02
-8.733921e-02
-7.196777e-02
-3.521327e-02
-5.855827e-04
5.263962e-03
-6.988005e-03
-2.802659e-02
-4.160330e-02
-4.650225e-02
-2.523451e-02
1.406232e-02
5.203745e-02
5.437704e-02
2.255542e-02
-1.960690e-02
-4.214030e-02
-3.796844e-02
-1.972731e-02
5.556406e-05
1.408380e-02
1.709496e-02
2.502819e-02
3.138445e-02
3.577200e-02
3.196792e-02
5.944399e-03
-1.801275e-02
-2.038746e-02
-8.132535e-03
8.185399e-03
2.804131e-02
2.851525e-02
2.591079e-02
2.661132e-02
1.468953e-02
9.659558e-03
2.597846e-02
4.343045e-02
5.684544e-02
7.384870e-02
6.852885e-02
3.568174e-02
-4.616083e-03
-2.322656e-02
-3.603430e-02
-4.564196e-02
-5.087136e-02
-5.357070e-02
-5.570178e-02
-4.657372e-02
-3.450702e-02
-3.627888e-02
-4.356536e-02
-4.654201e-02
-3.485021e-02
-1.656084e-02
-2.633358e-04
1.616593e-03
1.701096e-02
4.531929e-02
6.965235e-02
8.131208e-02
7.720209e-02
6.000187e-02
3.152736e-02
1.241792e-02
1.342013e-02
1.794728e-02
-1.057755e-03
-3.556885e-02
-5.295273e-02
-3.892380e-02
-1.606094e-03
3.874326e-02
5.887673e-02
6.637319e-02
4.454076e-02
-5.388086e-03
-3.633136e-02
-3.945578e-02
-2.864497e-02
-8.919270e-03
1.514005e-02
3.173855e-02
2.707045e-02
1.699324e-02
1.667147e-02
2.335414e-02
2.762726e-02
3.618398e-02
4.891521e-02
5.452778e-02
4.801629e-02
3.532722e-02
2.137435e-02
1.226769e-03
-2.557991e-02
-6.447044e-02
-9.128188e-02
-1.085612e-01
-1.063179e-01
-8.133226e-02
-5.745312e-02
-3.576560e-02
-2.174122e-02
-8.903700e-03
-2.840311e-04
8.925038e-04
2.343239e-03
1.315472e-02
2.513297e-02
4.613646e-02
7.142720e-02
8.615625e-02
8.516295e-02
8.871084e-02
9.331919e-02
8.168531e-02
5.368224e-02
2.024221e-02
-1.663912e-02
-4.873956e-02
-6.169651e-02
-5.760705e-02
-3.377464e-02
-2.729310e-02
-4.702449e-02
-8.854477e-02
-1.266959e-01
-1.444217e-01
-1.314372e-01
-8.806512e-02
-3.361351e-02
-1.657966e-02
-3.314091e-02
-5.109731e-02
-5.899816e-02
-4.696586e-02
-2.812716e-02
6.729025e-03
3.973641e-02
7.584292e-02
1.061926e-01
1.219920e-01
1.281949e-01
1.296217e-01
1.306223e-01
1.206151e-01
1.145942e-01
9.704676e-02
6.781167e-02
3.385377e-02
1.702989e-03
5.509031e-04
2.462694e-02
5.430594e-02
7.325489e-02
7.013255e-02
4.521052e-02
6.575705e-03
-2.624726e-02
-4.396916e-02
-4.191534e-02
-3.191320e-02
-3.430421e-02
-4.586467e-02
-6.317886e-02
-9.227780e-02
-1.171626e-01
-1.292873e-01
-1.273114e-01
-1.281119e-01
-1.003935e-01
-4.908882e-02
-1.279082e-02
-9.124058e-04
3.085862e-04
-1.657304e-02
-3.470153e-02
-3.237211e-02
-1.395916e-02
2.283360e-02
5.033694e-02
4.655857e-02
4.102569e-02
4.122430e-02
2.299862e-02
-1.903563e-03
-1.970399e-02
-2.347405e-02
-2.543145e-02
-2.429551e-02
-9.251088e-03
1.813944e-02
3.269022e-02
2.774612e-02
1.350063e-02
4.134487e-03
-4.324021e-03
-1.862850e-02
-4.715472e-02
-8.118492e-02
-9.932160e-02
-8.747258e-02
-4.858677e-02
5.482572e-03
4.744517e-02
6.924641e-02
6.626553e-02
4.761996e-02
3.016054e-02
2.012996e-02
6.436403e-03
-2.138500e-02
-5.550190e-02
-6.822851e-02
-7.123612e-02
-6.371489e-02
-4.266794e-02
-3.149378e-02
-4.373515e-02
-7.566219e-02
-8.765337e-02
-8.104875e-02
-6.450678e-02
-3.764126e-02
-2.950424e-03
1.461322e-02
2.903874e-02
5.481532e-02
7.925405e-02
7.077560e-02
3.290480e-02
-8.219675e-03
-2.672569e-02
-2.252480e-02
-3.772105e-03
3.415095e-02
5.385622e-02
3.857401e-02
7.254064e-03
-1.016633e-02
-1.456067e-03
9.403142e-03
6.428981e-03
2.169179e-03
-1.429574e-02
-3.883324e-02
-6.630695e-02
-7.556708e-02
-5.837682e-02
-4.262500e-02
-4.003540e-02
-3.514641e-02
-3.900758e-02
-6.261384e-02
-8.387486e-02
-7.815226e-02
-4.540560e-02
-1.154308e-02
6.043351e-03
2.179762e-02
2.482947e-02
4.013278e-03
-1.814456e-02
-3.729956e-02
-3.496393e-02
-1.960408e-02
-1.739597e-02
-2.198850e-02
-1.111252e-02
-9.086006e-03
-1.065389e-02
-2.866662e-03
9.789506e-03
1.054709e-02
7.700115e-03
2.257748e-02
4.638907e-02
5.984962e-02
5.950453e-02
6.550016e-02
6.622915e-02
5.234360e-02
3.453386e-02
2.833300e-02
2.610323e-02
2.998557e-02
4.435424e-02
5.779172e-02
6.296705e-02
7.335368e-02
7.462865e-02
7.859549e-02
8.570369e-02
9.112806e-02
9.288145e-02
9.299640e-02
8.591650e-02
5.984839e-02
2.086038e-02
-2.192788e-02
-6.326088e-02
-9.359269e-02
-1.133823e-01
-1.143600e-01
-9.639384e-02
-7.458644e-02
-5.918822e-02
-5.992848e-02
-6.583743e-02
-7.051564e-02
-7.705443e-02
-7.068155e-02
-4.679106e-02
-1.208058e-02
6.660634e-03
-2.608624e-03
-2.218271e-02
-3.765262e-02
-4.244731e-02
-1.769111e-02
2.853145e-02
7.056126e-02
7.704959e-02
5.069810e-02
1.818192e-02
-8.569076e-03
5.312221e-03
4.209011e-02
7.295456e-02
9.227207e-02
9.418560e-02
6.689389e-02
2.397917e-02
-9.930526e-03
-4.395736e-02
-8.757129e-02
-1.205987e-01
-1.213353e-01
-8.199827e-02
-7.099224e-03
6.842880e-02
1.121719e-01
1.310899e-01
1.360791e-01
1.249835e-01
9.945575e-02
5.873742e-02
1.177880e-02
-3.749280e-02
-6.513717e-02
-6.350285e-02
-2.104208e-02
2.738908e-02
4.358754e-02
3.903422e-02
2.820108e-02
-5.948910e-03
-4.282401e-02
-2.831637e-02
1.329141e-02
1.718555e-02
-2.254576e-02
-6.056447e-02
-7.935960e-02
-6.622870e-02
-2.982700e-02
1.175012e-02
3.837104e-02
4.652233e-02
4.349955e-02
2.422517e-02
6.570778e-03
1.263265e-02
2.858410e-02
2.982896e-02
8.458277e-03
-3.397131e-03
-1.806145e-02
-2.701475e-02
-2.350321e-02
-2.123773e-02
-2.828142e-02
-3.012718e-02
-2.782192e-02
-4.052478e-02
-7.602931e-02
-1.230444e-01
-1.584540e-01
-1.650100e-01
-1.417938e-01
-9.711676e-02
-4.301362e-02
-6.299412e-03
1.583316e-02
3.935893e-02
5.872988e-02
6.776975e-02
7.273905e-02
6.809345e-02
4.937765e-02
2.690358e-02
2.316336e-02
2.899001e-02
4.270924e-02
7.079029e-02
7.919611e-02
6.347298e-02
5.249939e-02
5.226648e-02
5.575131e-02
6.730495e-02
9.451685e-02
1.317862e-01
1.410258e-01
1.172212e-01
8.024260e-02
5.261715e-02
3.367174e-02
1.935700e-02
1.632567e-02
2.890871e-02
4.527767e-02
3.041189e-02
-7.904714e-03
-3.042010e-02
-3.647986e-02
-4.329306e-02
-3.999272e-02
-1.085148e-02
3.208127e-03
-2.557438e-02
-6.147698e-02
-7.088456e-02
-4.748363e-02
-2.289173e-02
-1.260037e-03
1.703696e-02
2.368510e-02
1.064894e-02
6.041110e-03
-6.668792e-04
-7.683767e-03
-1.401092e-02
-2.724789e-02
-5.134269e-02
-7.094131e-02
-6.215217e-02
-3.747068e-02
-1.356296e-02
5.630150e-03
1.543183e-02
2.414566e-02
4.155870e-02
4.346734e-02
3.021831e-02
2.893698e-02
4.508621e-02
5.213528e-02
5.564006e-02
5.218784e-02
3.253623e-02
-7.637129e-03
-4.167961e-02
-4.736564e-02
-1.647854e-02
2.112665e-02
3.764093e-02
2.628361e-02
-4.600336e-03
-6.022598e-02
-1.197887e-01
-1.554884e-01
-1.581012e-01
-1.166001e-01
-6.280840e-02
-2.618429e-02
-5.794683e-03
-7.748832e-03
-2.066058e-02
-2.376360e-02
-1.335342e-02
1.046583e-02
3.795348e-02
6.273191e-02
7.584113e-02
7.347230e-02
7.641645e-02
7.587413e-02
7.671449e-02
8.280097e-02
8.727651e-02
8.892247e-02
8.201401e-02
6.207694e-02
5.194100e-02
4.555947e-02
3.516093e-02
1.327567e-02
-1.096195e-02
-3.597641e-02
-4.027597e-02
-2.715429e-02
-7.348725e-03
1.633773e-02
2.191013e-02
-9.564200e-04
-4.197253e-02
-8.782179e-02
-1.293148e-01
-1.478848e-01
-1.476585e-01
-1.496592e-01
-1.595470e-01
-1.593758e-01
-1.426920e-01
-1.223393e-01
-8.053044e-02
-2.699495e-02
3.008363e-02
7.731521e-02
9.146554e-02
8.258489e-02
6.701898e-02
4.187865e-02
2.417163e-02
3.737767e-02
5.640223e-02
8.551278e-02
1.162798e-01
1.281437e-01
1.187490e-01
1.107907e-01
1.091423e-01
1.074787e-01
1.020459e-01
9.568852e-02
6.684545e-02
2.244045e-02
-1.838437e-02
-5.493163e-02
-7.448279e-02
-7.270268e-02
-6.679331e-02
-5.596687e-02
-4.146822e-02
-3.295117e-02
-2.454947e-02
-1.024860e-02
3.121417e-03
1.005963e-02
2.065229e-02
3.738354e-02
4.179331e-02
4.116047e-02
2.052611e-02
-6.867853e-03
-2.949227e-02
-2.308506e-02
-3.549011e-03
9.233445e-03
1.297227e-02
-6.206696e-03
-4.646195e-02
-8.157431e-02
-9.528524e-02
-8.074987e-02
-3.614294e-02
1.781942e-03
1.052147e-02
4.212507e-03
-2.325198e-02
-5.268512e-02
-5.816121e-02
-3.947095e-02
-1.126857e-02
-5.536300e-03
-1.251095e-02
-8.376813e-03
1.973119e-03
1.954269e-02
5.320163e-02
8.458205e-02
1.076838e-01
1.087631e-01
9.639214e-02
7.674642e-02
5.466602e-02
3.358813e-02
1.884458e-02
9.718773e-03
3.813509e-03
-3.310734e-03
-1.037334e-02
-1.755364e-02
-1.470281e-02
-9.545947e-03
-1.650686e-02
-2.789229e-02
-3.531481e-02
-3.549533e-02
-4.791536e-02
-6.129795e-02
-4.555112e-02
-4.086975e-03
3.632491e-02
5.972703e-02
5.301847e-02
2.411349e-02
-2.226479e-02
-6.213468e-02
-8.105276e-02
-7.534203e-02
-5.666469e-02
-3.270219e-02
2.416409e-03
2.723149e-02
2.865847e-02
2.011885e-02
8.682564e-03
6.252928e-03
8.245714e-03
8.083671e-03
2.505456e-03
-2.779679e-02
-6.634373e-02
-8.486165e-02
-8.367113e-02
-6.067774e-02
-3.636079e-02
-7.339904e-03
1.351802e-02
1.522604e-02
9.518157e-03
1.095689e-02
1.298927e-02
1.666136e-02
2.165191e-02
1.435159e-02
-3.109323e-04
-1.614252e-02
-3.357412e-02
-5.186406e-02
-6.902126e-02
-7.316820e-02
-8.151376e-02
-8.958295e-02
-8.317402e-02
-6.177134e-02
-2.591037e-02
3.556526e-03
2.118316e-02
2.373304e-02
2.662793e-02
3.015184e-02
2.364972e-02
2.149933e-02
2.587061e-02
2.136395e-02
4.256539e-03
-1.035749e-02
-2.387859e-02
-2.389958e-02
-2.513992e-02
-1.085705e-02
1.014287e-02
3.658977e-02
6.145285e-02
7.321943e-02
6.946134e-02
6.706688e-02
6.315700e-02
6.258559e-02
6.997877e-02
8.103651e-02
9.388037e-02
8.976627e-02
6.152562e-02
3.576072e-02
2.062666e-02
6.249691e-03
-6.003412e-03
-6.767672e-03
-2.915255e-03
-5.307408e-03
-1.510533e-02
-2.570182e-02
-3.682406e-02
-4.204651e-02
-4.606560e-02
-4.761967e-02
-5.414799e-02
-7.180103e-02
-7.943610e-02
-7.207482e-02
-5.934527e-02
-2.511476e-02
1.461488e-02
3.279981e-02
1.457136e-02
-1.138908e-02
-2.785066e-02
-2.558108e-02
-1.317483e-02
-1.515185e-03
3.782653e-03
-3.161985e-03
-3.055462e-02
-6.500750e-02
-9.035297e-02
-1.062382e-01
-9.792727e-02
-6.884093e-02
-2.979996e-02
7.433570e-04
1.931605e-02
3.913236e-02
4.558319e-02
4.232841e-02
4.836549e-02
5.037570e-02
3.734874e-02
1.817792e-02
3.057486e-03
-1.434389e-03
1.062714e-02
3.765497e-02
7.168381e-02
1.000367e-01
1.229560e-01
1.270572e-01
1.233048e-01
1.284342e-01
1.327055e-01
1.306436e-01
1.214171e-01
9.370081e-02
5.905506e-02
2.891143e-02
1.361925e-02
4.170303e-03
1.838138e-03
-1.071547e-02
-2.647495e-02
-4.006782e-02
-6.000124e-02
-7.531776e-02
-8.287420e-02
-9.370638e-02
-1.114441e-01
-1.156214e-01
-1.200792e-01
-1.212277e-01
-1.248211e-01
-1.111932e-01
-9.627192e-02
-6.558124e-02
-2.061409e-02
1.082883e-02
2.948338e-02
4.820576e-02
4.767636e-02
2.777941e-02
7.479664e-03
-5.816553e-03
7.249101e-03
3.311927e-02
5.822076e-02
7.136679e-02
7.603662e-02
7.707238e-02
6.512330e-02
4.765117e-02
3.515356e-02
2.934081e-02
1.834483e-02
2.116705e-02
4.148244e-02
6.646065e-02
7.798383e-02
6.842712e-02
5.762471e-02
4.165127e-02
2.221967e-02
1.030123e-02
3.213974e-03
4.918581e-03
-6.894333e-03
-2.240701e-02
-3.669197e-02
-5.041718e-02
-6.302135e-02
-6.963189e-02
-7.261770e-02
-6.238250e-02
-4.953953e-02
-3.893093e-02
-3.856019e-02
-2.984763e-02
-2.378737e-02
-3.347704e-02
-5.329995e-02
-8.082980e-02
-1.002035e-01
-1.168090e-01
-1.350547e-01
-1.309246e-01
-1.026851e-01
-5.999421e-02
-7.231510e-03
3.656681e-02
5.445188e-02
4.063257e-02
2.108304e-02
2.237934e-02
2.446441e-02
1.854278e-02
1.302572e-02
1.059115e-02
2.300327e-02
4.290007e-02
6.071704e-02
8.734736e-02
1.002454e-01
9.698599e-02
8.617397e-02
7.515047e-02
6.374304e-02
5.715150e-02
4.941326e-02
4.637158e-02
3.957081e-02
2.842923e-02
1.614181e-02
7.424052e-03
-2.976504e-03
-8.192823e-03
-7.108976e-03
-9.492109e-03
-1.653236e-03
2.157941e-02
3.456877e-02
2.883173e-02
1.470888e-02
8.371349e-04
2.468334e-03
9.674246e-03
1.090490e-02
3.318546e-03
-6.010670e-03
-2.746885e-02
-4.017569e-02
-3.847497e-02
-2.770071e-02
-2.131508e-02
-1.362698e-02
-8.704570e-03
-9.633601e-03
-1.323471e-02
-4.525858e-03
1.519720e-02
3.356535e-02
3.369745e-02
2.231351e-02
1.975537e-02
1.604895e-02
4.484228e-03
-2.515301e-03
-7.707995e-04
-2.194111e-02
-5.992677e-02
-9.779960e-02
-1.155341e-01
-1.232414e-01
-1.175150e-01
-9.106916e-02
-5.447648e-02
-1.845126e-02
-4.004526e-03
-1.329090e-02
-2.885025e-02
-3.874036e-02
-3.803042e-02
-2.669038e-02
-1.364222e-02
-1.342291e-02
-2.124512e-02
-2.915259e-02
-4.355179e-02
-5.409214e-02
-5.607927e-02
-4.048336e-02
-1.660912e-02
1.037409e-02
2.491957e-02
2.230491e-02
1.826452e-02
2.294060e-02
3.395812e-02
4.783130e-02
5.922009e-02
6.702473e-02
7.171154e-02
6.296840e-02
5.314352e-02
4.618230e-02
4.155566e-02
4.397673e-02
4.862051e-02
4.972917e-02
5.645181e-02
4.461068e-02
1.892536e-02
-7.566069e-03
-3.292642e-02
-4.701802e-02
-5.405392e-02
-5.457967e-02
-4.380360e-02
-5.170015e-02
-6.938328e-02
-7.308342e-02
-6.356231e-02
-4.185556e-02
-2.291711e-02
-1.155826e-02
-2.173802e-03
-5.021658e-03
-1.501214e-02
-1.734347e-02
-1.575449e-02
-4.721081e-03
1.313158e-02
1.323184e-02
-1.518608e-03
-2.057747e-02
-4.533353e-02
-6.844137e-02
-7.454666e-02
-7.181018e-02
-5.945058e-02
-4.467925e-02
-3.430128e-02
-2.594976e-02
-9.504632e-03
1.094425e-03
1.694166e-03
7.178340e-03
1.213352e-02
1.597824e-02
2.181944e-02
3.162837e-02
2.817296e-02
1.133967e-02
-9.258371e-03
-1.726097e-02
-9.890978e-03
9.990400e-03
3.532250e-02
5.697352e-02
6.668623e-02
6.873275e-02
6.357516e-02
4.351746e-02
2.965231e-02
3.040691e-02
4.449502e-02
6.304478e-02
6.636505e-02
5.062790e-02
2.909127e-02
1.497240e-02
9.564494e-03
1.171263e-02
2.341303e-02
2.787421e-02
5.990520e-03
-1.458909e-02
-2.229353e-02
-1.563856e-02
-6.320806e-03
5.555084e-03
1.400127e-02
1.305178e-02
2.322094e-04
-1.251404e-02
-1.526597e-02
-8.560750e-03
-7.446034e-03
-9.073498e-03
-1.079796e-02
-1.717274e-02
-1.335140e-02
-6.539252e-03
-1.193884e-02
-1.491442e-02
-1.568666e-02
-1.562405e-02
-1.076515e-02
7.125677e-04
8.422012e-03
5.035713e-03
-3.712674e-04
-7.090321e-03
-1.191591e-02
-6.579320e-03
2.995861e-04
1.175105e-02
2.572843e-02
2.929915e-02
3.205023e-02
2.689562e-02
1.401424e-02
4.971683e-03
3.107010e-03
1.387181e-02
2.465979e-02
3.458503e-02
3.298297e-02
3.876670e-02
5.203839e-02
5.558014e-02
5.152195e-02
4.432324e-02
3.785228e-02
3.195689e-02
3.317348e-02
3.282654e-02
1.602179e-02
-1.894543e-02
-4.246682e-02
-4.882978e-02
-4.731341e-02
-3.366535e-02
-1.264196e-02
1.316511e-03
8.217488e-03
4.887354e-03
9.744035e-03
2.744174e-02
4.860371e-02
5.572870e-02
5.464819e-02
5.148228e-02
3.235194e-02
-4.932012e-03
-2.894314e-02
-5.007063e-02
-5.706460e-02
-6.699233e-02
-7.709875e-02
-7.336606e-02
-6.502055e-02
-5.599848e-02
-5.460969e-02
-3.999277e-02
-2.095312e-02
-7.744591e-03
-6.632811e-03
-7.027928e-03
-2.045640e-02
-3.760910e-02
-5.282275e-02
-6.317263e-02
-5.860014e-02
-3.894834e-02
-2.716704e-02
-1.954351e-02
-4.461745e-03
3.762725e-03
1.089398e-02
2.355603e-02
3.111547e-02
3.945104e-02
4.832464e-02
4.145307e-02
2.858748e-02
1.855074e-02
2.102268e-02
2.790969e-02
2.399497e-02
1.231627e-02
-1.269868e-02
-4.573565e-02
-7.070143e-02
-8.401982e-02
-6.958887e-02
-3.643194e-02
-4.691234e-03
1.285814e-02
1.576812e-02
1.339742e-02
-3.941236e-03
-2.984558e-02
-4.665847e-02
-4.649379e-02
-1.766521e-02
2.072293e-02
4.034220e-02
4.652321e-02
4.682370e-02
3.335960e-02
1.343487e-02
1.392673e-03
6.791944e-03
1.519817e-02
2.367068e-02
2.491785e-02
1.657120e-02
1.122942e-02
8.835663e-03
1.495922e-02
2.230210e-02
2.886081e-02
2.926481e-02
1.533607e-02
-8.948517e-03
-3.258061e-02
-5.054752e-02
-5.407018e-02
-3.973970e-02
6.342565e-04
4.384018e-02
6.461090e-02
7.329881e-02
7.870811e-02
8.442724e-02
7.976618e-02
7.536923e-02
7.368766e-02
6.019721e-02
2.775615e-02
-6.616330e-03
-2.864167e-02
-3.422222e-02
-4.160760e-02
-4.848497e-02
-4.986146e-02
-5.991626e-02
-8.389376e-02
-1.026304e-01
-1.120859e-01
-1.168963e-01
-1.165207e-01
-9.848676e-02
-6.107389e-02
-2.600704e-02
-2.757485e-03
1.344808e-02
2.155866e-02
2.404106e-02
2.615537e-02
3.223900e-02
5.225647e-02
6.273954e-02
6.515643e-02
7.066229e-02
8.733356e-02
1.075953e-01
1.300885e-01
1.402256e-01
1.345490e-01
1.212873e-01
1.080536e-01
9.460056e-02
7.902447e-02
5.782857e-02
3.692418e-02
2.570061e-02
1.194443e-02
1.051043e-02
2.520082e-02
3.301885e-02
3.159421e-02
2.693494e-02
2.826736e-02
2.721107e-02
8.437777e-03
-2.324912e-02
-5.075400e-02
-5.786688e-02
-6.519228e-02
-6.594868e-02
-6.036960e-02
-5.273776e-02
-5.698028e-02
-6.382697e-02
-6.215173e-02
-6.611085e-02
-7.044191e-02
-6.422724e-02
-5.423830e-02
-3.827211e-02
-2.501994e-02
-1.735172e-02
-1.407028e-02
-9.240219e-03
-8.787090e-03
-7.388927e-03
7.768774e-03
2.029197e-02
2.985153e-02
3.349696e-02
3.551672e-02
3.192298e-02
2.950791e-02
3.588681e-02
4.404023e-02
5.775739e-02
7.673931e-02
9.714847e-02
1.149183e-01
1.189289e-01
9.654522e-02
5.497953e-02
2.472194e-02
-2.401189e-03
-2.538746e-02
-3.111580e-02
-3.447885e-02
-4.052841e-02
-4.910794e-02
-4.819772e-02
-4.097963e-02
-2.855412e-02
-1.698955e-02
-1.344659e-02
-1.041733e-02
-2.104998e-02
-3.952440e-02
-5.579942e-02
-6.379370e-02
-6.142665e-02
-5.292104e-02
-4.271827e-02
-3.989135e-02
-5.915220e-02
-9.448858e-02
-1.241237e-01
-1.310073e-01
-1.296526e-01
-1.195489e-01
-8.182887e-02
-4.009879e-02
2.105427e-03
3.330218e-02
4.843469e-02
4.682425e-02
4.391101e-02
4.084797e-02
3.830814e-02
3.055921e-02
3.072342e-02
3.272656e-02
3.942322e-02
4.329085e-02
3.505815e-02
2.290898e-02
2.127828e-02
-1.635466e-03
-2.532771e-02
-2.381611e-02
-1.462672e-02
-8.423150e-03
-1.401703e-03
3.263272e-03
4.453612e-03
2.415795e-04
-1.316347e-02
-3.544575e-02
-5.498463e-02
-5.939857e-02
-5.681779e-02
-4.643974e-02
-4.542644e-02
-5.160253e-02
-4.832400e-02
-3.770653e-02
-1.489031e-02
-8.744517e-04
1.379349e-02
2.470206e-02
3.666936e-02
4.448407e-02
4.251574e-02
4.285070e-02
4.063605e-02
3.121939e-02
2.550254e-02
2.640809e-02
2.211895e-02
1.519849e-02
5.413418e-03
3.866904e-03
1.221535e-02
3.390567e-02
6.486313e-02
8.792894e-02
1.078420e-01
1.207766e-01
1.192792e-01
1.016964e-01
7.306164e-02
3.762803e-02
1.146615e-02
-1.510651e-02
-2.608929e-02
-3.468361e-02
-3.089480e-02
-2.113308e-02
-2.909525e-02
-4.296803e-02
-4.474268e-02
-4.864002e-02
-5.107755e-02
-4.933821e-02
-5.595533e-02
-6.940299e-02
-8.609213e-02
-1.052959e-01
-1.049603e-01
-7.642450e-02
-3.901304e-02
-2.168225e-02
-1.062995e-02
-1.200670e-02
-1.527502e-02
-1.590230e-02
-1.978791e-02
-1.064142e-02
1.131787e-02
4.121932e-02
6.528179e-02
8.056711e-02
9.124996e-02
1.083643e-01
1.193379e-01
1.319207e-01
1.520953e-01
1.601787e-01
1.477006e-01
1.020814e-01
3.829263e-02
-2.448016e-02
-7.153846e-02
-9.256327e-02
-9.593906e-02
-1.017305e-01
-1.050651e-01
-1.057707e-01
-1.042833e-01
-1.033203e-01
-9.329091e-02
-8.941752e-02
-8.544723e-02
-6.632460e-02
-4.844308e-02
-3.018581e-02
-1.718072e-02
-6.460704e-03
7.710491e-03
1.894772e-02
1.285846e-02
-2.588155e-02
-7.770289e-02
-1.274435e-01
-1.525374e-01
-1.304153e-01
-7.227888e-02
1.422575e-04
5.887726e-02
8.659955e-02
9.134840e-02
6.946138e-02
3.869498e-02
9.149137e-03
-7.602908e-03
-2.120838e-02
-2.066946e-02
-9.911744e-03
-3.033565e-03
1.037555e-02
4.202092e-02
7.720546e-02
1.053545e-01
1.273764e-01
1.323548e-01
1.340234e-01
1.347292e-01
1.241347e-01
1.145216e-01
1.106251e-01
1.024545e-01
6.881509e-02
1.303752e-02
-4.282926e-02
-8.748798e-02
-1.183807e-01
-1.364543e-01
-1.242105e-01
-9.103059e-02
-6.715043e-02
-5.838528e-02
-5.374983e-02
-5.109313e-02
-3.894249e-02
-2.964190e-02
-1.501909e-02
-1.857740e-02
-1.764570e-02
-2.685993e-03
1.144608e-02
2.839084e-02
5.323113e-02
6.602483e-02
6.341399e-02
4.088976e-02
7.793754e-03
-2.309820e-02
-4.998591e-02
-5.738644e-02
-4.288304e-02
-9.414630e-03
1.970463e-02
3.587686e-02
4.680170e-02
5.862698e-02
8.011663e-02
9.834061e-02
1.120261e-01
1.113455e-01
9.933282e-02
7.253331e-02
3.765348e-02
1.462307e-02
-4.985065e-03
-9.455918e-03
1.393251e-03
2.168281e-03
-1.727356e-03
-1.841279e-02
-4.318962e-02
-7.407382e-02
-9.185867e-02
-8.926632e-02
-6.412787e-02
-3.122010e-02
3.818389e-03
2.288101e-02
1.348740e-02
-1.774966e-02
-4.377980e-02
-6.109400e-02
-7.182829e-02
-6.208133e-02
-3.334165e-02
4.231696e-03
3.147899e-02
5.289884e-02
7.689444e-02
9.133259e-02
8.470662e-02
6.663773e-02
4.035451e-02
1.393943e-02
-1.462903e-02
-3.645500e-02
-3.657595e-02
-3.366078e-02
-3.615284e-02
-3.045032e-02
-1.864745e-02
-7.325380e-03
-1.116678e-02
-2.699747e-02
-3.107281e-02
-4.324380e-02
-6.639417e-02
-8.214730e-02
-8.726606e-02
-8.309905e-02
-6.894373e-02
-5.227829e-02
-2.267852e-02
7.342592e-03
3.376791e-02
5.978994e-02
7.889583e-02
7.824138e-02
6.698862e-02
5.248449e-02
3.107612e-02
2.843237e-03
-2.344424e-02
-4.466006e-02
-6.065692e-02
-6.848335e-02
-7.568230e-02
-7.338138e-02
-8.037793e-02
-8.435037e-02
-8.523774e-02
-8.879518e-02
-9.121711e-02
-9.330876e-02
-7.967082e-02
-4.907395e-02
-1.605677e-02
6.384551e-03
2.284497e-02
4.631939e-02
6.303413e-02
8.341987e-02
1.084546e-01
1.283512e-01
1.223533e-01
9.675219e-02
5.078074e-02
-6.092146e-03
-5.516706e-02
-7.675774e-02
-7.482894e-02
-5.536240e-02
-2.822406e-02
-2.301432e-03
2.209619e-02
2.412441e-02
1.337257e-02
-3.024247e-03
-2.311353e-02
-2.896249e-02
-1.581004e-02
5.792798e-03
3.187179e-02
4.612172e-02
5.053367e-02
4.997481e-02
4.393230e-02
4.295787e-02
4.142712e-02
4.659903e-02
5.834217e-02
7.330909e-02
8.258177e-02
8.218076e-02
7.510724e-02
5.734525e-02
3.189491e-02
1.560324e-02
1.498991e-02
2.696486e-02
3.258534e-02
2.355910e-02
1.697467e-02
6.524537e-03
-7.180547e-03
-1.202602e-02
-1.023997e-02
-8.566594e-03
-1.433332e-02
-2.056698e-02
-1.063150e-02
-4.277024e-03
-5.372248e-03
-3.610103e-03
-9.391304e-03
-2.542088e-02
-5.532016e-02
-8.493393e-02
-1.028025e-01
-1.121603e-01
-1.099445e-01
-8.766515e-02
-5.188057e-02
-1.875836e-02
5.403031e-03
2.696547e-02
5.010571e-02
6.787633e-02
6.439283e-02
4.184773e-02
2.236360e-02
-1.301737e-03
-1.753625e-02
-1.263139e-02
5.463923e-03
2.806908e-02
3.787309e-02
3.869545e-02
2.311745e-02
8.277269e-03
6.994541e-03
-7.996400e-04
5.927464e-04
8.332019e-03
8.595574e-03
1.383297e-03
-1.611922e-02
-1.925537e-02
-2.543592e-03
1.151567e-02
8.381847e-03
-1.372028e-02
-4.052730e-02
-7.120786e-02
-9.691691e-02
-1.062994e-01
-1.049326e-01
-8.604688e-02
-6.507135e-02
-4.911855e-02
-3.610117e-02
-1.886977e-02
9.496455e-04
1.722561e-02
3.450763e-02
5.920367e-02
6.921240e-02
7.171921e-02
7.252742e-02
5.780318e-02
3.578481e-02
7.836970e-03
-2.926955e-02
-5.487149e-02
-6.537652e-02
-6.724920e-02
-6.306549e-02
-6.410223e-02
-7.126948e-02
-8.057020e-02
-8.250975e-02
-8.451173e-02
-7.656742e-02
-4.644993e-02
-6.915912e-03
2.315386e-02
4.172888e-02
5.076753e-02
5.484038e-02
6.381157e-02
6.826971e-02
7.098938e-02
8.050046e-02
9.501494e-02
1.065022e-01
1.054628e-01
9.449149e-02
7.957104e-02
6.685092e-02
5.416656e-02
4.019499e-02
2.792760e-02
2.456952e-02
2.171630e-02
2.574086e-02
4.161982e-02
5.812536e-02
7.838161e-02
7.129276e-02
5.284978e-02
3.862788e-02
2.897689e-02
3.428767e-02
4.659414e-02
4.530351e-02
3.509277e-02
1.746302e-02
-2.985351e-03
-2.567309e-02
-3.836089e-02
-3.503276e-02
-2.997364e-02
-2.221450e-02
-2.377620e-02
-3.319353e-02
-5.066285e-02
-5.500018e-02
-4.666241e-02
-4.043873e-02
-3.269137e-02
-2.019430e-02
-9.746486e-03
-8.477790e-03
-2.032153e-02
-3.271359e-02
-3.583485e-02
-4.155340e-02
-4.654403e-02
-4.154466e-02
-3.733205e-02
-4.048376e-02
-5.101877e-02
-6.637060e-02
-6.284178e-02
-3.152464e-02
1.656315e-02
5.556506e-02
7.750338e-02
8.238588e-02
7.341790e-02
6.159288e-02
4.940629e-02
4.702480e-02
4.861047e-02
5.712226e-02
6.145627e-02
5.700325e-02
4.401115e-02
2.901643e-02
2.338873e-03
-2.045454e-02
-2.389466e-02
-1.688302e-02
-5.682677e-03
9.198125e-04
-8.778124e-03
-1.570125e-02
-1.438763e-02
-3.379751e-03
1.068839e-02
2.831575e-02
3.952731e-02
4.375391e-02
3.232567e-02
2.988843e-03
-2.627490e-02
-4.447229e-02
-6.079260e-02
-7.279423e-02
-7.474544e-02
-7.698463e-02
-7.400281e-02
-7.420522e-02
-8.013743e-02
-8.439677e-02
-8.058355e-02
-7.243122e-02
-6.217432e-02
-4.663258e-02
-2.214674e-02
-8.695131e-03
-3.012915e-03
-8.554861e-04
-7.467976e-03
-1.497064e-02
-2.064035e-02
-2.256283e-02
-1.253008e-02
1.291989e-02
3.880962e-02
5.622787e-02
6.442251e-02
7.008930e-02
5.940198e-02
4.246671e-02
3.339488e-02
2.826476e-02
3.210085e-02
3.108937e-02
2.520246e-02
7.809170e-03
-1.370095e-02
-3.164484e-02
-4.005048e-02
-2.611389e-02
1.343642e-04
2.499771e-02
3.224153e-02
3.101939e-02
2.877223e-02
2.888058e-02
3.039949e-02
3.533173e-02
4.992102e-02
4.830905e-02
3.422958e-02
2.142509e-02
1.079409e-02
7.239974e-03
2.164315e-03
4.836798e-05
4.204986e-03
5.754064e-03
7.401938e-03
1.269186e-02
1.711509e-02
1.951469e-02
1.525504e-02
1.397554e-02
1.575859e-02
1.450238e-02
8.474344e-03
7.886430e-03
4.858392e-03
1.004490e-03
-1.364093e-02
-2.343629e-02
-2.177430e-02
-2.361479e-02
-2.824566e-02
-3.347001e-02
-3.969963e-02
-4.872582e-02
-6.283191e-02
-7.212530e-02
-6.947726e-02
-6.379400e-02
-5.292566e-02
-3.669818e-02
-1.284732e-02
1.356986e-02
4.258905e-02
6.681449e-02
9.179896e-02
9.408866e-02
8.077827e-02
6.507746e-02
4.952500e-02
4.036127e-02
2.787343e-02
9.132299e-03
-1.195440e-02
-2.924340e-02
-4.491527e-02
-5.235086e-02
-3.917705e-02
-2.760787e-02
-2.092096e-02
-1.682596e-02
-6.632150e-03
1.848615e-03
1.870414e-02
3.771188e-02
4.793303e-02
4.619614e-02
3.535009e-02
2.102276e-02
6.358848e-03
-1.141639e-02
-2.708127e-02
-3.318470e-02
-4.502565e-02
-5.366361e-02
-5.211202e-02
-4.733864e-02
-3.444225e-02
-1.843085e-02
-7.745128e-03
7.556963e-03
1.553668e-02
2.060990e-02
3.046598e-02
3.062129e-02
2.977849e-02
2.065309e-02
1.770235e-02
2.150122e-02
2.252784e-02
1.393338e-02
9.881285e-03
1.243434e-02
1.999625e-02
2.433365e-02
2.767523e-02
3.152069e-02
3.107003e-02
1.577576e-02
1.799284e-03
-5.409417e-03
-8.667568e-03
-1.561416e-02
-1.818067e-02
-2.037456e-02
-2.483136e-02
-4.013208e-02
-5.393780e-02
-5.588794e-02
-5.757112e-02
-6.490437e-02
-7.166331e-02
-7.638778e-02
-7.973255e-02
-8.907164e-02
-9.445015e-02
-9.162722e-02
-8.824443e-02
-9.266320e-02
-9.404178e-02
-7.592051e-02
-5.343536e-02
-2.222865e-02
1.368185e-02
3.725657e-02
4.896677e-02
4.673122e-02
3.452431e-02
3.405179e-02
3.763242e-02
4.502507e-02
5.681952e-02
6.336800e-02
6.702677e-02
5.704399e-02
4.016666e-02
1.888119e-02
2.566660e-03
-1.064010e-02
-2.136687e-02
-2.288888e-02
-1.900457e-02
-1.272228e-02
-1.800385e-02
-2.139764e-02
-2.139041e-02
-2.025740e-02
-1.826081e-02
-1.217459e-02
5.865932e-03
1.821516e-02
2.448578e-02
3.097994e-02
2.802245e-02
2.428607e-02
1.490506e-02
8.344947e-03
-1.841792e-03
-1.279129e-03
6.191547e-03
7.252017e-03
1.433174e-02
2.940673e-02
3.782450e-02
4.048133e-02
4.236551e-02
3.836214e-02
3.402230e-02
2.560318e-02
1.811183e-02
1.644674e-02
1.905319e-02
2.277612e-02
2.101344e-02
1.307645e-02
4.092011e-03
-6.056103e-03
-1.493103e-02
-2.167001e-02
-2.180561e-02
-1.530841e-02
-6.446071e-03
-2.906731e-04
4.831774e-03
9.451737e-03
1.577468e-02
1.480403e-02
8.910670e-03
6.857377e-03
8.664628e-03
1.546288e-02
1.931933e-02
2.052351e-02
1.703720e-02
9.309880e-03
-1.734191e-03
-1.179319e-02
-1.519448e-02
-8.370536e-03
-9.444539e-03
-1.411232e-02
-1.281336e-02
-1.162405e-02
-7.266519e-03
-2.960005e-03
9.652563e-04
7.438491e-03
1.640650e-02
2.735587e-02
3.733933e-02
3.546775e-02
3.760752e-02
4.279362e-02
4.988243e-02
4.981049e-02
4.416605e-02
4.364202e-02
4.572615e-02
5.249779e-02
5.775430e-02
6.319748e-02
6.037514e-02
5.894269e-02
5.600701e-02
4.472034e-02
3.357973e-02
1.878625e-02
6.184231e-03
-7.798403e-03
-2.703495e-02
-4.714778e-02
-5.868456e-02
-7.013466e-02
-7.925980e-02
-7.822863e-02
-6.531431e-02
-4.464170e-02
-3.618489e-02
-3.569783e-02
-3.287985e-02
-3.216649e-02
-2.994255e-02
-3.137312e-02
-4.085245e-02
-4.648223e-02
-4.305235e-02
-3.445678e-02
-3.179043e-02
-3.346591e-02
-2.894495e-02
-2.035050e-02
-8.089796e-03
-8.292037e-05
7.267024e-03
7.156228e-03
6.733293e-03
3.250274e-03
-2.979299e-03
-5.426494e-03
2.837913e-03
2.532434e-03
-4.616766e-03
-8.883303e-03
-1.192327e-02
-1.168731e-02
-1.306199e-02
-1.554954e-02
-1.736907e-02
-1.805493e-02
-1.608795e-02
-2.335276e-02
-3.452612e-02
-4.483050e-02
-4.716431e-02
-4.374200e-02
-3.865891e-02
-3.002477e-02
-1.886712e-02
-1.347864e-02
-1.137208e-02
-7.568662e-03
-5.572754e-03
-6.682163e-04
1.082357e-03
-5.827461e-03
-8.588022e-03
-9.315582e-03
-7.929753e-03
-7.305223e-03
-8.379570e-03
-2.048265e-03
3.780391e-03
1.101708e-02
1.711844e-02
1.785138e-02
1.796502e-02
2.140915e-02
2.781580e-02
3.096399e-02
3.140998e-02
2.863388e-02
2.665836e-02
2.516486e-02
2.075093e-02
1.993285e-02
2.034490e-02
1.948580e-02
1.874440e-02
1.630543e-02
1.781958e-02
2.124430e-02
2.639495e-02
2.053675e-02
1.571500e-02
9.020620e-03
-2.037606e-03
-1.757523e-02
-3.462154e-02
-4.060905e-02
-4.899442e-02
-5.867126e-02
-6.067244e-02
-6.205524e-02
-5.976930e-02
-6.267777e-02
-6.198498e-02
-5.963542e-02
-5.141091e-02
-3.585577e-02
-1.386753e-02
-5.530243e-04
1.222836e-02
1.093875e-02
9.117633e-03
6.192084e-03
6.680000e-03
9.771933e-03
1.759332e-02
2.737095e-02
3.850731e-02
4.304233e-02
4.680132e-02
4.597737e-02
4.503223e-02
3.832978e-02
3.183389e-02
2.822947e-02
2.891627e-02
2.682532e-02
2.562166e-02
1.815713e-02
1.122626e-02
1.409555e-03
-9.244619e-03
-1.595196e-02
-1.790519e-02
-2.435401e-02
-3.027574e-02
-3.503866e-02
-3.961401e-02
-4.065719e-02
-3.694095e-02
-2.740517e-02
-1.453788e-02
-7.035563e-03
-3.319119e-04
1.190037e-02
1.824833e-02
2.045839e-02
2.192266e-02
2.094215e-02
1.920115e-02
1.449592e-02
1.014912e-02
1.748709e-02
1.798596e-02
1.500843e-02
1.385649e-02
1.089391e-02
8.871073e-03
8.783859e-03
5.141263e-03
5.274074e-03
1.239077e-02
2.147328e-02
2.334975e-02
1.998295e-02
2.392767e-02
2.129602e-02
1.881791e-02
1.553335e-02
1.340950e-02
7.316175e-03
4.267991e-03
2.978178e-03
-1.042240e-03
-6.874626e-03
-1.375626e-02
-1.835963e-02
-1.634678e-02
-1.663463e-02
-1.291044e-02
-3.791958e-03
-4.475571e-04
5.402379e-04
-6.266151e-04
2.464140e-03
7.407829e-03
8.241304e-03
6.351451e-03
9.761834e-03
1.025976e-02
9.167125e-03
9.022282e-03
1.405810e-02
1.932853e-02
2.023635e-02
2.163182e-02
3.104634e-02
3.210320e-02
3.150069e-02
3.193954e-02
3.170155e-02
2.875467e-02
2.348007e-02
1.993177e-02
2.261016e-02
1.910030e-02
1.085597e-02
7.224295e-03
7.599058e-03
9.283393e-03
5.713904e-03
3.290118e-03
6.294507e-03
5.962200e-03
4.421663e-03
6.112511e-03
9.264727e-03
1.834253e-02
1.948070e-02
1.979145e-02
1.925740e-02
1.584637e-02
9.494233e-03
1.879793e-03
-5.482138e-03
-1.175367e-02
-1.485956e-02
-2.642706e-02
-3.870180e-02
-4.236171e-02
-4.509481e-02
-5.071253e-02
-5.244390e-02
-4.602075e-02
-4.246141e-02
-3.739999e-02
-2.764565e-02
-1.984899e-02
-1.306788e-02
-1.048485e-02
-7.151556e-03
-1.335749e-03
2.440436e-03
6.048933e-03
1.483904e-02
2.303493e-02
3.138532e-02
3.536647e-02
3.564711e-02
2.902731e-02
3.144104e-02
3.154579e-02
2.227169e-02
1.276109e-02
8.252738e-03
-6.179840e-03
-2.593032e-02
-3.929169e-02
-4.932303e-02
-5.352517e-02
-6.331895e-02
-6.328594e-02
-6.120542e-02
-4.760787e-02
-3.341443e-02
-2.640874e-02
-1.656207e-02
-2.785122e-03
1.599687e-03
1.206602e-03
7.788423e-03
1.342651e-02
2.352640e-02
2.790154e-02
2.615351e-02
2.429204e-02
2.603875e-02
2.889631e-02
2.930968e-02
2.699967e-02
2.319410e-02
2.312650e-02
2.842277e-02
2.482416e-02
1.869064e-02
2.358652e-02
2.798149e-02
2.064981e-02
9.461365e-03
5.677884e-03
1.602554e-02
2.222609e-02
1.760839e-02
3.419953e-03
2.395303e-03
1.214407e-02
1.189702e-02
9.107643e-03
6.343983e-03
1.254843e-02
1.893670e-02
1.395937e-02
5.029001e-03
7.699056e-03
7.111704e-03
2.952413e-03
-3.185836e-03
-9.140911e-03
-1.023538e-02
-8.899360e-03
-1.814878e-02
-2.235665e-02
-2.526768e-02
-2.673165e-02
-2.861108e-02
-2.510313e-02
-2.708117e-02
-2.376376e-02
-1.738679e-02
-1.862482e-02
-1.817993e-02
-1.736389e-02
-1.371319e-02
-1.321627e-02
-1.118935e-02
-3.722186e-03
5.859028e-03
4.180157e-03
-8.402063e-04
-4.359683e-03
-5.386357e-03
-8.510171e-03
-8.011634e-03
-6.107717e-03
-9.407462e-03
-7.565403e-03
-5.413047e-03
-4.497238e-03
-6.279825e-03
-9.394802e-03
-1.182775e-02
-1.145953e-02
-1.127654e-02
-1.114195e-02
-5.961545e-03
-1.592581e-04
-4.754288e-03
-1.327444e-02
-1.769336e-02
-2.012081e-02
-1.221526e-02
-5.622280e-03
-2.778067e-03
-4.348082e-05
4.943587e-03
1.109207e-02
1.644529e-02
2.081100e-02
2.443702e-02
2.463329e-02
1.872689e-02
1.208641e-02
7.737930e-03
9.355719e-03
6.015841e-03
2.942446e-03
2.079429e-03
4.239421e-04
1.481583e-03
5.678891e-03
4.226832e-03
9.196509e-03
1.821596e-02
2.873230e-02
3.359369e-02
3.828081e-02
3.307197e-02
2.524073e-02
2.038907e-02
8.592061e-03
-2.715199e-03
-7.455158e-03
-1.017846e-02
-1.626135e-02
-2.059160e-02
-2.275980e-02
-2.177343e-02
-3.063161e-02
-3.560314e-02
-3.540691e-02
-3.178772e-02
-2.397630e-02
-1.306927e-02
-1.091441e-02
-8.817956e-03
-5.797140e-03
2.584835e-04
1.203627e-03
-2.291610e-03
-4.909765e-03
-5.313559e-03
-6.296811e-03
-5.663538e-03
-7.793691e-03
-1.008833e-02
-1.649673e-02
-1.653634e-02
-8.834527e-03
-4.503774e-03
-2.159231e-04
1.422840e-03
5.684976e-03
7.575349e-03
5.081639e-03
2.924678e-03
8.034386e-03
1.014838e-02
8.577900e-03
6.811598e-03
3.972263e-03
7.297050e-03
4.625359e-03
6.924327e-04
3.741551e-03
8.941692e-03
1.635847e-02
1.373752e-02
9.435188e-03
1.069048e-02
1.114393e-02
1.403039e-02
1.704127e-02
1.414694e-02
1.108208e-02
1.022125e-02
1.389904e-02
1.577347e-02
1.999713e-02
1.991301e-02
1.660149e-02
1.430413e-02
1.091749e-02
3.071608e-03
-6.452978e-03
-8.836630e-03
-1.154248e-02
-1.359838e-02
-2.093660e-02
-2.949606e-02
-4.331673e-02
-4.833744e-02
-4.616422e-02
-4.548055e-02
-4.177954e-02
-3.852226e-02
-3.499887e-02
-3.290288e-02
-3.301629e-02
-3.289207e-02
-2.467126e-02
-2.539385e-02
-2.837583e-02
-2.791510e-02
-2.434977e-02
-1.608094e-02
-6.634926e-03
3.308372e-04
4.217279e-03
7.246973e-03
1.077737e-02
2.033715e-02
2.334282e-02
2.148986e-02
2.242561e-02
2.325324e-02
2.330383e-02
2.379187e-02
2.314115e-02
2.050330e-02
1.800866e-02
1.370342e-02
7.103681e-03
5.790595e-03
8.653652e-03
6.006074e-03
3.185418e-03
6.613969e-03
9.811734e-03
1.696305e-02
1.841117e-02
1.138429e-02
3.943277e-03
1.111307e-03
-3.732853e-03
-7.117483e-03
-9.501900e-03
-8.466742e-03
-6.410739e-03
-5.588066e-03
-3.916256e-03
-8.777322e-05
2.898802e-03
4.820920e-03
1.506438e-03
-2.758690e-04
6.675859e-04
2.241756e-03
2.354195e-03
3.759713e-03
6.295090e-03
8.597084e-03
8.156002e-03
2.844333e-03
2.422062e-03
2.374928e-03
7.650410e-04
-3.394165e-03
-9.098778e-04
-2.020697e-03
-2.634094e-04
2.923321e-03
5.400870e-03
9.568551e-03
1.290291e-02
1.485095e-02
1.621978e-02
1.691250e-02
1.855991e-02
1.962222e-02
1.556678e-02
1.117655e-02
1.357346e-02
1.555095e-02
1.632748e-02
1.592942e-02
1.357051e-02
1.402387e-02
9.906808e-03
5.543854e-03
5.521417e-03
5.858336e-03
8.441444e-03
1.016863e-02
7.276344e-03
1.003403e-02
9.081618e-03
6.545874e-03
7.532279e-03
8.367386e-03
9.336898e-03
9.117605e-04
-6.983339e-03
-1.244483e-02
-1.680629e-02
-2.097105e-02
-2.077146e-02
-1.831681e-02
-1.187362e-02
-9.296890e-03
-6.746475e-03
-6.241828e-03
-6.073507e-03
-6.811238e-03
-8.025029e-03
-7.395166e-03
-5.465105e-03
-4.687432e-03
-3.389342e-03
-5.036733e-03
-7.061855e-03
-6.841594e-03
-8.947777e-03
-6.343226e-03
-4.545114e-04
1.170874e-03
-4.951001e-03
1.469412e-03
2.461469e-03
3.243872e-04
-2.313956e-03
-3.638815e-03
-4.683482e-04
5.051412e-04
9.322625e-04
7.845041e-03
1.045714e-02
1.010274e-02
9.203346e-03
9.179022e-03
7.314232e-03
2.946390e-03
3.855677e-04
6.028676e-03
5.177019e-03
2.458915e-03
5.529121e-03
8.301176e-03
1.064427e-02
1.020283e-02
9.283826e-03
1.644793e-02
1.693425e-02
1.451546e-02
1.704367e-02
1.822298e-02
1.788904e-02
1.263919e-02
4.233617e-03
5.909385e-03
2.601851e-03
-3.084436e-03
-3.533898e-03
-1.945122e-03
2.101919e-03
4.299339e-03
6.025812e-03
1.504229e-02
1.698408e-02
1.770159e-02
2.265666e-02
2.665206e-02
3.399662e-02
3.557700e-02
3.779581e-02
4.145589e-02
4.801853e-02
4.604212e-02
3.890968e-02
3.435453e-02
2.952901e-02
2.483825e-02
1.363953e-02
7.699620e-03
3.541076e-03
-1.134923e-03
-6.695249e-03
-9.304857e-03
-1.070078e-02
-1.157605e-02
-1.600064e-02
-2.172400e-02
-3.002140e-02
-3.256697e-02
-3.797242e-02
-4.922102e-02
-5.182521e-02
-5.386078e-02
-5.820624e-02
-6.520752e-02
-6.617058e-02
-6.633945e-02
-6.551609e-02
-6.430067e-02
-6.421348e-02
-5.899693e-02
-5.712808e-02
-5.958221e-02
-5.681096e-02
-5.057603e-02
-3.983792e-02
-3.231683e-02
-2.411123e-02
-1.761022e-02
-3.621695e-03
6.939048e-03
7.082006e-03
1.339953e-02
2.328645e-02
2.349222e-02
1.886537e-02
1.801482e-02
1.713392e-02
2.062933e-02
1.791271e-02
1.994484e-02
1.974439e-02
2.574753e-02
3.171805e-02
3.081060e-02
3.187284e-02
3.977730e-02
3.576460e-02
2.822111e-02
2.405364e-02
1.832427e-02
1.923645e-02
1.945367e-02
1.203911e-02
8.022752e-03
5.674563e-03
4.211495e-03
1.874375e-03
-1.619943e-03
-2.383725e-03
2.404882e-04
-3.388486e-03
-9.797778e-03
-1.109014e-02
-1.069752e-02
-2.034137e-02
-3.183820e-02
-3.495619e-02
-3.542928e-02
-3.581312e-02
-3.691795e-02
-3.313949e-02
-2.696602e-02
-2.846296e-02
-3.093501e-02
-2.887278e-02
-2.918241e-02
-2.674668e-02
-3.093732e-02
-3.180262e-02
-3.361591e-02
-3.355045e-02
-3.035095e-02
-2.730970e-02
-2.445090e-02
-1.969341e-02
-1.418001e-02
-1.010054e-02
-8.460350e-03
-7.582510e-03
2.256740e-04
6.586464e-03
8.158881e-03
9.976664e-03
1.665128e-02
2.816406e-02
2.686454e-02
2.411708e-02
2.350121e-02
2.468787e-02
2.624219e-02
2.148448e-02
1.725519e-02
1.860728e-02
1.962912e-02
2.066685e-02
1.831700e-02
1.311470e-02
1.233141e-02
1.405609e-02
2.024979e-02
2.507179e-02
2.544117e-02
2.505740e-02
2.503890e-02
2.659206e-02
2.909274e-02
2.113411e-02
1.492836e-02
1.231619e-02
1.440545e-02
1.454138e-02
1.033172e-02
1.022187e-02
8.995196e-03
9.747946e-03
8.930247e-03
1.039887e-02
6.986530e-03
7.653142e-03
1.096324e-02
1.071021e-02
1.124391e-02
8.799683e-03
7.252367e-03
4.350992e-03
-3.478739e-03
-1.125603e-02
-1.238564e-02
-1.606166e-02
-2.132606e-02
-2.524350e-02
-2.591309e-02
-2.271996e-02
-2.702181e-02
-3.124586e-02
-2.786897e-02
-2.327763e-02
-1.713443e-02
-1.328818e-02
-1.445369e-02
-1.471698e-02
-1.506366e-02
-1.007997e-02
-5.400151e-03
-5.028271e-03
-8.950165e-03
-6.366950e-03
-3.200259e-03
2.205585e-03
4.573554e-03
6.022269e-03
5.039290e-03
4.843324e-03
2.337971e-03
-5.494223e-03
-1.096722e-02
-1.032048e-02
-1.634055e-02
-2.351878e-02
-2.256429e-02
-2.312868e-02
-2.117078e-02
-1.720604e-02
-1.577747e-02
-2.238168e-02
-2.465982e-02
-2.663054e-02
-2.508827e-02
-2.207813e-02
-1.642706e-02
-1.213381e-02
-8.736092e-03
-7.044028e-03
-9.689967e-03
-7.169258e-03
-6.340282e-04
-5.290410e-04
-3.540072e-03
-2.935179e-03
-1.938225e-03
2.086007e-03
1.321663e-03
2.595406e-03
1.333897e-03
4.902254e-03
7.335268e-03
5.608847e-03
9.099810e-03
1.568884e-02
1.437641e-02
1.053390e-02
1.237889e-02
1.333758e-02
1.632257e-02
1.305710e-02
1.239683e-02
1.208948e-02
1.033150e-02
9.304456e-03
5.592462e-03
4.535854e-03
6.277088e-03
9.525846e-03
2.835720e-03
-3.122487e-03
-3.670670e-03
-4.263598e-03
-8.308802e-03
-9.907581e-03
-5.514545e-03
-9.822368e-03
-1.233401e-02
-1.225732e-02
-1.411540e-02
-1.296797e-02
-1.149310e-02
-1.179383e-02
-5.801280e-03
-6.184473e-03
-1.091196e-02
-8.791760e-03
-4.989721e-03
1.494557e-03
3.162629e-03
8.297840e-03
1.353137e-02
1.516887e-02
1.344379e-02
1.435683e-02
1.703021e-02
2.025824e-02
1.647208e-02
1.578672e-02
1.563942e-02
1.332807e-02
1.001545e-02
6.891112e-03
4.233209e-03
4.756273e-03
2.044062e-03
-9.217712e-05
1.750358e-03
2.416412e-03
2.453080e-03
2.732724e-03
4.021537e-03
8.272604e-03
8.335488e-03
9.239377e-03
1.462487e-02
1.415093e-02
1.318594e-02
1.242790e-02
1.513794e-02
1.521071e-02
1.376003e-02
1.158353e-02
1.506176e-02
1.207773e-02
1.071829e-02
1.364062e-02
1.727665e-02
2.050317e-02
2.300796e-02
2.230203e-02
3.062159e-02
3.106366e-02
3.077440e-02
3.267460e-02
3.214156e-02
3.273101e-02
3.186639e-02
2.829211e-02
3.392086e-02
3.389508e-02
3.215652e-02
3.303407e-02
3.045190e-02
3.014617e-02
2.889845e-02
2.698892e-02
3.116555e-02
2.943962e-02
2.535892e-02
2.324823e-02
1.700211e-02
1.479208e-02
1.204087e-02
8.906418e-03
1.176819e-02
8.651218e-03
1.680690e-03
-5.321624e-03
-1.488532e-02
-2.432485e-02
-3.511219e-02
-4.221463e-02
-4.251457e-02
-4.961070e-02
-5.664480e-02
-5.890824e-02
-6.308671e-02
-6.158626e-02
-5.730815e-02
-5.246969e-02
-3.685446e-02
-2.964359e-02
-2.480859e-02
-1.581775e-02
-1.074501e-02
-4.029775e-03
-3.875933e-03
-5.533383e-03
-7.480972e-03
-7.712710e-03
-1.189850e-02
-1.194643e-02
-1.175674e-02
-7.733880e-03
-5.356974e-03
-5.321800e-03
-8.921555e-03
-2.522473e-03
2.740450e-03
8.976544e-04
4.909998e-03
9.368081e-03
7.824321e-03
5.827886e-03
7.224050e-03
6.585081e-03
8.314137e-03
7.336419e-03
7.404299e-03
8.514362e-03
7.819216e-03
6.941295e-03
9.305050e-03
1.137607e-02
1.491773e-02
2.155111e-02
1.729799e-02
1.560690e-02
1.650319e-02
1.502634e-02
1.689538e-02
1.294827e-02
1.429794e-02
1.389082e-02
1.002102e-02
9.189139e-03
1.021483e-02
1.365628e-02
1.824936e-02
1.535475e-02
1.680549e-02
1.792354e-02
1.876393e-02
1.508043e-02
1.237163e-02
1.083485e-02
1.111298e-02
1.004740e-02
6.855037e-03
1.084913e-02
1.726220e-02
1.447117e-02
8.166077e-03
6.127200e-03
3.760500e-03
5.547958e-03
9.258096e-03
4.218640e-03
4.418303e-03
3.091898e-03
3.279550e-03
2.083381e-03
-1.094673e-03
-3.624532e-03
-3.927427e-03
-3.831854e-03
-5.332283e-03
-4.309178e-03
1.755558e-03
-1.140993e-03
-7.127306e-03
-5.062702e-03
-2.510102e-03
3.539439e-03
9.918586e-03
1.266786e-02
1.515834e-02
1.741054e-02
2.327922e-02
2.624649e-02
2.097286e-02
2.374160e-02
2.272435e-02
2.371842e-02
2.279775e-02
2.396971e-02
2.053931e-02
1.698135e-02
1.505502e-02
1.020844e-02
6.520178e-03
-1.696437e-04
-2.569766e-03
3.502576e-05
-4.176704e-03
-8.269612e-03
-1.118918e-02
-1.342496e-02
-1.530723e-02
-2.102038e-02
-2.439202e-02
-2.430148e-02
-2.355602e-02
-2.318561e-02
-2.253909e-02
-2.335809e-02
-2.287416e-02
-1.813184e-02
-1.652367e-02
-1.819616e-02
-1.836571e-02
-1.699211e-02
-8.986203e-03
-9.993623e-03
-1.522908e-02
-1.745536e-02
-1.638428e-02
-1.359764e-02
-1.855195e-02
-2.717320e-02
-2.907778e-02
-2.954180e-02
-2.525601e-02
-2.076570e-02
-1.558521e-02
-8.364324e-03
-1.191022e-03
6.468711e-03
1.199962e-02
9.656544e-03
5.583129e-03
2.412314e-03
4.731284e-03
3.423762e-03
-5.989842e-03
-1.030224e-02
-1.302098e-02
-1.323643e-02
-1.638535e-02
-1.817149e-02
-1.730503e-02
-1.824121e-02
-1.727460e-02
-1.799961e-02
-1.793614e-02
-2.287999e-02
-1.955326e-02
-1.511552e-02
-1.550669e-02
-1.692598e-02
-1.290945e-02
-1.251748e-02
-1.464195e-02
-1.799314e-02
-1.495457e-02
-8.503635e-03
-7.796468e-03
-9.512513e-03
-6.578704e-03
-4.641624e-03
-5.903797e-04
5.498253e-03
1.992054e-03
1.773496e-03
4.225089e-03
3.446261e-03
8.193084e-03
7.912104e-03
6.880915e-03
3.717933e-03
3.575485e-03
2.322774e-03
6.292007e-05
-1.741991e-03
1.209238e-03
-3.320069e-04
-6.598421e-03
-7.011415e-03
-6.495034e-03
-5.478670e-03
-4.810304e-03
-1.025311e-02
-1.288888e-02
-1.314815e-02
-1.223970e-02
-1.332847e-02
-1.392464e-02
-1.030434e-02
-9.075204e-03
-1.019854e-02
-9.840486e-03
-9.831939e-03
-1.029862e-02
-8.634741e-03
-6.228075e-03
-9.726279e-03
-8.884640e-03
-9.241179e-03
-8.505651e-03
-9.381998e-03
-1.030707e-02
-9.601499e-03
-8.381552e-03
-7.771452e-03
-6.034208e-03
-7.071250e-03
-4.998892e-03
-2.426756e-03
-8.580206e-03
-1.626836e-02
-1.294983e-02
-7.923902e-03
-8.312964e-03
-7.529030e-03
-1.227504e-03
8.370153e-04
7.486322e-04
2.586251e-03
3.628907e-03
9.227303e-03
1.192468e-02
1.056937e-02
1.703534e-02
1.727239e-02
1.457966e-02
1.665752e-02
1.899906e-02
2.381719e-02
2.394218e-02
2.552575e-02
2.779507e-02
2.677191e-02
2.670288e-02
2.559224e-02
2.377417e-02
2.398990e-02
1.947694e-02
1.502225e-02
8.525516e-03
3.142738e-03
4.372421e-03
-3.330850e-03
-7.693956e-03
-1.323480e-02
-1.269445e-02
-1.584860e-02
-1.676070e-02
-2.176396e-02
-2.346935e-02
-2.673910e-02
-2.961028e-02
-2.985168e-02
-2.583761e-02
-2.477353e-02
-2.385539e-02
-2.644154e-02
-2.223298e-02
-2.160514e-02
-2.460198e-02
-2.606262e-02
-2.452621e-02
-2.431226e-02
-2.572761e-02
-2.384701e-02
-2.347148e-02
-2.228849e-02
-2.579500e-02
-2.462833e-02
-2.269235e-02
-1.843628e-02
-1.825583e-02
-1.692100e-02
-1.232125e-02
-1.106653e-02
-1.357517e-02
-1.281448e-02
-1.033313e-02
-6.867133e-03
-6.952834e-03
-6.921688e-03
-1.099275e-03
1.006531e-03
-2.905712e-04
-3.327144e-05
3.721228e-03
8.666926e-03
9.571007e-03
1.085200e-02
1.404362e-02
1.348076e-02
1.125682e-02
1.306162e-02
1.454233e-02
1.777458e-02
1.849275e-02
1.830629e-02
2.343274e-02
2.404985e-02
2.221035e-02
2.459528e-02
2.499336e-02
2.731686e-02
2.553244e-02
2.371896e-02
2.358752e-02
2.069690e-02
1.551683e-02
1.336711e-02
9.757459e-03
9.869352e-03
4.788725e-03
8.631488e-04
6.619794e-04
2.050915e-03
3.057906e-03
5.251456e-03
7.970111e-03
1.140583e-02
1.651650e-02
1.231542e-02
8.324394e-03
1.396811e-02
1.903047e-02
1.956419e-02
2.246052e-02
3.102811e-02
3.081234e-02
2.787028e-02
2.787154e-02
2.820719e-02
3.137481e-02
3.006730e-02
3.059540e-02
3.127486e-02
3.239438e-02
3.176112e-02
3.127944e-02
2.796499e-02
2.612235e-02
2.717113e-02
2.850398e-02
2.098670e-02
1.732913e-02
1.590845e-02
1.313474e-02
1.120749e-02
6.253341e-03
3.842546e-03
-8.445948e-04
-6.537310e-03
-8.470710e-03
-9.365246e-03
-1.025913e-02
-6.673741e-03
-1.097356e-02
-1.308660e-02
-1.415054e-02
-1.402507e-02
-1.190444e-02
-1.041572e-02
-9.765802e-03
-6.902488e-03
-6.002145e-03
-6.108509e-03
-1.053335e-03
6.176099e-03
4.786504e-03
3.332526e-03
4.538214e-03
4.912049e-03
8.419390e-03
9.273185e-03
3.016893e-03
1.336421e-03
9.166247e-04
2.738745e-04
-1.086323e-03
-2.625456e-03
-5.570028e-03
-6.600443e-03
-6.816776e-03
-7.117865e-03
-7.314923e-03
-1.418768e-03
1.258970e-03
-3.078892e-03
-3.368064e-03
-1.709817e-03
3.141117e-04
-3.568845e-03
-7.716167e-03
-8.015971e-03
-8.837074e-03
-6.354727e-03
1.098778e-03
2.971076e-03
-1.313979e-03
-4.931553e-04
1.045938e-03
6.259155e-03
7.471119e-03
7.473269e-03
9.049453e-03
9.475453e-03
1.422081e-02
1.447951e-02
1.346816e-02
5.285008e-03
1.903909e-03
3.247260e-03
-2.739471e-03
-9.041798e-03
-1.452916e-02
-9.348302e-03
-1.444169e-02
-2.045922e-02
-2.034451e-02
-1.700197e-02
-1.442462e-02
-1.569690e-02
-1.449457e-02
-1.077956e-02
-9.585388e-04
1.213238e-03
1.273972e-04
4.564959e-03
8.653875e-03
1.511640e-02
1.369866e-02
9.886357e-03
1.402805e-02
1.393982e-02
1.597900e-02
1.779706e-02
1.723910e-02
1.648786e-02
1.762789e-02
2.478735e-02
3.209713e-02
2.774661e-02
2.532899e-02
2.567398e-02
2.638393e-02
2.040025e-02
1.917021e-02
1.832234e-02
1.532317e-02
1.436487e-02
9.089153e-03
6.137184e-03
1.570151e-04
-3.354594e-04
1.241461e-03
-4.295888e-03
-9.505009e-03
-7.924520e-03
-8.623027e-03
-1.340110e-02
-1.435149e-02
-1.076812e-02
-3.650690e-03
-5.977511e-03
-1.017792e-02
-8.676073e-03
-7.973309e-03
-4.763960e-03
-1.706916e-03
-4.139485e-03
-5.173395e-03
-4.291756e-03
8.964463e-04
1.801240e-03
-2.855839e-04
9.925398e-04
2.305209e-03
5.986867e-03
6.004739e-03
4.957733e-03
1.916584e-03
2.216448e-03
1.212990e-03
-3.100491e-03
-5.491280e-03
-2.838100e-04
-3.988283e-03
-9.728523e-03
-9.855058e-03
-1.031054e-02
-9.392969e-03
-6.089710e-03
-9.624993e-03
-1.255629e-02
-1.287261e-02
-1.082974e-02
-8.884121e-03
-8.313479e-03
-5.920652e-03
-8.071595e-04
2.380663e-03
-4.015233e-04
2.362568e-03
7.480661e-03
5.891125e-03
1.290578e-03
-6.713383e-04
-2.860037e-03
-1.340821e-03
-8.297469e-03
-1.053487e-02
-1.832170e-02
-1.879586e-02
-1.979802e-02
-2.621455e-02
-3.015477e-02
-2.745000e-02
-3.049921e-02
-3.530558e-02
-3.324300e-02
-3.153496e-02
-2.616148e-02
-2.555123e-02
-2.570121e-02
-2.800762e-02
-2.704544e-02
-2.535395e-02
-2.692905e-02
-2.476357e-02
-2.063433e-02
-1.609808e-02
-1.762254e-02
-1.770489e-02
-1.547781e-02
-1.100686e-02
-8.137830e-03
-7.936736e-03
-9.108253e-04
-1.255170e-03
-3.254500e-03
-1.600057e-03
-3.504224e-04
4.938952e-03
2.629497e-04
-4.124564e-04
-1.303600e-03
-4.855615e-03
-6.417506e-03
-4.831243e-03
-4.459074e-03
-7.978644e-04
1.051173e-03
-6.538941e-06
-5.243223e-03
-1.842821e-03
2.119787e-03
1.132161e-03
2.218694e-03
5.712208e-03
1.084219e-02
7.029634e-03
4.580049e-03
8.799908e-03
1.320220e-02
1.231078e-02
1.362842e-02
1.889761e-02
2.450817e-02
2.239906e-02
2.125657e-02
2.804247e-02
3.415179e-02
3.628931e-02
3.827510e-02
4.248783e-02
4.461105e-02
3.577549e-02
2.530006e-02
2.610917e-02
2.129150e-02
1.295758e-02
6.615046e-03
4.250522e-03
2.427375e-03
-3.310163e-03
-1.439146e-02
-1.214615e-02
-1.314930e-02
-1.501334e-02
-1.578500e-02
-1.251071e-02
-1.001254e-02
-8.423819e-03
-1.029223e-02
-7.483639e-03
-5.309811e-03
-3.944553e-03
-3.078908e-03
1.485226e-03
2.293454e-03
5.541577e-03
5.650611e-03
7.739037e-03
9.020147e-03
1.048015e-02
1.066025e-02
1.395506e-02
1.257384e-02
1.130042e-02
1.051782e-02
9.694001e-03
7.957139e-03
7.497088e-03
5.719477e-03
4.652964e-03
3.749934e-04
-3.057367e-03
-9.001280e-03
-1.211534e-02
-1.658222e-02
-2.037778e-02
-2.082747e-02
-2.220835e-02
-2.447317e-02
-2.508395e-02
-2.750309e-02
-2.514102e-02
-2.151683e-02
-2.125394e-02
-1.744438e-02
-1.296476e-02
-5.693463e-03
-7.470325e-03
-1.139109e-02
-8.681897e-03
-4.897422e-03
-6.845539e-03
-7.762667e-03
-7.124509e-03
-8.446598e-03
-1.228802e-02
-1.282899e-02
-1.297438e-02
-8.353163e-03
-4.204115e-03
-4.270640e-03
-1.091162e-03
-1.685598e-03
-6.420445e-03
-5.962643e-03
-6.586379e-03
-2.786110e-03
-1.086554e-03
-1.922200e-04
-6.583898e-03
-4.603903e-03
6.710536e-04
-1.877433e-03
-2.582177e-03
4.966276e-03
5.232683e-03
3.086587e-03
4.524419e-03
6.570201e-03
1.236076e-02
9.530495e-03
1.063874e-02
6.771679e-03
8.295865e-03
1.095297e-02
9.014739e-03
1.098667e-02
1.860589e-02
1.607650e-02
8.501449e-03
5.575056e-03
1.114085e-03
2.615301e-03
1.217996e-03
8.204130e-05
-4.024611e-03
-1.214351e-03
1.394172e-03
1.047229e-03
1.510465e-03
6.864921e-03
1.112493e-02
1.140156e-02
1.418869e-02
1.857176e-02
2.305972e-02
2.126903e-02
1.774099e-02
1.649146e-02
1.555634e-02
1.862031e-02
1.940740e-02
1.243461e-02
9.035015e-03
6.899400e-03
6.385644e-03
2.641559e-03
1.016903e-04
-6.084609e-03
-8.610876e-03
-6.645039e-03
-1.080767e-02
-1.466444e-02
-1.321119e-02
-1.406072e-02
-1.853758e-02
-2.173760e-02
-2.125211e-02
-1.525092e-02
-1.895193e-02
-2.413228e-02
-2.340085e-02
-2.216846e-02
-1.892461e-02
-2.153678e-02
-2.352608e-02
-2.253266e-02
-2.105080e-02
-1.483604e-02
-7.604117e-03
-6.902474e-03
-6.267201e-03
-1.262948e-04
9.799258e-03
1.697488e-02
1.671006e-02
1.795967e-02
1.830678e-02
2.241387e-02
2.395352e-02
2.089066e-02
1.995726e-02
1.916203e-02
1.926252e-02
1.500953e-02
9.138669e-03
6.191044e-03
1.576841e-03
3.584635e-04
-4.992965e-03
-9.384750e-03
-1.032204e-02
-1.285198e-02
-1.080390e-02
-1.156248e-02
-9.125664e-03
-6.744893e-03
-7.016739e-03
-5.016131e-03
-5.893904e-03
-4.487714e-03
-7.245490e-03
-4.861754e-03
3.222684e-05
-5.980225e-04
-4.479904e-04
-3.279293e-03
-1.315445e-03
1.045811e-03
9.161432e-05
-7.093250e-04
-3.675024e-03
-3.290250e-03
-3.105866e-03
-4.799895e-03
-7.308219e-03
-6.431444e-03
-7.146811e-03
-1.084551e-02
-1.639064e-02
-1.992967e-02
-1.624333e-02
-1.937075e-02
-2.619165e-02
-2.493437e-02
-2.416099e-02
-1.834637e-02
-1.770087e-02
-1.841565e-02
-1.757519e-02
-1.467913e-02
-7.906052e-03
9.556558e-05
-2.890933e-03
-3.935901e-03
-2.773760e-04
4.103436e-03
3.591796e-03
5.710912e-03
4.211076e-03
5.492775e-03
1.077515e-02
1.184497e-02
1.122088e-02
1.305863e-02
1.224822e-02
8.607539e-03
6.909335e-03
9.023610e-03
1.286552e-02
9.500640e-03
6.384995e-03
4.666389e-03
3.534602e-03
9.607939e-03
1.174292e-02
1.039813e-02
9.955088e-03
1.000224e-02
1.179343e-02
1.197438e-02
1.172876e-02
1.623683e-02
1.850279e-02
1.695555e-02
1.803338e-02
1.872162e-02
1.956515e-02
1.817004e-02
1.284494e-02
7.897866e-03
5.644190e-03
7.062503e-03
2.096724e-03
2.345760e-04
-4.014742e-03
-6.148925e-03
-8.151926e-03
-1.224849e-02
-1.325708e-02
-9.296945e-03
-9.665767e-03
-1.148751e-02
-9.671371e-03
-8.484754e-03
-4.440249e-03
-5.654881e-03
-5.241879e-03
-5.106944e-03
-2.566945e-03
-1.229353e-03
-3.999359e-03
-5.587681e-03
-3.282279e-03
2.397784e-04
2.817301e-03
-7.005875e-04
-2.718794e-03
-3.289307e-03
-3.637782e-03
-3.311957e-03
-7.185840e-03
-1.472264e-03
-4.558565e-03
-1.017539e-02
-1.122147e-02
-1.039256e-02
-6.597709e-03
-1.084642e-02
-1.218833e-02
-1.108542e-02
-1.317278e-02
-1.608899e-02
-1.539309e-02
-1.605563e-02
-1.454186e-02
-1.302110e-02
-1.654486e-02
-2.180637e-02
-1.937707e-02
-1.598177e-02
-1.825965e-02
-1.385966e-02
-8.228338e-03
-7.616233e-04
-2.057960e-03
-4.069959e-03
-1.282433e-04
4.201778e-03
2.926573e-03
3.946642e-03
7.932169e-03
1.097525e-02
9.008533e-03
8.434463e-03
9.173327e-03
1.165995e-02
9.749514e-03
8.547939e-03
1.031660e-02
9.763947e-03
3.164612e-03
-9.164585e-06
6.544447e-04
3.994841e-04
-2.768298e-03
-1.179052e-03
2.188762e-03
6.091195e-03
6.755725e-03
6.187581e-03
9.436417e-03
1.408127e-02
1.314870e-02
1.300467e-02
1.668101e-02
2.047421e-02
1.559003e-02
1.134116e-02
1.170713e-02
1.300482e-02
1.173413e-02
1.193381e-02
1.655850e-02
1.763083e-02
1.560500e-02
1.575408e-02
1.462740e-02
1.377240e-02
1.127051e-02
5.880520e-03
9.378146e-03
6.101276e-03
2.345300e-03
2.491967e-03
1.480562e-03
2.251663e-03
2.959449e-03
1.727940e-03
1.098639e-02
1.192356e-02
1.062845e-02
1.218713e-02
1.385377e-02
1.818741e-02
1.701619e-02
1.496763e-02
1.615283e-02
1.728390e-02
1.486602e-02
1.594463e-02
1.698486e-02
2.149018e-02
1.974264e-02
2.110863e-02
2.232323e-02
2.253125e-02
2.359507e-02
2.148885e-02
2.006558e-02
1.837854e-02
1.944710e-02
1.306152e-02
8.434618e-03
1.016325e-02
1.143340e-02
9.150348e-03
4.610417e-03
1.091251e-02
9.985065e-03
5.945162e-03
7.099195e-03
7.591141e-03
1.198451e-02
9.115129e-03
8.226246e-03
3.415619e-03
3.886153e-03
5.566375e-03
3.755516e-04
-1.627939e-03
4.858608e-03
3.013629e-03
-3.621593e-03
-5.818388e-03
-6.150715e-03
-3.749150e-04
-8.444595e-04
-2.054284e-03
-6.286417e-03
-2.900399e-03
1.527309e-03
2.059123e-03
9.676787e-04
6.876016e-03
7.669295e-03
3.035823e-03
5.219014e-03
6.541265e-03
9.846268e-03
1.511529e-02
1.209650e-02
8.971267e-03
7.567370e-03
8.674524e-03
3.331814e-03
1.698749e-03
-5.248978e-03
-6.206572e-03
-3.342779e-03
-7.337608e-03
-1.100861e-02
-1.086635e-02
-1.140906e-02
-1.648550e-02
-1.839070e-02
-1.737444e-02
-9.573081e-03
-1.080564e-02
-1.482802e-02
-1.350043e-02
-1.019074e-02
-6.100544e-03
-3.148794e-03
-6.203285e-03
-1.143351e-02
-1.301785e-02
-7.442000e-03
-3.173177e-03
-8.196812e-03
-9.344646e-03
-8.776556e-03
-5.067455e-03
-4.650024e-03
-3.579645e-03
-1.183281e-03
-5.395791e-04
1.208143e-03
-2.742673e-03
-3.973946e-03
-9.570279e-03
-9.000024e-03
-8.461267e-03
-1.272592e-02
-1.549606e-02
-1.855193e-02
-1.856514e-02
-1.895689e-02
-2.176356e-02
-2.361097e-02
-2.289796e-02
-2.152710e-02
-2.326778e-02
-2.350757e-02
-2.160326e-02
-1.512715e-02
-1.205524e-02
-1.071567e-02
-8.801674e-03
-7.050377e-03
-2.551368e-04
4.850312e-03
7.096886e-03
8.873662e-03
1.102240e-02
1.882069e-02
2.181376e-02
1.969520e-02
1.798787e-02
1.708201e-02
2.033432e-02
2.048632e-02
1.732629e-02
1.655473e-02
1.556224e-02
1.972651e-02
1.557283e-02
7.608536e-03
3.890066e-03
3.300329e-03
6.792242e-03
-2.818830e-04
-9.720462e-03
-1.153919e-02
-1.208486e-02
-9.613136e-03
-1.554132e-02
-2.182365e-02
-2.226375e-02
-2.060665e-02
-1.638342e-02
-1.670632e-02
-2.056373e-02
-2.236128e-02
-2.233236e-02
-1.887389e-02
-1.666247e-02
-1.725074e-02
-1.993986e-02
-2.027328e-02
-1.569699e-02
-1.194633e-02
-1.510887e-02
-1.547675e-02
-1.384239e-02
-9.476599e-03
-7.680808e-03
-3.197479e-03
-2.482733e-03
-2.026311e-04
3.982444e-03
5.978068e-03
7.307322e-03
7.238631e-03
8.900346e-03
8.244766e-03
6.122902e-03
2.255868e-03
8.493767e-03
6.578730e-03
7.590819e-04
8.468108e-04
1.242328e-03
3.858972e-03
5.491271e-03
1.166242e-03
-2.976025e-03
-3.732042e-03
-2.824168e-03
-6.615257e-03
-6.500333e-03
-8.977231e-03
-6.884562e-03
-2.773213e-03
-5.491806e-03
-7.442922e-03
-1.102242e-03
1.307753e-03
-2.002954e-03
-5.372432e-04
1.567446e-03
5.753631e-03
1.020620e-02
8.946378e-03
9.124298e-03
1.044321e-02
1.347586e-02
1.533677e-02
1.318029e-02
1.459766e-02
1.638766e-02
1.577425e-02
1.416366e-02
1.700618e-02
1.826996e-02
1.624110e-02
1.342561e-02
1.239650e-02
1.203630e-02
1.414283e-02
9.241049e-03
6.991697e-03
3.616776e-03
1.879492e-03
1.013044e-03
-5.581784e-03
-7.716594e-03
-6.881699e-03
-1.047840e-02
-1.421465e-02
-1.648397e-02
-1.779696e-02
-1.699769e-02
-1.871150e-02
-1.976825e-02
-1.765953e-02
-1.855718e-02
-2.172873e-02
-2.091881e-02
-2.009138e-02
-1.823668e-02
-1.452331e-02
-1.582646e-02
-1.744567e-02
-1.233365e-02
-5.909657e-03
-5.965614e-03
-1.275509e-03
5.680956e-03
6.899943e-03
8.549466e-03
1.172502e-02
1.408164e-02
1.962177e-02
2.202672e-02
2.233226e-02
2.536343e-02
2.351504e-02
1.696857e-02
1.519536e-02
1.171336e-02
1.357408e-02
8.157708e-03
3.330232e-03
9.230302e-04
-2.796151e-03
-1.025807e-02
-1.397937e-02
-1.927135e-02
-2.063130e-02
-2.505423e-02
-2.973740e-02
-4.231766e-02
-3.630948e-02
-3.391509e-02
-3.687812e-02
-3.176390e-02
-2.667968e-02
-2.108008e-02
-2.081886e-02
-2.058714e-02
-2.283321e-02
-1.460626e-02
-9.545260e-03
-1.217223e-02
-7.534727e-03
-4.449359e-04
5.316407e-03
2.485132e-03
5.379867e-04
7.114151e-03
1.387961e-02
1.363921e-02
1.666529e-02
2.262090e-02
2.735885e-02
2.323966e-02
1.872992e-02
1.828025e-02
1.689234e-02
1.249074e-02
8.591027e-03
8.573259e-03
3.302754e-03
-1.007565e-03
-5.824524e-03
-1.137874e-02
-1.412649e-02
-1.712883e-02
-2.274285e-02
-2.031433e-02
-2.393019e-02
-3.121729e-02
-3.236449e-02
-3.050186e-02
-2.643888e-02
-2.987145e-02
-2.939994e-02
-2.458909e-02
-2.221019e-02
-2.123671e-02
-1.923519e-02
-1.733435e-02
-1.150485e-02
-7.692599e-03
-9.691466e-03
-1.191399e-02
-6.172280e-03
-1.810918e-04
7.685147e-05
3.727357e-03
1.025261e-02
1.064443e-02
1.179830e-02
1.446301e-02
1.492820e-02
1.853560e-02
1.822724e-02
1.704607e-02
1.817127e-02
1.757111e-02
1.547557e-02
1.602086e-02
1.769004e-02
2.078406e-02
2.567307e-02
2.274498e-02
2.158616e-02
2.320787e-02
2.431459e-02
2.576947e-02
2.471985e-02
2.860803e-02
2.982800e-02
2.874235e-02
2.912713e-02
2.872186e-02
2.860748e-02
3.130587e-02
2.520264e-02
2.201306e-02
1.929258e-02
1.806136e-02
1.808386e-02
1.637877e-02
1.591021e-02
1.490488e-02
1.157068e-02
6.693464e-03
1.013217e-02
1.477165e-02
1.332599e-02
9.183181e-03
6.800705e-03
3.540311e-03
6.220307e-03
7.292246e-04
-3.359293e-03
-6.520492e-03
-9.981669e-03
-1.136088e-02
-1.435425e-02
-1.639321e-02
-1.647515e-02
-1.623391e-02
-1.784608e-02
-1.846831e-02
-1.467526e-02
-6.664815e-03
-8.198085e-03
-1.090469e-02
-8.722483e-03
-6.941374e-03
-1.196162e-03
7.262545e-04
2.268751e-07
-1.450589e-03
-7.226259e-04
5.424105e-03
8.692669e-03
4.314467e-03
1.793817e-03
1.135580e-03
5.177788e-04
-4.402675e-03
-7.084418e-03
-9.936066e-03
-1.379838e-02
-1.287584e-02
-1.572191e-02
-1.211794e-02
-1.616487e-02
-1.626595e-02
-1.316167e-02
-1.127329e-02
-9.462827e-03
-8.842910e-03
-6.124667e-03
-6.359411e-03
-5.986098e-03
-5.662061e-03
-1.135863e-03
1.014084e-03
9.396359e-04
1.313273e-03
7.425405e-04
5.036890e-03
5.901525e-03
4.141128e-03
2.843963e-03
1.887017e-03
6.874268e-03
7.752831e-03
5.073653e-03
3.420824e-03
3.575202e-03
8.765529e-03
8.829232e-03
5.000827e-03
2.047904e-03
6.069719e-04
4.479064e-03
1.891720e-03
-4.661025e-03
-7.902310e-03
-7.463985e-03
-9.046549e-04
-1.913855e-03
-5.992777e-03
-6.614226e-03
-6.119334e-03
2.617751e-03
2.985499e-03
9.170879e-04
2.164522e-03
6.168696e-03
1.501277e-02
1.319292e-02
8.223498e-03
7.946023e-03
8.634016e-03
1.401860e-02
9.344674e-03
5.889626e-03
5.038282e-03
4.879581e-03
7.785106e-03
6.042093e-03
3.323146e-03
4.161351e-03
4.543872e-03
8.236435e-03
7.759394e-03
6.383479e-03
2.398728e-03
2.596676e-03
6.526355e-03
9.782979e-03
7.341606e-03
3.643839e-03
3.696433e-03
7.983887e-03
1.181394e-02
1.217186e-02
8.566704e-03
8.198913e-03
8.468746e-03
1.016649e-02
7.952354e-03
6.305576e-03
3.177279e-03
5.827829e-05
4.742300e-04
-4.030751e-03
-5.069730e-03
-8.799638e-03
-7.932581e-03
-5.722990e-03
-6.215331e-03
-6.534975e-03
-4.565228e-03
-3.363006e-03
-6.319372e-03
-6.750075e-03
-4.350639e-03
2.301454e-03
-1.890748e-03
-6.300202e-03
-7.589020e-03
-7.600542e-03
-6.776288e-03
-2.388244e-03
-6.634422e-03
-8.810699e-03
-8.480887e-03
-6.567554e-03
-7.259649e-03
-6.326804e-03
-1.038892e-02
-8.237010e-03
-5.617784e-03
-6.416042e-03
-7.500014e-03
-1.514041e-03
-2.644327e-03
-5.557754e-03
-5.538676e-03
-5.476789e-03
-3.750845e-04
2.295035e-03
-5.922306e-04
-1.171984e-03
-2.297961e-03
-7.074826e-05
2.427356e-03
1.419107e-03
2.892532e-03
3.032395e-03
2.157869e-03
-2.741153e-04
2.886359e-03
6.456147e-03
6.913104e-03
4.357060e-03
3.047002e-03
4.319102e-03
8.669731e-03
7.632302e-03
7.626689e-03
7.628411e-03
5.963625e-03
3.458292e-03
5.335511e-04
8.957028e-04
-1.008743e-03
4.606904e-03
3.903267e-03
1.377951e-03
1.202264e-03
-9.608185e-05
2.838425e-04
-4.495171e-03
-8.616221e-04
-3.221484e-03
-6.970574e-03
-9.003047e-03
-1.070801e-02
-7.234866e-03
-1.044593e-02
-1.132824e-02
-1.401374e-02
-1.483461e-02
-1.545949e-02
-1.816539e-02
-1.726107e-02
-1.777294e-02
-1.117116e-02
-1.310862e-02
-1.592863e-02
-1.307155e-02
-9.086378e-03
-7.698949e-03
-6.410878e-03
-5.732458e-04
5.182681e-04
9.997122e-04
2.311786e-03
2.139852e-03
3.716057e-03
7.455517e-04
-4.500180e-05
7.646211e-03
4.536635e-03
1.353576e-03
3.807695e-03
3.901082e-03
5.905982e-03
6.681209e-03
2.687096e-03
6.267339e-03
4.681546e-03
-3.877304e-05
1.039271e-04
-1.672340e-03
-1.081621e-04
1.038881e-03
-1.394476e-03
4.240325e-03
7.459788e-03
2.037928e-03
2.195815e-03
2.558343e-03
3.110064e-03
4.814271e-03
6.003258e-03
4.549244e-03
9.509834e-03
8.070995e-03
4.673969e-03
4.808441e-03
6.384735e-03
8.835720e-03
6.589474e-03
6.354274e-03
9.424401e-03
9.302237e-03
5.740681e-03
2.799024e-03
1.721041e-03
5.473183e-03
3.168947e-03
1.689355e-03
9.373599e-04
1.354720e-03
1.913563e-03
-1.043858e-04
-3.448415e-04
1.244428e-03
7.390160e-03
3.959232e-03
8.621354e-04
2.875162e-03
6.109126e-03
5.651173e-03
2.637325e-03
9.609311e-03
8.162292e-03
5.680803e-03
6.515257e-03
3.947651e-03
4.533214e-03
7.281647e-03
4.000435e-03
4.772570e-03
5.405770e-03
4.667662e-03
4.354670e-03
2.348013e-03
3.878628e-03
4.686373e-03
7.294553e-03
5.413568e-03
4.318269e-03
1.231328e-03
2.418138e-04
6.499498e-04
-3.663301e-03
-4.997497e-03
-6.044840e-03
-9.076484e-03
-1.012783e-02
-8.603133e-03
-7.479494e-03
-4.634561e-03
-8.278857e-03
-8.929065e-03
-7.552521e-03
-5.585509e-03
-5.534757e-03
-4.696750e-03
-3.341422e-04
3.621661e-04
1.826019e-05
-2.178992e-03
-4.622310e-04
6.086130e-03
3.605889e-03
7.173516e-04
3.943421e-04
6.309600e-05
5.597596e-03
4.600557e-03
5.349181e-04
-1.597084e-04
-1.220486e-03
-2.824678e-03
-4.028907e-03
-6.773325e-03
-7.535047e-03
-6.895225e-03
-8.846310e-03
-1.217010e-02
-1.247177e-02
-6.824774e-03
-1.028747e-02
-1.635583e-02
-1.506595e-02
-1.448112e-02
-9.173596e-03
-5.007977e-03
-5.858459e-03
-7.560448e-03
-4.667416e-03
1.044470e-03
6.094150e-03
5.947153e-03
8.174906e-03
8.701498e-03
1.192256e-02
1.252908e-02
1.448464e-02
1.177152e-02
1.503298e-02
2.036391e-02
2.010797e-02
1.907212e-02
1.958055e-02
2.245563e-02
2.314698e-02
2.054613e-02
1.713973e-02
1.780056e-02
1.645874e-02
1.145900e-02
8.274095e-03
8.583630e-03
1.395590e-02
1.079563e-02
4.745287e-03
3.315392e-03
6.332901e-03
1.063629e-02
6.407339e-03
2.245542e-03
2.486530e-03
3.175968e-03
5.986672e-03
1.881215e-03
-2.235043e-03
-4.267333e-03
-2.940532e-03
1.305417e-03
-3.163597e-03
-7.078995e-03
-7.644292e-03
-6.048879e-03
-2.714627e-04
-2.960576e-03
-6.010583e-03
-5.808814e-03
-5.495943e-03
-8.900769e-04
-3.488462e-03
-8.445113e-03
-1.080471e-02
-1.052659e-02
-6.727568e-03
-1.230498e-02
-1.550792e-02
-1.660074e-02
-1.538702e-02
-1.038947e-02
-1.305856e-02
-1.704696e-02
-1.960661e-02
-2.027978e-02
-1.483517e-02
-1.761367e-02
-1.939054e-02
-2.074075e-02
-1.936682e-02
-1.143135e-02
-1.324841e-02
-1.587866e-02
-1.362662e-02
-9.283027e-03
-1.240056e-03
-1.710130e-03
-3.792617e-03
-4.620380e-03
-9.941959e-04
4.678093e-03
-6.110915e-05
-6.350597e-03
-8.253598e-03
-7.944877e-03
-4.929996e-03
-9.685435e-03
-1.417974e-02
-1.516368e-02
-1.503219e-02
-1.046669e-02
-1.290081e-02
-1.572884e-02
-1.554250e-02
-1.504105e-02
-1.095615e-02
-1.138100e-02
-1.477185e-02
-1.512481e-02
-1.303190e-02
-1.039668e-02
-8.387135e-03
-1.021737e-02
-1.445372e-02
-1.440240e-02
-9.293410e-03
-4.277846e-03
-7.380602e-03
-6.850630e-03
-5.918673e-03
-3.204012e-03
-4.935915e-03
-4.972365e-03
-6.516128e-03
-6.229008e-03
-5.365709e-03
-4.945313e-03
-2.961449e-03
-2.972531e-03
2.619084e-04
-3.258351e-04
1.435374e-04
2.165660e-03
1.000373e-02
7.490326e-03
4.545510e-03
5.577663e-03
7.874261e-03
9.896554e-03
1.567188e-02
1.156033e-02
1.062549e-02
1.071701e-02
1.209363e-02
9.915581e-03
9.230262e-03
6.520265e-03
9.068557e-03
1.194813e-02
9.811293e-03
7.786454e-03
1.041533e-02
8.722279e-03
5.998413e-03
7.095338e-03
3.131734e-03
1.694274e-03
5.466085e-04
8.212698e-04
-4.980091e-03
-7.009643e-03
-6.266026e-03
-3.038617e-03
-1.621563e-03
-2.390163e-03
-3.042301e-04
1.375370e-04
1.111958e-04
8.116608e-05
1.348885e-03
5.843234e-03
1.199771e-02
9.618005e-03
9.518961e-03
1.008612e-02
1.049381e-02
1.099165e-02
7.529417e-03
9.912937e-03
8.441280e-03
3.852173e-03
2.599190e-03
1.074870e-03
4.199491e-03
1.750269e-03
1.629826e-03
1.256826e-03
1.761956e-03
2.124342e-03
-2.677711e-03
-2.502116e-03
-1.334620e-03
5.571641e-04
-3.303036e-03
-5.827787e-03
-5.130369e-03
-1.018455e-03
-3.265488e-03
-5.054075e-03
7.628305e-04
6.602708e-04
9.484907e-04
2.185376e-03
3.551277e-03
5.876158e-03
5.687429e-03
3.804703e-03
1.072135e-02
1.042895e-02
1.116574e-02
1.463609e-02
1.432563e-02
1.677351e-02
1.662130e-02
1.496366e-02
1.709065e-02
1.648461e-02
1.438973e-02
1.154692e-02
6.927938e-03
6.760193e-03
1.384675e-03
-2.345366e-03
-1.371225e-04
3.307636e-03
-2.695470e-03
-8.238620e-03
-7.504621e-03
-7.817484e-03
-1.009511e-02
-8.357569e-03
-4.537776e-03
-1.926068e-03
-5.611017e-03
-1.148499e-02
-6.917574e-03
-4.693380e-03
-7.762334e-03
-5.913072e-03
-4.884397e-04
4.133240e-03
7.234641e-04
-3.562871e-03
3.041656e-03
4.662643e-03
5.716197e-05
-1.676372e-04
1.952188e-03
7.596260e-03
4.087995e-03
3.804894e-04
4.284124e-03
6.111139e-03
2.762656e-03
1.891403e-03
4.190657e-03
5.911534e-03
5.259980e-03
5.796457e-03
6.798000e-03
8.617342e-03
8.607995e-03
6.425565e-03
1.178005e-02
8.494761e-03
4.247667e-03
3.924408e-03
4.065109e-03
6.100508e-03
5.104232e-03
4.927653e-03
5.555671e-03
5.403525e-03
2.478711e-03
1.141828e-03
1.658525e-03
2.682743e-03
3.171988e-03
-2.397439e-03
-5.805562e-03
-2.512279e-03
-1.238889e-03
-3.799843e-03
-5.500188e-03
-4.444747e-04
-2.645355e-03
-7.374335e-03
-5.642833e-03
-5.101758e-03
6.117891e-04
1.019913e-03
6.444361e-04
-4.254242e-03
-2.822326e-04
5.539443e-03
4.513828e-03
2.033047e-03
8.246825e-03
5.621548e-03
-2.014354e-04
1.409023e-04
-7.506207e-05
4.964815e-04
2.259842e-03
-3.302210e-03
-6.499155e-03
-6.677928e-03
-6.272934e-03
-5.058162e-03
-5.921444e-03
-5.274170e-03
-5.261727e-03
-7.020925e-03
-1.152657e-02
-8.575167e-03
-4.155670e-03
-6.616091e-03
-7.957761e-03
-6.989926e-03
-7.122441e-03
-1.319827e-03
1.107278e-03
-3.271404e-03
-1.213792e-03
-1.880018e-03
-4.777065e-04
1.567426e-03
3.135282e-03
-2.571690e-04
-5.687588e-05
3.446014e-03
6.877496e-04
2.460424e-04
-9.617513e-05
6.001249e-04
-1.653064e-03
-2.431905e-03
-2.076384e-03
4.874902e-03
3.352822e-03
6.212210e-04
2.349020e-03
5.648797e-03
8.911769e-03
5.836267e-03
2.984571e-03
7.155224e-04
-8.212195e-05
9.309500e-04
2.681572e-03
-1.641202e-03
-5.647511e-03
-7.104046e-03
-7.264395e-03
-9.958967e-03
-1.221661e-02
-1.444037e-02
-1.462126e-02
-1.291508e-02
-1.441028e-02
-1.426684e-02
-1.418482e-02
-1.364772e-02
-1.482746e-02
-1.716292e-02
-1.787724e-02
-9.224149e-03
-1.058249e-02
-1.264113e-02
-1.073683e-02
-7.327824e-03
-2.664764e-03
4.305994e-04
-1.491981e-03
-2.304299e-04
4.973848e-04
3.092656e-03
2.769818e-03
5.026814e-03
2.206811e-03
2.997688e-03
7.548510e-03
8.873728e-03
9.003817e-03
9.803549e-03
1.164259e-02
1.120639e-02
9.477369e-03
1.310474e-02
1.694495e-02
1.699087e-02
1.757914e-02
1.780737e-02
1.820814e-02
2.193046e-02
2.037980e-02
2.062166e-02
1.647183e-02
1.754907e-02
2.064939e-02
1.776412e-02
1.659939e-02
2.111307e-02
1.887500e-02
1.397777e-02
1.325269e-02
1.078013e-02
1.104302e-02
1.172904e-02
1.534163e-02
1.087940e-02
7.700319e-03
8.406470e-03
6.736085e-03
6.322963e-03
3.958747e-03
4.254276e-03
1.432364e-03
-3.038312e-03
-4.599999e-03
-5.637773e-03
-6.287264e-03
-2.885161e-03
-7.867359e-03
-1.190124e-02
-1.200374e-02
-1.154531e-02
-9.814401e-03
-1.008757e-02
-7.201246e-03
-7.304408e-03
-9.835071e-03
-1.028199e-02
-9.765948e-03
-5.559219e-03
-3.742856e-03
-3.835085e-03
-7.040778e-03
-2.336171e-03
1.950304e-03
2.839462e-04
3.632175e-03
6.016550e-03
5.145977e-03
4.107512e-03
5.440489e-03
3.696894e-03
4.153607e-03
5.593981e-03
5.046784e-03
9.276957e-03
7.681018e-03
5.298354e-03
5.846231e-03
2.810876e-03
4.116517e-03
4.331869e-03
2.236084e-03
4.166804e-03
2.359600e-03
-1.060123e-03
-1.745927e-03
-2.989336e-03
-4.312356e-04
-4.648048e-03
-6.236756e-03
-6.262304e-03
-7.315868e-03
-1.146051e-02
-1.180000e-02
-1.247256e-02
-8.193869e-03
-9.065671e-03
-8.629820e-03
-5.479607e-03
-2.750892e-03
-2.643375e-03
-3.096804e-03
-2.571240e-03
8.678481e-05
7.874248e-04
2.382334e-03
8.608321e-04
9.429979e-04
1.081193e-03
-6.979814e-04
-4.956831e-04
6.318432e-04
3.825341e-03
8.593151e-04
-3.966103e-03
-1.541510e-03
2.386785e-04
-7.861097e-04
5.614995e-04
1.742462e-03
3.050963e-03
7.806202e-04
2.608587e-04
6.791947e-05
4.962967e-04
1.257829e-03
5.471094e-04
7.022668e-03
5.655166e-03
1.047457e-03
1.592823e-04
7.860276e-04
4.267642e-03
1.256405e-03
1.963563e-03
3.341440e-03
4.857701e-03
4.982263e-03
1.594437e-03
3.485217e-03
5.420208e-03
6.575929e-03
5.052077e-03
3.895238e-03
2.351175e-03
2.821441e-03
1.963014e-03
-1.392551e-04
-5.455699e-04
-2.282110e-03
-4.929298e-03
-5.704153e-03
-5.965897e-03
-6.074827e-03
-5.132166e-03
-1.951811e-03
-4.483565e-03
-5.754357e-03
-5.293704e-03
-5.898078e-03
-4.247225e-03
-5.455146e-03
-4.654649e-03
-4.008332e-03
-5.159438e-03
-5.927959e-03
-3.898302e-03
-3.745450e-03
-1.168186e-03
-2.854335e-03
-1.415511e-03
-2.773356e-03
-2.781054e-03
-1.932535e-03
-2.246740e-03
-5.139844e-03
-3.988660e-03
-3.647188e-03
-5.123703e-03
-4.286487e-03
-7.605392e-04
-2.906680e-03
-4.984186e-03
-4.908488e-03
-4.982223e-03
-1.367945e-03
2.368218e-03
-9.509146e-04
-1.433658e-03
-2.258754e-03
-1.393642e-03
-1.812522e-03
-2.255101e-03
-3.075149e-03
-3.522386e-03
-3.300334e-03
-4.222081e-03
-3.601872e-03
-1.074374e-03
-1.860344e-03
-5.241435e-03
-5.214986e-03
-3.818870e-03
-1.750685e-03
-4.533414e-03
-6.208468e-03
-5.867333e-03
-4.598731e-03
-9.846167e-04
2.067394e-03
6.292465e-04
-2.595313e-04
-1.495787e-04
8.809013e-04
1.567133e-03
6.117469e-05
2.689236e-04
2.105050e-04
1.002734e-03
-6.313728e-04
-2.738820e-03
-3.495664e-03
-5.354177e-03
-5.098182e-03
-6.358137e-03
-5.295012e-03
-5.789315e-03
-6.885513e-03
-6.341348e-03
-6.290553e-03
-6.163183e-03
-8.194339e-03
-8.350763e-03
-6.145318e-03
-6.347208e-03
-6.387604e-03
-7.344116e-03
-6.444500e-03
-3.656364e-03
-3.858666e-03
-2.832101e-03
-2.046674e-03
-2.211066e-03
-9.800012e-04
-1.435897e-03
-4.075341e-05
7.500591e-04
1.316164e-03
4.007123e-03
2.370272e-03
6.314257e-04
6.384262e-04
-9.558869e-04
2.231242e-04
9.309286e-04
1.223367e-03
3.009523e-03
2.075685e-03
2.822819e-03
1.514160e-03
4.708497e-04
3.544208e-03
5.041029e-03
7.287610e-03
6.756970e-03
4.353171e-03
2.382776e-03
-6.541637e-04
-1.050883e-03
-2.616794e-03
-6.300433e-04
8.517689e-04
3.618071e-04
5.415692e-04
-2.031704e-03
-2.709877e-03
-4.293276e-03
-4.970075e-03
-3.344501e-03
-2.694348e-03
-2.308412e-03
-4.076701e-03
-4.542171e-03
-4.261281e-03
-4.773471e-03
-4.666213e-03
-5.348153e-03
-4.505035e-03
-3.591871e-03
-4.357500e-03
-5.640547e-03
-5.749301e-03
-5.597219e-03
-6.135559e-03
-6.501036e-03
-5.045210e-03
5.147976e-04
1.968176e-03
1.185083e-03
2.009512e-03
3.632812e-03
4.792547e-03
4.550520e-03
4.234107e-03
2.667093e-03
2.234337e-03
2.410278e-03
2.433142e-03
4.153432e-03
2.145208e-03
9.566510e-04
5.826007e-04
1.781237e-03
1.868030e-03
2.477391e-03
2.154105e-03
1.486848e-03
1.962500e-03
2.072729e-03
2.474183e-03
1.630591e-03
2.277910e-03
1.785777e-03
1.146942e-03
1.125674e-03
3.442293e-03
2.527692e-03
1.560008e-03
2.039501e-03
2.329614e-03
2.875501e-03
4.418599e-03
2.699036e-03
2.173882e-03
3.046169e-03
3.761393e-03
4.201420e-03
4.521373e-03
5.073045e-03
5.308814e-03
5.400564e-03
4.335801e-03
5.232632e-03
6.366202e-03
5.394672e-03
3.981256e-03
2.861523e-03
2.042724e-03
2.440663e-03
1.193221e-03
9.775413e-04
1.666724e-04
2.311430e-04
5.963188e-05
-1.129688e-03
-8.501470e-04
2.606400e-04
-7.924736e-04
-1.565405e-03
-1.704233e-03
-1.666683e-03
-3.739849e-04
-1.067174e-03
-1.158984e-03
-1.546336e-03
-1.042849e-03
-5.998615e-04
-1.624484e-03
-1.116692e-03
-3.766636e-04
-1.105773e-03
-1.851723e-03
-1.912687e-03
-2.485317e-03
-1.928361e-03
-1.540923e-03
-1.327150e-03
-1.018549e-03
-8.718497e-04
-7.814638e-04
-8.828241e-04
-8.223014e-04
-2.454075e-04
4.411618e-04
3.336302e-04
-3.876998e-04
5.623295e-04
1.039627e-03
5.131798e-04
1.413294e-03
2.111401e-03
2.430664e-03
2.067329e-03
1.905750e-03
1.782098e-03
1.850261e-03
1.914036e-03
1.639475e-03
2.723706e-03
2.163415e-03
1.509708e-03
1.698485e-03
1.665345e-03
1.993169e-03
1.675429e-03
1.113758e-03
1.196654e-03
9.079195e-04
4.379124e-04
-4.300679e-05
-1.921515e-04
3.625139e-04
4.510897e-05
2.312118e-04
2.890548e-04
6.170569e-04
8.156169e-04
4.124445e-04
5.379013e-04
8.391026e-04
1.207442e-03
6.626383e-04
3.288862e-04
5.012435e-04
5.414378e-04
4.108217e-04
6.601105e-04
1.031856e-03
9.212839e-04
8.581872e-04
9.683793e-04
9.088022e-04
9.519447e-04
9.309588e-04
8.390718e-04
8.855316e-04
8.066104e-04
6.218408e-04
8.009067e-04
8.604271e-04
1.213720e-03
1.073230e-03
9.517328e-04
7.811494e-04
9.816644e-04
1.173419e-03
7.932309e-04
9.486792e-04
1.103948e-03
9.639230e-04
8.320052e-04
7.936183e-04
8.580391e-04
9.838261e-04
8.839530e-04
7.283284e-04
6.196314e-04
6.402487e-04
5.341991e-04
2.248510e-04
2.011123e-04
2.604173e-04
1.375397e-04
-5.961666e-05
-1.727085e-04
-2.613929e-04
-2.408699e-04
-3.298633e-04
-3.371028e-04
-4.841806e-04
-4.293045e-04
-4.662026e-04
-6.513257e-04
-6.140327e-04
-4.018466e-04
-5.514201e-04
-7.272480e-04
-7.309961e-04
-7.328172e-04
-5.115969e-04
-3.974909e-04
-4.623045e-04
-4.960733e-04
-4.499649e-04
-4.211074e-04
-2.853117e-04
-2.571238e-04
-2.530638e-04
-2.016766e-04
-1.854212e-04
-2.238049e-04
-1.402102e-04
-6.810454e-05
-1.608614e-04
-2.157218e-04
-2.272347e-04
-2.323825e-04
-1.557537e-04
-9.216696e-05
-1.890478e-04
-2.586139e-04
-2.493986e-04
-2.807018e-04
-3.166825e-04
-3.159949e-04
-3.770450e-04
-3.973464e-04
-3.701922e-04
-3.897528e-04
-3.830550e-04
-3.875489e-04
-3.601648e-04
-3.501952e-04
-3.613540e-04
-3.564431e-04
-2.794522e-04
-2.705043e-04
-2.657671e-04
-2.533312e-04
-2.263865e-04
-1.841845e-04
-1.782749e-04
-1.783757e-04
-1.640897e-04
-1.483336e-04
-1.127990e-04
-8.119240e-05
-9.299457e-05
-1.022636e-04
-9.913579e-05
-7.442474e-05
-5.130066e-05
-6.525182e-05
-6.604984e-05
-6.365756e-05
-5.820819e-05
-6.600532e-05
-7.336488e-05
-7.017680e-05
-7.148812e-05
-6.320018e-05
-6.176689e-05
-6.175372e-05
-5.998957e-05
-6.285430e-05
-5.471542e-05
-5.718329e-05
-5.237245e-05
-4.948696e-05
-4.616105e-05
-4.029772e-05
-3.965498e-05
-3.727741e-05
-3.232367e-05
-3.117722e-05
-2.456679e-05
-2.227992e-05
-2.180399e-05
-1.913306e-05
-1.820773e-05
-1.594588e-05
-1.458383e-05
-1.507125e-05
-1.289626e-05
-1.248123e-05
-1.062103e-05
-1.088766e-05
-1.087206e-05
-9.957567e-06
-9.254195e-06
-8.210205e-06
-7.199948e-06
-6.741217e-06
-5.272170e-06
-4.457314e-06
-2.696722e-06
-1.709012e-06
-5.732960e-07
7.061771e-07
2.018531e-06
3.376683e-06
4.743129e-06
5.867268e-06
7.404552e-06
8.635705e-06
1.013061e-05
1.145824e-05
1.289219e-05
1.424998e-05
1.566967e-05
1.704543e-05
1.848276e-05
1.984710e-05
2.127339e-05
2.264328e-05
2.405386e-05
2.541700e-05
2.680874e-05
2.817582e-05
2.955750e-05
3.092276e-05
3.229441e-05
3.365703e-05
3.502163e-05
3.638156e-05
3.774046e-05
3.909669e-05
