-1.549605e-04
-1.550438e-04
-1.550899e-04
-1.549927e-04
-1.548737e-04
-1.546012e-04
-1.543088e-04
-1.538712e-04
-1.534221e-04
-1.528274e-04
-1.522198e-04
-1.514728e-04
-1.507202e-04
-1.498289e-04
-1.489352e-04
-1.479126e-04
-1.468882e-04
-1.457371e-04
-1.445704e-04
-1.433325e-04
-1.420450e-04
-1.406091e-04
-1.393054e-04
-1.382720e-04
-1.344485e-04
-1.383810e-04
-1.513388e-04
-1.343026e-04
-1.368415e-04
-1.579056e-04
-1.640733e-04
-1.566780e-04
-1.274829e-04
-1.175580e-04
-1.207164e-04
-1.415541e-04
-1.625401e-04
-1.648823e-04
-1.663511e-04
-1.449134e-04
-1.127499e-04
-1.417049e-04
-1.691921e-04
-1.692840e-04
-1.695208e-04
-1.709616e-04
-1.721253e-04
-1.730291e-04
-1.744250e-04
-1.755200e-04
-1.769863e-04
-1.782126e-04
-1.798165e-04
-1.811697e-04
-1.828530e-04
-1.843937e-04
-1.865333e-04
-1.871148e-04
-1.902280e-04
-1.946324e-04
-1.609859e-04
-1.224887e-04
-1.978527e-04
-1.827173e-04
-9.947134e-05
-1.509155e-04
-7.916063e-05
-1.186500e-04
-2.139076e-04
-2.182449e-04
-2.080628e-04
-3.280400e-04
-4.792874e-04
-3.241041e-04
-2.205274e-04
-2.339763e-04
-2.387198e-04
-2.396954e-04
-2.442964e-04
-2.473901e-04
-2.515784e-04
-2.556923e-04
-2.602641e-04
-2.531349e-04
-2.969251e-04
-2.211458e-04
1.675918e-04
3.413093e-04
4.723401e-04
3.506478e-04
2.928699e-04
4.622253e-04
3.081298e-04
3.427622e-04
4.047723e-04
2.912324e-04
2.688527e-04
2.809896e-04
3.797660e-04
6.138867e-04
6.157907e-04
3.777319e-04
2.935184e-04
3.179178e-04
2.898304e-04
3.573232e-04
5.447811e-04
3.858572e-04
2.963756e-04
4.886250e-04
6.567688e-04
5.461035e-04
6.077879e-04
4.009305e-04
3.057993e-04
3.695419e-04
5.976663e-04
7.828608e-04
8.113060e-04
6.953022e-04
5.616092e-04
7.667148e-04
8.786890e-04
7.799989e-04
4.113277e-04
3.369465e-04
3.764722e-04
3.567664e-04
4.021407e-04
2.980676e-04
3.359018e-05
3.138103e-04
3.620319e-04
4.370879e-04
7.972110e-04
3.286500e-04
3.311960e-05
2.802959e-04
4.672966e-05
2.839649e-04
9.100087e-04
9.787553e-04
9.702736e-04
9.161094e-04
5.733893e-04
2.608416e-04
-6.512116e-05
5.861432e-05
-2.378432e-04
-2.632128e-04
2.449019e-04
3.920657e-04
3.610455e-04
3.715439e-04
3.583658e-04
4.172927e-04
3.172871e-04
-2.572857e-04
-3.561444e-04
1.085668e-04
3.202790e-04
-1.941514e-04
-3.969753e-04
-5.276490e-05
2.884945e-04
2.090151e-05
2.031111e-04
4.300176e-04
4.001055e-04
1.044658e-04
-3.842181e-04
-3.256356e-04
3.007120e-04
4.518097e-04
3.964902e-04
3.971628e-04
4.769400e-04
2.919401e-04
-2.161728e-04
2.920202e-04
4.624010e-04
4.865125e-04
2.258329e-04
-1.221874e-04
8.734291e-04
5.887141e-04
3.896010e-04
3.788322e-04
-3.390094e-04
-3.426944e-04
8.026283e-05
-3.713592e-04
-5.384108e-04
-4.636052e-04
-4.983613e-04
-4.992149e-04
-1.582138e-04
4.413607e-04
3.758407e-04
-4.166860e-04
-3.676186e-04
-5.852272e-06
-3.493673e-04
-4.236001e-05
-3.720727e-04
-4.529586e-04
3.232589e-04
9.493973e-05
-6.013104e-04
-5.011560e-04
3.185243e-04
5.075509e-04
7.236399e-05
-5.059423e-04
-5.851252e-04
-5.457872e-04
-5.640597e-04
-2.537815e-04
-4.604170e-05
-4.543853e-04
-6.560347e-04
-4.282256e-04
3.820858e-04
6.162833e-04
4.300142e-04
-2.227365e-04
-5.650197e-04
-5.219104e-04
-5.718205e-04
-5.083599e-04
2.330774e-04
4.568106e-04
-4.196770e-04
-6.034792e-04
-5.049812e-04
-5.236625e-04
-5.279654e-04
-5.476444e-04
-2.430644e-04
7.192424e-05
-4.224279e-04
-5.684146e-04
-4.968444e-04
-5.119105e-04
-5.096305e-04
-5.072499e-04
-5.034071e-04
-5.029335e-04
-4.993718e-04
-4.978447e-04
-4.948903e-04
-4.929235e-04
-4.901317e-04
-4.878984e-04
-4.851192e-04
-4.826892e-04
-4.800078e-04
-4.774222e-04
-4.747224e-04
-4.720123e-04
-4.693052e-04
-4.664538e-04
-4.636730e-04
-4.607281e-04
-4.580132e-04
-4.545934e-04
-4.497545e-04
-4.435706e-04
-4.375790e-04
-4.313125e-04
-4.253397e-04
-4.189742e-04
-4.129670e-04
-4.065068e-04
-4.004001e-04
-3.938403e-04
-3.877590e-04
-3.811348e-04
-3.750284e-04
-3.683081e-04
-3.621221e-04
-3.553061e-04
-3.491701e-04
-3.422754e-04
-3.361555e-04
-3.291511e-04
-3.230213e-04
-3.159294e-04
-3.099303e-04
-3.027406e-04
-2.968541e-04
-2.895052e-04
-2.837222e-04
-2.761506e-04
-2.706461e-04
-2.627864e-04
-2.576183e-04
-2.492415e-04
-2.447405e-04
-2.352115e-04
-2.324802e-04
-2.219763e-04
-2.165234e-04
-2.089996e-04
-2.283548e-04
-1.103765e-04
-3.569346e-04
-1.015046e-03
-3.435703e-04
-8.361100e-05
-1.882551e-04
-1.555273e-04
-1.496758e-04
-1.417228e-04
-1.388932e-04
-1.281913e-04
-1.244285e-04
-1.155116e-04
-1.105529e-04
-1.022787e-04
-9.684513e-05
-8.886733e-05
-8.318631e-05
-7.543632e-05
-6.970144e-05
-6.272074e-05
-5.767316e-05
-5.109247e-05
-4.596128e-05
-3.937959e-05
-3.417887e-05
-2.761018e-05
-2.244904e-05
-1.585426e-05
-1.073190e-05
-4.043842e-06
1.034231e-06
7.829116e-06
1.283164e-05
1.992387e-05
2.367440e-05
3.282070e-05
3.835343e-05
3.230994e-05
6.392725e-05
6.546334e-05
-5.249097e-04
-1.000896e-03
-2.535674e-04
1.293823e-04
7.557057e-05
8.713835e-05
9.808917e-05
1.036577e-04
1.071083e-04
1.156148e-04
1.198253e-04
1.272057e-04
1.320615e-04
1.392114e-04
1.441444e-04
1.512407e-04
1.561969e-04
1.633390e-04
1.682903e-04
1.755682e-04
1.801723e-04
1.880931e-04
1.920055e-04
1.992807e-04
2.065644e-04
2.142160e-04
1.927888e-04
2.853434e-04
1.537198e-04
-7.700460e-04
-8.144990e-04
1.572104e-04
2.940529e-04
3.336707e-04
7.829375e-05
-6.731730e-04
8.833713e-05
3.824646e-04
2.621988e-04
2.954155e-04
2.999694e-04
3.057495e-04
3.065613e-04
3.143206e-04
3.189708e-04
3.261795e-04
3.100807e-04
3.674845e-04
3.186028e-04
-4.417495e-04
-7.283794e-04
2.608843e-04
1.440617e-04
-7.688578e-04
-8.667992e-04
-7.778248e-04
-8.565773e-04
-5.686897e-04
2.946167e-04
4.258545e-04
4.659105e-04
2.249710e-04
-4.842904e-04
2.325461e-04
5.069030e-04
3.949378e-04
4.257616e-04
4.312586e-04
4.362726e-04
4.381023e-04
4.462409e-04
4.489155e-04
4.553266e-04
4.591812e-04
4.649817e-04
4.692402e-04
4.747027e-04
4.792739e-04
4.844973e-04
4.892977e-04
4.943216e-04
4.993201e-04
5.040846e-04
5.095623e-04
5.137543e-04
5.191507e-04
5.252313e-04
5.298033e-04
5.210606e-04
5.786742e-04
4.808520e-04
1.873301e-05
1.552953e-04
5.459628e-04
6.236020e-04
1.739150e-04
-5.177603e-04
1.299791e-04
4.845318e-04
-4.707877e-04
-6.554333e-04
-6.091399e-04
-5.155715e-04
2.454806e-04
6.329436e-04
6.115733e-04
6.105260e-04
6.215940e-04
6.246959e-04
6.272068e-04
6.333970e-04
6.349127e-04
6.427771e-04
6.457695e-04
6.399893e-04
6.640947e-04
6.797899e-04
1.187150e-04
-3.364181e-04
1.752020e-04
-2.915206e-04
-5.691036e-04
-4.891566e-04
-4.691455e-04
-5.654126e-04
-3.720436e-04
5.840812e-04
7.758982e-04
6.828044e-04
7.145547e-04
7.175357e-04
7.213547e-04
7.232083e-04
7.308509e-04
7.317450e-04
7.395393e-04
7.397979e-04
7.475519e-04
7.504171e-04
7.577772e-04
7.356805e-04
8.248629e-04
6.075573e-04
-3.405375e-04
-4.559070e-04
4.299061e-04
5.835580e-04
-1.235907e-04
5.665435e-04
4.611409e-04
2.853400e-04
7.615038e-04
8.425023e-04
8.058394e-04
8.157910e-04
8.266773e-04
8.244607e-04
8.343335e-04
8.170349e-04
8.721328e-04
7.920353e-04
1.633209e-04
-4.197370e-04
-2.138530e-04
7.462597e-04
4.566008e-04
-3.016710e-04
-3.376632e-04
-3.485352e-04
-7.660078e-05
7.791843e-04
9.410330e-04
8.590670e-04
8.884381e-04
8.893645e-04
8.935119e-04
8.941997e-04
9.011112e-04
9.015457e-04
9.077399e-04
9.085364e-04
9.150970e-04
9.150763e-04
9.214830e-04
9.242175e-04
9.304821e-04
9.070205e-04
1.000302e-03
8.322166e-04
-4.205873e-05
-3.181057e-04
-1.937427e-04
3.289429e-04
1.008231e-03
8.660051e-04
-1.370009e-04
7.174872e-05
9.030282e-04
1.089818e-03
8.408772e-04
-8.555060e-05
-2.684453e-04
-1.744751e-04
-1.933039e-04
-1.828709e-04
-2.073312e-04
-1.627564e-04
2.624144e-04
2.423030e-04
5.492771e-05
6.631259e-04
3.720310e-05
-2.922177e-04
-7.646472e-05
5.982127e-04
1.040964e-03
1.065877e-03
6.829676e-04
-7.196263e-05
-1.876807e-04
-1.191046e-04
-1.365718e-04
-1.315404e-04
-1.302984e-04
-1.234137e-04
-1.241031e-04
-1.182302e-04
-1.355699e-04
-4.679664e-05
-2.627129e-04
-7.155980e-04
-5.029061e-04
-9.279538e-04
-2.214975e-04
-1.220956e-04
-7.784258e-04
-3.530847e-04
-5.243742e-05
-8.815746e-05
-8.739554e-05
-8.081520e-05
-8.638320e-05
-3.958448e-05
-3.466793e-04
-1.218635e-03
-1.232783e-03
-4.018709e-04
-1.875384e-05
-7.225000e-05
-4.595833e-04
-5.987100e-04
-3.298673e-05
-1.256653e-04
-1.145417e-03
-9.201092e-04
-7.528697e-05
2.518336e-05
-1.321049e-04
1.808742e-04
6.747290e-04
-3.512371e-04
-5.263107e-04
-1.227754e-04
1.754886e-04
7.788749e-04
-3.673729e-04
-1.153627e-03
-3.671551e-04
-1.149637e-05
2.319099e-04
1.064721e-03
1.310402e-03
1.074424e-03
2.594177e-04
-4.698233e-05
2.053038e-05
6.099810e-04
1.094343e-03
3.575462e-04
-2.782798e-05
9.801185e-05
-5.743839e-05
-4.682006e-04
-3.982893e-04
-9.412068e-04
-1.175171e-03
-1.105831e-03
-1.114710e-03
-1.110867e-03
-1.107892e-03
-1.101197e-03
-1.099511e-03
-1.094002e-03
-1.090847e-03
-1.086272e-03
-1.082432e-03
-1.078502e-03
-1.074181e-03
-1.070772e-03
-1.065858e-03
-1.063149e-03
-1.057386e-03
-1.055061e-03
-1.050321e-03
-1.048854e-03
-1.028733e-03
-1.072642e-03
-9.891268e-04
-5.462849e-04
-5.636840e-04
-1.074846e-03
-8.887153e-04
-2.330112e-04
-8.567197e-04
-1.088718e-03
-9.794244e-04
-1.000712e-03
-9.953163e-04
-9.934573e-04
-9.846392e-04
-9.863966e-04
-9.771457e-04
-9.774969e-04
-9.720238e-04
-9.715240e-04
-9.388799e-04
-1.032166e-03
-8.369638e-04
9.202675e-05
3.542017e-04
1.693596e-04
-6.623100e-04
-8.373846e-04
1.582301e-04
-6.609806e-05
-8.683652e-04
-9.320343e-04
-8.581054e-04
-8.709443e-04
-8.561042e-04
-8.461973e-04
-8.307742e-04
-8.248025e-04
-8.112356e-04
-8.018027e-04
-7.620710e-04
-8.705314e-04
-5.881062e-04
1.327847e-04
-5.657188e-04
-8.259712e-04
-6.950829e-04
-7.126136e-04
-6.997309e-04
-6.909204e-04
-6.746018e-04
-6.688206e-04
-6.532719e-04
-6.459878e-04
-6.314806e-04
-6.239715e-04
-6.082428e-04
-6.037749e-04
-5.885825e-04
-5.665752e-04
-5.888271e-04
-5.595124e-04
1.321751e-04
4.600206e-04
-1.448007e-04
4.923015e-04
7.707923e-04
6.678738e-04
7.048025e-04
7.156148e-04
7.297145e-04
7.152212e-04
7.976064e-04
6.873787e-04
-5.731054e-05
-4.296455e-04
-3.901877e-04
-3.781905e-04
-3.706684e-04
-3.610220e-04
-3.486849e-04
-3.410645e-04
-3.070374e-04
-3.707957e-04
-2.227202e-04
5.833490e-04
9.495193e-04
9.115162e-04
4.579107e-04
-1.879494e-04
-2.528814e-04
-1.874120e-04
-2.046232e-04
-1.315537e-04
-2.115049e-04
-9.083170e-04
-1.321571e-03
-1.298926e-03
-1.248816e-03
-1.316070e-03
-1.163729e-03
-3.409161e-04
7.049972e-06
-2.108909e-05
-1.485745e-06
1.861118e-05
3.317764e-05
4.752796e-05
6.435603e-05
7.937347e-05
9.507809e-05
1.108459e-04
1.257084e-04
1.427300e-04
1.566805e-04
1.708860e-04
1.921233e-04
2.126889e-04
1.684845e-04
5.580657e-04
1.318207e-03
8.533501e-04
2.712190e-04
2.806826e-04
3.231197e-04
3.249750e-04
3.416684e-04
3.591888e-04
3.714925e-04
3.868691e-04
4.236124e-04
3.654280e-04
5.147725e-04
1.337644e-03
1.683866e-03
1.657239e-03
1.675706e-03
1.695715e-03
1.697643e-03
1.759858e-03
1.526776e-03
6.646707e-04
-1.247971e-04
-4.443520e-04
3.543782e-04
6.883305e-04
6.238759e-04
6.464770e-04
6.585948e-04
6.671797e-04
6.747602e-04
6.855470e-04
6.943158e-04
7.030853e-04
7.136784e-04
7.206923e-04
7.320521e-04
7.408922e-04
7.511228e-04
7.388181e-04
8.284035e-04
5.993118e-04
-2.711212e-04
-5.096335e-04
-2.712993e-04
5.110602e-04
8.737252e-04
8.044278e-04
4.062966e-04
-3.616018e-04
-1.201729e-03
-1.513014e-03
-1.487929e-03
-1.480441e-03
-1.470366e-03
-1.449318e-03
-1.510066e-03
-1.226021e-03
-3.672235e-04
-1.906486e-04
5.784051e-04
1.914340e-03
2.170728e-03
2.133414e-03
3.286050e-03
4.290193e-03
3.928274e-03
4.244637e-03
3.563097e-03
3.821347e-03
4.492231e-03
3.779712e-03
3.424699e-03
3.181526e-03
2.352736e-03
2.196098e-03
2.288900e-03
2.285176e-03
2.279062e-03
2.266981e-03
2.938434e-03
4.154368e-03
4.764155e-03
5.922939e-03
6.997160e-03
6.655880e-03
5.819804e-03
4.983073e-03
4.717396e-03
4.422053e-03
3.653456e-03
2.755286e-03
5.998009e-04
-1.004722e-03
-1.698697e-03
-3.373225e-03
-4.285062e-03
-4.680722e-03
-4.770552e-03
-4.730820e-03
-4.743512e-03
-4.736778e-03
-4.743594e-03
-4.715058e-03
-4.774653e-03
-4.691497e-03
-3.787900e-03
-2.377904e-03
-5.298789e-04
2.437494e-03
4.155595e-03
1.678851e-03
-1.397526e-03
-2.153170e-03
-2.689801e-03
-5.542113e-03
-6.923379e-03
-6.875540e-03
-5.256241e-03
-3.550343e-03
-2.462722e-03
-2.259538e-03
-1.894949e-03
-1.080290e-03
-3.026783e-04
1.600371e-04
1.359007e-03
2.417712e-03
3.110521e-03
3.485279e-03
3.699324e-03
4.628277e-03
5.251194e-03
5.930700e-03
5.881203e-03
4.943071e-03
4.705612e-03
4.777576e-03
4.762558e-03
4.763006e-03
4.755092e-03
4.766567e-03
4.789975e-03
4.188207e-03
2.901839e-03
2.371105e-03
2.385982e-03
2.397694e-03
2.837216e-03
3.593430e-03
3.501126e-03
2.544054e-03
2.348510e-03
1.993724e-03
6.747164e-04
-9.175071e-04
-2.021007e-03
-2.672116e-03
-5.241714e-03
-7.058352e-03
-5.645213e-03
-2.829419e-03
2.237627e-05
2.885942e-03
3.637993e-03
1.303843e-03
-1.084647e-03
-4.476438e-03
-6.986624e-03
-7.636170e-03
-8.761565e-03
-8.779878e-03
-6.011405e-03
-2.772660e-03
-3.240973e-03
-5.357064e-03
-8.489677e-03
-9.465631e-03
-7.196918e-03
-4.273225e-03
-1.496235e-03
5.427812e-04
2.201807e-03
4.337376e-03
6.483819e-03
1.046369e-02
1.413510e-02
1.454938e-02
1.206162e-02
8.045282e-03
3.745071e-03
-3.641983e-04
-3.871591e-03
-7.866986e-03
-1.033840e-02
-8.741752e-03
-7.162187e-03
-4.807057e-03
-2.687820e-03
-1.329693e-03
6.629686e-05
1.496187e-03
2.795353e-03
4.436842e-03
6.523958e-03
7.216002e-03
8.440879e-03
1.037938e-02
1.228177e-02
1.460477e-02
1.793182e-02
2.017789e-02
1.650158e-02
1.212447e-02
1.034457e-02
9.647874e-03
1.015919e-02
9.862481e-03
9.276159e-03
7.277882e-03
4.017932e-03
5.113407e-04
-3.960774e-03
-8.487423e-03
-1.274143e-02
-1.154349e-02
-7.320348e-03
-6.231930e-03
-9.037311e-03
-1.407306e-02
-1.803201e-02
-1.929136e-02
-2.019376e-02
-1.953005e-02
-1.684598e-02
-1.387870e-02
-1.107959e-02
-1.123394e-02
-1.397994e-02
-1.221171e-02
-5.548453e-03
-2.989921e-03
-6.806269e-03
-7.665297e-03
-6.280225e-03
-4.384712e-03
-1.911318e-03
6.917728e-04
2.332776e-03
4.026016e-03
6.280436e-03
8.377103e-03
1.137203e-02
1.654654e-02
1.935677e-02
1.682847e-02
1.303531e-02
8.901826e-03
5.758213e-03
3.598987e-03
1.761746e-04
-2.919276e-03
-4.680967e-03
-3.929270e-03
-1.200207e-03
1.563904e-03
4.487190e-03
8.784526e-03
1.342893e-02
1.757894e-02
2.036006e-02
2.004479e-02
1.664580e-02
1.251913e-02
7.679279e-03
1.795004e-03
3.766591e-04
3.895580e-03
7.964798e-03
8.044864e-03
5.309648e-03
1.120930e-03
-3.662637e-03
-6.198368e-03
-7.210603e-03
-4.904482e-03
-1.657074e-03
-2.651927e-03
-6.830256e-03
-1.066450e-02
-1.468419e-02
-1.830054e-02
-1.852379e-02
-1.572516e-02
-1.101909e-02
-5.503826e-03
-3.085898e-03
-4.187640e-03
-5.410625e-03
-6.620050e-03
-7.789973e-03
-9.867593e-03
-1.116026e-02
-1.280351e-02
-1.528283e-02
-1.595117e-02
-1.596783e-02
-1.527577e-02
-1.281484e-02
-1.112451e-02
-9.329088e-03
-6.753237e-03
-4.831109e-03
-2.664070e-03
-5.029035e-04
2.272521e-03
4.958692e-03
6.762128e-03
9.149525e-03
1.158589e-02
1.363701e-02
1.647747e-02
1.950065e-02
2.047633e-02
1.813819e-02
1.400957e-02
1.055123e-02
7.918637e-03
4.517558e-03
7.070827e-06
-2.035785e-03
-7.427684e-04
2.093137e-03
3.355184e-03
5.659055e-03
7.607722e-03
9.209924e-03
1.168222e-02
1.372732e-02
1.565236e-02
1.600612e-02
1.582486e-02
1.398087e-02
1.030864e-02
6.956762e-03
3.002344e-03
-2.096206e-03
-8.364981e-03
-1.343656e-02
-1.621477e-02
-1.702072e-02
-1.610510e-02
-1.381607e-02
-1.154974e-02
-1.035717e-02
-9.482991e-03
-8.094181e-03
-7.825451e-03
-5.870497e-03
-2.143214e-03
-7.221774e-04
-1.302874e-03
-3.434023e-03
-7.242245e-03
-1.006307e-02
-1.092540e-02
-1.341979e-02
-1.642871e-02
-1.822065e-02
-1.988965e-02
-2.203565e-02
-2.148574e-02
-1.853984e-02
-1.592520e-02
-1.383907e-02
-1.032281e-02
-7.287094e-03
-4.425784e-03
-1.188466e-03
3.648670e-03
1.210341e-02
1.684491e-02
1.468424e-02
9.879567e-03
6.362438e-03
6.408134e-03
1.166283e-02
1.814657e-02
2.120545e-02
1.901277e-02
1.410617e-02
6.647857e-03
1.595522e-03
1.403228e-03
5.328707e-03
1.037767e-02
1.035238e-02
5.250376e-03
-4.951852e-04
-4.014814e-03
-5.641125e-03
-5.866914e-03
-5.412088e-03
-4.754460e-03
-3.721835e-03
-1.528234e-03
1.901643e-04
1.501857e-03
3.546192e-03
6.181809e-03
8.176041e-03
9.589309e-03
7.676369e-03
1.259577e-03
-4.931343e-03
-1.182154e-02
-1.744748e-02
-1.989110e-02
-2.219485e-02
-2.343027e-02
-2.431585e-02
-2.515402e-02
-2.703339e-02
-2.697318e-02
-2.482618e-02
-2.113389e-02
-1.591079e-02
-1.021751e-02
-4.259172e-03
1.720672e-03
6.445147e-03
1.060979e-02
1.620139e-02
2.001536e-02
2.384459e-02
2.583145e-02
2.404424e-02
1.963403e-02
1.310237e-02
7.300797e-03
3.119623e-03
2.885692e-04
-1.270880e-03
-3.565273e-03
-8.090514e-03
-1.103464e-02
-1.023588e-02
-7.458863e-03
-4.565806e-03
-1.814651e-03
9.498039e-04
4.823438e-03
8.841413e-03
7.274701e-03
1.224158e-03
-2.256995e-03
-1.540778e-03
1.207554e-03
4.111129e-03
1.051775e-02
1.390439e-02
1.132308e-02
8.296528e-03
5.308382e-03
2.000403e-03
-3.065880e-04
-4.533736e-03
-7.819522e-03
-6.740887e-03
-5.280970e-03
-1.960262e-03
1.874983e-04
-8.238976e-04
-2.906120e-03
-6.758764e-03
-1.032946e-02
-1.169402e-02
-1.052851e-02
-7.779152e-03
-4.796807e-03
-3.316612e-03
-5.698367e-03
-1.001331e-02
-1.434008e-02
-1.685308e-02
-1.532853e-02
-1.116775e-02
-7.544893e-03
-5.015461e-03
-8.383113e-04
1.138006e-03
1.790073e-03
2.458146e-03
4.138410e-03
7.542819e-03
9.019418e-03
7.936667e-03
4.442683e-03
3.096944e-04
-1.897142e-03
-7.683695e-04
3.027838e-03
5.668842e-03
8.921991e-03
1.230014e-02
1.480667e-02
1.673142e-02
1.941176e-02
2.311961e-02
2.738671e-02
2.990764e-02
2.794618e-02
2.376127e-02
2.003804e-02
1.769729e-02
1.651328e-02
1.381274e-02
1.274212e-02
1.312542e-02
1.443629e-02
1.451756e-02
1.189851e-02
8.911878e-03
5.477599e-03
2.134179e-04
-6.375753e-03
-1.255886e-02
-1.799046e-02
-2.188084e-02
-2.564579e-02
-2.934147e-02
-3.236388e-02
-3.052652e-02
-2.633223e-02
-2.276866e-02
-1.778737e-02
-1.436137e-02
-1.662133e-02
-2.042354e-02
-2.454119e-02
-2.763405e-02
-2.825643e-02
-2.764515e-02
-2.609832e-02
-2.434133e-02
-2.187574e-02
-1.945073e-02
-1.628238e-02
-1.385493e-02
-1.149547e-02
-8.147555e-03
-2.198230e-03
4.712803e-03
1.135393e-02
1.651365e-02
2.129999e-02
2.053092e-02
1.703669e-02
1.457392e-02
1.629520e-02
2.092361e-02
2.528470e-02
2.945418e-02
3.317029e-02
3.530469e-02
3.324923e-02
2.722729e-02
2.221277e-02
1.719582e-02
1.146327e-02
6.168090e-03
9.630822e-04
2.352499e-05
4.096768e-03
4.935687e-03
-4.991972e-04
-6.378730e-03
-1.111586e-02
-1.410433e-02
-1.262867e-02
-9.713076e-03
-9.881399e-03
-1.341972e-02
-1.731352e-02
-1.966160e-02
-1.897572e-02
-1.538920e-02
-1.182852e-02
-7.733807e-03
-4.339395e-03
-3.765977e-03
-4.827382e-03
-5.887816e-03
-7.848578e-03
-1.042975e-02
-1.303355e-02
-1.461716e-02
-1.758868e-02
-2.068060e-02
-1.916797e-02
-1.667163e-02
-1.439804e-02
-1.240984e-02
-9.507023e-03
-5.998175e-03
-3.747442e-03
-1.399696e-03
8.006271e-05
2.680304e-04
-1.595230e-03
-5.989454e-03
-9.578297e-03
-1.408642e-02
-1.844055e-02
-1.835399e-02
-1.349040e-02
-8.008731e-03
-3.801570e-03
6.839993e-04
4.380213e-03
5.776715e-03
9.529138e-03
1.286922e-02
1.301831e-02
1.117173e-02
7.815082e-03
5.715099e-03
4.625983e-03
5.973694e-03
1.037321e-02
1.469523e-02
1.518312e-02
1.186964e-02
8.238041e-03
6.584834e-03
5.956090e-03
3.707675e-03
1.027285e-03
-2.572956e-03
-7.207812e-03
-1.076448e-02
-1.422581e-02
-1.627702e-02
-1.512154e-02
-1.181998e-02
-9.453166e-03
-8.139431e-03
-5.744635e-03
-4.435071e-03
-3.426652e-03
-2.195409e-03
-1.038127e-03
2.104106e-04
2.268278e-03
4.867120e-03
8.747590e-03
1.275308e-02
1.627535e-02
1.606598e-02
1.275032e-02
8.516011e-03
4.266122e-03
2.307871e-04
1.314634e-03
3.434939e-03
1.053053e-03
-4.028604e-03
-7.764930e-03
-1.112950e-02
-1.544776e-02
-1.891082e-02
-1.663707e-02
-1.098944e-02
-7.474461e-03
-5.007360e-03
-3.015069e-03
-3.875836e-03
-6.774902e-03
-6.499963e-03
-4.386938e-03
-8.940847e-04
3.434906e-03
5.386421e-03
3.617446e-03
-6.737421e-04
-4.420551e-03
-6.828120e-03
-1.002425e-02
-9.872435e-03
-5.814645e-03
-1.266062e-03
-1.854308e-04
3.331869e-04
4.791776e-04
4.974921e-04
1.691174e-03
3.765629e-03
6.488346e-03
8.572936e-03
9.749630e-03
9.400429e-03
8.597529e-03
8.589638e-03
8.421010e-03
7.048202e-03
5.480597e-03
4.024667e-03
2.538864e-03
1.047474e-03
-4.382312e-04
-1.912445e-03
-3.408674e-03
-4.931766e-03
-5.737861e-03
-5.948093e-03
-6.952673e-03
-6.633114e-03
-3.177612e-03
2.294558e-04
2.662066e-04
-1.913966e-03
-5.065813e-03
-6.917455e-03
-7.048099e-03
-4.676462e-03
-1.755857e-03
1.310130e-03
5.143088e-03
5.257123e-03
5.956874e-05
-4.350560e-03
-8.424296e-03
-1.388291e-02
-1.542161e-02
-1.733362e-02
-1.959263e-02
-2.063497e-02
-2.280438e-02
-2.412262e-02
-2.381742e-02
-2.189055e-02
-1.988000e-02
-1.721547e-02
-1.252191e-02
-4.014707e-03
5.164679e-03
1.076830e-02
1.454329e-02
1.823255e-02
1.946818e-02
1.774244e-02
1.504622e-02
1.429303e-02
1.842917e-02
2.185978e-02
2.467332e-02
2.859396e-02
3.155175e-02
3.314328e-02
3.432142e-02
3.620138e-02
3.960351e-02
4.055681e-02
3.803885e-02
3.448826e-02
3.188480e-02
2.835437e-02
2.575784e-02
2.448440e-02
2.411292e-02
2.469625e-02
2.669305e-02
2.870955e-02
3.024091e-02
3.116596e-02
3.061734e-02
3.001189e-02
3.008451e-02
2.996860e-02
2.868586e-02
2.772452e-02
2.738640e-02
2.664745e-02
2.625678e-02
2.461790e-02
2.281616e-02
2.127911e-02
1.929627e-02
1.708233e-02
1.467673e-02
1.254995e-02
9.921317e-03
7.558921e-03
5.238464e-03
2.808107e-03
-2.098720e-03
-8.926710e-03
-1.552028e-02
-2.200656e-02
-2.797295e-02
-3.235032e-02
-3.628126e-02
-3.898767e-02
-4.108376e-02
-4.496684e-02
-4.930387e-02
-4.961635e-02
-4.527843e-02
-3.987293e-02
-3.633855e-02
-3.724018e-02
-4.221028e-02
-4.547712e-02
-4.224010e-02
-3.602083e-02
-3.209834e-02
-2.882224e-02
-2.578892e-02
-2.276689e-02
-1.886013e-02
-1.449424e-02
-9.391008e-03
-4.872399e-03
-2.511603e-03
-4.309137e-03
-8.736493e-03
-8.804069e-03
-4.140746e-03
1.503491e-03
6.164759e-03
7.825978e-03
4.992469e-03
6.212307e-04
-3.753092e-03
-4.973600e-03
-5.964046e-03
-7.780394e-03
-9.986769e-03
-1.246167e-02
-1.436713e-02
-1.166185e-02
-8.221739e-03
-1.003602e-02
-1.513838e-02
-1.927282e-02
-2.132397e-02
-1.911859e-02
-1.548303e-02
-1.044359e-02
-7.010669e-03
-9.371295e-03
-1.446947e-02
-1.878240e-02
-1.854822e-02
-1.259638e-02
-6.517521e-03
-1.378387e-03
3.494497e-03
8.534026e-03
1.078451e-02
8.739876e-03
5.638713e-03
6.167962e-03
9.824910e-03
1.283356e-02
9.998169e-03
5.778754e-03
2.816973e-03
-1.017842e-03
-4.421609e-03
-5.085782e-03
-5.150293e-04
6.030327e-03
9.932169e-03
1.035182e-02
8.161978e-03
4.694297e-03
6.701937e-03
9.178063e-03
8.453227e-03
6.169548e-03
4.166433e-03
6.705541e-03
1.032821e-02
1.017233e-02
6.914530e-03
3.696047e-03
-6.148309e-04
-1.636282e-03
1.842021e-03
6.251207e-03
9.848472e-03
1.385546e-02
1.303791e-02
8.020523e-03
3.875829e-03
1.538333e-03
3.953328e-03
9.445233e-03
1.526107e-02
2.249016e-02
3.020576e-02
3.570717e-02
3.998825e-02
4.400013e-02
4.516135e-02
4.458320e-02
4.719233e-02
5.179902e-02
5.295817e-02
4.984293e-02
4.372263e-02
4.113246e-02
4.232445e-02
4.140249e-02
3.879183e-02
3.551220e-02
2.895388e-02
2.135150e-02
1.503246e-02
1.106970e-02
7.533598e-03
1.694409e-03
-3.232944e-03
-7.019139e-03
-8.485066e-03
-7.206787e-03
-4.348993e-03
-3.467849e-04
4.227915e-03
8.668204e-03
1.141411e-02
1.239896e-02
1.348357e-02
1.484968e-02
1.637008e-02
1.811603e-02
1.961291e-02
2.131885e-02
2.190940e-02
2.181000e-02
2.189447e-02
2.179174e-02
2.030506e-02
1.643673e-02
9.239387e-03
-2.250552e-04
-1.072324e-02
-2.095909e-02
-3.129011e-02
-4.324618e-02
-5.577132e-02
-6.746608e-02
-7.885724e-02
-8.954825e-02
-1.038253e-01
-1.197125e-01
-1.137884e-01
-8.405704e-02
-6.605531e-02
-6.162486e-02
-5.792431e-02
-5.495334e-02
-5.188663e-02
-4.683596e-02
-4.136864e-02
-3.499251e-02
-2.624927e-02
-1.631316e-02
-6.535778e-03
5.110270e-03
1.613854e-02
2.199909e-02
2.612046e-02
3.002383e-02
3.464010e-02
4.010104e-02
4.596253e-02
5.229480e-02
5.482125e-02
5.103452e-02
4.468368e-02
3.799987e-02
3.254271e-02
2.645266e-02
1.906121e-02
1.320955e-02
7.648011e-03
2.172066e-04
-6.346332e-03
-1.208948e-02
-1.633093e-02
-1.478150e-02
-9.391409e-03
-7.179236e-03
-1.146580e-02
-1.859197e-02
-1.821105e-02
-1.436993e-02
-1.021830e-02
-8.928831e-03
-1.127210e-02
-1.426139e-02
-1.886882e-02
-2.412703e-02
-2.812174e-02
-2.842500e-02
-2.295493e-02
-1.693189e-02
-1.205412e-02
-5.084318e-03
5.058930e-03
1.796178e-02
2.876137e-02
4.096914e-02
5.192674e-02
5.991880e-02
6.696927e-02
7.382016e-02
8.131082e-02
8.692836e-02
8.994645e-02
9.156267e-02
9.014855e-02
8.606392e-02
8.104211e-02
7.708535e-02
7.604706e-02
7.939240e-02
8.294148e-02
8.815590e-02
9.410889e-02
9.684369e-02
9.539519e-02
9.064496e-02
8.599738e-02
7.921808e-02
6.903826e-02
6.226076e-02
5.575048e-02
4.999937e-02
4.371455e-02
3.443703e-02
2.100504e-02
4.610280e-03
-1.006934e-02
-2.219717e-02
-2.997051e-02
-3.253341e-02
-2.730757e-02
-1.766434e-02
-5.305544e-03
1.024760e-02
2.395622e-02
3.354575e-02
4.003972e-02
4.489367e-02
4.482949e-02
4.153733e-02
3.918416e-02
3.426402e-02
2.769524e-02
2.213328e-02
1.613144e-02
7.386645e-03
-2.050201e-03
-9.951863e-03
-1.731461e-02
-2.474517e-02
-3.072109e-02
-3.524447e-02
-3.908363e-02
-4.223678e-02
-4.665998e-02
-5.211373e-02
-5.677461e-02
-6.095186e-02
-6.499275e-02
-6.576619e-02
-6.174267e-02
-5.763370e-02
-5.836777e-02
-6.394456e-02
-7.027028e-02
-7.350004e-02
-7.447419e-02
-7.363804e-02
-7.086865e-02
-6.742108e-02
-6.417135e-02
-6.033062e-02
-5.648022e-02
-5.278699e-02
-4.816378e-02
-4.320699e-02
-3.470417e-02
-2.382985e-02
-1.510115e-02
-4.651126e-03
4.191753e-03
1.223527e-02
1.941490e-02
2.264634e-02
2.128006e-02
1.430140e-02
9.099416e-03
1.266546e-02
1.899207e-02
2.409868e-02
2.582036e-02
2.281007e-02
1.855278e-02
1.271977e-02
7.598472e-03
2.892604e-03
-3.884697e-03
-1.266540e-02
-1.986912e-02
-2.609886e-02
-3.156467e-02
-3.639252e-02
-4.129223e-02
-4.454684e-02
-4.601757e-02
-4.702376e-02
-4.700986e-02
-4.438693e-02
-3.796307e-02
-2.706337e-02
-1.352492e-02
2.822012e-04
1.116657e-02
1.777662e-02
2.322433e-02
2.738208e-02
3.187215e-02
3.667133e-02
4.375576e-02
5.116700e-02
5.645609e-02
6.220826e-02
6.643030e-02
6.918574e-02
7.129409e-02
7.191222e-02
7.184413e-02
7.155481e-02
7.010018e-02
6.662299e-02
6.391649e-02
6.024634e-02
5.416563e-02
4.848658e-02
4.405467e-02
4.026823e-02
3.638834e-02
2.939511e-02
1.830483e-02
5.634714e-03
-6.935642e-03
-1.880620e-02
-2.860209e-02
-3.328605e-02
-3.287885e-02
-3.101730e-02
-2.915070e-02
-2.941927e-02
-3.168457e-02
-3.546873e-02
-3.947121e-02
-4.297158e-02
-4.798486e-02
-5.208334e-02
-5.312698e-02
-5.234117e-02
-5.046013e-02
-5.105697e-02
-5.447542e-02
-6.027990e-02
-6.635545e-02
-7.138722e-02
-7.475549e-02
-7.782773e-02
-7.836659e-02
-7.528122e-02
-6.771528e-02
-5.074949e-02
-3.007488e-02
-1.027481e-02
8.769624e-03
2.611936e-02
4.224741e-02
5.692530e-02
6.576301e-02
7.105759e-02
7.400746e-02
7.268493e-02
6.806009e-02
6.162554e-02
4.825954e-02
3.096181e-02
1.300283e-02
-2.849146e-03
-1.632057e-02
-2.851278e-02
-4.119331e-02
-5.424575e-02
-6.555734e-02
-7.343046e-02
-7.865271e-02
-8.339556e-02
-8.829335e-02
-9.330120e-02
-9.829825e-02
-1.045450e-01
-1.090921e-01
-1.120289e-01
-1.144422e-01
-1.153083e-01
-1.156467e-01
-1.134879e-01
-1.107236e-01
-1.091512e-01
-1.079242e-01
-1.080003e-01
-1.094452e-01
-1.108092e-01
-1.105186e-01
-1.089544e-01
-1.097183e-01
-1.137347e-01
-1.150414e-01
-1.132778e-01
-1.085887e-01
-9.903424e-02
-8.572889e-02
-7.156992e-02
-5.526185e-02
-3.959820e-02
-2.424553e-02
-8.252594e-03
3.002483e-03
8.848170e-03
1.389338e-02
1.942244e-02
2.242295e-02
2.252506e-02
2.135012e-02
1.869146e-02
1.477635e-02
1.073963e-02
7.835243e-03
4.097684e-03
-1.382191e-03
-6.144376e-03
-1.050319e-02
-1.546461e-02
-1.929721e-02
-2.175925e-02
-2.198711e-02
-2.150404e-02
-2.225718e-02
-2.240798e-02
-2.253164e-02
-2.206723e-02
-1.981038e-02
-1.865850e-02
-1.522640e-02
-9.914700e-03
-6.541163e-03
-2.390299e-03
2.338336e-03
7.961089e-03
1.470321e-02
1.965900e-02
1.887440e-02
1.516735e-02
1.254367e-02
7.558882e-03
1.506637e-03
-4.470113e-03
-1.098285e-02
-1.839186e-02
-2.324532e-02
-2.409653e-02
-1.993752e-02
-1.455797e-02
-8.565165e-03
-4.151652e-03
-1.290666e-03
1.339966e-03
3.540404e-03
6.911349e-03
1.113172e-02
1.540177e-02
2.009557e-02
2.501802e-02
2.920377e-02
3.223322e-02
3.558499e-02
4.020355e-02
4.436835e-02
4.835320e-02
5.318784e-02
5.760501e-02
6.221704e-02
6.714688e-02
7.062113e-02
7.346262e-02
7.743480e-02
8.210451e-02
8.448031e-02
8.025403e-02
7.080403e-02
6.208352e-02
5.563777e-02
4.902895e-02
4.316115e-02
3.527955e-02
2.488983e-02
1.450226e-02
3.181432e-03
-8.441828e-03
-1.980726e-02
-3.039204e-02
-4.026198e-02
-4.969822e-02
-5.824579e-02
-6.577944e-02
-7.104586e-02
-7.276992e-02
-6.896838e-02
-6.190752e-02
-5.347820e-02
-4.096139e-02
-2.817092e-02
-1.461965e-02
-4.014483e-04
1.287358e-02
2.512184e-02
3.564826e-02
4.292604e-02
4.972188e-02
5.162084e-02
5.127680e-02
5.513835e-02
5.987230e-02
6.191451e-02
6.015020e-02
5.609502e-02
5.120850e-02
4.615376e-02
4.159037e-02
3.553251e-02
3.054103e-02
3.216627e-02
3.577916e-02
3.495002e-02
3.109617e-02
2.668174e-02
2.047222e-02
1.409091e-02
9.057690e-03
3.945543e-03
9.927594e-06
-2.850644e-03
-5.438287e-03
-7.473793e-03
-9.822585e-03
-1.095819e-02
-1.172884e-02
-1.257446e-02
-1.181890e-02
-1.183417e-02
-1.120386e-02
-1.042166e-02
-8.496029e-03
-5.776144e-03
-2.764480e-03
2.611061e-03
9.263368e-03
1.624699e-02
2.265246e-02
2.690302e-02
3.143099e-02
3.724097e-02
4.715920e-02
5.709479e-02
6.281118e-02
6.716560e-02
7.215368e-02
7.481367e-02
7.425791e-02
7.253955e-02
7.175260e-02
7.252435e-02
7.565298e-02
7.632207e-02
7.420517e-02
7.223739e-02
7.093522e-02
7.112044e-02
7.326387e-02
7.762422e-02
8.356023e-02
8.592730e-02
8.312058e-02
8.155922e-02
8.093784e-02
8.072120e-02
7.873727e-02
7.531391e-02
7.574968e-02
7.321063e-02
6.755861e-02
5.740218e-02
4.341960e-02
2.750260e-02
1.049219e-02
-4.929462e-03
-1.832363e-02
-2.659105e-02
-3.210375e-02
-3.453601e-02
-3.172136e-02
-2.782421e-02
-2.341698e-02
-1.640009e-02
-5.290745e-03
7.131865e-03
1.747907e-02
2.504507e-02
3.251962e-02
3.992015e-02
4.599472e-02
5.041733e-02
5.631619e-02
6.074874e-02
5.855647e-02
5.538122e-02
5.095379e-02
4.605698e-02
4.646261e-02
4.656077e-02
4.398073e-02
4.016853e-02
3.369923e-02
2.683881e-02
2.124892e-02
1.564225e-02
1.081890e-02
1.086689e-02
1.615382e-02
2.193515e-02
2.746561e-02
3.372766e-02
3.794555e-02
4.054697e-02
4.114861e-02
3.883039e-02
3.349696e-02
2.753568e-02
2.384553e-02
2.019715e-02
1.546843e-02
9.652237e-03
7.696575e-03
9.798732e-03
1.292294e-02
1.662081e-02
2.113806e-02
2.432196e-02
2.365719e-02
1.876128e-02
1.373042e-02
1.072536e-02
7.106631e-03
2.814011e-03
-1.038426e-03
-4.257339e-03
-9.310785e-03
-1.839926e-02
-2.849529e-02
-3.675751e-02
-4.329062e-02
-4.951952e-02
-5.648315e-02
-6.232737e-02
-6.560361e-02
-6.826328e-02
-7.112059e-02
-7.381341e-02
-7.666890e-02
-8.061625e-02
-8.272058e-02
-7.897495e-02
-7.260703e-02
-6.772330e-02
-6.241214e-02
-5.592828e-02
-5.176091e-02
-4.898591e-02
-4.560744e-02
-4.217633e-02
-3.945519e-02
-3.793980e-02
-3.645198e-02
-3.408127e-02
-3.209972e-02
-3.003819e-02
-2.755049e-02
-2.523584e-02
-2.323663e-02
-2.558328e-02
-3.070286e-02
-3.519518e-02
-3.953689e-02
-4.499412e-02
-5.064998e-02
-5.549810e-02
-5.860095e-02
-6.040016e-02
-6.331066e-02
-6.603688e-02
-6.824396e-02
-7.314938e-02
-7.519358e-02
-6.978232e-02
-6.375554e-02
-5.721802e-02
-4.823749e-02
-4.022595e-02
-3.559938e-02
-3.216407e-02
-2.775196e-02
-2.329598e-02
-1.731079e-02
-1.098316e-02
-5.810239e-03
-2.752039e-03
8.718900e-04
5.797595e-03
9.145697e-03
8.460916e-03
4.782277e-03
1.921992e-03
-1.740212e-03
-6.188708e-03
-6.148570e-03
-3.100442e-03
1.744743e-03
8.210334e-03
1.077581e-02
7.568246e-03
3.462778e-03
3.499620e-03
1.025951e-02
1.604093e-02
1.952665e-02
1.814167e-02
1.749321e-02
1.761777e-02
2.175392e-02
2.955799e-02
3.692765e-02
4.197325e-02
4.604240e-02
4.943750e-02
5.147165e-02
5.254436e-02
5.369784e-02
5.483215e-02
5.537137e-02
5.670856e-02
5.802322e-02
5.863673e-02
5.965526e-02
5.937535e-02
5.776030e-02
5.595945e-02
5.266177e-02
4.917006e-02
4.307595e-02
3.250134e-02
2.256490e-02
1.687727e-02
1.193261e-02
6.141148e-03
-1.603387e-03
-1.061047e-02
-1.774909e-02
-2.424010e-02
-3.115694e-02
-3.874324e-02
-4.840764e-02
-5.969018e-02
-7.027902e-02
-7.826547e-02
-8.456246e-02
-8.912236e-02
-9.432482e-02
-9.879556e-02
-1.009086e-01
-1.031928e-01
-1.042181e-01
-1.018216e-01
-9.463585e-02
-8.431013e-02
-7.360206e-02
-6.226754e-02
-5.327353e-02
-4.467262e-02
-3.447903e-02
-2.190046e-02
-8.640508e-03
4.122234e-03
1.308629e-02
1.927325e-02
2.598761e-02
3.173144e-02
2.993727e-02
2.233724e-02
1.483396e-02
3.780648e-03
-7.024877e-03
-1.736566e-02
-2.760249e-02
-3.803992e-02
-4.893308e-02
-6.064425e-02
-6.914992e-02
-7.544062e-02
-8.093963e-02
-8.614038e-02
-8.985157e-02
-9.213409e-02
-9.042338e-02
-8.372568e-02
-7.439114e-02
-6.364048e-02
-5.185771e-02
-3.975490e-02
-3.037973e-02
-2.394140e-02
-1.973479e-02
-1.891894e-02
-2.246894e-02
-2.635815e-02
-2.553621e-02
-2.067909e-02
-1.492431e-02
-9.576914e-03
-3.800177e-03
4.965501e-03
1.742450e-02
3.120201e-02
4.498394e-02
5.830117e-02
7.082119e-02
8.079572e-02
9.002603e-02
9.921302e-02
1.099655e-01
1.184407e-01
1.273134e-01
1.358043e-01
1.426533e-01
1.478822e-01
1.475614e-01
1.427551e-01
1.365473e-01
1.303498e-01
1.236097e-01
1.167987e-01
1.111665e-01
1.053888e-01
9.845143e-02
9.059120e-02
8.026429e-02
7.014413e-02
6.085996e-02
5.339797e-02
4.909965e-02
4.524546e-02
4.098501e-02
3.623071e-02
3.069959e-02
2.492530e-02
1.953342e-02
1.464424e-02
8.975917e-03
6.339485e-03
1.036771e-02
1.663672e-02
2.254749e-02
2.981510e-02
3.675783e-02
3.702728e-02
2.933971e-02
2.184147e-02
1.370241e-02
6.598332e-03
5.769459e-04
-5.572559e-03
-1.281562e-02
-2.220634e-02
-3.274250e-02
-4.459287e-02
-5.724521e-02
-7.020777e-02
-8.266313e-02
-9.211974e-02
-9.857452e-02
-1.046900e-01
-1.079849e-01
-1.054283e-01
-1.036761e-01
-1.078763e-01
-1.126466e-01
-1.124519e-01
-1.048119e-01
-9.625830e-02
-8.705251e-02
-7.819520e-02
-7.068919e-02
-6.404930e-02
-5.435939e-02
-4.291105e-02
-3.163180e-02
-2.137026e-02
-1.372158e-02
-8.272234e-03
-3.961159e-03
-5.376454e-04
2.467501e-03
7.413372e-03
1.262472e-02
1.565637e-02
1.903226e-02
2.220695e-02
2.235938e-02
2.041522e-02
1.650250e-02
1.315346e-02
1.102382e-02
9.275563e-03
7.653689e-03
7.216176e-03
1.077033e-02
1.635145e-02
2.217477e-02
2.883420e-02
3.223119e-02
2.873092e-02
2.186708e-02
1.591351e-02
1.056174e-02
5.230525e-03
4.708626e-04
-5.008547e-03
-1.006230e-02
-1.078850e-02
-6.620266e-03
-2.699829e-03
3.832988e-03
1.268170e-02
2.016161e-02
2.889653e-02
3.957489e-02
5.052520e-02
5.863131e-02
6.549441e-02
7.256594e-02
7.965035e-02
8.589341e-02
8.879383e-02
8.804771e-02
8.460412e-02
7.904986e-02
7.423616e-02
6.448544e-02
4.886789e-02
3.249503e-02
1.665665e-02
3.804308e-04
-1.399481e-02
-2.549207e-02
-3.603207e-02
-4.835983e-02
-5.880403e-02
-6.945245e-02
-7.983395e-02
-8.595941e-02
-9.130313e-02
-9.596299e-02
-9.645026e-02
-9.493321e-02
-9.137449e-02
-8.615210e-02
-8.188820e-02
-7.832194e-02
-7.393091e-02
-6.949711e-02
-6.486586e-02
-5.939105e-02
-5.424347e-02
-5.003826e-02
-4.766484e-02
-5.232016e-02
-5.777041e-02
-5.469037e-02
-4.942723e-02
-4.383992e-02
-3.870193e-02
-3.447155e-02
-2.737144e-02
-2.209036e-02
-1.939910e-02
-1.630846e-02
-1.523517e-02
-1.752587e-02
-1.515787e-02
-1.014039e-02
-5.123906e-03
6.962516e-04
6.977070e-03
1.488272e-02
2.151101e-02
2.658304e-02
3.249880e-02
3.729662e-02
3.842907e-02
3.699699e-02
3.689907e-02
4.079552e-02
4.663309e-02
4.848504e-02
4.333988e-02
3.743116e-02
3.260071e-02
2.741951e-02
2.319938e-02
1.920551e-02
1.304395e-02
6.449756e-03
-1.533823e-03
-1.186190e-02
-2.278224e-02
-3.267659e-02
-4.066455e-02
-4.726934e-02
-5.500240e-02
-6.617575e-02
-7.443187e-02
-7.903511e-02
-8.274471e-02
-8.744479e-02
-9.033998e-02
-9.014391e-02
-8.788232e-02
-8.381242e-02
-8.003045e-02
-7.456849e-02
-6.638154e-02
-5.762378e-02
-4.805271e-02
-3.734661e-02
-2.562966e-02
-1.506011e-02
-4.575931e-03
4.029657e-03
1.028250e-02
1.573384e-02
2.014583e-02
2.470698e-02
3.037362e-02
3.668994e-02
4.404001e-02
5.302452e-02
6.078979e-02
6.730643e-02
7.233550e-02
7.826560e-02
8.564874e-02
9.075030e-02
9.543752e-02
9.919974e-02
1.018658e-01
1.047454e-01
1.092307e-01
1.129594e-01
1.116971e-01
1.082195e-01
1.058655e-01
1.018398e-01
9.733102e-02
9.646468e-02
9.973645e-02
1.054980e-01
1.120190e-01
1.186990e-01
1.257114e-01
1.275424e-01
1.245086e-01
1.221556e-01
1.203824e-01
1.184658e-01
1.138908e-01
1.080698e-01
1.014212e-01
9.214740e-02
8.030843e-02
6.808816e-02
5.182757e-02
3.303061e-02
1.758307e-02
4.766518e-03
-3.188118e-03
-8.399465e-03
-1.117948e-02
-1.094677e-02
-8.747818e-03
-5.932157e-03
-1.291215e-03
4.623210e-03
1.108427e-02
1.771505e-02
2.314875e-02
2.316458e-02
1.968445e-02
1.418637e-02
6.333643e-03
-7.045032e-03
-2.148331e-02
-3.636543e-02
-5.048863e-02
-6.190634e-02
-7.129055e-02
-7.996064e-02
-8.882753e-02
-9.819393e-02
-1.096844e-01
-1.203478e-01
-1.296156e-01
-1.370651e-01
-1.428871e-01
-1.437514e-01
-1.397223e-01
-1.362176e-01
-1.355685e-01
-1.383750e-01
-1.423709e-01
-1.440293e-01
-1.428709e-01
-1.387029e-01
-1.309996e-01
-1.182460e-01
-1.054413e-01
-9.468408e-02
-8.718379e-02
-8.165026e-02
-7.487182e-02
-6.568033e-02
-5.390750e-02
-3.973078e-02
-2.702092e-02
-1.590684e-02
-8.979886e-03
-5.172549e-03
-1.770416e-03
2.250907e-03
7.468189e-03
1.656903e-02
2.838546e-02
3.825095e-02
4.773675e-02
5.632021e-02
6.368401e-02
7.298882e-02
8.326027e-02
9.284171e-02
1.008206e-01
1.026464e-01
9.639248e-02
8.586389e-02
6.895574e-02
5.238071e-02
3.808486e-02
2.381705e-02
1.055980e-02
1.366032e-03
-4.212304e-03
-8.708674e-03
-1.251886e-02
-1.487651e-02
-1.914227e-02
-2.490710e-02
-3.135074e-02
-3.856679e-02
-4.230624e-02
-3.871563e-02
-3.579056e-02
-3.950857e-02
-4.367524e-02
-4.759272e-02
-5.115875e-02
-5.192019e-02
-4.947966e-02
-4.419677e-02
-3.932496e-02
-3.494059e-02
-3.008905e-02
-2.822387e-02
-3.160452e-02
-3.580666e-02
-3.791860e-02
-3.595137e-02
-3.285789e-02
-3.400638e-02
-3.977140e-02
-4.556308e-02
-5.019802e-02
-5.463398e-02
-5.753028e-02
-5.944653e-02
-6.196242e-02
-6.481067e-02
-6.828807e-02
-7.077543e-02
-6.897111e-02
-6.438880e-02
-5.774345e-02
-5.009956e-02
-4.121669e-02
-3.118972e-02
-2.054250e-02
-1.014877e-02
5.088657e-04
9.600551e-03
2.038250e-02
3.457295e-02
4.383257e-02
5.097707e-02
5.806281e-02
6.463921e-02
6.959304e-02
7.485556e-02
7.991236e-02
8.341197e-02
8.660433e-02
8.978039e-02
9.333501e-02
9.508636e-02
9.598561e-02
9.720847e-02
9.825769e-02
9.953973e-02
1.000643e-01
9.731196e-02
9.294832e-02
8.652839e-02
7.801677e-02
6.830623e-02
6.073179e-02
5.682883e-02
5.410126e-02
5.229498e-02
5.057793e-02
4.703993e-02
4.095712e-02
3.025126e-02
1.761089e-02
4.177162e-03
-9.119503e-03
-2.155571e-02
-3.269918e-02
-4.406645e-02
-5.324029e-02
-6.069937e-02
-6.465501e-02
-6.648010e-02
-6.777735e-02
-6.787968e-02
-6.514053e-02
-5.839824e-02
-4.910610e-02
-3.745637e-02
-2.504825e-02
-1.247914e-02
-1.684677e-03
6.459820e-03
1.335250e-02
1.791508e-02
1.707543e-02
1.091636e-02
5.278517e-03
1.303820e-03
-2.347552e-03
-5.951702e-03
-7.870311e-03
-9.444242e-03
-1.238668e-02
-1.666171e-02
-2.030243e-02
-2.327383e-02
-2.737782e-02
-3.124496e-02
-3.183828e-02
-2.773375e-02
-2.210927e-02
-1.807560e-02
-1.430725e-02
-8.887286e-03
-3.067862e-03
2.382814e-03
6.839722e-03
1.055918e-02
1.343864e-02
1.627920e-02
1.893936e-02
2.076821e-02
2.334704e-02
2.746028e-02
3.282522e-02
3.664492e-02
3.832771e-02
3.693474e-02
3.237499e-02
2.836529e-02
2.139042e-02
1.278932e-02
7.452905e-03
2.017039e-03
-2.140066e-03
-4.689566e-03
-6.782288e-03
-6.338089e-03
-2.441466e-03
2.117962e-03
6.800816e-03
1.171606e-02
1.814770e-02
2.536197e-02
3.386133e-02
4.360430e-02
5.319266e-02
6.022879e-02
6.411365e-02
6.868017e-02
7.263333e-02
7.708138e-02
8.271919e-02
8.843094e-02
9.313061e-02
9.606673e-02
9.887220e-02
1.015256e-01
1.034407e-01
1.056122e-01
1.072408e-01
1.093343e-01
1.121784e-01
1.149052e-01
1.184882e-01
1.238174e-01
1.283247e-01
1.298301e-01
1.268712e-01
1.221333e-01
1.176003e-01
1.140345e-01
1.088246e-01
1.000523e-01
8.982980e-02
7.905301e-02
6.864845e-02
5.799533e-02
4.628164e-02
3.606106e-02
2.579352e-02
1.203451e-02
-5.160456e-03
-2.302277e-02
-3.847728e-02
-5.761143e-02
-7.932958e-02
-9.603939e-02
-1.088699e-01
-1.180171e-01
-1.239027e-01
-1.293411e-01
-1.336557e-01
-1.367484e-01
-1.380185e-01
-1.343397e-01
-1.281724e-01
-1.205307e-01
-1.104327e-01
-1.003683e-01
-9.283455e-02
-8.630487e-02
-8.000495e-02
-7.383397e-02
-6.811410e-02
-6.255413e-02
-5.693053e-02
-5.065217e-02
-4.470097e-02
-4.047408e-02
-3.561459e-02
-3.360900e-02
-3.695427e-02
-4.159498e-02
-4.515418e-02
-4.496107e-02
-4.098637e-02
-3.823577e-02
-3.959892e-02
-4.170221e-02
-4.176782e-02
-3.962233e-02
-3.447217e-02
-2.962727e-02
-2.389925e-02
-1.431974e-02
-3.727278e-03
4.103542e-03
1.161460e-02
1.821450e-02
2.375812e-02
2.829682e-02
3.063009e-02
3.171216e-02
3.428263e-02
3.717393e-02
4.008105e-02
4.404924e-02
4.800099e-02
5.205244e-02
5.578984e-02
5.901691e-02
6.390054e-02
6.772898e-02
6.861230e-02
6.697727e-02
6.447193e-02
6.245965e-02
5.824920e-02
5.308607e-02
4.790094e-02
4.187673e-02
3.525115e-02
2.687801e-02
1.937595e-02
9.263838e-03
-2.886872e-03
-1.361806e-02
-2.127183e-02
-2.615744e-02
-2.989916e-02
-2.738284e-02
-2.215006e-02
-1.868632e-02
-1.468234e-02
-9.861787e-03
-5.008087e-03
1.856925e-04
5.928862e-03
9.015796e-03
6.024964e-03
1.163576e-03
-4.025001e-03
-1.221431e-02
-2.044833e-02
-2.902935e-02
-3.501545e-02
-3.854077e-02
-4.213138e-02
-4.544627e-02
-4.949693e-02
-5.378932e-02
-5.794659e-02
-6.237577e-02
-6.485162e-02
-6.212075e-02
-5.814228e-02
-5.703881e-02
-5.844866e-02
-6.066304e-02
-6.568053e-02
-6.816118e-02
-6.434949e-02
-5.885591e-02
-5.490226e-02
-5.108311e-02
-4.620310e-02
-4.415761e-02
-4.321071e-02
-4.255787e-02
-4.147867e-02
-3.966383e-02
-3.622730e-02
-3.156711e-02
-2.545282e-02
-1.416509e-02
-3.667933e-04
1.332938e-02
2.470223e-02
3.235417e-02
3.837959e-02
4.272395e-02
4.770588e-02
5.038718e-02
5.258712e-02
5.402621e-02
5.202212e-02
5.021343e-02
5.156917e-02
5.618240e-02
5.999200e-02
6.413195e-02
6.974250e-02
7.201975e-02
6.884715e-02
6.425704e-02
5.904800e-02
5.522434e-02
5.577564e-02
5.995583e-02
6.219293e-02
6.052033e-02
5.851519e-02
5.643919e-02
5.401826e-02
5.173446e-02
5.044040e-02
4.725060e-02
4.365795e-02
3.961764e-02
3.625645e-02
3.422816e-02
3.193721e-02
2.998158e-02
2.730564e-02
2.381289e-02
1.835055e-02
1.081685e-02
4.736955e-03
-4.809938e-04
-5.805219e-03
-1.231598e-02
-1.885532e-02
-2.538150e-02
-3.123789e-02
-3.661626e-02
-4.169669e-02
-4.666322e-02
-4.997131e-02
-5.272109e-02
-5.596419e-02
-5.963121e-02
-6.314838e-02
-6.407437e-02
-6.200164e-02
-5.706747e-02
-5.065334e-02
-4.236528e-02
-3.131503e-02
-2.105104e-02
-1.447306e-02
-9.168326e-03
-7.866701e-03
-1.151208e-02
-1.812280e-02
-2.521411e-02
-3.221766e-02
-3.925592e-02
-4.527647e-02
-4.973282e-02
-5.424361e-02
-5.969509e-02
-6.482496e-02
-6.982027e-02
-7.433160e-02
-7.875223e-02
-8.359921e-02
-8.641735e-02
-8.424780e-02
-7.890983e-02
-7.412435e-02
-6.907899e-02
-6.414244e-02
-6.023010e-02
-5.711132e-02
-5.344531e-02
-5.039878e-02
-4.725121e-02
-4.368082e-02
-4.086295e-02
-3.919020e-02
-3.760468e-02
-3.438030e-02
-3.038175e-02
-2.659536e-02
-2.218048e-02
-1.856602e-02
-1.469168e-02
-1.076222e-02
-6.618194e-03
-2.817378e-03
-1.387467e-04
1.693892e-03
3.386057e-03
4.179419e-03
5.668139e-03
7.921802e-03
8.337524e-03
8.232482e-03
8.105509e-03
8.447701e-03
1.007850e-02
1.078875e-02
1.238399e-02
1.510308e-02
1.728801e-02
2.060370e-02
2.591960e-02
3.165621e-02
3.665583e-02
4.114784e-02
4.592306e-02
4.956886e-02
5.374493e-02
5.872299e-02
6.078211e-02
5.735700e-02
5.275214e-02
4.741220e-02
3.485888e-02
1.796065e-02
-6.178175e-05
-1.766710e-02
-3.169801e-02
-3.898653e-02
-4.341375e-02
-4.632011e-02
-4.651311e-02
-4.386730e-02
-4.030206e-02
-3.821290e-02
-3.560270e-02
-3.292045e-02
-2.961106e-02
-2.534356e-02
-2.390361e-02
-2.332455e-02
-2.563849e-02
-2.909356e-02
-3.199910e-02
-3.412208e-02
-3.542778e-02
-3.702388e-02
-3.564183e-02
-3.202672e-02
-2.719637e-02
-2.174322e-02
-1.289087e-02
-2.549604e-03
5.164831e-03
1.165061e-02
1.746130e-02
2.297195e-02
2.724329e-02
3.022592e-02
3.270756e-02
3.486510e-02
3.833956e-02
4.137536e-02
4.416419e-02
4.679773e-02
4.865355e-02
5.132043e-02
5.357976e-02
5.522787e-02
5.814479e-02
6.153228e-02
6.518768e-02
6.908529e-02
7.391457e-02
7.561112e-02
7.148679e-02
6.621457e-02
6.241266e-02
5.724299e-02
5.130396e-02
4.493046e-02
3.908145e-02
3.289765e-02
2.515195e-02
1.795478e-02
1.188616e-02
7.398759e-03
4.422912e-03
1.652458e-03
-5.505759e-04
-1.262442e-03
-1.152363e-03
-1.310300e-03
-2.611651e-03
-4.022315e-03
-5.515830e-03
-7.698471e-03
-9.467198e-03
-1.081160e-02
-1.265674e-02
-1.538636e-02
-1.824275e-02
-2.103926e-02
-2.380625e-02
-2.665426e-02
-3.047802e-02
-3.525994e-02
-4.065984e-02
-4.585854e-02
-4.957272e-02
-5.439322e-02
-5.935125e-02
-6.427788e-02
-6.916809e-02
-7.282104e-02
-7.855575e-02
-8.548519e-02
-9.120611e-02
-9.615630e-02
-9.941708e-02
-1.028670e-01
-1.077275e-01
-1.108234e-01
-1.111172e-01
-1.090806e-01
-1.058936e-01
-1.019294e-01
-9.807517e-02
-9.388941e-02
-8.906691e-02
-8.257222e-02
-7.505527e-02
-6.727781e-02
-6.096685e-02
-5.621127e-02
-5.215310e-02
-4.921877e-02
-4.645104e-02
-4.364052e-02
-4.176414e-02
-4.023620e-02
-3.764586e-02
-3.470987e-02
-3.204124e-02
-2.902733e-02
-2.442228e-02
-1.835870e-02
-1.050340e-02
-2.720253e-03
4.001834e-03
9.832186e-03
1.650740e-02
2.330314e-02
2.902794e-02
3.387971e-02
3.721010e-02
4.013657e-02
4.413187e-02
4.803320e-02
5.209347e-02
5.756619e-02
6.434297e-02
7.263239e-02
8.027825e-02
8.566688e-02
9.114505e-02
9.632771e-02
1.005103e-01
1.050233e-01
1.105799e-01
1.154199e-01
1.199835e-01
1.259600e-01
1.306981e-01
1.343336e-01
1.360560e-01
1.343901e-01
1.295038e-01
1.240328e-01
1.197687e-01
1.149623e-01
1.086770e-01
1.029255e-01
9.402003e-02
7.979759e-02
6.976463e-02
6.132416e-02
5.249370e-02
4.436015e-02
3.850839e-02
3.473059e-02
3.441015e-02
3.785371e-02
4.001988e-02
3.911004e-02
3.682079e-02
3.337347e-02
3.046723e-02
2.757241e-02
2.380080e-02
2.070233e-02
1.908111e-02
2.017831e-02
2.214428e-02
2.482751e-02
2.838102e-02
3.006476e-02
3.005434e-02
2.968845e-02
3.047772e-02
3.218145e-02
3.513128e-02
3.829164e-02
4.143993e-02
4.328219e-02
4.036402e-02
3.621892e-02
3.283915e-02
2.959235e-02
2.641054e-02
2.172973e-02
1.715175e-02
1.357216e-02
1.051875e-02
6.199546e-03
2.693252e-03
2.432990e-03
3.017405e-03
4.210405e-03
7.814576e-03
8.618982e-03
5.810275e-03
1.956171e-03
-5.691431e-04
-1.124632e-03
-3.758135e-04
-1.251570e-03
-3.352460e-03
-4.994915e-03
-8.024434e-03
-1.063023e-02
-1.142323e-02
-8.430315e-03
-4.916082e-03
-2.071099e-03
4.702796e-04
1.851964e-03
-1.110680e-03
-5.232840e-03
-7.642179e-03
-9.606252e-03
-1.259433e-02
-1.622153e-02
-1.817483e-02
-1.805193e-02
-1.494555e-02
-1.236197e-02
-1.065807e-02
-7.222768e-03
-4.088839e-03
-1.480064e-03
7.155150e-04
2.956596e-03
5.896434e-03
1.002317e-02
1.372854e-02
1.678316e-02
2.012485e-02
2.243216e-02
2.500391e-02
2.745093e-02
2.889095e-02
3.031998e-02
3.163041e-02
3.182225e-02
3.250487e-02
3.459876e-02
3.618031e-02
3.748271e-02
3.892778e-02
4.032017e-02
4.122103e-02
4.207805e-02
4.313327e-02
4.382296e-02
4.622856e-02
4.827293e-02
4.912216e-02
5.099038e-02
5.308419e-02
5.540213e-02
5.730038e-02
5.948809e-02
6.160284e-02
6.360698e-02
6.592607e-02
6.788335e-02
6.989539e-02
7.094121e-02
7.163453e-02
7.088966e-02
6.795475e-02
6.427344e-02
5.940684e-02
5.080675e-02
4.013034e-02
3.061795e-02
2.283016e-02
1.229861e-02
2.218566e-03
-6.370713e-03
-1.533317e-02
-2.275640e-02
-2.956102e-02
-3.525255e-02
-4.055382e-02
-4.701069e-02
-5.292685e-02
-5.805535e-02
-6.232918e-02
-6.569866e-02
-6.854161e-02
-7.131273e-02
-7.419235e-02
-7.686531e-02
-7.915204e-02
-8.127620e-02
-8.190272e-02
-8.183970e-02
-8.181382e-02
-8.184361e-02
-8.277426e-02
-8.404478e-02
-8.423746e-02
-8.463841e-02
-8.580314e-02
-8.752499e-02
-9.174109e-02
-9.606865e-02
-9.903731e-02
-1.026026e-01
-1.070354e-01
-1.113624e-01
-1.151038e-01
-1.200392e-01
-1.249357e-01
-1.297596e-01
-1.332889e-01
-1.326825e-01
-1.278924e-01
-1.234353e-01
-1.199071e-01
-1.154504e-01
-1.101143e-01
-1.053653e-01
-1.002639e-01
-9.540054e-02
-9.128230e-02
-8.834280e-02
-8.562785e-02
-8.274153e-02
-8.041738e-02
-7.886731e-02
-7.671277e-02
-7.511049e-02
-7.447473e-02
-7.231763e-02
-7.018156e-02
-6.819504e-02
-6.581408e-02
-6.310590e-02
-5.998195e-02
-5.634886e-02
-5.336731e-02
-5.074835e-02
-4.772775e-02
-4.394828e-02
-4.135547e-02
-3.936005e-02
-3.673958e-02
-3.466653e-02
-3.350722e-02
-3.305436e-02
-3.136539e-02
-2.918777e-02
-2.773550e-02
-2.638445e-02
-2.493478e-02
-2.391488e-02
-2.390955e-02
-2.383006e-02
-2.297929e-02
-2.259593e-02
-2.335164e-02
-2.491766e-02
-2.517165e-02
-2.501980e-02
-2.506636e-02
-2.508472e-02
-2.463704e-02
-2.331190e-02
-2.187114e-02
-2.040578e-02
-1.926498e-02
-1.839669e-02
-1.586765e-02
-1.218343e-02
-6.959637e-03
-1.604858e-03
1.503839e-03
5.006401e-03
1.001992e-02
1.502477e-02
1.966379e-02
2.508323e-02
3.070169e-02
3.577178e-02
4.083534e-02
4.518394e-02
4.866061e-02
5.356287e-02
5.861814e-02
6.394746e-02
6.884955e-02
7.294783e-02
7.563444e-02
7.796537e-02
8.132971e-02
8.429472e-02
8.715554e-02
8.828941e-02
8.470831e-02
7.995219e-02
7.658281e-02
7.203199e-02
6.693099e-02
6.124297e-02
5.744157e-02
5.346867e-02
5.037250e-02
4.800148e-02
4.408798e-02
4.292977e-02
4.260418e-02
4.328967e-02
4.455403e-02
4.504077e-02
4.625692e-02
4.714197e-02
4.810517e-02
5.011773e-02
5.099994e-02
4.983649e-02
4.659807e-02
4.472245e-02
4.310762e-02
4.144270e-02
4.147183e-02
4.243056e-02
4.385952e-02
4.551893e-02
4.519444e-02
4.346907e-02
4.081944e-02
3.844224e-02
3.713915e-02
3.648558e-02
3.684477e-02
3.906532e-02
4.020837e-02
4.097433e-02
4.216433e-02
4.035081e-02
3.646011e-02
3.344671e-02
3.092082e-02
2.770501e-02
2.438087e-02
2.472362e-02
2.602814e-02
2.570978e-02
2.359040e-02
2.092857e-02
2.003331e-02
2.042682e-02
2.216701e-02
2.445555e-02
2.477267e-02
2.160919e-02
1.920312e-02
2.006037e-02
2.142119e-02
2.170840e-02
2.032341e-02
1.767883e-02
1.490099e-02
1.197380e-02
8.645015e-03
5.168550e-03
1.105232e-04
-5.012262e-03
-8.401362e-03
-1.117776e-02
-1.349274e-02
-1.521160e-02
-1.661368e-02
-1.757137e-02
-1.885720e-02
-2.168168e-02
-2.320678e-02
-2.126696e-02
-1.965293e-02
-1.819385e-02
-1.556125e-02
-1.288170e-02
-1.078455e-02
-9.807851e-03
-7.007826e-03
-3.745176e-03
-1.876749e-03
-7.374924e-04
2.565987e-03
5.391681e-03
7.206144e-03
8.424910e-03
9.541804e-03
1.072787e-02
1.089383e-02
1.074141e-02
1.090355e-02
1.172327e-02
1.202818e-02
1.205687e-02
1.191781e-02
1.144360e-02
1.163101e-02
1.215788e-02
1.307819e-02
1.374050e-02
1.496839e-02
1.656168e-02
1.770311e-02
1.850310e-02
2.007374e-02
2.048517e-02
2.114815e-02
2.139909e-02
2.049980e-02
2.018534e-02
1.935001e-02
1.779867e-02
1.615885e-02
1.531782e-02
1.241398e-02
8.739521e-03
6.521273e-03
4.236993e-03
1.400290e-03
-1.400138e-03
-4.350391e-03
-6.856318e-03
-8.297266e-03
-1.008042e-02
-1.071371e-02
-1.247390e-02
-1.509825e-02
-1.636621e-02
-1.862272e-02
-2.047993e-02
-1.844311e-02
-1.559026e-02
-1.299253e-02
-1.071373e-02
-1.025763e-02
-1.045093e-02
-1.026726e-02
-9.630229e-03
-1.016852e-02
-1.162311e-02
-1.266147e-02
-1.383542e-02
-1.655555e-02
-1.938308e-02
-2.101494e-02
-2.274929e-02
-2.485982e-02
-2.662740e-02
-2.855512e-02
-2.942985e-02
-3.054541e-02
-3.167010e-02
-3.290950e-02
-3.492360e-02
-3.736385e-02
-3.870784e-02
-3.912412e-02
-3.987801e-02
-4.072836e-02
-4.107174e-02
-4.106932e-02
-4.105877e-02
-4.106436e-02
-4.105845e-02
-4.105786e-02
-4.105884e-02
-4.105773e-02
-4.100476e-02
-4.119300e-02
-4.080501e-02
-3.894613e-02
-3.824060e-02
-3.704697e-02
-3.566812e-02
-3.499725e-02
-3.409301e-02
-3.355785e-02
-3.333798e-02
-3.381100e-02
-3.301174e-02
-3.164942e-02
-3.148662e-02
-3.110495e-02
-2.973795e-02
-2.826279e-02
-2.685892e-02
-2.547027e-02
-2.401385e-02
-2.200347e-02
-2.007943e-02
-1.851274e-02
-1.598091e-02
-1.272443e-02
-9.721233e-03
-7.297733e-03
-4.791509e-03
-2.836729e-03
-2.698677e-04
2.721739e-03
6.157323e-03
9.488234e-03
1.228392e-02
1.541033e-02
1.861101e-02
2.024270e-02
2.152020e-02
2.298974e-02
2.441797e-02
2.536959e-02
2.622423e-02
2.720845e-02
2.706890e-02
2.768844e-02
2.794347e-02
2.784530e-02
2.791144e-02
2.781917e-02
2.798530e-02
2.926667e-02
3.026990e-02
3.031095e-02
3.029331e-02
3.022730e-02
3.079945e-02
3.248007e-02
3.412163e-02
3.660966e-02
3.860477e-02
3.968764e-02
4.068252e-02
4.192253e-02
4.246937e-02
4.402071e-02
4.468575e-02
4.454822e-02
4.458629e-02
4.538914e-02
4.668681e-02
4.704337e-02
4.699430e-02
4.701401e-02
4.706106e-02
4.698061e-02
4.712134e-02
4.839235e-02
4.937784e-02
4.957323e-02
5.016154e-02
5.079583e-02
5.172575e-02
5.199085e-02
5.174804e-02
5.121604e-02
5.168815e-02
5.180252e-02
5.060182e-02
4.892224e-02
4.639719e-02
4.380729e-02
4.023672e-02
3.600655e-02
3.124803e-02
2.581859e-02
2.091890e-02
1.564705e-02
1.028977e-02
5.415651e-03
8.712492e-04
-3.172310e-03
-8.369857e-03
-1.246915e-02
-1.690257e-02
-2.058911e-02
-2.392587e-02
-2.663825e-02
-2.845344e-02
-3.111255e-02
-3.344131e-02
-3.493719e-02
-3.716404e-02
-4.000270e-02
-4.285284e-02
-4.508176e-02
-4.677878e-02
-4.859567e-02
-4.976553e-02
-5.154890e-02
-5.237819e-02
-5.346722e-02
-5.418349e-02
-5.415147e-02
-5.413322e-02
-5.412025e-02
-5.362210e-02
-5.223046e-02
-4.979813e-02
-4.723155e-02
-4.505669e-02
-4.205056e-02
-3.969390e-02
-3.710681e-02
-3.415862e-02
-3.156535e-02
-2.968129e-02
-2.812781e-02
-2.710048e-02
-2.601950e-02
-2.546992e-02
-2.426538e-02
-2.327395e-02
-2.304801e-02
-2.340394e-02
-2.509928e-02
-2.564401e-02
-2.550666e-02
-2.552455e-02
-2.551660e-02
-2.551087e-02
-2.549579e-02
-2.547573e-02
-2.550338e-02
-2.547662e-02
-2.451683e-02
-2.344165e-02
-2.250336e-02
-1.920394e-02
-1.535568e-02
-1.075861e-02
-6.933256e-03
-4.044882e-03
-1.842897e-03
-1.670467e-03
-1.663608e-03
-9.953253e-04
-3.098690e-04
3.795598e-04
-6.943029e-04
-1.649198e-03
-2.517481e-03
-4.636191e-03
-6.428620e-03
-7.775955e-03
-7.807117e-03
-5.723280e-03
-3.483412e-03
-1.663601e-03
1.058743e-03
2.374037e-03
-2.451084e-04
-2.902312e-03
-4.211686e-03
-6.032316e-03
-4.487041e-03
-1.163808e-03
-1.920394e-04
-2.278866e-03
-5.704674e-03
-6.416173e-03
-5.481556e-03
-3.313759e-03
-4.052139e-04
1.918943e-03
3.191221e-03
3.333124e-03
3.260304e-03
2.530554e-03
2.273952e-03
4.101713e-03
6.075770e-03
7.912325e-03
8.682354e-03
8.435699e-03
7.002692e-03
5.833081e-03
7.028316e-03
8.990735e-03
1.119994e-02
1.324406e-02
1.419928e-02
1.489578e-02
1.376605e-02
1.168738e-02
9.640422e-03
8.463734e-03
7.840738e-03
6.002576e-03
4.659327e-03
3.551469e-03
3.326599e-03
3.511674e-03
3.210320e-03
1.944699e-03
1.028531e-03
1.210582e-03
8.582239e-04
-9.699133e-04
-2.113995e-03
-4.457544e-03
-7.584824e-03
-1.113891e-02
-1.425733e-02
-1.731522e-02
-2.051188e-02
-2.272864e-02
-2.450578e-02
-2.602270e-02
-2.722001e-02
-2.675056e-02
-2.504172e-02
-2.343158e-02
-2.070744e-02
-1.879277e-02
-1.710706e-02
-1.437782e-02
-1.149346e-02
-8.712889e-03
-5.899024e-03
-3.081696e-03
-2.622337e-04
2.455568e-03
5.536884e-03
7.910546e-03
7.308356e-03
7.429753e-03
9.531056e-03
1.136998e-02
1.212827e-02
1.120437e-02
7.223783e-03
4.092553e-03
1.168068e-03
-2.017721e-03
-7.020404e-03
-1.217136e-02
-1.504244e-02
-1.728145e-02
-1.925475e-02
-2.028551e-02
-2.239926e-02
-2.406181e-02
-2.473945e-02
-2.480916e-02
-2.476969e-02
-2.477013e-02
-2.481643e-02
-2.471157e-02
-2.411244e-02
-2.352288e-02
-2.246198e-02
-2.073484e-02
-1.802969e-02
-1.439747e-02
-1.044160e-02
-6.964604e-03
-3.520971e-03
-1.449217e-03
1.269114e-03
4.840874e-03
7.006429e-03
8.616543e-03
1.089306e-02
1.253596e-02
1.378031e-02
1.430329e-02
1.429182e-02
1.426401e-02
1.434453e-02
1.419711e-02
1.351020e-02
1.303127e-02
1.183730e-02
9.886386e-03
8.549878e-03
8.086596e-03
6.474480e-03
5.846238e-03
5.938963e-03
6.506142e-03
7.774076e-03
8.315950e-03
8.213052e-03
8.547453e-03
9.758859e-03
1.072070e-02
1.132416e-02
1.185520e-02
1.456715e-02
1.822306e-02
2.138913e-02
2.546031e-02
2.810366e-02
2.972214e-02
3.162479e-02
3.241443e-02
3.367045e-02
3.609540e-02
3.894444e-02
4.111822e-02
4.225991e-02
4.342412e-02
4.458505e-02
4.576425e-02
4.593288e-02
4.582486e-02
4.584695e-02
4.584283e-02
4.577480e-02
4.606270e-02
4.689209e-02
4.704754e-02
4.685104e-02
4.711454e-02
4.777636e-02
4.708563e-02
4.687599e-02
4.677054e-02
4.713264e-02
4.901068e-02
4.902542e-02
4.858182e-02
4.918456e-02
4.919312e-02
4.797487e-02
4.652604e-02
4.563615e-02
4.483953e-02
4.350569e-02
4.195363e-02
4.096385e-02
4.065402e-02
3.963214e-02
3.817827e-02
3.639117e-02
3.540796e-02
3.334693e-02
3.176642e-02
3.120145e-02
3.007058e-02
2.893104e-02
2.791421e-02
2.535498e-02
2.228021e-02
1.962777e-02
1.791200e-02
1.626820e-02
1.444047e-02
1.296473e-02
1.201986e-02
1.088258e-02
9.591230e-03
8.767958e-03
8.596567e-03
7.770396e-03
7.261962e-03
6.616989e-03
4.953074e-03
4.091638e-03
2.557273e-03
3.464241e-04
-6.246812e-04
-2.112162e-03
-3.959330e-03
-6.220202e-03
-7.430726e-03
-9.508564e-03
-1.158023e-02
-1.371478e-02
-1.599095e-02
-1.776699e-02
-1.922073e-02
-2.067843e-02
-2.137344e-02
-2.177617e-02
-2.328700e-02
-2.431800e-02
-2.610501e-02
-2.755041e-02
-2.854818e-02
-2.893680e-02
-2.977424e-02
-3.035196e-02
-3.111676e-02
-3.111442e-02
-3.143059e-02
-3.324961e-02
-3.426883e-02
-3.581826e-02
-3.740101e-02
-4.017230e-02
-4.402584e-02
-4.702832e-02
-4.947320e-02
-5.134341e-02
-5.279079e-02
-5.457024e-02
-5.515176e-02
-5.463298e-02
-5.346140e-02
-5.257064e-02
-5.186412e-02
-5.142467e-02
-5.019906e-02
-4.868921e-02
-4.744007e-02
-4.577860e-02
-4.363216e-02
-4.320346e-02
-4.255282e-02
-4.108158e-02
-3.997531e-02
-3.896789e-02
-3.829993e-02
-3.578429e-02
-3.228232e-02
-2.904828e-02
-2.487436e-02
-1.886378e-02
-1.393273e-02
-8.612333e-03
-3.547376e-03
-3.855667e-04
2.750521e-03
7.486785e-03
1.058802e-02
1.272879e-02
1.487424e-02
1.561014e-02
1.582794e-02
1.667519e-02
1.686843e-02
1.757286e-02
1.874748e-02
1.945092e-02
1.926011e-02
1.661342e-02
1.678607e-02
1.874793e-02
1.917133e-02
1.901311e-02
1.913076e-02
1.959956e-02
1.942216e-02
1.910135e-02
1.885615e-02
1.794008e-02
1.722680e-02
1.669854e-02
1.661183e-02
1.659445e-02
1.695619e-02
1.770322e-02
1.719606e-02
1.667825e-02
1.653402e-02
1.538347e-02
1.384880e-02
1.192372e-02
9.868388e-03
8.530172e-03
8.363942e-03
7.649805e-03
6.142985e-03
5.804547e-03
6.138766e-03
7.006875e-03
7.509715e-03
8.213085e-03
9.167050e-03
1.015788e-02
1.103524e-02
1.257228e-02
1.216912e-02
1.168977e-02
1.119585e-02
1.062154e-02
9.473613e-03
8.040310e-03
6.625199e-03
4.478014e-03
1.694668e-03
-1.135295e-03
-3.946510e-03
-6.775130e-03
-8.815649e-03
-1.043085e-02
-1.270084e-02
-1.438498e-02
-1.559921e-02
-1.729144e-02
-1.907276e-02
-1.929111e-02
-1.988337e-02
-2.015613e-02
-2.061226e-02
-2.120067e-02
-2.125848e-02
-2.260479e-02
-2.458543e-02
-2.500329e-02
-2.613055e-02
-2.710696e-02
-2.729359e-02
-2.848052e-02
-2.951760e-02
-3.027119e-02
-3.147786e-02
-3.201645e-02
-3.170842e-02
-3.040866e-02
-2.961285e-02
-2.941768e-02
-2.868165e-02
-2.818386e-02
-2.696447e-02
-2.546865e-02
-2.409066e-02
-2.267680e-02
-2.126344e-02
-2.011498e-02
-1.916742e-02
-1.773749e-02
-1.590543e-02
-1.429774e-02
-1.256521e-02
-9.927599e-03
-7.618766e-03
-5.380201e-03
-2.650679e-03
3.318889e-04
2.616844e-03
1.885431e-03
-7.384954e-04
-3.260874e-03
-5.994962e-03
-8.807181e-03
-1.177051e-02
-1.425642e-02
-1.564398e-02
-1.750897e-02
-1.788132e-02
-1.770312e-02
-1.775612e-02
-1.775613e-02
-1.774246e-02
-1.776110e-02
-1.777790e-02
-1.706787e-02
-1.585203e-02
-1.530121e-02
-1.414764e-02
-1.238754e-02
-1.060050e-02
-9.256411e-03
-8.061154e-03
-6.240168e-03
-5.091514e-03
-2.850175e-03
-1.020302e-03
5.648506e-04
1.201664e-03
1.151390e-03
1.152975e-03
1.155825e-03
1.144844e-03
1.187333e-03
9.398148e-04
6.070080e-05
-7.499282e-04
-1.082810e-03
-2.795286e-04
3.484793e-05
-1.002674e-04
5.731736e-04
2.637322e-03
4.443652e-03
6.047396e-03
8.662515e-03
1.059546e-02
1.210107e-02
1.379676e-02
1.419732e-02
1.415083e-02
1.457106e-02
1.464917e-02
1.419820e-02
1.410662e-02
1.417455e-02
1.410221e-02
1.420048e-02
1.488599e-02
1.540118e-02
1.514986e-02
1.388374e-02
1.296200e-02
1.210336e-02
1.085024e-02
1.052948e-02
1.060115e-02
1.060821e-02
1.051113e-02
1.071078e-02
1.161293e-02
1.212774e-02
1.344386e-02
1.469125e-02
1.556562e-02
1.741566e-02
1.804335e-02
1.931202e-02
2.134430e-02
2.244604e-02
2.358738e-02
2.467257e-02
2.485137e-02
2.538923e-02
2.592723e-02
2.598989e-02
2.571737e-02
2.484806e-02
2.333769e-02
2.178721e-02
2.089870e-02
1.912482e-02
1.863026e-02
1.841838e-02
1.743674e-02
1.580723e-02
1.479388e-02
1.244338e-02
9.905041e-03
6.897098e-03
3.955112e-03
1.778870e-03
-2.004451e-03
-5.452726e-03
-8.415781e-03
-9.318072e-03
-7.491635e-03
-6.411025e-03
-4.459372e-03
-1.300361e-03
1.663213e-03
3.721051e-03
5.551689e-03
5.587150e-03
4.349707e-03
2.073360e-03
8.206332e-04
7.696724e-05
1.125866e-03
3.527622e-03
6.070271e-03
8.266822e-03
1.054605e-02
1.275202e-02
1.521701e-02
1.567139e-02
1.407613e-02
1.140060e-02
9.000250e-03
6.805001e-03
4.174704e-03
3.373827e-03
4.880180e-03
7.750223e-03
1.037397e-02
1.273969e-02
1.587964e-02
1.638479e-02
1.458205e-02
1.343999e-02
1.406208e-02
1.607513e-02
1.912087e-02
2.247469e-02
2.527785e-02
2.931847e-02
3.253320e-02
3.312702e-02
3.199343e-02
2.905540e-02
2.597157e-02
2.274949e-02
2.000335e-02
1.851826e-02
1.658372e-02
1.392502e-02
1.185660e-02
9.332407e-03
6.821887e-03
5.216192e-03
3.213872e-03
1.273833e-03
-2.351359e-04
-1.255254e-03
-8.674112e-04
6.843466e-04
3.065558e-03
4.648692e-03
3.404342e-03
-6.668022e-04
-4.269644e-03
-7.160571e-03
-9.633206e-03
-1.187939e-02
-1.491434e-02
-1.705574e-02
-1.751789e-02
-1.442877e-02
-1.140170e-02
-9.085016e-03
-7.188885e-03
-5.138773e-03
-4.300838e-03
-3.970055e-03
-4.251710e-03
-4.053583e-03
-4.726952e-03
-4.920321e-03
-4.953500e-03
-5.681519e-03
-6.140905e-03
-7.483387e-03
-9.278484e-03
-1.096563e-02
-1.258108e-02
-1.208821e-02
-1.006597e-02
-7.518518e-03
-5.104946e-03
-1.831512e-03
-1.679872e-04
-1.198064e-03
-3.169264e-03
-5.047713e-03
-6.155344e-03
-7.397070e-03
-8.447816e-03
-9.172100e-03
-9.528554e-03
-9.766800e-03
-1.067960e-02
-1.087144e-02
-1.080102e-02
-1.074073e-02
-1.097350e-02
-1.224329e-02
-1.322926e-02
-1.308625e-02
-1.215651e-02
-1.188705e-02
-1.248108e-02
-1.373129e-02
-1.444171e-02
-1.422359e-02
-1.326717e-02
-1.308161e-02
-1.318307e-02
-1.315103e-02
-1.313825e-02
-1.316791e-02
-1.316183e-02
-1.226834e-02
-1.100322e-02
-1.069265e-02
-1.008406e-02
-8.324382e-03
-5.869277e-03
-3.635406e-03
-1.114912e-03
-1.599070e-04
-2.325698e-03
-4.377236e-03
-5.314782e-03
-8.359779e-03
-1.082557e-02
-1.348837e-02
-1.635524e-02
-1.797210e-02
-1.943699e-02
-2.140992e-02
-2.258241e-02
-2.262136e-02
-2.259452e-02
-2.251688e-02
-2.274093e-02
-2.333605e-02
-2.272327e-02
-2.255040e-02
-2.253433e-02
-2.190613e-02
-2.130304e-02
-2.030698e-02
-1.924805e-02
-1.794986e-02
-1.672015e-02
-1.559079e-02
-1.543312e-02
-1.476458e-02
-1.341807e-02
-1.303877e-02
-1.315966e-02
-1.308657e-02
-1.219266e-02
-1.073968e-02
-9.306905e-03
-7.059898e-03
-4.535630e-03
-3.348386e-03
-1.539939e-03
-3.743528e-05
1.885938e-03
2.160966e-03
-1.405892e-04
-1.855111e-03
-3.199019e-03
-4.678338e-03
-6.178614e-03
-7.615594e-03
-8.351787e-03
-8.394322e-03
-8.324142e-03
-8.045199e-03
-7.067525e-03
-5.368337e-03
-4.776939e-03
-4.411051e-03
-3.736128e-03
-3.524640e-03
-2.511462e-03
-5.984252e-04
1.644525e-03
3.134908e-03
4.708961e-03
7.173161e-03
9.335089e-03
1.217609e-02
1.629323e-02
2.038649e-02
2.287369e-02
2.527316e-02
2.783582e-02
2.869892e-02
2.978301e-02
3.079396e-02
3.163136e-02
3.191022e-02
3.186499e-02
3.185174e-02
3.194357e-02
3.173602e-02
3.035751e-02
2.965836e-02
2.923580e-02
2.744947e-02
2.693825e-02
2.607514e-02
2.477761e-02
2.363516e-02
2.186336e-02
1.966875e-02
1.701272e-02
1.340723e-02
1.147711e-02
9.591645e-03
6.769807e-03
4.715500e-03
3.606203e-03
2.912257e-03
1.755127e-03
9.774033e-04
7.106384e-05
-1.417198e-04
2.642888e-05
-1.080352e-04
-1.279548e-03
-2.381330e-03
-2.459031e-03
-2.393496e-03
-2.387941e-03
-2.793183e-03
-3.458396e-03
-3.759001e-03
-4.581981e-03
-5.163303e-03
-5.861629e-03
-6.011191e-03
-5.939736e-03
-5.962026e-03
-5.957812e-03
-5.937521e-03
-6.015770e-03
-5.714300e-03
-4.472493e-03
-3.473085e-03
-2.714533e-03
-2.274525e-03
-8.760978e-04
1.170948e-03
2.386282e-03
2.286267e-03
5.930645e-04
-1.186097e-03
-2.050167e-03
-3.576024e-03
-6.278842e-03
-8.316753e-03
-9.973770e-03
-1.042230e-02
-8.573723e-03
-7.728594e-03
-6.535711e-03
-3.876148e-03
-1.386027e-03
-7.214345e-04
5.767920e-04
1.986148e-03
2.430425e-03
4.036945e-03
7.040468e-03
9.817395e-03
1.192337e-02
1.397919e-02
1.507338e-02
1.700191e-02
1.886930e-02
1.852188e-02
1.632500e-02
1.530174e-02
1.438461e-02
1.311771e-02
1.264491e-02
1.118000e-02
8.959136e-03
8.286874e-03
7.972757e-03
6.649850e-03
5.922821e-03
5.886994e-03
6.271761e-03
6.915126e-03
7.392785e-03
8.962753e-03
9.730602e-03
1.110710e-02
1.316626e-02
1.329938e-02
1.189133e-02
9.887652e-03
7.935343e-03
6.931197e-03
4.997648e-03
2.990304e-03
7.434200e-04
-1.563924e-03
-3.417376e-03
-4.824801e-03
-5.836446e-03
-7.412663e-03
-9.085474e-03
-9.637463e-03
-1.052636e-02
-1.114163e-02
-1.194759e-02
-1.391272e-02
-1.419363e-02
-1.415007e-02
-1.485509e-02
-1.542375e-02
-1.634164e-02
-1.651859e-02
-1.642722e-02
-1.644744e-02
-1.644454e-02
-1.641266e-02
-1.649708e-02
-1.631812e-02
-1.536742e-02
-1.473413e-02
-1.412810e-02
-1.400034e-02
-1.405462e-02
-1.403319e-02
-1.403082e-02
-1.401581e-02
-1.405892e-02
-1.393893e-02
-1.359623e-02
-1.353032e-02
-1.295439e-02
-1.302077e-02
-1.391118e-02
-1.405371e-02
-1.395902e-02
-1.398238e-02
-1.399495e-02
-1.354410e-02
-1.213259e-02
-1.073758e-02
-1.036291e-02
-1.049942e-02
-9.829339e-03
-8.033381e-03
-7.669980e-03
-8.031805e-03
-8.033430e-03
-8.006246e-03
-8.010989e-03
-7.999821e-03
-8.014700e-03
-7.981061e-03
-7.540793e-03
-6.819598e-03
-5.837842e-03
-4.470868e-03
-2.981402e-03
-1.170452e-03
1.130832e-03
3.257528e-03
3.985127e-03
5.295828e-03
7.114572e-03
8.805394e-03
1.033337e-02
9.996723e-03
9.406492e-03
8.804614e-03
7.660399e-03
5.795617e-03
4.793122e-03
2.300994e-03
-1.425878e-04
-8.049288e-04
-8.567207e-04
-6.228687e-04
2.774791e-04
9.291957e-04
3.289898e-03
6.705683e-03
7.799179e-03
8.869345e-03
9.480087e-03
7.609628e-03
4.953644e-03
4.427129e-03
1.263546e-03
-1.271763e-03
-2.972779e-03
-5.898917e-03
-6.970205e-03
-7.708592e-03
-7.855868e-03
-6.969408e-03
-5.655004e-03
-3.916024e-03
-1.639448e-03
-6.992706e-04
2.344673e-04
2.492041e-03
4.274817e-03
5.511634e-03
5.926267e-03
5.075921e-03
3.279414e-03
2.571672e-03
1.469246e-03
-8.055340e-04
-4.385016e-03
-6.399861e-03
-5.350257e-03
-3.240479e-03
-1.378500e-03
-4.341038e-04
1.443783e-03
3.216327e-03
3.988280e-03
3.628356e-03
2.774583e-03
8.619094e-04
-1.128368e-03
-2.793266e-03
-3.097315e-03
-2.859179e-03
-1.834713e-03
-6.239666e-04
3.432398e-04
1.760462e-03
2.639400e-03
3.070871e-03
4.016787e-03
4.664711e-03
5.273580e-03
5.297164e-03
5.415052e-03
6.350480e-03
6.570033e-03
6.472685e-03
6.530278e-03
6.485429e-03
5.655128e-03
4.387080e-03
2.803600e-03
5.813714e-04
-1.456497e-03
-4.537380e-03
-7.152447e-03
-8.657565e-03
-1.106788e-02
-1.214025e-02
-9.690404e-03
-7.331028e-03
-5.150968e-03
-1.176374e-03
1.497008e-03
3.076091e-03
5.086649e-03
5.801370e-03
6.379301e-03
6.573315e-03
6.406177e-03
6.621250e-03
7.554734e-03
7.735525e-03
8.074538e-03
8.756311e-03
8.973103e-03
9.676180e-03
1.006896e-02
1.004317e-02
1.003500e-02
1.004550e-02
1.004524e-02
1.001328e-02
1.010042e-02
9.981421e-03
8.733842e-03
7.741348e-03
7.617970e-03
6.324628e-03
4.608256e-03
3.965684e-03
3.073209e-03
2.833945e-03
3.742381e-03
5.835705e-03
7.055024e-03
7.919404e-03
1.059283e-02
1.271363e-02
1.487997e-02
1.641268e-02
1.643194e-02
1.528912e-02
1.357570e-02
1.153244e-02
1.087391e-02
9.761780e-03
8.853813e-03
8.719506e-03
8.031949e-03
7.602794e-03
7.605852e-03
7.604879e-03
7.657435e-03
7.518933e-03
6.957477e-03
7.322316e-03
7.484756e-03
6.570489e-03
6.015030e-03
5.327254e-03
5.163329e-03
5.234202e-03
5.194616e-03
5.254985e-03
5.001809e-03
4.115623e-03
3.452602e-03
2.899711e-03
2.765198e-03
2.898748e-03
2.737602e-03
1.514274e-03
6.441317e-05
-1.263502e-03
-2.663030e-03
-3.925081e-03
-5.480619e-03
-7.788088e-03
-9.362366e-03
-1.054380e-02
-1.202446e-02
-1.390720e-02
-1.498057e-02
-1.498258e-02
-1.380552e-02
-1.121041e-02
-9.175529e-03
-8.137559e-03
-5.794070e-03
-2.862773e-03
-4.901217e-04
5.581933e-04
1.326837e-03
1.795983e-03
2.632495e-03
2.828114e-03
2.735998e-03
2.740452e-03
2.795245e-03
2.731836e-03
1.657559e-03
4.485171e-04
3.426474e-04
4.097686e-04
-7.842133e-05
-1.408791e-03
-3.542044e-03
-5.204948e-03
-5.481837e-03
-6.917092e-03
-1.022482e-02
-1.154427e-02
-1.098952e-02
-8.982825e-03
-5.732299e-03
-3.452688e-03
-2.025323e-03
-9.690510e-04
-3.190767e-04
1.708894e-03
3.693297e-03
5.135984e-03
5.755779e-03
6.406865e-03
9.326241e-03
1.206495e-02
1.236222e-02
1.158473e-02
9.974357e-03
8.065562e-03
6.492925e-03
6.138940e-03
5.424286e-03
5.136810e-03
4.951874e-03
4.050197e-03
3.850478e-03
4.052174e-03
3.837505e-03
2.353832e-03
1.692834e-03
1.319093e-03
-4.370586e-04
-1.774055e-03
-4.036497e-03
-5.516635e-03
-7.314418e-03
-8.565972e-03
-8.301668e-03
-7.737908e-03
-5.443924e-03
-3.270780e-03
-2.286259e-03
-9.534053e-04
-6.792591e-04
-8.398610e-04
-7.033861e-04
-8.842876e-04
-1.832548e-03
-2.073675e-03
-1.506005e-03
-8.802452e-04
-1.907671e-03
-3.101368e-03
-3.159531e-03
-3.094005e-03
-3.115957e-03
-3.117213e-03
-3.074846e-03
-3.176792e-03
-2.998119e-03
-1.745291e-03
-6.635984e-04
2.111050e-04
1.731495e-03
4.005118e-03
5.523387e-03
7.246341e-03
8.622011e-03
8.194516e-03
7.440467e-03
6.588308e-03
6.388527e-03
5.781912e-03
4.638896e-03
4.454299e-03
4.116173e-03
4.105707e-03
3.902991e-03
3.285922e-03
3.480761e-03
2.364623e-03
1.771254e-03
2.385866e-03
1.923833e-03
1.394234e-03
5.634944e-04
-8.267395e-05
-7.379010e-04
-6.929800e-04
1.998788e-04
4.554457e-04
4.032876e-04
8.129672e-04
1.520146e-03
2.406652e-03
3.590319e-03
3.955332e-03
3.880334e-03
3.880369e-03
3.890194e-03
3.825468e-03
3.863844e-03
4.898411e-03
6.081059e-03
6.469079e-03
7.215865e-03
8.561165e-03
1.021703e-02
1.189485e-02
1.398240e-02
1.418303e-02
1.262173e-02
1.035807e-02
8.157039e-03
6.687659e-03
5.608374e-03
3.767422e-03
3.053181e-03
1.995191e-03
4.072046e-04
-6.703077e-04
-1.524669e-03
-3.188475e-03
-4.407704e-03
-6.773631e-03
-8.346888e-03
-9.239934e-03
-8.585257e-03
-7.210048e-03
-5.664189e-03
-3.727790e-03
-2.649357e-03
-1.353584e-03
2.547557e-04
1.962819e-03
3.220884e-03
3.038240e-03
2.123518e-03
1.463416e-03
1.536128e-04
-1.079544e-03
-1.543737e-03
-2.616126e-03
-4.025121e-03
-5.343428e-03
-6.012343e-03
-5.151194e-03
-4.100464e-03
-3.471046e-03
-1.515564e-03
-2.436476e-04
1.190309e-03
3.075648e-03
2.821475e-03
-7.178039e-05
-1.612871e-03
-1.884318e-03
-3.131666e-03
-5.067090e-03
-6.922487e-03
-8.040228e-03
-8.395652e-03
-9.530861e-03
-1.041169e-02
-1.050360e-02
-1.103535e-02
-1.154651e-02
-1.133436e-02
-1.038824e-02
-1.020782e-02
-1.021817e-02
-1.019504e-02
-1.109706e-02
-1.223345e-02
-1.231750e-02
-1.218102e-02
-1.216188e-02
-1.210809e-02
-1.205582e-02
-1.199966e-02
-1.194604e-02
-1.191025e-02
-1.180074e-02
-1.182193e-02
-1.273097e-02
-1.396352e-02
-1.483419e-02
-1.518737e-02
-1.586781e-02
-1.727457e-02
-1.783969e-02
-1.876790e-02
-2.005943e-02
-2.106711e-02
-2.150385e-02
-2.232634e-02
-2.324130e-02
-2.325080e-02
-2.296025e-02
-2.222557e-02
-2.174450e-02
-2.140452e-02
-2.047209e-02
-2.011006e-02
-1.954793e-02
-1.888835e-02
-1.871143e-02
-1.858710e-02
-1.845544e-02
-1.828817e-02
-1.755731e-02
-1.621883e-02
-1.487000e-02
-1.356499e-02
-1.161692e-02
-8.890315e-03
-7.022041e-03
-6.074915e-03
-4.096308e-03
-1.817084e-03
-9.514898e-04
-1.309913e-03
-2.720285e-03
-5.137955e-03
-7.084878e-03
-9.600214e-03
-1.007157e-02
-8.116214e-03
-5.744656e-03
-4.251518e-03
-2.902737e-03
-5.530019e-04
2.308648e-03
3.692752e-03
3.173508e-03
2.737550e-03
2.061792e-03
1.169812e-03
2.447233e-04
-4.519420e-05
4.801713e-04
1.772729e-03
1.480464e-03
1.932743e-03
3.321187e-03
4.524712e-03
5.329672e-03
6.737847e-03
7.758117e-03
9.638672e-03
1.124735e-02
1.233704e-02
1.427136e-02
1.586907e-02
1.673097e-02
1.796196e-02
1.848378e-02
1.905115e-02
2.006159e-02
2.091875e-02
2.107261e-02
2.092455e-02
2.118690e-02
2.177495e-02
2.174283e-02
2.147519e-02
2.133496e-02
2.183264e-02
2.246726e-02
2.280232e-02
2.410842e-02
2.481137e-02
2.498633e-02
2.440657e-02
2.328778e-02
2.289837e-02
2.247806e-02
2.163744e-02
2.090237e-02
2.034142e-02
1.931065e-02
1.830504e-02
1.775102e-02
1.704765e-02
1.631753e-02
1.578168e-02
1.494871e-02
1.440176e-02
1.369233e-02
1.309869e-02
1.240865e-02
1.096073e-02
1.036277e-02
9.810293e-03
9.063310e-03
8.110792e-03
7.782705e-03
7.368300e-03
6.093467e-03
5.371367e-03
4.534616e-03
4.131952e-03
3.961402e-03
3.256466e-03
2.786010e-03
2.329695e-03
1.619971e-03
7.789532e-04
5.941076e-04
3.465928e-04
-5.327463e-04
-9.836825e-04
-1.054354e-03
-1.774296e-03
-2.503073e-03
-2.309468e-03
-2.245110e-03
-2.453315e-03
-2.050665e-03
-1.693508e-03
-1.421723e-03
-1.796077e-03
-1.951973e-03
-1.850928e-03
-1.989896e-03
-2.561211e-03
-2.676105e-03
-2.651788e-03
-2.557043e-03
-2.778572e-03
-3.876598e-03
-4.090562e-03
-3.921834e-03
-4.001903e-03
-4.418040e-03
-4.601202e-03
-4.548995e-03
-4.750252e-03
-5.126386e-03
-5.147453e-03
-5.077844e-03
-5.040643e-03
-5.015799e-03
-5.198120e-03
-5.575073e-03
-5.972372e-03
-6.105621e-03
-6.029686e-03
-5.983376e-03
-6.222113e-03
-6.423841e-03
-6.483214e-03
-6.894043e-03
-6.885323e-03
-6.812018e-03
-7.350347e-03
-7.815824e-03
-7.742338e-03
-7.637418e-03
-7.525514e-03
-6.914010e-03
-6.206771e-03
-6.057682e-03
-6.032870e-03
-5.920158e-03
-5.649903e-03
-5.526976e-03
-5.627260e-03
-5.680832e-03
-6.005080e-03
-6.184925e-03
-6.395068e-03
-6.358936e-03
-6.222255e-03
-6.135105e-03
-6.009240e-03
-5.934631e-03
-6.100865e-03
-6.221463e-03
-6.122278e-03
-6.000540e-03
-5.708900e-03
-5.290284e-03
-5.128521e-03
-5.086986e-03
-4.888168e-03
-4.255460e-03
-3.775470e-03
-3.675750e-03
-3.609044e-03
-3.548428e-03
-3.202666e-03
-2.688434e-03
-2.740240e-03
-2.433634e-03
-2.253201e-03
-2.559951e-03
-2.585064e-03
-2.437856e-03
-2.112669e-03
-1.888198e-03
-1.849350e-03
-1.529533e-03
-9.205382e-04
-7.945353e-04
-8.062928e-04
-7.530628e-04
-7.233479e-04
-6.725178e-04
-6.454038e-04
-9.149110e-04
-1.267170e-03
-1.373885e-03
-1.692075e-03
-1.927696e-03
-2.098307e-03
-2.431252e-03
-2.821492e-03
-2.810972e-03
-2.133905e-03
-1.479265e-03
-8.819168e-04
-4.954176e-04
5.333564e-05
2.298905e-04
5.553834e-04
8.445978e-04
9.766155e-04
1.483538e-03
1.778176e-03
2.136760e-03
2.565595e-03
2.947658e-03
3.324095e-03
3.837846e-03
4.148474e-03
4.399575e-03
4.602669e-03
4.609918e-03
4.778795e-03
4.994438e-03
5.208291e-03
5.345499e-03
5.079710e-03
4.619879e-03
4.116084e-03
3.661069e-03
3.393554e-03
2.981471e-03
2.454555e-03
2.206868e-03
1.837650e-03
1.513982e-03
1.262074e-03
8.452538e-04
5.414494e-04
3.494252e-04
1.534027e-04
-6.662914e-05
-3.950263e-04
-6.010865e-04
-7.570584e-04
-1.102902e-03
-1.177585e-03
-9.008935e-04
-5.482363e-04
-2.094792e-04
-1.400435e-04
-2.785123e-05
1.862800e-04
2.553397e-04
2.586362e-04
2.713849e-04
2.838711e-04
2.944858e-04
3.055152e-04
3.165747e-04
3.269475e-04
3.372715e-04
3.483080e-04
3.581415e-04
3.622234e-04
4.187206e-04
4.972203e-04
4.603595e-04
4.892975e-04
5.258268e-04
5.588485e-04
6.409808e-04
6.559669e-04
6.390835e-04
6.503584e-04
7.487491e-04
9.159554e-04
1.122627e-03
1.214414e-03
1.262722e-03
1.338913e-03
1.387244e-03
1.426430e-03
1.477229e-03
1.416767e-03
1.314967e-03
1.259135e-03
1.060494e-03
9.532568e-04
8.921684e-04
8.048563e-04
7.453840e-04
6.818879e-04
6.717587e-04
6.619010e-04
6.541557e-04
5.968922e-04
5.619962e-04
5.304333e-04
4.664175e-04
3.763090e-04
3.311312e-04
2.696449e-04
2.195598e-04
2.245448e-04
2.109257e-04
1.396269e-04
1.143567e-04
7.617306e-05
5.927970e-05
5.121724e-05
1.367322e-05
7.852101e-05
1.471811e-04
1.887639e-04
2.425169e-04
2.988788e-04
3.211771e-04
3.723989e-04
4.060591e-04
4.070410e-04
3.936732e-04
3.782040e-04
3.639716e-04
3.511166e-04
3.352076e-04
3.068309e-04
2.868085e-04
2.758018e-04
2.727508e-04
2.751110e-04
2.640267e-04
2.529904e-04
2.603450e-04
2.645993e-04
2.525382e-04
2.371389e-04
2.259640e-04
2.274979e-04
2.283529e-04
2.196850e-04
2.217262e-04
2.282396e-04
2.218007e-04
2.104466e-04
1.881703e-04
1.618758e-04
1.270699e-04
1.007394e-04
7.651845e-05
6.315957e-05
5.105813e-05
3.868551e-05
3.029094e-05
2.475981e-05
1.793276e-05
1.113488e-05
9.553274e-06
5.254371e-06
1.312594e-06
1.177738e-06
-2.882875e-06
-7.415509e-06
-8.993542e-06
-1.223654e-05
-1.589399e-05
-1.752201e-05
-2.143250e-05
-2.565087e-05
-2.999260e-05
-3.585131e-05
-3.940829e-05
-4.223724e-05
-4.502105e-05
-4.604948e-05
-4.663742e-05
-4.959300e-05
-5.286343e-05
-5.445181e-05
-5.650407e-05
-5.862802e-05
-6.072688e-05
-6.359182e-05
-6.609078e-05
-6.822908e-05
-7.036089e-05
-7.184918e-05
-7.311516e-05
-7.392864e-05
-7.459070e-05
-7.461495e-05
-7.429360e-05
-7.396374e-05
-7.310919e-05
-7.230189e-05
-7.136496e-05
-7.029217e-05
-6.927572e-05
-6.833505e-05
-6.750232e-05
-6.670495e-05
-6.583973e-05
-6.495251e-05
-6.419517e-05
-6.345950e-05
-6.271082e-05
-6.201857e-05
-6.135995e-05
-6.072343e-05
-6.014389e-05
-5.956261e-05
-5.897076e-05
-5.837694e-05
-5.779016e-05
-5.718634e-05
-5.656566e-05
-5.592361e-05
-5.525447e-05
-5.455733e-05
-5.383624e-05
-5.309426e-05
-5.233045e-05
-5.154561e-05
-5.073981e-05
-4.991288e-05
-4.906464e-05
-4.819487e-05
-4.730362e-05
