3.403296e-03
3.391895e-03
3.380470e-03
3.369076e-03
3.357775e-03
3.346882e-03
3.336293e-03
3.324465e-03
3.312865e-03
3.303038e-03
3.291314e-03
3.279132e-03
3.270035e-03
3.262367e-03
3.253429e-03
3.242559e-03
3.229561e-03
3.209293e-03
3.191421e-03
3.186362e-03
3.179791e-03
3.167209e-03
3.156109e-03
3.155849e-03
3.164098e-03
3.157633e-03
3.140872e-03
3.123355e-03
3.098131e-03
3.077072e-03
3.056797e-03
3.025266e-03
3.007795e-03
3.026978e-03
3.036600e-03
2.989808e-03
2.937666e-03
2.944510e-03
3.006764e-03
3.040700e-03
2.984886e-03
2.929554e-03
2.942775e-03
2.949201e-03
2.901863e-03
2.863105e-03
2.871077e-03
2.897138e-03
2.902288e-03
2.852846e-03
2.777621e-03
2.739311e-03
2.752181e-03
2.772188e-03
2.766829e-03
2.755846e-03
2.774581e-03
2.811264e-03
2.757142e-03
2.661888e-03
2.742179e-03
2.922592e-03
2.970280e-03
2.884628e-03
2.736231e-03
2.598743e-03
2.618981e-03
2.736104e-03
2.748904e-03
2.650148e-03
2.561130e-03
2.575801e-03
2.604953e-03
2.581198e-03
2.645806e-03
2.772700e-03
2.799900e-03
2.733964e-03
2.649265e-03
2.586977e-03
2.588229e-03
2.553858e-03
2.421848e-03
2.403036e-03
2.490993e-03
2.513165e-03
2.528568e-03
2.583006e-03
2.561649e-03
2.418002e-03
2.347817e-03
2.395764e-03
2.395848e-03
2.372440e-03
2.446954e-03
2.633685e-03
2.741401e-03
2.639945e-03
2.434263e-03
2.255401e-03
2.288788e-03
2.468097e-03
2.462468e-03
2.289152e-03
2.169096e-03
2.170150e-03
2.282842e-03
2.490950e-03
2.646461e-03
2.570306e-03
2.374059e-03
2.140027e-03
1.879186e-03
1.890368e-03
2.167257e-03
2.245005e-03
2.186739e-03
2.308322e-03
2.460479e-03
2.463662e-03
2.308772e-03
2.259958e-03
2.427023e-03
2.547769e-03
2.497162e-03
2.152647e-03
1.860530e-03
2.022573e-03
2.355798e-03
2.606783e-03
2.583151e-03
2.358536e-03
2.248896e-03
2.210741e-03
2.039847e-03
1.794466e-03
1.731022e-03
1.859730e-03
2.090070e-03
2.194050e-03
1.915515e-03
1.611479e-03
1.822065e-03
2.363706e-03
2.457209e-03
2.036364e-03
1.760973e-03
1.808017e-03
2.114768e-03
2.463192e-03
2.208142e-03
1.507003e-03
1.439284e-03
1.997949e-03
2.254545e-03
2.280534e-03
2.283679e-03
1.895500e-03
1.494395e-03
1.560880e-03
1.950815e-03
2.285132e-03
1.987947e-03
1.320198e-03
1.277855e-03
1.856734e-03
2.126456e-03
1.904861e-03
1.928129e-03
2.134515e-03
1.855001e-03
1.474971e-03
1.470515e-03
1.497093e-03
1.602467e-03
1.896672e-03
2.043333e-03
2.102994e-03
2.103445e-03
1.979236e-03
1.962093e-03
2.009395e-03
1.978543e-03
1.895457e-03
1.837955e-03
1.849970e-03
1.946953e-03
2.014518e-03
1.803288e-03
1.605266e-03
1.761289e-03
2.078843e-03
2.412448e-03
2.530901e-03
2.195695e-03
1.746736e-03
1.513659e-03
1.409717e-03
1.485540e-03
1.672193e-03
1.761846e-03
1.771791e-03
1.666784e-03
1.525053e-03
1.611747e-03
1.977468e-03
2.098123e-03
1.645642e-03
1.175068e-03
9.068148e-04
7.646696e-04
9.636059e-04
1.267305e-03
1.545923e-03
1.760252e-03
1.480290e-03
9.794272e-04
8.580631e-04
1.225789e-03
1.446454e-03
1.055826e-03
1.107259e-03
1.660628e-03
1.667746e-03
1.388099e-03
1.077554e-03
8.713025e-04
9.615839e-04
9.488893e-04
1.116636e-03
1.719229e-03
1.960771e-03
1.575967e-03
1.218147e-03
1.275813e-03
1.499165e-03
1.668178e-03
1.676592e-03
1.483074e-03
1.528531e-03
1.741145e-03
1.659833e-03
1.570728e-03
1.634185e-03
1.442902e-03
7.817291e-04
3.324880e-04
6.308983e-04
9.039850e-04
7.595606e-04
7.788472e-04
1.273268e-03
1.929309e-03
2.034735e-03
1.661171e-03
1.642113e-03
1.652387e-03
1.077503e-03
6.999568e-04
9.384673e-04
1.225529e-03
1.290232e-03
9.400857e-04
4.822461e-04
5.772756e-04
9.197001e-04
8.620809e-04
4.855157e-04
5.938235e-04
1.145436e-03
1.178097e-03
8.544699e-04
5.051020e-04
2.509006e-04
6.044586e-04
1.076640e-03
1.040462e-03
8.610849e-04
8.051358e-04
6.153600e-04
2.351503e-04
8.706763e-05
5.068975e-04
1.239845e-03
1.346769e-03
7.029527e-04
3.589332e-04
6.616666e-04
1.015064e-03
6.661970e-04
-4.689135e-05
-1.376278e-04
3.384645e-04
1.032637e-03
1.596785e-03
1.625802e-03
1.317418e-03
1.277559e-03
1.601017e-03
1.756294e-03
1.580927e-03
1.167597e-03
1.042934e-03
1.458923e-03
1.803533e-03
2.016599e-03
1.842831e-03
1.306308e-03
1.114965e-03
9.309290e-04
2.003176e-04
-9.976116e-04
-1.532151e-03
-7.674104e-04
1.518225e-04
8.195651e-04
1.324477e-03
1.607087e-03
1.853093e-03
1.775922e-03
1.411758e-03
1.113669e-03
1.149762e-03
1.501662e-03
1.613689e-03
1.286903e-03
8.603473e-04
5.669250e-04
3.620543e-04
4.635116e-04
8.652972e-04
7.806102e-04
1.464633e-04
-1.486499e-04
2.859174e-04
9.589343e-04
1.165000e-03
9.729784e-04
7.622566e-04
3.601229e-04
-2.104202e-04
-6.388795e-04
-6.864851e-04
-1.786372e-04
3.220318e-04
-1.535346e-04
-1.334796e-03
-1.844043e-03
-1.448100e-03
-1.123875e-03
-9.895108e-04
-2.523102e-04
1.101589e-03
2.153953e-03
2.561125e-03
2.436434e-03
1.684758e-03
8.763044e-04
7.650707e-04
1.065869e-03
1.209337e-03
1.286791e-03
1.844016e-03
2.464718e-03
1.990522e-03
7.838243e-04
-3.076991e-04
-1.036696e-03
-1.175077e-03
-1.160930e-03
-1.354522e-03
-1.632066e-03
-1.637417e-03
-8.895623e-04
-2.218248e-06
1.086505e-04
-1.832074e-04
-2.272054e-04
-1.392799e-07
3.551239e-04
5.379881e-04
3.872552e-04
4.256588e-05
-1.787494e-04
-2.184780e-05
1.369522e-04
1.557422e-04
9.081463e-05
-1.657410e-04
-1.031081e-04
5.906291e-04
1.609793e-03
2.482310e-03
2.789261e-03
2.506150e-03
1.715720e-03
5.527642e-04
-6.996244e-04
-1.759573e-03
-2.491218e-03
-3.121853e-03
-3.846177e-03
-4.466788e-03
-4.483601e-03
-3.487081e-03
-1.706407e-03
1.371724e-04
1.398484e-03
2.467869e-03
3.996104e-03
5.249047e-03
5.705100e-03
5.703207e-03
5.088390e-03
3.710065e-03
1.948611e-03
3.626520e-04
-6.788155e-04
-9.674691e-04
-6.719365e-04
-9.367197e-05
7.584979e-04
1.188668e-03
8.721016e-04
8.009921e-04
1.412800e-03
2.294937e-03
2.761582e-03
2.239761e-03
9.821658e-04
-4.799755e-04
-2.161515e-03
-4.216144e-03
-6.228157e-03
-7.780511e-03
-8.771975e-03
-8.882528e-03
-8.197878e-03
-7.430218e-03
-7.150914e-03
-7.248460e-03
-7.035742e-03
-6.186866e-03
-4.860619e-03
-3.359266e-03
-1.997422e-03
-9.745457e-04
1.180691e-04
2.229869e-03
4.927187e-03
6.677571e-03
6.813046e-03
5.891404e-03
4.932862e-03
4.124008e-03
3.461389e-03
3.329932e-03
3.434572e-03
2.834305e-03
1.344484e-03
-1.108992e-05
-9.218645e-04
-2.027417e-03
-3.450088e-03
-4.966402e-03
-6.466524e-03
-7.589693e-03
-8.040503e-03
-8.530649e-03
-9.048918e-03
-8.569955e-03
-7.396439e-03
-6.176036e-03
-4.746124e-03
-3.031786e-03
-1.678608e-03
-1.331003e-03
-1.677004e-03
-2.174275e-03
-2.556585e-03
-2.923347e-03
-3.482457e-03
-4.031061e-03
-4.456169e-03
-4.708942e-03
-4.459157e-03
-3.637543e-03
-2.695302e-03
-2.457682e-03
-4.004636e-03
-7.384541e-03
-1.098001e-02
-1.331150e-02
-1.398890e-02
-1.310232e-02
-1.093666e-02
-8.301123e-03
-5.470394e-03
-1.598037e-03
2.962168e-03
7.017163e-03
9.727379e-03
1.021165e-02
8.720273e-03
6.465325e-03
4.461888e-03
3.015878e-03
1.893818e-03
1.061171e-03
6.587106e-04
7.128171e-04
9.703844e-04
1.408947e-03
2.053209e-03
2.582018e-03
2.733551e-03
2.524776e-03
2.629930e-03
3.352917e-03
4.279102e-03
5.231283e-03
5.568681e-03
4.580120e-03
2.501042e-03
-1.915873e-04
-3.271892e-03
-6.934051e-03
-1.086189e-02
-1.374014e-02
-1.522275e-02
-1.589132e-02
-1.613350e-02
-1.615448e-02
-1.579485e-02
-1.492438e-02
-1.298427e-02
-9.631720e-03
-5.734250e-03
-2.458455e-03
-1.176681e-03
-1.652003e-03
-1.508537e-03
3.199684e-04
2.959347e-03
4.865255e-03
4.753207e-03
3.330631e-03
2.507387e-03
2.967856e-03
4.222501e-03
4.996101e-03
3.912286e-03
1.000068e-03
-2.755098e-03
-5.996036e-03
-7.838522e-03
-8.461998e-03
-8.560726e-03
-9.818558e-03
-1.308593e-02
-1.654112e-02
-1.798605e-02
-1.700387e-02
-1.485720e-02
-1.310901e-02
-1.230250e-02
-1.138336e-02
-9.204315e-03
-6.249198e-03
-3.266663e-03
-7.440326e-04
6.045662e-04
6.825635e-04
3.023094e-04
1.080554e-04
-6.140719e-04
-2.492324e-03
-4.902666e-03
-6.990223e-03
-8.433425e-03
-9.983852e-03
-1.225560e-02
-1.492893e-02
-1.743268e-02
-1.898629e-02
-1.960840e-02
-1.962814e-02
-1.868637e-02
-1.699897e-02
-1.498813e-02
-1.268330e-02
-9.760713e-03
-5.647947e-03
-8.403231e-04
3.301563e-03
5.527386e-03
5.767659e-03
5.290582e-03
4.807736e-03
4.037405e-03
2.302070e-03
-4.502038e-04
-2.992693e-03
-4.169069e-03
-3.465693e-03
-1.205582e-03
1.624068e-03
4.416321e-03
6.494499e-03
7.651818e-03
8.233672e-03
8.312419e-03
8.557152e-03
8.766274e-03
7.740844e-03
4.957779e-03
-1.272984e-05
-6.605012e-03
-1.263104e-02
-1.584734e-02
-1.623987e-02
-1.616670e-02
-1.751966e-02
-1.999726e-02
-2.187754e-02
-2.220711e-02
-2.121433e-02
-1.997648e-02
-1.993324e-02
-2.048265e-02
-1.955008e-02
-1.577906e-02
-9.732821e-03
-4.375482e-03
-1.438677e-03
5.966546e-04
3.320395e-03
6.571460e-03
9.031875e-03
8.678525e-03
3.800046e-03
-4.550903e-03
-1.319582e-02
-2.005289e-02
-2.480433e-02
-2.832604e-02
-3.055861e-02
-3.022970e-02
-2.712794e-02
-2.225946e-02
-1.762637e-02
-1.403424e-02
-1.114525e-02
-9.962619e-03
-1.112094e-02
-1.437918e-02
-1.882940e-02
-2.295285e-02
-2.603710e-02
-2.791289e-02
-2.833414e-02
-2.652617e-02
-2.241115e-02
-1.688677e-02
-1.033897e-02
-4.161004e-03
-3.569689e-04
8.820764e-04
5.283152e-04
-2.590057e-04
-7.980029e-04
-1.505188e-03
-2.540904e-03
-3.845589e-03
-5.667966e-03
-6.778354e-03
-7.173945e-03
-8.677883e-03
-1.053319e-02
-1.198235e-02
-1.430023e-02
-1.854076e-02
-2.431710e-02
-2.958239e-02
-3.261593e-02
-3.354538e-02
-3.494173e-02
-3.852800e-02
-4.267466e-02
-4.530500e-02
-4.455137e-02
-4.003063e-02
-3.337367e-02
-2.617821e-02
-2.028737e-02
-1.647061e-02
-1.340449e-02
-1.016910e-02
-8.171814e-03
-9.064041e-03
-1.161084e-02
-1.270800e-02
-1.014063e-02
-4.194007e-03
2.815394e-03
8.174556e-03
9.845917e-03
7.498106e-03
2.369536e-03
-3.554711e-03
-8.732138e-03
-1.275787e-02
-1.574252e-02
-1.838010e-02
-2.091852e-02
-2.228553e-02
-2.119611e-02
-1.666349e-02
-8.821484e-03
9.417574e-04
1.075278e-02
1.825988e-02
2.240803e-02
2.435431e-02
2.507524e-02
2.446787e-02
2.266972e-02
2.026258e-02
1.757869e-02
1.519317e-02
1.352639e-02
1.204966e-02
1.011296e-02
6.538147e-03
1.014122e-03
-4.138122e-03
-7.050246e-03
-8.383102e-03
-9.829644e-03
-1.230169e-02
-1.622514e-02
-2.150323e-02
-2.630792e-02
-2.930454e-02
-3.066502e-02
-3.059399e-02
-3.000959e-02
-2.981159e-02
-3.017787e-02
-3.114244e-02
-3.210747e-02
-3.362051e-02
-3.736299e-02
-4.365661e-02
-5.099074e-02
-5.628074e-02
-5.801568e-02
-5.694108e-02
-5.350539e-02
-4.833485e-02
-4.110124e-02
-3.054586e-02
-1.691422e-02
-2.043873e-03
1.056379e-02
1.803430e-02
2.023616e-02
1.792423e-02
1.273025e-02
6.219438e-03
-1.542083e-03
-9.821307e-03
-1.732948e-02
-2.300880e-02
-2.661046e-02
-2.932331e-02
-3.120266e-02
-3.205625e-02
-3.271377e-02
-3.348892e-02
-3.507649e-02
-3.693907e-02
-3.678344e-02
-3.299051e-02
-2.564576e-02
-1.701744e-02
-8.577730e-03
-6.680711e-04
6.698329e-03
1.460269e-02
2.148476e-02
2.476579e-02
2.507066e-02
2.420298e-02
2.272529e-02
1.951723e-02
1.413332e-02
7.857148e-03
2.399977e-03
-1.402027e-03
-4.555908e-03
-7.832033e-03
-1.129380e-02
-1.487519e-02
-1.823359e-02
-2.237279e-02
-2.780859e-02
-3.353057e-02
-3.804918e-02
-3.922106e-02
-3.775069e-02
-3.634794e-02
-3.543467e-02
-3.402797e-02
-3.055142e-02
-2.550585e-02
-2.199091e-02
-2.058927e-02
-1.980015e-02
-1.834254e-02
-1.562071e-02
-1.294846e-02
-1.196349e-02
-1.406351e-02
-1.875545e-02
-2.313324e-02
-2.693347e-02
-3.130650e-02
-3.526857e-02
-3.713927e-02
-3.664381e-02
-3.564069e-02
-3.543408e-02
-3.574886e-02
-3.531058e-02
-3.226211e-02
-2.708514e-02
-2.247624e-02
-2.051457e-02
-2.150948e-02
-2.386959e-02
-2.528795e-02
-2.584343e-02
-2.845048e-02
-3.383994e-02
-3.941775e-02
-4.276557e-02
-4.259619e-02
-3.958261e-02
-3.608491e-02
-3.288815e-02
-2.863979e-02
-2.324870e-02
-1.881554e-02
-1.567387e-02
-1.168371e-02
-5.766071e-03
1.664304e-03
9.349987e-03
1.622509e-02
2.180054e-02
2.557812e-02
2.748420e-02
2.712136e-02
2.391657e-02
1.744839e-02
9.010131e-03
2.137608e-04
-9.752684e-03
-2.068559e-02
-3.184752e-02
-4.174228e-02
-4.696467e-02
-4.607772e-02
-4.043142e-02
-3.385950e-02
-2.822869e-02
-2.188624e-02
-1.512480e-02
-1.037367e-02
-9.846137e-03
-1.305276e-02
-1.795428e-02
-2.313998e-02
-2.694901e-02
-2.907947e-02
-2.998381e-02
-2.955400e-02
-2.719319e-02
-2.209201e-02
-1.546498e-02
-9.966154e-03
-7.614147e-03
-8.997960e-03
-1.177457e-02
-1.274246e-02
-1.244003e-02
-1.274709e-02
-1.334783e-02
-1.350561e-02
-1.290191e-02
-1.248040e-02
-1.296020e-02
-1.321452e-02
-1.404333e-02
-1.619474e-02
-1.769522e-02
-1.725989e-02
-1.466791e-02
-1.094018e-02
-7.387038e-03
-4.791938e-03
-4.092561e-03
-4.474688e-03
-4.590446e-03
-3.397625e-03
-2.355319e-04
3.128211e-03
4.808332e-03
5.422881e-03
7.079434e-03
1.099587e-02
1.614216e-02
2.076595e-02
2.394484e-02
2.652316e-02
3.055133e-02
3.597914e-02
4.128820e-02
4.597046e-02
4.920445e-02
4.982677e-02
4.846137e-02
4.852506e-02
5.232229e-02
5.780579e-02
6.306116e-02
6.803400e-02
7.248449e-02
7.604161e-02
7.895697e-02
8.183665e-02
8.311064e-02
8.161256e-02
7.831813e-02
7.273019e-02
6.375607e-02
5.114767e-02
3.804849e-02
2.788474e-02
1.892749e-02
1.055542e-02
2.803403e-03
-6.423459e-03
-1.721437e-02
-2.754324e-02
-3.453805e-02
-3.917475e-02
-4.461544e-02
-4.964530e-02
-5.252892e-02
-5.148569e-02
-4.375659e-02
-3.179160e-02
-1.952217e-02
-7.187827e-03
4.783181e-03
1.586528e-02
2.498083e-02
3.162768e-02
3.836298e-02
4.620736e-02
5.463348e-02
6.212385e-02
6.589776e-02
6.631022e-02
6.574207e-02
6.591720e-02
6.570018e-02
6.154580e-02
5.339383e-02
4.374442e-02
3.595770e-02
3.295907e-02
3.343033e-02
3.440738e-02
3.331861e-02
3.080534e-02
3.029142e-02
3.141498e-02
3.199772e-02
3.042592e-02
2.503022e-02
1.616636e-02
6.269710e-03
-2.428955e-03
-1.118261e-02
-2.124808e-02
-2.891663e-02
-3.233589e-02
-3.443212e-02
-3.623637e-02
-3.667227e-02
-3.519730e-02
-3.225482e-02
-2.850499e-02
-2.353759e-02
-1.876668e-02
-1.597274e-02
-1.464151e-02
-1.375371e-02
-1.149676e-02
-1.029895e-02
-1.251261e-02
-1.152162e-02
-2.794348e-03
1.154333e-02
2.672187e-02
3.698079e-02
4.189108e-02
4.567871e-02
5.281478e-02
6.355762e-02
7.458783e-02
8.444914e-02
9.146952e-02
9.536050e-02
9.838297e-02
1.010249e-01
1.031219e-01
1.046646e-01
1.053037e-01
1.055457e-01
1.048910e-01
1.029175e-01
1.016264e-01
9.997836e-02
9.784279e-02
9.894990e-02
1.021066e-01
1.050132e-01
1.066171e-01
1.066472e-01
1.068824e-01
1.077449e-01
1.112233e-01
1.156352e-01
1.172343e-01
1.180068e-01
1.167999e-01
1.135701e-01
1.114232e-01
1.078336e-01
1.007976e-01
9.107841e-02
8.054743e-02
7.034548e-02
5.976501e-02
5.038130e-02
4.176256e-02
3.263302e-02
2.545342e-02
2.098898e-02
1.803939e-02
1.647479e-02
1.648494e-02
1.790935e-02
2.190783e-02
2.889328e-02
3.505251e-02
3.937853e-02
4.435954e-02
4.849714e-02
4.968014e-02
4.585900e-02
3.550481e-02
2.201635e-02
8.229349e-03
-5.072122e-03
-1.774877e-02
-3.060085e-02
-4.139217e-02
-4.763121e-02
-4.912040e-02
-4.712520e-02
-4.366629e-02
-3.838452e-02
-3.290195e-02
-2.974990e-02
-2.695587e-02
-2.376425e-02
-1.975681e-02
-1.389978e-02
-7.168008e-03
3.495218e-04
8.718003e-03
1.837474e-02
2.934351e-02
4.111377e-02
5.281869e-02
6.188091e-02
6.897904e-02
7.550147e-02
7.968324e-02
8.213500e-02
8.557392e-02
9.124198e-02
9.806103e-02
1.032397e-01
1.057738e-01
1.065153e-01
1.068256e-01
1.089450e-01
1.118152e-01
1.127739e-01
1.126270e-01
1.121328e-01
1.126464e-01
1.157318e-01
1.195535e-01
1.232069e-01
1.244076e-01
1.191162e-01
1.086307e-01
9.612067e-02
8.427605e-02
7.441033e-02
6.500054e-02
5.640576e-02
5.030638e-02
4.660208e-02
4.500947e-02
4.615530e-02
4.993131e-02
5.622922e-02
6.471888e-02
7.312999e-02
8.091865e-02
8.963351e-02
9.963435e-02
1.097115e-01
1.167690e-01
1.187639e-01
1.179797e-01
1.160905e-01
1.119009e-01
1.053556e-01
9.726709e-02
8.803180e-02
7.737524e-02
6.487436e-02
5.091756e-02
3.675579e-02
2.503252e-02
1.728579e-02
1.095806e-02
1.585778e-03
-1.226221e-02
-2.706734e-02
-3.798545e-02
-4.392474e-02
-4.797640e-02
-5.375391e-02
-6.077698e-02
-6.537852e-02
-6.608785e-02
-6.333107e-02
-5.961411e-02
-5.811308e-02
-5.772743e-02
-5.609412e-02
-5.318272e-02
-4.883061e-02
-4.199234e-02
-3.568610e-02
-3.292221e-02
-3.006337e-02
-2.298546e-02
-1.033649e-02
5.508599e-03
2.071568e-02
3.470488e-02
4.843411e-02
6.325674e-02
7.805933e-02
9.087340e-02
1.013641e-01
1.080891e-01
1.115553e-01
1.130974e-01
1.115842e-01
1.066963e-01
9.914931e-02
9.005824e-02
8.100621e-02
7.227824e-02
6.181352e-02
4.738013e-02
3.049848e-02
1.509665e-02
2.177258e-03
-1.280067e-02
-3.368770e-02
-5.768918e-02
-8.025633e-02
-9.914068e-02
-1.157149e-01
-1.330756e-01
-1.516772e-01
-1.694371e-01
-1.831163e-01
-1.917833e-01
-1.973024e-01
-2.005437e-01
-2.022490e-01
-2.045609e-01
-2.071801e-01
-2.071527e-01
-2.038046e-01
-1.987063e-01
-1.947590e-01
-1.915504e-01
-1.831397e-01
-1.683846e-01
-1.519293e-01
-1.374346e-01
-1.259852e-01
-1.137663e-01
-9.672359e-02
-7.617694e-02
-5.460960e-02
-3.438606e-02
-1.724177e-02
-2.253803e-03
1.038369e-02
2.058256e-02
3.125117e-02
4.284826e-02
5.173312e-02
5.543696e-02
5.399470e-02
4.898133e-02
4.306988e-02
3.745136e-02
3.229475e-02
2.609121e-02
1.663736e-02
5.677511e-03
-5.182019e-03
-1.545423e-02
-2.412283e-02
-3.057967e-02
-3.210632e-02
-2.930257e-02
-2.545244e-02
-2.078132e-02
-1.710046e-02
-1.554987e-02
-1.392765e-02
-1.142985e-02
-1.078689e-02
-1.541964e-02
-2.533901e-02
-3.769551e-02
-4.897937e-02
-5.773904e-02
-6.431719e-02
-6.989363e-02
-7.584136e-02
-7.958993e-02
-7.793874e-02
-7.190249e-02
-6.424570e-02
-5.715849e-02
-5.259170e-02
-5.067890e-02
-4.885038e-02
-4.706585e-02
-4.647738e-02
-4.688336e-02
-4.747930e-02
-4.620634e-02
-4.440622e-02
-4.293746e-02
-4.119167e-02
-3.941222e-02
-3.451601e-02
-2.634656e-02
-1.534917e-02
-5.217643e-04
1.472432e-02
2.829853e-02
4.079028e-02
5.297076e-02
6.377964e-02
7.126781e-02
7.826694e-02
8.728748e-02
9.632907e-02
1.041281e-01
1.118369e-01
1.211397e-01
1.316846e-01
1.410657e-01
1.475318e-01
1.499987e-01
1.478054e-01
1.419177e-01
1.326988e-01
1.186202e-01
1.022275e-01
8.815361e-02
7.552560e-02
6.145174e-02
4.626003e-02
3.405290e-02
2.638065e-02
1.991236e-02
1.408632e-02
1.017008e-02
6.079103e-03
-8.456361e-04
-8.957916e-03
-1.720036e-02
-2.737017e-02
-3.839581e-02
-4.998033e-02
-6.160239e-02
-7.291950e-02
-8.571254e-02
-9.727913e-02
-1.074335e-01
-1.181459e-01
-1.285623e-01
-1.409171e-01
-1.557694e-01
-1.698927e-01
-1.801282e-01
-1.874906e-01
-1.951212e-01
-2.006036e-01
-2.012951e-01
-1.974875e-01
-1.902790e-01
-1.812930e-01
-1.715765e-01
-1.630975e-01
-1.557840e-01
-1.481656e-01
-1.416176e-01
-1.368415e-01
-1.320651e-01
-1.255809e-01
-1.180010e-01
-1.115365e-01
-1.061506e-01
-1.002101e-01
-9.395448e-02
-8.814837e-02
-8.164366e-02
-7.340851e-02
-6.553816e-02
-6.019253e-02
-5.367311e-02
-4.322556e-02
-3.174820e-02
-1.897424e-02
-6.499112e-03
2.173723e-03
8.661659e-03
1.369873e-02
2.103141e-02
3.164132e-02
3.976770e-02
4.744252e-02
5.706009e-02
6.538613e-02
7.160300e-02
7.719929e-02
8.411610e-02
9.149923e-02
9.617270e-02
9.752159e-02
9.719568e-02
9.554810e-02
9.373134e-02
9.334600e-02
9.229053e-02
8.970608e-02
8.572494e-02
7.992433e-02
7.462458e-02
7.126896e-02
6.966630e-02
6.862773e-02
6.762723e-02
6.771737e-02
6.871011e-02
6.970784e-02
6.830585e-02
6.410343e-02
5.816654e-02
4.892176e-02
3.704875e-02
2.336092e-02
7.254943e-03
-1.141286e-02
-3.301850e-02
-5.498234e-02
-7.588341e-02
-9.717716e-02
-1.171984e-01
-1.350567e-01
-1.523276e-01
-1.665878e-01
-1.766986e-01
-1.853558e-01
-1.917226e-01
-1.958782e-01
-1.983196e-01
-1.983445e-01
-1.983604e-01
-1.978726e-01
-1.966176e-01
-1.960479e-01
-1.949373e-01
-1.931776e-01
-1.889166e-01
-1.821673e-01
-1.772289e-01
-1.723677e-01
-1.653266e-01
-1.588509e-01
-1.506036e-01
-1.375734e-01
-1.218940e-01
-1.033702e-01
-8.045081e-02
-5.422799e-02
-2.946060e-02
-1.002894e-02
5.132955e-03
1.653512e-02
2.466110e-02
3.128946e-02
3.763190e-02
4.486505e-02
5.210191e-02
5.945568e-02
6.723593e-02
7.254295e-02
7.619535e-02
7.987579e-02
8.279563e-02
8.469368e-02
8.569641e-02
8.868021e-02
9.259275e-02
9.628555e-02
1.024229e-01
1.086074e-01
1.141737e-01
1.207880e-01
1.291675e-01
1.381241e-01
1.441569e-01
1.480619e-01
1.505065e-01
1.532925e-01
1.589661e-01
1.652585e-01
1.709023e-01
1.739923e-01
1.741725e-01
1.746631e-01
1.764108e-01
1.791781e-01
1.803408e-01
1.794795e-01
1.799978e-01
1.821232e-01
1.856154e-01
1.894474e-01
1.929020e-01
1.972746e-01
2.006396e-01
2.015807e-01
2.004031e-01
1.956292e-01
1.860404e-01
1.716564e-01
1.548389e-01
1.369156e-01
1.163851e-01
9.447347e-02
7.173294e-02
4.932982e-02
3.256151e-02
2.085765e-02
1.136804e-02
4.098352e-03
-2.002903e-03
-6.865202e-03
-1.129903e-02
-1.485130e-02
-1.628247e-02
-1.670207e-02
-1.569926e-02
-1.424586e-02
-1.253393e-02
-8.616891e-03
-2.334564e-03
5.924260e-03
1.498915e-02
2.426331e-02
3.276745e-02
4.012654e-02
4.747065e-02
5.361294e-02
5.791309e-02
5.988077e-02
5.769269e-02
5.167738e-02
4.302982e-02
3.114972e-02
1.595625e-02
4.030305e-04
-1.394860e-02
-2.743074e-02
-3.818027e-02
-4.626644e-02
-5.488574e-02
-6.589026e-02
-7.917320e-02
-9.396713e-02
-1.099200e-01
-1.259108e-01
-1.409785e-01
-1.556678e-01
-1.697234e-01
-1.824913e-01
-1.927728e-01
-1.994675e-01
-2.041578e-01
-2.082729e-01
-2.113910e-01
-2.154109e-01
-2.229566e-01
-2.326526e-01
-2.367421e-01
-2.229782e-01
-1.922466e-01
-1.599124e-01
-1.350268e-01
-1.167466e-01
-1.004860e-01
-8.515100e-02
-7.145295e-02
-5.765488e-02
-4.681674e-02
-4.078822e-02
-3.689850e-02
-3.404390e-02
-3.076818e-02
-2.825321e-02
-2.739521e-02
-2.657647e-02
-2.631927e-02
-2.523454e-02
-2.354523e-02
-2.352189e-02
-2.487824e-02
-2.794001e-02
-3.168492e-02
-3.626064e-02
-4.291667e-02
-5.135864e-02
-6.191663e-02
-7.087923e-02
-7.492839e-02
-7.578229e-02
-7.504549e-02
-7.444735e-02
-7.507960e-02
-7.595531e-02
-7.603993e-02
-7.552883e-02
-7.450769e-02
-7.156986e-02
-6.564113e-02
-5.630682e-02
-4.375429e-02
-3.004585e-02
-1.574201e-02
-9.778252e-04
1.160483e-02
2.337201e-02
3.659128e-02
4.945401e-02
6.283233e-02
7.912921e-02
9.685156e-02
1.136102e-01
1.300644e-01
1.455195e-01
1.570530e-01
1.663163e-01
1.773419e-01
1.902389e-01
2.031081e-01
2.159023e-01
2.282033e-01
2.381053e-01
2.460862e-01
2.557463e-01
2.675688e-01
2.734177e-01
2.599585e-01
2.212821e-01
1.703529e-01
1.254056e-01
8.885561e-02
5.437231e-02
2.076156e-02
-9.020618e-03
-3.378368e-02
-5.672926e-02
-7.988109e-02
-9.908302e-02
-1.125883e-01
-1.233978e-01
-1.302136e-01
-1.319538e-01
-1.304291e-01
-1.265598e-01
-1.231931e-01
-1.216011e-01
-1.208610e-01
-1.211089e-01
-1.218127e-01
-1.233536e-01
-1.266450e-01
-1.308883e-01
-1.344799e-01
-1.383541e-01
-1.437647e-01
-1.460532e-01
-1.411963e-01
-1.304571e-01
-1.169504e-01
-1.040397e-01
-9.196442e-02
-8.094604e-02
-7.155890e-02
-6.313775e-02
-5.747534e-02
-5.286349e-02
-4.592806e-02
-3.925027e-02
-3.554006e-02
-3.387188e-02
-3.149780e-02
-2.814040e-02
-2.575708e-02
-2.451789e-02
-2.506331e-02
-2.890280e-02
-3.678393e-02
-4.663208e-02
-5.671133e-02
-6.782822e-02
-7.891855e-02
-8.998124e-02
-1.004887e-01
-1.097506e-01
-1.199559e-01
-1.296607e-01
-1.365382e-01
-1.396331e-01
-1.387191e-01
-1.368019e-01
-1.344913e-01
-1.313833e-01
-1.299595e-01
-1.302796e-01
-1.316412e-01
-1.348348e-01
-1.384446e-01
-1.408473e-01
-1.414459e-01
-1.390412e-01
-1.346562e-01
-1.289768e-01
-1.190775e-01
-1.052381e-01
-9.032578e-02
-7.484804e-02
-6.026364e-02
-4.747096e-02
-3.492601e-02
-2.276862e-02
-1.233386e-02
-3.540019e-03
3.264221e-03
7.155368e-03
9.665525e-03
1.280417e-02
1.645536e-02
2.075210e-02
2.373709e-02
2.296843e-02
2.275714e-02
2.619363e-02
3.248472e-02
4.311173e-02
5.661381e-02
7.114609e-02
8.778244e-02
1.067820e-01
1.276123e-01
1.488555e-01
1.707562e-01
1.933857e-01
2.139535e-01
2.306608e-01
2.445841e-01
2.581080e-01
2.705628e-01
2.799958e-01
2.863130e-01
2.886453e-01
2.884696e-01
2.886468e-01
2.882353e-01
2.862823e-01
2.824602e-01
2.745349e-01
2.603239e-01
2.404270e-01
2.173512e-01
1.919632e-01
1.653829e-01
1.389756e-01
1.128758e-01
8.765399e-02
6.174317e-02
3.494346e-02
1.130118e-02
-7.906180e-03
-2.220562e-02
-2.945062e-02
-3.225046e-02
-3.485328e-02
-3.763266e-02
-3.936610e-02
-3.838634e-02
-3.431256e-02
-2.834774e-02
-2.204905e-02
-1.720161e-02
-1.437406e-02
-1.247386e-02
-9.247903e-03
-4.453711e-03
4.100495e-04
5.517426e-03
1.105478e-02
1.617737e-02
1.895429e-02
1.783588e-02
1.235781e-02
3.393232e-03
-6.094901e-03
-1.627143e-02
-2.774619e-02
-3.827628e-02
-4.852184e-02
-5.886673e-02
-6.785718e-02
-7.539438e-02
-8.039885e-02
-8.163481e-02
-8.002059e-02
-7.695134e-02
-7.270389e-02
-6.794000e-02
-6.500101e-02
-6.396360e-02
-6.214953e-02
-5.945052e-02
-5.665511e-02
-5.377584e-02
-5.097369e-02
-4.759161e-02
-4.422181e-02
-4.178570e-02
-4.057626e-02
-4.085935e-02
-4.189085e-02
-4.289998e-02
-4.336960e-02
-4.273329e-02
-4.064272e-02
-3.822538e-02
-3.631890e-02
-3.453207e-02
-3.413436e-02
-3.387591e-02
-3.116596e-02
-2.716046e-02
-2.220778e-02
-1.752615e-02
-1.528515e-02
-1.466669e-02
-1.560243e-02
-1.739291e-02
-1.876688e-02
-2.075679e-02
-2.335206e-02
-2.596398e-02
-2.926956e-02
-3.341528e-02
-3.822939e-02
-4.393890e-02
-4.938344e-02
-5.382239e-02
-5.806197e-02
-6.165460e-02
-6.420611e-02
-6.552335e-02
-6.483213e-02
-6.123486e-02
-5.292672e-02
-3.977728e-02
-2.453864e-02
-1.009703e-02
2.434822e-03
1.491313e-02
2.995782e-02
4.641353e-02
6.182087e-02
7.591792e-02
8.855573e-02
1.004109e-01
1.134247e-01
1.275524e-01
1.419004e-01
1.565808e-01
1.706774e-01
1.841580e-01
1.988818e-01
2.139200e-01
2.265412e-01
2.360811e-01
2.436278e-01
2.503246e-01
2.547075e-01
2.532647e-01
2.437656e-01
2.255936e-01
1.999434e-01
1.695308e-01
1.375002e-01
1.073443e-01
8.056389e-02
5.725835e-02
3.907969e-02
2.687213e-02
1.880062e-02
1.278503e-02
8.112779e-03
4.773724e-03
2.057824e-03
-2.776666e-03
-1.219199e-02
-2.570727e-02
-4.154509e-02
-5.717824e-02
-7.115876e-02
-8.372956e-02
-9.394148e-02
-1.018735e-01
-1.095355e-01
-1.172782e-01
-1.236717e-01
-1.285199e-01
-1.331556e-01
-1.384147e-01
-1.447413e-01
-1.516771e-01
-1.578162e-01
-1.621073e-01
-1.649574e-01
-1.681605e-01
-1.713137e-01
-1.720139e-01
-1.674388e-01
-1.543669e-01
-1.333796e-01
-1.096658e-01
-8.912110e-02
-7.288263e-02
-5.726016e-02
-4.128239e-02
-2.660023e-02
-1.456103e-02
-6.769300e-03
-3.321701e-03
-2.267031e-03
-1.636400e-03
-1.534202e-03
-3.862447e-03
-9.205682e-03
-1.425820e-02
-1.717813e-02
-2.158712e-02
-2.871515e-02
-3.590727e-02
-4.147874e-02
-4.421963e-02
-4.359876e-02
-4.019431e-02
-3.523210e-02
-2.934753e-02
-2.221198e-02
-1.497445e-02
-7.783850e-03
1.518218e-03
1.280879e-02
2.511931e-02
3.856750e-02
5.298450e-02
6.761873e-02
8.021623e-02
8.981087e-02
9.736498e-02
1.022601e-01
1.031353e-01
9.969380e-02
9.247647e-02
8.238770e-02
7.096176e-02
6.094180e-02
5.347778e-02
4.639767e-02
3.909597e-02
3.313130e-02
2.784862e-02
2.221399e-02
1.665288e-02
1.044571e-02
2.357984e-03
-6.875280e-03
-1.556485e-02
-2.410140e-02
-3.398371e-02
-4.400503e-02
-5.275513e-02
-6.057433e-02
-6.768804e-02
-7.434733e-02
-8.036342e-02
-8.634144e-02
-9.168352e-02
-9.412113e-02
-9.452123e-02
-9.431494e-02
-9.334297e-02
-9.104197e-02
-8.696842e-02
-8.163914e-02
-7.552429e-02
-7.031730e-02
-6.674900e-02
-6.241829e-02
-5.724206e-02
-5.267958e-02
-4.822567e-02
-4.372670e-02
-3.806680e-02
-2.873016e-02
-1.615131e-02
-2.055610e-03
1.286462e-02
2.744471e-02
4.134236e-02
5.487969e-02
6.794027e-02
7.966661e-02
8.890619e-02
9.636343e-02
1.027238e-01
1.080699e-01
1.128791e-01
1.163375e-01
1.173573e-01
1.159222e-01
1.127200e-01
1.085130e-01
1.046962e-01
1.020291e-01
9.861443e-02
9.367203e-02
8.785554e-02
8.143346e-02
7.541263e-02
6.920371e-02
6.134421e-02
5.152563e-02
3.903641e-02
2.411349e-02
8.655830e-03
-6.068013e-03
-1.923103e-02
-3.105917e-02
-4.324667e-02
-5.540334e-02
-6.633852e-02
-7.575023e-02
-8.232872e-02
-8.601438e-02
-8.763382e-02
-8.741084e-02
-8.610959e-02
-8.336043e-02
-7.881733e-02
-7.367603e-02
-6.800748e-02
-6.180877e-02
-5.645207e-02
-5.249704e-02
-4.866858e-02
-4.331745e-02
-3.726979e-02
-3.180550e-02
-2.542031e-02
-1.771948e-02
-1.031477e-02
-2.639334e-03
6.223833e-03
1.498270e-02
2.301654e-02
3.124800e-02
3.948645e-02
4.565376e-02
4.900085e-02
5.084116e-02
5.160476e-02
5.151181e-02
5.122849e-02
5.071369e-02
4.932979e-02
4.727604e-02
4.516850e-02
4.121830e-02
3.290619e-02
1.955147e-02
3.009402e-03
-1.346576e-02
-2.872774e-02
-4.231471e-02
-5.310046e-02
-6.078548e-02
-6.494817e-02
-6.482547e-02
-5.939608e-02
-4.835372e-02
-3.349701e-02
-1.760009e-02
-3.158344e-03
9.902799e-03
2.347075e-02
3.688289e-02
4.784008e-02
5.606626e-02
6.246181e-02
6.701453e-02
6.984925e-02
7.061711e-02
6.910865e-02
6.665969e-02
6.381776e-02
6.096291e-02
5.857325e-02
5.678185e-02
5.534202e-02
5.372229e-02
5.266031e-02
5.192325e-02
5.072117e-02
4.929762e-02
4.849489e-02
5.033641e-02
5.485610e-02
5.989093e-02
6.526536e-02
7.202571e-02
7.931823e-02
8.539212e-02
8.950187e-02
9.132197e-02
9.112488e-02
8.939285e-02
8.537996e-02
7.831551e-02
6.911315e-02
5.984673e-02
5.146164e-02
4.346870e-02
3.576223e-02
2.753678e-02
1.858231e-02
1.051769e-02
3.665700e-03
-2.481535e-03
-9.078177e-03
-1.668293e-02
-2.395923e-02
-3.077203e-02
-3.734788e-02
-4.357942e-02
-4.884026e-02
-5.266685e-02
-5.627985e-02
-5.919841e-02
-6.085892e-02
-6.213578e-02
-6.309055e-02
-6.384911e-02
-6.377796e-02
-6.228936e-02
-5.900106e-02
-5.365875e-02
-4.829208e-02
-4.412310e-02
-4.060527e-02
-3.762293e-02
-3.483988e-02
-3.137516e-02
-2.653134e-02
-2.162175e-02
-1.779479e-02
-1.317791e-02
-7.484230e-03
-2.671430e-03
1.368834e-03
5.409437e-03
9.870093e-03
1.529828e-02
2.150865e-02
2.851189e-02
3.598851e-02
4.338213e-02
5.099675e-02
5.843271e-02
6.545215e-02
7.182103e-02
7.572275e-02
7.732772e-02
7.840354e-02
7.842460e-02
7.648229e-02
7.229868e-02
6.490020e-02
5.477797e-02
4.413868e-02
3.397179e-02
2.421906e-02
1.462056e-02
5.402115e-03
-3.203753e-03
-1.268816e-02
-2.364524e-02
-3.517817e-02
-4.748191e-02
-6.074117e-02
-7.376981e-02
-8.508818e-02
-9.464710e-02
-1.036508e-01
-1.124890e-01
-1.204469e-01
-1.276100e-01
-1.339980e-01
-1.386113e-01
-1.415020e-01
-1.430316e-01
-1.428428e-01
-1.407321e-01
-1.362375e-01
-1.290887e-01
-1.201098e-01
-1.104074e-01
-9.989926e-02
-8.849809e-02
-7.718552e-02
-6.637537e-02
-5.613212e-02
-4.666697e-02
-3.833809e-02
-3.111622e-02
-2.436867e-02
-1.860650e-02
-1.369949e-02
-8.383586e-03
-2.945825e-03
2.077570e-03
6.983514e-03
1.198510e-02
1.707969e-02
2.200431e-02
2.638957e-02
3.030161e-02
3.412888e-02
3.784510e-02
4.134593e-02
4.352151e-02
4.117314e-02
3.304343e-02
2.208701e-02
1.290470e-02
7.975449e-03
4.632293e-03
-4.054826e-04
-6.822678e-03
-1.320295e-02
-1.856694e-02
-2.331187e-02
-2.829370e-02
-3.288708e-02
-3.676187e-02
-4.050571e-02
-4.358010e-02
-4.541726e-02
-4.662710e-02
-4.735868e-02
-4.750946e-02
-4.743604e-02
-4.705011e-02
-4.575362e-02
-4.386476e-02
-4.248513e-02
-4.138398e-02
-3.887138e-02
-3.435772e-02
-2.946572e-02
-2.450889e-02
-1.866249e-02
-1.325350e-02
-8.575018e-03
-3.620763e-03
1.169927e-03
5.680744e-03
1.030462e-02
1.417429e-02
1.641103e-02
1.870941e-02
2.277498e-02
2.818176e-02
3.396176e-02
3.955999e-02
4.581687e-02
5.250361e-02
5.864821e-02
6.501282e-02
7.127321e-02
7.649918e-02
8.099597e-02
8.584068e-02
9.228108e-02
9.931597e-02
1.050776e-01
1.097711e-01
1.138752e-01
1.181044e-01
1.232065e-01
1.276773e-01
1.294899e-01
1.288707e-01
1.281466e-01
1.274695e-01
1.254953e-01
1.231245e-01
1.201346e-01
1.161407e-01
1.114747e-01
1.049860e-01
9.634453e-02
8.544110e-02
7.290119e-02
6.042360e-02
4.856183e-02
3.756025e-02
2.731806e-02
1.772109e-02
8.773861e-03
1.617850e-04
-8.287289e-03
-1.702838e-02
-2.583278e-02
-3.422434e-02
-4.285678e-02
-5.215769e-02
-6.122058e-02
-6.932728e-02
-7.741990e-02
-8.600735e-02
-9.420814e-02
-1.012527e-01
-1.069281e-01
-1.117868e-01
-1.151540e-01
-1.162925e-01
-1.170262e-01
-1.173429e-01
-1.156902e-01
-1.119428e-01
-1.054762e-01
-9.620864e-02
-8.459960e-02
-7.209089e-02
-6.107493e-02
-5.121134e-02
-4.128178e-02
-3.078210e-02
-1.974523e-02
-9.088573e-03
9.533958e-04
9.410827e-03
1.526802e-02
1.872581e-02
1.973482e-02
1.895940e-02
1.727903e-02
1.491592e-02
1.211635e-02
9.335650e-03
7.242181e-03
5.823122e-03
5.053681e-03
5.746257e-03
7.416335e-03
8.972599e-03
1.101938e-02
1.387274e-02
1.698567e-02
2.012784e-02
2.376877e-02
2.868352e-02
3.384889e-02
3.822168e-02
4.166264e-02
4.335125e-02
4.345202e-02
4.258127e-02
4.101081e-02
3.867778e-02
3.520573e-02
3.136676e-02
2.722034e-02
2.196887e-02
1.607566e-02
1.016174e-02
3.773661e-03
-3.550167e-03
-1.068334e-02
-1.715650e-02
-2.391970e-02
-3.029733e-02
-3.519453e-02
-3.917486e-02
-4.262256e-02
-4.503823e-02
-4.683568e-02
-4.833576e-02
-4.879316e-02
-4.861307e-02
-4.836606e-02
-4.791565e-02
-4.744047e-02
-4.677592e-02
-4.667996e-02
-4.764514e-02
-4.844072e-02
-4.927334e-02
-5.104099e-02
-5.335505e-02
-5.547264e-02
-5.771524e-02
-6.118971e-02
-6.514404e-02
-6.846191e-02
-7.158394e-02
-7.471840e-02
-7.743127e-02
-7.942068e-02
-8.143393e-02
-8.395775e-02
-8.589644e-02
-8.656509e-02
-8.557185e-02
-8.186478e-02
-7.565366e-02
-6.845958e-02
-6.101129e-02
-5.305743e-02
-4.439988e-02
-3.546321e-02
-2.633622e-02
-1.677291e-02
-7.900206e-03
-1.116978e-03
3.787958e-03
7.922165e-03
1.170984e-02
1.521977e-02
1.883025e-02
2.246639e-02
2.601721e-02
2.952979e-02
3.290124e-02
3.611633e-02
3.918158e-02
4.213251e-02
4.465115e-02
4.597868e-02
4.614177e-02
4.601415e-02
4.573734e-02
4.524670e-02
4.485080e-02
4.415794e-02
4.284733e-02
4.129502e-02
3.949915e-02
3.724456e-02
3.438570e-02
3.210377e-02
3.220898e-02
3.327229e-02
3.416732e-02
3.530751e-02
3.584172e-02
3.605342e-02
3.546025e-02
3.282039e-02
2.867350e-02
2.400836e-02
1.972100e-02
1.606118e-02
1.272460e-02
9.249258e-03
5.031881e-03
-5.098775e-04
-7.085861e-03
-1.349597e-02
-1.931330e-02
-2.428259e-02
-2.729786e-02
-2.809583e-02
-2.819039e-02
-2.819004e-02
-2.692880e-02
-2.513192e-02
-2.428547e-02
-2.377948e-02
-2.302988e-02
-2.189540e-02
-2.086996e-02
-2.034805e-02
-1.974480e-02
-1.916689e-02
-1.805752e-02
-1.590264e-02
-1.393252e-02
-1.329766e-02
-1.372319e-02
-1.433323e-02
-1.534966e-02
-1.684131e-02
-1.797648e-02
-1.839347e-02
-1.840594e-02
-1.825679e-02
-1.717831e-02
-1.479442e-02
-1.198353e-02
-8.436808e-03
-3.277481e-03
2.962236e-03
1.009539e-02
1.822322e-02
2.710120e-02
3.667763e-02
4.650998e-02
5.685055e-02
6.779333e-02
7.839707e-02
8.896168e-02
9.987150e-02
1.102647e-01
1.195604e-01
1.280254e-01
1.360421e-01
1.430734e-01
1.484537e-01
1.522270e-01
1.540732e-01
1.536794e-01
1.516920e-01
1.478933e-01
1.409722e-01
1.309420e-01
1.185647e-01
1.047146e-01
9.065709e-02
7.707540e-02
6.416895e-02
5.169982e-02
3.931397e-02
2.766132e-02
1.794860e-02
1.042734e-02
4.583506e-03
1.260363e-04
-3.411871e-03
-6.695530e-03
-9.975318e-03
-1.325144e-02
-1.653149e-02
-1.927847e-02
-2.097659e-02
-2.262584e-02
-2.523827e-02
-2.817102e-02
-3.018402e-02
-3.100818e-02
-3.145756e-02
-3.159738e-02
-3.128465e-02
-3.085200e-02
-2.949045e-02
-2.655038e-02
-2.249026e-02
-1.803622e-02
-1.375071e-02
-9.515294e-03
-4.926629e-03
3.247106e-04
5.733623e-03
1.021937e-02
1.347161e-02
1.615300e-02
1.916389e-02
2.247181e-02
2.534369e-02
2.691750e-02
2.623500e-02
2.303706e-02
1.829543e-02
1.297621e-02
6.785059e-03
-2.493389e-04
-7.482459e-03
-1.546395e-02
-2.433441e-02
-3.273201e-02
-4.014403e-02
-4.689434e-02
-5.263246e-02
-5.689711e-02
-6.018804e-02
-6.307641e-02
-6.501250e-02
-6.574369e-02
-6.510993e-02
-6.232308e-02
-5.722886e-02
-4.939216e-02
-3.871143e-02
-2.691363e-02
-1.509730e-02
-2.647385e-03
1.085817e-02
2.477748e-02
3.857109e-02
5.199478e-02
6.398943e-02
7.462731e-02
8.537128e-02
9.594303e-02
1.055112e-01
1.145093e-01
1.225915e-01
1.288165e-01
1.334930e-01
1.370819e-01
1.392964e-01
1.395495e-01
1.373362e-01
1.323938e-01
1.246383e-01
1.146038e-01
1.030406e-01
9.065299e-02
7.782614e-02
6.436277e-02
5.056691e-02
3.726244e-02
2.512896e-02
1.412882e-02
3.849229e-03
-5.951997e-03
-1.537849e-02
-2.400587e-02
-3.158934e-02
-3.822572e-02
-4.416074e-02
-4.951725e-02
-5.375871e-02
-5.691701e-02
-5.957664e-02
-6.171638e-02
-6.311554e-02
-6.416808e-02
-6.478905e-02
-6.390365e-02
-6.122200e-02
-5.752861e-02
-5.382600e-02
-5.012867e-02
-4.624403e-02
-4.297567e-02
-4.003302e-02
-3.658996e-02
-3.274297e-02
-2.879494e-02
-2.499393e-02
-2.103715e-02
-1.709688e-02
-1.390362e-02
-1.170205e-02
-1.080972e-02
-1.088472e-02
-1.121373e-02
-1.167716e-02
-1.283329e-02
-1.579580e-02
-2.010176e-02
-2.413722e-02
-2.728229e-02
-3.003603e-02
-3.312397e-02
-3.614966e-02
-3.874078e-02
-4.098014e-02
-4.257724e-02
-4.395444e-02
-4.553727e-02
-4.718945e-02
-4.907477e-02
-5.072697e-02
-5.167550e-02
-5.234042e-02
-5.291340e-02
-5.378265e-02
-5.466211e-02
-5.415728e-02
-5.175872e-02
-4.755764e-02
-4.200192e-02
-3.573385e-02
-2.935361e-02
-2.349358e-02
-1.773186e-02
-1.177493e-02
-5.963949e-03
-3.609494e-04
4.672919e-03
8.746301e-03
1.190735e-02
1.468395e-02
1.715874e-02
1.900646e-02
2.018908e-02
2.014201e-02
1.912505e-02
1.820322e-02
1.761918e-02
1.716651e-02
1.606156e-02
1.388791e-02
1.129449e-02
8.990143e-03
7.427254e-03
6.918442e-03
7.355409e-03
8.060348e-03
9.065830e-03
1.118306e-02
1.405118e-02
1.652278e-02
1.855571e-02
2.087246e-02
2.389920e-02
2.761571e-02
3.164534e-02
3.533832e-02
3.812096e-02
4.035489e-02
4.241631e-02
4.425138e-02
4.649923e-02
4.899885e-02
5.089975e-02
5.209568e-02
5.258543e-02
5.265772e-02
5.233035e-02
5.114162e-02
4.937099e-02
4.754654e-02
4.505035e-02
4.120339e-02
3.673902e-02
3.207027e-02
2.681626e-02
2.042350e-02
1.249711e-02
4.106154e-03
-3.611855e-03
-1.064258e-02
-1.748457e-02
-2.451667e-02
-3.111694e-02
-3.682940e-02
-4.172674e-02
-4.603843e-02
-5.068236e-02
-5.603611e-02
-6.196958e-02
-6.807583e-02
-7.326396e-02
-7.736453e-02
-8.120454e-02
-8.510685e-02
-8.815996e-02
-8.973447e-02
-9.065421e-02
-9.081545e-02
-8.968812e-02
-8.806115e-02
-8.604025e-02
-8.307703e-02
-7.951464e-02
-7.561155e-02
-7.096071e-02
-6.554427e-02
-5.989824e-02
-5.430635e-02
-4.905356e-02
-4.450219e-02
-3.990968e-02
-3.457425e-02
-2.936601e-02
-2.517181e-02
-2.211979e-02
-1.957125e-02
-1.650620e-02
-1.312746e-02
-9.889208e-03
-6.678050e-03
-3.964854e-03
-2.018866e-03
-1.707986e-04
2.302105e-03
5.198090e-03
7.843739e-03
1.049091e-02
1.348702e-02
1.642622e-02
1.905415e-02
2.122374e-02
2.293898e-02
2.438840e-02
2.543748e-02
2.604188e-02
2.615293e-02
2.593222e-02
2.562037e-02
2.514519e-02
2.495744e-02
2.522535e-02
2.565862e-02
2.622590e-02
2.706851e-02
2.857342e-02
3.051005e-02
3.226249e-02
3.368684e-02
3.480129e-02
3.578488e-02
3.704966e-02
3.832727e-02
3.876347e-02
3.818278e-02
3.692359e-02
3.527925e-02
3.285635e-02
2.910216e-02
2.451424e-02
1.977877e-02
1.473182e-02
8.730511e-03
2.349098e-03
-3.232493e-03
-7.970613e-03
-1.202089e-02
-1.567970e-02
-1.913151e-02
-2.235853e-02
-2.573718e-02
-2.894208e-02
-3.173166e-02
-3.436025e-02
-3.643486e-02
-3.727926e-02
-3.634389e-02
-3.405055e-02
-3.146366e-02
-2.908456e-02
-2.673489e-02
-2.356798e-02
-1.929860e-02
-1.452861e-02
-1.001000e-02
-6.124113e-03
-2.158365e-03
2.196666e-03
6.094989e-03
8.985156e-03
1.084455e-02
1.205459e-02
1.332989e-02
1.492716e-02
1.672180e-02
1.859993e-02
2.006817e-02
2.066561e-02
2.058112e-02
2.051092e-02
2.042213e-02
1.977901e-02
1.904856e-02
1.846867e-02
1.793063e-02
1.738969e-02
1.635129e-02
1.479149e-02
1.262437e-02
9.669906e-03
6.148359e-03
2.142724e-03
-2.102371e-03
-6.798429e-03
-1.243915e-02
-1.871279e-02
-2.521622e-02
-3.201105e-02
-3.926300e-02
-4.680327e-02
-5.423984e-02
-6.123536e-02
-6.726441e-02
-7.180019e-02
-7.503003e-02
-7.772586e-02
-8.014795e-02
-8.163242e-02
-8.097992e-02
-7.751499e-02
-7.179616e-02
-6.495307e-02
-5.797694e-02
-5.138563e-02
-4.521776e-02
-3.877929e-02
-3.144951e-02
-2.411381e-02
-1.773605e-02
-1.198805e-02
-6.487813e-03
-1.318724e-03
3.558942e-03
7.974768e-03
1.174544e-02
1.513267e-02
1.820571e-02
2.130234e-02
2.473505e-02
2.781235e-02
2.976224e-02
3.020496e-02
2.932457e-02
2.788012e-02
2.610861e-02
2.339937e-02
1.944541e-02
1.484483e-02
1.013113e-02
5.258150e-03
-5.457958e-05
-5.769486e-03
-1.133329e-02
-1.657842e-02
-2.176322e-02
-2.669494e-02
-3.112650e-02
-3.542950e-02
-3.988239e-02
-4.413708e-02
-4.807222e-02
-5.174968e-02
-5.520165e-02
-5.897087e-02
-6.282005e-02
-6.598203e-02
-6.897235e-02
-7.212536e-02
-7.490424e-02
-7.743406e-02
-8.017410e-02
-8.268066e-02
-8.410979e-02
-8.446229e-02
-8.412188e-02
-8.360891e-02
-8.341001e-02
-8.301753e-02
-8.198581e-02
-8.015097e-02
-7.741962e-02
-7.413685e-02
-7.018019e-02
-6.562821e-02
-6.034037e-02
-5.386417e-02
-4.713878e-02
-4.104479e-02
-3.535883e-02
-2.952732e-02
-2.302158e-02
-1.590671e-02
-8.790600e-03
-1.649471e-03
5.882077e-03
1.307018e-02
1.913458e-02
2.436706e-02
2.932356e-02
3.439924e-02
3.941220e-02
4.362730e-02
4.716904e-02
5.052991e-02
5.359241e-02
5.627791e-02
5.803530e-02
5.883560e-02
5.952900e-02
6.008188e-02
6.021308e-02
5.971454e-02
5.827471e-02
5.613301e-02
5.354798e-02
5.000562e-02
4.550596e-02
4.103867e-02
3.674009e-02
3.245240e-02
2.822331e-02
2.441172e-02
2.215952e-02
2.123460e-02
2.060851e-02
2.058244e-02
2.151189e-02
2.298478e-02
2.499781e-02
2.747412e-02
2.975987e-02
3.203179e-02
3.423528e-02
3.627544e-02
3.884220e-02
4.138612e-02
4.305408e-02
4.434066e-02
4.619337e-02
4.831487e-02
4.977810e-02
5.065588e-02
5.117312e-02
5.169980e-02
5.242211e-02
5.291445e-02
5.288656e-02
5.208773e-02
5.087089e-02
4.956185e-02
4.766941e-02
4.524168e-02
4.261792e-02
3.983051e-02
3.707309e-02
3.394168e-02
3.005402e-02
2.571094e-02
2.095818e-02
1.617211e-02
1.173842e-02
7.474940e-03
2.988679e-03
-2.403819e-03
-8.105132e-03
-1.258408e-02
-1.575665e-02
-1.832380e-02
-2.037487e-02
-2.164689e-02
-2.212546e-02
-2.189582e-02
-2.080619e-02
-1.862234e-02
-1.536232e-02
-1.170161e-02
-8.197831e-03
-4.683827e-03
-1.113533e-03
2.596329e-03
6.384492e-03
9.794271e-03
1.312559e-02
1.648125e-02
1.910485e-02
2.099872e-02
2.257966e-02
2.421136e-02
2.597022e-02
2.698542e-02
2.730827e-02
2.763843e-02
2.781457e-02
2.783493e-02
2.755260e-02
2.700741e-02
2.639026e-02
2.498585e-02
2.238063e-02
1.900094e-02
1.564123e-02
1.253558e-02
9.218169e-03
5.691803e-03
2.258619e-03
-9.232611e-04
-3.907457e-03
-6.889895e-03
-1.018586e-02
-1.375285e-02
-1.690973e-02
-1.920504e-02
-2.063788e-02
-2.157616e-02
-2.226367e-02
-2.293346e-02
-2.366897e-02
-2.354173e-02
-2.237262e-02
-2.092407e-02
-1.937074e-02
-1.784943e-02
-1.625709e-02
-1.454374e-02
-1.301482e-02
-1.123931e-02
-9.117385e-03
-7.234091e-03
-5.719577e-03
-4.645112e-03
-4.073524e-03
-3.973046e-03
-4.311543e-03
-5.069099e-03
-6.295053e-03
-7.740935e-03
-9.198190e-03
-1.095883e-02
-1.321316e-02
-1.528352e-02
-1.645068e-02
-1.715083e-02
-1.814014e-02
-1.933513e-02
-2.030867e-02
-2.121023e-02
-2.195280e-02
-2.188638e-02
-2.141653e-02
-2.129396e-02
-2.117017e-02
-2.072186e-02
-1.990122e-02
-1.846976e-02
-1.676616e-02
-1.540708e-02
-1.426176e-02
-1.273441e-02
-1.043485e-02
-7.609791e-03
-5.121461e-03
-3.196523e-03
-1.178471e-03
8.699269e-04
2.245494e-03
3.195359e-03
4.487773e-03
5.932476e-03
7.217715e-03
8.676903e-03
1.022396e-02
1.144933e-02
1.235476e-02
1.324025e-02
1.391984e-02
1.413829e-02
1.450205e-02
1.527988e-02
1.608314e-02
1.704887e-02
1.843147e-02
1.991022e-02
2.152603e-02
2.394941e-02
2.728066e-02
3.072680e-02
3.357752e-02
3.617800e-02
3.929560e-02
4.328856e-02
4.807457e-02
5.301811e-02
5.795239e-02
6.318300e-02
6.832986e-02
7.313134e-02
7.778680e-02
8.215019e-02
8.554405e-02
8.767978e-02
8.909411e-02
8.965220e-02
8.907179e-02
8.794061e-02
8.650176e-02
8.459005e-02
8.209665e-02
7.924845e-02
7.620817e-02
7.237542e-02
6.775086e-02
6.321985e-02
5.886562e-02
5.420698e-02
4.918961e-02
4.372558e-02
3.807983e-02
3.278816e-02
2.770513e-02
2.270463e-02
1.787523e-02
1.351564e-02
9.851625e-03
6.497430e-03
3.483084e-03
1.115652e-03
-9.240277e-04
-3.090566e-03
-5.150445e-03
-6.364537e-03
-6.784364e-03
-7.486959e-03
-8.805983e-03
-1.034127e-02
-1.222772e-02
-1.438622e-02
-1.685774e-02
-2.000597e-02
-2.340598e-02
-2.660227e-02
-2.968498e-02
-3.262501e-02
-3.555294e-02
-3.920865e-02
-4.356747e-02
-4.779125e-02
-5.151624e-02
-5.452490e-02
-5.721282e-02
-6.003575e-02
-6.213968e-02
-6.291648e-02
-6.271278e-02
-6.189509e-02
-6.088903e-02
-5.959577e-02
-5.710526e-02
-5.311431e-02
-4.788258e-02
-4.165557e-02
-3.520933e-02
-2.858050e-02
-2.082677e-02
-1.223831e-02
-3.737369e-03
4.640751e-03
1.272587e-02
2.021644e-02
2.760375e-02
3.532719e-02
4.331806e-02
5.126922e-02
5.871392e-02
6.544180e-02
7.149702e-02
7.679028e-02
8.079442e-02
8.339008e-02
8.523390e-02
8.667807e-02
8.767742e-02
8.797481e-02
8.747535e-02
8.650324e-02
8.524627e-02
8.367101e-02
8.162376e-02
7.921421e-02
7.640207e-02
7.259088e-02
6.820402e-02
6.447797e-02
6.131328e-02
5.799904e-02
5.458392e-02
5.069244e-02
4.598966e-02
4.154824e-02
3.812006e-02
3.536087e-02
3.301262e-02
3.074808e-02
2.818167e-02
2.546516e-02
2.298636e-02
2.094736e-02
1.902324e-02
1.679657e-02
1.472487e-02
1.305709e-02
1.136398e-02
9.602396e-03
7.833252e-03
5.993507e-03
3.973035e-03
1.877519e-03
-2.586332e-04
-3.164750e-03
-7.118033e-03
-1.146203e-02
-1.534807e-02
-1.853301e-02
-2.205824e-02
-2.662938e-02
-3.111505e-02
-3.448732e-02
-3.707100e-02
-3.889037e-02
-4.007643e-02
-4.127987e-02
-4.218696e-02
-4.234290e-02
-4.186225e-02
-4.085297e-02
-3.946477e-02
-3.793585e-02
-3.631947e-02
-3.471681e-02
-3.348578e-02
-3.269836e-02
-3.206057e-02
-3.098302e-02
-2.940807e-02
-2.755976e-02
-2.515843e-02
-2.228550e-02
-1.861776e-02
-1.438562e-02
-1.090136e-02
-8.329531e-03
-6.325686e-03
-4.598408e-03
-3.372862e-03
-3.015796e-03
-2.828463e-03
-2.630817e-03
-2.812544e-03
-3.595256e-03
-5.256807e-03
-7.687010e-03
-1.033068e-02
-1.262589e-02
-1.478101e-02
-1.755014e-02
-2.102923e-02
-2.418362e-02
-2.613420e-02
-2.752646e-02
-2.889920e-02
-2.985239e-02
-3.054566e-02
-3.127488e-02
-3.198986e-02
-3.259714e-02
-3.295473e-02
-3.336886e-02
-3.401189e-02
-3.473922e-02
-3.581737e-02
-3.745719e-02
-3.907225e-02
-4.015557e-02
-4.125330e-02
-4.247160e-02
-4.318124e-02
-4.324267e-02
-4.319828e-02
-4.358112e-02
-4.390445e-02
-4.395577e-02
-4.402998e-02
-4.398850e-02
-4.370265e-02
-4.252818e-02
-4.044687e-02
-3.842548e-02
-3.663705e-02
-3.477494e-02
-3.240291e-02
-2.927930e-02
-2.603191e-02
-2.354764e-02
-2.168596e-02
-1.932206e-02
-1.626264e-02
-1.334101e-02
-1.102365e-02
-9.331639e-03
-8.119774e-03
-7.260960e-03
-6.603910e-03
-5.977872e-03
-5.429701e-03
-5.020132e-03
-4.605353e-03
-4.146133e-03
-3.850688e-03
-3.805548e-03
-4.007041e-03
-4.449944e-03
-4.990113e-03
-5.596523e-03
-6.688494e-03
-8.655773e-03
-1.094762e-02
-1.280881e-02
-1.432307e-02
-1.563712e-02
-1.628974e-02
-1.620451e-02
-1.614929e-02
-1.654879e-02
-1.706599e-02
-1.700110e-02
-1.647621e-02
-1.653199e-02
-1.732719e-02
-1.849591e-02
-1.955443e-02
-2.012854e-02
-2.062074e-02
-2.109703e-02
-2.159092e-02
-2.227128e-02
-2.271812e-02
-2.294050e-02
-2.340438e-02
-2.421428e-02
-2.512077e-02
-2.565626e-02
-2.581428e-02
-2.624345e-02
-2.673698e-02
-2.619434e-02
-2.464107e-02
-2.301317e-02
-2.145462e-02
-1.949017e-02
-1.706541e-02
-1.445956e-02
-1.174299e-02
-9.045777e-03
-6.902580e-03
-5.384364e-03
-3.677531e-03
-1.814092e-03
-8.056877e-04
-4.276205e-04
3.075857e-04
1.187125e-03
1.387142e-03
8.382156e-04
6.698844e-05
-2.063527e-04
4.248568e-04
9.707487e-04
2.786909e-04
-1.048831e-03
-2.074787e-03
-2.871345e-03
-3.676817e-03
-4.428335e-03
-4.973779e-03
-5.358479e-03
-5.941790e-03
-6.612672e-03
-6.609916e-03
-5.885613e-03
-5.301542e-03
-5.162018e-03
-4.710623e-03
-3.252226e-03
-1.049739e-03
1.020649e-03
2.477024e-03
3.661864e-03
5.055130e-03
6.719050e-03
8.541297e-03
1.069824e-02
1.345858e-02
1.645965e-02
1.902036e-02
2.120598e-02
2.350763e-02
2.607015e-02
2.852756e-02
3.020711e-02
3.093495e-02
3.066889e-02
2.925938e-02
2.679565e-02
2.333970e-02
1.956586e-02
1.620823e-02
1.291304e-02
9.137628e-03
5.364879e-03
2.150924e-03
-1.100918e-03
-4.460297e-03
-7.554192e-03
-1.059083e-02
-1.309901e-02
-1.492466e-02
-1.670769e-02
-1.839875e-02
-1.959247e-02
-2.014280e-02
-2.021924e-02
-2.010195e-02
-2.002124e-02
-2.033122e-02
-2.105082e-02
-2.198797e-02
-2.335606e-02
-2.471159e-02
-2.545285e-02
-2.649452e-02
-2.823685e-02
-2.991596e-02
-3.137134e-02
-3.244691e-02
-3.291066e-02
-3.299899e-02
-3.295447e-02
-3.302418e-02
-3.328745e-02
-3.318868e-02
-3.241893e-02
-3.132115e-02
-2.981646e-02
-2.787556e-02
-2.574133e-02
-2.295330e-02
-1.933157e-02
-1.569682e-02
-1.253988e-02
-9.645822e-03
-6.702196e-03
-3.917474e-03
-1.758730e-03
3.580572e-04
2.933579e-03
5.445905e-03
7.663178e-03
9.693353e-03
1.174816e-02
1.378794e-02
1.545230e-02
1.677103e-02
1.774475e-02
1.851598e-02
1.945340e-02
2.009658e-02
2.045737e-02
2.120033e-02
2.199054e-02
2.291643e-02
2.455554e-02
2.645954e-02
2.782464e-02
2.849808e-02
2.893897e-02
2.935302e-02
2.978058e-02
3.001757e-02
2.964295e-02
2.872551e-02
2.764338e-02
2.673277e-02
2.528111e-02
2.262945e-02
1.954554e-02
1.672861e-02
1.476648e-02
1.340089e-02
1.160136e-02
9.637093e-03
7.945201e-03
6.519741e-03
5.564457e-03
5.165165e-03
4.886936e-03
4.158095e-03
3.313275e-03
2.549759e-03
1.864464e-03
1.857894e-03
2.411712e-03
2.699551e-03
2.348407e-03
1.922515e-03
2.108360e-03
2.680309e-03
3.187341e-03
3.512531e-03
3.638888e-03
3.701226e-03
3.640187e-03
2.797944e-03
1.385263e-03
3.968067e-04
-2.693886e-04
-6.704093e-04
-8.844437e-04
-1.625185e-03
-2.379327e-03
-2.268679e-03
-1.325089e-03
-5.420340e-05
9.054384e-04
1.448338e-03
1.661072e-03
1.534914e-03
1.427391e-03
1.648118e-03
2.053236e-03
2.619431e-03
3.019769e-03
2.693202e-03
1.992305e-03
9.402160e-04
-5.995638e-04
-1.764102e-03
-2.109290e-03
-2.052114e-03
-2.272853e-03
-3.111571e-03
-4.079161e-03
-4.661674e-03
-5.195880e-03
-6.155002e-03
-7.609730e-03
-9.795162e-03
-1.232234e-02
-1.399564e-02
-1.508286e-02
-1.683542e-02
-1.899621e-02
-2.088715e-02
-2.258237e-02
-2.407715e-02
-2.544763e-02
-2.730358e-02
-2.975018e-02
-3.203615e-02
-3.355409e-02
-3.403009e-02
-3.425113e-02
-3.485135e-02
-3.510295e-02
-3.435651e-02
-3.201407e-02
-2.840371e-02
-2.448274e-02
-2.045029e-02
-1.640765e-02
-1.218000e-02
-7.593828e-03
-3.020891e-03
1.080603e-03
4.898917e-03
8.966356e-03
1.296201e-02
1.646678e-02
1.994801e-02
2.372268e-02
2.714646e-02
2.962221e-02
3.140779e-02
3.304823e-02
3.485999e-02
3.657282e-02
3.756586e-02
3.805959e-02
3.860427e-02
3.902005e-02
3.923507e-02
3.924591e-02
3.894562e-02
3.845491e-02
3.771469e-02
3.680528e-02
3.555030e-02
3.349473e-02
3.063825e-02
2.729153e-02
2.445279e-02
2.242226e-02
1.984414e-02
1.628682e-02
1.285003e-02
9.818113e-03
6.785041e-03
3.976825e-03
1.681348e-03
2.276618e-04
-7.733474e-04
-2.428882e-03
-4.382651e-03
-5.617963e-03
-6.127812e-03
-6.482993e-03
-6.725705e-03
-6.666574e-03
-6.387424e-03
-5.725577e-03
-5.391511e-03
-5.934995e-03
-6.313879e-03
-5.903939e-03
-4.949107e-03
-3.695820e-03
-2.254726e-03
-1.082155e-03
-5.181076e-04
-2.212650e-04
-2.331699e-04
-7.892562e-04
-1.785466e-03
-2.816932e-03
-3.416107e-03
-3.661849e-03
-3.917925e-03
-4.525675e-03
-5.317277e-03
-5.419856e-03
-4.890522e-03
-4.481464e-03
-3.693358e-03
-2.373704e-03
-1.286909e-03
-3.913219e-04
6.882402e-04
2.065966e-03
3.354738e-03
4.664146e-03
6.654756e-03
9.058636e-03
1.152520e-02
1.348077e-02
1.445647e-02
1.507574e-02
1.569686e-02
1.651747e-02
1.765727e-02
1.867117e-02
1.890966e-02
1.805541e-02
1.698938e-02
1.640149e-02
1.577436e-02
1.490373e-02
1.404639e-02
1.295724e-02
1.145899e-02
1.007178e-02
8.810688e-03
6.967544e-03
4.713684e-03
2.947180e-03
1.580889e-03
5.473554e-05
-1.335380e-03
-2.347704e-03
-3.617935e-03
-5.384716e-03
-6.937768e-03
-8.255620e-03
-9.763578e-03
-1.135333e-02
-1.303955e-02
-1.454531e-02
-1.548297e-02
-1.583356e-02
-1.572625e-02
-1.550463e-02
-1.498771e-02
-1.398162e-02
-1.279496e-02
-1.172070e-02
-1.102460e-02
-1.040598e-02
-9.584193e-03
-8.956421e-03
-8.906860e-03
-9.285808e-03
-9.637909e-03
-9.777439e-03
-9.589530e-03
-9.459607e-03
-9.914744e-03
-1.046845e-02
-1.064972e-02
-1.076033e-02
-1.111236e-02
-1.172840e-02
-1.269549e-02
-1.375363e-02
-1.453009e-02
-1.513065e-02
-1.573823e-02
-1.668621e-02
-1.763755e-02
-1.803329e-02
-1.814583e-02
-1.794165e-02
-1.727989e-02
-1.617426e-02
-1.488566e-02
-1.353411e-02
-1.110118e-02
-7.777709e-03
-5.011332e-03
-2.788863e-03
-5.701364e-04
1.892413e-03
4.638699e-03
7.004121e-03
8.449076e-03
9.400532e-03
1.063518e-02
1.178278e-02
1.219112e-02
1.247094e-02
1.302471e-02
1.306338e-02
1.206741e-02
1.086553e-02
9.709299e-03
7.759305e-03
5.549857e-03
4.209246e-03
3.542452e-03
2.830533e-03
1.935646e-03
9.074858e-04
-3.345232e-04
-1.231166e-03
-1.218852e-03
-7.807778e-04
-4.220408e-04
2.192593e-04
1.395584e-03
2.689976e-03
3.813668e-03
4.797811e-03
5.849399e-03
7.091259e-03
8.324458e-03
9.512205e-03
1.069028e-02
1.184236e-02
1.273896e-02
1.334636e-02
1.404728e-02
1.426662e-02
1.363464e-02
1.243461e-02
1.062432e-02
8.785894e-03
7.095463e-03
4.908978e-03
2.118576e-03
-5.316986e-04
-2.545350e-03
-4.631484e-03
-6.942699e-03
-8.803126e-03
-1.019748e-02
-1.093497e-02
-1.077881e-02
-1.050946e-02
-1.029723e-02
-9.518266e-03
-8.404760e-03
-7.416858e-03
-6.619909e-03
-5.778400e-03
-4.827433e-03
-4.214620e-03
-3.810073e-03
-3.130596e-03
-2.196752e-03
-1.342829e-03
-1.077738e-03
-1.039690e-03
-4.672756e-04
1.281992e-05
-2.096192e-04
-6.013757e-04
-5.996471e-04
-2.630482e-05
7.263638e-04
1.287583e-03
1.917565e-03
2.874833e-03
4.245835e-03
5.598821e-03
6.653256e-03
8.018824e-03
9.574558e-03
1.093937e-02
1.246799e-02
1.389110e-02
1.478887e-02
1.570981e-02
1.699240e-02
1.824041e-02
1.936905e-02
2.045671e-02
2.121512e-02
2.164109e-02
2.208777e-02
2.225769e-02
2.181489e-02
2.145672e-02
2.156624e-02
2.162564e-02
2.117086e-02
1.999885e-02
1.843888e-02
1.720711e-02
1.641323e-02
1.567628e-02
1.492438e-02
1.405890e-02
1.296081e-02
1.211488e-02
1.195148e-02
1.198941e-02
1.125565e-02
9.909768e-03
8.997524e-03
8.307533e-03
7.542313e-03
7.198600e-03
6.861853e-03
5.992978e-03
4.927549e-03
4.209921e-03
4.013571e-03
3.797040e-03
3.286685e-03
3.131245e-03
3.419963e-03
3.796045e-03
4.540792e-03
5.365206e-03
5.621288e-03
5.226780e-03
4.480118e-03
3.964606e-03
3.441050e-03
2.438642e-03
1.218979e-03
-4.113102e-05
-1.099937e-03
-1.882869e-03
-2.571054e-03
-3.145202e-03
-4.175821e-03
-5.927890e-03
-7.309596e-03
-7.949340e-03
-8.663995e-03
-9.738590e-03
-1.066517e-02
-1.102742e-02
-1.105633e-02
-1.099843e-02
-1.095247e-02
-1.086019e-02
-1.032300e-02
-9.777923e-03
-1.021174e-02
-1.109098e-02
-1.099889e-02
-9.995844e-03
-8.931183e-03
-8.088789e-03
-7.787124e-03
-7.406078e-03
-6.794908e-03
-6.248851e-03
-5.662071e-03
-5.110782e-03
-4.431393e-03
-3.442978e-03
-2.173317e-03
-9.201926e-04
-1.781631e-04
4.495530e-05
3.544413e-04
1.358222e-03
2.596426e-03
3.250206e-03
3.241741e-03
2.969463e-03
2.819272e-03
2.628857e-03
2.101567e-03
1.396407e-03
7.561385e-04
-4.895551e-05
-1.411029e-03
-3.237896e-03
-5.133984e-03
-6.991657e-03
-9.187160e-03
-1.177610e-02
-1.446125e-02
-1.720047e-02
-1.967869e-02
-2.145975e-02
-2.246989e-02
-2.298023e-02
-2.340680e-02
-2.402235e-02
-2.463285e-02
-2.454546e-02
-2.383243e-02
-2.288068e-02
-2.161585e-02
-2.000776e-02
-1.793310e-02
-1.606188e-02
-1.469458e-02
-1.311667e-02
-1.131652e-02
-9.419454e-03
-7.882408e-03
-6.795037e-03
-5.329499e-03
-3.460745e-03
-1.623774e-03
-5.004736e-04
-2.364679e-04
1.796215e-04
1.229127e-03
2.662777e-03
3.991580e-03
4.692622e-03
4.794468e-03
4.887853e-03
5.514400e-03
6.850068e-03
8.377028e-03
9.221266e-03
9.569265e-03
9.718845e-03
9.739291e-03
1.008504e-02
1.035124e-02
1.033388e-02
1.008939e-02
9.201563e-03
8.160866e-03
7.380195e-03
6.201569e-03
4.039396e-03
1.519573e-03
-3.788259e-04
-1.504104e-03
-2.066189e-03
-2.830321e-03
-3.666681e-03
-3.719063e-03
-3.682686e-03
-3.897125e-03
-4.105907e-03
-4.239840e-03
-3.778054e-03
-2.932866e-03
-1.895019e-03
-6.686101e-04
1.750269e-04
7.155450e-04
1.270008e-03
1.884216e-03
3.053850e-03
4.915154e-03
6.427896e-03
7.179830e-03
8.099195e-03
9.341223e-03
1.037497e-02
1.145580e-02
1.278347e-02
1.383753e-02
1.435184e-02
1.429739e-02
1.376179e-02
1.330169e-02
1.282116e-02
1.190819e-02
1.097467e-02
1.028015e-02
9.743334e-03
9.445255e-03
9.290357e-03
9.031702e-03
8.815369e-03
8.911756e-03
8.976762e-03
8.732072e-03
8.584177e-03
8.818881e-03
9.167410e-03
9.140583e-03
8.471974e-03
7.296518e-03
5.754966e-03
4.259390e-03
3.031412e-03
1.497423e-03
7.051476e-05
-7.184681e-04
-1.588795e-03
-2.680397e-03
-3.712140e-03
-4.443134e-03
-4.735992e-03
-4.948857e-03
-5.125477e-03
-5.126658e-03
-4.957310e-03
-4.715773e-03
-4.429406e-03
-4.039441e-03
-3.808339e-03
-3.898823e-03
-4.271700e-03
-4.605266e-03
-4.629995e-03
-4.841614e-03
-5.416859e-03
-5.985212e-03
-6.441498e-03
-6.834665e-03
-7.319081e-03
-7.742065e-03
-7.820845e-03
-7.747189e-03
-7.578301e-03
-7.167142e-03
-6.454010e-03
-5.739242e-03
-5.648999e-03
-5.831412e-03
-5.402906e-03
-4.401217e-03
-3.462076e-03
-2.915288e-03
-2.482780e-03
-1.961210e-03
-1.572250e-03
-1.514816e-03
-1.486525e-03
-1.129078e-03
-6.838108e-04
-2.448146e-04
2.988683e-04
7.058378e-04
6.509573e-04
2.061404e-04
-1.362990e-05
2.530880e-04
6.480085e-04
8.763259e-04
7.257533e-04
2.486356e-04
-3.519244e-04
-1.172937e-03
-2.186341e-03
-3.231823e-03
-4.132913e-03
-4.832182e-03
-5.622044e-03
-6.330217e-03
-6.776349e-03
-7.231217e-03
-7.409094e-03
-7.251080e-03
-7.369009e-03
-7.633736e-03
-7.338688e-03
-6.471138e-03
-5.549731e-03
-4.984368e-03
-4.841344e-03
-4.741102e-03
-4.485334e-03
-4.040523e-03
-3.355698e-03
-2.700857e-03
-2.181776e-03
-1.803318e-03
-1.489193e-03
-9.994963e-04
-4.221031e-04
1.119532e-04
4.552655e-04
6.678999e-04
1.063273e-03
1.425966e-03
1.511056e-03
1.451007e-03
1.333576e-03
1.242482e-03
1.237945e-03
1.391924e-03
1.623310e-03
1.601799e-03
1.352831e-03
1.140385e-03
9.418168e-04
6.181064e-04
1.322327e-04
-3.454217e-04
-6.200686e-04
-7.177188e-04
-6.813835e-04
-6.035135e-04
-6.371662e-04
-6.884605e-04
-6.462936e-04
-5.601981e-04
-4.050289e-04
-8.374380e-05
3.915566e-04
7.816906e-04
9.502825e-04
1.011045e-03
9.220787e-04
6.279711e-04
3.875378e-04
3.976514e-04
4.726674e-04
4.983871e-04
6.064703e-04
7.718891e-04
9.046595e-04
9.628256e-04
9.357019e-04
8.924440e-04
7.188707e-04
2.656701e-04
-3.337762e-04
-9.260623e-04
-1.523297e-03
-2.143857e-03
-2.726309e-03
-3.201270e-03
-3.563842e-03
-3.874000e-03
-4.136859e-03
-4.257997e-03
-4.271846e-03
-4.309426e-03
-4.351519e-03
-4.262858e-03
-3.961921e-03
-3.631116e-03
-3.453957e-03
-3.231098e-03
-2.785591e-03
-2.292339e-03
-1.923304e-03
-1.616376e-03
-1.321480e-03
-1.026931e-03
-6.729072e-04
-2.903423e-04
7.110097e-05
3.399662e-04
5.601857e-04
9.429519e-04
1.373252e-03
1.614541e-03
1.748945e-03
1.901535e-03
2.078454e-03
2.219227e-03
2.274559e-03
2.295031e-03
2.317762e-03
2.311374e-03
2.290190e-03
2.309884e-03
2.359523e-03
2.368400e-03
2.324012e-03
2.283358e-03
2.267196e-03
2.242399e-03
2.182416e-03
2.099014e-03
2.018825e-03
1.947040e-03
1.872682e-03
1.828705e-03
1.854099e-03
1.876866e-03
1.825276e-03
1.724780e-03
1.650700e-03
1.677493e-03
1.759927e-03
1.811241e-03
1.821629e-03
1.821005e-03
1.839012e-03
1.874260e-03
1.922241e-03
1.976136e-03
2.059172e-03
2.166157e-03
2.232120e-03
2.279019e-03
2.339128e-03
2.396710e-03
2.449686e-03
2.493055e-03
2.527648e-03
2.546406e-03
2.544531e-03
2.519181e-03
2.462935e-03
2.394461e-03
2.325754e-03
2.246194e-03
2.147702e-03
2.036372e-03
1.940700e-03
1.868188e-03
1.799050e-03
1.738648e-03
1.685127e-03
1.620931e-03
1.557770e-03
1.513631e-03
1.481709e-03
1.443622e-03
1.401424e-03
1.363751e-03
1.325054e-03
1.289165e-03
1.261259e-03
1.233165e-03
1.198792e-03
1.166765e-03
1.146122e-03
1.126394e-03
1.099916e-03
1.070687e-03
1.039565e-03
1.007624e-03
9.768395e-04
9.482260e-04
9.178029e-04
8.803908e-04
8.377729e-04
7.933924e-04
7.494744e-04
7.051290e-04
6.565080e-04
6.044232e-04
5.529451e-04
5.030505e-04
4.544889e-04
4.067485e-04
3.582547e-04
3.092424e-04
2.613879e-04
2.154349e-04
1.709702e-04
1.269390e-04
8.282119e-05
3.934886e-05
-2.714682e-06
-4.385064e-05
-8.464703e-05
-1.247786e-04
-1.637388e-04
-2.015184e-04
-2.384731e-04
-2.748594e-04
-3.109338e-04
-3.467296e-04
-3.819634e-04
-4.167759e-04
-4.513927e-04
-4.857607e-04
-5.199430e-04
-5.540388e-04
-5.881115e-04
-6.222145e-04
-6.563479e-04
-6.904577e-04
-7.244788e-04
-7.584317e-04
-7.923569e-04
-8.262585e-04
-8.601190e-04
-8.938931e-04
-9.275480e-04
-9.610729e-04
-9.944614e-04
-1.027702e-03
-1.060779e-03
-1.093678e-03
-1.126394e-03
-1.158921e-03
-1.191255e-03
-1.223392e-03
-1.255328e-03
-1.287059e-03
-1.318580e-03
