0.01 2.29291e-05 -4.24966e-07
0.02 0.000462984 -8.58093e-06
0.03 0.00383117 -7.10067e-05
0.04 0.00983872 -0.00018235
0.05 -0.0132991 0.000246486
0.06 -0.0639163 0.00118462
0.07 -0.272353 0.00504779
0.08 -0.685081 0.0126973
0.09 -1.03187 0.0191246
0.1 -1.60921 0.029825
0.11 -2.70484 0.0501313
0.12 -3.76598 0.0697986
0.13 -4.57547 0.0848016
0.14 -5.24038 0.0971251
0.15 -5.97705 0.110778
0.16 -6.81006 0.126217
0.17 -8.24255 0.152767
0.18 -9.76463 0.180977
0.19 -10.7012 0.198336
0.2 -11.274 0.208951
0.21 -11.7269 0.217347
0.22 -12.3554 0.228994
0.23 -12.926 0.239569
0.24 -13.2275 0.245158
0.25 -13.4107 0.248553
0.26 -13.7071 0.254046
0.27 -14.1278 0.261845
0.28 -14.4742 0.268264
0.29 -14.7595 0.273552
0.3 -14.977 0.277583
0.31 -15.2205 0.282096
0.32 -15.4768 0.286847
0.33 -15.6134 0.289378
0.34 -15.7076 0.291124
0.35 -15.8163 0.29314
0.36 -15.9616 0.295831
0.37 -16.0791 0.298009
0.38 -16.1348 0.299042
0.39 -16.1866 0.300001
0.4 -16.2654 0.301462
0.41 -16.3493 0.303017
0.42 -16.3955 0.303874
0.43 -16.414 0.304216
0.44 -16.4398 0.304695
0.45 -16.4731 0.305311
0.46 -16.4833 0.305501
0.47 -16.4708 0.30527
0.48 -16.464 0.305143
0.49 -16.4914 0.305651
0.5 -16.5408 0.306566
0.51 -16.5817 0.307324
0.52 -16.6602 0.308779
0.53 -16.8238 0.311813
0.54 -17.013 0.315318
0.55 -17.2142 0.319048
0.56 -17.4387 0.323209
0.57 -17.7015 0.328079
0.58 -18.0233 0.334043
0.59 -18.4107 0.341223
0.6 -18.8114 0.34865
0.61 -19.1736 0.355363
0.62 -19.5381 0.362118
0.63 -19.925 0.369289
0.64 -20.3268 0.376736
0.65 -20.7124 0.383882
0.66 -21.068 0.390474
0.67 -21.4138 0.396883
0.68 -21.7659 0.403408
0.69 -22.1252 0.410067
0.7 -22.4608 0.416288
0.71 -22.774 0.422093
0.72 -23.0788 0.427743
0.73 -23.3763 0.433256
0.74 -23.6559 0.438438
0.75 -23.9033 0.443022
0.76 -24.1247 0.447127
0.77 -24.3249 0.450836
0.78 -24.4986 0.454055
0.79 -24.633 0.456548
0.8 -24.7226 0.458207
0.81 -24.7708 0.459101
0.82 -24.7916 0.459487
0.83 -24.807 0.459773
0.84 -24.8108 0.459843
0.85 -24.7905 0.459466
0.86 -24.7479 0.458677
0.87 -24.6856 0.457522
0.88 -24.5982 0.455903
0.89 -24.4815 0.45374
0.9 -24.3388 0.451095
0.91 -24.174 0.44804
0.92 -23.9865 0.444566
0.93 -23.7733 0.440614
0.94 -23.5354 0.436204
0.95 -23.2779 0.431432
0.96 -23.0036 0.426348
0.97 -22.7126 0.420955
0.98 -22.4068 0.415286
0.99 -22.0899 0.409413
1 -21.7684 0.403454
1.01 -21.4463 0.397486
1.02 -21.1267 0.391562
1.03 -20.8062 0.385621
1.04 -20.5051 0.38004
1.05 -20.2417 0.375159
1.06 -20.0027 0.370728
1.07 -19.7861 0.366716
1.08 -19.8433 0.367776
1.09 -20.114 0.372792
1.1 -20.7294 0.384198
1.11 -22.2118 0.411673
1.12 -24.1776 0.448107
1.13 -25.9351 0.48068
1.14 -26.1375 0.484432
1.15 -26.0808 0.483381
1.16 -26.3091 0.487612
1.17 -26.4661 0.490521
1.18 -26.7718 0.496187
1.19 -27.0525 0.501389
1.2 -27.4735 0.509193
1.21 -27.8764 0.516661
1.22 -28.3382 0.52522
1.23 -28.78 0.533407
1.24 -29.2549 0.542209
1.25 -29.7994 0.552301
1.26 -30.2917 0.561426
1.27 -30.8194 0.571206
1.28 -31.3068 0.58024
1.29 -31.7995 0.589371
1.3 -32.3071 0.598779
1.31 -32.762 0.607209
1.32 -33.2019 0.615363
1.33 -33.6098 0.622924
1.34 -34.0017 0.630186
1.35 -34.3545 0.636726
1.36 -34.6555 0.642304
1.37 -34.9141 0.647096
1.38 -35.1322 0.651139
1.39 -35.3054 0.654349
1.4 -35.4238 0.656543
1.41 -35.5278 0.658471
1.42 -35.6372 0.660499
1.43 -35.7439 0.662477
1.44 -35.8384 0.664227
1.45 -35.9176 0.665696
1.46 -35.9918 0.66707
1.47 -36.064 0.668408
1.48 -36.1284 0.669603
1.49 -36.1804 0.670566
1.5 -36.2229 0.671354
1.51 -36.2625 0.672088
1.52 -36.2979 0.672743
1.53 -36.3249 0.673245
1.54 -36.3435 0.67359
1.55 -36.3565 0.67383
1.56 -36.3677 0.674038
1.57 -36.3761 0.674194
1.58 -36.3765 0.674201
1.59 -36.3742 0.674158
1.6 -36.3745 0.674163
1.61 -36.3747 0.674168
1.62 -36.3755 0.674182
1.63 -36.3816 0.674295
1.64 -36.3972 0.674584
1.65 -36.4459 0.675487
1.66 -36.5374 0.677183
1.67 -36.6737 0.679709
1.68 -36.8343 0.682685
1.69 -37.0246 0.686212
1.7 -37.2726 0.69081
1.71 -37.5495 0.69594
1.72 -37.8632 0.701755
1.73 -38.2065 0.708117
1.74 -38.5695 0.714846
1.75 -38.9242 0.721419
1.76 -39.2715 0.727857
1.77 -39.6223 0.734359
1.78 -39.9681 0.740767
1.79 -40.3057 0.747025
1.8 -40.6194 0.752838
1.81 -40.909 0.758207
1.82 -41.1548 0.762762
1.83 -41.3522 0.76642
1.84 -41.503 0.769216
1.85 -41.5882 0.770795
1.86 -41.6194 0.771372
1.87 -41.6321 0.771607
1.88 -41.6337 0.771637
1.89 -41.6059 0.771122
1.9 -41.5328 0.769767
1.91 -41.4095 0.767481
1.92 -41.2305 0.764165
1.93 -40.9894 0.759696
1.94 -40.688 0.75411
1.95 -40.3263 0.747406
1.96 -39.9009 0.739521
1.97 -39.4268 0.730735
1.98 -38.9288 0.721505
1.99 -38.4087 0.711866
2 -37.8653 0.701795
2.01 -37.303 0.691372
2.02 -36.7242 0.680645
2.03 -36.1338 0.669702
2.04 -35.5334 0.658575
2.05 -34.9267 0.64733
2.06 -34.3217 0.636117
2.07 -33.726 0.625076
2.08 -33.1349 0.614121
2.09 -32.553 0.603336
2.1 -32.0316 0.593672
2.11 -31.5017 0.583851
2.12 -31.0458 0.575402
2.13 -30.7021 0.569032
2.14 -30.4237 0.563872
2.15 -30.2318 0.560315
2.16 -30.2239 0.560169
2.17 -31.413 0.582208
2.18 -33.7705 0.625901
2.19 -35.2911 0.654084
2.2 -37.4263 0.693658
2.21 -40.4401 0.749515
2.22 -42.4902 0.787512
2.23 -42.6354 0.790203
2.24 -42.457 0.786897
2.25 -42.6271 0.79005
2.26 -42.6675 0.790798
2.27 -42.889 0.794903
2.28 -43.1368 0.799496
2.29 -43.2736 0.802032
2.3 -43.3702 0.803822
2.31 -43.6105 0.808275
2.32 -43.9618 0.814786
2.33 -44.2634 0.820377
2.34 -44.4535 0.8239
2.35 -44.669 0.827893
2.36 -44.979 0.83364
2.37 -45.3249 0.84005
2.38 -45.5673 0.844542
2.39 -45.7669 0.848243
2.4 -45.9851 0.852286
2.41 -46.2336 0.856892
2.42 -46.4348 0.860622
2.43 -46.5386 0.862545
2.44 -46.6207 0.864066
2.45 -46.7143 0.865801
2.46 -46.8254 0.86786
2.47 -46.9006 0.869255
2.48 -46.9466 0.870106
2.49 -47.0061 0.871209
2.5 -47.0832 0.872639
2.51 -47.1509 0.873893
2.52 -47.1895 0.874608
2.53 -47.218 0.875137
2.54 -47.2595 0.875905
2.55 -47.3052 0.876753
2.56 -47.3336 0.877279
2.57 -47.3452 0.877495
2.58 -47.357 0.877713
2.59 -47.3766 0.878076
2.6 -47.3914 0.878351
2.61 -47.394 0.878399
2.62 -47.3918 0.878357
2.63 -47.3919 0.87836
2.64 -47.3955 0.878426
2.65 -47.3992 0.878495
2.66 -47.3959 0.878433
2.67 -47.3943 0.878404
2.68 -47.405 0.878602
2.69 -47.4277 0.879022
2.7 -47.4752 0.879903
2.71 -47.5387 0.88108
2.72 -47.6231 0.882644
2.73 -47.7424 0.884855
2.74 -47.8806 0.887417
2.75 -48.0358 0.890295
2.76 -48.21 0.893521
2.77 -48.3817 0.896704
2.78 -48.5534 0.899887
2.79 -48.7346 0.903245
2.8 -48.9214 0.906707
2.81 -49.0844 0.909728
2.82 -49.2142 0.912135
2.83 -49.3329 0.914334
2.84 -49.4247 0.916036
2.85 -49.4669 0.916817
2.86 -49.4709 0.916891
2.87 -49.4649 0.916781
2.88 -49.4665 0.91681
2.89 -49.4738 0.916946
2.9 -49.4714 0.916901
2.91 -49.4631 0.916747
2.92 -49.46 0.91669
2.93 -49.4666 0.916813
2.94 -49.4784 0.917032
2.95 -49.4752 0.916971
2.96 -49.4624 0.916734
2.97 -49.4602 0.916693
2.98 -49.4743 0.916956
2.99 -49.481 0.91708
3 -49.4654 0.91679
3.01 -49.4533 0.916566
3.02 -49.4599 0.916689
3.03 -49.4711 0.916896
3.04 -49.4628 0.916741
3.05 -49.449 0.916486
3.06 -49.44 0.916318
3.07 -49.4157 0.915868
3.08 -49.3368 0.914407
3.09 -49.0577 0.909234
3.1 -48.6039 0.900823
3.11 -48.1437 0.892294
3.12 -47.5752 0.881758
3.13 -46.887 0.869002
3.14 -46.1144 0.854682
3.15 -45.394 0.841331
3.16 -44.9613 0.833311
3.17 -44.5708 0.826074
3.18 -44.3309 0.821627
3.19 -44.0408 0.816251
3.2 -43.748 0.810823
3.21 -43.8244 0.81224
3.22 -43.8776 0.813226
3.23 -44.478 0.824354
3.24 -45.3938 0.841328
3.25 -45.9892 0.852362
3.26 -46.6598 0.864792
3.27 -47.1757 0.874352
3.28 -48.0194 0.889991
3.29 -49.2017 0.911903
3.3 -50.4005 0.934121
3.31 -50.53 0.936521
3.32 -50.3104 0.932452
3.33 -50.3119 0.932479
3.34 -50.3855 0.933843
3.35 -50.6594 0.93892
3.36 -50.6185 0.938161
3.37 -50.5868 0.937574
3.38 -50.6642 0.939008
3.39 -50.9212 0.943772
3.4 -51.1092 0.947255
3.41 -51.0843 0.946795
3.42 -51.1199 0.947454
3.43 -51.3119 0.951014
3.44 -51.5351 0.955149
3.45 -51.6267 0.956848
3.46 -51.6138 0.956609
3.47 -51.6743 0.957729
3.48 -51.818 0.960394
3.49 -51.8929 0.961781
3.5 -51.8912 0.96175
3.51 -51.871 0.961376
3.52 -51.932 0.962506
3.53 -52.019 0.964118
3.54 -52.0427 0.964558
3.55 -52.0277 0.96428
3.56 -52.0348 0.964411
3.57 -52.0889 0.965413
3.58 -52.1256 0.966095
3.59 -52.1253 0.966088
3.6 -52.1171 0.965936
3.61 -52.1242 0.966068
3.62 -52.1513 0.966569
3.63 -52.1653 0.966831
3.64 -52.1567 0.966671
3.65 -52.1486 0.96652
3.66 -52.1567 0.966671
3.67 -52.1714 0.966942
3.68 -52.1713 0.966941
3.69 -52.1633 0.966792
3.7 -52.166 0.966843
3.71 -52.1899 0.967286
3.72 -52.2201 0.967845
3.73 -52.2598 0.968582
3.74 -52.3201 0.969699
3.75 -52.3904 0.971002
3.76 -52.4651 0.972386
3.77 -52.5386 0.973749
3.78 -52.6088 0.975049
3.79 -52.6748 0.976272
3.8 -52.7358 0.977404
3.81 -52.7826 0.978271
3.82 -52.8065 0.978713
3.83 -52.8083 0.978747
3.84 -52.8073 0.978729
3.85 -52.8104 0.978786
3.86 -52.8111 0.978798
3.87 -52.8104 0.978785
3.88 -52.8082 0.978744
3.89 -52.8082 0.978745
3.9 -52.8095 0.97877
3.91 -52.81 0.978778
3.92 -52.812 0.978816
3.93 -52.8228 0.979016
3.94 -52.8284 0.979119
3.95 -52.8169 0.978906
3.96 -52.8177 0.978921
3.97 -52.8292 0.979134
3.98 -52.8241 0.97904
3.99 -52.813 0.978834
4 -52.8158 0.978886
4.01 -52.8269 0.979092
4.02 -52.8226 0.979011
4.03 -52.8175 0.978918
4.04 -52.821 0.978982
4.05 -52.8169 0.978907
4.06 -52.8076 0.978735
4.07 -52.7463 0.977599
4.08 -52.5905 0.974711
4.09 -52.321 0.969715
4.1 -51.9263 0.9624
4.11 -51.4126 0.95288
4.12 -50.8218 0.94193
4.13 -50.1602 0.929668
4.14 -49.4288 0.916112
4.15 -48.6452 0.901589
4.16 -47.885 0.8875
4.17 -47.1432 0.873749
4.18 -46.3088 0.858286
4.19 -45.5642 0.844484
4.2 -44.9386 0.83289
4.21 -44.2527 0.820178
4.22 -43.648 0.808971
4.23 -43.2867 0.802275
4.24 -43.2406 0.801419
4.25 -43.1618 0.799959
4.26 -43.2177 0.800995
4.27 -44.2035 0.819267
4.28 -45.4633 0.842615
4.29 -46.6128 0.86392
4.3 -47.7882 0.885706
4.31 -48.7451 0.903441
4.32 -49.6108 0.919485
4.33 -50.4269 0.93461
4.34 -51.003 0.945287
4.35 -51.6115 0.956565
4.36 -52.3612 0.970461
4.37 -53.259 0.987101
4.38 -53.4422 0.990495
4.39 -53.3996 0.989706
4.4 -53.366 0.989084
4.41 -53.3487 0.988763
4.42 -53.5334 0.992187
4.43 -53.5513 0.992517
4.44 -53.535 0.992217
4.45 -53.5322 0.992164
4.46 -53.6454 0.994261
4.47 -53.7505 0.99621
4.48 -53.7385 0.995987
4.49 -53.7094 0.995448
4.5 -53.7369 0.995957
4.51 -53.7967 0.997067
4.52 -53.835 0.997777
4.53 -53.8036 0.997194
4.54 -53.7927 0.996992
4.55 -53.8296 0.997675
4.56 -53.8607 0.998252
4.57 -53.8658 0.998347
4.58 -53.8394 0.997857
4.59 -53.8429 0.997922
4.6 -53.8662 0.998353
4.61 -53.8767 0.998548
4.62 -53.864 0.998314
4.63 -53.8521 0.998093
4.64 -53.8596 0.998233
4.65 -53.8734 0.998487
4.66 -53.8742 0.998503
4.67 -53.8606 0.998251
4.68 -53.8557 0.99816
4.69 -53.8657 0.998345
4.7 -53.8753 0.998522
4.71 -53.8749 0.998515
4.72 -53.8756 0.998529
4.73 -53.8967 0.99892
4.74 -53.9315 0.999564
4.75 -53.9606 1.0001
4.76 -53.9565 1.00003
4.77 -53.95 0.999907
4.78 -53.9547 0.999994
4.79 -53.9572 1.00004
4.8 -53.9577 1.00005
4.81 -53.9532 0.999967
4.82 -53.9532 0.999967
4.83 -53.9561 1.00002
4.84 -53.9576 1.00005
4.85 -53.9549 0.999999
4.86 -53.9529 0.999962
4.87 -53.9543 0.999986
4.88 -53.9569 1.00003
4.89 -53.9687 1.00025
4.9 -53.9885 1.00062
4.91 -53.9929 1.0007
4.92 -53.9756 1.00038
4.93 -53.9644 1.00017
4.94 -53.9725 1.00032
4.95 -53.991 1.00067
4.96 -53.9952 1.00074
4.97 -53.9674 1.00023
4.98 -53.954 0.999982
4.99 -53.9306 0.999547
5 -53.6958 0.995195
5.01 -53.3493 0.988773
5.02 -52.9363 0.98112
5.03 -52.4501 0.972109
5.04 -51.9098 0.962094
5.05 -51.2479 0.949827
5.06 -50.4654 0.935324
5.07 -49.6023 0.919328
5.08 -48.6603 0.901869
5.09 -47.6325 0.882819
5.1 -46.5166 0.862137
5.11 -45.3242 0.840037
5.12 -44.1053 0.817446
5.13 -42.8513 0.794204
5.14 -41.5594 0.77026
5.15 -40.2982 0.746885
5.16 -39.1238 0.725119
5.17 -38.1011 0.706164
5.18 -37.122 0.688018
5.19 -36.1687 0.67035
5.2 -35.5679 0.659215
5.21 -35.2569 0.65345
5.22 -35.3184 0.654589
5.23 -36.5507 0.67743
5.24 -39.1731 0.726032
5.25 -41.2398 0.764337
5.26 -42.9687 0.796381
5.27 -44.9804 0.833665
5.28 -46.7473 0.866413
5.29 -48.1364 0.892159
5.3 -49.3727 0.915072
5.31 -50.6479 0.938707
5.32 -51.8492 0.960971
5.33 -52.9681 0.98171
5.34 -53.8019 0.997163
5.35 -54.0256 1.00131
5.36 -53.9571 1.00004
5.37 -53.8206 0.997509
5.38 -53.7318 0.995864
5.39 -53.8574 0.998191
5.4 -53.9711 1.0003
5.41 -53.9066 0.999103
5.42 -53.7753 0.996669
5.43 -53.8028 0.99718
5.44 -53.9069 0.999109
5.45 -53.9212 0.999374
5.46 -53.8549 0.998145
5.47 -53.7967 0.997066
5.48 -53.8484 0.998024
5.49 -53.9111 0.999187
5.5 -53.8832 0.998669
5.51 -53.834 0.997757
5.52 -53.827 0.997628
5.53 -53.8722 0.998466
5.54 -53.8949 0.998886
5.55 -53.8599 0.998238
5.56 -53.8345 0.997767
5.57 -53.8502 0.998058
5.58 -53.8788 0.998588
5.59 -53.8767 0.998549
5.6 -53.8503 0.99806
5.61 -53.8439 0.99794
5.62 -53.8632 0.998298
5.63 -53.8754 0.998525
5.64 -53.864 0.998313
5.65 -53.8494 0.998043
5.66 -53.8536 0.99812
5.67 -53.8676 0.998381
5.68 -53.869 0.998405
5.69 -53.8575 0.998192
5.7 -53.8521 0.998093
5.71 -53.8594 0.998228
5.72 -53.8671 0.998371
5.73 -53.8656 0.998343
5.74 -53.8748 0.998513
5.75 -53.8734 0.998487
5.76 -53.8761 0.998538
5.77 -53.8811 0.998631
5.78 -53.8748 0.998514
5.79 -53.8729 0.998478
5.8 -53.8744 0.998507
5.81 -53.8784 0.99858
5.82 -53.8773 0.99856
5.83 -53.8746 0.99851
5.84 -53.8741 0.9985
5.85 -53.8762 0.998539
5.86 -53.8776 0.998565
5.87 -53.8759 0.998534
5.88 -53.8746 0.998509
5.89 -53.8752 0.998521
5.9 -53.8766 0.998547
5.91 -53.8767 0.998549
5.92 -53.905 0.999073
5.93 -53.9111 0.999186
5.94 -53.8642 0.998317
5.95 -53.8901 0.998798
5.96 -53.9194 0.99934
5.97 -53.8871 0.998741
5.98 -53.8981 0.998946
5.99 -53.8945 0.998879
6 -53.8819 0.998646
6.01 -53.8846 0.998695
6.02 -53.8913 0.99882
6.03 -53.904 0.999054
6.04 -53.8795 0.9986
6.05 -53.8619 0.998275
6.06 -53.6716 0.994748
6.07 -53.3156 0.98815
6.08 -52.8305 0.979159
6.09 -52.2243 0.967923
6.1 -51.5692 0.955781
6.11 -50.7863 0.941271
6.12 -49.8956 0.924763
6.13 -48.8966 0.906247
6.14 -47.8243 0.886374
6.15 -46.6857 0.865272
6.16 -45.604 0.845222
6.17 -44.4904 0.824583
6.18 -43.369 0.8038
6.19 -42.3677 0.785242
6.2 -41.3938 0.767191
6.21 -40.7618 0.755478
6.22 -40.3048 0.747008
6.23 -39.8871 0.739266
6.24 -39.9094 0.739679
6.25 -41.1519 0.762708
6.26 -43.1576 0.799881
6.27 -44.3069 0.821182
6.28 -45.3481 0.84048
6.29 -46.8713 0.86871
6.3 -48.3318 0.89578
6.31 -49.3925 0.915438
6.32 -49.9805 0.926338
6.33 -50.6395 0.938551
6.34 -51.4848 0.954217
6.35 -52.4289 0.971714
6.36 -53.2679 0.987265
6.37 -53.6823 0.994946
6.38 -53.7879 0.996902
6.39 -53.9167 0.999291
6.4 -53.8689 0.998405
6.41 -53.7718 0.996605
6.42 -53.814 0.997387
6.43 -53.9513 0.999931
6.44 -54.0494 1.00175
6.45 -53.9459 0.999831
6.46 -53.8859 0.998719
6.47 -53.9357 0.999642
6.48 -53.9996 1.00083
6.49 -53.9972 1.00078
6.5 -53.9253 0.999449
6.51 -53.9122 0.999206
6.52 -53.9655 1.00019
6.53 -53.9921 1.00069
6.54 -53.9623 1.00013
6.55 -53.9258 0.999458
6.56 -53.9378 0.999681
6.57 -53.9748 1.00037
6.58 -53.9756 1.00038
6.59 -53.9464 0.99984
6.6 -53.935 0.999629
6.61 -53.9546 0.999993
6.62 -53.9722 1.00032
6.63 -53.9617 1.00012
6.64 -53.9429 0.999775
6.65 -53.9455 0.999824
6.66 -53.9617 1.00012
6.67 -53.9655 1.0002
6.68 -53.9535 0.999972
6.69 -53.9456 0.999825
6.7 -53.9505 0.999917
6.71 -53.9643 1.00017
6.72 -53.9615 1.00012
6.73 -53.9505 0.999917
6.74 -53.9475 0.999861
6.75 -53.9562 1.00002
6.76 -53.9623 1.00013
6.77 -53.956 1.00002
6.78 -53.9502 0.999911
6.79 -53.951 0.999925
6.8 -53.9591 1.00008
6.81 -53.9595 1.00008
6.82 -53.9535 0.999972
6.83 -53.951 0.999926
6.84 -53.9544 0.999988
6.85 -53.9589 1.00007
6.86 -53.9565 1.00003
6.87 -53.9527 0.999957
6.88 -53.953 0.999962
6.89 -53.9899 1.00065
6.9 -54.0005 1.00084
6.91 -53.9755 1.00038
6.92 -53.9751 1.00037
6.93 -53.9893 1.00064
6.94 -53.9981 1.0008
6.95 -53.9792 1.00045
6.96 -53.9643 1.00017
6.97 -53.9839 1.00054
6.98 -53.9877 1.00061
6.99 -53.9704 1.00028
7 -53.6883 0.995058
7.01 -53.2661 0.987232
7.02 -52.7533 0.977729
7.03 -52.0762 0.965178
7.04 -51.3007 0.950805
7.05 -50.3147 0.93253
7.06 -49.1825 0.911546
7.07 -47.9019 0.887813
7.08 -46.4756 0.861377
7.09 -44.9154 0.83246
7.1 -43.2301 0.801225
7.11 -41.4837 0.768857
7.12 -39.6958 0.735721
7.13 -37.9184 0.702778
7.14 -36.217 0.671244
7.15 -34.6382 0.641983
7.16 -33.2761 0.616739
7.17 -32.0797 0.594565
7.18 -31.1782 0.577856
7.19 -30.5619 0.566433
7.2 -30.4351 0.564084
7.21 -31.6925 0.587388
7.22 -34.5856 0.641009
7.23 -36.6756 0.679744
7.24 -38.6657 0.716629
7.25 -41.6242 0.771462
7.26 -44.027 0.815994
7.27 -45.9938 0.852448
7.28 -48.0044 0.889711
7.29 -50.0256 0.927172
7.3 -51.8526 0.961035
7.31 -53.2649 0.987211
7.32 -53.8849 0.998701
7.33 -54.0481 1.00172
7.34 -54.0296 1.00138
7.35 -53.8943 0.998875
7.36 -53.8052 0.997224
7.37 -53.909 0.999148
7.38 -54.03 1.00139
7.39 -53.966 1.0002
7.4 -53.8589 0.998219
7.41 -53.8611 0.998259
7.42 -53.9647 1.00018
7.43 -53.9819 1.0005
7.44 -53.9241 0.999427
7.45 -53.8674 0.998377
7.46 -53.908 0.99913
7.47 -53.9701 1.00028
7.48 -53.9479 0.999868
7.49 -53.9037 0.999049
7.5 -53.8914 0.998822
7.51 -53.9335 0.999601
7.52 -53.9563 1.00003
7.53 -53.9269 0.999478
7.54 -53.9016 0.999011
7.55 -53.9131 0.999223
7.56 -53.9407 0.999736
7.57 -53.9407 0.999734
7.58 -53.9168 0.999293
7.59 -53.909 0.999148
7.6 -53.9257 0.999458
7.61 -53.9385 0.999694
7.62 -53.929 0.999519
7.63 -53.915 0.999258
7.64 -53.9173 0.999302
7.65 -53.9309 0.999554
7.66 -53.9335 0.999602
7.67 -53.9226 0.9994
7.68 -53.916 0.999278
7.69 -53.9242 0.999429
7.7 -53.9325 0.999584
7.71 -53.9278 0.999495
7.72 -53.9179 0.999312
7.73 -53.9219 0.999387
7.74 -53.9292 0.999523
7.75 -53.9381 0.999687
7.76 -53.9329 0.999591
7.77 -53.9293 0.999523
7.78 -53.9334 0.9996
7.79 -53.9363 0.999654
7.8 -53.937 0.999667
7.81 -53.9335 0.999602
7.82 -53.9326 0.999585
7.83 -53.9334 0.999599
7.84 -53.9356 0.999641
7.85 -53.9352 0.999634
7.86 -53.9331 0.999594
7.87 -53.9332 0.999595
7.88 -53.9343 0.999616
7.89 -53.9352 0.999633
7.9 -53.9344 0.999618
7.91 -53.9331 0.999594
7.92 -53.9338 0.999607
7.93 -53.9346 0.999622
7.94 -53.9347 0.999623
7.95 -53.9692 1.00026
7.96 -53.9783 1.00043
7.97 -53.9227 0.999402
7.98 -53.918 0.999315
7.99 -53.9814 1.00049
8 -53.9947 1.00074
8.01 -53.9303 0.999543
8.02 -53.9289 0.999515
8.03 -53.963 1.00015
8.04 -53.9597 1.00009
8.05 -53.936 0.999647
8.06 -53.9161 0.999278
8.07 -53.9388 0.999699
8.08 -53.9468 0.999847
8.09 -53.9289 0.999516
8.1 -53.9022 0.999022
8.11 -53.8153 0.99741
8.12 -53.6522 0.994387
8.13 -53.3855 0.989445
8.14 -52.9574 0.98151
8.15 -52.4349 0.971826
8.16 -51.8794 0.961532
8.17 -51.0912 0.946922
8.18 -50.1554 0.929578
8.19 -49.1861 0.911613
8.2 -48.1272 0.891988
8.21 -47.2508 0.875744
8.22 -46.4234 0.860411
8.23 -45.5246 0.843751
8.24 -44.9542 0.833179
8.25 -44.683 0.828153
8.26 -44.6239 0.827059
8.27 -44.6206 0.826997
8.28 -45.0752 0.835421
8.29 -46.1627 0.855577
8.3 -47.2193 0.87516
8.31 -48.1884 0.893123
8.32 -49.3049 0.913816
8.33 -50.2404 0.931154
8.34 -50.9408 0.944134
8.35 -51.5813 0.956007
8.36 -52.2678 0.968729
8.37 -52.9246 0.980902
8.38 -53.4711 0.991031
8.39 -53.8596 0.998232
8.4 -53.9307 0.999549
8.41 -54.0358 1.0015
8.42 -54.0119 1.00105
8.43 -53.857 0.998183
8.44 -53.8371 0.997815
8.45 -53.934 0.999611
8.46 -53.9982 1.0008
8.47 -53.9481 0.999872
8.48 -53.8569 0.998183
8.49 -53.8801 0.998611
8.5 -53.9687 1.00025
8.51 -53.9588 1.00007
8.52 -53.913 0.999222
8.53 -53.8742 0.998503
8.54 -53.9175 0.999305
8.55 -53.9617 1.00012
8.56 -53.9338 0.999607
8.57 -53.8991 0.998964
8.58 -53.8988 0.998958
8.59 -53.9343 0.999617
8.6 -53.9457 0.999828
8.61 -53.9189 0.999331
8.62 -53.9013 0.999004
8.63 -53.9167 0.99929
8.64 -53.9367 0.99966
8.65 -53.9318 0.99957
8.66 -53.9127 0.999216
8.67 -53.9098 0.999163
8.68 -53.9253 0.99945
8.69 -53.9324 0.999582
8.7 -53.9232 0.99941
8.71 -53.9134 0.99923
8.72 -53.9268 0.999477
8.73 -53.938 0.999685
8.74 -53.9367 0.999661
8.75 -53.9283 0.999505
8.76 -53.9253 0.999449
8.77 -53.932 0.999573
8.78 -53.9363 0.999653
8.79 -53.9327 0.999587
8.8 -53.9271 0.999482
8.81 -53.929 0.999519
8.82 -53.9335 0.999601
8.83 -53.9342 0.999614
8.84 -53.9303 0.999543
8.85 -53.9284 0.999507
8.86 -53.931 0.999556
8.87 -53.9335 0.999602
8.88 -53.9434 0.999785
8.89 -53.9811 1.00048
8.9 -54.0023 1.00088
8.91 -53.9609 1.00011
8.92 -53.9346 0.999622
8.93 -53.9951 1.00074
8.94 -54.0118 1.00105
8.95 -53.9768 1.0004
8.96 -53.8632 0.998299
8.97 -53.4814 0.991223
8.98 -52.9547 0.981461
8.99 -52.2563 0.968517
9 -51.3103 0.950983
9.01 -50.2004 0.930411
9.02 -48.8735 0.905819
9.03 -47.2832 0.876345
9.04 -45.4297 0.841993
9.05 -43.3268 0.803017
9.06 -41.0547 0.760906
9.07 -38.6303 0.715973
9.08 -36.0913 0.668915
9.09 -33.5328 0.621495
9.1 -31.0301 0.575111
9.11 -28.6796 0.531546
9.12 -26.4798 0.490776
9.13 -24.4694 0.453515
9.14 -22.8027 0.422624
9.15 -21.5317 0.399067
9.16 -20.6651 0.383006
9.17 -20.343 0.377036
9.18 -21.8573 0.405102
9.19 -25.3853 0.47049
9.2 -28.4763 0.527779
9.21 -31.4872 0.583583
9.22 -35.3249 0.654711
9.23 -38.5847 0.715127
9.24 -42.1946 0.782033
9.25 -46.307 0.858253
9.26 -49.9735 0.926208
9.27 -52.5298 0.973586
9.28 -53.7308 0.995846
9.29 -54.2792 1.00601
9.3 -54.028 1.00135
9.31 -53.7434 0.996078
9.32 -53.7234 0.995707
9.33 -54.0351 1.00148
9.34 -54.2338 1.00517
9.35 -53.9156 0.99927
9.36 -53.755 0.996293
9.37 -53.8954 0.998895
9.38 -54.0899 1.0025
9.39 -54.0678 1.00209
9.4 -53.8704 0.998432
9.41 -53.8204 0.997506
9.42 -53.9904 1.00066
9.43 -54.0596 1.00194
9.44 -53.9707 1.00029
9.45 -53.8686 0.998399
9.46 -53.9002 0.998984
9.47 -54.0142 1.0011
9.48 -54.011 1.00104
9.49 -53.9264 0.999469
9.5 -53.8938 0.998866
9.51 -53.9522 0.999948
9.52 -54.0032 1.00089
9.53 -53.9713 1.0003
9.54 -53.9163 0.999283
9.55 -53.9249 0.999442
9.56 -53.9728 1.00033
9.57 -53.983 1.00052
9.58 -53.9477 0.999865
9.59 -53.9246 0.999436
9.6 -53.9473 0.999857
9.61 -53.9743 1.00036
9.62 -53.9648 1.00018
9.63 -53.9389 0.999702
9.64 -53.9376 0.999678
9.65 -53.9594 1.00008
9.66 -53.9674 1.00023
9.67 -53.9525 0.999954
9.68 -53.9406 0.999732
9.69 -53.9482 0.999874
9.7 -53.9612 1.00011
9.71 -53.9598 1.00009
9.72 -53.9484 0.999877
9.73 -53.9451 0.999816
9.74 -53.9537 0.999976
9.75 -53.9594 1.00008
9.76 -53.9543 0.999988
9.77 -53.9484 0.999877
9.78 -53.9504 0.999914
9.79 -53.9565 1.00003
9.8 -53.9573 1.00004
9.81 -53.9511 0.999928
9.82 -53.9508 0.999922
9.83 -53.9535 0.999973
9.84 -53.9567 1.00003
9.85 -53.9542 0.999985
9.86 -53.9508 0.999922
9.87 -53.9523 0.99995
9.88 -53.9547 0.999994
9.89 -53.9555 1.00001
9.9 -53.9527 0.999956
9.91 -53.9518 0.99994
9.92 -53.9533 0.999969
9.93 -53.9549 0.999998
9.94 -53.9541 0.999983
9.95 -53.9524 0.999952
9.96 -53.9527 0.999957
9.97 -53.9539 0.99998
9.98 -53.9544 0.999989
9.99 -53.9533 0.999969
10 -53.9526 0.999956
10.01 -53.9533 0.999968
10.02 -53.9894 1.00064
10.03 -53.9984 1.0008
10.04 -53.9399 0.999721
10.05 -53.9346 0.999622
10.06 -53.9674 1.00023
10.07 -53.9761 1.00039
10.08 -53.9935 1.00071
10.09 -53.9734 1.00034
10.1 -53.9333 0.999597
10.11 -53.95 0.999908
10.12 -54.0106 1.00103
10.13 -54.0037 1.0009
10.14 -53.9418 0.999755
10.15 -53.9252 0.999447
10.16 -53.9624 1.00014
10.17 -53.9873 1.0006
10.18 -53.9946 1.00073
10.19 -53.9517 0.99994
10.2 -53.9315 0.999564
10.21 -53.9503 0.999914
10.22 -53.9724 1.00032
10.23 -53.744 0.996089
10.24 -52.9177 0.980774
10.25 -51.8104 0.960253
10.26 -50.4229 0.934536
10.27 -48.7223 0.903018
10.28 -46.824 0.867834
10.29 -44.7021 0.828507
10.3 -42.4938 0.787579
10.31 -40.2874 0.746685
10.32 -38.2161 0.708296
10.33 -36.2813 0.672437
10.34 -34.5002 0.639426
10.35 -32.9345 0.610407
10.36 -31.5877 0.585445
10.37 -30.4662 0.564659
10.38 -29.5289 0.547287
10.39 -28.7392 0.532651
10.4 -28.0861 0.520546
10.41 -27.5373 0.510375
10.42 -27.0633 0.501591
10.43 -26.6242 0.493452
10.44 -26.1902 0.485408
10.45 -25.7696 0.477612
10.46 -25.3564 0.469954
10.47 -24.9507 0.462436
10.48 -24.5565 0.455129
10.49 -24.1905 0.448346
10.5 -23.8768 0.442532
10.51 -23.628 0.43792
10.52 -23.4511 0.434641
10.53 -23.3409 0.4326
10.54 -23.3557 0.432873
10.55 -24.5603 0.4552
10.56 -26.5337 0.491774
10.57 -29.3174 0.543368
10.58 -32.1363 0.595612
10.59 -34.8277 0.645496
10.6 -38.119 0.706496
10.61 -41.6012 0.771035
10.62 -44.9761 0.833586
10.63 -47.9517 0.888734
10.64 -50.6819 0.939336
10.65 -53.1394 0.984884
10.66 -54.1494 1.0036
10.67 -54.0392 1.00156
10.68 -53.7781 0.996721
10.69 -53.3383 0.98857
10.7 -53.7487 0.996176
10.71 -54.1955 1.00446
10.72 -53.9961 1.00076
10.73 -53.7078 0.995418
10.74 -53.6743 0.994797
10.75 -54.0106 1.00103
10.76 -54.1454 1.00353
10.77 -53.9402 0.999726
10.78 -53.7644 0.996467
10.79 -53.8963 0.998911
10.8 -54.0817 1.00235
10.81 -54.0537 1.00183
10.82 -53.8866 0.998731
10.83 -53.8409 0.997886
10.84 -53.9784 1.00043
10.85 -54.054 1.00184
10.86 -53.9719 1.00031
10.87 -53.8799 0.998609
10.88 -53.9108 0.99918
10.89 -54.0044 1.00092
10.9 -54.0095 1.00101
10.91 -53.9319 0.999572
10.92 -53.9033 0.999043
10.93 -53.9539 0.99998
10.94 -53.9992 1.00082
10.95 -53.9717 1.00031
10.96 -53.9234 0.999414
10.97 -53.93 0.999537
10.98 -53.9722 1.00032
10.99 -53.9823 1.00051
11 -53.9503 0.999914
11.01 -53.9304 0.999544
11.02 -53.9498 0.999904
11.03 -53.978 1.00043
11.04 -53.9749 1.00037
11.05 -53.944 0.999796
11.06 -53.9336 0.999604
11.07 -53.9585 1.00007
11.08 -53.9738 1.00035
11.09 -53.9617 1.00012
11.1 -53.9484 0.999878
11.11 -53.95 0.999907
11.12 -53.9599 1.00009
11.13 -53.9626 1.00014
11.14 -53.9599 1.00009
11.15 -53.9536 0.999973
11.16 -53.9518 0.99994
11.17 -53.9574 1.00005
11.18 -53.96 1.00009
11.19 -53.9566 1.00003
11.2 -53.9525 0.999953
11.21 -53.9543 0.999988
11.22 -53.9575 1.00005
11.23 -53.9575 1.00005
11.24 -53.9541 0.999984
11.25 -53.9642 1.00017
11.26 -53.9597 1.00009
11.27 -53.9523 0.99995
11.28 -53.9505 0.999917
11.29 -53.9574 1.00004
11.3 -53.9612 1.00012
11.31 -53.9105 0.999175
11.32 -53.795 0.997034
11.33 -53.6568 0.994473
11.34 -53.5092 0.991738
11.35 -53.3269 0.988358
11.36 -53.1175 0.984479
11.37 -52.8803 0.980081
11.38 -52.6231 0.975315
11.39 -52.3432 0.970127
11.4 -52.0348 0.964411
11.41 -51.7014 0.958233
11.42 -51.3459 0.951642
11.43 -50.9779 0.944823
11.44 -50.5976 0.937773
11.45 -50.2058 0.930513
11.46 -49.8049 0.923082
11.47 -49.4067 0.915702
11.48 -49.0138 0.908421
11.49 -48.6249 0.901212
11.5 -48.2473 0.894215
11.51 -47.8714 0.887247
11.52 -47.5074 0.880501
11.53 -47.1661 0.874174
11.54 -46.8381 0.868096
11.55 -46.5262 0.862314
11.56 -46.2229 0.856693
11.57 -45.9377 0.851407
11.58 -45.6733 0.846507
11.59 -45.4198 0.841809
11.6 -45.18 0.837365
11.61 -44.9511 0.833122
11.62 -44.7381 0.829175
11.63 -44.5401 0.825504
11.64 -44.352 0.822018
11.65 -44.1752 0.818742
11.66 -44.0107 0.815692
11.67 -43.8596 0.812893
11.68 -43.721 0.810324
11.69 -43.5929 0.80795
11.7 -43.4765 0.805791
11.71 -43.3735 0.803883
11.72 -43.2836 0.802216
11.73 -43.2059 0.800776
11.74 -43.1402 0.799559
11.75 -43.0875 0.798583
11.76 -43.0488 0.797865
11.77 -43.0235 0.797396
11.78 -43.0109 0.797162
11.79 -43.0107 0.797158
11.8 -43.0296 0.79751
11.81 -43.1363 0.799486
11.82 -43.3049 0.802612
11.83 -43.634 0.808711
11.84 -44.1255 0.81782
11.85 -44.6765 0.828032
11.86 -45.3105 0.839784
11.87 -46 0.852563
11.88 -46.7196 0.8659
11.89 -47.4996 0.880356
11.9 -48.4497 0.897965
11.91 -49.3076 0.913865
11.92 -50.0308 0.92727
11.93 -50.6648 0.93902
11.94 -51.1666 0.94832
11.95 -51.6114 0.956564
11.96 -51.9844 0.963477
11.97 -52.2912 0.969164
11.98 -52.5243 0.973484
11.99 -52.6948 0.976644
12 -52.8224 0.979008
12.01 -52.893 0.980317
12.02 -52.8899 0.980259
12.03 -52.8714 0.979917
12.04 -52.8772 0.980024
12.05 -52.8953 0.980359
12.06 -52.906 0.980558
12.07 -52.8936 0.980327
12.08 -52.8864 0.980194
12.09 -52.8947 0.980349
12.1 -52.9037 0.980516
12.11 -52.8997 0.980441
12.12 -52.8907 0.980274
12.13 -52.8912 0.980284
12.14 -52.8982 0.980414
12.15 -52.9012 0.980468
12.16 -52.8956 0.980366
12.17 -52.8916 0.98029
12.18 -52.8946 0.980347
12.19 -52.899 0.980429
12.2 -52.8983 0.980414
12.21 -52.8941 0.980338
12.22 -52.8933 0.980323
12.23 -52.8965 0.980382
12.24 -52.9041 0.980522
12.25 -52.9164 0.980751
12.26 -52.9 0.980447
12.27 -52.7936 0.978475
12.28 -52.6893 0.976542
12.29 -52.6038 0.974957
12.3 -52.4936 0.972915
12.31 -52.369 0.970604
12.32 -52.2315 0.968056
12.33 -52.1021 0.965659
12.34 -51.9739 0.963283
12.35 -51.8297 0.960609
12.36 -51.6712 0.957672
12.37 -51.5143 0.954763
12.38 -51.3606 0.951915
12.39 -51.2023 0.948982
12.4 -51.0314 0.945814
12.41 -50.8551 0.942546
12.42 -50.682 0.939339
12.43 -50.5086 0.936125
12.44 -50.3298 0.932811
12.45 -50.1443 0.929373
12.46 -49.9588 0.925935
12.47 -49.7758 0.922543
12.48 -49.5918 0.919132
12.49 -49.404 0.915652
12.5 -49.2146 0.912141
12.51 -49.0278 0.90868
12.52 -48.8435 0.905263
12.53 -48.6589 0.901842
12.54 -48.4738 0.898411
12.55 -48.2909 0.895023
12.56 -48.1124 0.891713
12.57 -47.9369 0.888461
12.58 -47.7632 0.885241
12.59 -47.5923 0.882074
12.6 -47.4265 0.879
12.61 -47.2661 0.876029
12.62 -47.1101 0.873137
12.63 -46.9584 0.870324
12.64 -46.8122 0.867615
12.65 -46.6729 0.865033
12.66 -46.5402 0.862574
12.67 -46.4135 0.860226
12.68 -46.2934 0.858001
12.69 -46.1811 0.85592
12.7 -46.0771 0.853991
12.71 -45.9809 0.852208
12.72 -45.8926 0.850571
12.73 -45.8128 0.849092
12.74 -45.7422 0.847784
12.75 -45.6808 0.846646
12.76 -45.6283 0.845674
12.77 -45.5849 0.84487
12.78 -45.5511 0.844243
12.79 -45.527 0.843796
12.8 -45.5124 0.843525
12.81 -45.5071 0.843426
12.82 -45.5095 0.843472
12.83 -45.523 0.843721
12.84 -45.5995 0.845139
12.85 -45.7084 0.847158
12.86 -45.9494 0.851625
12.87 -46.2801 0.857753
12.88 -46.6295 0.86423
12.89 -47.0403 0.871843
12.9 -47.4402 0.879256
12.91 -47.8369 0.886607
12.92 -48.2521 0.894303
12.93 -48.7414 0.903371
12.94 -49.2298 0.912423
12.95 -49.655 0.920305
12.96 -50.0488 0.927603
12.97 -50.3951 0.934022
12.98 -50.6911 0.939508
12.99 -50.9341 0.944011
13 -51.1285 0.947614
13.01 -51.2797 0.950417
13.02 -51.3788 0.952253
13.03 -51.4255 0.953118
13.04 -51.4194 0.953005
13.05 -51.3923 0.952503
13.06 -51.3992 0.952632
13.07 -51.419 0.952997
13.08 -51.4232 0.953076
13.09 -51.4123 0.952873
13.1 -51.4004 0.952653
13.11 -51.4102 0.952836
13.12 -51.4208 0.953032
13.13 -51.4162 0.952946
13.14 -51.4081 0.952795
13.15 -51.406 0.952756
13.16 -51.4142 0.952909
13.17 -51.4183 0.952985
13.18 -51.4122 0.952872
13.19 -51.4078 0.952791
13.2 -51.4102 0.952835
13.21 -51.4154 0.95293
13.22 -51.4152 0.952927
13.23 -51.4105 0.952841
13.24 -51.4093 0.952817
13.25 -51.4137 0.952899
13.26 -51.421 0.953034
13.27 -51.3856 0.952379
13.28 -51.2977 0.950749
13.29 -51.2174 0.949261
13.3 -51.1367 0.947766
13.31 -51.0424 0.946018
13.32 -50.9554 0.944405
13.33 -50.8546 0.942538
13.34 -50.7504 0.940606
13.35 -50.6472 0.938694
13.36 -50.537 0.936651
13.37 -50.4274 0.93462
13.38 -50.3125 0.932489
13.39 -50.1953 0.930318
13.4 -50.0789 0.92816
13.41 -49.9609 0.925973
13.42 -49.8414 0.923758
13.43 -49.7214 0.921534
13.44 -49.6012 0.919307
13.45 -49.4821 0.9171
13.46 -49.3637 0.914905
13.47 -49.2449 0.912703
13.48 -49.1277 0.91053
13.49 -49.0119 0.908385
13.5 -48.898 0.906273
13.51 -48.7858 0.904194
13.52 -48.6749 0.902138
13.53 -48.5665 0.900129
13.54 -48.4608 0.898171
13.55 -48.3576 0.896258
13.56 -48.257 0.894393
13.57 -48.1589 0.892576
13.58 -48.0642 0.89082
13.59 -47.973 0.889129
13.6 -47.8849 0.887497
13.61 -47.8003 0.885929
13.62 -47.7195 0.884431
13.63 -47.6427 0.883008
13.64 -47.5702 0.881664
13.65 -47.5017 0.880395
13.66 -47.4377 0.879208
13.67 -47.3783 0.878107
13.68 -47.3237 0.877096
13.69 -47.274 0.876175
13.7 -47.2292 0.875344
13.71 -47.1894 0.874607
13.72 -47.1549 0.873967
13.73 -47.1256 0.873424
13.74 -47.1015 0.872977
13.75 -47.0827 0.872628
13.76 -47.0692 0.872378
13.77 -47.061 0.872227
13.78 -47.0581 0.872173
13.79 -47.0588 0.872186
13.8 -47.0661 0.872321
13.81 -47.0889 0.872744
13.82 -47.138 0.873654
13.83 -47.2146 0.875074
13.84 -47.3736 0.87802
13.85 -47.5594 0.881464
13.86 -47.7653 0.885281
13.87 -48.0183 0.889968
13.88 -48.24 0.894077
13.89 -48.4583 0.898124
13.9 -48.692 0.902455
13.91 -48.9224 0.906726
13.92 -49.1594 0.911119
13.93 -49.3977 0.915536
13.94 -49.6066 0.919408
13.95 -49.8013 0.923015
13.96 -49.9766 0.926264
13.97 -50.1134 0.9288
13.98 -50.209 0.930572
13.99 -50.2739 0.931775
14 -50.318 0.932592
14.01 -50.3237 0.932698
14.02 -50.3053 0.932357
14.03 -50.2984 0.932228
14.04 -50.31 0.932444
14.05 -50.322 0.932665
14.06 -50.3173 0.932579
14.07 -50.3032 0.932317
14.08 -50.3049 0.932349
14.09 -50.3155 0.932545
14.1 -50.318 0.932592
14.11 -50.3114 0.932469
14.12 -50.3049 0.932349
14.13 -50.3097 0.932439
14.14 -50.3161 0.932557
14.15 -50.3143 0.932524
14.16 -50.3088 0.932422
14.17 -50.3078 0.932403
14.18 -50.3124 0.932488
14.19 -50.3148 0.932533
14.2 -50.3118 0.932477
14.21 -50.3087 0.93242
14.22 -50.3104 0.932452
14.23 -50.3128 0.932495
14.24 -50.2898 0.93207
14.25 -50.2263 0.930892
14.26 -50.1453 0.929391
14.27 -50.0848 0.92827
14.28 -50.0399 0.927438
14.29 -49.9753 0.926241
14.3 -49.8928 0.924711
14.31 -49.8135 0.923241
14.32 -49.7515 0.922093
14.33 -49.6895 0.920944
14.34 -49.6122 0.919511
14.35 -49.5317 0.918018
14.36 -49.4594 0.916678
14.37 -49.3958 0.9155
14.38 -49.327 0.914225
14.39 -49.2508 0.912813
14.4 -49.1779 0.911461
14.41 -49.1126 0.91025
14.42 -49.0504 0.909099
14.43 -48.9837 0.907862
14.44 -48.9155 0.906599
14.45 -48.8532 0.905444
14.46 -48.7961 0.904386
14.47 -48.7395 0.903336
14.48 -48.6808 0.902248
14.49 -48.6244 0.901202
14.5 -48.5735 0.90026
14.51 -48.5257 0.899374
14.52 -48.4779 0.898487
14.53 -48.4307 0.897612
14.54 -48.3874 0.896809
14.55 -48.3484 0.896088
14.56 -48.3114 0.895402
14.57 -48.2753 0.894732
14.58 -48.2415 0.894107
14.59 -48.2119 0.893558
14.6 -48.1857 0.893071
14.61 -48.1611 0.892617
14.62 -48.1385 0.892197
14.63 -48.1192 0.891839
14.64 -48.1035 0.891549
14.65 -48.0905 0.891308
14.66 -48.0795 0.891105
14.67 -48.0712 0.890949
14.68 -48.0662 0.890857
14.69 -48.0643 0.890822
14.7 -48.064 0.890817
14.71 -48.0665 0.890863
14.72 -48.0711 0.890949
14.73 -48.0828 0.891166
14.74 -48.1131 0.891726
14.75 -48.1526 0.892458
14.76 -48.2052 0.893434
14.77 -48.3059 0.895299
14.78 -48.4034 0.897107
14.79 -48.522 0.899305
14.8 -48.6665 0.901984
14.81 -48.7838 0.904157
14.82 -48.8922 0.906167
14.83 -49.0049 0.908255
14.84 -49.1254 0.910489
14.85 -49.2332 0.912487
14.86 -49.317 0.914039
14.87 -49.3848 0.915296
14.88 -49.4538 0.916575
14.89 -49.5152 0.917713
14.9 -49.5543 0.918438
14.91 -49.574 0.918803
14.92 -49.5823 0.918957
14.93 -49.5848 0.919002
14.94 -49.582 0.918951
14.95 -49.5805 0.918923
14.96 -49.5813 0.918939
14.97 -49.5833 0.918976
14.98 -49.5834 0.918977
14.99 -49.5815 0.918942
15 -49.5809 0.918931
15.01 -49.5823 0.918957
15.02 -49.5832 0.918973
15.03 -49.5824 0.918959
15.04 -49.5814 0.918941
15.05 -49.5816 0.918943
15.06 -49.5827 0.918963
15.07 -49.5828 0.918965
15.08 -49.582 0.918951
15.09 -49.5816 0.918944
15.1 -49.5821 0.918953
15.11 -49.5826 0.918963
15.12 -49.5824 0.918958
15.13 -49.5819 0.918949
15.14 -49.5809 0.918931
15.15 -49.5791 0.918897
15.16 -49.5677 0.918687
15.17 -49.5397 0.918168
15.18 -49.4989 0.917411
15.19 -49.4592 0.916675
15.2 -49.4359 0.916244
15.21 -49.4138 0.915834
15.22 -49.3771 0.915153
15.23 -49.3342 0.914358
15.24 -49.297 0.913668
15.25 -49.268 0.913132
15.26 -49.2337 0.912496
15.27 -49.1911 0.911706
15.28 -49.1494 0.910933
15.29 -49.114 0.910277
15.3 -49.0818 0.90968
15.31 -49.0447 0.908993
15.32 -49.0053 0.908262
15.33 -48.9701 0.90761
15.34 -48.9398 0.907049
15.35 -48.91 0.906496
15.36 -48.8777 0.905898
15.37 -48.8468 0.905325
15.38 -48.8206 0.904839
15.39 -48.7973 0.904407
15.4 -48.7737 0.90397
15.41 -48.7501 0.903532
15.42 -48.7293 0.903148
15.43 -48.7123 0.902832
15.44 -48.6968 0.902545
15.45 -48.6814 0.902259
15.46 -48.6674 0.902
15.47 -48.6564 0.901796
15.48 -48.6479 0.901638
15.49 -48.6403 0.901497
15.5 -48.6334 0.901369
15.51 -48.6284 0.901278
15.52 -48.626 0.901233
15.53 -48.6252 0.901217
15.54 -48.6247 0.901208
15.55 -48.6254 0.901221
15.56 -48.6268 0.901248
15.57 -48.6293 0.901294
15.58 -48.6358 0.901414
15.59 -48.6521 0.901716
15.6 -48.6741 0.902124
15.61 -48.7021 0.902643
15.62 -48.732 0.903198
15.63 -48.7775 0.90404
15.64 -48.8399 0.905197
15.65 -48.9057 0.906416
15.66 -48.9796 0.907786
15.67 -49.0487 0.909068
15.68 -49.1014 0.910044
15.69 -49.1528 0.910996
15.7 -49.2085 0.912028
15.71 -49.2586 0.912957
15.72 -49.2957 0.913645
15.73 -49.3214 0.91412
15.74 -49.3443 0.914545
15.75 -49.3648 0.914925
15.76 -49.3754 0.915122
15.77 -49.3724 0.915067
15.78 -49.3655 0.914938
15.79 -49.3657 0.914941
15.8 -49.3717 0.915053
15.81 -49.3739 0.915094
15.82 -49.3694 0.915011
15.83 -49.3661 0.914949
15.84 -49.3686 0.914996
15.85 -49.3723 0.915064
15.86 -49.3715 0.91505
15.87 -49.3682 0.914988
15.88 -49.3675 0.914976
15.89 -49.3702 0.915025
15.9 -49.3716 0.915052
15.91 -49.37 0.915021
15.92 -49.3681 0.914987
15.93 -49.3689 0.915001
15.94 -49.3707 0.915034
15.95 -49.3707 0.915035
15.96 -49.3692 0.915007
15.97 -49.3686 0.914997
15.98 -49.3697 0.915016
15.99 -49.3704 0.915029
16 -49.3701 0.915024
16.01 -49.3682 0.914988
16.02 -49.3556 0.914754
16.03 -49.3245 0.914179
16.04 -49.2888 0.913516
16.05 -49.2622 0.913023
16.06 -49.2416 0.912641
16.07 -49.219 0.912224
16.08 -49.1907 0.911699
16.09 -49.1632 0.911189
16.1 -49.1426 0.910807
16.11 -49.1251 0.910483
16.12 -49.1042 0.910096
16.13 -49.0817 0.909678
16.14 -49.0627 0.909326
16.15 -49.048 0.909053
16.16 -49.0338 0.908791
16.17 -49.0173 0.908485
16.18 -49.0016 0.908194
16.19 -48.9895 0.90797
16.2 -48.9795 0.907784
16.21 -48.9689 0.907587
16.22 -48.9576 0.907378
16.23 -48.9481 0.907203
16.24 -48.9413 0.907077
16.25 -48.9352 0.906964
16.26 -48.9287 0.906842
16.27 -48.9226 0.906731
16.28 -48.9186 0.906655
16.29 -48.9161 0.906609
16.3 -48.9138 0.906567
16.31 -48.9116 0.906526
16.32 -48.9109 0.906513
16.33 -48.9117 0.906529
16.34 -48.9122 0.906536
16.35 -48.9115 0.906524
16.36 -48.913 0.906552
16.37 -48.9176 0.906636
16.38 -48.924 0.906756
16.39 -48.9351 0.906962
16.4 -48.9534 0.9073
16.41 -48.9744 0.907689
16.42 -48.9915 0.908007
16.43 -49.0055 0.908266
16.44 -49.0353 0.908819
16.45 -49.078 0.909611
16.46 -49.1166 0.910325
16.47 -49.1498 0.910941
16.48 -49.1809 0.911517
16.49 -49.2116 0.912087
16.5 -49.2369 0.912556
16.51 -49.2564 0.912916
16.52 -49.2715 0.913196
16.53 -49.2827 0.913404
16.54 -49.2878 0.913498
16.55 -49.2855 0.913456
16.56 -49.2856 0.913458
16.57 -49.292 0.913575
16.58 -49.2937 0.913607
16.59 -49.2888 0.913517
16.6 -49.2863 0.913471
16.61 -49.2887 0.913516
16.62 -49.2921 0.913578
16.63 -49.2914 0.913564
16.64 -49.2879 0.9135
16.65 -49.2877 0.913496
16.66 -49.2903 0.913544
16.67 -49.2914 0.913565
16.68 -49.2898 0.913535
16.69 -49.2881 0.913503
16.7 -49.2889 0.913519
16.71 -49.2907 0.913551
16.72 -49.2905 0.913548
16.73 -49.2891 0.913522
16.74 -49.2886 0.913514
16.75 -49.2897 0.913533
16.76 -49.2905 0.913547
16.77 -49.2898 0.913536
16.78 -49.2889 0.913518
16.79 -49.2887 0.913516
16.8 -49.2881 0.913503
16.81 -49.2808 0.913368
16.82 -49.2641 0.91306
16.83 -49.2423 0.912655
16.84 -49.2256 0.912345
16.85 -49.2155 0.912158
16.86 -49.2028 0.911923
16.87 -49.1852 0.911598
16.88 -49.168 0.911277
16.89 -49.156 0.911056
16.9 -49.1469 0.910887
16.91 -49.1348 0.910663
16.92 -49.121 0.910408
16.93 -49.1101 0.910204
16.94 -49.1028 0.910069
16.95 -49.0959 0.909942
16.96 -49.0871 0.909779
16.97 -49.0788 0.909625
16.98 -49.0734 0.909525
16.99 -49.0699 0.909459
17 -49.0658 0.909383
17.01 -49.061 0.909294
17.02 -49.0576 0.909232
17.03 -49.0563 0.909207
17.04 -49.0556 0.909194
17.05 -49.0546 0.909176
17.06 -49.0542 0.909169
17.07 -49.0541 0.909167
17.08 -49.0539 0.909163
17.09 -49.0543 0.909171
17.1 -49.0557 0.909196
17.11 -49.0579 0.909238
17.12 -49.0604 0.909284
17.13 -49.0647 0.909363
17.14 -49.0724 0.909506
17.15 -49.085 0.909739
17.16 -49.1003 0.910024
17.17 -49.1125 0.910249
17.18 -49.1216 0.910419
17.19 -49.1326 0.910621
17.2 -49.146 0.910871
17.21 -49.1648 0.911218
17.22 -49.1844 0.911581
17.23 -49.2014 0.911897
17.24 -49.2177 0.912199
17.25 -49.2324 0.912471
17.26 -49.2432 0.912671
17.27 -49.2493 0.912784
17.28 -49.2514 0.912825
17.29 -49.2515 0.912826
17.3 -49.2531 0.912854
17.31 -49.2557 0.912903
17.32 -49.2557 0.912902
17.33 -49.2533 0.912858
17.34 -49.2527 0.912848
17.35 -49.2543 0.912877
17.36 -49.2554 0.912898
17.37 -49.2546 0.912882
17.38 -49.2531 0.912856
17.39 -49.2535 0.912863
17.4 -49.2547 0.912885
17.41 -49.2549 0.912888
17.42 -49.254 0.912871
17.43 -49.2534 0.912861
17.44 -49.2541 0.912873
17.45 -49.2547 0.912885
17.46 -49.2544 0.912879
17.47 -49.2538 0.912868
17.48 -49.2538 0.912868
17.49 -49.2543 0.912878
17.5 -49.2545 0.912881
17.51 -49.2541 0.912874
17.52 -49.2538 0.912868
17.53 -49.2538 0.912868
17.54 -49.2537 0.912866
17.55 -49.251 0.912816
17.56 -49.2435 0.912677
17.57 -49.231 0.912445
17.58 -49.2173 0.912191
17.59 -49.2081 0.912021
17.6 -49.2021 0.91191
17.61 -49.1931 0.911744
17.62 -49.1815 0.911529
17.63 -49.1718 0.911349
17.64 -49.1657 0.911236
17.65 -49.1604 0.911136
17.66 -49.1528 0.910996
17.67 -49.1451 0.910853
17.68 -49.14 0.910759
17.69 -49.137 0.910704
17.7 -49.1336 0.91064
17.71 -49.1292 0.910559
17.72 -49.1259 0.910498
17.73 -49.1247 0.910476
17.74 -49.1243 0.910468
17.75 -49.1237 0.910456
17.76 -49.123 0.910443
17.77 -49.1226 0.910437
17.78 -49.1229 0.910442
17.79 -49.1231 0.910446
17.8 -49.1239 0.91046
17.81 -49.1258 0.910495
17.82 -49.1283 0.910542
17.83 -49.1303 0.91058
17.84 -49.1349 0.910665
17.85 -49.1426 0.910808
17.86 -49.1527 0.910994
17.87 -49.1643 0.911208
17.88 -49.1731 0.911373
17.89 -49.1798 0.911497
17.9 -49.1882 0.911653
17.91 -49.1978 0.911831
17.92 -49.2059 0.911981
17.93 -49.2113 0.91208
17.94 -49.2157 0.912162
17.95 -49.2229 0.912295
17.96 -49.231 0.912445
17.97 -49.2327 0.912477
17.98 -49.2329 0.912481
17.99 -49.2354 0.912527
18 -49.2387 0.912588
18.01 -49.2398 0.912608
18.02 -49.2371 0.912558
18.03 -49.2354 0.912526
18.04 -49.237 0.912557
18.05 -49.239 0.912594
18.06 -49.2383 0.912581
18.07 -49.2365 0.912547
18.08 -49.2363 0.912543
18.09 -49.2378 0.912572
18.1 -49.2385 0.912585
18.11 -49.2375 0.912565
18.12 -49.2365 0.912548
18.13 -49.237 0.912558
18.14 -49.238 0.912576
18.15 -49.238 0.912575
18.16 -49.2371 0.912559
18.17 -49.2368 0.912554
18.18 -49.2375 0.912566
18.19 -49.2379 0.912574
18.2 -49.2375 0.912567
18.21 -49.2371 0.912558
18.22 -49.2372 0.91256
18.23 -49.2373 0.912563
18.24 -49.237 0.912556
18.25 -49.2347 0.912515
18.26 -49.2297 0.912421
18.27 -49.2211 0.912263
18.28 -49.2126 0.912104
18.29 -49.2074 0.912008
18.3 -49.2039 0.911943
18.31 -49.1984 0.911842
18.32 -49.1915 0.911713
18.33 -49.1861 0.911614
18.34 -49.1831 0.911558
18.35 -49.1803 0.911506
18.36 -49.176 0.911426
18.37 -49.1719 0.911351
18.38 -49.1696 0.911307
18.39 -49.1685 0.911287
18.4 -49.167 0.91126
18.41 -49.1656 0.911233
18.42 -49.1652 0.911226
18.43 -49.1651 0.911224
18.44 -49.1644 0.911211
18.45 -49.1637 0.911198
18.46 -49.164 0.911203
18.47 -49.1652 0.911226
18.48 -49.1665 0.911251
18.49 -49.1675 0.911268
18.5 -49.169 0.911296
18.51 -49.171 0.911333
18.52 -49.1753 0.911414
18.53 -49.1818 0.911534
18.54 -49.1885 0.911658
18.55 -49.1972 0.911818
18.56 -49.2061 0.911984
18.57 -49.2121 0.912095
18.58 -49.2176 0.912197
18.59 -49.2242 0.91232
18.6 -49.2308 0.912441
18.61 -49.2358 0.912535
18.62 -49.2388 0.91259
18.63 -49.2403 0.912617
18.64 -49.2405 0.912622
18.65 -49.2426 0.91266
18.66 -49.2462 0.912726
18.67 -49.247 0.912743
18.68 -49.245 0.912706
18.69 -49.2433 0.912674
18.7 -49.2446 0.912698
18.71 -49.2464 0.912732
18.72 -49.246 0.912723
18.73 -49.2444 0.912694
18.74 -49.2441 0.912688
18.75 -49.2454 0.912712
18.76 -49.2461 0.912725
18.77 -49.2453 0.91271
18.78 -49.2444 0.912694
18.79 -49.2447 0.9127
18.8 -49.2456 0.912717
18.81 -49.2456 0.912717
18.82 -49.2449 0.912703
18.83 -49.2446 0.912698
18.84 -49.2451 0.912708
18.85 -49.2456 0.912715
18.86 -49.2453 0.91271
18.87 -49.2448 0.912702
18.88 -49.2449 0.912703
18.89 -49.2453 0.91271
18.9 -49.2452 0.912708
18.91 -49.2446 0.912698
18.92 -49.2442 0.912691
18.93 -49.2429 0.912666
18.94 -49.2389 0.912593
18.95 -49.2316 0.912457
18.96 -49.2253 0.91234
18.97 -49.2229 0.912295
18.98 -49.2206 0.912253
18.99 -49.2159 0.912165
19 -49.2104 0.912063
19.01 -49.207 0.912
19.02 -49.2055 0.911974
19.03 -49.2033 0.911933
19.04 -49.1997 0.911866
19.05 -49.1968 0.911812
19.06 -49.1957 0.911792
19.07 -49.196 0.911798
19.08 -49.1957 0.911791
19.09 -49.1939 0.911758
19.1 -49.1922 0.911727
19.11 -49.1922 0.911726
19.12 -49.1933 0.911748
19.13 -49.1935 0.91175
19.14 -49.1929 0.911739
19.15 -49.1937 0.911754
19.16 -49.1961 0.911799
19.17 -49.1981 0.911836
19.18 -49.1991 0.911854
19.19 -49.2009 0.911888
19.2 -49.2064 0.911989
19.21 -49.2138 0.912126
19.22 -49.2214 0.912268
19.23 -49.2281 0.912393
19.24 -49.2324 0.912472
19.25 -49.2374 0.912564
19.26 -49.2436 0.912679
19.27 -49.2487 0.912774
19.28 -49.2519 0.912833
19.29 -49.2526 0.912847
19.3 -49.2527 0.912848
19.31 -49.255 0.912891
19.32 -49.259 0.912965
19.33 -49.2601 0.912985
19.34 -49.2579 0.912945
19.35 -49.2565 0.912918
19.36 -49.2576 0.912938
19.37 -49.2594 0.912971
19.38 -49.259 0.912965
19.39 -49.2574 0.912934
19.4 -49.2572 0.91293
19.41 -49.2584 0.912953
19.42 -49.259 0.912965
19.43 -49.2583 0.912951
19.44 -49.2574 0.912935
19.45 -49.2578 0.912942
19.46 -49.2586 0.912957
19.47 -49.2586 0.912957
19.48 -49.2579 0.912944
19.49 -49.2576 0.912939
19.5 -49.2581 0.912949
19.51 -49.2585 0.912956
19.52 -49.2583 0.912951
19.53 -49.2578 0.912943
19.54 -49.2579 0.912944
19.55 -49.2583 0.912951
19.56 -49.2583 0.912951
19.57 -49.2579 0.912943
19.58 -49.2575 0.912937
19.59 -49.2576 0.912939
19.6 -49.2564 0.912916
19.61 -49.2507 0.912811
19.62 -49.2434 0.912675
19.63 -49.2391 0.912596
19.64 -49.237 0.912557
19.65 -49.2338 0.912498
19.66 -49.2286 0.912402
19.67 -49.2241 0.912318
19.68 -49.2219 0.912277
19.69 -49.2205 0.912251
19.7 -49.2178 0.912202
19.71 -49.2146 0.912142
19.72 -49.2128 0.912109
19.73 -49.2132 0.912115
19.74 -49.2135 0.912121
19.75 -49.2119 0.912092
19.76 -49.21 0.912057
19.77 -49.2097 0.91205
19.78 -49.211 0.912075
19.79 -49.2115 0.912085
19.8 -49.2106 0.912068
19.81 -49.2108 0.91207
19.82 -49.2129 0.912111
19.83 -49.2155 0.912158
19.84 -49.2166 0.912178
19.85 -49.2168 0.912183
19.86 -49.22 0.912241
19.87 -49.2263 0.912358
19.88 -49.2325 0.912473
19.89 -49.2381 0.912578
19.9 -49.2434 0.912676
19.91 -49.2477 0.912755
19.92 -49.2522 0.912839
19.93 -49.2566 0.91292
19.94 -49.2583 0.912952
19.95 -49.2583 0.912951
19.96 -49.26 0.912983
19.97 -49.2646 0.913068
19.98 -49.2674 0.91312
19.99 -49.266 0.913095
20 -49.2641 0.913059
