0.01 -0.000240669 2.58242e-06
0.02 -0.00547672 5.87662e-05
0.03 -0.0438458 0.000470473
0.04 -0.1423 0.00152691
0.05 -0.378824 0.00406485
0.06 -0.833182 0.0089402
0.07 -1.43727 0.0154221
0.08 -2.16558 0.0232371
0.09 -3.45107 0.0370306
0.1 -4.87993 0.0523626
0.11 -6.41949 0.0688823
0.12 -8.07022 0.086595
0.13 -9.39176 0.100775
0.14 -10.5389 0.113085
0.15 -11.9257 0.127965
0.16 -14.3222 0.15368
0.17 -16.5268 0.177336
0.18 -18.4153 0.197599
0.19 -19.9714 0.214297
0.2 -20.7282 0.222418
0.21 -21.4627 0.230299
0.22 -22.3521 0.239843
0.23 -23.199 0.248929
0.24 -23.6786 0.254076
0.25 -24.022 0.257761
0.26 -24.5486 0.263411
0.27 -25.2731 0.271186
0.28 -25.8475 0.277349
0.29 -26.1276 0.280354
0.3 -26.3823 0.283087
0.31 -26.6803 0.286284
0.32 -26.9627 0.289315
0.33 -27.1337 0.291149
0.34 -27.2121 0.291991
0.35 -27.3202 0.293151
0.36 -27.4707 0.294766
0.37 -27.5678 0.295808
0.38 -27.5892 0.296037
0.39 -27.5882 0.296027
0.4 -27.6156 0.29632
0.41 -27.6467 0.296654
0.42 -27.642 0.296604
0.43 -27.6132 0.296295
0.44 -27.6122 0.296284
0.45 -27.6435 0.29662
0.46 -27.6727 0.296933
0.47 -27.7012 0.29724
0.48 -27.7433 0.29769
0.49 -27.8269 0.298588
0.5 -27.951 0.299919
0.51 -28.1334 0.301877
0.52 -28.3682 0.304396
0.53 -28.6706 0.307641
0.54 -29.0408 0.311613
0.55 -29.4201 0.315683
0.56 -29.8113 0.319881
0.57 -30.2716 0.32482
0.58 -30.8565 0.331096
0.59 -31.5148 0.33816
0.6 -32.1949 0.345457
0.61 -32.8636 0.352633
0.62 -33.5146 0.359618
0.63 -34.196 0.36693
0.64 -34.8778 0.374245
0.65 -35.5025 0.380948
0.66 -36.0537 0.386863
0.67 -36.6002 0.392727
0.68 -37.1546 0.398676
0.69 -37.6892 0.404412
0.7 -38.1849 0.409731
0.71 -38.6255 0.414459
0.72 -39.0313 0.418813
0.73 -39.401 0.42278
0.74 -39.7175 0.426176
0.75 -39.9652 0.428835
0.76 -40.1529 0.430848
0.77 -40.2926 0.432347
0.78 -40.3808 0.433294
0.79 -40.4167 0.433678
0.8 -40.4243 0.43376
0.81 -40.424 0.433758
0.82 -40.4159 0.433671
0.83 -40.383 0.433318
0.84 -40.3119 0.432554
0.85 -40.2049 0.431406
0.86 -40.0721 0.429981
0.87 -39.9214 0.428364
0.88 -39.7491 0.426515
0.89 -39.5557 0.424441
0.9 -39.349 0.422222
0.91 -39.139 0.419969
0.92 -38.9298 0.417724
0.93 -38.7227 0.415502
0.94 -38.5222 0.41335
0.95 -38.3364 0.411357
0.96 -38.1729 0.409602
0.97 -38.0344 0.408117
0.98 -37.9218 0.406909
0.99 -37.8394 0.406024
1 -37.7936 0.405533
1.01 -37.7855 0.405445
1.02 -37.808 0.405687
1.03 -37.9554 0.407268
1.04 -38.3264 0.41125
1.05 -38.7853 0.416173
1.06 -39.8335 0.427421
1.07 -41.4171 0.444413
1.08 -41.7229 0.447694
1.09 -41.7956 0.448474
1.1 -41.6974 0.447421
1.11 -41.789 0.448404
1.12 -42.2706 0.453572
1.13 -42.4737 0.455751
1.14 -42.779 0.459027
1.15 -43.1801 0.463331
1.16 -43.7062 0.468976
1.17 -44.3676 0.476073
1.18 -45.1315 0.48427
1.19 -45.8379 0.491849
1.2 -46.7022 0.501123
1.21 -47.6124 0.510891
1.22 -48.4302 0.519665
1.23 -49.2647 0.52862
1.24 -50.1464 0.538081
1.25 -51.0387 0.547655
1.26 -51.9487 0.55742
1.27 -52.7727 0.566261
1.28 -53.5509 0.574611
1.29 -54.3197 0.58286
1.3 -55.0034 0.590197
1.31 -55.6389 0.597016
1.32 -56.1642 0.602652
1.33 -56.6288 0.607637
1.34 -57.0358 0.612005
1.35 -57.3595 0.615478
1.36 -57.6108 0.618175
1.37 -57.7891 0.620088
1.38 -57.9234 0.621529
1.39 -58.0284 0.622655
1.4 -58.111 0.623542
1.41 -58.1804 0.624286
1.42 -58.253 0.625066
1.43 -58.3236 0.625824
1.44 -58.3775 0.626402
1.45 -58.4149 0.626803
1.46 -58.4469 0.627146
1.47 -58.4796 0.627497
1.48 -58.5051 0.627771
1.49 -58.5169 0.627897
1.5 -58.5196 0.627927
1.51 -58.5202 0.627933
1.52 -58.5233 0.627966
1.53 -58.5269 0.628005
1.54 -58.5297 0.628035
1.55 -58.5429 0.628176
1.56 -58.5718 0.628487
1.57 -58.6135 0.628933
1.58 -58.6965 0.629825
1.59 -58.8243 0.631196
1.6 -58.9977 0.633056
1.61 -59.2234 0.635478
1.62 -59.4804 0.638236
1.63 -59.8098 0.641771
1.64 -60.2428 0.646417
1.65 -60.7547 0.65191
1.66 -61.3317 0.6581
1.67 -61.9334 0.664557
1.68 -62.5498 0.671171
1.69 -63.1523 0.677637
1.7 -63.7572 0.684127
1.71 -64.3707 0.69071
1.72 -64.9801 0.697249
1.73 -65.5724 0.703605
1.74 -66.1183 0.709462
1.75 -66.6085 0.714721
1.76 -67.0191 0.719127
1.77 -67.3478 0.722655
1.78 -67.5893 0.725246
1.79 -67.7356 0.726816
1.8 -67.7847 0.727343
1.81 -67.6604 0.726009
1.82 -67.4197 0.723426
1.83 -67.1314 0.720332
1.84 -66.7539 0.716282
1.85 -66.3156 0.711579
1.86 -65.8117 0.706172
1.87 -65.2377 0.700013
1.88 -64.6075 0.693251
1.89 -63.9393 0.686081
1.9 -63.2642 0.678837
1.91 -62.5889 0.671591
1.92 -61.9136 0.664344
1.93 -61.2446 0.657166
1.94 -60.5936 0.650181
1.95 -59.967 0.643458
1.96 -59.3685 0.637035
1.97 -58.8023 0.63096
1.98 -58.2766 0.625319
1.99 -57.7988 0.620192
2 -57.3712 0.615604
2.01 -56.9973 0.611592
2.02 -56.6842 0.608233
2.03 -56.4345 0.605553
2.04 -56.2493 0.603566
2.05 -56.1293 0.602278
2.06 -56.077 0.601716
2.07 -56.0879 0.601834
2.08 -56.2308 0.603367
2.09 -56.6688 0.608067
2.1 -57.1755 0.613504
2.11 -58.1736 0.624214
2.12 -59.8457 0.642155
2.13 -61.4587 0.659464
2.14 -63.3016 0.679238
2.15 -65.7848 0.705884
2.16 -69.3102 0.743712
2.17 -70.1851 0.7531
2.18 -70.1633 0.752866
2.19 -70.0318 0.751454
2.2 -70.1236 0.75244
2.21 -71.1026 0.762945
2.22 -71.4287 0.766443
2.23 -71.7587 0.769984
2.24 -72.2097 0.774824
2.25 -72.7775 0.780916
2.26 -73.2938 0.786456
2.27 -73.9789 0.793808
2.28 -74.6589 0.801104
2.29 -75.2055 0.806969
2.3 -75.5731 0.810914
2.31 -76.0363 0.815884
2.32 -76.6498 0.822466
2.33 -77.0665 0.826938
2.34 -77.3005 0.829449
2.35 -77.4785 0.831359
2.36 -77.723 0.833983
2.37 -77.9442 0.836356
2.38 -78.0604 0.837603
2.39 -78.0944 0.837968
2.4 -78.197 0.839069
2.41 -78.3541 0.840754
2.42 -78.469 0.841988
2.43 -78.5186 0.842519
2.44 -78.5456 0.842809
2.45 -78.6269 0.843681
2.46 -78.714 0.844616
2.47 -78.7553 0.845059
2.48 -78.7622 0.845134
2.49 -78.7789 0.845312
2.5 -78.8268 0.845826
2.51 -78.8619 0.846203
2.52 -78.8614 0.846197
2.53 -78.8529 0.846107
2.54 -78.8619 0.846203
2.55 -78.881 0.846408
2.56 -78.8832 0.846432
2.57 -78.8708 0.846298
2.58 -78.8763 0.846358
2.59 -78.9149 0.846772
2.6 -78.9929 0.847609
2.61 -79.104 0.848801
2.62 -79.245 0.850313
2.63 -79.4527 0.852542
2.64 -79.7276 0.855492
2.65 -80.0478 0.858928
2.66 -80.3955 0.862659
2.67 -80.7579 0.866548
2.68 -81.1201 0.870434
2.69 -81.4815 0.874312
2.7 -81.8322 0.878075
2.71 -82.1549 0.881538
2.72 -82.4387 0.884583
2.73 -82.6646 0.887007
2.74 -82.8149 0.88862
2.75 -82.8785 0.889302
2.76 -82.8221 0.888697
2.77 -82.6721 0.887088
2.78 -82.4469 0.884671
2.79 -82.1263 0.881231
2.8 -81.7171 0.87684
2.81 -81.1688 0.870957
2.82 -80.4988 0.863767
2.83 -79.7377 0.8556
2.84 -78.9305 0.846939
2.85 -78.0763 0.837774
2.86 -77.1548 0.827885
2.87 -76.2005 0.817646
2.88 -75.2305 0.807237
2.89 -74.2514 0.796732
2.9 -73.2556 0.786046
2.91 -72.2576 0.775337
2.92 -71.2873 0.764927
2.93 -70.3646 0.755026
2.94 -69.4935 0.745679
2.95 -68.6603 0.736739
2.96 -67.8816 0.728383
2.97 -67.1894 0.720955
2.98 -66.5965 0.714593
2.99 -66.0817 0.709069
3 -65.6241 0.704159
3.01 -65.2612 0.700265
3.02 -65.0148 0.697621
3.03 -64.8624 0.695986
3.04 -64.778 0.695081
3.05 -64.7644 0.694934
3.06 -64.9349 0.696763
3.07 -65.5553 0.70342
3.08 -66.2263 0.710621
3.09 -67.2636 0.721751
3.1 -68.9437 0.739779
3.11 -70.7042 0.758669
3.12 -72.3917 0.776777
3.13 -73.7726 0.791593
3.14 -75.1176 0.806026
3.15 -77.5713 0.832355
3.16 -80.8895 0.86796
3.17 -84.2295 0.903798
3.18 -84.8432 0.910383
3.19 -84.3632 0.905233
3.2 -84.8678 0.910648
3.21 -84.7866 0.909776
3.22 -85.061 0.91272
3.23 -85.3628 0.915959
3.24 -85.5105 0.917543
3.25 -85.8916 0.921633
3.26 -86.2593 0.925578
3.27 -86.4482 0.927605
3.28 -86.5279 0.928461
3.29 -86.8744 0.932179
3.3 -87.3089 0.936841
3.31 -87.5953 0.939914
3.32 -87.5489 0.939416
3.33 -87.5108 0.939007
3.34 -87.7617 0.9417
3.35 -88.0268 0.944544
3.36 -88.0733 0.945043
3.37 -87.9452 0.943668
3.38 -88.0117 0.944383
3.39 -88.2792 0.947253
3.4 -88.4161 0.948721
3.41 -88.3217 0.947708
3.42 -88.2056 0.946463
3.43 -88.3479 0.947989
3.44 -88.5275 0.949917
3.45 -88.5007 0.949629
3.46 -88.4027 0.948577
3.47 -88.38 0.948334
3.48 -88.4852 0.949463
3.49 -88.5486 0.950144
3.5 -88.4718 0.949319
3.51 -88.4091 0.948646
3.52 -88.44 0.948978
3.53 -88.506 0.949686
3.54 -88.5077 0.949704
3.55 -88.445 0.949031
3.56 -88.427 0.948839
3.57 -88.4701 0.949301
3.58 -88.5536 0.950197
3.59 -88.5698 0.95037
3.6 -88.5697 0.950369
3.61 -88.6567 0.951303
3.62 -88.805 0.952894
3.63 -88.9824 0.954798
3.64 -89.1507 0.956604
3.65 -89.3271 0.958496
3.66 -89.5301 0.960675
3.67 -89.7305 0.962825
3.68 -89.8843 0.964476
3.69 -89.9831 0.965536
3.7 -90.0332 0.966073
3.71 -90.0487 0.96624
3.72 -90.0526 0.966281
3.73 -90.0476 0.966228
3.74 -90.0449 0.966198
3.75 -90.0465 0.966216
3.76 -90.0482 0.966235
3.77 -90.0489 0.966242
3.78 -90.0455 0.966205
3.79 -90.0437 0.966186
3.8 -90.0467 0.966218
3.81 -90.0501 0.966255
3.82 -90.0477 0.966229
3.83 -90.0438 0.966187
3.84 -90.0442 0.966192
3.85 -90.0465 0.966216
3.86 -90.0484 0.966236
3.87 -90.047 0.966221
3.88 -90.0445 0.966194
3.89 -90.0445 0.966194
3.9 -90.0461 0.966212
3.91 -90.047 0.966221
3.92 -90.0082 0.965805
3.93 -89.7931 0.963497
3.94 -89.3539 0.958785
3.95 -88.71 0.951875
3.96 -87.8822 0.942993
3.97 -86.9183 0.93265
3.98 -85.873 0.921433
3.99 -84.7788 0.909693
4 -83.6738 0.897836
4.01 -82.5853 0.886156
4.02 -81.496 0.874468
4.03 -80.4524 0.86327
4.04 -79.5076 0.853132
4.05 -78.6391 0.843813
4.06 -77.8514 0.83536
4.07 -77.1763 0.828117
4.08 -76.609 0.822029
4.09 -76.1462 0.817063
4.1 -75.7865 0.813203
4.11 -75.5374 0.810531
4.12 -75.3923 0.808974
4.13 -75.3505 0.808525
4.14 -75.4694 0.8098
4.15 -76.1629 0.817243
4.16 -77.1653 0.827999
4.17 -78.437 0.841644
4.18 -80.0416 0.858862
4.19 -81.9617 0.879464
4.2 -84.0423 0.90179
4.21 -86.001 0.922807
4.22 -88.37 0.948227
4.23 -90.8848 0.975211
4.24 -91.3395 0.98009
4.25 -91.1685 0.978255
4.26 -91.4244 0.981001
4.27 -91.1198 0.977733
4.28 -91.3171 0.979849
4.29 -91.6608 0.983537
4.3 -91.8923 0.986022
4.31 -91.8961 0.986063
4.32 -91.8046 0.985081
4.33 -92.0533 0.987749
4.34 -92.1501 0.988788
4.35 -92.0738 0.987969
4.36 -92.0706 0.987935
4.37 -92.1661 0.98896
4.38 -92.3282 0.990699
4.39 -92.3925 0.991389
4.4 -92.2321 0.989668
4.41 -92.2029 0.989355
4.42 -92.3869 0.991329
4.43 -92.4031 0.991503
4.44 -92.2533 0.989895
4.45 -92.2281 0.989625
4.46 -92.3116 0.990521
4.47 -92.3657 0.991101
4.48 -92.3453 0.990882
4.49 -92.2521 0.989882
4.5 -92.2631 0.99
4.51 -92.3405 0.990831
4.52 -92.3417 0.990843
4.53 -92.3041 0.990441
4.54 -92.2671 0.990043
4.55 -92.2941 0.990333
4.56 -92.3386 0.990811
4.57 -92.3204 0.990616
4.58 -92.2893 0.990282
4.59 -92.2962 0.990356
4.6 -92.3546 0.990983
4.61 -92.4306 0.991798
4.62 -92.4865 0.992398
4.63 -92.5471 0.993048
4.64 -92.6298 0.993935
4.65 -92.7015 0.994704
4.66 -92.7236 0.994942
4.67 -92.7082 0.994776
4.68 -92.701 0.994699
4.69 -92.7151 0.99485
4.7 -92.7262 0.994969
4.71 -92.7193 0.994896
4.72 -92.706 0.994753
4.73 -92.707 0.994764
4.74 -92.7188 0.99489
4.75 -92.7211 0.994915
4.76 -92.7142 0.994841
4.77 -92.7086 0.994781
4.78 -92.7112 0.994809
4.79 -92.7177 0.994878
4.8 -92.7163 0.994863
4.81 -92.7112 0.994809
4.82 -92.7109 0.994806
4.83 -92.7147 0.994846
4.84 -92.7168 0.994868
4.85 -92.7135 0.994834
4.86 -92.7106 0.994802
4.87 -92.7125 0.994822
4.88 -92.71 0.994795
4.89 -92.5442 0.993017
4.9 -92.0756 0.987989
4.91 -91.2763 0.979412
4.92 -90.2178 0.968054
4.93 -89.0859 0.955908
4.94 -87.8469 0.942614
4.95 -86.493 0.928086
4.96 -85.0398 0.912493
4.97 -83.4683 0.89563
4.98 -81.8804 0.878592
4.99 -80.313 0.861774
5 -78.7753 0.845274
5.01 -77.246 0.828864
5.02 -75.7496 0.812807
5.03 -74.4006 0.798333
5.04 -73.1876 0.785317
5.05 -72.0726 0.773352
5.06 -71.0714 0.76261
5.07 -70.2267 0.753545
5.08 -69.5685 0.746484
5.09 -69.0538 0.74096
5.1 -68.6781 0.736929
5.11 -68.4467 0.734447
5.12 -68.3641 0.73356
5.13 -68.6132 0.736232
5.14 -69.6172 0.747006
5.15 -71.3897 0.766025
5.16 -73.4016 0.787613
5.17 -75.7049 0.812328
5.18 -77.9202 0.836098
5.19 -80.0838 0.859314
5.2 -82.8831 0.889351
5.21 -85.7103 0.919688
5.22 -88.4591 0.949183
5.23 -90.791 0.974205
5.24 -92.5022 0.992566
5.25 -93.1258 0.999258
5.26 -93.1034 0.999017
5.27 -93.1247 0.999245
5.28 -93.149 0.999507
5.29 -93.1342 0.999347
5.3 -93.1507 0.999525
5.31 -93.2868 1.00098
5.32 -93.1704 0.999736
5.33 -93.2415 1.0005
5.34 -93.2979 1.0011
5.35 -93.2766 1.00088
5.36 -93.4126 1.00233
5.37 -93.1367 0.999375
5.38 -92.9857 0.997754
5.39 -93.2294 1.00037
5.4 -93.3281 1.00143
5.41 -93.241 1.00049
5.42 -93.1068 0.999054
5.43 -93.1054 0.999039
5.44 -93.2512 1.0006
5.45 -93.2917 1.00104
5.46 -93.1694 0.999725
5.47 -93.1211 0.999207
5.48 -93.1809 0.999849
5.49 -93.2501 1.00059
5.5 -93.2377 1.00046
5.51 -93.1516 0.999534
5.52 -93.1528 0.999547
5.53 -93.2137 1.0002
5.54 -93.2343 1.00042
5.55 -93.1991 1.00004
5.56 -93.1588 0.999611
5.57 -93.1808 0.999848
5.58 -93.2205 1.00027
5.59 -93.2147 1.00021
5.6 -93.1823 0.999864
5.61 -93.1733 0.999767
5.62 -93.1977 1.00003
5.63 -93.2149 1.00021
5.64 -93.1996 1.00005
5.65 -93.1801 0.99984
5.66 -93.1862 0.999906
5.67 -93.204 1.0001
5.68 -93.206 1.00012
5.69 -93.1913 0.99996
5.7 -93.1837 0.999879
5.71 -93.1936 0.999985
5.72 -93.2033 1.00009
5.73 -93.2008 1.00006
5.74 -93.1902 0.999948
5.75 -93.1888 0.999933
5.76 -93.1985 1.00004
5.77 -93.1998 1.00005
5.78 -93.1949 0.999998
5.79 -93.191 0.999957
5.8 -93.1931 0.999979
5.81 -93.1986 1.00004
5.82 -93.1972 1.00002
5.83 -93.1931 0.99998
5.84 -93.1929 0.999978
5.85 -93.1957 1.00001
5.86 -93.1971 1.00002
5.87 -93.1955 1.00001
5.88 -93.1933 0.999982
5.89 -93.1941 0.999991
5.9 -93.1963 1.00001
5.91 -93.196 1.00001
5.92 -92.8076 0.995843
5.93 -92.1117 0.988376
5.94 -91.2655 0.979296
5.95 -90.2798 0.96872
5.96 -89.1475 0.956569
5.97 -87.8514 0.942662
5.98 -86.4796 0.927942
5.99 -85.0347 0.912438
6 -83.5722 0.896746
6.01 -82.1095 0.881051
6.02 -80.7049 0.865979
6.03 -79.3805 0.851768
6.04 -78.0954 0.837979
6.05 -76.9317 0.825492
6.06 -75.9509 0.814967
6.07 -75.1055 0.805896
6.08 -74.3652 0.797953
6.09 -73.7652 0.791515
6.1 -73.3695 0.787269
6.11 -73.13 0.784699
6.12 -72.9812 0.783102
6.13 -72.9759 0.783045
6.14 -73.573 0.789452
6.15 -75.1246 0.806101
6.16 -76.7504 0.823546
6.17 -78.3341 0.84054
6.18 -80.3623 0.862302
6.19 -82.5021 0.885263
6.2 -84.6849 0.908685
6.21 -87.1346 0.93497
6.22 -89.4911 0.960256
6.23 -91.3346 0.980038
6.24 -92.8307 0.996091
6.25 -93.243 1.00051
6.26 -93.0594 0.998545
6.27 -93.0841 0.99881
6.28 -93.157 0.999593
6.29 -93.1821 0.999862
6.3 -93.282 1.00093
6.31 -93.3046 1.00118
6.32 -93.1359 0.999366
6.33 -93.0996 0.998977
6.34 -93.1854 0.999897
6.35 -93.248 1.00057
6.36 -93.2466 1.00055
6.37 -93.195 1
6.38 -93.1999 1.00005
6.39 -93.3405 1.00156
6.4 -93.3001 1.00113
6.41 -93.0709 0.998669
6.42 -93.0921 0.998895
6.43 -93.2597 1.00069
6.44 -93.2873 1.00099
6.45 -93.2025 1.00008
6.46 -93.1035 0.999018
6.47 -93.1565 0.999587
6.48 -93.27 1.00081
6.49 -93.2384 1.00047
6.5 -93.1598 0.999622
6.51 -93.1422 0.999433
6.52 -93.202 1.00008
6.53 -93.2486 1.00058
6.54 -93.2029 1.00009
6.55 -93.1554 0.999575
6.56 -93.1747 0.999782
6.57 -93.2189 1.00026
6.58 -93.2225 1.0003
6.59 -93.1846 0.999888
6.6 -93.1676 0.999706
6.61 -93.1951 1
6.62 -93.2175 1.00024
6.63 -93.2032 1.00009
6.64 -93.1798 0.999837
6.65 -93.182 0.999861
6.66 -93.2037 1.00009
6.67 -93.2091 1.00015
6.68 -93.1927 0.999975
6.69 -93.1829 0.99987
6.7 -93.1897 0.999943
6.71 -93.2055 1.00011
6.72 -93.2053 1.00011
6.73 -93.1879 0.999924
6.74 -93.1857 0.9999
6.75 -93.1968 1.00002
6.76 -93.2039 1.00009
6.77 -93.1972 1.00002
6.78 -93.1879 0.999924
6.79 -93.1907 0.999954
6.8 -93.1992 1.00004
6.81 -93.2016 1.00007
6.82 -93.1932 0.999981
6.83 -93.1891 0.999936
6.84 -93.1951 1
6.85 -93.1994 1.00005
6.86 -93.1973 1.00002
6.87 -93.1921 0.999969
6.88 -93.1921 0.999968
6.89 -92.7558 0.995288
6.9 -91.9396 0.986529
6.91 -90.9556 0.97597
6.92 -89.6388 0.961842
6.93 -88.2073 0.946481
6.94 -86.5482 0.928679
6.95 -84.6791 0.908623
6.96 -82.7466 0.887887
6.97 -80.7497 0.86646
6.98 -78.7473 0.844973
6.99 -76.729 0.823316
7 -74.809 0.802715
7.01 -73.0044 0.783351
7.02 -71.3137 0.76521
7.03 -69.8033 0.749002
7.04 -68.4924 0.734936
7.05 -67.3542 0.722723
7.06 -66.3877 0.712352
7.07 -65.6585 0.704528
7.08 -65.1315 0.698873
7.09 -64.7627 0.694916
7.1 -64.5739 0.69289
7.11 -64.5475 0.692607
7.12 -65.0747 0.698264
7.13 -66.2923 0.711329
7.14 -67.8914 0.728487
7.15 -69.8539 0.749545
7.16 -72.1213 0.773875
7.17 -74.2815 0.797055
7.18 -76.6165 0.822109
7.19 -79.1172 0.848943
7.2 -81.8366 0.878122
7.21 -84.8267 0.910207
7.22 -87.555 0.939481
7.23 -90.1893 0.967749
7.24 -92.5299 0.992863
7.25 -93.0798 0.998764
7.26 -93.0113 0.998029
7.27 -92.997 0.997876
7.28 -92.7977 0.995737
7.29 -93.1917 0.999964
7.3 -93.351 1.00167
7.31 -93.2755 1.00086
7.32 -93.2078 1.00014
7.33 -93.2819 1.00093
7.34 -93.4032 1.00223
7.35 -93.1394 0.999403
7.36 -93.0171 0.998091
7.37 -93.2014 1.00007
7.38 -93.3186 1.00133
7.39 -93.2477 1.00057
7.4 -93.1171 0.999164
7.41 -93.108 0.999066
7.42 -93.2398 1.00048
7.43 -93.2844 1.00096
7.44 -93.1804 0.999843
7.45 -93.1265 0.999265
7.46 -93.1753 0.999789
7.47 -93.2447 1.00053
7.48 -93.2365 1.00045
7.49 -93.1595 0.999619
7.5 -93.1536 0.999556
7.51 -93.2083 1.00014
7.52 -93.2319 1.0004
7.53 -93.202 1.00007
7.54 -93.1623 0.999649
7.55 -93.1797 0.999836
7.56 -93.2167 1.00023
7.57 -93.2147 1.00021
7.58 -93.1853 0.999896
7.59 -93.1741 0.999776
7.6 -93.1959 1.00001
7.61 -93.2129 1.00019
7.62 -93.2006 1.00006
7.63 -93.1817 0.999858
7.64 -93.1853 0.999896
7.65 -93.2031 1.00009
7.66 -93.206 1.00012
7.67 -93.1925 0.999973
7.68 -93.1831 0.999873
7.69 -93.1943 0.999993
7.7 -93.205 1.00011
7.71 -93.1986 1.00004
7.72 -93.1867 0.999911
7.73 -93.1895 0.999941
7.74 -93.2021 1.00008
7.75 -93.1996 1.00005
7.76 -93.1924 0.999972
7.77 -93.1903 0.99995
7.78 -93.1934 0.999983
7.79 -93.1981 1.00003
7.8 -93.1982 1.00003
7.81 -93.1946 0.999995
7.82 -93.1924 0.999972
7.83 -93.1947 0.999997
7.84 -93.1965 1.00002
7.85 -93.1965 1.00002
7.86 -93.1941 0.999991
7.87 -93.1931 0.99998
7.88 -93.1956 1.00001
7.89 -93.1963 1.00001
7.9 -93.1951 1
7.91 -93.1941 0.99999
7.92 -93.1943 0.999992
7.93 -93.1958 1.00001
7.94 -93.1958 1.00001
7.95 -92.7329 0.995041
7.96 -91.8817 0.985908
7.97 -90.8264 0.974584
7.98 -89.5452 0.960837
7.99 -88.2536 0.946978
8 -86.7435 0.930775
8.01 -85.1091 0.913237
8.02 -83.5466 0.89647
8.03 -82.0583 0.880501
8.04 -80.6379 0.86526
8.05 -79.2828 0.85072
8.06 -78.0871 0.837889
8.07 -77.1033 0.827333
8.08 -76.275 0.818445
8.09 -75.5824 0.811013
8.1 -75.0757 0.805577
8.11 -74.7749 0.802349
8.12 -74.662 0.801137
8.13 -74.6869 0.801404
8.14 -75.3559 0.808584
8.15 -76.9785 0.825994
8.16 -78.7109 0.844582
8.17 -80.4364 0.863098
8.18 -82.9542 0.890114
8.19 -85.4198 0.916571
8.2 -87.7731 0.941822
8.21 -90.3357 0.969319
8.22 -92.4032 0.991504
8.23 -93.0716 0.998676
8.24 -92.9475 0.997344
8.25 -93.1523 0.999541
8.26 -93.3307 1.00146
8.27 -93.319 1.00133
8.28 -93.0602 0.998553
8.29 -92.9455 0.997323
8.3 -93.1875 0.99992
8.31 -93.3386 1.00154
8.32 -93.2587 1.00068
8.33 -93.1906 0.999952
8.34 -93.1471 0.999486
8.35 -93.1359 0.999366
8.36 -93.2513 1.0006
8.37 -93.2556 1.00065
8.38 -93.1497 0.999514
8.39 -93.1463 0.999477
8.4 -93.2428 1.00051
8.41 -93.3108 1.00124
8.42 -93.2993 1.00112
8.43 -93.1492 0.999508
8.44 -93.0519 0.998465
8.45 -93.2178 1.00024
8.46 -93.3121 1.00126
8.47 -93.2045 1.0001
8.48 -93.1275 0.999276
8.49 -93.1408 0.999418
8.5 -93.2394 1.00048
8.51 -93.2669 1.00077
8.52 -93.166 0.999689
8.53 -93.1394 0.999403
8.54 -93.1936 0.999985
8.55 -93.2375 1.00046
8.56 -93.2209 1.00028
8.57 -93.16 0.999625
8.58 -93.1656 0.999684
8.59 -93.2137 1.0002
8.6 -93.2235 1.00031
8.61 -93.1932 0.99998
8.62 -93.168 0.999711
8.63 -93.1873 0.999918
8.64 -93.2154 1.00022
8.65 -93.2079 1.00014
8.66 -93.1829 0.99987
8.67 -93.1799 0.999838
8.68 -93.1992 1.00004
8.69 -93.2091 1.00015
8.7 -93.1969 1.00002
8.71 -93.1838 0.999879
8.72 -93.1888 0.999934
8.73 -93.2024 1.00008
8.74 -93.2035 1.00009
8.75 -93.1907 0.999954
8.76 -93.1867 0.999911
8.77 -93.1965 1.00002
8.78 -93.2014 1.00007
8.79 -93.1966 1.00002
8.8 -93.1902 0.999949
8.81 -93.1914 0.999962
8.82 -93.1982 1.00003
8.83 -93.1988 1.00004
8.84 -93.1936 0.999985
8.85 -93.1915 0.999962
8.86 -93.1946 0.999996
8.87 -93.1979 1.00003
8.88 -93.0497 0.998441
8.89 -92.607 0.99369
8.9 -91.8441 0.985505
8.91 -90.6646 0.972848
8.92 -89.153 0.956629
8.93 -87.3574 0.937361
8.94 -85.1851 0.914053
8.95 -82.6193 0.88652
8.96 -79.8403 0.856702
8.97 -77.0113 0.826346
8.98 -74.1394 0.79553
8.99 -71.2833 0.764883
9 -68.6273 0.736383
9.01 -66.2248 0.710604
9.02 -64.1006 0.687811
9.03 -62.2398 0.667845
9.04 -60.5895 0.650137
9.05 -59.2094 0.635328
9.06 -58.0884 0.6233
9.07 -57.2157 0.613936
9.08 -56.5476 0.606766
9.09 -56.0733 0.601677
9.1 -55.8372 0.599144
9.11 -55.8147 0.598902
9.12 -56.3777 0.604943
9.13 -57.9332 0.621634
9.14 -59.9287 0.643046
9.15 -62.7366 0.673176
9.16 -66.0539 0.708771
9.17 -69.6362 0.74721
9.18 -73.5546 0.789255
9.19 -77.4359 0.830901
9.2 -81.2288 0.871601
9.21 -84.8875 0.910859
9.22 -88.4391 0.948969
9.23 -92.8139 0.995911
9.24 -93.4839 1.0031
9.25 -93.4586 1.00283
9.26 -93.8749 1.0073
9.27 -93.198 1.00003
9.28 -93.1884 0.999929
9.29 -93.5531 1.00384
9.3 -93.5473 1.00378
9.31 -92.7938 0.995695
9.32 -92.8736 0.996551
9.33 -93.3896 1.00209
9.34 -93.4328 1.00255
9.35 -93.2087 1.00015
9.36 -92.9172 0.997019
9.37 -93.0642 0.998597
9.38 -93.4148 1.00236
9.39 -93.3027 1.00116
9.4 -93.0746 0.998708
9.41 -93.0335 0.998267
9.42 -93.201 1.00006
9.43 -93.3431 1.00159
9.44 -93.2028 1.00008
9.45 -93.0641 0.998595
9.46 -93.1257 0.999257
9.47 -93.2542 1.00064
9.48 -93.2611 1.00071
9.49 -93.1521 0.999539
9.5 -93.1001 0.998982
9.51 -93.1851 0.999894
9.52 -93.2485 1.00057
9.53 -93.2052 1.00011
9.54 -93.1377 0.999386
9.55 -93.1443 0.999456
9.56 -93.209 1.00015
9.57 -93.2234 1.0003
9.58 -93.1751 0.999786
9.59 -93.1465 0.999479
9.6 -93.1755 0.999791
9.61 -93.2103 1.00016
9.62 -93.1998 1.00005
9.63 -93.1719 0.999752
9.64 -93.1722 0.999756
9.65 -93.1989 1.00004
9.66 -93.2104 1.00017
9.67 -93.191 0.999957
9.68 -93.1747 0.999783
9.69 -93.1852 0.999895
9.7 -93.202 1.00008
9.71 -93.2002 1.00006
9.72 -93.1854 0.999897
9.73 -93.1809 0.999848
9.74 -93.1923 0.999972
9.75 -93.1997 1.00005
9.76 -93.1932 0.99998
9.77 -93.1843 0.999886
9.78 -93.1868 0.999912
9.79 -93.1952 1
9.8 -93.1959 1.00001
9.81 -93.1886 0.999931
9.82 -93.1862 0.999906
9.83 -93.1922 0.99997
9.84 -93.1946 0.999996
9.85 -93.1919 0.999966
9.86 -93.1882 0.999927
9.87 -93.1886 0.999932
9.88 -93.1932 0.999981
9.89 -93.1934 0.999983
9.9 -93.1901 0.999947
9.91 -93.1888 0.999933
9.92 -93.1908 0.999955
9.93 -93.1929 0.999978
9.94 -93.1918 0.999966
9.95 -93.1897 0.999943
9.96 -93.1898 0.999944
9.97 -93.1917 0.999965
9.98 -93.1922 0.99997
9.99 -93.1909 0.999956
10 -93.19 0.999946
10.01 -93.1907 0.999954
10.02 -92.7297 0.995007
10.03 -91.8814 0.985905
10.04 -90.8464 0.974799
10.05 -89.6006 0.961432
10.06 -88.2835 0.947298
10.07 -86.8592 0.932016
10.08 -85.4147 0.916516
10.09 -83.8904 0.90016
10.1 -82.4224 0.884408
10.11 -81.0546 0.869732
10.12 -79.8188 0.856471
10.13 -78.5939 0.843327
10.14 -77.3399 0.829872
10.15 -76.243 0.818102
10.16 -75.2485 0.80743
10.17 -74.3046 0.797303
10.18 -73.3739 0.787316
10.19 -72.4481 0.777381
10.2 -71.567 0.767928
10.21 -70.801 0.759708
10.22 -70.07 0.751864
10.23 -69.3471 0.744108
10.24 -68.6703 0.736845
10.25 -68.0054 0.729711
10.26 -67.3892 0.723099
10.27 -66.8509 0.717323
10.28 -66.3453 0.711897
10.29 -65.8419 0.706496
10.3 -65.3341 0.701047
10.31 -64.8531 0.695886
10.32 -64.4472 0.691531
10.33 -64.0611 0.687387
10.34 -63.6349 0.682815
10.35 -63.2195 0.678357
10.36 -62.8488 0.67438
10.37 -62.4781 0.670402
10.38 -62.1199 0.666558
10.39 -61.7655 0.662755
10.4 -61.4022 0.658857
10.41 -61.0807 0.655408
10.42 -60.7831 0.652214
10.43 -60.4959 0.649132
10.44 -60.2299 0.646278
10.45 -59.9872 0.643674
10.46 -59.7808 0.64146
10.47 -59.5942 0.639458
10.48 -59.4113 0.637494
10.49 -59.2355 0.635608
10.5 -59.0673 0.633803
10.51 -58.9011 0.63202
10.52 -58.7273 0.630155
10.53 -58.5201 0.627932
10.54 -58.2196 0.624708
10.55 -57.9235 0.62153
10.56 -57.8403 0.620638
10.57 -57.9621 0.621945
10.58 -58.8825 0.63182
10.59 -62.4934 0.670566
10.6 -68.0801 0.730513
10.61 -73.714 0.790966
10.62 -78.876 0.846354
10.63 -83.5441 0.896444
10.64 -87.5321 0.939236
10.65 -90.2613 0.968521
10.66 -92.3199 0.99061
10.67 -93.1977 1.00003
10.68 -92.3416 0.990843
10.69 -92.1251 0.98852
10.7 -92.6122 0.993747
10.71 -93.0084 0.997998
10.72 -92.9736 0.997624
10.73 -92.3816 0.991272
10.74 -92.4013 0.991484
10.75 -92.8218 0.995995
10.76 -92.9487 0.997357
10.77 -92.697 0.994656
10.78 -92.4582 0.992094
10.79 -92.6056 0.993675
10.8 -92.8711 0.996524
10.81 -92.8335 0.996121
10.82 -92.5997 0.993612
10.83 -92.5629 0.993217
10.84 -92.7224 0.994928
10.85 -92.8307 0.996091
10.86 -92.7274 0.994983
10.87 -92.5946 0.993558
10.88 -92.6461 0.994111
10.89 -92.7632 0.995367
10.9 -92.7698 0.995438
10.91 -92.6731 0.994399
10.92 -92.6289 0.993925
10.93 -92.6996 0.994684
10.94 -92.7579 0.99531
10.95 -92.721 0.994914
10.96 -92.6596 0.994255
10.97 -92.6664 0.994328
10.98 -92.7223 0.994927
10.99 -92.7361 0.995076
11 -92.6937 0.994621
11.01 -92.6676 0.99434
11.02 -92.6933 0.994617
11.03 -92.6715 0.994382
11.04 -92.5138 0.992691
11.05 -92.305 0.99045
11.06 -92.1215 0.988481
11.07 -91.9645 0.986797
11.08 -91.7948 0.984976
11.09 -91.5827 0.982699
11.1 -91.3593 0.980302
11.11 -91.1489 0.978045
11.12 -90.9459 0.975866
11.13 -90.7263 0.973511
11.14 -90.4972 0.971052
11.15 -90.2592 0.968499
11.16 -90.0233 0.965967
11.17 -89.7968 0.963537
11.18 -89.5612 0.961008
11.19 -89.3191 0.95841
11.2 -89.0739 0.95578
11.21 -88.836 0.953227
11.22 -88.6018 0.950714
11.23 -88.3629 0.94815
11.24 -88.1229 0.945576
11.25 -87.8993 0.943176
11.26 -87.6687 0.940702
11.27 -87.4247 0.938084
11.28 -87.2011 0.935684
11.29 -86.9849 0.933365
11.3 -86.7678 0.931035
11.31 -86.5453 0.928648
11.32 -86.3239 0.926272
11.33 -86.1064 0.923938
11.34 -85.8946 0.921665
11.35 -85.6876 0.919444
11.36 -85.4659 0.917065
11.37 -85.2491 0.914739
11.38 -85.0427 0.912525
11.39 -84.8346 0.910292
11.4 -84.6255 0.908047
11.41 -84.4112 0.905748
11.42 -84.1946 0.903424
11.43 -83.9811 0.901133
11.44 -83.7704 0.898873
11.45 -83.5547 0.896558
11.46 -83.3337 0.894186
11.47 -83.1116 0.891804
11.48 -82.8901 0.889427
11.49 -82.6678 0.887041
11.5 -82.4427 0.884626
11.51 -82.2116 0.882146
11.52 -81.9706 0.87956
11.53 -81.7378 0.877062
11.54 -81.5103 0.874621
11.55 -81.2706 0.872049
11.56 -81.031 0.869478
11.57 -80.7929 0.866923
11.58 -80.5598 0.864422
11.59 -80.3319 0.861977
11.6 -80.0993 0.85948
11.61 -79.8719 0.85704
11.62 -79.6525 0.854687
11.63 -79.4398 0.852404
11.64 -79.2339 0.850195
11.65 -79.0321 0.848029
11.66 -78.84 0.845968
11.67 -78.6598 0.844034
11.68 -78.4893 0.842205
11.69 -78.3284 0.840478
11.7 -78.178 0.838865
11.71 -78.0413 0.837398
11.72 -77.9188 0.836083
11.73 -77.8088 0.834903
11.74 -77.7119 0.833863
11.75 -77.6299 0.832983
11.76 -77.5636 0.832272
11.77 -77.5131 0.83173
11.78 -77.4776 0.831349
11.79 -77.4574 0.831133
11.8 -77.4503 0.831056
11.81 -77.4473 0.831024
11.82 -77.4847 0.831426
11.83 -77.7116 0.833861
11.84 -78.1691 0.838769
11.85 -78.8696 0.846285
11.86 -79.7029 0.855227
11.87 -80.5015 0.863797
11.88 -81.3171 0.872548
11.89 -82.1464 0.881446
11.9 -83.0819 0.891485
11.91 -84.1509 0.902955
11.92 -85.0939 0.913074
11.93 -85.9627 0.922396
11.94 -86.7346 0.930679
11.95 -87.3772 0.937574
11.96 -87.9271 0.943474
11.97 -88.334 0.94784
11.98 -88.6078 0.950778
11.99 -88.7662 0.952478
12 -88.8373 0.953241
12.01 -88.8394 0.953263
12.02 -88.8125 0.952975
12.03 -88.7963 0.952802
12.04 -88.8126 0.952976
12.05 -88.8346 0.953212
12.06 -88.8379 0.953247
12.07 -88.8209 0.953065
12.08 -88.8111 0.95296
12.09 -88.8234 0.953092
12.1 -88.8336 0.953201
12.11 -88.8295 0.953157
12.12 -88.8175 0.953028
12.13 -88.8174 0.953028
12.14 -88.8277 0.953138
12.15 -88.8306 0.953169
12.16 -88.8239 0.953098
12.17 -88.8185 0.95304
12.18 -88.8223 0.95308
12.19 -88.8284 0.953145
12.2 -88.8271 0.953132
12.21 -88.8218 0.953075
12.22 -88.8208 0.953064
12.23 -88.8248 0.953107
12.24 -88.8374 0.953242
12.25 -88.7931 0.952767
12.26 -88.6333 0.951052
12.27 -88.4697 0.949296
12.28 -88.3258 0.947752
12.29 -88.1887 0.946281
12.3 -88.0547 0.944843
12.31 -87.8873 0.943048
12.32 -87.7176 0.941226
12.33 -87.5619 0.939556
12.34 -87.4083 0.937908
12.35 -87.2414 0.936117
12.36 -87.0582 0.934151
12.37 -86.8782 0.932219
12.38 -86.7094 0.930408
12.39 -86.5343 0.928529
12.4 -86.3465 0.926514
12.41 -86.1548 0.924457
12.42 -85.9678 0.92245
12.43 -85.7838 0.920477
12.44 -85.5931 0.91843
12.45 -85.3958 0.916313
12.46 -85.1992 0.914204
12.47 -85.0068 0.91214
12.48 -84.814 0.91007
12.49 -84.6164 0.90795
12.5 -84.4171 0.905811
12.51 -84.2209 0.903706
12.52 -84.0276 0.901633
12.53 -83.8335 0.899549
12.54 -83.6377 0.897449
12.55 -83.444 0.895369
12.56 -83.2543 0.893334
12.57 -83.0671 0.891326
12.58 -82.8806 0.889325
12.59 -82.6958 0.887341
12.6 -82.5155 0.885407
12.61 -82.3402 0.883526
12.62 -82.1683 0.881681
12.63 -81.9995 0.87987
12.64 -81.8357 0.878113
12.65 -81.6784 0.876425
12.66 -81.5272 0.874802
12.67 -81.3814 0.873238
12.68 -81.2417 0.871738
12.69 -81.1095 0.87032
12.7 -80.9855 0.86899
12.71 -80.8693 0.867743
12.72 -80.7608 0.866578
12.73 -80.661 0.865507
12.74 -80.5708 0.86454
12.75 -80.4903 0.863676
12.76 -80.4193 0.862914
12.77 -80.3581 0.862258
12.78 -80.3076 0.861716
12.79 -80.2681 0.861292
12.8 -80.2394 0.860984
12.81 -80.2216 0.860793
12.82 -80.2151 0.860724
12.83 -80.2141 0.860712
12.84 -80.2155 0.860727
12.85 -80.2773 0.861391
12.86 -80.4497 0.86324
12.87 -80.7685 0.866662
12.88 -81.2528 0.871858
12.89 -81.7734 0.877444
12.9 -82.2806 0.882886
12.91 -82.7968 0.888426
12.92 -83.3076 0.893906
12.93 -83.8313 0.899526
12.94 -84.421 0.905853
12.95 -84.9934 0.911996
12.96 -85.458 0.916981
12.97 -85.8792 0.9215
12.98 -86.2141 0.925093
12.99 -86.4739 0.927881
13 -86.6737 0.930025
13.01 -86.8102 0.93149
13.02 -86.8937 0.932386
13.03 -86.9106 0.932568
13.04 -86.899 0.932443
13.05 -86.876 0.932196
13.06 -86.8715 0.932147
13.07 -86.902 0.932475
13.08 -86.9092 0.932552
13.09 -86.8867 0.932311
13.1 -86.88 0.932239
13.11 -86.8877 0.932322
13.12 -86.9015 0.93247
13.13 -86.8996 0.932449
13.14 -86.8838 0.93228
13.15 -86.8845 0.932288
13.16 -86.8944 0.932394
13.17 -86.8986 0.932438
13.18 -86.8927 0.932375
13.19 -86.8852 0.932295
13.2 -86.889 0.932336
13.21 -86.8961 0.932411
13.22 -86.8951 0.932401
13.23 -86.8896 0.932342
13.24 -86.8877 0.932322
13.25 -86.8939 0.932388
13.26 -86.9042 0.932498
13.27 -86.905 0.932508
13.28 -86.8564 0.931985
13.29 -86.7152 0.93047
13.3 -86.5888 0.929115
13.31 -86.4904 0.928059
13.32 -86.3741 0.926811
13.33 -86.2711 0.925706
13.34 -86.1622 0.924537
13.35 -86.0503 0.923336
13.36 -85.9454 0.922211
13.37 -85.834 0.921015
13.38 -85.7197 0.919789
13.39 -85.6065 0.918574
13.4 -85.4899 0.917323
13.41 -85.3743 0.916082
13.42 -85.2561 0.914814
13.43 -85.1345 0.913509
13.44 -85.014 0.912216
13.45 -84.8924 0.910911
13.46 -84.7698 0.909596
13.47 -84.6465 0.908273
13.48 -84.5221 0.906938
13.49 -84.3986 0.905613
13.5 -84.2758 0.904295
13.51 -84.1527 0.902974
13.52 -84.0304 0.901662
13.53 -83.9089 0.900358
13.54 -83.7894 0.899076
13.55 -83.6719 0.897815
13.56 -83.5557 0.896568
13.57 -83.4419 0.895347
13.58 -83.331 0.894157
13.59 -83.2232 0.893001
13.6 -83.1188 0.89188
13.61 -83.0175 0.890794
13.62 -82.9202 0.889749
13.63 -82.8273 0.888752
13.64 -82.7388 0.887803
13.65 -82.6548 0.886902
13.66 -82.5756 0.886052
13.67 -82.5017 0.885259
13.68 -82.4333 0.884524
13.69 -82.3703 0.883849
13.7 -82.313 0.883234
13.71 -82.2617 0.882683
13.72 -82.2164 0.882198
13.73 -82.1775 0.88178
13.74 -82.1448 0.881429
13.75 -82.1184 0.881146
13.76 -82.0986 0.880933
13.77 -82.0853 0.880791
13.78 -82.0786 0.880719
13.79 -82.0792 0.880725
13.8 -82.0823 0.880759
13.81 -82.0859 0.880797
13.82 -82.1149 0.881109
13.83 -82.2043 0.882067
13.84 -82.3156 0.883262
13.85 -82.518 0.885434
13.86 -82.8067 0.888532
13.87 -83.0858 0.891527
13.88 -83.3649 0.894521
13.89 -83.6238 0.897299
13.9 -83.8904 0.90016
13.91 -84.1821 0.90329
13.92 -84.4439 0.906099
13.93 -84.6646 0.908467
13.94 -84.8717 0.910689
13.95 -85.1206 0.91336
13.96 -85.333 0.91564
13.97 -85.4802 0.917218
13.98 -85.5832 0.918324
13.99 -85.6385 0.918918
14 -85.6734 0.919292
14.01 -85.6785 0.919347
14.02 -85.6564 0.91911
14.03 -85.6391 0.918924
14.04 -85.659 0.919137
14.05 -85.6749 0.919308
14.06 -85.6643 0.919194
14.07 -85.6516 0.919058
14.08 -85.6497 0.919037
14.09 -85.6645 0.919196
14.1 -85.6696 0.919251
14.11 -85.6581 0.919127
14.12 -85.652 0.919062
14.13 -85.6572 0.919118
14.14 -85.6653 0.919205
14.15 -85.664 0.919191
14.16 -85.6559 0.919104
14.17 -85.6549 0.919093
14.18 -85.661 0.919159
14.19 -85.6639 0.91919
14.2 -85.6602 0.91915
14.21 -85.6561 0.919106
14.22 -85.6582 0.919129
14.23 -85.6585 0.919131
14.24 -85.6179 0.918696
14.25 -85.5177 0.917622
14.26 -85.419 0.916562
14.27 -85.3569 0.915895
14.28 -85.3169 0.915466
14.29 -85.2658 0.914918
14.3 -85.1858 0.914059
14.31 -85.1159 0.91331
14.32 -85.0689 0.912806
14.33 -85.0206 0.912288
14.34 -84.9541 0.911573
14.35 -84.8807 0.910786
14.36 -84.8203 0.910138
14.37 -84.7676 0.909573
14.38 -84.709 0.908943
14.39 -84.6394 0.908197
14.4 -84.5713 0.907466
14.41 -84.5138 0.906849
14.42 -84.4571 0.90624
14.43 -84.3936 0.905559
14.44 -84.3266 0.90484
14.45 -84.2646 0.904175
14.46 -84.2088 0.903576
14.47 -84.151 0.902956
14.48 -84.0891 0.902292
14.49 -84.0287 0.901643
14.5 -83.9735 0.901052
14.51 -83.9212 0.90049
14.52 -83.8671 0.89991
14.53 -83.8125 0.899324
14.54 -83.7616 0.898778
14.55 -83.7152 0.898279
14.56 -83.6702 0.897797
14.57 -83.6251 0.897313
14.58 -83.5823 0.896854
14.59 -83.544 0.896443
14.6 -83.5092 0.89607
14.61 -83.476 0.895713
14.62 -83.4447 0.895377
14.63 -83.4171 0.895082
14.64 -83.394 0.894833
14.65 -83.374 0.894619
14.66 -83.3564 0.89443
14.67 -83.3419 0.894275
14.68 -83.3318 0.894166
14.69 -83.3257 0.894101
14.7 -83.3249 0.894092
14.71 -83.3249 0.894092
14.72 -83.3233 0.894075
14.73 -83.326 0.894104
14.74 -83.3356 0.894206
14.75 -83.3794 0.894677
14.76 -83.4465 0.895396
14.77 -83.5037 0.89601
14.78 -83.6167 0.897223
14.79 -83.7847 0.899025
14.8 -83.9489 0.900788
14.81 -84.099 0.902398
14.82 -84.2249 0.903749
14.83 -84.3549 0.905144
14.84 -84.5017 0.90672
14.85 -84.6294 0.908089
14.86 -84.7268 0.909135
14.87 -84.8085 0.910012
14.88 -84.8868 0.910852
14.89 -84.9565 0.9116
14.9 -84.9977 0.912041
14.91 -85.0102 0.912176
14.92 -85.0129 0.912205
14.93 -85.0146 0.912222
14.94 -85.0127 0.912203
14.95 -85.0095 0.912168
14.96 -85.0109 0.912183
14.97 -85.014 0.912216
14.98 -85.0134 0.91221
14.99 -85.0113 0.912187
15 -85.0106 0.91218
15.01 -85.0121 0.912196
15.02 -85.0136 0.912212
15.03 -85.0124 0.9122
15.04 -85.0111 0.912185
15.05 -85.0115 0.912189
15.06 -85.0126 0.912202
15.07 -85.0129 0.912205
15.08 -85.0119 0.912194
15.09 -85.0113 0.912188
15.1 -85.012 0.912195
15.11 -85.0127 0.912202
15.12 -85.0124 0.912199
15.13 -85.0117 0.912192
15.14 -85.0119 0.912194
15.15 -85.013 0.912205
15.16 -85.0148 0.912225
15.17 -84.9863 0.91192
15.18 -84.9154 0.911159
15.19 -84.8591 0.910554
15.2 -84.8272 0.910212
15.21 -84.7985 0.909904
15.22 -84.7549 0.909437
15.23 -84.7035 0.908885
15.24 -84.6651 0.908473
15.25 -84.6358 0.908158
15.26 -84.6044 0.907821
15.27 -84.5621 0.907367
15.28 -84.5216 0.906932
15.29 -84.4917 0.906612
15.3 -84.4645 0.90632
15.31 -84.4323 0.905974
15.32 -84.3963 0.905589
15.33 -84.3651 0.905254
15.34 -84.3403 0.904988
15.35 -84.3147 0.904713
15.36 -84.2852 0.904396
15.37 -84.2564 0.904087
15.38 -84.2324 0.903829
15.39 -84.2112 0.903602
15.4 -84.1884 0.903357
15.41 -84.1644 0.9031
15.42 -84.143 0.90287
15.43 -84.1254 0.902681
15.44 -84.1088 0.902503
15.45 -84.0915 0.902317
15.46 -84.0751 0.902142
15.47 -84.0619 0.902001
15.48 -84.0514 0.901888
15.49 -84.0415 0.901781
15.5 -84.0322 0.901681
15.51 -84.025 0.901604
15.52 -84.0208 0.901559
15.53 -84.0185 0.901535
15.54 -84.0178 0.901527
15.55 -84.0177 0.901526
15.56 -84.0177 0.901526
15.57 -84.0192 0.901542
15.58 -84.0241 0.901595
15.59 -84.0302 0.90166
15.6 -84.0537 0.901913
15.61 -84.0923 0.902327
15.62 -84.1241 0.902668
15.63 -84.1517 0.902964
15.64 -84.1871 0.903344
15.65 -84.2617 0.904144
15.66 -84.3533 0.905127
15.67 -84.4272 0.90592
15.68 -84.4919 0.906614
15.69 -84.5521 0.907261
15.7 -84.6199 0.907987
15.71 -84.685 0.908686
15.72 -84.7316 0.909186
15.73 -84.7648 0.909543
15.74 -84.7945 0.909861
15.75 -84.8201 0.910136
15.76 -84.8326 0.91027
15.77 -84.8292 0.910233
15.78 -84.8193 0.910127
15.79 -84.8194 0.910128
15.8 -84.8277 0.910217
15.81 -84.8302 0.910244
15.82 -84.8246 0.910184
15.83 -84.8202 0.910137
15.84 -84.8234 0.910171
15.85 -84.8283 0.910224
15.86 -84.8273 0.910213
15.87 -84.8229 0.910165
15.88 -84.8221 0.910157
15.89 -84.8255 0.910194
15.9 -84.8274 0.910214
15.91 -84.8253 0.910191
15.92 -84.8228 0.910165
15.93 -84.8238 0.910176
15.94 -84.8262 0.910201
15.95 -84.8262 0.910201
15.96 -84.8243 0.91018
15.97 -84.8235 0.910172
15.98 -84.8249 0.910187
15.99 -84.8258 0.910197
16 -84.8239 0.910176
16.01 -84.8208 0.910143
16.02 -84.8102 0.91003
16.03 -84.7853 0.909762
16.04 -84.7598 0.909489
16.05 -84.7407 0.909284
16.06 -84.7305 0.909174
16.07 -84.7169 0.909029
16.08 -84.6911 0.908752
16.09 -84.6666 0.908489
16.1 -84.6479 0.908287
16.11 -84.6309 0.908105
16.12 -84.6087 0.907867
16.13 -84.5816 0.907577
16.14 -84.558 0.907324
16.15 -84.5393 0.907122
16.16 -84.5195 0.906911
16.17 -84.4966 0.906664
16.18 -84.4739 0.906421
16.19 -84.4553 0.906221
16.2 -84.4396 0.906053
16.21 -84.4227 0.905872
16.22 -84.4052 0.905684
16.23 -84.3903 0.905524
16.24 -84.3788 0.905401
16.25 -84.3688 0.905293
16.26 -84.3584 0.905181
16.27 -84.3491 0.905081
16.28 -84.3428 0.905014
16.29 -84.3389 0.904972
16.3 -84.3357 0.904938
16.31 -84.3331 0.90491
16.32 -84.3322 0.904901
16.33 -84.3336 0.904915
16.34 -84.3345 0.904925
16.35 -84.3344 0.904924
16.36 -84.3372 0.904954
16.37 -84.3428 0.905014
16.38 -84.349 0.905081
16.39 -84.3619 0.905219
16.4 -84.3834 0.90545
16.41 -84.4068 0.905701
16.42 -84.4257 0.905904
16.43 -84.4399 0.906056
16.44 -84.4567 0.906236
16.45 -84.4808 0.906495
16.46 -84.5136 0.906847
16.47 -84.5508 0.907246
16.48 -84.5882 0.907647
16.49 -84.6239 0.908031
16.5 -84.6567 0.908382
16.51 -84.6827 0.908661
16.52 -84.7033 0.908882
16.53 -84.721 0.909073
16.54 -84.7276 0.909143
16.55 -84.7256 0.909122
16.56 -84.7297 0.909166
16.57 -84.7368 0.909242
16.58 -84.7387 0.909263
16.59 -84.7339 0.909211
16.6 -84.7291 0.909159
16.61 -84.733 0.909202
16.62 -84.7376 0.90925
16.63 -84.7359 0.909232
16.64 -84.7321 0.909192
16.65 -84.7314 0.909184
16.66 -84.7348 0.90922
16.67 -84.7366 0.909239
16.68 -84.7341 0.909213
16.69 -84.732 0.909191
16.7 -84.7332 0.909203
16.71 -84.7353 0.909226
16.72 -84.7353 0.909225
16.73 -84.7333 0.909204
16.74 -84.7327 0.909198
16.75 -84.7341 0.909213
16.76 -84.7351 0.909224
16.77 -84.7343 0.909215
16.78 -84.7331 0.909203
16.79 -84.7329 0.9092
16.8 -84.7331 0.909202
16.81 -84.7308 0.909177
16.82 -84.7151 0.909009
16.83 -84.6949 0.908792
16.84 -84.6831 0.908666
16.85 -84.6786 0.908617
16.86 -84.6726 0.908553
16.87 -84.6578 0.908394
16.88 -84.6434 0.90824
16.89 -84.6353 0.908153
16.9 -84.6291 0.908086
16.91 -84.6191 0.907979
16.92 -84.6053 0.907831
16.93 -84.5945 0.907715
16.94 -84.5879 0.907644
16.95 -84.5808 0.907568
16.96 -84.5709 0.907461
16.97 -84.5609 0.907355
16.98 -84.5543 0.907284
16.99 -84.5499 0.907237
17 -84.5445 0.907178
17.01 -84.538 0.907109
17.02 -84.5333 0.907058
17.03 -84.5312 0.907036
17.04 -84.53 0.907023
17.05 -84.5287 0.907009
17.06 -84.5279 0.907
17.07 -84.5276 0.906997
17.08 -84.5274 0.906996
17.09 -84.5277 0.906998
17.1 -84.5294 0.907017
17.11 -84.5323 0.907048
17.12 -84.5355 0.907082
17.13 -84.538 0.907109
17.14 -84.5424 0.907156
17.15 -84.5572 0.907315
17.16 -84.575 0.907505
17.17 -84.5873 0.907638
17.18 -84.597 0.907742
17.19 -84.6082 0.907862
17.2 -84.6235 0.908026
17.21 -84.6383 0.908185
17.22 -84.6486 0.908296
17.23 -84.6575 0.908391
17.24 -84.668 0.908503
17.25 -84.6776 0.908607
17.26 -84.6869 0.908706
17.27 -84.695 0.908794
17.28 -84.6978 0.908824
17.29 -84.6973 0.908818
17.3 -84.6997 0.908844
17.31 -84.703 0.908879
17.32 -84.7027 0.908876
17.33 -84.7001 0.908848
17.34 -84.6989 0.908835
17.35 -84.7012 0.90886
17.36 -84.7028 0.908877
17.37 -84.7014 0.908862
17.38 -84.6998 0.908845
17.39 -84.7001 0.908848
17.4 -84.7017 0.908866
17.41 -84.702 0.908869
17.42 -84.7007 0.908854
17.43 -84.7001 0.908848
17.44 -84.7009 0.908857
17.45 -84.7017 0.908865
17.46 -84.7014 0.908862
17.47 -84.7005 0.908852
17.48 -84.7005 0.908853
17.49 -84.7012 0.90886
17.5 -84.7015 0.908863
17.51 -84.701 0.908857
17.52 -84.7005 0.908853
17.53 -84.7006 0.908854
17.54 -84.7005 0.908852
17.55 -84.7005 0.908852
17.56 -84.6986 0.908832
17.57 -84.6864 0.908702
17.58 -84.6745 0.908574
17.59 -84.6706 0.908531
17.6 -84.6693 0.908518
17.61 -84.6656 0.908477
17.62 -84.6571 0.908387
17.63 -84.651 0.908321
17.64 -84.6492 0.908302
17.65 -84.6474 0.908282
17.66 -84.6424 0.908229
17.67 -84.6364 0.908165
17.68 -84.6333 0.908131
17.69 -84.6323 0.908121
17.7 -84.6302 0.908099
17.71 -84.6265 0.908058
17.72 -84.6236 0.908028
17.73 -84.6232 0.908023
17.74 -84.6234 0.908026
17.75 -84.6227 0.908018
17.76 -84.6221 0.908011
17.77 -84.6222 0.908012
17.78 -84.6224 0.908014
17.79 -84.6225 0.908015
17.8 -84.623 0.908021
17.81 -84.6252 0.908044
17.82 -84.6283 0.908077
17.83 -84.6306 0.908102
17.84 -84.6315 0.908112
17.85 -84.6339 0.908138
17.86 -84.6459 0.908267
17.87 -84.6593 0.90841
17.88 -84.6679 0.908503
17.89 -84.6759 0.908589
17.9 -84.6847 0.908683
17.91 -84.6964 0.908808
17.92 -84.7065 0.908917
17.93 -84.7132 0.908988
17.94 -84.7192 0.909054
17.95 -84.7258 0.909124
17.96 -84.7315 0.909185
17.97 -84.7338 0.909209
17.98 -84.7315 0.909185
17.99 -84.7315 0.909185
18 -84.7364 0.909238
18.01 -84.7376 0.90925
18.02 -84.734 0.909211
18.03 -84.732 0.90919
18.04 -84.7339 0.90921
18.05 -84.7365 0.909239
18.06 -84.7358 0.909231
18.07 -84.7332 0.909203
18.08 -84.733 0.909202
18.09 -84.735 0.909223
18.1 -84.7359 0.909233
18.11 -84.7346 0.909218
18.12 -84.7333 0.909205
18.13 -84.734 0.909212
18.14 -84.7353 0.909226
18.15 -84.7352 0.909225
18.16 -84.7341 0.909213
18.17 -84.7338 0.909209
18.18 -84.7346 0.909218
18.19 -84.7352 0.909224
18.2 -84.7347 0.909219
18.21 -84.734 0.909212
18.22 -84.7341 0.909213
18.23 -84.7344 0.909216
18.24 -84.734 0.909212
18.25 -84.7341 0.909213
18.26 -84.7313 0.909182
18.27 -84.7232 0.909096
18.28 -84.7159 0.909017
18.29 -84.7128 0.908985
18.3 -84.7117 0.908973
18.31 -84.7078 0.90893
18.32 -84.7014 0.908862
18.33 -84.6969 0.908813
18.34 -84.695 0.908793
18.35 -84.693 0.908772
18.36 -84.6889 0.908728
18.37 -84.6846 0.908682
18.38 -84.6824 0.908658
18.39 -84.6816 0.908649
18.4 -84.68 0.908632
18.41 -84.6781 0.908612
18.42 -84.6777 0.908608
18.43 -84.6775 0.908606
18.44 -84.6764 0.908593
18.45 -84.6753 0.908582
18.46 -84.6756 0.908585
18.47 -84.6764 0.908594
18.48 -84.6772 0.908602
18.49 -84.678 0.908611
18.5 -84.6797 0.908629
18.51 -84.6825 0.908659
18.52 -84.6848 0.908684
18.53 -84.6863 0.9087
18.54 -84.6931 0.908773
18.55 -84.705 0.9089
18.56 -84.7144 0.909002
18.57 -84.7218 0.909081
18.58 -84.7277 0.909144
18.59 -84.7347 0.909219
18.6 -84.7426 0.909304
18.61 -84.7478 0.90936
18.62 -84.7511 0.909396
18.63 -84.7529 0.909414
18.64 -84.7529 0.909415
18.65 -84.755 0.909437
18.66 -84.7595 0.909486
18.67 -84.7609 0.909501
18.68 -84.7581 0.90947
18.69 -84.7561 0.909449
18.7 -84.7576 0.909465
18.71 -84.76 0.909491
18.72 -84.7595 0.909486
18.73 -84.7573 0.909462
18.74 -84.757 0.909458
18.75 -84.7587 0.909476
18.76 -84.7596 0.909486
18.77 -84.7585 0.909475
18.78 -84.7573 0.909462
18.79 -84.7578 0.909467
18.8 -84.759 0.90948
18.81 -84.759 0.90948
18.82 -84.758 0.90947
18.83 -84.7577 0.909466
18.84 -84.7583 0.909473
18.85 -84.7589 0.909479
18.86 -84.7585 0.909475
18.87 -84.7579 0.909469
18.88 -84.758 0.90947
18.89 -84.7586 0.909476
18.9 -84.7586 0.909476
18.91 -84.7581 0.909471
18.92 -84.7574 0.909463
18.93 -84.7565 0.909453
18.94 -84.7496 0.909379
18.95 -84.7388 0.909264
18.96 -84.7311 0.909181
18.97 -84.7275 0.909142
18.98 -84.7251 0.909116
18.99 -84.7193 0.909054
19 -84.7123 0.908979
19.01 -84.7084 0.908938
19.02 -84.7069 0.908921
19.03 -84.7046 0.908896
19.04 -84.7005 0.908852
19.05 -84.6972 0.908817
19.06 -84.6964 0.908809
19.07 -84.6969 0.908814
19.08 -84.697 0.908815
19.09 -84.6954 0.908798
19.1 -84.6938 0.90878
19.11 -84.6942 0.908785
19.12 -84.6956 0.9088
19.13 -84.696 0.908804
19.14 -84.6955 0.908798
19.15 -84.6967 0.908811
19.16 -84.6995 0.908842
19.17 -84.702 0.908868
19.18 -84.7031 0.90888
19.19 -84.7038 0.908888
19.2 -84.7049 0.9089
19.21 -84.7118 0.908974
19.22 -84.7221 0.909084
19.23 -84.7282 0.90915
19.24 -84.7331 0.909203
19.25 -84.7387 0.909262
19.26 -84.7456 0.909336
19.27 -84.7522 0.909408
19.28 -84.756 0.909448
19.29 -84.7571 0.90946
19.3 -84.757 0.909459
19.31 -84.7606 0.909498
19.32 -84.766 0.909556
19.33 -84.7678 0.909575
19.34 -84.7653 0.909548
19.35 -84.763 0.909523
19.36 -84.7647 0.909541
19.37 -84.7669 0.909565
19.38 -84.7664 0.90956
19.39 -84.7644 0.909539
19.4 -84.764 0.909534
19.41 -84.7656 0.909551
19.42 -84.7665 0.909561
19.43 -84.7655 0.90955
19.44 -84.7644 0.909538
19.45 -84.7648 0.909543
19.46 -84.7659 0.909555
19.47 -84.766 0.909555
19.48 -84.765 0.909545
19.49 -84.7647 0.909541
19.5 -84.7653 0.909548
19.51 -84.7659 0.909554
19.52 -84.7655 0.90955
19.53 -84.7649 0.909544
19.54 -84.765 0.909545
19.55 -84.7656 0.90955
19.56 -84.7656 0.909551
19.57 -84.7652 0.909546
19.58 -84.7647 0.909542
19.59 -84.7647 0.909541
19.6 -84.7636 0.909529
19.61 -84.7566 0.909454
19.62 -84.7491 0.909374
19.63 -84.7454 0.909335
19.64 -84.7445 0.909325
19.65 -84.7426 0.909305
19.66 -84.7374 0.909249
19.67 -84.7334 0.909205
19.68 -84.7321 0.909191
19.69 -84.7316 0.909186
19.7 -84.7294 0.909163
19.71 -84.7263 0.909129
19.72 -84.7249 0.909115
19.73 -84.7255 0.909121
19.74 -84.7265 0.909131
19.75 -84.7254 0.90912
19.76 -84.7233 0.909097
19.77 -84.7233 0.909097
19.78 -84.7249 0.909114
19.79 -84.7256 0.909122
19.8 -84.7246 0.909111
19.81 -84.7243 0.909108
19.82 -84.7269 0.909136
19.83 -84.7301 0.90917
19.84 -84.7313 0.909183
19.85 -84.7315 0.909185
19.86 -84.7326 0.909197
19.87 -84.7349 0.909222
19.88 -84.7407 0.909283
19.89 -84.7479 0.909361
19.9 -84.7529 0.909415
19.91 -84.7582 0.909471
19.92 -84.7632 0.909526
19.93 -84.7682 0.909579
19.94 -84.771 0.909609
19.95 -84.77 0.909598
19.96 -84.7725 0.909625
19.97 -84.7785 0.909689
19.98 -84.7821 0.909728
19.99 -84.781 0.909716
20 -84.7781 0.909685
