0.01 2.85379e-05 -4.47547e-07
0.02 0.000480454 -7.53475e-06
0.03 0.0036531 -5.72901e-05
0.04 0.00293093 -4.59646e-05
0.05 -0.0555434 0.000871065
0.06 -0.160551 0.00251785
0.07 -0.502858 0.00788611
0.08 -0.981347 0.0153901
0.09 -1.41555 0.0221994
0.1 -2.33499 0.0366186
0.11 -3.5237 0.0552608
0.12 -4.67677 0.0733439
0.13 -5.64801 0.0885753
0.14 -6.39405 0.100275
0.15 -7.29719 0.114439
0.16 -8.37148 0.131286
0.17 -10.0573 0.157724
0.18 -11.7721 0.184616
0.19 -12.8325 0.201247
0.2 -13.509 0.211855
0.21 -14.0023 0.219592
0.22 -14.7348 0.231079
0.23 -15.3905 0.241362
0.24 -15.7356 0.246774
0.25 -15.977 0.25056
0.26 -16.3199 0.255938
0.27 -16.8233 0.263833
0.28 -17.2483 0.270498
0.29 -17.5625 0.275426
0.3 -17.7936 0.27905
0.31 -18.0703 0.28339
0.32 -18.345 0.287697
0.33 -18.5014 0.29015
0.34 -18.6012 0.291715
0.35 -18.7187 0.293558
0.36 -18.8799 0.296085
0.37 -19.0031 0.298017
0.38 -19.0623 0.298946
0.39 -19.1116 0.299719
0.4 -19.1924 0.300986
0.41 -19.2767 0.302309
0.42 -19.318 0.302955
0.43 -19.3246 0.30306
0.44 -19.3311 0.303162
0.45 -19.3515 0.303482
0.46 -19.3655 0.3037
0.47 -19.3559 0.30355
0.48 -19.3556 0.303546
0.49 -19.4002 0.304245
0.5 -19.463 0.305231
0.51 -19.5216 0.30615
0.52 -19.6451 0.308085
0.53 -19.8246 0.3109
0.54 -20.0463 0.314378
0.55 -20.2922 0.318234
0.56 -20.5548 0.322353
0.57 -20.8698 0.327292
0.58 -21.2498 0.333252
0.59 -21.7009 0.340327
0.6 -22.1618 0.347555
0.61 -22.5878 0.354235
0.62 -23.0157 0.360946
0.63 -23.4766 0.368174
0.64 -23.9581 0.375725
0.65 -24.4177 0.382933
0.66 -24.843 0.389603
0.67 -25.2479 0.395953
0.68 -25.6617 0.402442
0.69 -26.0763 0.408944
0.7 -26.4609 0.414976
0.71 -26.8208 0.420619
0.72 -27.1664 0.42604
0.73 -27.5025 0.431311
0.74 -27.8128 0.436177
0.75 -28.0827 0.440409
0.76 -28.3183 0.444104
0.77 -28.5232 0.447317
0.78 -28.6931 0.449981
0.79 -28.8145 0.451885
0.8 -28.8814 0.452935
0.81 -28.905 0.453305
0.82 -28.9196 0.453533
0.83 -28.9322 0.453731
0.84 -28.9238 0.4536
0.85 -28.8834 0.452966
0.86 -28.8172 0.451928
0.87 -28.7295 0.450552
0.88 -28.6134 0.448732
0.89 -28.4659 0.446418
0.9 -28.29 0.443661
0.91 -28.0922 0.440559
0.92 -27.8716 0.437099
0.93 -27.6266 0.433257
0.94 -27.3589 0.429059
0.95 -27.0755 0.424613
0.96 -26.7804 0.419986
0.97 -26.4752 0.415199
0.98 -26.1625 0.410295
0.99 -25.8476 0.405356
1 -25.5383 0.400507
1.01 -25.2403 0.395833
1.02 -24.9564 0.39138
1.03 -24.6817 0.387073
1.04 -24.4423 0.383319
1.05 -24.2616 0.380484
1.06 -24.1451 0.378658
1.07 -24.0884 0.377769
1.08 -24.6386 0.386397
1.09 -25.7381 0.40364
1.1 -26.8961 0.4218
1.11 -28.759 0.451015
1.12 -29.0685 0.455869
1.13 -29.0131 0.455
1.14 -29.2764 0.45913
1.15 -29.2675 0.45899
1.16 -29.5885 0.464023
1.17 -29.7999 0.467339
1.18 -30.2327 0.474127
1.19 -30.5663 0.479359
1.2 -31.0764 0.487358
1.21 -31.6334 0.496094
1.22 -32.1757 0.504598
1.23 -32.7672 0.513874
1.24 -33.336 0.522795
1.25 -33.9835 0.532949
1.26 -34.6088 0.542755
1.27 -35.2158 0.552275
1.28 -35.7986 0.561415
1.29 -36.3934 0.570743
1.3 -36.9861 0.580037
1.31 -37.5351 0.588648
1.32 -38.0455 0.596652
1.33 -38.5267 0.604198
1.34 -38.9781 0.611278
1.35 -39.3852 0.617662
1.36 -39.7279 0.623036
1.37 -40.02 0.627617
1.38 -40.2623 0.631417
1.39 -40.4521 0.634393
1.4 -40.581 0.636415
1.41 -40.6925 0.638163
1.42 -40.8097 0.640001
1.43 -40.9217 0.641758
1.44 -41.0226 0.64334
1.45 -41.1055 0.644641
1.46 -41.1851 0.645888
1.47 -41.2625 0.647103
1.48 -41.3329 0.648207
1.49 -41.39 0.649103
1.5 -41.4377 0.64985
1.51 -41.483 0.65056
1.52 -41.5244 0.65121
1.53 -41.5578 0.651734
1.54 -41.5823 0.652118
1.55 -41.6008 0.652408
1.56 -41.6174 0.652668
1.57 -41.6291 0.652852
1.58 -41.6288 0.652848
1.59 -41.625 0.652787
1.6 -41.6278 0.652832
1.61 -41.6415 0.653046
1.62 -41.6608 0.653348
1.63 -41.6966 0.653911
1.64 -41.7825 0.655257
1.65 -41.9161 0.657353
1.66 -42.0918 0.660108
1.67 -42.2851 0.663139
1.68 -42.5173 0.666782
1.69 -42.8066 0.671318
1.7 -43.1372 0.676503
1.71 -43.5187 0.682486
1.72 -43.9267 0.688884
1.73 -44.3439 0.695426
1.74 -44.7468 0.701745
1.75 -45.1401 0.707913
1.76 -45.532 0.71406
1.77 -45.92 0.720144
1.78 -46.3018 0.726131
1.79 -46.6626 0.73179
1.8 -46.9919 0.736955
1.81 -47.2873 0.741586
1.82 -47.5224 0.745274
1.83 -47.6936 0.747959
1.84 -47.8013 0.749648
1.85 -47.8303 0.750103
1.86 -47.7977 0.749591
1.87 -47.7169 0.748324
1.88 -47.5931 0.746382
1.89 -47.4206 0.743678
1.9 -47.1969 0.740169
1.91 -46.9202 0.73583
1.92 -46.5836 0.730551
1.93 -46.1863 0.724321
1.94 -45.7324 0.717203
1.95 -45.2393 0.709469
1.96 -44.7237 0.701383
1.97 -44.1855 0.692943
1.98 -43.6293 0.68422
1.99 -43.0602 0.675296
2 -42.4778 0.666162
2.01 -41.8875 0.656904
2.02 -41.2942 0.647599
2.03 -40.7033 0.638333
2.04 -40.1191 0.629171
2.05 -39.545 0.620168
2.06 -38.9896 0.611458
2.07 -38.4612 0.603171
2.08 -37.9541 0.595218
2.09 -37.475 0.587705
2.1 -37.0874 0.581627
2.11 -36.7017 0.575577
2.12 -36.4563 0.571729
2.13 -36.351 0.570078
2.14 -36.3807 0.570544
2.15 -36.9515 0.579496
2.16 -38.2945 0.600556
2.17 -40.3752 0.633187
2.18 -42.6382 0.668678
2.19 -44.6411 0.700087
2.2 -47.5536 0.745763
2.21 -48.1812 0.755606
2.22 -48.0667 0.753809
2.23 -48.256 0.756779
2.24 -48.1303 0.754808
2.25 -48.4822 0.760326
2.26 -48.5728 0.761747
2.27 -48.9682 0.767948
2.28 -49.3144 0.773378
2.29 -49.5907 0.77771
2.3 -49.7537 0.780267
2.31 -50.0475 0.784875
2.32 -50.5033 0.792023
2.33 -50.8695 0.797764
2.34 -51.1352 0.801932
2.35 -51.3978 0.80605
2.36 -51.7791 0.81203
2.37 -52.1663 0.818103
2.38 -52.4575 0.822669
2.39 -52.6634 0.825898
2.4 -52.9045 0.829679
2.41 -53.1573 0.833645
2.42 -53.3564 0.836766
2.43 -53.4484 0.838208
2.44 -53.5153 0.839258
2.45 -53.6169 0.840852
2.46 -53.7296 0.842619
2.47 -53.808 0.843849
2.48 -53.8506 0.844516
2.49 -53.9111 0.845465
2.5 -53.9911 0.84672
2.51 -54.0629 0.847845
2.52 -54.1019 0.848458
2.53 -54.1316 0.848923
2.54 -54.1766 0.84963
2.55 -54.2271 0.85042
2.56 -54.2602 0.850941
2.57 -54.2745 0.851165
2.58 -54.2904 0.851414
2.59 -54.3151 0.851801
2.6 -54.3341 0.852099
2.61 -54.3389 0.852175
2.62 -54.3362 0.852131
2.63 -54.3339 0.852096
2.64 -54.339 0.852176
2.65 -54.3554 0.852433
2.66 -54.3769 0.85277
2.67 -54.4215 0.85347
2.68 -54.4935 0.854599
2.69 -54.5874 0.856071
2.7 -54.7021 0.85787
2.71 -54.8549 0.860266
2.72 -55.0367 0.863118
2.73 -55.2416 0.866331
2.74 -55.457 0.86971
2.75 -55.6621 0.872926
2.76 -55.8697 0.876181
2.77 -56.078 0.879448
2.78 -56.2809 0.88263
2.79 -56.4803 0.885756
2.8 -56.6701 0.888733
2.81 -56.8155 0.891014
2.82 -56.9084 0.89247
2.83 -56.9738 0.893496
2.84 -57.0012 0.893927
2.85 -57.0035 0.893963
2.86 -56.9958 0.893841
2.87 -56.9843 0.893661
2.88 -56.9868 0.8937
2.89 -56.9944 0.89382
2.9 -56.9922 0.893786
2.91 -56.9826 0.893635
2.92 -56.979 0.893577
2.93 -56.9872 0.893706
2.94 -57.0003 0.893912
2.95 -56.9961 0.893846
2.96 -56.9824 0.893632
2.97 -56.9793 0.893582
2.98 -56.9123 0.892531
2.99 -56.6878 0.88901
3 -56.3206 0.883253
3.01 -55.8368 0.875665
3.02 -55.2549 0.866539
3.03 -54.5741 0.855863
3.04 -53.8226 0.844078
3.05 -53.0441 0.831868
3.06 -52.2554 0.819499
3.07 -51.4627 0.807068
3.08 -50.7532 0.795941
3.09 -50.0075 0.784247
3.1 -49.3056 0.773239
3.11 -48.8072 0.765423
3.12 -48.3925 0.75892
3.13 -48.0115 0.752944
3.14 -47.6286 0.746939
3.15 -47.4472 0.744095
3.16 -47.6718 0.747618
3.17 -48.3795 0.758716
3.18 -49.8285 0.78144
3.19 -50.848 0.797429
3.2 -51.6062 0.809319
3.21 -52.4547 0.822625
3.22 -53.0795 0.832424
3.23 -54.3575 0.852466
3.24 -55.7333 0.874042
3.25 -57.1319 0.895976
3.26 -57.3585 0.89953
3.27 -57.1899 0.896885
3.28 -57.1784 0.896705
3.29 -57.2253 0.897441
3.3 -57.5663 0.902788
3.31 -57.6906 0.904738
3.32 -57.6401 0.903946
3.33 -57.6515 0.904124
3.34 -57.9006 0.90803
3.35 -58.2152 0.912965
3.36 -58.3066 0.914398
3.37 -58.2888 0.914119
3.38 -58.4584 0.916779
3.39 -58.7746 0.921737
3.4 -59.0272 0.925699
3.41 -59.0295 0.925735
3.42 -59.0657 0.926303
3.43 -59.2899 0.929819
3.44 -59.5272 0.93354
3.45 -59.6119 0.934869
3.46 -59.5812 0.934387
3.47 -59.6311 0.93517
3.48 -59.7721 0.937381
3.49 -59.8658 0.938851
3.5 -59.8572 0.938716
3.51 -59.8423 0.938481
3.52 -59.9099 0.939542
3.53 -60.0081 0.941083
3.54 -60.0388 0.941563
3.55 -60.0218 0.941297
3.56 -60.0331 0.941474
3.57 -60.0955 0.942452
3.58 -60.139 0.943134
3.59 -60.1418 0.943179
3.6 -60.134 0.943056
3.61 -60.1423 0.943187
3.62 -60.174 0.943683
3.63 -60.1858 0.943869
3.64 -60.1738 0.94368
3.65 -60.161 0.943481
3.66 -60.1748 0.943696
3.67 -60.2101 0.94425
3.68 -60.2444 0.944788
3.69 -60.28 0.945346
3.7 -60.3389 0.94627
3.71 -60.4292 0.947686
3.72 -60.5254 0.949194
3.73 -60.6236 0.950734
3.74 -60.723 0.952293
3.75 -60.8214 0.953836
3.76 -60.9189 0.955365
3.77 -61.0074 0.956753
3.78 -61.0805 0.9579
3.79 -61.1361 0.958772
3.8 -61.1719 0.959333
3.81 -61.1827 0.959502
3.82 -61.1802 0.959463
3.83 -61.1775 0.959422
3.84 -61.1769 0.959412
3.85 -61.1798 0.959457
3.86 -61.181 0.959476
3.87 -61.1798 0.959457
3.88 -61.1778 0.959426
3.89 -61.1774 0.95942
3.9 -61.1792 0.959448
3.91 -61.1796 0.959454
3.92 -61.1823 0.959496
3.93 -61.1953 0.9597
3.94 -61.2004 0.95978
3.95 -61.1881 0.959588
3.96 -61.1901 0.959619
3.97 -61.2012 0.959793
3.98 -61.1963 0.959715
3.99 -61.184 0.959522
4 -61.1868 0.959566
4.01 -61.1996 0.959768
4.02 -61.1937 0.959676
4.03 -61.075 0.957814
4.04 -60.7745 0.953101
4.05 -60.3597 0.946596
4.06 -59.8282 0.938261
4.07 -59.206 0.928503
4.08 -58.5377 0.918023
4.09 -57.8129 0.906656
4.1 -57.0459 0.894628
4.11 -56.2455 0.882075
4.12 -55.4266 0.869233
4.13 -54.6284 0.856715
4.14 -53.8478 0.844473
4.15 -53.0535 0.832016
4.16 -52.3714 0.821319
4.17 -51.7669 0.811839
4.18 -51.1444 0.802077
4.19 -50.7104 0.795271
4.2 -50.4487 0.791166
4.21 -50.2111 0.787439
4.22 -50.1232 0.786061
4.23 -50.7814 0.796384
4.24 -52.5063 0.823435
4.25 -53.9132 0.845498
4.26 -54.7829 0.859137
4.27 -55.677 0.87316
4.28 -56.747 0.88994
4.29 -58.1225 0.911512
4.3 -59.4378 0.932138
4.31 -60.3821 0.946947
4.32 -61.3125 0.961538
4.33 -61.4992 0.964467
4.34 -61.5154 0.96472
4.35 -61.5152 0.964717
4.36 -61.4569 0.963802
4.37 -61.6064 0.966147
4.38 -61.7783 0.968843
4.39 -61.87 0.970282
4.4 -61.8015 0.969208
4.41 -61.8745 0.970352
4.42 -62.0929 0.973778
4.43 -62.1935 0.975355
4.44 -62.1657 0.974918
4.45 -62.2192 0.975758
4.46 -62.3511 0.977827
4.47 -62.4812 0.979867
4.48 -62.4894 0.979996
4.49 -62.4579 0.979501
4.5 -62.5023 0.980198
4.51 -62.5814 0.981438
4.52 -62.6287 0.982179
4.53 -62.6074 0.981847
4.54 -62.6033 0.981782
4.55 -62.6507 0.982526
4.56 -62.6982 0.98327
4.57 -62.707 0.983408
4.58 -62.6881 0.983111
4.59 -62.697 0.983252
4.6 -62.7299 0.983767
4.61 -62.7471 0.984036
4.62 -62.7381 0.983896
4.63 -62.7274 0.983727
4.64 -62.7377 0.983889
4.65 -62.7529 0.984127
4.66 -62.7549 0.984159
4.67 -62.7476 0.984045
4.68 -62.7603 0.984244
4.69 -62.7997 0.984862
4.7 -62.8502 0.985653
4.71 -62.8918 0.986307
4.72 -62.9286 0.986882
4.73 -62.977 0.987642
4.74 -63.034 0.988537
4.75 -63.0751 0.989181
4.76 -63.0976 0.989533
4.77 -63.1069 0.989679
4.78 -63.1108 0.989741
4.79 -63.1154 0.989813
4.8 -63.1147 0.989801
4.81 -63.1105 0.989735
4.82 -63.1099 0.989726
4.83 -63.1135 0.989783
4.84 -63.1149 0.989805
4.85 -63.1122 0.989763
4.86 -63.1097 0.989724
4.87 -63.1113 0.989749
4.88 -63.1143 0.989796
4.89 -63.1288 0.990023
4.9 -63.1514 0.990377
4.91 -63.156 0.990449
4.92 -63.1366 0.990145
4.93 -63.1241 0.989949
4.94 -63.1328 0.990085
4.95 -63.0788 0.989239
4.96 -62.8308 0.98535
4.97 -62.4117 0.978776
4.98 -61.8672 0.970238
4.99 -61.2794 0.961019
5 -60.6365 0.950937
5.01 -59.8475 0.938564
5.02 -58.9722 0.924836
5.03 -58.0388 0.910199
5.04 -57.057 0.894801
5.05 -55.9829 0.877957
5.06 -54.8176 0.859682
5.07 -53.6274 0.841017
5.08 -52.4227 0.822123
5.09 -51.2056 0.803037
5.1 -49.9801 0.783818
5.11 -48.7696 0.764833
5.12 -47.6174 0.746764
5.13 -46.5222 0.729589
5.14 -45.4665 0.713033
5.15 -44.5299 0.698344
5.16 -43.7644 0.686339
5.17 -43.2534 0.678325
5.18 -42.8484 0.671974
5.19 -42.5775 0.667726
5.2 -43.2 0.677488
5.21 -45.4021 0.712022
5.22 -47.464 0.744358
5.23 -48.8531 0.766143
5.24 -50.8501 0.797461
5.25 -53.5524 0.839841
5.26 -55.7321 0.874024
5.27 -57.3491 0.899383
5.28 -58.9269 0.924126
5.29 -60.1329 0.943039
5.3 -61.2509 0.960573
5.31 -62.1829 0.975188
5.32 -63.0127 0.988202
5.33 -63.2198 0.99145
5.34 -63.1978 0.991105
5.35 -63.4313 0.994766
5.36 -63.4139 0.994493
5.37 -63.3044 0.992777
5.38 -63.248 0.991891
5.39 -63.4638 0.995276
5.4 -63.6401 0.998042
5.41 -63.591 0.997271
5.42 -63.5039 0.995905
5.43 -63.5292 0.996302
5.44 -63.6795 0.99866
5.45 -63.7142 0.999204
5.46 -63.6465 0.998142
5.47 -63.6051 0.997493
5.48 -63.6678 0.998476
5.49 -63.7461 0.999703
5.5 -63.7244 0.999363
5.51 -63.6679 0.998477
5.52 -63.6631 0.998402
5.53 -63.7145 0.999208
5.54 -63.7377 0.999571
5.55 -63.7009 0.998994
5.56 -63.6711 0.998527
5.57 -63.6885 0.9988
5.58 -63.7216 0.999319
5.59 -63.7182 0.999266
5.6 -63.6891 0.99881
5.61 -63.682 0.998698
5.62 -63.7031 0.999029
5.63 -63.7174 0.999253
5.64 -63.7043 0.999048
5.65 -63.6879 0.998792
5.66 -63.6928 0.998868
5.67 -63.7083 0.999112
5.68 -63.7101 0.999139
5.69 -63.7003 0.998985
5.7 -63.7038 0.99904
5.71 -63.7309 0.999465
5.72 -63.7649 0.999999
5.73 -63.7706 1.00009
5.74 -63.7596 0.999916
5.75 -63.7613 0.999941
5.76 -63.7666 1.00002
5.77 -63.7699 1.00008
5.78 -63.7648 0.999996
5.79 -63.7611 0.999939
5.8 -63.7639 0.999984
5.81 -63.7675 1.00004
5.82 -63.7671 1.00003
5.83 -63.7633 0.999973
5.84 -63.7633 0.999973
5.85 -63.7654 1.00001
5.86 -63.7669 1.00003
5.87 -63.7653 1
5.88 -63.7635 0.999977
5.89 -63.7644 0.99999
5.9 -63.7659 1.00001
5.91 -63.766 1.00002
5.92 -63.8015 1.00057
5.93 -63.8023 1.00059
5.94 -63.7529 0.99981
5.95 -63.7872 1.00035
5.96 -63.8081 1.00068
5.97 -63.7828 1.00028
5.98 -63.7931 1.00044
5.99 -63.781 1.00025
6 -63.7789 1.00022
6.01 -63.771 1.00009
6.02 -63.6575 0.998314
6.03 -63.2669 0.992188
6.04 -62.7526 0.984123
6.05 -62.1444 0.974585
6.06 -61.4428 0.963583
6.07 -60.6391 0.950977
6.08 -59.67 0.935779
6.09 -58.6083 0.91913
6.1 -57.5046 0.901821
6.11 -56.3437 0.883615
6.12 -55.113 0.864315
6.13 -53.8737 0.84488
6.14 -52.6408 0.825544
6.15 -51.4614 0.807048
6.16 -50.463 0.791391
6.17 -49.5288 0.77674
6.18 -48.7494 0.764517
6.19 -48.171 0.755445
6.2 -47.7618 0.749029
6.21 -47.8335 0.750152
6.22 -48.8461 0.766033
6.23 -50.9751 0.799422
6.24 -52.7161 0.826725
6.25 -54.1994 0.849987
6.26 -55.7539 0.874365
6.27 -57.2932 0.898506
6.28 -58.7042 0.920633
6.29 -59.7136 0.936464
6.3 -60.7241 0.952311
6.31 -61.6068 0.966154
6.32 -62.2244 0.975839
6.33 -62.7534 0.984136
6.34 -63.3785 0.993939
6.35 -63.7024 0.999018
6.36 -63.6944 0.998893
6.37 -63.6892 0.998812
6.38 -63.72 0.999294
6.39 -63.8314 1.00104
6.4 -63.7659 1.00001
6.41 -63.5961 0.997352
6.42 -63.6119 0.9976
6.43 -63.7336 0.999508
6.44 -63.7896 1.00039
6.45 -63.6909 0.998838
6.46 -63.6141 0.997634
6.47 -63.67 0.99851
6.48 -63.7474 0.999724
6.49 -63.7384 0.999583
6.5 -63.6612 0.998373
6.51 -63.6467 0.998145
6.52 -63.7039 0.999042
6.53 -63.7364 0.999551
6.54 -63.702 0.999012
6.55 -63.6602 0.998356
6.56 -63.6756 0.998597
6.57 -63.7152 0.999219
6.58 -63.7171 0.99925
6.59 -63.6844 0.998736
6.6 -63.6709 0.998524
6.61 -63.6936 0.998881
6.62 -63.713 0.999184
6.63 -63.7011 0.998999
6.64 -63.6804 0.998673
6.65 -63.683 0.998714
6.66 -63.7013 0.999001
6.67 -63.7057 0.999071
6.68 -63.6922 0.998859
6.69 -63.6835 0.998722
6.7 -63.7225 0.999334
6.71 -63.7401 0.999609
6.72 -63.734 0.999514
6.73 -63.7249 0.999371
6.74 -63.7184 0.999269
6.75 -63.7309 0.999466
6.76 -63.7354 0.999536
6.77 -63.7302 0.999454
6.78 -63.7224 0.999332
6.79 -63.7242 0.999361
6.8 -63.7325 0.99949
6.81 -63.7336 0.999507
6.82 -63.7266 0.999398
6.83 -63.7236 0.999351
6.84 -63.7279 0.999418
6.85 -63.7324 0.999488
6.86 -63.7302 0.999454
6.87 -63.7256 0.999382
6.88 -63.726 0.999389
6.89 -63.7717 1.00011
6.9 -63.7771 1.00019
6.91 -63.7562 0.999862
6.92 -63.7515 0.999789
6.93 -63.7685 1.00005
6.94 -63.7794 1.00023
6.95 -63.7554 0.99985
6.96 -63.6758 0.998602
6.97 -63.4656 0.995304
6.98 -63.1281 0.990011
6.99 -62.6429 0.982403
7 -62.014 0.972539
7.01 -61.1887 0.959597
7.02 -60.1469 0.943258
7.03 -58.875 0.923313
7.04 -57.404 0.900243
7.05 -55.789 0.874916
7.06 -54.0374 0.847446
7.07 -52.2153 0.818871
7.08 -50.3436 0.789518
7.09 -48.4552 0.759903
7.1 -46.5972 0.730764
7.11 -44.8286 0.703028
7.12 -43.1715 0.677041
7.13 -41.6858 0.653741
7.14 -40.4053 0.63366
7.15 -39.3895 0.61773
7.16 -38.7288 0.607367
7.17 -38.3421 0.601304
7.18 -38.3949 0.602131
7.19 -40.3028 0.632052
7.2 -42.9421 0.673443
7.21 -44.894 0.704054
7.22 -47.199 0.740203
7.23 -49.944 0.783251
7.24 -52.3656 0.821228
7.25 -54.9253 0.86137
7.26 -57.1376 0.896065
7.27 -58.8794 0.923381
7.28 -60.4449 0.947933
7.29 -61.7775 0.968831
7.3 -63.2074 0.991256
7.31 -63.7532 0.999814
7.32 -63.738 0.999577
7.33 -63.8497 1.00133
7.34 -63.8399 1.00118
7.35 -63.6752 0.998591
7.36 -63.5612 0.996804
7.37 -63.7018 0.999009
7.38 -63.8191 1.00085
7.39 -63.7538 0.999825
7.4 -63.6359 0.997976
7.41 -63.6353 0.997965
7.42 -63.7489 0.999747
7.43 -63.7775 1.0002
7.44 -63.7004 0.998986
7.45 -63.6471 0.998152
7.46 -63.6877 0.998788
7.47 -63.7562 0.999862
7.48 -63.7365 0.999552
7.49 -63.6809 0.998681
7.5 -63.6717 0.998536
7.51 -63.7165 0.99924
7.52 -63.7426 0.999648
7.53 -63.71 0.999138
7.54 -63.6814 0.998688
7.55 -63.6939 0.998885
7.56 -63.7256 0.999382
7.57 -63.7249 0.999372
7.58 -63.6984 0.998956
7.59 -63.6899 0.998823
7.6 -63.7081 0.999108
7.61 -63.7229 0.99934
7.62 -63.7121 0.99917
7.63 -63.6963 0.998922
7.64 -63.6991 0.998966
7.65 -63.7142 0.999203
7.66 -63.7171 0.999249
7.67 -63.705 0.999059
7.68 -63.6974 0.99894
7.69 -63.7084 0.999113
7.7 -63.7174 0.999253
7.71 -63.7124 0.999175
7.72 -63.7258 0.999386
7.73 -63.7319 0.999481
7.74 -63.7381 0.999578
7.75 -63.7399 0.999606
7.76 -63.7313 0.999472
7.77 -63.7304 0.999458
7.78 -63.7326 0.999492
7.79 -63.7373 0.999565
7.8 -63.7371 0.999562
7.81 -63.7339 0.999512
7.82 -63.7323 0.999488
7.83 -63.7337 0.99951
7.84 -63.7358 0.999542
7.85 -63.7356 0.999539
7.86 -63.7333 0.999503
7.87 -63.733 0.999499
7.88 -63.7346 0.999524
7.89 -63.7355 0.999537
7.9 -63.7346 0.999523
7.91 -63.7333 0.999503
7.92 -63.7339 0.999512
7.93 -63.7349 0.999528
7.94 -63.735 0.999529
7.95 -63.7781 1.00021
7.96 -63.7814 1.00026
7.97 -63.7226 0.999335
7.98 -63.7194 0.999286
7.99 -63.7877 1.00036
8 -63.803 1.0006
8.01 -63.7305 0.999459
8.02 -63.7333 0.999502
8.03 -63.7628 0.999965
8.04 -63.7671 1.00003
8.05 -63.7349 0.999528
8.06 -63.6701 0.998512
8.07 -63.4607 0.995228
8.08 -63.1065 0.989673
8.09 -62.5924 0.98161
8.1 -61.8994 0.970742
8.11 -61.0831 0.95794
8.12 -60.0911 0.942383
8.13 -58.9373 0.92429
8.14 -57.6088 0.903454
8.15 -56.2675 0.88242
8.16 -55.0608 0.863495
8.17 -53.8149 0.843957
8.18 -52.7529 0.827302
8.19 -51.9511 0.814728
8.2 -51.4451 0.806792
8.21 -51.4091 0.806228
8.22 -51.7495 0.811565
8.23 -53.0755 0.832362
8.24 -54.6814 0.857546
8.25 -55.7452 0.87423
8.26 -56.5266 0.886483
8.27 -56.9955 0.893836
8.28 -57.41 0.900338
8.29 -58.2604 0.913673
8.3 -59.4987 0.933093
8.31 -60.6095 0.950513
8.32 -61.4882 0.964294
8.33 -62.2407 0.976094
8.34 -62.8522 0.985684
8.35 -63.397 0.994229
8.36 -63.7225 0.999334
8.37 -63.7819 1.00027
8.38 -63.7042 0.999047
8.39 -63.71 0.999137
8.4 -63.7951 1.00047
8.41 -63.8634 1.00154
8.42 -63.85 1.00133
8.43 -63.6912 0.998843
8.44 -63.6447 0.998113
8.45 -63.7692 1.00007
8.46 -63.8406 1.00119
8.47 -63.774 1.00014
8.48 -63.6835 0.998723
8.49 -63.7051 0.99906
8.5 -63.798 1.00052
8.51 -63.8012 1.00057
8.52 -63.7345 0.999522
8.53 -63.7019 0.99901
8.54 -63.7461 0.999703
8.55 -63.7945 1.00046
8.56 -63.7669 1.00003
8.57 -63.7247 0.999368
8.58 -63.7258 0.999385
8.59 -63.7657 1.00001
8.6 -63.7779 1.0002
8.61 -63.7481 0.999735
8.62 -63.7289 0.999435
8.63 -63.7449 0.999684
8.64 -63.7687 1.00006
8.65 -63.7624 0.999959
8.66 -63.7412 0.999627
8.67 -63.7383 0.999581
8.68 -63.7551 0.999845
8.69 -63.7687 1.00006
8.7 -63.7584 0.999897
8.71 -63.7469 0.999716
8.72 -63.7514 0.999787
8.73 -63.7633 0.999974
8.74 -63.7637 0.99998
8.75 -63.7528 0.999809
8.76 -63.7502 0.999767
8.77 -63.7574 0.999881
8.78 -63.7624 0.99996
8.79 -63.7581 0.999892
8.8 -63.7523 0.999801
8.81 -63.7539 0.999826
8.82 -63.7593 0.999911
8.83 -63.7599 0.99992
8.84 -63.7556 0.999853
8.85 -63.7535 0.99982
8.86 -63.7564 0.999865
8.87 -63.7592 0.999909
8.88 -63.7718 1.00011
8.89 -63.8164 1.00081
8.9 -63.8377 1.00114
8.91 -63.7912 1.00041
8.92 -63.7643 0.999989
8.93 -63.4811 0.995547
8.94 -62.9846 0.987762
8.95 -62.2968 0.976975
8.96 -61.4093 0.963057
8.97 -60.4352 0.94778
8.98 -59.2199 0.92872
8.99 -57.7775 0.9061
9 -56.0786 0.879457
9.01 -54.1979 0.849964
9.02 -52.153 0.817894
9.03 -49.8982 0.782532
9.04 -47.4892 0.744754
9.05 -44.9725 0.705286
9.06 -42.4623 0.665919
9.07 -39.9995 0.627296
9.08 -37.626 0.590073
9.09 -35.4209 0.555491
9.1 -33.4452 0.524507
9.11 -31.7466 0.497869
9.12 -30.2808 0.474882
9.13 -29.0532 0.45563
9.14 -28.2232 0.442613
9.15 -27.8735 0.437128
9.16 -28.4332 0.445906
9.17 -31.0785 0.487392
9.18 -34.3247 0.538301
9.19 -37.222 0.583738
9.2 -40.6845 0.638039
9.21 -44.1101 0.69176
9.22 -47.6172 0.74676
9.23 -51.0623 0.800789
9.24 -54.8643 0.860414
9.25 -58.5937 0.918901
9.26 -62.0145 0.972547
9.27 -63.055 0.988865
9.28 -63.351 0.993508
9.29 -63.8948 1.00203
9.3 -63.7092 0.999125
9.31 -63.3014 0.992729
9.32 -63.3557 0.993581
9.33 -63.7985 1.00052
9.34 -63.9622 1.00309
9.35 -63.7312 0.99947
9.36 -63.4992 0.995831
9.37 -63.7098 0.999134
9.38 -63.9161 1.00237
9.39 -63.8982 1.00209
9.4 -63.6639 0.998415
9.41 -63.6281 0.997853
9.42 -63.7973 1.00051
9.43 -63.8887 1.00194
9.44 -63.788 1.00036
9.45 -63.6633 0.998405
9.46 -63.7146 0.99921
9.47 -63.8265 1.00097
9.48 -63.8347 1.00109
9.49 -63.7335 0.999506
9.5 -63.6994 0.998971
9.51 -63.764 0.999984
9.52 -63.8221 1.0009
9.53 -63.785 1.00031
9.54 -63.7248 0.999369
9.55 -63.7336 0.999507
9.56 -63.7869 1.00034
9.57 -63.7997 1.00054
9.58 -63.7585 0.999898
9.59 -63.734 0.999514
9.6 -63.7585 0.999899
9.61 -63.7892 1.00038
9.62 -63.7786 1.00021
9.63 -63.7493 0.999754
9.64 -63.7481 0.999735
9.65 -63.7724 1.00012
9.66 -63.7812 1.00025
9.67 -63.7649 0.999999
9.68 -63.7511 0.999783
9.69 -63.7599 0.99992
9.7 -63.7744 1.00015
9.71 -63.7729 1.00012
9.72 -63.76 0.999922
9.73 -63.7565 0.999866
9.74 -63.7661 1.00002
9.75 -63.7725 1.00012
9.76 -63.7668 1.00003
9.77 -63.7592 0.999909
9.78 -63.7615 0.999945
9.79 -63.7685 1.00005
9.8 -63.7693 1.00007
9.81 -63.7626 0.999962
9.82 -63.7615 0.999945
9.83 -63.7656 1.00001
9.84 -63.7682 1.00005
9.85 -63.766 1.00002
9.86 -63.7621 0.999954
9.87 -63.7635 0.999977
9.88 -63.7665 1.00002
9.89 -63.7672 1.00003
9.9 -63.7642 0.999988
9.91 -63.763 0.999968
9.92 -63.7649 0.999999
9.93 -63.7665 1.00002
9.94 -63.7658 1.00001
9.95 -63.7638 0.999981
9.96 -63.7641 0.999986
9.97 -63.7655 1.00001
9.98 -63.766 1.00002
9.99 -63.7649 0.999998
10 -63.764 0.999985
10.01 -63.7648 0.999997
10.02 -63.8097 1.0007
10.03 -63.8129 1.00075
10.04 -63.7507 0.999776
10.05 -63.7471 0.999719
10.06 -63.7768 1.00018
10.07 -63.7939 1.00045
10.08 -63.8129 1.00075
10.09 -63.7841 1.0003
10.1 -63.7458 0.999699
10.11 -63.7611 0.999939
10.12 -63.8321 1.00105
10.13 -63.8202 1.00087
10.14 -63.7543 0.999833
10.15 -63.7326 0.999492
10.16 -63.7759 1.00017
10.17 -63.8025 1.00059
10.18 -63.2837 0.992451
10.19 -62.4025 0.978633
10.2 -61.2846 0.961101
10.21 -59.8884 0.939205
10.22 -58.2773 0.913939
10.23 -56.4265 0.884914
10.24 -54.4701 0.854231
10.25 -52.424 0.822145
10.26 -50.4302 0.790876
10.27 -48.5313 0.761097
10.28 -46.7725 0.733514
10.29 -45.1329 0.7078
10.3 -43.6205 0.684082
10.31 -42.2799 0.663059
10.32 -41.1219 0.644898
10.33 -40.1047 0.628946
10.34 -39.1568 0.61408
10.35 -38.329 0.601098
10.36 -37.6127 0.589864
10.37 -36.9955 0.580185
10.38 -36.4618 0.571816
10.39 -35.9855 0.564346
10.4 -35.5721 0.557863
10.41 -35.2207 0.552351
10.42 -34.9164 0.54758
10.43 -34.6298 0.543085
10.44 -34.3449 0.538616
10.45 -34.0659 0.534241
10.46 -33.7887 0.529894
10.47 -33.5038 0.525427
10.48 -33.2062 0.52076
10.49 -32.907 0.516066
10.5 -32.625 0.511644
10.51 -32.3694 0.507637
10.52 -32.1474 0.504154
10.53 -31.9454 0.500987
10.54 -31.7442 0.497831
10.55 -31.7655 0.498166
10.56 -33.0115 0.517706
10.57 -35.4337 0.555692
10.58 -37.8866 0.59416
10.59 -40.6467 0.637445
10.6 -44.3834 0.696047
10.61 -48.7388 0.764351
10.62 -53.0244 0.831559
10.63 -56.8086 0.890906
10.64 -60.0349 0.941502
10.65 -62.5806 0.981425
10.66 -63.5653 0.996869
10.67 -63.898 1.00209
10.68 -63.4835 0.995586
10.69 -63.0629 0.988989
10.7 -63.5573 0.996743
10.71 -63.9799 1.00337
10.72 -63.8454 1.00126
10.73 -63.4461 0.994999
10.74 -63.4419 0.994933
10.75 -63.8023 1.00058
10.76 -63.9519 1.00293
10.77 -63.7126 0.999178
10.78 -63.5254 0.996242
10.79 -63.654 0.998259
10.8 -63.8808 1.00182
10.81 -63.8473 1.00129
10.82 -63.6595 0.998346
10.83 -63.6183 0.997699
10.84 -63.7617 0.999948
10.85 -63.8538 1.00139
10.86 -63.7597 0.999917
10.87 -63.6592 0.998341
10.88 -63.6981 0.998951
10.89 -63.8075 1.00067
10.9 -63.8172 1.00082
10.91 -63.7373 0.999565
10.92 -63.7064 0.99908
10.93 -63.7639 0.999983
10.94 -63.8148 1.00078
10.95 -63.7834 1.00029
10.96 -63.73 0.999451
10.97 -63.7369 0.999559
10.98 -63.7843 1.0003
10.99 -63.7958 1.00048
11 -63.7598 0.999918
11.01 -63.7375 0.999568
11.02 -63.7593 0.999911
11.03 -63.7912 1.00041
11.04 -63.7877 1.00036
11.05 -63.7522 0.999799
11.06 -63.7415 0.999632
11.07 -63.7689 1.00006
11.08 -63.7858 1.00033
11.09 -63.7734 1.00013
11.1 -63.7576 0.999884
11.11 -63.7594 0.999911
11.12 -63.7707 1.00009
11.13 -63.7735 1.00013
11.14 -63.7712 1.0001
11.15 -63.7629 0.999966
11.16 -63.762 0.999953
11.17 -63.7676 1.00004
11.18 -63.7708 1.00009
11.19 -63.7669 1.00003
11.2 -63.7622 0.999956
11.21 -63.7644 0.999991
11.22 -63.7677 1.00004
11.23 -63.768 1.00005
11.24 -63.7639 0.999983
11.25 -63.6287 0.997863
11.26 -63.4473 0.995017
11.27 -63.2518 0.991951
11.28 -63.0258 0.988408
11.29 -62.8015 0.984889
11.3 -62.5429 0.980835
11.31 -62.2692 0.976542
11.32 -61.9761 0.971946
11.33 -61.6716 0.967171
11.34 -61.3656 0.962372
11.35 -61.0463 0.957363
11.36 -60.7137 0.952148
11.37 -60.3783 0.946887
11.38 -60.047 0.941692
11.39 -59.7175 0.936524
11.4 -59.3845 0.931303
11.41 -59.051 0.926072
11.42 -58.718 0.92085
11.43 -58.3929 0.915751
11.44 -58.0744 0.910756
11.45 -57.7572 0.905782
11.46 -57.4419 0.900838
11.47 -57.1311 0.895963
11.48 -56.8297 0.891236
11.49 -56.5336 0.886593
11.5 -56.2455 0.882075
11.51 -55.9575 0.877557
11.52 -55.6719 0.87308
11.53 -55.4039 0.868876
11.54 -55.1435 0.864793
11.55 -54.8874 0.860776
11.56 -54.6345 0.856811
11.57 -54.3906 0.852985
11.58 -54.1603 0.849374
11.59 -53.9354 0.845846
11.6 -53.7157 0.842401
11.61 -53.5024 0.839055
11.62 -53.2996 0.835876
11.63 -53.1074 0.832862
11.64 -52.9214 0.829945
11.65 -52.7429 0.827145
11.66 -52.5739 0.824494
11.67 -52.4168 0.82203
11.68 -52.2701 0.81973
11.69 -52.1325 0.817573
11.7 -52.0057 0.815583
11.71 -51.8916 0.813794
11.72 -51.7906 0.812211
11.73 -51.7015 0.810814
11.74 -51.6246 0.809607
11.75 -51.561 0.808611
11.76 -51.512 0.807841
11.77 -51.477 0.807292
11.78 -51.4554 0.806954
11.79 -51.448 0.806838
11.8 -51.4546 0.80694
11.81 -51.493 0.807544
11.82 -51.6539 0.810066
11.83 -51.9474 0.814669
11.84 -52.4636 0.822765
11.85 -53.0765 0.832377
11.86 -53.7652 0.843177
11.87 -54.5119 0.854888
11.88 -55.259 0.866604
11.89 -56.0808 0.879492
11.9 -57.0874 0.895279
11.91 -58.0473 0.910331
11.92 -58.8594 0.923068
11.93 -59.6008 0.934694
11.94 -60.1908 0.943947
11.95 -60.7049 0.95201
11.96 -61.1361 0.958773
11.97 -61.4813 0.964185
11.98 -61.7382 0.968215
11.99 -61.9132 0.970959
12 -62.0349 0.972868
12.01 -62.0845 0.973645
12.02 -62.0652 0.973342
12.03 -62.0457 0.973037
12.04 -62.0537 0.973162
12.05 -62.0784 0.97355
12.06 -62.0837 0.973632
12.07 -62.0666 0.973365
12.08 -62.0609 0.973275
12.09 -62.0688 0.973399
12.1 -62.0796 0.973569
12.11 -62.0748 0.973493
12.12 -62.0649 0.973339
12.13 -62.0652 0.973343
12.14 -62.0733 0.97347
12.15 -62.0765 0.97352
12.16 -62.0703 0.973423
12.17 -62.0659 0.973353
12.18 -62.0692 0.973405
12.19 -62.0742 0.973484
12.2 -62.0733 0.973469
12.21 -62.0687 0.973397
12.22 -62.0678 0.973384
12.23 -62.0713 0.973438
12.24 -62.0805 0.973583
12.25 -62.0603 0.973266
12.26 -61.9533 0.971588
12.27 -61.8289 0.969637
12.28 -61.7103 0.967778
12.29 -61.6014 0.966069
12.3 -61.4812 0.964184
12.31 -61.334 0.961875
12.32 -61.182 0.959492
12.33 -61.0351 0.957187
12.34 -60.8937 0.954971
12.35 -60.7337 0.952462
12.36 -60.5609 0.949751
12.37 -60.3892 0.947058
12.38 -60.2244 0.944474
12.39 -60.0545 0.94181
12.4 -59.872 0.938948
12.41 -59.6851 0.936017
12.42 -59.5021 0.933147
12.43 -59.3206 0.9303
12.44 -59.1332 0.927361
12.45 -58.9397 0.924327
12.46 -58.7464 0.921295
12.47 -58.5569 0.918324
12.48 -58.3666 0.91534
12.49 -58.1726 0.912297
12.5 -57.9771 0.90923
12.51 -57.7846 0.906211
12.52 -57.5949 0.903236
12.53 -57.4047 0.900254
12.54 -57.2139 0.897262
12.55 -57.0252 0.894303
12.56 -56.8409 0.891412
12.57 -56.6595 0.888568
12.58 -56.4795 0.885745
12.59 -56.302 0.882961
12.6 -56.1294 0.880254
12.61 -55.9622 0.877631
12.62 -55.799 0.875072
12.63 -55.6397 0.872574
12.64 -55.4858 0.870161
12.65 -55.3387 0.867853
12.66 -55.198 0.865647
12.67 -55.0631 0.863532
12.68 -54.9347 0.861519
12.69 -54.814 0.859626
12.7 -54.7016 0.857862
12.71 -54.597 0.856222
12.72 -54.5002 0.854704
12.73 -54.4121 0.853322
12.74 -54.3333 0.852087
12.75 -54.264 0.851
12.76 -54.2039 0.850057
12.77 -54.1532 0.849262
12.78 -54.1125 0.848624
12.79 -54.0821 0.848148
12.8 -54.0618 0.847829
12.81 -54.0515 0.847667
12.82 -54.0515 0.847667
12.83 -54.0589 0.847783
12.84 -54.1084 0.84856
12.85 -54.2121 0.850186
12.86 -54.4295 0.853596
12.87 -54.7831 0.859141
12.88 -55.1835 0.86542
12.89 -55.6337 0.87248
12.9 -56.0869 0.879587
12.91 -56.5305 0.886544
12.92 -57.0011 0.893925
12.93 -57.5339 0.90228
12.94 -58.0852 0.910926
12.95 -58.5482 0.918187
12.96 -58.9796 0.924953
12.97 -59.355 0.930839
12.98 -59.6698 0.935777
12.99 -59.9261 0.939795
13 -60.1262 0.942934
13.01 -60.2803 0.945351
13.02 -60.3746 0.94683
13.03 -60.4152 0.947466
13.04 -60.4051 0.947308
13.05 -60.3804 0.946921
13.06 -60.3823 0.946951
13.07 -60.406 0.947322
13.08 -60.4102 0.947388
13.09 -60.396 0.947165
13.1 -60.3853 0.946997
13.11 -60.3945 0.947142
13.12 -60.4068 0.947334
13.13 -60.4024 0.947265
13.14 -60.3921 0.947104
13.15 -60.3905 0.947079
13.16 -60.3997 0.947223
13.17 -60.4038 0.947288
13.18 -60.3976 0.947191
13.19 -60.3922 0.947106
13.2 -60.3951 0.947151
13.21 -60.4009 0.947243
13.22 -60.4005 0.947236
13.23 -60.3954 0.947157
13.24 -60.394 0.947134
13.25 -60.399 0.947212
13.26 -60.4077 0.947349
13.27 -60.3657 0.946691
13.28 -60.2624 0.94507
13.29 -60.1691 0.943607
13.3 -60.0771 0.942164
13.31 -59.9791 0.940627
13.32 -59.8815 0.939097
13.33 -59.7736 0.937404
13.34 -59.6624 0.935661
13.35 -59.5489 0.933881
13.36 -59.4336 0.932072
13.37 -59.3161 0.930229
13.38 -59.1946 0.928325
13.39 -59.072 0.926402
13.4 -58.9496 0.924482
13.41 -58.8267 0.922555
13.42 -58.7026 0.920608
13.43 -58.5774 0.918645
13.44 -58.453 0.916694
13.45 -58.3293 0.914754
13.46 -58.2062 0.912823
13.47 -58.0829 0.910891
13.48 -57.9606 0.908971
13.49 -57.8399 0.90708
13.5 -57.7208 0.905211
13.51 -57.603 0.903364
13.52 -57.4864 0.901536
13.53 -57.372 0.899741
13.54 -57.2602 0.897988
13.55 -57.1508 0.896272
13.56 -57.0436 0.894591
13.57 -56.939 0.89295
13.58 -56.8376 0.89136
13.59 -56.7397 0.889824
13.6 -56.6449 0.888339
13.61 -56.5536 0.886906
13.62 -56.466 0.885533
13.63 -56.3827 0.884227
13.64 -56.3037 0.882987
13.65 -56.2288 0.881814
13.66 -56.1586 0.880711
13.67 -56.0932 0.879686
13.68 -56.0328 0.87874
13.69 -55.9776 0.877873
13.7 -55.9275 0.877088
13.71 -55.8829 0.876388
13.72 -55.8438 0.875775
13.73 -55.8104 0.875251
13.74 -55.7826 0.874816
13.75 -55.7606 0.87447
13.76 -55.7443 0.874215
13.77 -55.7339 0.874051
13.78 -55.7293 0.873979
13.79 -55.7299 0.873988
13.8 -55.735 0.874069
13.81 -55.7486 0.874283
13.82 -55.7984 0.875064
13.83 -55.8835 0.876398
13.84 -56.0373 0.878809
13.85 -56.2364 0.881932
13.86 -56.4701 0.885597
13.87 -56.7411 0.889847
13.88 -56.9863 0.893693
13.89 -57.2252 0.897439
13.9 -57.4792 0.901423
13.91 -57.7382 0.905485
13.92 -57.9833 0.909328
13.93 -58.2253 0.913123
13.94 -58.4748 0.917037
13.95 -58.6874 0.920371
13.96 -58.8719 0.923263
13.97 -59.0208 0.925598
13.98 -59.1175 0.927115
13.99 -59.1862 0.928193
14 -59.226 0.928817
14.01 -59.2337 0.928937
14.02 -59.2105 0.928573
14.03 -59.1996 0.928403
14.04 -59.215 0.928644
14.05 -59.2271 0.928833
14.06 -59.2217 0.92875
14.07 -59.2067 0.928514
14.08 -59.208 0.928534
14.09 -59.2198 0.928719
14.1 -59.2233 0.928774
14.11 -59.215 0.928645
14.12 -59.2083 0.92854
14.13 -59.2136 0.928623
14.14 -59.2206 0.928732
14.15 -59.219 0.928706
14.16 -59.2125 0.928605
14.17 -59.2114 0.928588
14.18 -59.2166 0.928669
14.19 -59.2192 0.928711
14.2 -59.2159 0.928659
14.21 -59.2125 0.928605
14.22 -59.2127 0.928608
14.23 -59.2159 0.928659
14.24 -59.1951 0.928332
14.25 -59.1195 0.927147
14.26 -59.03 0.925744
14.27 -58.9631 0.924694
14.28 -58.9129 0.923907
14.29 -58.8437 0.922821
14.3 -58.7521 0.921385
14.31 -58.6664 0.920041
14.32 -58.5996 0.918994
14.33 -58.5346 0.917973
14.34 -58.4525 0.916686
14.35 -58.3683 0.915366
14.36 -58.2942 0.914204
14.37 -58.23 0.913197
14.38 -58.161 0.912115
14.39 -58.0837 0.910903
14.4 -58.0101 0.909748
14.41 -57.9453 0.908731
14.42 -57.8835 0.907763
14.43 -57.8165 0.906712
14.44 -57.7475 0.90563
14.45 -57.6844 0.90464
14.46 -57.627 0.90374
14.47 -57.5693 0.902835
14.48 -57.5089 0.901888
14.49 -57.4505 0.900973
14.5 -57.3978 0.900145
14.51 -57.348 0.899364
14.52 -57.2976 0.898574
14.53 -57.2474 0.897787
14.54 -57.201 0.89706
14.55 -57.1591 0.896403
14.56 -57.119 0.895773
14.57 -57.0794 0.895152
14.58 -57.0421 0.894567
14.59 -57.009 0.894049
14.6 -56.9794 0.893585
14.61 -56.9515 0.893147
14.62 -56.9255 0.892739
14.63 -56.9029 0.892385
14.64 -56.8843 0.892093
14.65 -56.8686 0.891847
14.66 -56.855 0.891633
14.67 -56.8442 0.891464
14.68 -56.8372 0.891354
14.69 -56.8336 0.891298
14.7 -56.8332 0.891291
14.71 -56.8346 0.891313
14.72 -56.8368 0.891349
14.73 -56.8408 0.89141
14.74 -56.8712 0.891887
14.75 -56.9158 0.892587
14.76 -56.9695 0.893429
14.77 -57.066 0.894943
14.78 -57.1766 0.896677
14.79 -57.3126 0.89881
14.8 -57.4689 0.90126
14.81 -57.6004 0.903323
14.82 -57.7186 0.905178
14.83 -57.8414 0.907102
14.84 -57.9736 0.909177
14.85 -58.0919 0.911032
14.86 -58.1819 0.912442
14.87 -58.2571 0.913621
14.88 -58.3302 0.914768
14.89 -58.3955 0.915792
14.9 -58.4356 0.916422
14.91 -58.453 0.916695
14.92 -58.4599 0.916802
14.93 -58.4618 0.916832
14.94 -58.4595 0.916796
14.95 -58.4572 0.91676
14.96 -58.4584 0.916779
14.97 -58.4607 0.916814
14.98 -58.4606 0.916813
14.99 -58.4586 0.916781
15 -58.458 0.916772
15.01 -58.4594 0.916795
15.02 -58.4605 0.916811
15.03 -58.4596 0.916798
15.04 -58.4584 0.916779
15.05 -58.4587 0.916783
15.06 -58.4598 0.916801
15.07 -58.46 0.916803
15.08 -58.4591 0.91679
15.09 -58.4587 0.916783
15.1 -58.4592 0.916791
15.11 -58.4598 0.916801
15.12 -58.4595 0.916797
15.13 -58.459 0.916788
15.14 -58.4583 0.916777
15.15 -58.4568 0.916754
15.16 -58.4473 0.916605
15.17 -58.4143 0.916088
15.18 -58.3679 0.91536
15.19 -58.3228 0.914652
15.2 -58.2953 0.914221
15.21 -58.2691 0.913811
15.22 -58.2263 0.91314
15.23 -58.1781 0.912383
15.24 -58.1368 0.911735
15.25 -58.1055 0.911245
15.26 -58.0693 0.910677
15.27 -58.0245 0.909974
15.28 -57.9809 0.909291
15.29 -57.9454 0.908733
15.3 -57.9131 0.908228
15.31 -57.876 0.907645
15.32 -57.8361 0.90702
15.33 -57.8009 0.906467
15.34 -57.7712 0.906002
15.35 -57.7417 0.905539
15.36 -57.7093 0.905032
15.37 -57.6781 0.904542
15.38 -57.6519 0.904131
15.39 -57.6286 0.903766
15.4 -57.6047 0.903391
15.41 -57.5804 0.90301
15.42 -57.559 0.902674
15.43 -57.5415 0.902399
15.44 -57.5253 0.902146
15.45 -57.509 0.90189
15.46 -57.494 0.901655
15.47 -57.4822 0.901469
15.48 -57.4729 0.901324
15.49 -57.4645 0.901191
15.5 -57.4567 0.901069
15.51 -57.451 0.90098
15.52 -57.448 0.900934
15.53 -57.4467 0.900913
15.54 -57.4461 0.900904
15.55 -57.4467 0.900913
15.56 -57.4481 0.900935
15.57 -57.4506 0.900973
15.58 -57.4551 0.901045
15.59 -57.4707 0.901289
15.6 -57.4947 0.901665
15.61 -57.5261 0.902158
15.62 -57.5585 0.902666
15.63 -57.5965 0.903262
15.64 -57.6631 0.904306
15.65 -57.7344 0.905425
15.66 -57.8141 0.906674
15.67 -57.8895 0.907857
15.68 -57.9454 0.908734
15.69 -58.0031 0.909639
15.7 -58.0632 0.910581
15.71 -58.1202 0.911474
15.72 -58.1613 0.912119
15.73 -58.1899 0.912568
15.74 -58.216 0.912977
15.75 -58.2383 0.913328
15.76 -58.2502 0.913514
15.77 -58.2468 0.91346
15.78 -58.2386 0.913332
15.79 -58.2387 0.913334
15.8 -58.2456 0.913442
15.81 -58.248 0.913479
15.82 -58.243 0.913401
15.83 -58.2393 0.913342
15.84 -58.242 0.913386
15.85 -58.2462 0.913451
15.86 -58.2454 0.913438
15.87 -58.2416 0.913379
15.88 -58.2409 0.913368
15.89 -58.2438 0.913414
15.9 -58.2455 0.91344
15.91 -58.2436 0.91341
15.92 -58.2416 0.913378
15.93 -58.2424 0.913391
15.94 -58.2444 0.913423
15.95 -58.2445 0.913424
15.96 -58.2428 0.913397
15.97 -58.2421 0.913387
15.98 -58.2433 0.913406
15.99 -58.2441 0.913418
16 -58.2422 0.913388
16.01 -58.2402 0.913357
16.02 -58.2314 0.913218
16.03 -58.2051 0.912807
16.04 -58.1724 0.912294
16.05 -58.1458 0.911876
16.06 -58.1257 0.911562
16.07 -58.1023 0.911194
16.08 -58.0712 0.910707
16.09 -58.041 0.910233
16.1 -58.0179 0.909871
16.11 -57.998 0.909559
16.12 -57.9744 0.909188
16.13 -57.9485 0.908783
16.14 -57.9265 0.908438
16.15 -57.9095 0.908171
16.16 -57.8927 0.907907
16.17 -57.8735 0.907606
16.18 -57.855 0.907316
16.19 -57.8406 0.907089
16.2 -57.8285 0.906901
16.21 -57.8157 0.9067
16.22 -57.8023 0.90649
16.23 -57.791 0.906312
16.24 -57.7827 0.906182
16.25 -57.7753 0.906066
16.26 -57.7674 0.905943
16.27 -57.7603 0.90583
16.28 -57.7555 0.905755
16.29 -57.7525 0.905709
16.3 -57.7499 0.905668
16.31 -57.7475 0.905631
16.32 -57.7468 0.905618
16.33 -57.7478 0.905635
16.34 -57.7484 0.905644
16.35 -57.748 0.905638
16.36 -57.7501 0.905671
16.37 -57.7551 0.90575
16.38 -57.7636 0.905882
16.39 -57.7761 0.906078
16.4 -57.7956 0.906384
16.41 -57.8182 0.906739
16.42 -57.8361 0.907019
16.43 -57.8507 0.907249
16.44 -57.8751 0.907631
16.45 -57.92 0.908335
16.46 -57.9618 0.908991
16.47 -57.9966 0.909537
16.48 -58.0314 0.910082
16.49 -58.0643 0.910599
16.5 -58.0931 0.91105
16.51 -58.1151 0.911394
16.52 -58.1325 0.911668
16.53 -58.1461 0.911882
16.54 -58.1519 0.911972
16.55 -58.1497 0.911937
16.56 -58.1512 0.911962
16.57 -58.1579 0.912066
16.58 -58.1598 0.912095
16.59 -58.1547 0.912016
16.6 -58.1514 0.911965
16.61 -58.1544 0.912012
16.62 -58.1582 0.912071
16.63 -58.1572 0.912055
16.64 -58.1535 0.911997
16.65 -58.1532 0.911992
16.66 -58.156 0.912037
16.67 -58.1574 0.912058
16.68 -58.1555 0.912028
16.69 -58.1536 0.911999
16.7 -58.1546 0.912014
16.71 -58.1565 0.912044
16.72 -58.1564 0.912042
16.73 -58.1547 0.912016
16.74 -58.1542 0.912009
16.75 -58.1554 0.912027
16.76 -58.1563 0.912041
16.77 -58.1556 0.91203
16.78 -58.1545 0.912013
16.79 -58.1544 0.912011
16.8 -58.1537 0.912001
16.81 -58.1466 0.911889
16.82 -58.1298 0.911625
16.83 -58.1081 0.911285
16.84 -58.0914 0.911023
16.85 -58.0818 0.910873
16.86 -58.0693 0.910676
16.87 -58.0506 0.910384
16.88 -58.0323 0.910097
16.89 -58.0199 0.909901
16.9 -58.0103 0.909752
16.91 -57.9975 0.90955
16.92 -57.9826 0.909318
16.93 -57.9707 0.909131
16.94 -57.963 0.90901
16.95 -57.9556 0.908893
16.96 -57.946 0.908742
16.97 -57.9368 0.908599
16.98 -57.9308 0.908505
16.99 -57.9269 0.908444
17 -57.9223 0.908372
17.01 -57.917 0.908288
17.02 -57.9132 0.908229
17.03 -57.9117 0.908206
17.04 -57.911 0.908194
17.05 -57.9099 0.908176
17.06 -57.9094 0.90817
17.07 -57.9094 0.908169
17.08 -57.9092 0.908166
17.09 -57.9097 0.908174
17.1 -57.9114 0.9082
17.11 -57.9139 0.908239
17.12 -57.9167 0.908283
17.13 -57.921 0.908351
17.14 -57.9291 0.908479
17.15 -57.943 0.908695
17.16 -57.9593 0.908952
17.17 -57.9722 0.909153
17.18 -57.9815 0.9093
17.19 -57.993 0.90948
17.2 -58.0074 0.909706
17.21 -58.0213 0.909924
17.22 -58.039 0.910202
17.23 -58.0587 0.91051
17.24 -58.0768 0.910795
17.25 -58.0935 0.911056
17.26 -58.1057 0.911247
17.27 -58.1129 0.91136
17.28 -58.1153 0.911398
17.29 -58.1153 0.911399
17.3 -58.1173 0.91143
17.31 -58.1202 0.911474
17.32 -58.1201 0.911473
17.33 -58.1175 0.911433
17.34 -58.1168 0.911421
17.35 -58.1186 0.91145
17.36 -58.1199 0.91147
17.37 -58.1189 0.911454
17.38 -58.1173 0.91143
17.39 -58.1177 0.911436
17.4 -58.1191 0.911458
17.41 -58.1193 0.91146
17.42 -58.1182 0.911444
17.43 -58.1176 0.911435
17.44 -58.1184 0.911446
17.45 -58.1191 0.911457
17.46 -58.1187 0.911452
17.47 -58.118 0.911441
17.48 -58.118 0.911441
17.49 -58.1187 0.911451
17.5 -58.1189 0.911454
17.51 -58.1184 0.911447
17.52 -58.1181 0.911441
17.53 -58.1181 0.911441
17.54 -58.1179 0.911439
17.55 -58.116 0.911409
17.56 -58.109 0.911299
17.57 -58.0961 0.911098
17.58 -58.0822 0.910879
17.59 -58.0731 0.910736
17.6 -58.0673 0.910646
17.61 -58.0582 0.910502
17.62 -58.046 0.910312
17.63 -58.036 0.910154
17.64 -58.0299 0.91006
17.65 -58.0247 0.909977
17.66 -58.0169 0.909855
17.67 -58.009 0.909732
17.68 -58.004 0.909652
17.69 -58.0012 0.909609
17.7 -57.9979 0.909557
17.71 -57.9934 0.909487
17.72 -57.9902 0.909436
17.73 -57.9891 0.909419
17.74 -57.989 0.909417
17.75 -57.9883 0.909406
17.76 -57.9876 0.909396
17.77 -57.9875 0.909394
17.78 -57.9878 0.909398
17.79 -57.9881 0.909404
17.8 -57.9889 0.909416
17.81 -57.991 0.909448
17.82 -57.9937 0.909491
17.83 -57.9959 0.909526
17.84 -57.9996 0.909584
17.85 -58.0073 0.909705
17.86 -58.0186 0.909881
17.87 -58.0307 0.910071
17.88 -58.0402 0.91022
17.89 -58.0472 0.91033
17.9 -58.0562 0.910471
17.91 -58.0666 0.910635
17.92 -58.0757 0.910777
17.93 -58.0818 0.910873
17.94 -58.0869 0.910952
17.95 -58.0924 0.911038
17.96 -58.097 0.911112
17.97 -58.0991 0.911144
17.98 -58.0973 0.911116
17.99 -58.0992 0.911146
18 -58.1032 0.911209
18.01 -58.1041 0.911222
18.02 -58.1013 0.911179
18.03 -58.0992 0.911146
18.04 -58.1012 0.911177
18.05 -58.1033 0.911209
18.06 -58.1027 0.9112
18.07 -58.1005 0.911166
18.08 -58.1003 0.911163
18.09 -58.102 0.91119
18.1 -58.1028 0.911202
18.11 -58.1017 0.911184
18.12 -58.1006 0.911167
18.13 -58.1012 0.911177
18.14 -58.1023 0.911194
18.15 -58.1022 0.911193
18.16 -58.1012 0.911177
18.17 -58.1009 0.911173
18.18 -58.1017 0.911184
18.19 -58.1021 0.911192
18.2 -58.1017 0.911185
18.21 -58.1012 0.911177
18.22 -58.1011 0.911175
18.23 -58.1014 0.91118
18.24 -58.1011 0.911176
18.25 -58.1008 0.911171
18.26 -58.0969 0.91111
18.27 -58.089 0.910986
18.28 -58.0813 0.910864
18.29 -58.0769 0.910796
18.3 -58.0744 0.910756
18.31 -58.0693 0.910676
18.32 -58.0624 0.910569
18.33 -58.0571 0.910486
18.34 -58.0544 0.910443
18.35 -58.0517 0.910401
18.36 -58.0473 0.910332
18.37 -58.043 0.910265
18.38 -58.0406 0.910227
18.39 -58.0396 0.910211
18.4 -58.038 0.910186
18.41 -58.0364 0.91016
18.42 -58.036 0.910154
18.43 -58.0358 0.910151
18.44 -58.0349 0.910138
18.45 -58.0342 0.910126
18.46 -58.0344 0.91013
18.47 -58.0356 0.910148
18.48 -58.0367 0.910166
18.49 -58.0378 0.910183
18.5 -58.0395 0.910209
18.51 -58.0417 0.910244
18.52 -58.0446 0.910289
18.53 -58.0516 0.910399
18.54 -58.0594 0.910521
18.55 -58.0689 0.91067
18.56 -58.0788 0.910825
18.57 -58.0851 0.910924
18.58 -58.0911 0.911019
18.59 -58.098 0.911126
18.6 -58.1051 0.911239
18.61 -58.1104 0.911322
18.62 -58.1135 0.91137
18.63 -58.1152 0.911396
18.64 -58.1153 0.911398
18.65 -58.1175 0.911432
18.66 -58.1214 0.911494
18.67 -58.1225 0.911511
18.68 -58.1202 0.911474
18.69 -58.1183 0.911446
18.7 -58.1197 0.911467
18.71 -58.1218 0.911499
18.72 -58.1213 0.911492
18.73 -58.1195 0.911464
18.74 -58.1192 0.911458
18.75 -58.1206 0.911481
18.76 -58.1214 0.911494
18.77 -58.1204 0.911479
18.78 -58.1195 0.911463
18.79 -58.1199 0.91147
18.8 -58.1209 0.911485
18.81 -58.1209 0.911485
18.82 -58.12 0.911472
18.83 -58.1197 0.911468
18.84 -58.1203 0.911477
18.85 -58.1208 0.911484
18.86 -58.1205 0.911479
18.87 -58.12 0.911471
18.88 -58.1201 0.911473
18.89 -58.1205 0.911479
18.9 -58.1204 0.911479
18.91 -58.1198 0.911469
18.92 -58.1194 0.911462
18.93 -58.1184 0.911447
18.94 -58.1137 0.911373
18.95 -58.1054 0.911242
18.96 -58.0983 0.911132
18.97 -58.0953 0.911084
18.98 -58.0925 0.911041
18.99 -58.0869 0.910953
19 -58.0804 0.910851
19.01 -58.0764 0.910787
19.02 -58.0746 0.910759
19.03 -58.0719 0.910718
19.04 -58.0678 0.910654
19.05 -58.0645 0.910602
19.06 -58.0633 0.910583
19.07 -58.0637 0.910589
19.08 -58.0634 0.910584
19.09 -58.0615 0.910554
19.1 -58.0598 0.910527
19.11 -58.0599 0.91053
19.12 -58.0612 0.91055
19.13 -58.0614 0.910552
19.14 -58.0609 0.910545
19.15 -58.062 0.910562
19.16 -58.0646 0.910603
19.17 -58.0669 0.910638
19.18 -58.0679 0.910654
19.19 -58.0693 0.910677
19.2 -58.0751 0.910767
19.21 -58.0829 0.91089
19.22 -58.0913 0.911021
19.23 -58.0983 0.911132
19.24 -58.1027 0.911201
19.25 -58.1082 0.911286
19.26 -58.1147 0.911389
19.27 -58.1205 0.911479
19.28 -58.124 0.911535
19.29 -58.1249 0.911548
19.3 -58.1249 0.911549
19.31 -58.1278 0.911594
19.32 -58.1323 0.911665
19.33 -58.1337 0.911687
19.34 -58.1314 0.91165
19.35 -58.1296 0.911622
19.36 -58.1309 0.911643
19.37 -58.1328 0.911673
19.38 -58.1325 0.911668
19.39 -58.1307 0.911639
19.4 -58.1304 0.911635
19.41 -58.1318 0.911656
19.42 -58.1325 0.911668
19.43 -58.1316 0.911654
19.44 -58.1307 0.911639
19.45 -58.1311 0.911646
19.46 -58.132 0.91166
19.47 -58.132 0.911661
19.48 -58.1312 0.911648
19.49 -58.1309 0.911644
19.5 -58.1315 0.911652
19.51 -58.132 0.911659
19.52 -58.1316 0.911654
19.53 -58.1312 0.911647
19.54 -58.1312 0.911648
19.55 -58.1317 0.911655
19.56 -58.1317 0.911655
19.57 -58.1313 0.911648
19.58 -58.1309 0.911643
19.59 -58.1309 0.911643
19.6 -58.1297 0.911623
19.61 -58.1234 0.911526
19.62 -58.116 0.91141
19.63 -58.1117 0.911342
19.64 -58.1098 0.911311
19.65 -58.1066 0.911261
19.66 -58.1009 0.911173
19.67 -58.0961 0.911097
19.68 -58.0938 0.911062
19.69 -58.0925 0.91104
19.7 -58.0896 0.910996
19.71 -58.0862 0.910942
19.72 -58.0844 0.910913
19.73 -58.0848 0.91092
19.74 -58.0852 0.910926
19.75 -58.0837 0.910902
19.76 -58.0817 0.910871
19.77 -58.0814 0.910867
19.78 -58.0829 0.91089
19.79 -58.0835 0.910899
19.8 -58.0826 0.910886
19.81 -58.0827 0.910887
19.82 -58.0851 0.910924
19.83 -58.0879 0.910969
19.84 -58.0891 0.910987
19.85 -58.0893 0.910991
19.86 -58.0917 0.911028
19.87 -58.0983 0.911131
19.88 -58.1051 0.911239
19.89 -58.1112 0.911333
19.9 -58.1168 0.911422
19.91 -58.1213 0.911493
19.92 -58.1263 0.911571
19.93 -58.131 0.911644
19.94 -58.1331 0.911677
19.95 -58.1328 0.911672
19.96 -58.1348 0.911704
19.97 -58.14 0.911785
19.98 -58.1432 0.911835
19.99 -58.1418 0.911814
20 -58.1396 0.911779
