0.01 1.34977e-05 -3.93119e-07
0.02 0.000290718 -8.46712e-06
0.03 0.00252211 -7.34559e-05
0.04 0.00933517 -0.000271885
0.05 0.0139052 -0.000404986
0.06 0.00274887 -8.00602e-05
0.07 -0.0447506 0.00130335
0.08 -0.272927 0.00794895
0.09 -0.517244 0.0150646
0.1 -0.763164 0.022227
0.11 -1.47397 0.0429291
0.12 -2.24679 0.0654373
0.13 -2.7313 0.0795485
0.14 -3.20153 0.0932438
0.15 -3.65509 0.106454
0.16 -4.1521 0.120929
0.17 -4.82359 0.140486
0.18 -5.86787 0.170901
0.19 -6.63291 0.193182
0.2 -6.93972 0.202118
0.21 -7.34348 0.213877
0.22 -7.73293 0.22522
0.23 -8.12319 0.236586
0.24 -8.3423 0.242968
0.25 -8.41866 0.245192
0.26 -8.6302 0.251353
0.27 -8.88109 0.25866
0.28 -9.08595 0.264626
0.29 -9.23738 0.269037
0.3 -9.39777 0.273708
0.31 -9.58487 0.279157
0.32 -9.76479 0.284397
0.33 -9.87273 0.287541
0.34 -9.93772 0.289434
0.35 -10.024 0.291948
0.36 -10.125 0.29489
0.37 -10.2136 0.297469
0.38 -10.2575 0.298747
0.39 -10.2977 0.299917
0.4 -10.3614 0.301773
0.41 -10.425 0.303626
0.42 -10.4666 0.304839
0.43 -10.489 0.30549
0.44 -10.5186 0.306351
0.45 -10.5602 0.307563
0.46 -10.5893 0.30841
0.47 -10.594 0.308548
0.48 -10.584 0.308258
0.49 -10.5904 0.308443
0.5 -10.614 0.30913
0.51 -10.6334 0.309695
0.52 -10.6694 0.310744
0.53 -10.7775 0.313893
0.54 -10.9104 0.317765
0.55 -11.0404 0.321551
0.56 -11.1908 0.32593
0.57 -11.3575 0.330785
0.58 -11.5589 0.336649
0.59 -11.8065 0.343863
0.6 -12.0627 0.351324
0.61 -12.2914 0.357986
0.62 -12.5196 0.364631
0.63 -12.7661 0.371811
0.64 -13.0189 0.379174
0.65 -13.2621 0.386257
0.66 -13.4854 0.39276
0.67 -13.705 0.399156
0.68 -13.9298 0.405701
0.69 -14.1569 0.412316
0.7 -14.3754 0.418681
0.71 -14.5787 0.424601
0.72 -14.7832 0.430557
0.73 -14.9867 0.436484
0.74 -15.1804 0.442126
0.75 -15.3587 0.447318
0.76 -15.5218 0.452069
0.77 -15.6767 0.456582
0.78 -15.8182 0.460702
0.79 -15.938 0.46419
0.8 -16.0308 0.466895
0.81 -16.1002 0.468915
0.82 -16.1499 0.470362
0.83 -16.1757 0.471115
0.84 -16.1848 0.471379
0.85 -16.1859 0.471412
0.86 -16.1792 0.471215
0.87 -16.1593 0.470638
0.88 -16.1222 0.469555
0.89 -16.0651 0.467894
0.9 -15.9897 0.465697
0.91 -15.8987 0.463047
0.92 -15.7909 0.459906
0.93 -15.6637 0.456203
0.94 -15.5168 0.451923
0.95 -15.3524 0.447135
0.96 -15.1716 0.441869
0.97 -14.9735 0.4361
0.98 -14.7578 0.429817
0.99 -14.526 0.423066
1 -14.2809 0.415928
1.01 -14.0243 0.408455
1.02 -13.7565 0.400656
1.03 -13.4802 0.392607
1.04 -13.2053 0.384602
1.05 -12.9434 0.376975
1.06 -12.6796 0.369292
1.07 -12.4013 0.361185
1.08 -12.2406 0.356504
1.09 -12.1667 0.354351
1.1 -11.8617 0.345469
1.11 -11.7334 0.341732
1.12 -12.1324 0.353353
1.13 -13.6744 0.398266
1.14 -15.5367 0.452504
1.15 -16.3791 0.477039
1.16 -16.4009 0.477672
1.17 -16.558 0.48225
1.18 -16.6178 0.483989
1.19 -16.8347 0.490308
1.2 -17.1132 0.498419
1.21 -17.325 0.504589
1.22 -17.6812 0.514961
1.23 -17.8726 0.520536
1.24 -18.2015 0.530114
1.25 -18.5082 0.539047
1.26 -18.8125 0.54791
1.27 -19.1325 0.557231
1.28 -19.4255 0.565764
1.29 -19.743 0.575012
1.3 -20.053 0.58404
1.31 -20.3525 0.592763
1.32 -20.6279 0.600782
1.33 -20.9089 0.608968
1.34 -21.1714 0.616614
1.35 -21.4293 0.624124
1.36 -21.6545 0.630684
1.37 -21.8595 0.636655
1.38 -22.0511 0.642234
1.39 -22.2146 0.646995
1.4 -22.3486 0.650897
1.41 -22.4475 0.653778
1.42 -22.53 0.656182
1.43 -22.6098 0.658505
1.44 -22.6809 0.660577
1.45 -22.7432 0.662391
1.46 -22.8029 0.664131
1.47 -22.8621 0.665853
1.48 -22.9173 0.667463
1.49 -22.964 0.668823
1.5 -23.0054 0.670028
1.51 -23.0444 0.671165
1.52 -23.081 0.672228
1.53 -23.1115 0.673117
1.54 -23.1358 0.673824
1.55 -23.1558 0.674407
1.56 -23.1733 0.674919
1.57 -23.188 0.675345
1.58 -23.1958 0.675574
1.59 -23.1993 0.675674
1.6 -23.2029 0.675779
1.61 -23.2039 0.67581
1.62 -23.1996 0.675684
1.63 -23.1899 0.6754
1.64 -23.1802 0.675118
1.65 -23.1798 0.675106
1.66 -23.2032 0.675789
1.67 -23.2225 0.67635
1.68 -23.2551 0.6773
1.69 -23.317 0.679104
1.7 -23.413 0.681899
1.71 -23.5376 0.685528
1.72 -23.7046 0.690391
1.73 -23.8965 0.695982
1.74 -24.1127 0.702277
1.75 -24.3492 0.709167
1.76 -24.5874 0.716104
1.77 -24.8268 0.723076
1.78 -25.0621 0.729929
1.79 -25.2945 0.736698
1.8 -25.5179 0.743203
1.81 -25.7333 0.749478
1.82 -25.9343 0.755331
1.83 -26.1123 0.760516
1.84 -26.2763 0.765292
1.85 -26.4152 0.769336
1.86 -26.5246 0.772523
1.87 -26.6056 0.774882
1.88 -26.6439 0.775999
1.89 -26.6612 0.776502
1.9 -26.6749 0.776901
1.91 -26.6813 0.777087
1.92 -26.6828 0.777132
1.93 -26.6803 0.777058
1.94 -26.6785 0.777005
1.95 -26.6792 0.777026
1.96 -26.6785 0.777007
1.97 -26.6632 0.77656
1.98 -26.6074 0.774935
1.99 -26.5064 0.771993
2 -26.357 0.767642
2.01 -26.155 0.76176
2.02 -25.9002 0.754338
2.03 -25.5912 0.745338
2.04 -25.2312 0.734853
2.05 -24.8438 0.72357
2.06 -24.4393 0.711789
2.07 -24.0168 0.699484
2.08 -23.5748 0.686611
2.09 -23.1114 0.673114
2.1 -22.6583 0.659919
2.11 -22.1782 0.645936
2.12 -21.6942 0.631839
2.13 -21.2632 0.619286
2.14 -20.8171 0.606294
2.15 -20.3607 0.593003
2.16 -19.9485 0.580996
2.17 -19.7831 0.576178
2.18 -19.7447 0.575062
2.19 -19.326 0.562865
2.2 -19.4916 0.567688
2.21 -21.3512 0.621851
2.22 -22.9251 0.667688
2.23 -23.7102 0.690556
2.24 -24.3635 0.709582
2.25 -24.921 0.725818
2.26 -26.2779 0.76534
2.27 -27.9658 0.8145
2.28 -28.1721 0.820506
2.29 -28.1024 0.818477
2.3 -28.123 0.819077
2.31 -28.1799 0.820734
2.32 -28.3661 0.826157
2.33 -28.4902 0.829771
2.34 -28.6182 0.833499
2.35 -28.6937 0.835698
2.36 -28.9225 0.842363
2.37 -29.1167 0.848017
2.38 -29.2895 0.853051
2.39 -29.4273 0.857065
2.4 -29.5866 0.861704
2.41 -29.7894 0.86761
2.42 -29.9574 0.872503
2.43 -30.0785 0.87603
2.44 -30.1851 0.879134
2.45 -30.2961 0.882368
2.46 -30.3919 0.885159
2.47 -30.4512 0.886885
2.48 -30.4865 0.887914
2.49 -30.5347 0.889316
2.5 -30.5937 0.891035
2.51 -30.6465 0.892574
2.52 -30.6799 0.893546
2.53 -30.7058 0.894299
2.54 -30.7402 0.895302
2.55 -30.778 0.896404
2.56 -30.8021 0.897105
2.57 -30.815 0.897482
2.58 -30.8267 0.897821
2.59 -30.8426 0.898284
2.6 -30.8546 0.898634
2.61 -30.8561 0.898677
2.62 -30.8539 0.898613
2.63 -30.8526 0.898576
2.64 -30.8544 0.898627
2.65 -30.8572 0.898711
2.66 -30.8553 0.898654
2.67 -30.8535 0.898602
2.68 -30.8557 0.898666
2.69 -30.857 0.898705
2.7 -30.8576 0.898722
2.71 -30.8574 0.898715
2.72 -30.8571 0.898706
2.73 -30.8613 0.89883
2.74 -30.8741 0.899203
2.75 -30.9008 0.899979
2.76 -30.9437 0.901229
2.77 -31.0072 0.903078
2.78 -31.0912 0.905526
2.79 -31.1934 0.908502
2.8 -31.3121 0.911959
2.81 -31.4207 0.91512
2.82 -31.5193 0.917993
2.83 -31.6277 0.921151
2.84 -31.7381 0.924367
2.85 -31.8334 0.927141
2.86 -31.9106 0.92939
2.87 -31.9682 0.931067
2.88 -32.0073 0.932205
2.89 -32.0283 0.932819
2.9 -32.0302 0.932874
2.91 -32.0261 0.932753
2.92 -32.0239 0.932689
2.93 -32.0279 0.932805
2.94 -32.0361 0.933045
2.95 -32.0342 0.93299
2.96 -32.0249 0.932719
2.97 -32.0239 0.932689
2.98 -32.0329 0.932952
2.99 -32.0381 0.933104
3 -32.0276 0.932798
3.01 -32.0186 0.932536
3.02 -32.0242 0.932699
3.03 -32.0312 0.932902
3.04 -32.0264 0.932762
3.05 -32.0162 0.932467
3.06 -32.0114 0.932326
3.07 -32.0009 0.93202
3.08 -32.0201 0.932579
3.09 -32.0182 0.932523
3.1 -31.9689 0.931088
3.11 -32.0115 0.932328
3.12 -32.0644 0.933868
3.13 -32.0359 0.933039
3.14 -31.9717 0.931171
3.15 -31.9003 0.92909
3.16 -31.9855 0.931571
3.17 -32.069 0.934003
3.18 -32.1125 0.93527
3.19 -32.1254 0.935645
3.2 -31.9872 0.931621
3.21 -32.0485 0.933406
3.22 -31.982 0.93147
3.23 -31.7792 0.925564
3.24 -31.7387 0.924384
3.25 -31.4885 0.917097
3.26 -31.3533 0.913158
3.27 -31.1499 0.907234
3.28 -30.7953 0.896907
3.29 -30.7748 0.896309
3.3 -30.7434 0.895397
3.31 -30.7153 0.894577
3.32 -30.5832 0.890729
3.33 -30.4768 0.887631
3.34 -30.6366 0.892284
3.35 -31.0547 0.904463
3.36 -31.4449 0.915825
3.37 -31.885 0.928646
3.38 -32.2815 0.940191
3.39 -32.4092 0.943912
3.4 -32.493 0.946352
3.41 -32.4365 0.944708
3.42 -32.4557 0.945267
3.43 -32.5686 0.948553
3.44 -32.7101 0.952675
3.45 -32.796 0.955176
3.46 -32.7808 0.954734
3.47 -32.864 0.957157
3.48 -32.9848 0.960677
3.49 -33.0776 0.963379
3.5 -33.1089 0.96429
3.51 -33.119 0.964585
3.52 -33.1788 0.966326
3.53 -33.2461 0.968287
3.54 -33.2656 0.968854
3.55 -33.2565 0.96859
3.56 -33.2679 0.968921
3.57 -33.306 0.97003
3.58 -33.3385 0.970977
3.59 -33.3402 0.971028
3.6 -33.3406 0.971037
3.61 -33.3515 0.971357
3.62 -33.372 0.971954
3.63 -33.3887 0.972439
3.64 -33.3847 0.972321
3.65 -33.3831 0.972275
3.66 -33.3921 0.972538
3.67 -33.4033 0.972865
3.68 -33.4063 0.972952
3.69 -33.4003 0.972778
3.7 -33.4 0.972768
3.71 -33.4045 0.9729
3.72 -33.4057 0.972934
3.73 -33.4025 0.972841
3.74 -33.4019 0.972824
3.75 -33.4087 0.973022
3.76 -33.4144 0.973188
3.77 -33.4271 0.973557
3.78 -33.446 0.974107
3.79 -33.4761 0.974983
3.8 -33.5187 0.976225
3.81 -33.5638 0.977538
3.82 -33.6095 0.97887
3.83 -33.6554 0.980208
3.84 -33.7028 0.981586
3.85 -33.7485 0.982918
3.86 -33.7874 0.984051
3.87 -33.8129 0.984793
3.88 -33.8262 0.985182
3.89 -33.8305 0.985306
3.9 -33.8322 0.985357
3.91 -33.8329 0.985377
3.92 -33.8337 0.985399
3.93 -33.8405 0.985599
3.94 -33.8451 0.985732
3.95 -33.837 0.985497
3.96 -33.8363 0.985474
3.97 -33.8459 0.985756
3.98 -33.8419 0.985637
3.99 -33.8337 0.9854
4 -33.8364 0.98548
4.01 -33.8434 0.985681
4.02 -33.8414 0.985623
4.03 -33.8364 0.985479
4.04 -33.8399 0.985581
4.05 -33.8376 0.985515
4.06 -33.8309 0.985318
4.07 -33.8311 0.985324
4.08 -33.8331 0.985381
4.09 -33.8333 0.985389
4.1 -33.8341 0.98541
4.11 -33.8295 0.985277
4.12 -33.8279 0.985231
4.13 -33.8262 0.985182
4.14 -33.7844 0.983963
4.15 -33.6555 0.98021
4.16 -33.4739 0.97492
4.17 -33.2462 0.968289
4.18 -32.8898 0.957908
4.19 -32.5081 0.946792
4.2 -32.1456 0.936234
4.21 -31.6235 0.921027
4.22 -31.0563 0.904508
4.23 -30.5727 0.890422
4.24 -30.1505 0.878128
4.25 -29.6391 0.863232
4.26 -28.9996 0.844607
4.27 -28.4655 0.829053
4.28 -28.0309 0.816394
4.29 -27.7428 0.808004
4.3 -27.6273 0.804639
4.31 -27.4161 0.798487
4.32 -27.2876 0.794744
4.33 -27.6976 0.806687
4.34 -28.562 0.831861
4.35 -29.5183 0.859715
4.36 -30.2642 0.881438
4.37 -31.0466 0.904226
4.38 -32.1544 0.936491
4.39 -33.0953 0.963893
4.4 -33.881 0.986777
4.41 -33.9323 0.988273
4.42 -33.9372 0.988414
4.43 -33.9993 0.990224
4.44 -33.9583 0.989029
4.45 -33.9635 0.98918
4.46 -34.0224 0.990894
4.47 -34.1323 0.994096
4.48 -34.0972 0.993073
4.49 -34.1298 0.994024
4.5 -34.147 0.994525
4.51 -34.2128 0.99644
4.52 -34.2535 0.997625
4.53 -34.2347 0.99708
4.54 -34.2383 0.997182
4.55 -34.2635 0.997918
4.56 -34.2936 0.998796
4.57 -34.2985 0.998937
4.58 -34.29 0.998691
4.59 -34.2937 0.998796
4.6 -34.3189 0.999532
4.61 -34.3294 0.999836
4.62 -34.3262 0.999744
4.63 -34.3236 0.999667
4.64 -34.3306 0.999872
4.65 -34.3413 1.00018
4.66 -34.3409 1.00017
4.67 -34.3322 0.999918
4.68 -34.3286 0.999813
4.69 -34.3354 1.00001
4.7 -34.3416 1.00019
4.71 -34.3379 1.00008
4.72 -34.3311 0.999887
4.73 -34.3314 0.999896
4.74 -34.3377 1.00008
4.75 -34.3392 1.00012
4.76 -34.3355 1.00001
4.77 -34.3322 0.999917
4.78 -34.3341 0.999975
4.79 -34.3372 1.00007
4.8 -34.3362 1.00004
4.81 -34.3343 0.999979
4.82 -34.3335 0.999957
4.83 -34.3359 1.00003
4.84 -34.3368 1.00005
4.85 -34.3348 0.999995
4.86 -34.3338 0.999964
4.87 -34.3344 0.999982
4.88 -34.3363 1.00004
4.89 -34.3432 1.00024
4.9 -34.3565 1.00063
4.91 -34.36 1.00073
4.92 -34.3479 1.00038
4.93 -34.3403 1.00015
4.94 -34.3462 1.00033
4.95 -34.3578 1.00066
4.96 -34.3614 1.00077
4.97 -34.3435 1.00025
4.98 -34.3323 0.99992
4.99 -34.3427 1.00022
5 -34.3593 1.00071
5.01 -34.3474 1.00036
5.02 -34.3277 0.999787
5.03 -34.3323 0.999922
5.04 -34.3434 1.00024
5.05 -34.3503 1.00044
5.06 -34.3303 0.999864
5.07 -34.155 0.994757
5.08 -33.925 0.98806
5.09 -33.6674 0.980557
5.1 -33.3228 0.970519
5.11 -32.917 0.958701
5.12 -32.4462 0.944989
5.13 -31.8967 0.928984
5.14 -31.24 0.909859
5.15 -30.5071 0.888513
5.16 -29.7195 0.865575
5.17 -28.8978 0.841643
5.18 -27.973 0.814708
5.19 -26.893 0.783252
5.2 -25.8723 0.753525
5.21 -24.8946 0.725051
5.22 -23.9486 0.697499
5.23 -22.9979 0.669809
5.24 -22.0688 0.64275
5.25 -21.5603 0.627941
5.26 -21.1525 0.616062
5.27 -20.9728 0.610828
5.28 -21.5365 0.627245
5.29 -23.9173 0.696586
5.3 -26.0416 0.758457
5.31 -27.6191 0.804402
5.32 -29.8061 0.868098
5.33 -31.6686 0.922343
5.34 -33.3201 0.970441
5.35 -34.3792 1.00129
5.36 -34.3914 1.00164
5.37 -34.2477 0.997458
5.38 -34.3014 0.999021
5.39 -34.2949 0.998832
5.4 -34.4197 1.00247
5.41 -34.3779 1.00125
5.42 -34.2538 0.997636
5.43 -34.3128 0.999353
5.44 -34.3577 1.00066
5.45 -34.3745 1.00115
5.46 -34.3362 1.00004
5.47 -34.2841 0.998518
5.48 -34.3288 0.99982
5.49 -34.3692 1.001
5.5 -34.3474 1.00036
5.51 -34.3177 0.999497
5.52 -34.3103 0.999282
5.53 -34.3418 1.0002
5.54 -34.3585 1.00068
5.55 -34.3332 0.999948
5.56 -34.3159 0.999442
5.57 -34.3279 0.999793
5.58 -34.3457 1.00031
5.59 -34.3456 1.00031
5.6 -34.3271 0.999769
5.61 -34.3221 0.999625
5.62 -34.3365 1.00004
5.63 -34.3438 1.00026
5.64 -34.3366 1.00005
5.65 -34.3265 0.999753
5.66 -34.3291 0.999828
5.67 -34.3391 1.00012
5.68 -34.3398 1.00014
5.69 -34.3319 0.999911
5.7 -34.3284 0.999807
5.71 -34.3332 0.999948
5.72 -34.3385 1.0001
5.73 -34.3372 1.00007
5.74 -34.3311 0.999886
5.75 -34.3316 0.999901
5.76 -34.3354 1.00001
5.77 -34.3366 1.00005
5.78 -34.3345 0.999987
5.79 -34.3312 0.99989
5.8 -34.3339 0.999967
5.81 -34.3359 1.00003
5.82 -34.335 1
5.83 -34.334 0.99997
5.84 -34.3327 0.999932
5.85 -34.3347 0.999992
5.86 -34.3355 1.00002
5.87 -34.3342 0.999977
5.88 -34.3336 0.999958
5.89 -34.3338 0.999965
5.9 -34.3348 0.999994
5.91 -34.335 0.999999
5.92 -34.3513 1.00047
5.93 -34.3599 1.00073
5.94 -34.3265 0.999751
5.95 -34.338 1.00009
5.96 -34.3693 1.001
5.97 -34.3387 1.00011
5.98 -34.3449 1.00029
5.99 -34.3535 1.00054
6 -34.3315 0.999897
6.01 -34.3429 1.00023
6.02 -34.3445 1.00028
6.03 -34.3494 1.00042
6.04 -34.3418 1.0002
6.05 -34.3201 0.999566
6.06 -34.3406 1.00016
6.07 -34.3487 1.0004
6.08 -34.3343 0.99998
6.09 -34.3207 0.999584
6.1 -34.3343 0.999981
6.11 -34.3373 1.00007
6.12 -34.3336 0.999959
6.13 -34.3187 0.999526
6.14 -34.0883 0.992816
6.15 -33.7622 0.983319
6.16 -33.4455 0.974095
6.17 -33.0263 0.961884
6.18 -32.4781 0.945917
6.19 -31.8969 0.92899
6.2 -31.1778 0.908048
6.21 -30.4661 0.88732
6.22 -29.7598 0.866747
6.23 -28.809 0.839056
6.24 -27.9973 0.815416
6.25 -27.2985 0.795065
6.26 -26.5125 0.772171
6.27 -25.817 0.751914
6.28 -25.2921 0.736626
6.29 -25.1065 0.731223
6.3 -25.0152 0.728564
6.31 -25.2967 0.736762
6.32 -26.6263 0.775485
6.33 -27.8585 0.811374
6.34 -28.9499 0.843161
6.35 -30.2521 0.881087
6.36 -31.6456 0.921673
6.37 -32.9447 0.959506
6.38 -34.0498 0.991694
6.39 -34.4158 1.00235
6.4 -34.2829 0.998482
6.41 -34.2725 0.99818
6.42 -34.2223 0.996717
6.43 -34.3146 0.999404
6.44 -34.3612 1.00076
6.45 -34.2778 0.998335
6.46 -34.2472 0.997442
6.47 -34.2777 0.998331
6.48 -34.3203 0.999572
6.49 -34.3205 0.999578
6.5 -34.2717 0.998158
6.51 -34.2589 0.997784
6.52 -34.301 0.999011
6.53 -34.3148 0.999412
6.54 -34.296 0.998864
6.55 -34.2719 0.998163
6.56 -34.2778 0.998335
6.57 -34.3056 0.999145
6.58 -34.3049 0.999123
6.59 -34.2847 0.998534
6.6 -34.2778 0.998335
6.61 -34.2903 0.998698
6.62 -34.303 0.999067
6.63 -34.2956 0.998853
6.64 -34.2824 0.998469
6.65 -34.2846 0.998534
6.66 -34.2956 0.998852
6.67 -34.2981 0.998926
6.68 -34.2901 0.998691
6.69 -34.2844 0.998527
6.7 -34.2882 0.998637
6.71 -34.2968 0.998887
6.72 -34.2961 0.998868
6.73 -34.2873 0.998611
6.74 -34.2862 0.99858
6.75 -34.2919 0.998744
6.76 -34.296 0.998864
6.77 -34.2922 0.998754
6.78 -34.288 0.998631
6.79 -34.3051 0.999129
6.8 -34.3121 0.999332
6.81 -34.3104 0.999283
6.82 -34.3081 0.999216
6.83 -34.3051 0.999128
6.84 -34.3083 0.999221
6.85 -34.3107 0.999292
6.86 -34.3097 0.999262
6.87 -34.3064 0.999168
6.88 -34.3072 0.999189
6.89 -34.3288 0.99982
6.9 -34.341 1.00017
6.91 -34.3195 0.999549
6.92 -34.3198 0.999556
6.93 -34.3325 0.999926
6.94 -34.334 0.999971
6.95 -34.3259 0.999734
6.96 -34.3123 0.99934
6.97 -34.326 0.999739
6.98 -34.3322 0.999918
6.99 -34.3157 0.999438
7 -34.3248 0.999703
7.01 -34.3183 0.999513
7.02 -34.313 0.99936
7.03 -34.3136 0.999377
7.04 -34.3219 0.999618
7.05 -34.3113 0.999309
7.06 -34.2829 0.998483
7.07 -34.0896 0.992854
7.08 -33.7836 0.983942
7.09 -33.3967 0.972672
7.1 -32.8363 0.956351
7.11 -32.2121 0.93817
7.12 -31.4477 0.915907
7.13 -30.5243 0.889014
7.14 -29.4833 0.858696
7.15 -28.2911 0.823973
7.16 -27.0014 0.78641
7.17 -25.577 0.744926
7.18 -24.0595 0.700729
7.19 -22.5129 0.655684
7.2 -21.0105 0.611926
7.21 -19.6811 0.573208
7.22 -18.4802 0.538231
7.23 -17.5864 0.512201
7.24 -16.989 0.4948
7.25 -17.1142 0.498448
7.26 -19.134 0.557274
7.27 -22.5481 0.65671
7.28 -24.8173 0.722799
7.29 -26.9142 0.783871
7.3 -29.8757 0.870123
7.31 -31.9821 0.931471
7.32 -33.4401 0.973937
7.33 -34.3315 0.999897
7.34 -34.2847 0.998536
7.35 -34.2383 0.997184
7.36 -34.2353 0.997097
7.37 -34.2491 0.997498
7.38 -34.3641 1.00085
7.39 -34.3196 0.999552
7.4 -34.2251 0.996798
7.41 -34.252 0.997582
7.42 -34.3077 0.999204
7.43 -34.3201 0.999565
7.44 -34.2911 0.998723
7.45 -34.2371 0.997147
7.46 -34.278 0.998339
7.47 -34.3134 0.99937
7.48 -34.2997 0.998973
7.49 -34.2708 0.998129
7.5 -34.2603 0.997826
7.51 -34.2908 0.998712
7.52 -34.3055 0.99914
7.53 -34.2862 0.998579
7.54 -34.2673 0.998028
7.55 -34.2773 0.998321
7.56 -34.2942 0.998811
7.57 -34.2956 0.998852
7.58 -34.2787 0.998361
7.59 -34.273 0.998193
7.6 -34.2855 0.998557
7.61 -34.2931 0.99878
7.62 -34.2874 0.998613
7.63 -34.2774 0.998322
7.64 -34.279 0.998369
7.65 -34.2885 0.998645
7.66 -34.2902 0.998694
7.67 -34.2827 0.998477
7.68 -34.2783 0.998347
7.69 -34.2836 0.998504
7.7 -34.2897 0.998679
7.71 -34.2862 0.998579
7.72 -34.2795 0.998384
7.73 -34.2819 0.998453
7.74 -34.2876 0.998621
7.75 -34.2865 0.998589
7.76 -34.2833 0.998495
7.77 -34.2813 0.998436
7.78 -34.2833 0.998494
7.79 -34.2871 0.998605
7.8 -34.2858 0.998568
7.81 -34.2927 0.998767
7.82 -34.2906 0.998707
7.83 -34.2899 0.998685
7.84 -34.2933 0.998786
7.85 -34.2912 0.998724
7.86 -34.291 0.998719
7.87 -34.2904 0.998702
7.88 -34.2914 0.998729
7.89 -34.292 0.998747
7.9 -34.2915 0.998733
7.91 -34.2905 0.998704
7.92 -34.2911 0.998721
7.93 -34.2916 0.998735
7.94 -34.2916 0.998736
7.95 -34.3119 0.999327
7.96 -34.323 0.999651
7.97 -34.2836 0.998504
7.98 -34.2763 0.99829
7.99 -34.3244 0.999691
8 -34.3317 0.999904
8.01 -34.2882 0.998636
8.02 -34.2841 0.998517
8.03 -34.3134 0.99937
8.04 -34.3072 0.999191
8.05 -34.2914 0.998729
8.06 -34.2811 0.998429
8.07 -34.291 0.99872
8.08 -34.3034 0.999079
8.09 -34.286 0.998573
8.1 -34.2742 0.998229
8.11 -34.2826 0.998474
8.12 -34.2912 0.998725
8.13 -34.2866 0.998591
8.14 -34.251 0.997554
8.15 -34.2291 0.996914
8.16 -34.2752 0.998259
8.17 -34.2781 0.998343
8.18 -34.2327 0.997022
8.19 -34.033 0.991204
8.2 -33.6424 0.97983
8.21 -33.2699 0.968979
8.22 -32.8181 0.955821
8.23 -32.0779 0.934263
8.24 -31.3735 0.913746
8.25 -30.7199 0.89471
8.26 -30.0106 0.874054
8.27 -29.3279 0.854171
8.28 -28.5117 0.830399
8.29 -27.8726 0.811783
8.3 -27.5524 0.802457
8.31 -27.2727 0.794312
8.32 -27.1185 0.789822
8.33 -27.0452 0.787687
8.34 -27.539 0.802067
8.35 -28.6287 0.833806
8.36 -29.6835 0.864525
8.37 -30.5206 0.888908
8.38 -31.5008 0.917456
8.39 -32.5666 0.948495
8.4 -33.6193 0.979156
8.41 -34.2471 0.997439
8.42 -34.2159 0.99653
8.43 -34.1133 0.993542
8.44 -34.1696 0.995184
8.45 -34.2271 0.996859
8.46 -34.3054 0.999139
8.47 -34.3157 0.999439
8.48 -34.2513 0.997563
8.49 -34.3167 0.999468
8.5 -34.3646 1.00086
8.51 -34.3579 1.00067
8.52 -34.3329 0.999939
8.53 -34.2996 0.998969
8.54 -34.3329 0.999938
8.55 -34.363 1.00081
8.56 -34.3429 1.00023
8.57 -34.3188 0.999528
8.58 -34.3208 0.999585
8.59 -34.3419 1.0002
8.6 -34.3526 1.00051
8.61 -34.3328 0.999935
8.62 -34.3203 0.999572
8.63 -34.3325 0.999927
8.64 -34.3444 1.00028
8.65 -34.3422 1.00021
8.66 -34.3289 0.999822
8.67 -34.3264 0.99975
8.68 -34.3379 1.00008
8.69 -34.3421 1.00021
8.7 -34.3358 1.00002
8.71 -34.3294 0.999837
8.72 -34.3313 0.999893
8.73 -34.3394 1.00013
8.74 -34.3392 1.00012
8.75 -34.3323 0.999921
8.76 -34.3318 0.999906
8.77 -34.3348 0.999995
8.78 -34.3388 1.00011
8.79 -34.336 1.00003
8.8 -34.3319 0.99991
8.81 -34.3337 0.999963
8.82 -34.3364 1.00004
8.83 -34.337 1.00006
8.84 -34.3344 0.999984
8.85 -34.333 0.99994
8.86 -34.3349 0.999997
8.87 -34.3366 1.00005
8.88 -34.3421 1.00021
8.89 -34.366 1.0009
8.9 -34.3825 1.00138
8.91 -34.3546 1.00057
8.92 -34.3338 0.999964
8.93 -34.3751 1.00117
8.94 -34.3916 1.00165
8.95 -34.3599 1.00073
8.96 -34.3456 1.00031
8.97 -34.3627 1.00081
8.98 -34.3754 1.00118
8.99 -34.3737 1.00113
9 -34.3397 1.00014
9.01 -34.3365 1.00004
9.02 -34.3551 1.00059
9.03 -34.3515 1.00048
9.04 -34.123 0.993827
9.05 -33.7396 0.982659
9.06 -33.2578 0.968628
9.07 -32.5304 0.947441
9.08 -31.5603 0.919187
9.09 -30.3785 0.884768
9.1 -28.9521 0.843225
9.11 -27.2553 0.793805
9.12 -25.2741 0.736104
9.13 -23.0145 0.670293
9.14 -20.6108 0.600284
9.15 -18.1527 0.528694
9.16 -15.6774 0.456601
9.17 -13.2956 0.387232
9.18 -11.1905 0.32592
9.19 -9.49154 0.276439
9.2 -8.31588 0.242198
9.21 -7.88575 0.229671
9.22 -9.92458 0.289051
9.23 -14.9407 0.435145
9.24 -19.0408 0.554558
9.25 -22.9125 0.667323
9.26 -27.632 0.804776
9.27 -31.2848 0.911165
9.28 -34.1427 0.994401
9.29 -34.579 1.00711
9.3 -34.2182 0.9966
9.31 -34.2558 0.997692
9.32 -34.0567 0.991895
9.33 -34.3494 1.00042
9.34 -34.4802 1.00423
9.35 -34.2454 0.997391
9.36 -34.1334 0.994128
9.37 -34.2596 0.997803
9.38 -34.3505 1.00045
9.39 -34.3692 1.001
9.4 -34.2217 0.9967
9.41 -34.1768 0.995393
9.42 -34.3171 0.999479
9.43 -34.3415 1.00019
9.44 -34.294 0.998807
9.45 -34.2208 0.996673
9.46 -34.2395 0.997217
9.47 -34.3217 0.999614
9.48 -34.3184 0.999515
9.49 -34.2576 0.997746
9.5 -34.2396 0.997223
9.51 -34.2765 0.998296
9.52 -34.3123 0.999338
9.53 -34.2919 0.998745
9.54 -34.2512 0.99756
9.55 -34.26 0.997814
9.56 -34.2914 0.998729
9.57 -34.2984 0.998935
9.58 -34.2749 0.998248
9.59 -34.2582 0.997762
9.6 -34.2743 0.998233
9.61 -34.2928 0.998772
9.62 -34.286 0.998572
9.63 -34.2685 0.998063
9.64 -34.2674 0.998032
9.65 -34.2825 0.99847
9.66 -34.2881 0.998635
9.67 -34.2775 0.998326
9.68 -34.2697 0.998097
9.69 -34.2748 0.998247
9.7 -34.2836 0.998504
9.71 -34.2828 0.998479
9.72 -34.2748 0.998247
9.73 -34.2727 0.998185
9.74 -34.2786 0.998356
9.75 -34.2825 0.998471
9.76 -34.279 0.998369
9.77 -34.2744 0.998234
9.78 -34.2757 0.998274
9.79 -34.2801 0.9984
9.8 -34.2805 0.998412
9.81 -34.2762 0.998286
9.82 -34.2764 0.998293
9.83 -34.2825 0.998472
9.84 -34.2835 0.998499
9.85 -34.2808 0.99842
9.86 -34.2791 0.998373
9.87 -34.2797 0.998389
9.88 -34.2818 0.998452
9.89 -34.2818 0.99845
9.9 -34.2804 0.998409
9.91 -34.2794 0.998382
9.92 -34.2806 0.998414
9.93 -34.2818 0.998452
9.94 -34.281 0.998426
9.95 -34.2801 0.998401
9.96 -34.2801 0.9984
9.97 -34.281 0.998428
9.98 -34.2814 0.998438
9.99 -34.2806 0.998415
10 -34.2802 0.998403
10.01 -34.2805 0.998414
10.02 -34.3018 0.999034
10.03 -34.3131 0.999362
10.04 -34.2717 0.998157
10.05 -34.2638 0.997927
10.06 -34.2944 0.998816
10.07 -34.2935 0.998791
10.08 -34.3047 0.999117
10.09 -34.2984 0.998935
10.1 -34.2633 0.997911
10.11 -34.2781 0.998344
10.12 -34.3185 0.999521
10.13 -34.3146 0.999407
10.14 -34.2725 0.998178
10.15 -34.26 0.997817
10.16 -34.2877 0.998621
10.17 -34.3031 0.999071
10.18 -34.3058 0.99915
10.19 -34.283 0.998485
10.2 -34.2618 0.997867
10.21 -34.2809 0.998425
10.22 -34.2931 0.998779
10.23 -34.2956 0.998852
10.24 -34.2954 0.998847
10.25 -34.2723 0.998173
10.26 -34.2733 0.998204
10.27 -34.2823 0.998466
10.28 -34.3032 0.999073
10.29 -34.3004 0.998992
10.3 -34.276 0.998281
10.31 -34.2764 0.998292
10.32 -34.1905 0.995792
10.33 -33.9711 0.989401
10.34 -33.5817 0.978061
10.35 -32.9693 0.960223
10.36 -32.0585 0.933698
10.37 -30.8413 0.898246
10.38 -29.2332 0.851412
10.39 -27.2514 0.793692
10.4 -24.9789 0.727506
10.41 -22.4972 0.655225
10.42 -19.9599 0.581328
10.43 -17.4839 0.509214
10.44 -15.19 0.442406
10.45 -13.1772 0.383783
10.46 -11.4977 0.334869
10.47 -10.1554 0.295774
10.48 -9.13954 0.266187
10.49 -8.41862 0.24519
10.5 -7.96359 0.231938
10.51 -7.74064 0.225445
10.52 -7.71388 0.224665
10.53 -8.19308 0.238622
10.54 -9.7102 0.282808
10.55 -12.0097 0.349782
10.56 -14.8473 0.432424
10.57 -18.0337 0.525227
10.58 -20.9629 0.610541
10.59 -23.3879 0.681168
10.6 -25.5129 0.743058
10.61 -27.6096 0.804125
10.62 -29.1392 0.848674
10.63 -30.3996 0.885382
10.64 -31.8288 0.927006
10.65 -33.083 0.963535
10.66 -34.0834 0.992673
10.67 -34.3668 1.00093
10.68 -34.2012 0.996104
10.69 -33.955 0.988932
10.7 -34.1501 0.994614
10.71 -34.5232 1.00548
10.72 -34.3105 0.999287
10.73 -34.1103 0.993454
10.74 -34.1108 0.993471
10.75 -34.2738 0.998218
10.76 -34.4118 1.00224
10.77 -34.2311 0.996974
10.78 -34.1079 0.993386
10.79 -34.2097 0.996352
10.8 -34.3181 0.999509
10.81 -34.3113 0.99931
10.82 -34.1941 0.995897
10.83 -34.1574 0.994828
10.84 -34.2602 0.997821
10.85 -34.3059 0.999151
10.86 -34.2511 0.997556
10.87 -34.1893 0.995755
10.88 -34.2079 0.996298
10.89 -34.2747 0.998243
10.9 -34.277 0.998311
10.91 -34.2237 0.996758
10.92 -34.2044 0.996196
10.93 -34.2402 0.997238
10.94 -34.2706 0.998123
10.95 -34.2526 0.9976
10.96 -34.2187 0.996614
10.97 -34.2274 0.996867
10.98 -34.2561 0.997701
10.99 -34.2615 0.997859
11 -34.241 0.997262
11.01 -34.2263 0.996833
11.02 -34.2402 0.997238
11.03 -34.259 0.997786
11.04 -34.257 0.997727
11.05 -34.2364 0.99713
11.06 -34.2285 0.996899
11.07 -34.246 0.997407
11.08 -34.2568 0.997724
11.09 -34.2474 0.997448
11.1 -34.2391 0.997207
11.11 -34.2403 0.997241
11.12 -34.2466 0.997424
11.13 -34.249 0.997496
11.14 -34.2463 0.997415
11.15 -34.243 0.99732
11.16 -34.2411 0.997266
11.17 -34.245 0.99738
11.18 -34.2473 0.997445
11.19 -34.2442 0.997357
11.2 -34.242 0.997293
11.21 -34.2429 0.997319
11.22 -34.2453 0.997387
11.23 -34.2452 0.997386
11.24 -34.243 0.99732
11.25 -34.2488 0.997488
11.26 -34.2482 0.997473
11.27 -34.2402 0.997239
11.28 -34.2415 0.997276
11.29 -34.2448 0.997373
11.3 -34.2476 0.997455
11.31 -34.2464 0.997419
11.32 -34.2442 0.997355
11.33 -34.243 0.99732
11.34 -34.2481 0.99747
11.35 -34.2472 0.997444
11.36 -34.2446 0.997366
11.37 -34.2428 0.997314
11.38 -34.2428 0.997314
11.39 -34.2473 0.997445
11.4 -34.195 0.995924
11.41 -34.0712 0.992316
11.42 -33.9152 0.987774
11.43 -33.736 0.982555
11.44 -33.5359 0.976726
11.45 -33.3146 0.970282
11.46 -33.0713 0.963195
11.47 -32.8111 0.955618
11.48 -32.5382 0.947669
11.49 -32.2528 0.939358
11.5 -31.9634 0.930927
11.51 -31.6494 0.921783
11.52 -31.3385 0.912728
11.53 -31.0216 0.903497
11.54 -30.7024 0.894202
11.55 -30.387 0.885015
11.56 -30.0647 0.875628
11.57 -29.7548 0.866603
11.58 -29.4535 0.857827
11.59 -29.1614 0.849321
11.6 -28.8805 0.841138
11.61 -28.6116 0.833306
11.62 -28.359 0.825949
11.63 -28.1245 0.819122
11.64 -27.9045 0.812712
11.65 -27.701 0.806785
11.66 -27.5153 0.801377
11.67 -27.3474 0.796488
11.68 -27.1977 0.792127
11.69 -27.0632 0.788209
11.7 -26.9449 0.784765
11.71 -26.8434 0.781808
11.72 -26.7575 0.779306
11.73 -26.6864 0.777236
11.74 -26.6292 0.775571
11.75 -26.5861 0.774313
11.76 -26.5576 0.773486
11.77 -26.5428 0.773052
11.78 -26.541 0.773
11.79 -26.5526 0.773338
11.8 -26.6046 0.774853
11.81 -26.7117 0.777973
11.82 -26.9445 0.784753
11.83 -27.2335 0.793172
11.84 -27.5543 0.802512
11.85 -27.9682 0.814567
11.86 -28.4593 0.828871
11.87 -29.0734 0.846757
11.88 -29.7788 0.867301
11.89 -30.3995 0.88538
11.9 -30.979 0.902258
11.91 -31.5022 0.917494
11.92 -31.9726 0.931197
11.93 -32.374 0.942886
11.94 -32.7134 0.952772
11.95 -33.0181 0.961645
11.96 -33.2854 0.969429
11.97 -33.5149 0.976115
11.98 -33.6995 0.981491
11.99 -33.8481 0.985818
12 -33.9709 0.989394
12.01 -34.0529 0.991784
12.02 -34.0843 0.992698
12.03 -34.071 0.992312
12.04 -34.072 0.99234
12.05 -34.0884 0.992817
12.06 -34.0868 0.992771
12.07 -34.0851 0.992722
12.08 -34.0842 0.992696
12.09 -34.0909 0.992891
12.1 -34.0971 0.993072
12.11 -34.0938 0.992976
12.12 -34.0882 0.992811
12.13 -34.0882 0.992813
12.14 -34.0931 0.992956
12.15 -34.0951 0.993014
12.16 -34.0914 0.992905
12.17 -34.0885 0.992821
12.18 -34.0907 0.992886
12.19 -34.0937 0.992971
12.2 -34.0932 0.992956
12.21 -34.0903 0.992874
12.22 -34.0898 0.992857
12.23 -34.092 0.992921
12.24 -34.0966 0.993056
12.25 -34.1046 0.99329
12.26 -34.1025 0.993228
12.27 -34.0897 0.992857
12.28 -34.0586 0.99195
12.29 -34.0206 0.990843
12.3 -33.9706 0.989386
12.31 -33.9058 0.9875
12.32 -33.8379 0.985523
12.33 -33.7695 0.983529
12.34 -33.7053 0.981659
12.35 -33.6241 0.979296
12.36 -33.533 0.976641
12.37 -33.441 0.973962
12.38 -33.3475 0.971239
12.39 -33.2501 0.968402
12.4 -33.1403 0.965205
12.41 -33.0245 0.961833
12.42 -32.9074 0.958421
12.43 -32.7873 0.954925
12.44 -32.6599 0.951212
12.45 -32.5246 0.947273
12.46 -32.3862 0.943242
12.47 -32.2462 0.939164
12.48 -32.1029 0.934989
12.49 -31.954 0.930654
12.5 -31.8018 0.926221
12.51 -31.6492 0.921778
12.52 -31.4965 0.91733
12.53 -31.3422 0.912836
12.54 -31.1864 0.908297
12.55 -31.0313 0.903782
12.56 -30.8787 0.899336
12.57 -30.728 0.894947
12.58 -30.5785 0.890592
12.59 -30.4312 0.886303
12.6 -30.2879 0.882129
12.61 -30.149 0.878084
12.62 -30.0141 0.874156
12.63 -29.8833 0.870345
12.64 -29.7578 0.866689
12.65 -29.6386 0.863217
12.66 -29.5257 0.859929
12.67 -29.4189 0.856819
12.68 -29.3187 0.853902
12.69 -29.226 0.851201
12.7 -29.1411 0.848729
12.71 -29.0638 0.846478
12.72 -28.994 0.844446
12.73 -28.9322 0.842645
12.74 -28.8787 0.841088
12.75 -28.8335 0.839769
12.76 -28.7961 0.838681
12.77 -28.7666 0.837822
12.78 -28.7452 0.837197
12.79 -28.7317 0.836804
12.8 -28.7258 0.836634
12.81 -28.7262 0.836644
12.82 -28.7322 0.836818
12.83 -28.768 0.837863
12.84 -28.8226 0.839452
12.85 -28.9538 0.843273
12.86 -29.1411 0.848729
12.87 -29.343 0.854609
12.88 -29.5638 0.86104
12.89 -29.8071 0.868126
12.9 -30.0622 0.875555
12.91 -30.3782 0.884759
12.92 -30.7021 0.894193
12.93 -31.0254 0.903607
12.94 -31.3385 0.912728
12.95 -31.6346 0.921353
12.96 -31.9175 0.929591
12.97 -32.173 0.937031
12.98 -32.4016 0.94369
12.99 -32.592 0.949236
13 -32.7536 0.953942
13.01 -32.8821 0.957683
13.02 -32.9755 0.960404
13.03 -33.028 0.961933
13.04 -33.0267 0.961896
13.05 -33.0185 0.961658
13.06 -33.032 0.962051
13.07 -33.0361 0.962169
13.08 -33.042 0.962342
13.09 -33.0377 0.962217
13.1 -33.0268 0.961898
13.11 -33.0361 0.962169
13.12 -33.0422 0.962347
13.13 -33.0388 0.962248
13.14 -33.034 0.96211
13.15 -33.0319 0.962049
13.16 -33.0377 0.962217
13.17 -33.0409 0.962309
13.18 -33.0362 0.962173
13.19 -33.0334 0.962092
13.2 -33.0352 0.962145
13.21 -33.0384 0.962236
13.22 -33.0387 0.962244
13.23 -33.0352 0.962143
13.24 -33.0344 0.962119
13.25 -33.0374 0.962209
13.26 -33.0418 0.962335
13.27 -33.0454 0.962441
13.28 -33.0405 0.962299
13.29 -33.0327 0.962072
13.3 -32.9926 0.960902
13.31 -32.9285 0.959035
13.32 -32.877 0.957536
13.33 -32.8115 0.955628
13.34 -32.7404 0.953558
13.35 -32.6733 0.951603
13.36 -32.5962 0.949359
13.37 -32.5202 0.947145
13.38 -32.4406 0.944826
13.39 -32.3551 0.942336
13.4 -32.2719 0.939913
13.41 -32.1846 0.937371
13.42 -32.095 0.93476
13.43 -32.0052 0.932145
13.44 -31.9125 0.929446
13.45 -31.8208 0.926776
13.46 -31.7284 0.924082
13.47 -31.6346 0.921353
13.48 -31.5419 0.918652
13.49 -31.4494 0.915958
13.5 -31.358 0.913296
13.51 -31.2677 0.910666
13.52 -31.1779 0.90805
13.53 -31.09 0.90549
13.54 -31.0039 0.902984
13.55 -30.9196 0.900528
13.56 -30.8375 0.898137
13.57 -30.7575 0.895805
13.58 -30.6803 0.893557
13.59 -30.6061 0.891397
13.6 -30.5348 0.88932
13.61 -30.4667 0.887337
13.62 -30.402 0.885451
13.63 -30.3409 0.883673
13.64 -30.2836 0.882005
13.65 -30.23 0.880443
13.66 -30.1802 0.878993
13.67 -30.1345 0.877661
13.68 -30.0928 0.876448
13.69 -30.0553 0.875353
13.7 -30.0217 0.874376
13.71 -29.9923 0.873519
13.72 -29.967 0.872784
13.73 -29.9459 0.872169
13.74 -29.9289 0.871672
13.75 -29.9158 0.871293
13.76 -29.9068 0.87103
13.77 -29.9018 0.870884
13.78 -29.9007 0.870851
13.79 -29.9013 0.870869
13.8 -29.906 0.871007
13.81 -29.9255 0.871573
13.82 -29.9517 0.872339
13.83 -30.0219 0.874382
13.84 -30.1344 0.877657
13.85 -30.2422 0.880799
13.86 -30.3683 0.884472
13.87 -30.5243 0.889013
13.88 -30.6577 0.892899
13.89 -30.7982 0.896991
13.9 -31.0018 0.90292
13.91 -31.1889 0.908371
13.92 -31.3725 0.913718
13.93 -31.5313 0.918343
13.94 -31.6745 0.922514
13.95 -31.82 0.926752
13.96 -31.9404 0.930258
13.97 -32.0444 0.933288
13.98 -32.1163 0.93538
13.99 -32.168 0.936887
14 -32.2066 0.938011
14.01 -32.2111 0.938143
14.02 -32.2024 0.937888
14.03 -32.2024 0.937889
14.04 -32.2056 0.937983
14.05 -32.2163 0.938294
14.06 -32.214 0.938226
14.07 -32.2031 0.937909
14.08 -32.2057 0.937984
14.09 -32.2121 0.938172
14.1 -32.214 0.938225
14.11 -32.2097 0.9381
14.12 -32.205 0.937965
14.13 -32.2083 0.93806
14.14 -32.213 0.938198
14.15 -32.2114 0.938149
14.16 -32.2079 0.938047
14.17 -32.2071 0.938026
14.18 -32.2101 0.938112
14.19 -32.212 0.938169
14.2 -32.2097 0.938102
14.21 -32.2077 0.938043
14.22 -32.2089 0.938078
14.23 -32.2121 0.938172
14.24 -32.2223 0.938468
14.25 -32.2192 0.938377
14.26 -32.1998 0.937811
14.27 -32.1622 0.936717
14.28 -32.126 0.935664
14.29 -32.0889 0.934581
14.3 -32.0415 0.933203
14.31 -31.9987 0.931955
14.32 -31.9606 0.930847
14.33 -31.9184 0.929618
14.34 -31.8657 0.928083
14.35 -31.8073 0.926381
14.36 -31.7534 0.924812
14.37 -31.7045 0.923386
14.38 -31.6497 0.92179
14.39 -31.5897 0.920044
14.4 -31.5309 0.918331
14.41 -31.4769 0.916757
14.42 -31.4249 0.915244
14.43 -31.3692 0.913622
14.44 -31.3126 0.911974
14.45 -31.2599 0.91044
14.46 -31.2109 0.909013
14.47 -31.1625 0.9076
14.48 -31.1129 0.906157
14.49 -31.0653 0.904772
14.5 -31.0222 0.903514
14.51 -30.9817 0.902336
14.52 -30.9418 0.901175
14.53 -30.9032 0.900049
14.54 -30.8678 0.89902
14.55 -30.8363 0.8981
14.56 -30.8067 0.89724
14.57 -30.7784 0.896415
14.58 -30.7525 0.89566
14.59 -30.73 0.895004
14.6 -30.7103 0.894432
14.61 -30.6924 0.89391
14.62 -30.6763 0.89344
14.63 -30.6628 0.893048
14.64 -30.6523 0.892741
14.65 -30.6439 0.892497
14.66 -30.6372 0.892301
14.67 -30.6324 0.892163
14.68 -30.6302 0.892099
14.69 -30.6303 0.892101
14.7 -30.6303 0.892101
14.71 -30.633 0.892181
14.72 -30.6391 0.892358
14.73 -30.6495 0.892661
14.74 -30.6652 0.893119
14.75 -30.6921 0.893903
14.76 -30.747 0.8955
14.77 -30.8048 0.897183
14.78 -30.8578 0.898727
14.79 -30.9252 0.900691
14.8 -31.0075 0.903089
14.81 -31.0751 0.905057
14.82 -31.1311 0.906688
14.83 -31.199 0.908665
14.84 -31.2733 0.91083
14.85 -31.3683 0.913597
14.86 -31.4485 0.915932
14.87 -31.5118 0.917775
14.88 -31.5826 0.919836
14.89 -31.6406 0.921526
14.9 -31.682 0.922732
14.91 -31.7056 0.923419
14.92 -31.7165 0.923736
14.93 -31.7183 0.92379
14.94 -31.7157 0.923713
14.95 -31.7151 0.923696
14.96 -31.7157 0.923715
14.97 -31.7169 0.923748
14.98 -31.7172 0.923757
14.99 -31.7158 0.923715
15 -31.7153 0.923702
15.01 -31.7165 0.923736
15.02 -31.7168 0.923746
15.03 -31.7165 0.923736
15.04 -31.7157 0.923715
15.05 -31.7158 0.923717
15.06 -31.7166 0.92374
15.07 -31.7166 0.92374
15.08 -31.7161 0.923726
15.09 -31.7159 0.923719
15.1 -31.7162 0.923728
15.11 -31.7166 0.923738
15.12 -31.7164 0.923734
15.13 -31.7161 0.923724
15.14 -31.7162 0.923728
15.15 -31.7162 0.923727
15.16 -31.7157 0.923713
15.17 -31.7049 0.923399
15.18 -31.6842 0.922797
15.19 -31.6685 0.922338
15.2 -31.6568 0.921999
15.21 -31.6416 0.921556
15.22 -31.6187 0.920888
15.23 -31.5884 0.920006
15.24 -31.5632 0.91927
15.25 -31.5428 0.918678
15.26 -31.5178 0.917949
15.27 -31.4877 0.917073
15.28 -31.4574 0.916191
15.29 -31.4316 0.915438
15.3 -31.4077 0.914743
15.31 -31.3802 0.913942
15.32 -31.3508 0.913084
15.33 -31.3242 0.912312
15.34 -31.3008 0.911628
15.35 -31.2776 0.910953
15.36 -31.2527 0.910228
15.37 -31.2286 0.909526
15.38 -31.2079 0.908923
15.39 -31.1891 0.908378
15.4 -31.1703 0.907829
15.41 -31.1516 0.907284
15.42 -31.135 0.906799
15.43 -31.121 0.906394
15.44 -31.1083 0.906023
15.45 -31.0957 0.905657
15.46 -31.0844 0.905326
15.47 -31.0752 0.905059
15.48 -31.0679 0.904847
15.49 -31.0614 0.904657
15.5 -31.0555 0.904485
15.51 -31.0512 0.904359
15.52 -31.0486 0.904286
15.53 -31.0474 0.904248
15.54 -31.047 0.904237
15.55 -31.0471 0.904242
15.56 -31.0474 0.90425
15.57 -31.0484 0.904278
15.58 -31.0523 0.904393
15.59 -31.06 0.904617
15.6 -31.0713 0.904945
15.61 -31.086 0.905373
15.62 -31.1166 0.906265
15.63 -31.151 0.907266
15.64 -31.1845 0.908244
15.65 -31.2252 0.909427
15.66 -31.2676 0.910661
15.67 -31.3085 0.911855
15.68 -31.3383 0.912723
15.69 -31.3656 0.913517
15.7 -31.399 0.91449
15.71 -31.4272 0.91531
15.72 -31.4479 0.915914
15.73 -31.4624 0.916336
15.74 -31.4743 0.916683
15.75 -31.4874 0.917065
15.76 -31.4936 0.917244
15.77 -31.4917 0.917188
15.78 -31.4875 0.917068
15.79 -31.4876 0.91707
15.8 -31.4917 0.91719
15.81 -31.4933 0.917235
15.82 -31.4902 0.917147
15.83 -31.4878 0.917076
15.84 -31.4897 0.917131
15.85 -31.4921 0.917201
15.86 -31.4917 0.917188
15.87 -31.4893 0.917121
15.88 -31.4889 0.917107
15.89 -31.4907 0.917161
15.9 -31.4917 0.917189
15.91 -31.4905 0.917156
15.92 -31.4893 0.91712
15.93 -31.4898 0.917134
15.94 -31.4911 0.917171
15.95 -31.4911 0.917171
15.96 -31.49 0.917141
15.97 -31.4897 0.91713
15.98 -31.4904 0.917151
15.99 -31.4911 0.917171
16 -31.4907 0.917161
16.01 -31.4897 0.917132
16.02 -31.4906 0.917158
16.03 -31.479 0.916818
16.04 -31.4569 0.916176
16.05 -31.4451 0.915832
16.06 -31.4371 0.915599
16.07 -31.4269 0.915304
16.08 -31.4147 0.914946
16.09 -31.4013 0.914556
16.1 -31.393 0.914315
16.11 -31.3866 0.914127
16.12 -31.3767 0.913841
16.13 -31.3658 0.913521
16.14 -31.3565 0.913253
16.15 -31.3498 0.913056
16.16 -31.3432 0.912865
16.17 -31.3345 0.912612
16.18 -31.3261 0.912368
16.19 -31.32 0.912189
16.2 -31.3149 0.91204
16.21 -31.3093 0.911876
16.22 -31.3029 0.91169
16.23 -31.2975 0.911533
16.24 -31.2937 0.911423
16.25 -31.2902 0.91132
16.26 -31.2861 0.911201
16.27 -31.2822 0.911087
16.28 -31.2793 0.911005
16.29 -31.2775 0.91095
16.3 -31.2755 0.910894
16.31 -31.2735 0.910834
16.32 -31.273 0.910819
16.33 -31.2731 0.910822
16.34 -31.2725 0.910805
16.35 -31.2715 0.910777
16.36 -31.2711 0.910766
16.37 -31.2733 0.910828
16.38 -31.2744 0.91086
16.39 -31.2775 0.910951
16.4 -31.2871 0.911231
16.41 -31.2984 0.91156
16.42 -31.3071 0.911812
16.43 -31.3226 0.912264
16.44 -31.3464 0.912958
16.45 -31.3716 0.913692
16.46 -31.3958 0.914396
16.47 -31.415 0.914955
16.48 -31.4324 0.915463
16.49 -31.4501 0.915979
16.5 -31.4635 0.91637
16.51 -31.4734 0.916656
16.52 -31.4808 0.916873
16.53 -31.4858 0.917019
16.54 -31.4892 0.917117
16.55 -31.4865 0.917039
16.56 -31.4844 0.916978
16.57 -31.4896 0.917128
16.58 -31.4907 0.917159
16.59 -31.4869 0.91705
16.6 -31.4857 0.917016
16.61 -31.4871 0.917054
16.62 -31.4894 0.917123
16.63 -31.4891 0.917113
16.64 -31.4865 0.917037
16.65 -31.4865 0.917037
16.66 -31.4882 0.917089
16.67 -31.4889 0.917108
16.68 -31.4879 0.917079
16.69 -31.4867 0.917043
16.7 -31.4873 0.91706
16.71 -31.4885 0.917096
16.72 -31.4883 0.917091
16.73 -31.4874 0.917064
16.74 -31.4871 0.917055
16.75 -31.4878 0.917075
16.76 -31.4883 0.917092
16.77 -31.4879 0.917078
16.78 -31.4873 0.91706
16.79 -31.4872 0.917059
16.8 -31.4869 0.917051
16.81 -31.4868 0.917045
16.82 -31.4784 0.916803
16.83 -31.465 0.916413
16.84 -31.4571 0.916183
16.85 -31.453 0.916061
16.86 -31.4475 0.915901
16.87 -31.4387 0.915645
16.88 -31.4298 0.915387
16.89 -31.4246 0.915235
16.9 -31.4211 0.915135
16.91 -31.4153 0.914964
16.92 -31.4081 0.914755
16.93 -31.4026 0.914594
16.94 -31.3992 0.914496
16.95 -31.3959 0.914401
16.96 -31.391 0.914257
16.97 -31.3862 0.914116
16.98 -31.3831 0.914027
16.99 -31.3811 0.913968
17 -31.3785 0.913891
17.01 -31.3752 0.913796
17.02 -31.3727 0.913724
17.03 -31.3716 0.91369
17.04 -31.3707 0.913664
17.05 -31.3699 0.913643
17.06 -31.3693 0.913625
17.07 -31.3686 0.913604
17.08 -31.3683 0.913594
17.09 -31.368 0.913588
17.1 -31.3683 0.913596
17.11 -31.3693 0.913626
17.12 -31.3703 0.913654
17.13 -31.3715 0.913689
17.14 -31.3747 0.913782
17.15 -31.3811 0.913968
17.16 -31.3895 0.914213
17.17 -31.3957 0.914394
17.18 -31.3997 0.914509
17.19 -31.4091 0.914783
17.2 -31.425 0.915246
17.21 -31.4391 0.915658
17.22 -31.4498 0.915968
17.23 -31.4592 0.916244
17.24 -31.468 0.9165
17.25 -31.4759 0.916728
17.26 -31.4814 0.916888
17.27 -31.4841 0.916968
17.28 -31.4854 0.917005
17.29 -31.4849 0.916992
17.3 -31.4851 0.916997
17.31 -31.4873 0.917062
17.32 -31.4872 0.917057
17.33 -31.4854 0.917006
17.34 -31.4852 0.917001
17.35 -31.4862 0.917028
17.36 -31.487 0.917052
17.37 -31.4864 0.917036
17.38 -31.4854 0.917006
17.39 -31.4857 0.917015
17.4 -31.4865 0.917039
17.41 -31.4866 0.917041
17.42 -31.486 0.917023
17.43 -31.4856 0.917013
17.44 -31.4861 0.917025
17.45 -31.4865 0.917039
17.46 -31.4863 0.917032
17.47 -31.4859 0.917019
17.48 -31.4859 0.91702
17.49 -31.4862 0.91703
17.5 -31.4864 0.917035
17.51 -31.4861 0.917026
17.52 -31.4859 0.91702
17.53 -31.4859 0.917021
17.54 -31.4858 0.917017
17.55 -31.4852 0.917001
17.56 -31.4826 0.916924
17.57 -31.475 0.916703
17.58 -31.4669 0.916468
17.59 -31.4625 0.916339
17.6 -31.4599 0.916264
17.61 -31.4555 0.916136
17.62 -31.4491 0.915947
17.63 -31.4439 0.915797
17.64 -31.4411 0.915714
17.65 -31.4385 0.915639
17.66 -31.4343 0.915517
17.67 -31.4297 0.915384
17.68 -31.4268 0.915299
17.69 -31.4251 0.915251
17.7 -31.423 0.915188
17.71 -31.42 0.915103
17.72 -31.4177 0.915034
17.73 -31.4167 0.915004
17.74 -31.4161 0.914987
17.75 -31.4156 0.914972
17.76 -31.4148 0.91495
17.77 -31.414 0.914926
17.78 -31.414 0.914928
17.79 -31.4141 0.914931
17.8 -31.4138 0.914922
17.81 -31.4146 0.914944
17.82 -31.416 0.914985
17.83 -31.4168 0.915009
17.84 -31.4192 0.915079
17.85 -31.4232 0.915193
17.86 -31.4282 0.915339
17.87 -31.4345 0.915522
17.88 -31.4389 0.915652
17.89 -31.4415 0.915728
17.9 -31.4454 0.915842
17.91 -31.4526 0.91605
17.92 -31.4611 0.9163
17.93 -31.4674 0.916482
17.94 -31.4727 0.916635
17.95 -31.4775 0.916777
17.96 -31.4819 0.916905
17.97 -31.4832 0.916942
17.98 -31.4824 0.916919
17.99 -31.4838 0.916959
18 -31.4861 0.917026
18.01 -31.4868 0.917046
18.02 -31.485 0.916995
18.03 -31.4838 0.916958
18.04 -31.485 0.916993
18.05 -31.4863 0.917033
18.06 -31.4858 0.917018
18.07 -31.4846 0.916983
18.08 -31.4844 0.916978
18.09 -31.4855 0.917009
18.1 -31.486 0.917024
18.11 -31.4852 0.917001
18.12 -31.4846 0.916984
18.13 -31.485 0.916994
18.14 -31.4856 0.917013
18.15 -31.4856 0.917012
18.16 -31.485 0.916994
18.17 -31.4848 0.91699
18.18 -31.4853 0.917003
18.19 -31.4856 0.917011
18.2 -31.4853 0.917004
18.21 -31.485 0.916994
18.22 -31.4851 0.916996
18.23 -31.4853 0.917003
18.24 -31.4851 0.916997
18.25 -31.4848 0.916989
18.26 -31.4822 0.916912
18.27 -31.4752 0.916709
18.28 -31.4688 0.916523
18.29 -31.4652 0.916417
18.3 -31.4624 0.916337
18.31 -31.4587 0.91623
18.32 -31.454 0.916091
18.33 -31.4504 0.915986
18.34 -31.4486 0.915934
18.35 -31.4468 0.915883
18.36 -31.4442 0.915806
18.37 -31.4417 0.915734
18.38 -31.4405 0.915697
18.39 -31.4401 0.915686
18.4 -31.4394 0.915666
18.41 -31.4384 0.915638
18.42 -31.4384 0.915637
18.43 -31.4388 0.915648
18.44 -31.4384 0.915637
18.45 -31.438 0.915624
18.46 -31.4382 0.915632
18.47 -31.4391 0.915657
18.48 -31.4398 0.915676
18.49 -31.4399 0.915682
18.5 -31.4405 0.915697
18.51 -31.4423 0.915752
18.52 -31.4451 0.915833
18.53 -31.4478 0.915911
18.54 -31.4506 0.915991
18.55 -31.4546 0.91611
18.56 -31.4591 0.916239
18.57 -31.4616 0.916314
18.58 -31.4638 0.916378
18.59 -31.4673 0.91648
18.6 -31.4706 0.916576
18.61 -31.474 0.916675
18.62 -31.4784 0.916802
18.63 -31.4795 0.916834
18.64 -31.4813 0.916885
18.65 -31.4847 0.916986
18.66 -31.4877 0.917072
18.67 -31.4888 0.917106
18.68 -31.4873 0.91706
18.69 -31.4862 0.917029
18.7 -31.487 0.917053
18.71 -31.4883 0.91709
18.72 -31.488 0.917081
18.73 -31.4869 0.91705
18.74 -31.4867 0.917043
18.75 -31.4876 0.917069
18.76 -31.4881 0.917083
18.77 -31.4875 0.917066
18.78 -31.4869 0.917049
18.79 -31.4871 0.917056
18.8 -31.4877 0.917074
18.81 -31.4877 0.917074
18.82 -31.4872 0.917059
18.83 -31.487 0.917054
18.84 -31.4874 0.917064
18.85 -31.4877 0.917072
18.86 -31.4875 0.917067
18.87 -31.4872 0.917058
18.88 -31.4872 0.917059
18.89 -31.4874 0.917063
18.9 -31.4873 0.917062
18.91 -31.487 0.917053
18.92 -31.4868 0.917046
18.93 -31.4868 0.917048
18.94 -31.4852 0.917
18.95 -31.4813 0.916886
18.96 -31.4783 0.916798
18.97 -31.478 0.916789
18.98 -31.4778 0.916784
18.99 -31.4758 0.916727
19 -31.4734 0.916656
19.01 -31.4722 0.916621
19.02 -31.4723 0.916624
19.03 -31.4717 0.916608
19.04 -31.47 0.916559
19.05 -31.4687 0.916521
19.06 -31.4685 0.916514
19.07 -31.4688 0.916522
19.08 -31.4688 0.916523
19.09 -31.468 0.916498
19.1 -31.4668 0.916464
19.11 -31.4668 0.916465
19.12 -31.4675 0.916486
19.13 -31.4676 0.916489
19.14 -31.4669 0.916466
19.15 -31.4668 0.916466
19.16 -31.4682 0.916504
19.17 -31.4691 0.91653
19.18 -31.4693 0.916537
19.19 -31.47 0.916558
19.2 -31.4726 0.916632
19.21 -31.4766 0.916749
19.22 -31.4806 0.916865
19.23 -31.484 0.916965
19.24 -31.4859 0.917021
19.25 -31.488 0.917081
19.26 -31.4913 0.917179
19.27 -31.4937 0.917248
19.28 -31.4949 0.917283
19.29 -31.4955 0.917299
19.3 -31.4948 0.917279
19.31 -31.4955 0.9173
19.32 -31.498 0.917372
19.33 -31.4984 0.917383
19.34 -31.4968 0.917339
19.35 -31.4959 0.917313
19.36 -31.4966 0.917332
19.37 -31.4979 0.917369
19.38 -31.4976 0.917363
19.39 -31.4965 0.917328
19.4 -31.4964 0.917325
19.41 -31.4972 0.917349
19.42 -31.4976 0.917362
19.43 -31.4971 0.917347
19.44 -31.4965 0.917329
19.45 -31.4968 0.917337
19.46 -31.4973 0.917354
19.47 -31.4973 0.917353
19.48 -31.4969 0.91734
19.49 -31.4967 0.917334
19.5 -31.497 0.917344
19.51 -31.4973 0.917352
19.52 -31.4971 0.917347
19.53 -31.4968 0.917338
19.54 -31.4969 0.91734
19.55 -31.4971 0.917347
19.56 -31.4971 0.917347
19.57 -31.4968 0.917338
19.58 -31.4966 0.917331
19.59 -31.4966 0.917333
19.6 -31.4963 0.917323
19.61 -31.4936 0.917244
19.62 -31.4896 0.917127
19.63 -31.4879 0.917077
19.64 -31.4877 0.917072
19.65 -31.4865 0.917037
19.66 -31.4841 0.916968
19.67 -31.4819 0.916905
19.68 -31.4814 0.916888
19.69 -31.4812 0.916884
19.7 -31.48 0.916849
19.71 -31.4784 0.916803
19.72 -31.4776 0.916779
19.73 -31.4779 0.916787
19.74 -31.4784 0.916801
19.75 -31.4776 0.916779
19.76 -31.4763 0.916741
19.77 -31.4762 0.916738
19.78 -31.477 0.916763
19.79 -31.4774 0.916774
19.8 -31.4768 0.916754
19.81 -31.4763 0.916742
19.82 -31.4775 0.916774
19.83 -31.4789 0.916816
19.84 -31.4792 0.916825
19.85 -31.479 0.91682
19.86 -31.4811 0.91688
19.87 -31.4845 0.91698
19.88 -31.4874 0.917064
19.89 -31.4902 0.917147
19.9 -31.4928 0.917221
19.91 -31.4947 0.917276
19.92 -31.4968 0.917338
19.93 -31.499 0.917402
19.94 -31.5 0.917432
19.95 -31.4995 0.917415
19.96 -31.4997 0.917423
19.97 -31.5025 0.917505
19.98 -31.5041 0.917551
19.99 -31.5029 0.917515
20 -31.5017 0.91748
