0.01 9.40364e-06 -3.83431e-07
0.02 0.000204027 -8.31913e-06
0.03 0.00180551 -7.36191e-05
0.04 0.00676484 -0.000275834
0.05 0.0115697 -0.000471752
0.06 0.0128504 -0.000523972
0.07 -0.0136532 0.000556707
0.08 -0.130324 0.00531391
0.09 -0.310532 0.0126619
0.1 -0.461449 0.0188155
0.11 -0.968025 0.0394709
0.12 -1.55959 0.0635919
0.13 -1.89714 0.0773553
0.14 -2.25369 0.0918935
0.15 -2.57932 0.105171
0.16 -2.92385 0.119219
0.17 -3.37238 0.137508
0.18 -4.10595 0.167419
0.19 -4.69163 0.1913
0.2 -4.89257 0.199493
0.21 -5.20689 0.21231
0.22 -5.49578 0.224089
0.23 -5.77017 0.235277
0.24 -5.9497 0.242597
0.25 -5.983 0.243955
0.26 -6.14726 0.250653
0.27 -6.3186 0.257639
0.28 -6.4581 0.263327
0.29 -6.55993 0.267479
0.3 -6.64943 0.271128
0.31 -6.8008 0.277301
0.32 -6.93358 0.282715
0.33 -7.01861 0.286182
0.34 -7.0693 0.288249
0.35 -7.13454 0.290909
0.36 -7.21293 0.294105
0.37 -7.27753 0.296739
0.38 -7.31443 0.298244
0.39 -7.34328 0.29942
0.4 -7.39424 0.301498
0.41 -7.44196 0.303444
0.42 -7.4754 0.304807
0.43 -7.49483 0.3056
0.44 -7.51885 0.306579
0.45 -7.55371 0.308
0.46 -7.57871 0.30902
0.47 -7.58922 0.309448
0.48 -7.5933 0.309615
0.49 -7.59687 0.30976
0.5 -7.60456 0.310074
0.51 -7.61855 0.310644
0.52 -7.64383 0.311675
0.53 -7.71531 0.314589
0.54 -7.82493 0.319059
0.55 -7.9258 0.323172
0.56 -8.04043 0.327846
0.57 -8.16408 0.332888
0.58 -8.30533 0.338648
0.59 -8.47893 0.345726
0.6 -8.65395 0.352863
0.61 -8.81205 0.359309
0.62 -8.96778 0.365659
0.63 -9.13968 0.372668
0.64 -9.31577 0.379848
0.65 -9.48615 0.386795
0.66 -9.6434 0.393207
0.67 -9.7981 0.399515
0.68 -9.95644 0.405971
0.69 -10.1171 0.412522
0.7 -10.2753 0.418971
0.71 -10.4226 0.424978
0.72 -10.5725 0.431089
0.73 -10.7236 0.437251
0.74 -10.8653 0.44303
0.75 -10.9977 0.448427
0.76 -11.1196 0.453399
0.77 -11.237 0.458185
0.78 -11.3463 0.462643
0.79 -11.4408 0.466497
0.8 -11.5196 0.469709
0.81 -11.5828 0.472285
0.82 -11.634 0.474374
0.83 -11.669 0.475801
0.84 -11.6825 0.47635
0.85 -11.6859 0.47649
0.86 -11.687 0.476536
0.87 -11.6825 0.476351
0.88 -11.6658 0.475669
0.89 -11.6347 0.4744
0.9 -11.5908 0.472612
0.91 -11.5359 0.470373
0.92 -11.4694 0.467662
0.93 -11.3892 0.46439
0.94 -11.2947 0.460538
0.95 -11.1874 0.456165
0.96 -11.0679 0.451289
0.97 -10.9348 0.445865
0.98 -10.7878 0.43987
0.99 -10.6273 0.433324
1 -10.4548 0.42629
1.01 -10.2709 0.418793
1.02 -10.0756 0.410829
1.03 -9.86655 0.402306
1.04 -9.65456 0.393662
1.05 -9.44876 0.38527
1.06 -9.23686 0.37663
1.07 -9.00921 0.367348
1.08 -8.85699 0.361141
1.09 -8.76279 0.3573
1.1 -8.48315 0.345898
1.11 -8.28005 0.337617
1.12 -8.36277 0.34099
1.13 -8.32712 0.339536
1.14 -9.47677 0.386412
1.15 -11.5155 0.469541
1.16 -12.2822 0.500804
1.17 -12.4415 0.507297
1.18 -12.3987 0.505555
1.19 -12.5897 0.513343
1.2 -12.7396 0.519455
1.21 -12.8978 0.525904
1.22 -13.1568 0.536467
1.23 -13.2696 0.541062
1.24 -13.5233 0.551408
1.25 -13.7189 0.559383
1.26 -13.9461 0.568649
1.27 -14.163 0.577494
1.28 -14.3735 0.586075
1.29 -14.5898 0.594896
1.3 -14.8094 0.603848
1.31 -15.0172 0.612322
1.32 -15.2084 0.620118
1.33 -15.4066 0.628198
1.34 -15.5884 0.635611
1.35 -15.7709 0.643054
1.36 -15.9297 0.649528
1.37 -16.076 0.655495
1.38 -16.2137 0.66111
1.39 -16.3324 0.665951
1.4 -16.4311 0.669973
1.41 -16.5065 0.673048
1.42 -16.5685 0.675577
1.43 -16.6285 0.678022
1.44 -16.6818 0.680197
1.45 -16.7292 0.682129
1.46 -16.7745 0.683977
1.47 -16.8191 0.685796
1.48 -16.8609 0.687499
1.49 -16.8958 0.688923
1.5 -16.9268 0.690185
1.51 -16.9555 0.691357
1.52 -16.9821 0.69244
1.53 -17.0039 0.693327
1.54 -17.0205 0.694005
1.55 -17.0336 0.694541
1.56 -17.0443 0.694977
1.57 -17.0527 0.695321
1.58 -17.0554 0.695431
1.59 -17.0542 0.69538
1.6 -17.0545 0.695391
1.61 -17.0547 0.695401
1.62 -17.0544 0.695389
1.63 -17.0525 0.695309
1.64 -17.0497 0.695198
1.65 -17.0501 0.695211
1.66 -17.0514 0.695264
1.67 -17.0544 0.695388
1.68 -17.0516 0.695273
1.69 -17.0627 0.695727
1.7 -17.1081 0.697577
1.71 -17.1792 0.700478
1.72 -17.2773 0.704476
1.73 -17.4159 0.71013
1.74 -17.5701 0.716416
1.75 -17.7324 0.723035
1.76 -17.8996 0.72985
1.77 -18.0702 0.736806
1.78 -18.2348 0.74352
1.79 -18.3951 0.750053
1.8 -18.551 0.756412
1.81 -18.6978 0.762396
1.82 -18.8374 0.768088
1.83 -18.9611 0.773135
1.84 -19.0781 0.777903
1.85 -19.1799 0.782054
1.86 -19.2634 0.785461
1.87 -19.3322 0.788265
1.88 -19.3716 0.789873
1.89 -19.3887 0.790567
1.9 -19.3975 0.790927
1.91 -19.4009 0.791068
1.92 -19.4019 0.791108
1.93 -19.4 0.791028
1.94 -19.3986 0.790972
1.95 -19.3993 0.791
1.96 -19.3987 0.790975
1.97 -19.3981 0.790953
1.98 -19.3975 0.790927
1.99 -19.3968 0.7909
2 -19.3965 0.790888
2.01 -19.3955 0.790847
2.02 -19.395 0.790825
2.03 -19.3947 0.790813
2.04 -19.3942 0.790793
2.05 -19.3923 0.790715
2.06 -19.3917 0.790691
2.07 -19.3917 0.79069
2.08 -19.3882 0.79055
2.09 -19.3789 0.790169
2.1 -19.3824 0.790313
2.11 -19.3721 0.78989
2.12 -19.3532 0.789122
2.13 -19.3714 0.789865
2.14 -19.3609 0.789436
2.15 -19.2479 0.784826
2.16 -19.0449 0.776549
2.17 -18.8844 0.770007
2.18 -18.6834 0.761811
2.19 -18.0594 0.736369
2.2 -17.6114 0.7181
2.21 -17.5926 0.717332
2.22 -17.3418 0.707106
2.23 -17.1491 0.699251
2.24 -17.1491 0.69925
2.25 -17.1601 0.699698
2.26 -18.0151 0.73456
2.27 -18.8677 0.769327
2.28 -19.8046 0.807528
2.29 -19.8338 0.808718
2.3 -19.6723 0.802133
2.31 -19.839 0.80893
2.32 -19.8208 0.808188
2.33 -20.0022 0.815584
2.34 -20.0182 0.816236
2.35 -20.1062 0.819827
2.36 -20.2562 0.825941
2.37 -20.4085 0.832152
2.38 -20.535 0.837309
2.39 -20.6368 0.841461
2.4 -20.756 0.84632
2.41 -20.907 0.852476
2.42 -21.0358 0.857728
2.43 -21.1306 0.861596
2.44 -21.2232 0.865372
2.45 -21.3205 0.869339
2.46 -21.4169 0.873266
2.47 -21.483 0.875963
2.48 -21.5208 0.877503
2.49 -21.5528 0.878808
2.5 -21.5953 0.880541
2.51 -21.6304 0.881974
2.52 -21.6551 0.882981
2.53 -21.6728 0.883704
2.54 -21.6989 0.884768
2.55 -21.7276 0.885935
2.56 -21.7467 0.886716
2.57 -21.7586 0.887201
2.58 -21.7697 0.887652
2.59 -21.7847 0.888264
2.6 -21.7969 0.888764
2.61 -21.802 0.888969
2.62 -21.8042 0.889058
2.63 -21.8064 0.889152
2.64 -21.8086 0.889239
2.65 -21.8107 0.889324
2.66 -21.8093 0.889269
2.67 -21.8079 0.88921
2.68 -21.8097 0.889283
2.69 -21.8105 0.889318
2.7 -21.8109 0.889333
2.71 -21.8108 0.88933
2.72 -21.8108 0.88933
2.73 -21.8124 0.889393
2.74 -21.8138 0.889453
2.75 -21.8159 0.889536
2.76 -21.832 0.890194
2.77 -21.8652 0.891547
2.78 -21.9103 0.893384
2.79 -21.979 0.89619
2.8 -22.0614 0.899546
2.81 -22.1425 0.902856
2.82 -22.2197 0.906003
2.83 -22.303 0.9094
2.84 -22.3906 0.912972
2.85 -22.4702 0.916215
2.86 -22.5434 0.919199
2.87 -22.6057 0.921742
2.88 -22.6627 0.924064
2.89 -22.713 0.926118
2.9 -22.742 0.927297
2.91 -22.7531 0.927753
2.92 -22.756 0.927871
2.93 -22.7602 0.928042
2.94 -22.7666 0.928301
2.95 -22.765 0.928236
2.96 -22.7583 0.927963
2.97 -22.7575 0.927931
2.98 -22.764 0.928197
2.99 -22.768 0.928357
3 -22.7603 0.928046
3.01 -22.7536 0.927771
3.02 -22.7579 0.927946
3.03 -22.7629 0.928151
3.04 -22.7595 0.928011
3.05 -22.752 0.927708
3.06 -22.7487 0.92757
3.07 -22.7414 0.927274
3.08 -22.754 0.927788
3.09 -22.7551 0.927834
3.1 -22.7174 0.926294
3.11 -22.7472 0.927509
3.12 -22.7893 0.929229
3.13 -22.7648 0.928229
3.14 -22.7213 0.926455
3.15 -22.669 0.924322
3.16 -22.7271 0.92669
3.17 -22.7951 0.929462
3.18 -22.8162 0.930326
3.19 -22.8343 0.93106
3.2 -22.7313 0.92686
3.21 -22.7717 0.928511
3.22 -22.7837 0.928999
3.23 -22.6983 0.925517
3.24 -22.7996 0.929649
3.25 -22.7253 0.926619
3.26 -22.6876 0.925079
3.27 -22.6091 0.921878
3.28 -22.3246 0.91028
3.29 -22.2866 0.90873
3.3 -22.1973 0.905089
3.31 -22.0793 0.900278
3.32 -21.9222 0.893871
3.33 -21.7333 0.88617
3.34 -21.7567 0.887122
3.35 -21.7725 0.887766
3.36 -21.7426 0.88655
3.37 -21.835 0.890315
3.38 -22.4843 0.916793
3.39 -23.0773 0.940972
3.4 -23.1136 0.942449
3.41 -23.0615 0.940327
3.42 -23.0892 0.941457
3.43 -23.144 0.943692
3.44 -23.2587 0.948368
3.45 -23.3067 0.950325
3.46 -23.2953 0.949859
3.47 -23.3558 0.952325
3.48 -23.4423 0.955852
3.49 -23.5159 0.958855
3.5 -23.5413 0.95989
3.51 -23.5601 0.960657
3.52 -23.6122 0.962781
3.53 -23.6763 0.965395
3.54 -23.701 0.966403
3.55 -23.7 0.96636
3.56 -23.7097 0.966758
3.57 -23.7371 0.967873
3.58 -23.7633 0.968944
3.59 -23.7646 0.968994
3.6 -23.7668 0.969084
3.61 -23.7762 0.969467
3.62 -23.7923 0.970125
3.63 -23.8067 0.970713
3.64 -23.8053 0.970653
3.65 -23.806 0.970681
3.66 -23.8148 0.971041
3.67 -23.8243 0.971431
3.68 -23.8286 0.971606
3.69 -23.8255 0.971478
3.7 -23.8266 0.971521
3.71 -23.8311 0.971706
3.72 -23.8323 0.971754
3.73 -23.8304 0.97168
3.74 -23.8298 0.971655
3.75 -23.8308 0.971695
3.76 -23.8311 0.971705
3.77 -23.8315 0.971723
3.78 -23.8334 0.971801
3.79 -23.8413 0.972124
3.8 -23.8587 0.972832
3.81 -23.8839 0.973859
3.82 -23.9145 0.975109
3.83 -23.9482 0.976482
3.84 -23.984 0.977942
3.85 -24.0211 0.979454
3.86 -24.0582 0.980966
3.87 -24.0925 0.982364
3.88 -24.1229 0.983605
3.89 -24.1495 0.98469
3.9 -24.17 0.985524
3.91 -24.1822 0.986024
3.92 -24.186 0.986177
3.93 -24.1912 0.986389
3.94 -24.195 0.986543
3.95 -24.1888 0.986291
3.96 -24.1881 0.986263
3.97 -24.1954 0.986563
3.98 -24.1925 0.986441
3.99 -24.1862 0.986187
4 -24.1885 0.986281
4.01 -24.1934 0.986478
4.02 -24.1922 0.986428
4.03 -24.1883 0.98627
4.04 -24.1909 0.986378
4.05 -24.1896 0.986323
4.06 -24.1842 0.986104
4.07 -24.1847 0.986126
4.08 -24.186 0.986179
4.09 -24.1862 0.986186
4.1 -24.1868 0.98621
4.11 -24.1836 0.986078
4.12 -24.1822 0.986021
4.13 -24.1821 0.986018
4.14 -24.18 0.985932
4.15 -24.1637 0.985267
4.16 -24.1608 0.985152
4.17 -24.1652 0.98533
4.18 -24.0689 0.981404
4.19 -23.9368 0.976017
4.2 -23.8131 0.970973
4.21 -23.5707 0.961089
4.22 -23.2735 0.948969
4.23 -23.0166 0.938494
4.24 -22.765 0.928235
4.25 -22.4115 0.913824
4.26 -21.9108 0.893406
4.27 -21.4356 0.87403
4.28 -21.0057 0.856501
4.29 -20.6258 0.841012
4.3 -20.3391 0.82932
4.31 -19.9444 0.813227
4.32 -19.5894 0.798751
4.33 -19.4567 0.793343
4.34 -19.3467 0.788856
4.35 -19.2793 0.786106
4.36 -19.6295 0.800387
4.37 -20.6734 0.842951
4.38 -21.9562 0.895256
4.39 -22.7194 0.926375
4.4 -23.448 0.956087
4.41 -24.463 0.997473
4.42 -24.4541 0.997109
4.43 -24.4232 0.995848
4.44 -24.4983 0.998911
4.45 -24.3985 0.994841
4.46 -24.5276 1.00011
4.47 -24.5426 1.00072
4.48 -24.5348 1.0004
4.49 -24.5091 0.999351
4.5 -24.5103 0.999402
4.51 -24.5328 1.00032
4.52 -24.5459 1.00085
4.53 -24.5207 0.999826
4.54 -24.5101 0.999393
4.55 -24.5241 0.999964
4.56 -24.5342 1.00037
4.57 -24.5332 1.00033
4.58 -24.5182 0.999725
4.59 -24.5158 0.999624
4.6 -24.5282 1.00013
4.61 -24.5316 1.00027
4.62 -24.5242 0.999967
4.63 -24.5198 0.999787
4.64 -24.5213 0.999849
4.65 -24.53 1.0002
4.66 -24.5291 1.00017
4.67 -24.523 0.999918
4.68 -24.5204 0.99981
4.69 -24.5252 1.00001
4.7 -24.5299 1.0002
4.71 -24.527 1.00008
4.72 -24.5223 0.999888
4.73 -24.5223 0.999891
4.74 -24.527 1.00008
4.75 -24.5281 1.00013
4.76 -24.5253 1.00001
4.77 -24.523 0.999917
4.78 -24.5243 0.999971
4.79 -24.5267 1.00007
4.8 -24.5259 1.00004
4.81 -24.5245 0.999978
4.82 -24.524 0.999957
4.83 -24.5256 1.00003
4.84 -24.5264 1.00006
4.85 -24.5248 0.999993
4.86 -24.5241 0.999963
4.87 -24.5246 0.999983
4.88 -24.5259 1.00004
4.89 -24.5308 1.00024
4.9 -24.5404 1.00063
4.91 -24.5431 1.00074
4.92 -24.5342 1.00037
4.93 -24.5286 1.00015
4.94 -24.533 1.00033
4.95 -24.5413 1.00066
4.96 -24.5441 1.00078
4.97 -24.5312 1.00025
4.98 -24.5225 0.999899
4.99 -24.5308 1.00023
5 -24.5423 1.0007
5.01 -24.5344 1.00038
5.02 -24.5191 0.99976
5.03 -24.5232 0.999926
5.04 -24.5311 1.00025
5.05 -24.5357 1.00044
5.06 -24.5224 0.999894
5.07 -24.5211 0.999842
5.08 -24.5212 0.999846
5.09 -24.4683 0.99769
5.1 -24.3094 0.99121
5.11 -24.097 0.982548
5.12 -23.8639 0.973044
5.13 -23.5748 0.961256
5.14 -23.2208 0.94682
5.15 -22.8093 0.930044
5.16 -22.3584 0.911655
5.17 -21.8703 0.891756
5.18 -21.2919 0.86817
5.19 -20.571 0.838779
5.2 -19.8512 0.809428
5.21 -19.1225 0.779716
5.22 -18.3421 0.747894
5.23 -17.503 0.713679
5.24 -16.5898 0.676445
5.25 -15.9034 0.648455
5.26 -15.2215 0.620654
5.27 -14.5967 0.595177
5.28 -14.1772 0.578071
5.29 -13.8987 0.566717
5.3 -14.3432 0.58484
5.31 -16.8908 0.688719
5.32 -19.7889 0.806888
5.33 -21.5091 0.877028
5.34 -23.2512 0.948062
5.35 -24.5623 1.00152
5.36 -24.5483 1.00095
5.37 -24.412 0.995393
5.38 -24.4974 0.998874
5.39 -24.4537 0.997094
5.4 -24.5642 1.0016
5.41 -24.5335 1.00035
5.42 -24.4305 0.996147
5.43 -24.4887 0.998521
5.44 -24.5111 0.999431
5.45 -24.5266 1.00007
5.46 -24.5014 0.999036
5.47 -24.4575 0.997246
5.48 -24.496 0.998818
5.49 -24.5215 0.999856
5.5 -24.5078 0.999297
5.51 -24.4848 0.99836
5.52 -24.4804 0.99818
5.53 -24.5024 0.999079
5.54 -24.5155 0.999612
5.55 -24.4965 0.998837
5.56 -24.4837 0.998316
5.57 -24.4931 0.9987
5.58 -24.5054 0.999201
5.59 -24.506 0.999224
5.6 -24.492 0.998655
5.61 -24.4885 0.99851
5.62 -24.4991 0.998946
5.63 -24.5043 0.999157
5.64 -24.499 0.998942
5.65 -24.4918 0.998646
5.66 -24.4935 0.998715
5.67 -24.5011 0.999024
5.68 -24.5013 0.999036
5.69 -24.4957 0.998805
5.7 -24.4931 0.998699
5.71 -24.4966 0.998843
5.72 -24.5005 0.999
5.73 -24.4995 0.998961
5.74 -24.4951 0.998782
5.75 -24.4953 0.998789
5.76 -24.4984 0.998915
5.77 -24.4989 0.998937
5.78 -24.4977 0.998886
5.79 -24.4952 0.998784
5.8 -24.4969 0.998854
5.81 -24.4986 0.998925
5.82 -24.5051 0.999187
5.83 -24.5051 0.999188
5.84 -24.5031 0.999107
5.85 -24.5054 0.999202
5.86 -24.5055 0.999204
5.87 -24.5048 0.999177
5.88 -24.5042 0.999151
5.89 -24.5045 0.999163
5.9 -24.5051 0.999188
5.91 -24.5053 0.999198
5.92 -24.5165 0.999654
5.93 -24.5238 0.999952
5.94 -24.4992 0.998947
5.95 -24.506 0.999226
5.96 -24.5315 1.00027
5.97 -24.5075 0.999286
5.98 -24.511 0.999431
5.99 -24.5207 0.999824
6 -24.501 0.99902
6.01 -24.5114 0.999447
6.02 -24.5127 0.9995
6.03 -24.5142 0.999561
6.04 -24.512 0.99947
6.05 -24.493 0.998697
6.06 -24.5095 0.999369
6.07 -24.516 0.999634
6.08 -24.5037 0.99913
6.09 -24.4961 0.99882
6.1 -24.5035 0.999124
6.11 -24.5084 0.999322
6.12 -24.5031 0.999105
6.13 -24.4947 0.998764
6.14 -24.486 0.998409
6.15 -24.4618 0.997424
6.16 -24.4858 0.998404
6.17 -24.3406 0.99248
6.18 -24.0699 0.981442
6.19 -23.8048 0.970634
6.2 -23.4202 0.954952
6.21 -23.0326 0.939147
6.22 -22.6313 0.922785
6.23 -22.009 0.897411
6.24 -21.428 0.873722
6.25 -20.8877 0.85169
6.26 -20.1804 0.82285
6.27 -19.4789 0.794248
6.28 -18.8128 0.767087
6.29 -18.3131 0.746711
6.3 -17.8549 0.72803
6.31 -17.4603 0.711939
6.32 -17.2554 0.703584
6.33 -17.2057 0.701556
6.34 -18.0803 0.737221
6.35 -20.0211 0.816353
6.36 -21.5452 0.8785
6.37 -22.7139 0.926153
6.38 -23.9524 0.976653
6.39 -24.5732 1.00197
6.4 -24.4967 0.998844
6.41 -24.4814 0.998223
6.42 -24.4688 0.997707
6.43 -24.5101 0.999392
6.44 -24.5702 1.00184
6.45 -24.4868 0.998444
6.46 -24.4804 0.998181
6.47 -24.4936 0.998719
6.48 -24.5288 1.00015
6.49 -24.5277 1.00011
6.5 -24.4921 0.99866
6.51 -24.4828 0.998279
6.52 -24.5136 0.999534
6.53 -24.5242 0.999966
6.54 -24.5091 0.999352
6.55 -24.4934 0.99871
6.56 -24.4956 0.998803
6.57 -24.5178 0.999706
6.58 -24.516 0.999633
6.59 -24.5018 0.999055
6.6 -24.4966 0.998842
6.61 -24.5058 0.999218
6.62 -24.515 0.999591
6.63 -24.5098 0.999381
6.64 -24.4999 0.998975
6.65 -24.5017 0.999052
6.66 -24.5096 0.999373
6.67 -24.5115 0.999449
6.68 -24.5057 0.999211
6.69 -24.5014 0.999038
6.7 -24.5044 0.999159
6.71 -24.5104 0.999403
6.72 -24.5102 0.999397
6.73 -24.5035 0.999123
6.74 -24.5028 0.999096
6.75 -24.5069 0.999262
6.76 -24.5097 0.999376
6.77 -24.5072 0.999274
6.78 -24.5034 0.99912
6.79 -24.5044 0.99916
6.8 -24.511 0.999429
6.81 -24.5101 0.999394
6.82 -24.5074 0.999283
6.83 -24.5063 0.999239
6.84 -24.5076 0.999289
6.85 -24.5103 0.999403
6.86 -24.5088 0.999339
6.87 -24.507 0.999266
6.88 -24.5072 0.999272
6.89 -24.5225 0.999898
6.9 -24.5322 1.0003
6.91 -24.5159 0.999629
6.92 -24.5157 0.999622
6.93 -24.5262 1.00005
6.94 -24.5259 1.00004
6.95 -24.5212 0.999844
6.96 -24.5107 0.999418
6.97 -24.5203 0.999809
6.98 -24.5263 1.00005
6.99 -24.5126 0.999495
7 -24.5199 0.999792
7.01 -24.5162 0.999639
7.02 -24.5102 0.999395
7.03 -24.5132 0.999521
7.04 -24.5166 0.999659
7.05 -24.5115 0.999451
7.06 -24.5023 0.999072
7.07 -24.5105 0.999408
7.08 -24.5049 0.999182
7.09 -24.36 0.993271
7.1 -24.1168 0.983357
7.11 -23.8381 0.971992
7.12 -23.4802 0.957398
7.13 -23.0278 0.938952
7.14 -22.5057 0.917663
7.15 -21.8746 0.891931
7.16 -21.1535 0.862526
7.17 -20.3053 0.827942
7.18 -19.317 0.787646
7.19 -18.2317 0.743391
7.2 -17.0561 0.695457
7.21 -15.8789 0.647456
7.22 -14.6475 0.597248
7.23 -13.4811 0.549687
7.24 -12.3895 0.505178
7.25 -11.6857 0.476482
7.26 -11.0965 0.452456
7.27 -10.8181 0.441105
7.28 -12.7566 0.520147
7.29 -16.4672 0.671446
7.3 -19.2843 0.786311
7.31 -21.0347 0.857683
7.32 -23.0968 0.941767
7.33 -24.5165 0.999653
7.34 -24.538 1.00053
7.35 -24.4319 0.996204
7.36 -24.4884 0.998507
7.37 -24.4575 0.997247
7.38 -24.5576 1.00133
7.39 -24.5325 1.00031
7.4 -24.4403 0.996545
7.41 -24.4881 0.998497
7.42 -24.5044 0.999161
7.43 -24.5298 1.0002
7.44 -24.5009 0.999016
7.45 -24.4625 0.99745
7.46 -24.4951 0.998779
7.47 -24.5169 0.999669
7.48 -24.5111 0.999435
7.49 -24.4859 0.998406
7.5 -24.4819 0.998244
7.51 -24.5011 0.999027
7.52 -24.5142 0.999561
7.53 -24.4986 0.998925
7.54 -24.4853 0.998383
7.55 -24.4929 0.998693
7.56 -24.5047 0.999171
7.57 -24.5063 0.999238
7.58 -24.4935 0.998716
7.59 -24.4895 0.998552
7.6 -24.4986 0.998926
7.61 -24.5042 0.999152
7.62 -24.5 0.998979
7.63 -24.4928 0.998686
7.64 -24.4938 0.998728
7.65 -24.5009 0.999017
7.66 -24.502 0.999063
7.67 -24.4966 0.998842
7.68 -24.4934 0.99871
7.69 -24.4972 0.998867
7.7 -24.5017 0.999051
7.71 -24.4992 0.998946
7.72 -24.4943 0.998747
7.73 -24.4959 0.998815
7.74 -24.5003 0.998992
7.75 -24.4994 0.998955
7.76 -24.497 0.998858
7.77 -24.4957 0.998805
7.78 -24.4966 0.998842
7.79 -24.4996 0.998965
7.8 -24.4987 0.998927
7.81 -24.4975 0.99888
7.82 -24.4973 0.998872
7.83 -24.5025 0.999084
7.84 -24.5052 0.999194
7.85 -24.5032 0.999111
7.86 -24.5033 0.999115
7.87 -24.5029 0.999099
7.88 -24.5034 0.999119
7.89 -24.5041 0.999148
7.9 -24.5035 0.999124
7.91 -24.5029 0.9991
7.92 -24.5033 0.999115
7.93 -24.5037 0.99913
7.94 -24.5037 0.999131
7.95 -24.5177 0.999704
7.96 -24.527 1.00008
7.97 -24.498 0.9989
7.98 -24.4914 0.998631
7.99 -24.5279 1.00012
8 -24.5328 1.00032
8.01 -24.5009 0.999018
8.02 -24.4976 0.998882
8.03 -24.5199 0.99979
8.04 -24.5151 0.999596
8.05 -24.5029 0.999097
8.06 -24.4968 0.99885
8.07 -24.5023 0.999076
8.08 -24.513 0.999513
8.09 -24.4995 0.99896
8.1 -24.4907 0.998603
8.11 -24.4977 0.998886
8.12 -24.5031 0.999107
8.13 -24.5005 0.999003
8.14 -24.4748 0.997955
8.15 -24.4581 0.997274
8.16 -24.4918 0.998646
8.17 -24.4958 0.99881
8.18 -24.46 0.997351
8.19 -24.4873 0.998464
8.2 -24.4685 0.997696
8.21 -24.5136 0.999537
8.22 -24.3927 0.994605
8.23 -24.0041 0.978761
8.24 -23.6491 0.964286
8.25 -23.2846 0.949423
8.26 -22.8255 0.930705
8.27 -22.3241 0.91026
8.28 -21.6564 0.883035
8.29 -21.0268 0.857361
8.3 -20.5813 0.839195
8.31 -20.075 0.818551
8.32 -19.6178 0.799911
8.33 -19.2105 0.783305
8.34 -18.9004 0.770657
8.35 -18.8203 0.767391
8.36 -18.88 0.769828
8.37 -19.7652 0.805923
8.38 -21.2061 0.864673
8.39 -22.375 0.912336
8.4 -23.4193 0.954914
8.41 -24.4876 0.998473
8.42 -24.5159 0.999631
8.43 -24.3693 0.99365
8.44 -24.4993 0.998953
8.45 -24.4721 0.997841
8.46 -24.5808 1.00227
8.47 -24.5385 1.00055
8.48 -24.484 0.99833
8.49 -24.5122 0.999477
8.5 -24.5452 1.00082
8.51 -24.5434 1.00075
8.52 -24.5216 0.999862
8.53 -24.5012 0.999029
8.54 -24.5213 0.999849
8.55 -24.5475 1.00092
8.56 -24.5293 1.00018
8.57 -24.5139 0.999548
8.58 -24.5144 0.999567
8.59 -24.5301 1.00021
8.6 -24.5379 1.00052
8.61 -24.5236 0.999945
8.62 -24.5138 0.999543
8.63 -24.5237 0.999947
8.64 -24.5315 1.00027
8.65 -24.5305 1.00022
8.66 -24.5205 0.999818
8.67 -24.5186 0.99974
8.68 -24.5273 1.00009
8.69 -24.5301 1.00021
8.7 -24.5257 1.00003
8.71 -24.5209 0.999833
8.72 -24.5224 0.999893
8.73 -24.5282 1.00013
8.74 -24.5282 1.00013
8.75 -24.5229 0.999915
8.76 -24.5227 0.999906
8.77 -24.525 0.999998
8.78 -24.5276 1.00011
8.79 -24.526 1.00004
8.8 -24.5225 0.999899
8.81 -24.5243 0.99997
8.82 -24.526 1.00004
8.83 -24.5265 1.00006
8.84 -24.5247 0.999987
8.85 -24.5234 0.999936
8.86 -24.525 1
8.87 -24.5261 1.00005
8.88 -24.5301 1.00021
8.89 -24.547 1.0009
8.9 -24.5595 1.00141
8.91 -24.5392 1.00058
8.92 -24.5233 0.99993
8.93 -24.5536 1.00117
8.94 -24.5667 1.0017
8.95 -24.542 1.00069
8.96 -24.5327 1.00031
8.97 -24.5447 1.0008
8.98 -24.5541 1.00119
8.99 -24.5526 1.00113
9 -24.5289 1.00016
9.01 -24.5247 0.999988
9.02 -24.5407 1.00064
9.03 -24.5362 1.00046
9.04 -24.5378 1.00052
9.05 -24.5144 0.999568
9.06 -24.3222 0.991729
9.07 -24.0228 0.979521
9.08 -23.6519 0.964401
9.09 -23.1368 0.943397
9.1 -22.4945 0.917205
9.11 -21.6814 0.884054
9.12 -20.6537 0.842149
9.13 -19.3768 0.790085
9.14 -17.8876 0.729364
9.15 -16.2105 0.660978
9.16 -14.3151 0.583695
9.17 -12.2579 0.499813
9.18 -10.1543 0.414039
9.19 -8.10316 0.330404
9.2 -6.19839 0.252738
9.21 -4.62467 0.18857
9.22 -3.63202 0.148095
9.23 -3.27096 0.133373
9.24 -6.78232 0.276547
9.25 -13.0607 0.532545
9.26 -17.042 0.694882
9.27 -20.6474 0.84189
9.28 -24.212 0.987239
9.29 -24.6627 1.00562
9.3 -24.3155 0.991456
9.31 -24.4044 0.995083
9.32 -24.3121 0.99132
9.33 -24.5241 0.999962
9.34 -24.6938 1.00688
9.35 -24.4888 0.998525
9.36 -24.419 0.995678
9.37 -24.5225 0.999897
9.38 -24.5635 1.00157
9.39 -24.6059 1.0033
9.4 -24.4742 0.997927
9.41 -24.4566 0.99721
9.42 -24.552 1.0011
9.43 -24.5724 1.00193
9.44 -24.5369 1.00049
9.45 -24.4831 0.998291
9.46 -24.4981 0.998902
9.47 -24.5556 1.00125
9.48 -24.5574 1.00132
9.49 -24.5076 0.999289
9.5 -24.4996 0.998965
9.51 -24.5227 0.999908
9.52 -24.551 1.00106
9.53 -24.5356 1.00043
9.54 -24.5052 0.999191
9.55 -24.5127 0.9995
9.56 -24.5347 1.00039
9.57 -24.5406 1.00063
9.58 -24.5228 0.999911
9.59 -24.5109 0.999427
9.6 -24.5225 0.999898
9.61 -24.5364 1.00046
9.62 -24.531 1.00024
9.63 -24.5184 0.999732
9.64 -24.5176 0.999697
9.65 -24.5286 1.00015
9.66 -24.5328 1.00032
9.67 -24.5249 0.999994
9.68 -24.5193 0.999767
9.69 -24.523 0.999917
9.7 -24.5294 1.00018
9.71 -24.5288 1.00016
9.72 -24.523 0.999917
9.73 -24.5214 0.999855
9.74 -24.5257 1.00003
9.75 -24.5286 1.00015
9.76 -24.526 1.00004
9.77 -24.5227 0.999904
9.78 -24.5237 0.999946
9.79 -24.5268 1.00007
9.8 -24.5271 1.00009
9.81 -24.524 0.999959
9.82 -24.524 0.999961
9.83 -24.5252 1.00001
9.84 -24.5269 1.00008
9.85 -24.5256 1.00003
9.86 -24.5237 0.999946
9.87 -24.5247 0.999987
9.88 -24.526 1.00004
9.89 -24.5259 1.00004
9.9 -24.5251 1
9.91 -24.5242 0.999966
9.92 -24.5251 1
9.93 -24.526 1.00004
9.94 -24.5253 1.00001
9.95 -24.5248 0.999992
9.96 -24.5247 0.999986
9.97 -24.5255 1.00002
9.98 -24.5256 1.00003
9.99 -24.5251 1
10 -24.5248 0.999991
10.01 -24.5251 1
10.02 -24.5399 1.00061
10.03 -24.5491 1.00098
10.04 -24.5188 0.999749
10.05 -24.5117 0.999459
10.06 -24.5362 1.00046
10.07 -24.534 1.00037
10.08 -24.5417 1.00068
10.09 -24.5393 1.00058
10.1 -24.5114 0.999447
10.11 -24.5232 0.999926
10.12 -24.5528 1.00113
10.13 -24.5495 1.001
10.14 -24.5194 0.999772
10.15 -24.5095 0.999368
10.16 -24.5307 1.00023
10.17 -24.5413 1.00067
10.18 -24.5428 1.00073
10.19 -24.5276 1.00011
10.2 -24.5105 0.99941
10.21 -24.5256 1.00003
10.22 -24.5345 1.00039
10.23 -24.5351 1.00041
10.24 -24.5365 1.00047
10.25 -24.5189 0.999751
10.26 -24.5193 0.999766
10.27 -24.5274 1.0001
10.28 -24.54 1.00061
10.29 -24.541 1.00065
10.3 -24.5205 0.999817
10.31 -24.5136 0.999535
10.32 -24.5273 1.00009
10.33 -24.532 1.00028
10.34 -24.5268 1.00007
10.35 -24.1583 0.985048
10.36 -23.5827 0.96158
10.37 -22.8812 0.932974
10.38 -21.9159 0.893616
10.39 -20.7422 0.845758
10.4 -19.3267 0.788041
10.41 -17.7067 0.721984
10.42 -15.9002 0.648325
10.43 -13.9709 0.569661
10.44 -11.9734 0.488211
10.45 -10.009 0.408114
10.46 -8.15949 0.332701
10.47 -6.49396 0.264789
10.48 -5.07587 0.206967
10.49 -3.93659 0.160513
10.5 -3.10236 0.126498
10.51 -2.56709 0.104672
10.52 -2.31247 0.0942903
10.53 -2.33381 0.0951605
10.54 -3.67314 0.149771
10.55 -6.4638 0.26356
10.56 -9.14254 0.372784
10.57 -12.0992 0.493342
10.58 -15.0457 0.613482
10.59 -17.1942 0.701088
10.6 -18.8818 0.7699
10.61 -20.3255 0.828765
10.62 -21.1572 0.862677
10.63 -21.6703 0.8836
10.64 -22.4025 0.913456
10.65 -23.0163 0.938483
10.66 -23.9595 0.976943
10.67 -24.3386 0.992399
10.68 -24.2091 0.98712
10.69 -24.114 0.983242
10.7 -24.2425 0.988482
10.71 -24.5764 1.0021
10.72 -24.425 0.995924
10.73 -24.2959 0.990656
10.74 -24.3368 0.992328
10.75 -24.4499 0.996938
10.76 -24.5891 1.00261
10.77 -24.4633 0.997483
10.78 -24.3854 0.99431
10.79 -24.4823 0.998258
10.8 -24.5599 1.00142
10.81 -24.5739 1.00199
10.82 -24.4902 0.998581
10.83 -24.4648 0.997547
10.84 -24.5412 1.00066
10.85 -24.5728 1.00195
10.86 -24.534 1.00037
10.87 -24.488 0.99849
10.88 -24.5022 0.99907
10.89 -24.5506 1.00104
10.9 -24.5529 1.00114
10.91 -24.5131 0.999514
10.92 -24.4995 0.998962
10.93 -24.5251 1
10.94 -24.547 1.0009
10.95 -24.5341 1.00037
10.96 -24.509 0.999349
10.97 -24.5128 0.999503
10.98 -24.5344 1.00038
10.99 -24.5384 1.00055
11 -24.5233 0.99993
11.01 -24.5128 0.999501
11.02 -24.5226 0.999903
11.03 -24.5367 1.00048
11.04 -24.5348 1.0004
11.05 -24.5203 0.999808
11.06 -24.5141 0.999557
11.07 -24.527 1.00008
11.08 -24.5351 1.00041
11.09 -24.5279 1.00012
11.1 -24.522 0.999879
11.11 -24.5229 0.999915
11.12 -24.5274 1.0001
11.13 -24.5293 1.00018
11.14 -24.5271 1.00009
11.15 -24.5249 0.999996
11.16 -24.5235 0.999939
11.17 -24.5263 1.00005
11.18 -24.5281 1.00013
11.19 -24.5256 1.00003
11.2 -24.5242 0.999969
11.21 -24.5248 0.999992
11.22 -24.5265 1.00006
11.23 -24.5265 1.00006
11.24 -24.5248 0.999991
11.25 -24.5289 1.00016
11.26 -24.529 1.00016
11.27 -24.5226 0.999902
11.28 -24.5238 0.999951
11.29 -24.5263 1.00005
11.3 -24.528 1.00012
11.31 -24.5276 1.00011
11.32 -24.5254 1.00002
11.33 -24.5251 1
11.34 -24.5283 1.00014
11.35 -24.5283 1.00013
11.36 -24.5257 1.00003
11.37 -24.525 0.999998
11.38 -24.5245 0.999981
11.39 -24.528 1.00012
11.4 -24.5292 1.00017
11.41 -24.5265 1.00006
11.42 -24.5254 1.00002
11.43 -24.5254 1.00001
11.44 -24.5262 1.00005
11.45 -24.5269 1.00008
11.46 -24.5253 1.00001
11.47 -24.5243 0.999972
11.48 -24.5251 1
11.49 -24.5256 1.00002
11.5 -24.3882 0.994422
11.51 -24.2022 0.986838
11.52 -24.0125 0.979101
11.53 -23.7814 0.969681
11.54 -23.5376 0.959741
11.55 -23.2645 0.948602
11.56 -22.9718 0.936668
11.57 -22.6648 0.92415
11.58 -22.3511 0.91136
11.59 -22.0293 0.898239
11.6 -21.7079 0.885135
11.61 -21.3887 0.872117
11.62 -21.0793 0.859501
11.63 -20.7837 0.847448
11.64 -20.5013 0.835935
11.65 -20.2364 0.825133
11.66 -19.9909 0.815123
11.67 -19.7663 0.805963
11.68 -19.5631 0.797679
11.69 -19.3798 0.790207
11.7 -19.2171 0.783574
11.71 -19.0756 0.777804
11.72 -18.954 0.772843
11.73 -18.8517 0.768672
11.74 -18.7677 0.765248
11.75 -18.7017 0.762557
11.76 -18.6542 0.760621
11.77 -18.6236 0.759371
11.78 -18.6093 0.75879
11.79 -18.6111 0.758862
11.8 -18.6466 0.760311
11.81 -18.7506 0.76455
11.82 -18.9341 0.772031
11.83 -19.121 0.779654
11.84 -19.4166 0.791707
11.85 -19.813 0.807871
11.86 -20.3265 0.828807
11.87 -20.9337 0.853566
11.88 -21.3824 0.871862
11.89 -21.8049 0.889087
11.9 -22.1912 0.904841
11.91 -22.5324 0.918752
11.92 -22.8637 0.932263
11.93 -23.1439 0.943684
11.94 -23.4039 0.954289
11.95 -23.6371 0.963798
11.96 -23.8531 0.972604
11.97 -24.0699 0.981443
11.98 -24.2413 0.988431
11.99 -24.3726 0.993787
12 -24.3801 0.994091
12.01 -24.3754 0.993901
12.02 -24.3826 0.994192
12.03 -24.3652 0.993483
12.04 -24.3745 0.993862
12.05 -24.3809 0.994125
12.06 -24.3818 0.994163
12.07 -24.3761 0.993929
12.08 -24.3737 0.993832
12.09 -24.3773 0.993977
12.1 -24.3839 0.994248
12.11 -24.3805 0.994108
12.12 -24.3768 0.993959
12.13 -24.3768 0.993959
12.14 -24.3802 0.994096
12.15 -24.3821 0.994172
12.16 -24.3789 0.994041
12.17 -24.3772 0.993972
12.18 -24.3785 0.994025
12.19 -24.3809 0.994124
12.2 -24.3803 0.994099
12.21 -24.3784 0.994022
12.22 -24.3779 0.994
12.23 -24.3795 0.994069
12.24 -24.3828 0.9942
12.25 -24.3885 0.994435
12.26 -24.3873 0.994385
12.27 -24.3777 0.993995
12.28 -24.3738 0.993833
12.29 -24.3819 0.994167
12.3 -24.385 0.994291
12.31 -24.3799 0.994083
12.32 -24.3773 0.993977
12.33 -24.3767 0.993951
12.34 -24.3515 0.992925
12.35 -24.3034 0.990965
12.36 -24.2504 0.988804
12.37 -24.1955 0.986565
12.38 -24.1401 0.984305
12.39 -24.0809 0.981894
12.4 -24.0129 0.979121
12.41 -23.9391 0.976112
12.42 -23.8631 0.973012
12.43 -23.784 0.969784
12.44 -23.6975 0.966261
12.45 -23.6042 0.962453
12.46 -23.5068 0.958483
12.47 -23.4065 0.954395
12.48 -23.3024 0.950148
12.49 -23.1922 0.945654
12.5 -23.0781 0.941003
12.51 -22.9618 0.93626
12.52 -22.8438 0.93145
12.53 -22.723 0.926523
12.54 -22.5994 0.921484
12.55 -22.475 0.916413
12.56 -22.351 0.911356
12.57 -22.2272 0.906307
12.58 -22.1029 0.901238
12.59 -21.9792 0.896197
12.6 -21.8576 0.891238
12.61 -21.7387 0.88639
12.62 -21.6225 0.881652
12.63 -21.5093 0.877035
12.64 -21.4002 0.872589
12.65 -21.2964 0.868353
12.66 -21.1978 0.864335
12.67 -21.1046 0.860535
12.68 -21.0173 0.856973
12.69 -20.9365 0.853678
12.7 -20.8626 0.850666
12.71 -20.7955 0.847931
12.72 -20.7352 0.845472
12.73 -20.682 0.843302
12.74 -20.6361 0.84143
12.75 -20.5974 0.839851
12.76 -20.5656 0.838555
12.77 -20.5406 0.837536
12.78 -20.5224 0.836797
12.79 -20.511 0.836331
12.8 -20.506 0.836126
12.81 -20.5062 0.836136
12.82 -20.5104 0.836307
12.83 -20.5372 0.837399
12.84 -20.5967 0.839825
12.85 -20.6978 0.843948
12.86 -20.8281 0.849259
12.87 -20.9672 0.854932
12.88 -21.1162 0.861008
12.89 -21.3086 0.868851
12.9 -21.5389 0.878242
12.91 -21.7358 0.886273
12.92 -21.9578 0.895324
12.93 -22.1845 0.904568
12.94 -22.4008 0.913385
12.95 -22.62 0.922323
12.96 -22.8256 0.930708
12.97 -23.0227 0.938745
12.98 -23.1972 0.945861
12.99 -23.3495 0.952069
13 -23.4786 0.957332
13.01 -23.5855 0.961692
13.02 -23.6645 0.964913
13.03 -23.713 0.966889
13.04 -23.7127 0.966877
13.05 -23.7106 0.966795
13.06 -23.7236 0.967322
13.07 -23.7236 0.967323
13.08 -23.7297 0.967571
13.09 -23.7254 0.967398
13.1 -23.7191 0.967138
13.11 -23.7265 0.967442
13.12 -23.7305 0.967604
13.13 -23.7282 0.967512
13.14 -23.7247 0.967367
13.15 -23.7232 0.967308
13.16 -23.7273 0.967473
13.17 -23.7298 0.967578
13.18 -23.7262 0.967429
13.19 -23.7243 0.967351
13.2 -23.7256 0.967406
13.21 -23.7278 0.967494
13.22 -23.7281 0.967508
13.23 -23.7255 0.967402
13.24 -23.7249 0.967377
13.25 -23.7272 0.96747
13.26 -23.7302 0.967594
13.27 -23.7329 0.967703
13.28 -23.7295 0.967564
13.29 -23.7262 0.967429
13.3 -23.7306 0.967608
13.31 -23.722 0.967259
13.32 -23.6919 0.96603
13.33 -23.6477 0.964228
13.34 -23.6007 0.962314
13.35 -23.5585 0.960592
13.36 -23.5075 0.958513
13.37 -23.4567 0.956439
13.38 -23.404 0.954291
13.39 -23.3445 0.951866
13.4 -23.288 0.949562
13.41 -23.2267 0.947063
13.42 -23.1634 0.944482
13.43 -23.0996 0.941878
13.44 -23.0324 0.939139
13.45 -22.9656 0.936417
13.46 -22.8973 0.93363
13.47 -22.8273 0.930777
13.48 -22.7574 0.927926
13.49 -22.6868 0.92505
13.5 -22.6165 0.92218
13.51 -22.5461 0.91931
13.52 -22.4751 0.916416
13.53 -22.405 0.913558
13.54 -22.3355 0.910725
13.55 -22.267 0.907929
13.56 -22.1998 0.905191
13.57 -22.134 0.902506
13.58 -22.0703 0.89991
13.59 -22.0089 0.897405
13.6 -21.9497 0.894994
13.61 -21.8931 0.892686
13.62 -21.8393 0.890492
13.63 -21.7885 0.888419
13.64 -21.7408 0.886474
13.65 -21.6961 0.884654
13.66 -21.6547 0.882964
13.67 -21.6166 0.881412
13.68 -21.5819 0.879998
13.69 -21.5507 0.878722
13.7 -21.5227 0.877582
13.71 -21.4982 0.876581
13.72 -21.477 0.87572
13.73 -21.4593 0.874995
13.74 -21.4448 0.874405
13.75 -21.4335 0.873947
13.76 -21.4255 0.873619
13.77 -21.4207 0.873421
13.78 -21.4189 0.873348
13.79 -21.4193 0.873364
13.8 -21.4213 0.873448
13.81 -21.4317 0.87387
13.82 -21.4482 0.874544
13.83 -21.5034 0.876794
13.84 -21.5827 0.88003
13.85 -21.6527 0.882883
13.86 -21.7366 0.886303
13.87 -21.8387 0.890466
13.88 -21.9496 0.894987
13.89 -22.0769 0.90018
13.9 -22.2093 0.905577
13.91 -22.3415 0.910969
13.92 -22.4715 0.91627
13.93 -22.5853 0.920909
13.94 -22.6892 0.925147
13.95 -22.7962 0.92951
13.96 -22.8865 0.93319
13.97 -22.963 0.936308
13.98 -23.0194 0.938608
13.99 -23.0571 0.940147
14 -23.0893 0.941459
14.01 -23.0917 0.941556
14.02 -23.0873 0.941378
14.03 -23.0885 0.941426
14.04 -23.0895 0.941467
14.05 -23.0982 0.941822
14.06 -23.0956 0.941716
14.07 -23.0875 0.941388
14.08 -23.09 0.94149
14.09 -23.0946 0.941676
14.1 -23.0959 0.941729
14.11 -23.0929 0.941606
14.12 -23.0894 0.941462
14.13 -23.0918 0.941561
14.14 -23.0953 0.941704
14.15 -23.094 0.941652
14.16 -23.0915 0.941549
14.17 -23.091 0.941529
14.18 -23.093 0.941613
14.19 -23.0946 0.941676
14.2 -23.0928 0.941604
14.21 -23.0914 0.941544
14.22 -23.0923 0.941581
14.23 -23.0945 0.941673
14.24 -23.1017 0.941967
14.25 -23.1001 0.941898
14.26 -23.0854 0.9413
14.27 -23.0871 0.941369
14.28 -23.0968 0.941765
14.29 -23.0979 0.941812
14.3 -23.0921 0.941573
14.31 -23.0743 0.940846
14.32 -23.0352 0.939254
14.33 -22.9991 0.93778
14.34 -22.9612 0.936236
14.35 -22.9152 0.934359
14.36 -22.8738 0.932672
14.37 -22.835 0.931091
14.38 -22.7927 0.929365
14.39 -22.7466 0.927486
14.4 -22.7015 0.925649
14.41 -22.6598 0.923947
14.42 -22.6195 0.922303
14.43 -22.5757 0.920519
14.44 -22.5313 0.918707
14.45 -22.4891 0.916986
14.46 -22.4496 0.915377
14.47 -22.4102 0.913771
14.48 -22.3701 0.912134
14.49 -22.3314 0.910556
14.5 -22.2959 0.909108
14.51 -22.2626 0.90775
14.52 -22.2296 0.906408
14.53 -22.1979 0.905113
14.54 -22.1686 0.903919
14.55 -22.1424 0.902849
14.56 -22.1178 0.901847
14.57 -22.0943 0.900889
14.58 -22.0728 0.900012
14.59 -22.054 0.899246
14.6 -22.0376 0.898576
14.61 -22.0226 0.897966
14.62 -22.0092 0.897418
14.63 -21.9979 0.89696
14.64 -21.989 0.896597
14.65 -21.9819 0.896307
14.66 -21.9762 0.896073
14.67 -21.9721 0.895905
14.68 -21.97 0.895819
14.69 -21.9697 0.895807
14.7 -21.9697 0.895807
14.71 -21.9711 0.895867
14.72 -21.9755 0.896046
14.73 -21.9818 0.896304
14.74 -21.9915 0.896696
14.75 -22.0181 0.897781
14.76 -22.0549 0.899283
14.77 -22.0911 0.900758
14.78 -22.1241 0.902106
14.79 -22.1644 0.903746
14.8 -22.2168 0.905885
14.81 -22.2572 0.907531
14.82 -22.2894 0.908844
14.83 -22.3531 0.911442
14.84 -22.4257 0.914401
14.85 -22.4907 0.917052
14.86 -22.5517 0.91954
14.87 -22.5998 0.921499
14.88 -22.6528 0.923663
14.89 -22.6972 0.925472
14.9 -22.7275 0.926708
14.91 -22.7467 0.927491
14.92 -22.7542 0.927797
14.93 -22.7563 0.927884
14.94 -22.7539 0.927784
14.95 -22.7537 0.927775
14.96 -22.7541 0.927794
14.97 -22.7547 0.927818
14.98 -22.7554 0.927843
14.99 -22.7541 0.927791
15 -22.7539 0.927783
15.01 -22.7547 0.927816
15.02 -22.7549 0.927826
15.03 -22.7547 0.927817
15.04 -22.7541 0.927794
15.05 -22.7542 0.927796
15.06 -22.7548 0.92782
15.07 -22.7548 0.92782
15.08 -22.7544 0.927805
15.09 -22.7543 0.927798
15.1 -22.7545 0.927807
15.11 -22.7547 0.927818
15.12 -22.7546 0.927814
15.13 -22.7544 0.927803
15.14 -22.7545 0.927807
15.15 -22.7551 0.927832
15.16 -22.7579 0.927945
15.17 -22.7601 0.928038
15.18 -22.7541 0.927791
15.19 -22.7413 0.927271
15.2 -22.7206 0.926425
15.21 -22.7068 0.925862
15.22 -22.6935 0.925322
15.23 -22.6716 0.924426
15.24 -22.6542 0.923719
15.25 -22.64 0.923141
15.26 -22.6234 0.922461
15.27 -22.6037 0.921659
15.28 -22.5839 0.920851
15.29 -22.5674 0.920179
15.3 -22.5523 0.919563
15.31 -22.5342 0.918826
15.32 -22.5147 0.91803
15.33 -22.4971 0.917311
15.34 -22.4815 0.916679
15.35 -22.466 0.916043
15.36 -22.449 0.915352
15.37 -22.4324 0.914673
15.38 -22.418 0.914086
15.39 -22.4048 0.913551
15.4 -22.3913 0.912999
15.41 -22.3777 0.912446
15.42 -22.3654 0.911942
15.43 -22.3549 0.911515
15.44 -22.3451 0.911114
15.45 -22.3353 0.910714
15.46 -22.3262 0.910344
15.47 -22.3186 0.910036
15.48 -22.3124 0.909781
15.49 -22.3066 0.909547
15.5 -22.3013 0.909331
15.51 -22.2972 0.90916
15.52 -22.2943 0.909045
15.53 -22.2924 0.908967
15.54 -22.2921 0.908953
15.55 -22.2914 0.908927
15.56 -22.2906 0.908894
15.57 -22.291 0.90891
15.58 -22.2923 0.908962
15.59 -22.2968 0.909145
15.6 -22.3035 0.909421
15.61 -22.3146 0.909872
15.62 -22.3373 0.910797
15.63 -22.3594 0.911699
15.64 -22.3798 0.91253
15.65 -22.4058 0.913591
15.66 -22.4319 0.914654
15.67 -22.4574 0.915693
15.68 -22.4752 0.916419
15.69 -22.4909 0.917059
15.7 -22.5125 0.91794
15.71 -22.5302 0.918661
15.72 -22.543 0.919184
15.73 -22.5522 0.919558
15.74 -22.5637 0.920029
15.75 -22.5777 0.9206
15.76 -22.5842 0.920863
15.77 -22.5828 0.920808
15.78 -22.5808 0.920724
15.79 -22.5811 0.920736
15.8 -22.5838 0.920849
15.81 -22.5852 0.920904
15.82 -22.5828 0.920806
15.83 -22.5811 0.920739
15.84 -22.5824 0.920793
15.85 -22.5842 0.920866
15.86 -22.5839 0.920851
15.87 -22.5822 0.920783
15.88 -22.5819 0.920769
15.89 -22.5832 0.920825
15.9 -22.5839 0.920853
15.91 -22.5831 0.920819
15.92 -22.5822 0.920782
15.93 -22.5825 0.920797
15.94 -22.5835 0.920834
15.95 -22.5835 0.920835
15.96 -22.5827 0.920803
15.97 -22.5824 0.920792
15.98 -22.583 0.920814
15.99 -22.5834 0.920834
16 -22.5833 0.920826
16.01 -22.5828 0.920809
16.02 -22.5838 0.920848
16.03 -22.5792 0.920659
16.04 -22.5651 0.920086
16.05 -22.5586 0.91982
16.06 -22.5564 0.91973
16.07 -22.5513 0.919524
16.08 -22.5458 0.9193
16.09 -22.5382 0.91899
16.1 -22.5346 0.918841
16.11 -22.5321 0.918738
16.12 -22.5266 0.918515
16.13 -22.5206 0.918272
16.14 -22.5156 0.918065
16.15 -22.5124 0.917938
16.16 -22.5093 0.917812
16.17 -22.5046 0.917617
16.18 -22.4999 0.917428
16.19 -22.4968 0.9173
16.2 -22.4942 0.917196
16.21 -22.4911 0.917069
16.22 -22.4873 0.916914
16.23 -22.484 0.916781
16.24 -22.4818 0.91669
16.25 -22.4796 0.916598
16.26 -22.4768 0.916484
16.27 -22.474 0.91637
16.28 -22.4719 0.916284
16.29 -22.4704 0.916223
16.3 -22.4688 0.916158
16.31 -22.467 0.916087
16.32 -22.4666 0.91607
16.33 -22.4665 0.916064
16.34 -22.4656 0.916029
16.35 -22.4645 0.915983
16.36 -22.4639 0.915961
16.37 -22.4651 0.916007
16.38 -22.4656 0.916027
16.39 -22.4656 0.916028
16.4 -22.4712 0.916258
16.41 -22.4784 0.916551
16.42 -22.4831 0.916743
16.43 -22.495 0.917226
16.44 -22.5107 0.917868
16.45 -22.5267 0.918521
16.46 -22.5427 0.919172
16.47 -22.5544 0.919648
16.48 -22.5652 0.920088
16.49 -22.5761 0.920534
16.5 -22.5841 0.92086
16.51 -22.5897 0.921087
16.52 -22.5939 0.921258
16.53 -22.5966 0.921368
16.54 -22.5989 0.921465
16.55 -22.5967 0.921373
16.56 -22.5947 0.921293
16.57 -22.5988 0.921459
16.58 -22.5995 0.921486
16.59 -22.5966 0.921371
16.6 -22.5959 0.921342
16.61 -22.5968 0.921378
16.62 -22.5985 0.921449
16.63 -22.5983 0.92144
16.64 -22.5964 0.92136
16.65 -22.5964 0.921361
16.66 -22.5977 0.921415
16.67 -22.5982 0.921433
16.68 -22.5975 0.921405
16.69 -22.5965 0.921367
16.7 -22.597 0.921384
16.71 -22.5979 0.921422
16.72 -22.5977 0.921417
16.73 -22.5971 0.921389
16.74 -22.5968 0.92138
16.75 -22.5973 0.9214
16.76 -22.5978 0.921417
16.77 -22.5974 0.921404
16.78 -22.597 0.921385
16.79 -22.597 0.921387
16.8 -22.5969 0.921383
16.81 -22.5976 0.921411
16.82 -22.5939 0.921259
16.83 -22.5847 0.920885
16.84 -22.5805 0.920712
16.85 -22.5793 0.920664
16.86 -22.5767 0.920559
16.87 -22.5723 0.920381
16.88 -22.5675 0.920183
16.89 -22.5656 0.920108
16.9 -22.5649 0.920077
16.91 -22.5623 0.919973
16.92 -22.5587 0.919824
16.93 -22.5561 0.919718
16.94 -22.5549 0.919672
16.95 -22.5536 0.919618
16.96 -22.551 0.919511
16.97 -22.5482 0.919396
16.98 -22.5466 0.919331
16.99 -22.5455 0.919285
17 -22.5438 0.919217
17.01 -22.5415 0.919124
17.02 -22.5397 0.919048
17.03 -22.5387 0.919011
17.04 -22.5379 0.918978
17.05 -22.5374 0.918956
17.06 -22.5368 0.91893
17.07 -22.5359 0.918896
17.08 -22.5354 0.918876
17.09 -22.535 0.918858
17.1 -22.535 0.918857
17.11 -22.5355 0.918878
17.12 -22.536 0.918897
17.13 -22.5362 0.918908
17.14 -22.5376 0.918963
17.15 -22.5414 0.919119
17.16 -22.5466 0.919332
17.17 -22.5502 0.919478
17.18 -22.5525 0.919573
17.19 -22.561 0.919918
17.2 -22.5712 0.920333
17.21 -22.5798 0.920683
17.22 -22.5866 0.920963
17.23 -22.592 0.921181
17.24 -22.5976 0.92141
17.25 -22.6022 0.921596
17.26 -22.6055 0.921733
17.27 -22.6069 0.921788
17.28 -22.6077 0.921825
17.29 -22.6072 0.921801
17.3 -22.6069 0.921792
17.31 -22.6088 0.921866
17.32 -22.6085 0.921857
17.33 -22.6073 0.921805
17.34 -22.6072 0.921802
17.35 -22.6078 0.921827
17.36 -22.6085 0.921853
17.37 -22.608 0.921836
17.38 -22.6073 0.921805
17.39 -22.6075 0.921814
17.4 -22.6081 0.921839
17.41 -22.6082 0.921841
17.42 -22.6077 0.921823
17.43 -22.6074 0.921812
17.44 -22.6078 0.921825
17.45 -22.6081 0.921839
17.46 -22.6079 0.921832
17.47 -22.6076 0.921819
17.48 -22.6076 0.92182
17.49 -22.6079 0.92183
17.5 -22.608 0.921835
17.51 -22.6078 0.921826
17.52 -22.6076 0.92182
17.53 -22.6077 0.921822
17.54 -22.6076 0.921819
17.55 -22.6072 0.921804
17.56 -22.6061 0.921757
17.57 -22.6014 0.921565
17.58 -22.5961 0.921348
17.59 -22.5939 0.92126
17.6 -22.5929 0.921218
17.61 -22.5908 0.921132
17.62 -22.5871 0.920982
17.63 -22.5844 0.920871
17.64 -22.5834 0.920831
17.65 -22.5824 0.920792
17.66 -22.5803 0.920705
17.67 -22.5777 0.9206
17.68 -22.5763 0.920542
17.69 -22.5756 0.920515
17.7 -22.5745 0.920468
17.71 -22.5727 0.920395
17.72 -22.5711 0.920332
17.73 -22.5705 0.920306
17.74 -22.57 0.920287
17.75 -22.5697 0.920273
17.76 -22.5691 0.920247
17.77 -22.5683 0.920214
17.78 -22.5681 0.920208
17.79 -22.568 0.920206
17.8 -22.5676 0.920189
17.81 -22.568 0.920203
17.82 -22.5689 0.920239
17.83 -22.5693 0.920256
17.84 -22.5703 0.920296
17.85 -22.5726 0.92039
17.86 -22.5756 0.920512
17.87 -22.5794 0.920668
17.88 -22.5819 0.920772
17.89 -22.583 0.920814
17.9 -22.5868 0.920971
17.91 -22.5932 0.92123
17.92 -22.5982 0.921435
17.93 -22.602 0.921588
17.94 -22.605 0.921713
17.95 -22.6079 0.921831
17.96 -22.6107 0.921943
17.97 -22.6115 0.92198
17.98 -22.6107 0.921943
17.99 -22.6114 0.921973
18 -22.6132 0.922046
18.01 -22.6135 0.92206
18.02 -22.6124 0.922014
18.03 -22.6114 0.921972
18.04 -22.6123 0.92201
18.05 -22.6133 0.92205
18.06 -22.6129 0.922034
18.07 -22.612 0.921999
18.08 -22.6119 0.921993
18.09 -22.6127 0.922025
18.1 -22.613 0.922041
18.11 -22.6125 0.922017
18.12 -22.612 0.921999
18.13 -22.6123 0.92201
18.14 -22.6128 0.92203
18.15 -22.6128 0.922029
18.16 -22.6123 0.92201
18.17 -22.6122 0.922006
18.18 -22.6125 0.922019
18.19 -22.6127 0.922027
18.2 -22.6125 0.92202
18.21 -22.6123 0.92201
18.22 -22.6124 0.922013
18.23 -22.6126 0.922022
18.24 -22.6124 0.922016
18.25 -22.6122 0.922007
18.26 -22.611 0.921957
18.27 -22.6063 0.921765
18.28 -22.6016 0.921575
18.29 -22.5994 0.921482
18.3 -22.5974 0.921403
18.31 -22.595 0.921306
18.32 -22.5918 0.921173
18.33 -22.5894 0.921078
18.34 -22.5885 0.92104
18.35 -22.5875 0.921001
18.36 -22.586 0.920939
18.37 -22.5845 0.920877
18.38 -22.5839 0.920853
18.39 -22.5839 0.920852
18.4 -22.5836 0.920841
18.41 -22.5829 0.920813
18.42 -22.5831 0.920819
18.43 -22.5836 0.920838
18.44 -22.5832 0.920825
18.45 -22.583 0.920814
18.46 -22.5832 0.920822
18.47 -22.5837 0.920843
18.48 -22.5841 0.920859
18.49 -22.5841 0.920859
18.5 -22.5843 0.920869
18.51 -22.5858 0.920929
18.52 -22.5873 0.92099
18.53 -22.5886 0.921043
18.54 -22.59 0.921101
18.55 -22.5922 0.921192
18.56 -22.5949 0.921301
18.57 -22.5961 0.92135
18.58 -22.5972 0.921393
18.59 -22.5992 0.921476
18.6 -22.603 0.921631
18.61 -22.6073 0.921804
18.62 -22.6101 0.92192
18.63 -22.611 0.921955
18.64 -22.612 0.921996
18.65 -22.6144 0.922094
18.66 -22.6164 0.922176
18.67 -22.6172 0.922211
18.68 -22.6161 0.922166
18.69 -22.6152 0.92213
18.7 -22.616 0.922159
18.71 -22.6168 0.922193
18.72 -22.6166 0.922187
18.73 -22.6158 0.922153
18.74 -22.6157 0.922147
18.75 -22.6163 0.922173
18.76 -22.6167 0.922188
18.77 -22.6162 0.92217
18.78 -22.6158 0.922153
18.79 -22.616 0.92216
18.8 -22.6164 0.922178
18.81 -22.6164 0.922178
18.82 -22.616 0.922163
18.83 -22.6159 0.922158
18.84 -22.6162 0.922168
18.85 -22.6164 0.922177
18.86 -22.6162 0.922171
18.87 -22.616 0.922161
18.88 -22.616 0.922161
18.89 -22.6161 0.922167
18.9 -22.6161 0.922166
18.91 -22.6159 0.922157
18.92 -22.6157 0.922147
18.93 -22.6161 0.922165
18.94 -22.6156 0.922146
18.95 -22.6131 0.922044
18.96 -22.6114 0.921973
18.97 -22.6116 0.921982
18.98 -22.6119 0.921992
18.99 -22.6109 0.921951
19 -22.6094 0.921894
19.01 -22.609 0.921876
19.02 -22.6095 0.921894
19.03 -22.6095 0.921895
19.04 -22.6086 0.921859
19.05 -22.608 0.921834
19.06 -22.6081 0.92184
19.07 -22.6083 0.921848
19.08 -22.6086 0.921858
19.09 -22.6082 0.921842
19.1 -22.6074 0.921811
19.11 -22.6076 0.921817
19.12 -22.6081 0.921838
19.13 -22.6081 0.921841
19.14 -22.6075 0.921815
19.15 -22.6074 0.92181
19.16 -22.6082 0.921845
19.17 -22.6087 0.921865
19.18 -22.6088 0.921866
19.19 -22.6089 0.921873
19.2 -22.6103 0.921928
19.21 -22.6127 0.922028
19.22 -22.6151 0.922125
19.23 -22.6171 0.922207
19.24 -22.6181 0.922246
19.25 -22.619 0.922285
19.26 -22.6211 0.92237
19.27 -22.6225 0.922424
19.28 -22.623 0.922445
19.29 -22.6234 0.922463
19.3 -22.6227 0.922433
19.31 -22.6229 0.922443
19.32 -22.6247 0.922514
19.33 -22.6249 0.922523
19.34 -22.6238 0.922478
19.35 -22.6231 0.922452
19.36 -22.6236 0.92247
19.37 -22.6245 0.922508
19.38 -22.6244 0.922502
19.39 -22.6235 0.922466
19.4 -22.6234 0.922464
19.41 -22.624 0.922488
19.42 -22.6243 0.922501
19.43 -22.624 0.922487
19.44 -22.6235 0.922468
19.45 -22.6237 0.922476
19.46 -22.6241 0.922493
19.47 -22.6241 0.922492
19.48 -22.6238 0.922479
19.49 -22.6237 0.922473
19.5 -22.6239 0.922483
19.51 -22.6241 0.922492
19.52 -22.624 0.922486
19.53 -22.6237 0.922477
19.54 -22.6238 0.922479
19.55 -22.624 0.922486
19.56 -22.624 0.922487
19.57 -22.6238 0.922478
19.58 -22.6236 0.922471
19.59 -22.6236 0.922473
19.6 -22.6234 0.922463
19.61 -22.6217 0.922393
19.62 -22.619 0.922284
19.63 -22.6181 0.922246
19.64 -22.6183 0.922256
19.65 -22.6178 0.922234
19.66 -22.6165 0.922182
19.67 -22.6153 0.922133
19.68 -22.6153 0.922132
19.69 -22.6156 0.922145
19.7 -22.6151 0.922123
19.71 -22.6142 0.922089
19.72 -22.6139 0.922076
19.73 -22.6141 0.922085
19.74 -22.6147 0.922107
19.75 -22.6144 0.922095
19.76 -22.6135 0.922058
19.77 -22.6135 0.92206
19.78 -22.6141 0.922085
19.79 -22.6144 0.922096
19.8 -22.6139 0.922077
19.81 -22.6134 0.922057
19.82 -22.6142 0.922086
19.83 -22.6151 0.922124
19.84 -22.6152 0.922128
19.85 -22.615 0.922121
19.86 -22.6161 0.922163
19.87 -22.6182 0.922249
19.88 -22.6198 0.922316
19.89 -22.6214 0.922381
19.9 -22.6229 0.922441
19.91 -22.6238 0.922478
19.92 -22.6249 0.922525
19.93 -22.6262 0.922577
19.94 -22.6269 0.922607
19.95 -22.6263 0.922581
19.96 -22.6262 0.922575
19.97 -22.6281 0.922656
19.98 -22.6292 0.922698
19.99 -22.6282 0.92266
20 -22.6274 0.922624
