0.01 1.84544e-06 -3.76237e-07
0.02 4.05728e-05 -8.27173e-06
0.03 0.000361254 -7.36501e-05
0.04 0.00138491 -0.000282346
0.05 0.00261706 -0.00053355
0.06 0.00442643 -0.000902433
0.07 0.00258746 -0.000527515
0.08 -0.00994089 0.00202668
0.09 -0.0382935 0.00780704
0.1 -0.0712716 0.0145304
0.11 -0.146117 0.0297895
0.12 -0.279799 0.0570436
0.13 -0.355863 0.0725511
0.14 -0.428513 0.0873624
0.15 -0.499349 0.101804
0.16 -0.55873 0.11391
0.17 -0.636266 0.129718
0.18 -0.726481 0.14811
0.19 -0.840628 0.171382
0.2 -0.886276 0.180688
0.21 -0.956845 0.195075
0.22 -1.02493 0.208957
0.23 -1.08345 0.220886
0.24 -1.13651 0.231704
0.25 -1.14641 0.233722
0.26 -1.19383 0.24339
0.27 -1.23438 0.251657
0.28 -1.26756 0.258422
0.29 -1.29169 0.263342
0.3 -1.30562 0.266182
0.31 -1.33349 0.271864
0.32 -1.35585 0.276422
0.33 -1.3714 0.279591
0.34 -1.3794 0.281224
0.35 -1.39208 0.283808
0.36 -1.40735 0.286922
0.37 -1.41932 0.289361
0.38 -1.42723 0.290974
0.39 -1.43305 0.292161
0.4 -1.44504 0.294606
0.41 -1.45638 0.296917
0.42 -1.46541 0.298758
0.43 -1.47225 0.300154
0.44 -1.47984 0.3017
0.45 -1.49068 0.30391
0.46 -1.49933 0.305673
0.47 -1.50555 0.306941
0.48 -1.51083 0.308019
0.49 -1.51738 0.309354
0.5 -1.52305 0.310509
0.51 -1.52173 0.310241
0.52 -1.52159 0.310212
0.53 -1.53884 0.313729
0.54 -1.57538 0.321178
0.55 -1.60585 0.32739
0.56 -1.6303 0.332375
0.57 -1.65059 0.336511
0.58 -1.66488 0.339424
0.59 -1.68432 0.343387
0.6 -1.70178 0.346948
0.61 -1.71699 0.350049
0.62 -1.73417 0.353551
0.63 -1.75795 0.358399
0.64 -1.78648 0.364215
0.65 -1.81679 0.370396
0.66 -1.84793 0.376743
0.67 -1.88024 0.383331
0.68 -1.91601 0.390624
0.69 -1.95162 0.397885
0.7 -1.98489 0.404667
0.71 -2.01226 0.410246
0.72 -2.03635 0.415157
0.73 -2.05922 0.41982
0.74 -2.07974 0.424004
0.75 -2.09959 0.428051
0.76 -2.11871 0.431949
0.77 -2.13935 0.436157
0.78 -2.16097 0.440565
0.79 -2.18232 0.444918
0.8 -2.20352 0.449239
0.81 -2.22434 0.453484
0.82 -2.24571 0.45784
0.83 -2.26644 0.462067
0.84 -2.2852 0.465891
0.85 -2.3009 0.469093
0.86 -2.31329 0.47162
0.87 -2.3222 0.473436
0.88 -2.32716 0.474446
0.89 -2.32875 0.47477
0.9 -2.32922 0.474866
0.91 -2.32974 0.474973
0.92 -2.33009 0.475043
0.93 -2.33016 0.475057
0.94 -2.32983 0.474991
0.95 -2.32971 0.474966
0.96 -2.3297 0.474963
0.97 -2.32972 0.474969
0.98 -2.32957 0.474937
0.99 -2.32931 0.474886
1 -2.3292 0.474862
1.01 -2.32919 0.47486
1.02 -2.32909 0.474841
1.03 -2.32795 0.474607
1.04 -2.32637 0.474285
1.05 -2.32608 0.474226
1.06 -2.32435 0.473874
1.07 -2.31854 0.47269
1.08 -2.32652 0.474317
1.09 -2.34525 0.478136
1.1 -2.32242 0.473479
1.11 -2.30633 0.4702
1.12 -2.34157 0.477385
1.13 -2.33015 0.475057
1.14 -2.32692 0.474398
1.15 -2.34073 0.477214
1.16 -2.31733 0.472442
1.17 -2.36254 0.481659
1.18 -2.31863 0.472708
1.19 -2.42099 0.493576
1.2 -2.4291 0.49523
1.21 -2.49035 0.507717
1.22 -2.5261 0.515006
1.23 -2.53634 0.517093
1.24 -2.57793 0.525572
1.25 -2.59133 0.528304
1.26 -2.63453 0.537111
1.27 -2.65371 0.541021
1.28 -2.69538 0.549517
1.29 -2.71717 0.55396
1.3 -2.7566 0.561997
1.31 -2.77818 0.566397
1.32 -2.80769 0.572414
1.33 -2.83309 0.577593
1.34 -2.86084 0.583251
1.35 -2.89039 0.589274
1.36 -2.91772 0.594847
1.37 -2.94741 0.6009
1.38 -2.97673 0.606876
1.39 -3.00821 0.613294
1.4 -3.03657 0.619076
1.41 -3.06624 0.625125
1.42 -3.09387 0.630759
1.43 -3.12246 0.636588
1.44 -3.14575 0.641335
1.45 -3.16589 0.645442
1.46 -3.18146 0.648615
1.47 -3.19434 0.651242
1.48 -3.2039 0.653191
1.49 -3.21012 0.654458
1.5 -3.21427 0.655304
1.51 -3.21692 0.655844
1.52 -3.21891 0.656251
1.53 -3.21974 0.656421
1.54 -3.22031 0.656535
1.55 -3.22064 0.656604
1.56 -3.22124 0.656725
1.57 -3.22186 0.656852
1.58 -3.22201 0.656884
1.59 -3.22186 0.656853
1.6 -3.22225 0.656932
1.61 -3.22254 0.656991
1.62 -3.22267 0.657017
1.63 -3.22246 0.656975
1.64 -3.22198 0.656877
1.65 -3.22215 0.65691
1.66 -3.22243 0.656969
1.67 -3.22287 0.657058
1.68 -3.22243 0.656968
1.69 -3.22258 0.656999
1.7 -3.2257 0.657636
1.71 -3.23586 0.659706
1.72 -3.25816 0.664253
1.73 -3.28993 0.670729
1.74 -3.33329 0.67957
1.75 -3.37605 0.688288
1.76 -3.41582 0.696396
1.77 -3.45458 0.704298
1.78 -3.49026 0.711572
1.79 -3.52358 0.718365
1.8 -3.55437 0.724642
1.81 -3.58343 0.730568
1.82 -3.61082 0.736152
1.83 -3.63663 0.741413
1.84 -3.66231 0.746648
1.85 -3.68777 0.75184
1.86 -3.71183 0.756744
1.87 -3.73663 0.761801
1.88 -3.75932 0.766427
1.89 -3.78131 0.770909
1.9 -3.80202 0.775131
1.91 -3.81934 0.778663
1.92 -3.8337 0.78159
1.93 -3.84344 0.783575
1.94 -3.84973 0.784857
1.95 -3.85307 0.785538
1.96 -3.85411 0.785752
1.97 -3.8548 0.785893
1.98 -3.85514 0.785961
1.99 -3.85511 0.785955
2 -3.85507 0.785946
2.01 -3.85486 0.785904
2.02 -3.85475 0.785881
2.03 -3.8547 0.785872
2.04 -3.85459 0.785849
2.05 -3.85423 0.785775
2.06 -3.85408 0.785745
2.07 -3.85411 0.785752
2.08 -3.8534 0.785606
2.09 -3.85156 0.785231
2.1 -3.85215 0.785351
2.11 -3.85038 0.784992
2.12 -3.84618 0.784135
2.13 -3.85006 0.784925
2.14 -3.84929 0.784769
2.15 -3.84209 0.783301
2.16 -3.83743 0.782351
2.17 -3.85824 0.786593
2.18 -3.88977 0.793022
2.19 -3.8425 0.783384
2.2 -3.82197 0.779199
2.21 -3.88469 0.791985
2.22 -3.87367 0.789739
2.23 -3.8547 0.785871
2.24 -3.86438 0.787844
2.25 -3.83446 0.781746
2.26 -3.85245 0.785412
2.27 -3.86127 0.78721
2.28 -3.86076 0.787107
2.29 -3.87245 0.789491
2.3 -3.83334 0.781516
2.31 -3.86144 0.787245
2.32 -3.86319 0.787602
2.33 -3.89429 0.793943
2.34 -3.91879 0.798939
2.35 -3.92691 0.800594
2.36 -3.97442 0.810278
2.37 -3.99078 0.813614
2.38 -4.02355 0.820296
2.39 -4.03425 0.822478
2.4 -4.05679 0.827072
2.41 -4.08165 0.83214
2.42 -4.10137 0.836161
2.43 -4.11836 0.839624
2.44 -4.13094 0.84219
2.45 -4.15217 0.846519
2.46 -4.17007 0.850167
2.47 -4.18934 0.854096
2.48 -4.20199 0.856674
2.49 -4.2187 0.860083
2.5 -4.23574 0.863556
2.51 -4.25125 0.866718
2.52 -4.26334 0.869183
2.53 -4.2722 0.870989
2.54 -4.28157 0.872898
2.55 -4.28954 0.874523
2.56 -4.2948 0.875596
2.57 -4.29713 0.876071
2.58 -4.29901 0.876455
2.59 -4.3009 0.87684
2.6 -4.30232 0.87713
2.61 -4.30229 0.877122
2.62 -4.3022 0.877104
2.63 -4.3024 0.877146
2.64 -4.30292 0.877252
2.65 -4.3036 0.877391
2.66 -4.30351 0.877371
2.67 -4.30334 0.877338
2.68 -4.30387 0.877446
2.69 -4.30408 0.877489
2.7 -4.30417 0.877507
2.71 -4.30422 0.877518
2.72 -4.30418 0.877508
2.73 -4.30459 0.877591
2.74 -4.30494 0.877663
2.75 -4.30538 0.877752
2.76 -4.30696 0.878076
2.77 -4.31248 0.8792
2.78 -4.32162 0.881065
2.79 -4.33498 0.883788
2.8 -4.35518 0.887906
2.81 -4.37503 0.891953
2.82 -4.39377 0.895773
2.83 -4.41434 0.899968
2.84 -4.43542 0.904266
2.85 -4.45439 0.908133
2.86 -4.47164 0.911649
2.87 -4.48817 0.915019
2.88 -4.50455 0.918359
2.89 -4.52193 0.921903
2.9 -4.53729 0.925034
2.91 -4.55179 0.92799
2.92 -4.56614 0.930916
2.93 -4.57986 0.933713
2.94 -4.59299 0.936389
2.95 -4.60232 0.938291
2.96 -4.60838 0.939527
2.97 -4.61336 0.940541
2.98 -4.61755 0.941397
2.99 -4.61933 0.94176
3 -4.6182 0.941528
3.01 -4.61705 0.941294
3.02 -4.61792 0.941472
3.03 -4.61897 0.941686
3.04 -4.61825 0.941539
3.05 -4.61676 0.941235
3.06 -4.61607 0.941095
3.07 -4.61468 0.940812
3.08 -4.61699 0.941282
3.09 -4.61767 0.941421
3.1 -4.60968 0.939792
3.11 -4.61545 0.940968
3.12 -4.62481 0.942877
3.13 -4.61905 0.941702
3.14 -4.61077 0.940015
3.15 -4.60022 0.937864
3.16 -4.61112 0.940086
3.17 -4.62647 0.943214
3.18 -4.62867 0.943664
3.19 -4.63388 0.944725
3.2 -4.61278 0.940424
3.21 -4.61916 0.941724
3.22 -4.62558 0.943033
3.23 -4.60372 0.938576
3.24 -4.62722 0.943369
3.25 -4.6183 0.941548
3.26 -4.62089 0.942077
3.27 -4.63184 0.944309
3.28 -4.59386 0.936568
3.29 -4.61733 0.941351
3.3 -4.62931 0.943793
3.31 -4.62723 0.943369
3.32 -4.62346 0.942602
3.33 -4.59728 0.937263
3.34 -4.61937 0.941767
3.35 -4.6286 0.943649
3.36 -4.62209 0.942323
3.37 -4.61036 0.939932
3.38 -4.60527 0.938893
3.39 -4.63092 0.944123
3.4 -4.64808 0.947621
3.41 -4.62859 0.943646
3.42 -4.64851 0.947709
3.43 -4.65255 0.948533
3.44 -4.68824 0.955809
3.45 -4.69571 0.957332
3.46 -4.69591 0.957372
3.47 -4.71058 0.960363
3.48 -4.72506 0.963314
3.49 -4.74372 0.967119
3.5 -4.74391 0.967159
3.51 -4.75194 0.968795
3.52 -4.7595 0.970337
3.53 -4.77732 0.97397
3.54 -4.78306 0.97514
3.55 -4.78825 0.976199
3.56 -4.79475 0.977523
3.57 -4.80524 0.979662
3.58 -4.81535 0.981723
3.59 -4.81901 0.982469
3.6 -4.82326 0.983335
3.61 -4.8275 0.9842
3.62 -4.83329 0.985381
3.63 -4.83767 0.986274
3.64 -4.83893 0.98653
3.65 -4.83975 0.986697
3.66 -4.84254 0.987267
3.67 -4.84473 0.987712
3.68 -4.84611 0.987994
3.69 -4.84558 0.987886
3.7 -4.84595 0.987961
3.71 -4.84701 0.988178
3.72 -4.84722 0.988219
3.73 -4.84697 0.988168
3.74 -4.84675 0.988125
3.75 -4.84704 0.988184
3.76 -4.84707 0.98819
3.77 -4.84742 0.98826
3.78 -4.84777 0.988332
3.79 -4.84863 0.988508
3.8 -4.85151 0.989095
3.81 -4.85562 0.989933
3.82 -4.86098 0.991026
3.83 -4.86836 0.99253
3.84 -4.87724 0.99434
3.85 -4.88689 0.996308
3.86 -4.89683 0.998333
3.87 -4.90513 1.00003
3.88 -4.90503 1.00001
3.89 -4.90479 0.999958
3.9 -4.90525 1.00005
3.91 -4.90499 0.999997
3.92 -4.90542 1.00009
3.93 -4.90607 1.00022
3.94 -4.90708 1.00042
3.95 -4.90565 1.00013
3.96 -4.90555 1.00011
3.97 -4.90708 1.00042
3.98 -4.90647 1.0003
3.99 -4.90516 1.00003
4 -4.90568 1.00014
4.01 -4.90664 1.00033
4.02 -4.90641 1.00029
4.03 -4.90559 1.00012
4.04 -4.90613 1.00023
4.05 -4.90594 1.00019
4.06 -4.90473 0.999946
4.07 -4.90494 0.999988
4.08 -4.90517 1.00003
4.09 -4.90519 1.00004
4.1 -4.90534 1.00007
4.11 -4.90468 0.999934
4.12 -4.90437 0.999871
4.13 -4.90441 0.99988
4.14 -4.90394 0.999783
4.15 -4.90078 0.999139
4.16 -4.89994 0.998968
4.17 -4.90526 1.00005
4.18 -4.89926 0.99883
4.19 -4.89342 0.997638
4.2 -4.89955 0.99889
4.21 -4.88517 0.995958
4.22 -4.86299 0.991434
4.23 -4.85463 0.989731
4.24 -4.84836 0.988453
4.25 -4.82736 0.984171
4.26 -4.77764 0.974035
4.27 -4.73331 0.964998
4.28 -4.69329 0.956838
4.29 -4.6524 0.948502
4.3 -4.62264 0.942434
4.31 -4.55504 0.928652
4.32 -4.47848 0.913043
4.33 -4.43331 0.903834
4.34 -4.37298 0.891536
4.35 -4.30473 0.877621
4.36 -4.24733 0.865919
4.37 -4.20029 0.856327
4.38 -4.18919 0.854066
4.39 -4.16113 0.848345
4.4 -4.17852 0.85189
4.41 -4.57217 0.932144
4.42 -4.91755 1.00256
4.43 -4.89493 0.997946
4.44 -4.91768 1.00258
4.45 -4.88576 0.996078
4.46 -4.90835 1.00068
4.47 -4.91234 1.0015
4.48 -4.89978 0.998935
4.49 -4.90771 1.00055
4.5 -4.89434 0.997828
4.51 -4.91145 1.00132
4.52 -4.90364 0.999722
4.53 -4.90656 1.00032
4.54 -4.89873 0.998721
4.55 -4.90509 1.00002
4.56 -4.90555 1.00011
4.57 -4.90539 1.00008
4.58 -4.90339 0.999671
4.59 -4.9012 0.999225
4.6 -4.90568 1.00014
4.61 -4.90451 0.999901
4.62 -4.90456 0.999911
4.63 -4.90244 0.999479
4.64 -4.90365 0.999724
4.65 -4.90481 0.99996
4.66 -4.90502 1
4.67 -4.90354 0.999702
4.68 -4.90311 0.999614
4.69 -4.90408 0.999812
4.7 -4.905 0.999999
4.71 -4.90449 0.999896
4.72 -4.9034 0.999675
4.73 -4.90355 0.999705
4.74 -4.90438 0.999874
4.75 -4.90472 0.999943
4.76 -4.90404 0.999804
4.77 -4.90366 0.999726
4.78 -4.90386 0.999768
4.79 -4.9044 0.999878
4.8 -4.90421 0.999839
4.81 -4.90391 0.999778
4.82 -4.90383 0.999762
4.83 -4.90416 0.999829
4.84 -4.90431 0.99986
4.85 -4.90401 0.999798
4.86 -4.90384 0.999764
4.87 -4.90396 0.999788
4.88 -4.90421 0.999839
4.89 -4.90519 1.00004
4.9 -4.90711 1.00043
4.91 -4.90769 1.00055
4.92 -4.90585 1.00017
4.93 -4.90471 0.99994
4.94 -4.90566 1.00013
4.95 -4.90728 1.00047
4.96 -4.90794 1.0006
4.97 -4.90535 1.00007
4.98 -4.90349 0.999692
4.99 -4.90529 1.00006
5 -4.90753 1.00052
5.01 -4.90606 1.00022
5.02 -4.9028 0.99955
5.03 -4.90372 0.999739
5.04 -4.90539 1.00008
5.05 -4.90615 1.00023
5.06 -4.90374 0.999742
5.07 -4.90303 0.999598
5.08 -4.90376 0.999748
5.09 -4.90471 0.999941
5.1 -4.90315 0.999622
5.11 -4.89723 0.998415
5.12 -4.89319 0.997592
5.13 -4.88408 0.995734
5.14 -4.86853 0.992564
5.15 -4.84856 0.988494
5.16 -4.82613 0.98392
5.17 -4.80046 0.978688
5.18 -4.76031 0.970501
5.19 -4.69018 0.956204
5.2 -4.61661 0.941205
5.21 -4.54204 0.926001
5.22 -4.44656 0.906537
5.23 -4.33005 0.882784
5.24 -4.17827 0.851839
5.25 -4.05276 0.826251
5.26 -3.90554 0.796237
5.27 -3.72733 0.759903
5.28 -3.56298 0.726398
5.29 -3.37551 0.688176
5.3 -3.2449 0.661549
5.31 -3.08675 0.629306
5.32 -3.01938 0.615572
5.33 -2.96702 0.604897
5.34 -3.55692 0.725163
5.35 -4.91964 1.00299
5.36 -4.93477 1.00607
5.37 -4.8651 0.991866
5.38 -4.93067 1.00523
5.39 -4.871 0.993068
5.4 -4.93995 1.00712
5.41 -4.89489 0.997938
5.42 -4.90461 0.999921
5.43 -4.89232 0.997414
5.44 -4.91644 1.00233
5.45 -4.90377 0.999749
5.46 -4.91114 1.00125
5.47 -4.89284 0.997521
5.48 -4.90697 1.0004
5.49 -4.90876 1.00077
5.5 -4.90708 1.00042
5.51 -4.90278 0.999548
5.52 -4.9006 0.999102
5.53 -4.90686 1.00038
5.54 -4.90758 1.00053
5.55 -4.90566 1.00013
5.56 -4.90115 0.999216
5.57 -4.90484 0.999967
5.58 -4.90585 1.00017
5.59 -4.90713 1.00043
5.6 -4.90345 0.999683
5.61 -4.90325 0.999642
5.62 -4.90515 1.00003
5.63 -4.90634 1.00027
5.64 -4.9052 1.00004
5.65 -4.90373 0.999742
5.66 -4.9041 0.999817
5.67 -4.90561 1.00012
5.68 -4.90572 1.00015
5.69 -4.90449 0.999896
5.7 -4.90405 0.999807
5.71 -4.90468 0.999936
5.72 -4.90555 1.00011
5.73 -4.90528 1.00006
5.74 -4.90445 0.999887
5.75 -4.90442 0.999881
5.76 -4.90512 1.00002
5.77 -4.90517 1.00003
5.78 -4.90495 0.99999
5.79 -4.90444 0.999885
5.8 -4.90475 0.999948
5.81 -4.90518 1.00004
5.82 -4.90486 0.999972
5.83 -4.90491 0.999981
5.84 -4.9046 0.999918
5.85 -4.90487 0.999973
5.86 -4.90515 1.00003
5.87 -4.90472 0.999943
5.88 -4.90486 0.999971
5.89 -4.90471 0.999941
5.9 -4.90498 0.999995
5.91 -4.90495 0.99999
5.92 -4.90715 1.00044
5.93 -4.90881 1.00078
5.94 -4.90372 0.999739
5.95 -4.90485 0.99997
5.96 -4.91053 1.00113
5.97 -4.90534 1.00007
5.98 -4.90581 1.00017
5.99 -4.90854 1.00072
6 -4.90371 0.999737
6.01 -4.9063 1.00026
6.02 -4.90663 1.00033
6.03 -4.90642 1.00029
6.04 -4.90673 1.00035
6.05 -4.90217 0.999424
6.06 -4.90587 1.00018
6.07 -4.90734 1.00048
6.08 -4.90435 0.999868
6.09 -4.90337 0.999667
6.1 -4.90434 0.999866
6.11 -4.90586 1.00018
6.12 -4.90433 0.999863
6.13 -4.90296 0.999584
6.14 -4.90105 0.999195
6.15 -4.89634 0.998235
6.16 -4.90074 0.999131
6.17 -4.90588 1.00018
6.18 -4.89788 0.998548
6.19 -4.89842 0.998658
6.2 -4.88983 0.996908
6.21 -4.88506 0.995936
6.22 -4.89656 0.99828
6.23 -4.86592 0.992032
6.24 -4.85393 0.989588
6.25 -4.85665 0.990142
6.26 -4.82093 0.98286
6.27 -4.78305 0.975137
6.28 -4.73757 0.965865
6.29 -4.70363 0.958946
6.3 -4.65294 0.948612
6.31 -4.57583 0.932891
6.32 -4.50439 0.918326
6.33 -4.4212 0.901365
6.34 -4.33685 0.884168
6.35 -4.27814 0.8722
6.36 -4.209 0.858105
6.37 -4.16064 0.848246
6.38 -4.17663 0.851505
6.39 -4.482 0.913762
6.4 -4.90523 1.00005
6.41 -4.90202 0.999392
6.42 -4.88977 0.996896
6.43 -4.91307 1.00165
6.44 -4.90867 1.00075
6.45 -4.90836 1.00068
6.46 -4.89125 0.997197
6.47 -4.90811 1.00063
6.48 -4.90351 0.999696
6.49 -4.91225 1.00148
6.5 -4.89886 0.998748
6.51 -4.90051 0.999085
6.52 -4.90533 1.00007
6.53 -4.90755 1.00052
6.54 -4.90522 1.00005
6.55 -4.90081 0.999146
6.56 -4.90269 0.999529
6.57 -4.90577 1.00016
6.58 -4.90678 1.00036
6.59 -4.90262 0.999514
6.6 -4.90262 0.999515
6.61 -4.90372 0.999739
6.62 -4.90609 1.00022
6.63 -4.90477 0.999953
6.64 -4.90281 0.999553
6.65 -4.90325 0.999643
6.66 -4.90475 0.999949
6.67 -4.90525 1.00005
6.68 -4.90394 0.999784
6.69 -4.90318 0.999629
6.7 -4.90371 0.999737
6.71 -4.90498 0.999996
6.72 -4.90492 0.999984
6.73 -4.90356 0.999706
6.74 -4.90341 0.999675
6.75 -4.90429 0.999855
6.76 -4.90479 0.999958
6.77 -4.90435 0.999866
6.78 -4.90351 0.999697
6.79 -4.90376 0.999747
6.8 -4.90461 0.999921
6.81 -4.90455 0.999908
6.82 -4.90396 0.999788
6.83 -4.90378 0.999752
6.84 -4.904 0.999796
6.85 -4.90458 0.999914
6.86 -4.90428 0.999853
6.87 -4.90386 0.999767
6.88 -4.90397 0.99979
6.89 -4.9069 1.00039
6.9 -4.90913 1.00084
6.91 -4.9056 1.00012
6.92 -4.90553 1.00011
6.93 -4.90791 1.00059
6.94 -4.90755 1.00052
6.95 -4.90683 1.00037
6.96 -4.9046 0.999919
6.97 -4.90649 1.0003
6.98 -4.90802 1.00062
6.99 -4.90488 0.999975
7 -4.90652 1.00031
7.01 -4.90595 1.00019
7.02 -4.90428 0.999854
7.03 -4.90544 1.00009
7.04 -4.90566 1.00013
7.05 -4.90503 1.00001
7.06 -4.90285 0.999561
7.07 -4.90463 0.999924
7.08 -4.90371 0.999737
7.09 -4.90579 1.00016
7.1 -4.90092 0.999168
7.11 -4.89612 0.99819
7.12 -4.8913 0.997206
7.13 -4.87609 0.994107
7.14 -4.86837 0.992532
7.15 -4.85189 0.989173
7.16 -4.83755 0.986249
7.17 -4.81458 0.981566
7.18 -4.77825 0.974159
7.19 -4.73523 0.965389
7.2 -4.67715 0.953548
7.21 -4.61527 0.940931
7.22 -4.52377 0.922278
7.23 -4.41019 0.899121
7.24 -4.25947 0.868393
7.25 -4.11029 0.83798
7.26 -3.90097 0.795304
7.27 -3.63461 0.741001
7.28 -3.3989 0.692945
7.29 -3.15217 0.642643
7.3 -2.97511 0.606546
7.31 -2.84053 0.579109
7.32 -2.86871 0.584854
7.33 -4.2068 0.857656
7.34 -4.95625 1.01045
7.35 -4.85192 0.989178
7.36 -4.93255 1.00562
7.37 -4.87309 0.993495
7.38 -4.92901 1.00489
7.39 -4.90458 0.999914
7.4 -4.89257 0.997466
7.41 -4.90333 0.99966
7.42 -4.90209 0.999407
7.43 -4.9126 1.00155
7.44 -4.90206 0.9994
7.45 -4.89761 0.998494
7.46 -4.90205 0.999399
7.47 -4.90791 1.00059
7.48 -4.90589 1.00018
7.49 -4.90113 0.99921
7.5 -4.90024 0.999029
7.51 -4.90411 0.999818
7.52 -4.90685 1.00038
7.53 -4.90366 0.999726
7.54 -4.90081 0.999146
7.55 -4.90263 0.999517
7.56 -4.90472 0.999943
7.57 -4.90534 1.00007
7.58 -4.90249 0.999488
7.59 -4.90182 0.999352
7.6 -4.90363 0.99972
7.61 -4.90479 0.999957
7.62 -4.90389 0.999774
7.63 -4.90245 0.999481
7.64 -4.90264 0.999519
7.65 -4.90411 0.999819
7.66 -4.90433 0.999864
7.67 -4.90321 0.999635
7.68 -4.90258 0.999506
7.69 -4.90333 0.99966
7.7 -4.90429 0.999856
7.71 -4.90373 0.999742
7.72 -4.90275 0.999542
7.73 -4.90308 0.999608
7.74 -4.90399 0.999795
7.75 -4.90378 0.999752
7.76 -4.90329 0.999652
7.77 -4.90306 0.999605
7.78 -4.90321 0.999634
7.79 -4.90385 0.999766
7.8 -4.90365 0.999725
7.81 -4.90339 0.999671
7.82 -4.90341 0.999675
7.83 -4.90319 0.999631
7.84 -4.90379 0.999753
7.85 -4.9035 0.999694
7.86 -4.90329 0.999652
7.87 -4.9035 0.999694
7.88 -4.9033 0.999654
7.89 -4.9037 0.999736
7.9 -4.90339 0.999672
7.91 -4.90339 0.999671
7.92 -4.90342 0.999678
7.93 -4.90349 0.999692
7.94 -4.90354 0.999701
7.95 -4.90621 1.00025
7.96 -4.90835 1.00068
7.97 -4.90236 0.999461
7.98 -4.90082 0.999147
7.99 -4.90858 1.00073
8 -4.90961 1.00094
8.01 -4.90302 0.999597
8.02 -4.90234 0.999457
8.03 -4.90702 1.00041
8.04 -4.90602 1.00021
8.05 -4.90335 0.999663
8.06 -4.90244 0.999478
8.07 -4.90322 0.999637
8.08 -4.90571 1.00015
8.09 -4.90283 0.999557
8.1 -4.90093 0.99917
8.11 -4.90262 0.999515
8.12 -4.90344 0.999682
8.13 -4.90316 0.999625
8.14 -4.8979 0.998553
8.15 -4.8944 0.997838
8.16 -4.90128 0.999242
8.17 -4.90243 0.999476
8.18 -4.89463 0.997887
8.19 -4.90029 0.999039
8.2 -4.89728 0.998426
8.21 -4.905 0.999999
8.22 -4.92218 1.0035
8.23 -4.8952 0.998002
8.24 -4.88311 0.995537
8.25 -4.8849 0.995901
8.26 -4.86424 0.991689
8.27 -4.84709 0.988195
8.28 -4.78876 0.976303
8.29 -4.7366 0.965667
8.3 -4.71517 0.961298
8.31 -4.66473 0.951016
8.32 -4.60458 0.938751
8.33 -4.53169 0.923893
8.34 -4.44801 0.906831
8.35 -4.38378 0.893738
8.36 -4.31454 0.879621
8.37 -4.24122 0.864673
8.38 -4.1897 0.854169
8.39 -4.1395 0.843935
8.4 -4.14689 0.845441
8.41 -4.45898 0.909069
8.42 -4.9194 1.00294
8.43 -4.88719 0.99637
8.44 -4.90113 0.999211
8.45 -4.90678 1.00036
8.46 -4.9036 0.999714
8.47 -4.9197 1.003
8.48 -4.88345 0.995606
8.49 -4.91209 1.00145
8.5 -4.89998 0.998977
8.51 -4.91382 1.0018
8.52 -4.89953 0.998884
8.53 -4.90147 0.999281
8.54 -4.90244 0.999478
8.55 -4.9087 1.00075
8.56 -4.90569 1.00014
8.57 -4.90071 0.999124
8.58 -4.90329 0.999652
8.59 -4.90387 0.999769
8.6 -4.90787 1.00059
8.61 -4.90297 0.999585
8.62 -4.90243 0.999476
8.63 -4.90349 0.999692
8.64 -4.90568 1.00014
8.65 -4.90511 1.00002
8.66 -4.90327 0.999647
8.67 -4.9028 0.999551
8.68 -4.90458 0.999915
8.69 -4.9052 1.00004
8.7 -4.90419 0.999834
8.71 -4.90336 0.999666
8.72 -4.90352 0.999698
8.73 -4.90482 0.999964
8.74 -4.90475 0.999949
8.75 -4.9037 0.999735
8.76 -4.90363 0.999721
8.77 -4.90414 0.999825
8.78 -4.90462 0.999923
8.79 -4.90436 0.99987
8.8 -4.90357 0.999709
8.81 -4.904 0.999797
8.82 -4.90431 0.999858
8.83 -4.90441 0.99988
8.84 -4.90408 0.999813
8.85 -4.90377 0.999749
8.86 -4.90416 0.999828
8.87 -4.90433 0.999863
8.88 -4.90512 1.00002
8.89 -4.90849 1.00071
8.9 -4.91113 1.00125
8.91 -4.90699 1.00041
8.92 -4.9036 0.999714
8.93 -4.90983 1.00099
8.94 -4.91269 1.00157
8.95 -4.90733 1.00048
8.96 -4.9057 1.00014
8.97 -4.90812 1.00064
8.98 -4.91002 1.00102
8.99 -4.90973 1.00096
9 -4.90498 0.999997
9.01 -4.90389 0.999774
9.02 -4.90752 1.00051
9.03 -4.90637 1.00028
9.04 -4.90661 1.00033
9.05 -4.90236 0.999463
9.06 -4.90515 1.00003
9.07 -4.90297 0.999586
9.08 -4.90335 0.999664
9.09 -4.8999 0.99896
9.1 -4.89535 0.998033
9.11 -4.89252 0.997456
9.12 -4.87874 0.994645
9.13 -4.85668 0.990149
9.14 -4.82708 0.984114
9.15 -4.79571 0.977719
9.16 -4.74189 0.966747
9.17 -4.66132 0.950321
9.18 -4.55229 0.928092
9.19 -4.39957 0.896955
9.2 -4.18103 0.852401
9.21 -3.8856 0.792172
9.22 -3.51624 0.716869
9.23 -3.04056 0.61989
9.24 -2.53357 0.516528
9.25 -2.06399 0.420792
9.26 -1.61076 0.328391
9.27 -1.48259 0.30226
9.28 -2.45728 0.500975
9.29 -4.93086 1.00527
9.3 -4.93452 1.00602
9.31 -4.82169 0.983016
9.32 -4.95208 1.0096
9.33 -4.81918 0.982503
9.34 -5.00899 1.0212
9.35 -4.82792 0.984285
9.36 -4.92203 1.00347
9.37 -4.86584 0.992016
9.38 -4.92475 1.00403
9.39 -4.90435 0.999867
9.4 -4.89137 0.997221
9.41 -4.88405 0.995729
9.42 -4.90086 0.999157
9.43 -4.91165 1.00136
9.44 -4.89558 0.998079
9.45 -4.89406 0.99777
9.46 -4.88825 0.996586
9.47 -4.90757 1.00052
9.48 -4.902 0.999389
9.49 -4.89606 0.998177
9.5 -4.89157 0.997262
9.51 -4.89831 0.998636
9.52 -4.90267 0.999524
9.53 -4.90052 0.999087
9.54 -4.89359 0.997673
9.55 -4.89559 0.998082
9.56 -4.89997 0.998974
9.57 -4.90107 0.999199
9.58 -4.89768 0.998507
9.59 -4.89496 0.997954
9.6 -4.89767 0.998506
9.61 -4.90029 0.99904
9.62 -4.89936 0.998851
9.63 -4.8966 0.998288
9.64 -4.8966 0.998287
9.65 -4.89872 0.998719
9.66 -4.89969 0.998917
9.67 -4.89797 0.998566
9.68 -4.89689 0.998346
9.69 -4.89763 0.998497
9.7 -4.89894 0.998765
9.71 -4.89884 0.998744
9.72 -4.89761 0.998494
9.73 -4.89733 0.998437
9.74 -4.89819 0.998613
9.75 -4.89879 0.998734
9.76 -4.89826 0.998625
9.77 -4.89757 0.998485
9.78 -4.89778 0.998527
9.79 -4.89842 0.998659
9.8 -4.89848 0.998671
9.81 -4.89785 0.998542
9.82 -4.89783 0.998539
9.83 -4.89811 0.998596
9.84 -4.8984 0.998655
9.85 -4.89823 0.998619
9.86 -4.89774 0.998521
9.87 -4.89799 0.998571
9.88 -4.89834 0.998643
9.89 -4.89812 0.998598
9.9 -4.8982 0.998614
9.91 -4.89779 0.998529
9.92 -4.89816 0.998605
9.93 -4.89824 0.998622
9.94 -4.89813 0.998599
9.95 -4.89804 0.998581
9.96 -4.89796 0.998565
9.97 -4.89819 0.998612
9.98 -4.89816 0.998605
9.99 -4.89811 0.998596
10 -4.89799 0.998571
10.01 -4.8981 0.998593
10.02 -4.90143 0.999271
10.03 -4.9034 0.999674
10.04 -4.89714 0.998397
10.05 -4.89549 0.99806
10.06 -4.90088 0.999159
10.07 -4.90016 0.999014
10.08 -4.90156 0.999299
10.09 -4.9016 0.999307
10.1 -4.89539 0.998041
10.11 -4.89802 0.998576
10.12 -4.90411 0.999818
10.13 -4.90329 0.99965
10.14 -4.89732 0.998434
10.15 -4.89508 0.997978
10.16 -4.89965 0.998909
10.17 -4.90169 0.999326
10.18 -4.90188 0.999365
10.19 -4.89909 0.998795
10.2 -4.89526 0.998015
10.21 -4.89858 0.998691
10.22 -4.90041 0.999064
10.23 -4.90025 0.999031
10.24 -4.90086 0.999157
10.25 -4.8971 0.99839
10.26 -4.89711 0.998392
10.27 -4.89907 0.998792
10.28 -4.90114 0.999214
10.29 -4.9019 0.999367
10.3 -4.89703 0.998376
10.31 -4.89213 0.997377
10.32 -4.88878 0.996693
10.33 -4.88197 0.995304
10.34 -4.87085 0.993038
10.35 -4.85988 0.990802
10.36 -4.83927 0.986599
10.37 -4.82575 0.983844
10.38 -4.80103 0.978804
10.39 -4.76523 0.971505
10.4 -4.72397 0.963094
10.41 -4.66446 0.95096
10.42 -4.58844 0.935462
10.43 -4.48452 0.914276
10.44 -4.34479 0.885787
10.45 -4.1608 0.848277
10.46 -3.92135 0.799459
10.47 -3.61512 0.737028
10.48 -3.23527 0.659586
10.49 -2.78066 0.566903
10.5 -2.2625 0.461263
10.51 -1.7044 0.347481
10.52 -1.14212 0.232849
10.53 -0.617027 0.125796
10.54 -0.166153 0.0338742
10.55 0.114376 -0.0233182
10.56 0.137378 -0.0280078
10.57 -1.74747 0.356263
10.58 -4.42163 0.901454
10.59 -4.8697 0.992803
10.6 -4.84179 0.987113
10.61 -4.93496 1.00611
10.62 -4.88701 0.996333
10.63 -4.90826 1.00066
10.64 -4.90002 0.998985
10.65 -4.92051 1.00316
10.66 -4.92779 1.00465
10.67 -4.93984 1.0071
10.68 -4.87909 0.994718
10.69 -4.85569 0.989947
10.7 -4.87179 0.99323
10.71 -4.93359 1.00583
10.72 -4.90426 0.99985
10.73 -4.86341 0.991521
10.74 -4.87971 0.994843
10.75 -4.8879 0.996513
10.76 -4.92039 1.00314
10.77 -4.88802 0.996539
10.78 -4.86824 0.992507
10.79 -4.88956 0.996852
10.8 -4.89827 0.998628
10.81 -4.90368 0.999731
10.82 -4.88177 0.995263
10.83 -4.87851 0.994599
10.84 -4.89336 0.997628
10.85 -4.89986 0.998952
10.86 -4.89215 0.997379
10.87 -4.88239 0.99539
10.88 -4.88582 0.996089
10.89 -4.89517 0.997995
10.9 -4.89616 0.998198
10.91 -4.88747 0.996425
10.92 -4.88515 0.995954
10.93 -4.89013 0.996968
10.94 -4.89475 0.997909
10.95 -4.89206 0.997361
10.96 -4.8869 0.996309
10.97 -4.88772 0.996478
10.98 -4.89214 0.997378
10.99 -4.89296 0.997545
11 -4.88982 0.996905
11.01 -4.88775 0.996483
11.02 -4.88968 0.996878
11.03 -4.89264 0.997479
11.04 -4.89217 0.997384
11.05 -4.88928 0.996795
11.06 -4.88798 0.996529
11.07 -4.89063 0.99707
11.08 -4.89232 0.997416
11.09 -4.89074 0.997092
11.1 -4.88963 0.996866
11.11 -4.8898 0.996901
11.12 -4.89069 0.997083
11.13 -4.89111 0.997169
11.14 -4.89062 0.997069
11.15 -4.89021 0.996985
11.16 -4.88992 0.996925
11.17 -4.89045 0.997035
11.18 -4.89089 0.997123
11.19 -4.89033 0.997009
11.2 -4.89008 0.996958
11.21 -4.89019 0.99698
11.22 -4.89052 0.997048
11.23 -4.89056 0.997056
11.24 -4.89016 0.996976
11.25 -4.89099 0.997144
11.26 -4.89108 0.997163
11.27 -4.8897 0.99688
11.28 -4.88999 0.996939
11.29 -4.89053 0.99705
11.3 -4.89078 0.997101
11.31 -4.89081 0.997108
11.32 -4.89027 0.996997
11.33 -4.89028 0.996999
11.34 -4.89087 0.997119
11.35 -4.89094 0.997133
11.36 -4.89034 0.99701
11.37 -4.89025 0.996993
11.38 -4.89015 0.996973
11.39 -4.89081 0.997106
11.4 -4.89115 0.997177
11.41 -4.89049 0.997042
11.42 -4.89036 0.997016
11.43 -4.89031 0.997006
11.44 -4.8905 0.997045
11.45 -4.89065 0.997074
11.46 -4.89033 0.997009
11.47 -4.89184 0.997318
11.48 -4.89145 0.997238
11.49 -4.8914 0.997227
11.5 -4.89295 0.997544
11.51 -4.89039 0.997022
11.52 -4.89178 0.997305
11.53 -4.8911 0.997166
11.54 -4.89112 0.997171
11.55 -4.89225 0.9974
11.56 -4.89052 0.997047
11.57 -4.8914 0.997227
11.58 -4.89098 0.997142
11.59 -4.89107 0.997159
11.6 -4.8729 0.993455
11.61 -4.83657 0.986049
11.62 -4.7935 0.977269
11.63 -4.74608 0.967601
11.64 -4.69558 0.957304
11.65 -4.64157 0.946294
11.66 -4.58603 0.934969
11.67 -4.5283 0.923201
11.68 -4.47012 0.91134
11.69 -4.41094 0.899274
11.7 -4.35238 0.887336
11.71 -4.29496 0.875628
11.72 -4.23964 0.864351
11.73 -4.18713 0.853644
11.74 -4.13821 0.843672
11.75 -4.09358 0.834573
11.76 -4.0543 0.826564
11.77 -4.02046 0.819666
11.78 -3.99268 0.814001
11.79 -3.97117 0.809616
11.8 -3.95531 0.806384
11.81 -3.94582 0.804449
11.82 -3.94255 0.803781
11.83 -3.96339 0.80803
11.84 -4.04481 0.824629
11.85 -4.22054 0.860457
11.86 -4.37001 0.890929
11.87 -4.48871 0.91513
11.88 -4.56842 0.931381
11.89 -4.62812 0.943551
11.9 -4.67764 0.953648
11.91 -4.72748 0.963809
11.92 -4.79676 0.977933
11.93 -4.86609 0.992068
11.94 -4.90724 1.00046
11.95 -4.90503 1.00001
11.96 -4.90657 1.00032
11.97 -4.90695 1.0004
11.98 -4.90673 1.00035
11.99 -4.9056 1.00012
12 -4.90542 1.00009
12.01 -4.9053 1.00006
12.02 -4.90416 0.99983
12.03 -4.90219 0.999426
12.04 -4.90186 0.99936
12.05 -4.90506 1.00001
12.06 -4.90365 0.999725
12.07 -4.9036 0.999714
12.08 -4.90222 0.999433
12.09 -4.90319 0.999632
12.1 -4.90437 0.999872
12.11 -4.90353 0.9997
12.12 -4.90301 0.999595
12.13 -4.90276 0.999543
12.14 -4.9037 0.999735
12.15 -4.90384 0.999764
12.16 -4.90339 0.999672
12.17 -4.90288 0.999567
12.18 -4.90328 0.999649
12.19 -4.90368 0.99973
12.2 -4.90361 0.999717
12.21 -4.90319 0.999631
12.22 -4.9031 0.999612
12.23 -4.90344 0.999682
12.24 -4.90407 0.99981
12.25 -4.90524 1.00005
12.26 -4.90503 1.00001
12.27 -4.90306 0.999605
12.28 -4.90227 0.999443
12.29 -4.90393 0.999782
12.3 -4.9046 0.999918
12.31 -4.90348 0.999689
12.32 -4.90302 0.999596
12.33 -4.9029 0.999571
12.34 -4.90436 0.99987
12.35 -4.90411 0.999818
12.36 -4.90306 0.999605
12.37 -4.90315 0.999623
12.38 -4.9033 0.999654
12.39 -4.90416 0.999828
12.4 -4.90364 0.999724
12.41 -4.9033 0.999654
12.42 -4.9031 0.999612
12.43 -4.90382 0.99976
12.44 -4.90367 0.999729
12.45 -4.90361 0.999718
12.46 -4.90336 0.999666
12.47 -4.90349 0.999693
12.48 -4.90385 0.999766
12.49 -4.90357 0.999708
12.5 -4.90348 0.999689
12.51 -4.90334 0.999661
12.52 -4.90362 0.999719
12.53 -4.9036 0.999714
12.54 -4.90348 0.99969
12.55 -4.90333 0.99966
12.56 -4.89921 0.998819
12.57 -4.88543 0.996011
12.58 -4.86439 0.99172
12.59 -4.84251 0.98726
12.6 -4.82001 0.982672
12.61 -4.79691 0.977963
12.62 -4.77334 0.973158
12.63 -4.74921 0.96824
12.64 -4.72498 0.963298
12.65 -4.70075 0.958358
12.66 -4.67677 0.95347
12.67 -4.65305 0.948634
12.68 -4.62987 0.943908
12.69 -4.60745 0.939338
12.7 -4.58603 0.934971
12.71 -4.56568 0.930821
12.72 -4.54652 0.926916
12.73 -4.52874 0.92329
12.74 -4.51249 0.919977
12.75 -4.49784 0.91699
12.76 -4.48481 0.914334
12.77 -4.47345 0.912019
12.78 -4.46383 0.910057
12.79 -4.45596 0.908453
12.8 -4.4498 0.907196
12.81 -4.4453 0.90628
12.82 -4.44249 0.905706
12.83 -4.44122 0.905447
12.84 -4.44212 0.905631
12.85 -4.45153 0.907549
12.86 -4.47363 0.912055
12.87 -4.50812 0.919087
12.88 -4.54287 0.926172
12.89 -4.57188 0.932086
12.9 -4.59827 0.937465
12.91 -4.62045 0.941987
12.92 -4.64933 0.947875
12.93 -4.68111 0.954356
12.94 -4.71441 0.961145
12.95 -4.7641 0.971275
12.96 -4.81368 0.981383
12.97 -4.86399 0.991639
12.98 -4.90678 1.00036
12.99 -4.90619 1.00024
13 -4.90534 1.00007
13.01 -4.90697 1.0004
13.02 -4.9058 1.00016
13.03 -4.90675 1.00036
13.04 -4.90558 1.00012
13.05 -4.90208 0.999405
13.06 -4.90422 0.999841
13.07 -4.90468 0.999935
13.08 -4.90521 1.00004
13.09 -4.90499 0.999997
13.1 -4.9024 0.999469
13.11 -4.9047 0.999939
13.12 -4.90493 0.999986
13.13 -4.90484 0.999967
13.14 -4.9039 0.999775
13.15 -4.90372 0.999738
13.16 -4.90449 0.999897
13.17 -4.90503 1.00001
13.18 -4.9043 0.999858
13.19 -4.90385 0.999766
13.2 -4.90422 0.999842
13.21 -4.90456 0.999911
13.22 -4.90472 0.999944
13.23 -4.90412 0.99982
13.24 -4.90404 0.999804
13.25 -4.90449 0.999895
13.26 -4.9051 1.00002
13.27 -4.90564 1.00013
13.28 -4.90499 0.999997
13.29 -4.90426 0.999849
13.3 -4.9052 1.00004
13.31 -4.904 0.999796
13.32 -4.90463 0.999924
13.33 -4.90494 0.999987
13.34 -4.90368 0.999731
13.35 -4.90491 0.999982
13.36 -4.90421 0.999839
13.37 -4.90437 0.999871
13.38 -4.90481 0.999961
13.39 -4.90398 0.999792
13.4 -4.90459 0.999917
13.41 -4.90443 0.999884
13.42 -4.90432 0.99986
13.43 -4.90451 0.999901
13.44 -4.90422 0.999841
13.45 -4.90441 0.999879
13.46 -4.90443 0.999883
13.47 -4.90431 0.999858
13.48 -4.90434 0.999866
13.49 -4.9043 0.999858
13.5 -4.90232 0.999453
13.51 -4.89211 0.997371
13.52 -4.88017 0.994937
13.53 -4.86921 0.992704
13.54 -4.85785 0.990388
13.55 -4.84686 0.988146
13.56 -4.83541 0.985812
13.57 -4.82408 0.983503
13.58 -4.81249 0.981139
13.59 -4.80103 0.978803
13.6 -4.78943 0.976438
13.61 -4.77794 0.974096
13.62 -4.76655 0.971773
13.63 -4.75535 0.96949
13.64 -4.74443 0.967263
13.65 -4.73378 0.965093
13.66 -4.72352 0.963002
13.67 -4.7137 0.960999
13.68 -4.70438 0.9591
13.69 -4.6956 0.957308
13.7 -4.68739 0.955635
13.71 -4.67979 0.954086
13.72 -4.67287 0.952674
13.73 -4.66661 0.951398
13.74 -4.66104 0.950263
13.75 -4.65617 0.94927
13.76 -4.65201 0.948423
13.77 -4.64858 0.947723
13.78 -4.64585 0.947167
13.79 -4.6458 0.947157
13.8 -4.64289 0.946562
13.81 -4.64182 0.946344
13.82 -4.64192 0.946365
13.83 -4.64369 0.946726
13.84 -4.6545 0.948931
13.85 -4.66248 0.950557
13.86 -4.67864 0.95385
13.87 -4.69915 0.958032
13.88 -4.71342 0.960941
13.89 -4.72739 0.963789
13.9 -4.74404 0.967185
13.91 -4.76246 0.970939
13.92 -4.78039 0.974595
13.93 -4.79745 0.978074
13.94 -4.81247 0.981135
13.95 -4.83527 0.985784
13.96 -4.85745 0.990305
13.97 -4.8768 0.994251
13.98 -4.89366 0.997688
13.99 -4.90459 0.999917
14 -4.90633 1.00027
14.01 -4.90627 1.00026
14.02 -4.90391 0.999778
14.03 -4.90379 0.999752
14.04 -4.90435 0.999868
14.05 -4.90569 1.00014
14.06 -4.90564 1.00013
14.07 -4.90343 0.99968
14.08 -4.90437 0.999872
14.09 -4.90494 0.999987
14.1 -4.90544 1.00009
14.11 -4.90468 0.999935
14.12 -4.90405 0.999805
14.13 -4.9045 0.999897
14.14 -4.90524 1.00005
14.15 -4.90497 0.999993
14.16 -4.90443 0.999884
14.17 -4.90438 0.999873
14.18 -4.90474 0.999947
14.19 -4.90511 1.00002
14.2 -4.9047 0.99994
14.21 -4.90443 0.999885
14.22 -4.90461 0.99992
14.23 -4.90507 1.00001
14.24 -4.90649 1.0003
14.25 -4.90626 1.00026
14.26 -4.9032 0.999632
14.27 -4.90352 0.999699
14.28 -4.90565 1.00013
14.29 -4.90569 1.00014
14.3 -4.90466 0.999931
14.31 -4.90365 0.999724
14.32 -4.90475 0.99995
14.33 -4.90545 1.00009
14.34 -4.90533 1.00007
14.35 -4.90419 0.999835
14.36 -4.90398 0.999792
14.37 -4.90528 1.00006
14.38 -4.90498 0.999996
14.39 -4.90481 0.999962
14.4 -4.90414 0.999826
14.41 -4.90201 0.999389
14.42 -4.89484 0.997929
14.43 -4.88666 0.996262
14.44 -4.87925 0.99475
14.45 -4.87221 0.993315
14.46 -4.86615 0.99208
14.47 -4.85966 0.990757
14.48 -4.85317 0.989434
14.49 -4.84649 0.988072
14.5 -4.8404 0.98683
14.51 -4.83435 0.985597
14.52 -4.82817 0.984337
14.53 -4.82193 0.983065
14.54 -4.81595 0.981844
14.55 -4.81035 0.980703
14.56 -4.80486 0.979583
14.57 -4.79942 0.978474
14.58 -4.79419 0.97741
14.59 -4.78941 0.976434
14.6 -4.78497 0.975529
14.61 -4.78076 0.97467
14.62 -4.77678 0.973858
14.63 -4.77321 0.973131
14.64 -4.77009 0.972495
14.65 -4.76733 0.971932
14.66 -4.76485 0.971426
14.67 -4.76272 0.970993
14.68 -4.76103 0.970649
14.69 -4.75975 0.970388
14.7 -4.75969 0.970376
14.71 -4.75839 0.970111
14.72 -4.75826 0.970084
14.73 -4.75801 0.970032
14.74 -4.75836 0.970104
14.75 -4.76092 0.970625
14.76 -4.76479 0.971415
14.77 -4.76798 0.972066
14.78 -4.76981 0.972438
14.79 -4.77285 0.973058
14.8 -4.78101 0.974721
14.81 -4.78756 0.976057
14.82 -4.79299 0.977165
14.83 -4.802 0.979
14.84 -4.81163 0.980964
14.85 -4.82149 0.982975
14.86 -4.83013 0.984737
14.87 -4.83701 0.986139
14.88 -4.84503 0.987775
14.89 -4.85231 0.989258
14.9 -4.85675 0.990163
14.91 -4.85997 0.990819
14.92 -4.86101 0.991031
14.93 -4.86149 0.991129
14.94 -4.86117 0.991065
14.95 -4.86102 0.991034
14.96 -4.86127 0.991085
14.97 -4.86122 0.991075
14.98 -4.8615 0.991131
14.99 -4.86112 0.991054
15 -4.86115 0.991061
15.01 -4.8613 0.991091
15.02 -4.8614 0.99111
15.03 -4.86143 0.991117
15.04 -4.86137 0.991105
15.05 -4.86146 0.991124
15.06 -4.86155 0.991142
15.07 -4.86158 0.991148
15.08 -4.86148 0.991127
15.09 -4.86146 0.991124
15.1 -4.86149 0.99113
15.11 -4.86156 0.991143
15.12 -4.86153 0.991138
15.13 -4.86148 0.991127
15.14 -4.8615 0.991132
15.15 -4.86162 0.991157
15.16 -4.86218 0.99127
15.17 -4.86267 0.991371
15.18 -4.86147 0.991126
15.19 -4.8605 0.990927
15.2 -4.86146 0.991123
15.21 -4.86211 0.991256
15.22 -4.86226 0.991286
15.23 -4.86094 0.991018
15.24 -4.86089 0.991008
15.25 -4.86188 0.991208
15.26 -4.86186 0.991205
15.27 -4.86091 0.991011
15.28 -4.85646 0.990104
15.29 -4.8531 0.989418
15.3 -4.85127 0.989046
15.31 -4.84948 0.988681
15.32 -4.84799 0.988378
15.33 -4.84696 0.988168
15.34 -4.84665 0.988104
15.35 -4.84613 0.987999
15.36 -4.8454 0.987848
15.37 -4.84445 0.987655
15.38 -4.84386 0.987536
15.39 -4.84327 0.987416
15.4 -4.8424 0.987237
15.41 -4.84128 0.987009
15.42 -4.84016 0.986782
15.43 -4.83922 0.986589
15.44 -4.83818 0.986377
15.45 -4.83694 0.986124
15.46 -4.83564 0.98586
15.47 -4.83449 0.985624
15.48 -4.83343 0.985408
15.49 -4.83233 0.985184
15.5 -4.83118 0.984951
15.51 -4.83016 0.984741
15.52 -4.8293 0.984568
15.53 -4.82856 0.984415
15.54 -4.82846 0.984395
15.55 -4.82796 0.984294
15.56 -4.8269 0.984077
15.57 -4.8267 0.984037
15.58 -4.82663 0.984021
15.59 -4.82641 0.983977
15.6 -4.82667 0.98403
15.61 -4.82747 0.984194
15.62 -4.82915 0.984535
15.63 -4.83062 0.984836
15.64 -4.8314 0.984995
15.65 -4.83337 0.985397
15.66 -4.83541 0.985811
15.67 -4.83748 0.986235
15.68 -4.83981 0.986709
15.69 -4.84249 0.987256
15.7 -4.84705 0.988185
15.71 -4.85107 0.989005
15.72 -4.85427 0.989658
15.73 -4.85687 0.990187
15.74 -4.85865 0.99055
15.75 -4.86099 0.991027
15.76 -4.86187 0.991208
15.77 -4.86162 0.991155
15.78 -4.86106 0.991042
15.79 -4.86108 0.991045
15.8 -4.86169 0.99117
15.81 -4.86191 0.991215
15.82 -4.86147 0.991126
15.83 -4.86108 0.991047
15.84 -4.86141 0.991112
15.85 -4.86173 0.991178
15.86 -4.86169 0.991169
15.87 -4.86132 0.991096
15.88 -4.86126 0.991083
15.89 -4.86154 0.99114
15.9 -4.86168 0.991169
15.91 -4.86151 0.991134
15.92 -4.86133 0.991096
15.93 -4.8614 0.991112
15.94 -4.86159 0.991149
15.95 -4.86159 0.99115
15.96 -4.86143 0.991118
15.97 -4.86138 0.991107
15.98 -4.86149 0.991128
15.99 -4.86159 0.991149
16 -4.86156 0.991143
16.01 -4.86161 0.991153
16.02 -4.86202 0.991238
16.03 -4.8621 0.991254
16.04 -4.86097 0.991023
16.05 -4.86094 0.991018
16.06 -4.86178 0.991189
16.07 -4.8598 0.990785
16.08 -4.8568 0.990173
16.09 -4.85467 0.989739
16.1 -4.85416 0.989635
16.11 -4.85461 0.989726
16.12 -4.8544 0.989685
16.13 -4.85424 0.989651
16.14 -4.85417 0.989637
16.15 -4.85446 0.989696
16.16 -4.85467 0.989739
16.17 -4.85447 0.989697
16.18 -4.85429 0.989661
16.19 -4.85435 0.989674
16.2 -4.85454 0.989712
16.21 -4.85454 0.989713
16.22 -4.8544 0.989684
16.23 -4.85432 0.989667
16.24 -4.85444 0.989692
16.25 -4.85451 0.989707
16.26 -4.85446 0.989696
16.27 -4.85437 0.989678
16.28 -4.85439 0.989681
16.29 -4.85448 0.9897
16.3 -4.85449 0.989703
16.31 -4.85443 0.98969
16.32 -4.85434 0.989672
16.33 -4.85454 0.989713
16.34 -4.85453 0.989711
16.35 -4.85441 0.989687
16.36 -4.8543 0.989663
16.37 -4.85446 0.989697
16.38 -4.85446 0.989696
16.39 -4.85407 0.989616
16.4 -4.85445 0.989695
16.41 -4.85513 0.989833
16.42 -4.85567 0.989943
16.43 -4.85601 0.990012
16.44 -4.85694 0.990202
16.45 -4.85802 0.990422
16.46 -4.85924 0.990671
16.47 -4.8598 0.990784
16.48 -4.86034 0.990896
16.49 -4.86131 0.991092
16.5 -4.86181 0.991194
16.51 -4.86217 0.991269
16.52 -4.86241 0.991318
16.53 -4.86278 0.991393
16.54 -4.86325 0.991488
16.55 -4.86276 0.991388
16.56 -4.86227 0.991289
16.57 -4.86318 0.991473
16.58 -4.8633 0.991498
16.59 -4.86269 0.991374
16.6 -4.86259 0.991353
16.61 -4.86273 0.991383
16.62 -4.86311 0.991459
16.63 -4.86306 0.991449
16.64 -4.86265 0.991366
16.65 -4.86266 0.991368
16.66 -4.86294 0.991424
16.67 -4.86302 0.991442
16.68 -4.86288 0.991413
16.69 -4.86269 0.991375
16.7 -4.86278 0.991392
16.71 -4.86297 0.991432
16.72 -4.86294 0.991425
16.73 -4.8628 0.991397
16.74 -4.86276 0.991388
16.75 -4.86286 0.991408
16.76 -4.86295 0.991426
16.77 -4.86287 0.991412
16.78 -4.86279 0.991395
16.79 -4.86283 0.991403
16.8 -4.86289 0.991415
16.81 -4.86309 0.991456
16.82 -4.86304 0.991446
16.83 -4.86212 0.991258
16.84 -4.86207 0.991249
16.85 -4.86269 0.991373
16.86 -4.86286 0.991408
16.87 -4.86276 0.991389
16.88 -4.86234 0.991302
16.89 -4.86254 0.991343
16.9 -4.8629 0.991417
16.91 -4.86284 0.991405
16.92 -4.86258 0.991352
16.93 -4.86247 0.99133
16.94 -4.8627 0.991376
16.95 -4.86284 0.991404
16.96 -4.86272 0.991381
16.97 -4.86253 0.991342
16.98 -4.8626 0.991355
16.99 -4.86274 0.991385
17 -4.86276 0.991388
17.01 -4.86264 0.991364
17.02 -4.86258 0.991351
17.03 -4.86268 0.991372
17.04 -4.86275 0.991386
17.05 -4.86264 0.991365
17.06 -4.86271 0.991378
17.07 -4.8627 0.991376
17.08 -4.86269 0.991373
17.09 -4.86267 0.991369
17.1 -4.86263 0.991362
17.11 -4.86272 0.99138
17.12 -4.8627 0.991376
17.13 -4.86267 0.99137
17.14 -4.86249 0.991333
17.15 -4.86273 0.991382
17.16 -4.8635 0.99154
17.17 -4.86397 0.991635
17.18 -4.8641 0.991661
17.19 -4.86439 0.99172
17.2 -4.86512 0.991871
17.21 -4.86563 0.991974
17.22 -4.86591 0.992031
17.23 -4.86608 0.992065
17.24 -4.86643 0.992137
17.25 -4.8668 0.992212
17.26 -4.867 0.992253
17.27 -4.86702 0.992257
17.28 -4.86715 0.992283
17.29 -4.86694 0.99224
17.3 -4.86679 0.99221
17.31 -4.86723 0.992299
17.32 -4.86715 0.992282
17.33 -4.86689 0.99223
17.34 -4.86689 0.99223
17.35 -4.867 0.992252
17.36 -4.86714 0.992282
17.37 -4.86705 0.992262
17.38 -4.8669 0.992232
17.39 -4.86694 0.992241
17.4 -4.86707 0.992266
17.41 -4.86707 0.992268
17.42 -4.86698 0.99225
17.43 -4.86693 0.992239
17.44 -4.86699 0.992251
17.45 -4.86707 0.992266
17.46 -4.86703 0.992258
17.47 -4.86697 0.992246
17.48 -4.86697 0.992246
17.49 -4.86702 0.992257
17.5 -4.86704 0.992262
17.51 -4.867 0.992253
17.52 -4.86697 0.992247
17.53 -4.867 0.992254
17.54 -4.86701 0.992255
17.55 -4.86697 0.992247
17.56 -4.86716 0.992285
17.57 -4.86691 0.992233
17.58 -4.86642 0.992135
17.59 -4.8666 0.992172
17.6 -4.86692 0.992237
17.61 -4.86702 0.992257
17.62 -4.86674 0.9922
17.63 -4.86659 0.99217
17.64 -4.86681 0.992214
17.65 -4.86696 0.992245
17.66 -4.86689 0.992231
17.67 -4.86668 0.992188
17.68 -4.86671 0.992195
17.69 -4.86687 0.992227
17.7 -4.86691 0.992235
17.71 -4.8668 0.992212
17.72 -4.86671 0.992193
17.73 -4.86679 0.992211
17.74 -4.86688 0.992228
17.75 -4.86681 0.992213
17.76 -4.86683 0.992219
17.77 -4.86679 0.99221
17.78 -4.86683 0.992218
17.79 -4.86686 0.992224
17.8 -4.86675 0.992202
17.81 -4.86679 0.992209
17.82 -4.86688 0.992229
17.83 -4.86691 0.992235
17.84 -4.86681 0.992214
17.85 -4.86686 0.992224
17.86 -4.86704 0.992262
17.87 -4.86753 0.992361
17.88 -4.86787 0.992431
17.89 -4.86784 0.992423
17.9 -4.86809 0.992475
17.91 -4.86853 0.992565
17.92 -4.86877 0.992613
17.93 -4.86891 0.992643
17.94 -4.86896 0.992652
17.95 -4.86914 0.99269
17.96 -4.86936 0.992734
17.97 -4.86955 0.992772
17.98 -4.86916 0.992693
17.99 -4.86915 0.992691
18 -4.86955 0.992773
18.01 -4.86957 0.992776
18.02 -4.86938 0.992738
18.03 -4.86913 0.992687
18.04 -4.86934 0.992731
18.05 -4.86954 0.992771
18.06 -4.86945 0.992753
18.07 -4.86929 0.99272
18.08 -4.86925 0.992711
18.09 -4.86942 0.992746
18.1 -4.86949 0.992761
18.11 -4.86938 0.992737
18.12 -4.86928 0.992718
18.13 -4.86934 0.992729
18.14 -4.86944 0.992749
18.15 -4.86943 0.992749
18.16 -4.86934 0.99273
18.17 -4.86932 0.992725
18.18 -4.86938 0.992739
18.19 -4.86942 0.992747
18.2 -4.86939 0.99274
18.21 -4.86934 0.992729
18.22 -4.86935 0.992733
18.23 -4.86941 0.992744
18.24 -4.8694 0.992742
18.25 -4.8694 0.992743
18.26 -4.86953 0.992768
18.27 -4.86925 0.992711
18.28 -4.8689 0.99264
18.29 -4.8691 0.992681
18.3 -4.86925 0.992712
18.31 -4.86931 0.992725
18.32 -4.86915 0.992691
18.33 -4.86906 0.992673
18.34 -4.86924 0.99271
18.35 -4.86931 0.992724
18.36 -4.86926 0.992713
18.37 -4.86913 0.992686
18.38 -4.86916 0.992693
18.39 -4.86927 0.992715
18.4 -4.86928 0.992718
18.41 -4.86914 0.99269
18.42 -4.86919 0.9927
18.43 -4.86931 0.992724
18.44 -4.86923 0.992707
18.45 -4.86918 0.992697
18.46 -4.8692 0.9927
18.47 -4.86928 0.992717
18.48 -4.86933 0.992729
18.49 -4.8693 0.992723
18.5 -4.86933 0.992727
18.51 -4.86939 0.992739
18.52 -4.86942 0.992747
18.53 -4.86941 0.992743
18.54 -4.86944 0.99275
18.55 -4.86971 0.992805
18.56 -4.87008 0.992881
18.57 -4.87017 0.992899
18.58 -4.87023 0.99291
18.59 -4.87053 0.992972
18.6 -4.87081 0.993029
18.61 -4.87106 0.993081
18.62 -4.87113 0.993095
18.63 -4.87129 0.993128
18.64 -4.8711 0.993089
18.65 -4.87127 0.993123
18.66 -4.87155 0.99318
18.67 -4.87163 0.993197
18.68 -4.87146 0.993163
18.69 -4.87123 0.993114
18.7 -4.87142 0.993154
18.71 -4.87155 0.993181
18.72 -4.87155 0.993179
18.73 -4.87136 0.993142
18.74 -4.87134 0.993137
18.75 -4.87147 0.993164
18.76 -4.87154 0.993178
18.77 -4.87146 0.993162
18.78 -4.87136 0.993142
18.79 -4.87141 0.993152
18.8 -4.87149 0.993168
18.81 -4.8715 0.99317
18.82 -4.87142 0.993153
18.83 -4.87139 0.993148
18.84 -4.87145 0.993159
18.85 -4.87149 0.993167
18.86 -4.87146 0.993162
18.87 -4.87141 0.993152
18.88 -4.87141 0.993152
18.89 -4.87144 0.993159
18.9 -4.87145 0.993159
18.91 -4.8714 0.993151
18.92 -4.87137 0.993144
18.93 -4.87149 0.993169
18.94 -4.8716 0.993191
18.95 -4.87129 0.993128
18.96 -4.8711 0.993089
18.97 -4.87132 0.993133
18.98 -4.8715 0.99317
18.99 -4.87142 0.993154
19 -4.87123 0.993114
19.01 -4.87123 0.993115
19.02 -4.87139 0.993148
19.03 -4.87146 0.993161
19.04 -4.87132 0.993134
19.05 -4.87124 0.993118
19.06 -4.87131 0.993132
19.07 -4.87135 0.99314
19.08 -4.87143 0.993155
19.09 -4.87139 0.993148
19.1 -4.87124 0.993117
19.11 -4.87129 0.993128
19.12 -4.8714 0.99315
19.13 -4.87142 0.993153
19.14 -4.87129 0.993128
19.15 -4.87124 0.993117
19.16 -4.87139 0.993148
19.17 -4.87143 0.993155
19.18 -4.87137 0.993144
19.19 -4.87132 0.993133
19.2 -4.87128 0.993125
19.21 -4.87147 0.993163
19.22 -4.87164 0.993198
19.23 -4.87174 0.993219
19.24 -4.87166 0.993203
19.25 -4.87159 0.993188
19.26 -4.87186 0.993244
19.27 -4.87203 0.993277
19.28 -4.87205 0.993282
19.29 -4.87214 0.993301
19.3 -4.87194 0.993261
19.31 -4.87195 0.993262
19.32 -4.87231 0.993336
19.33 -4.87235 0.993343
19.34 -4.87212 0.993296
19.35 -4.87199 0.993271
19.36 -4.87208 0.993289
19.37 -4.87228 0.993329
19.38 -4.87225 0.993322
19.39 -4.87206 0.993285
19.4 -4.87205 0.993283
19.41 -4.87217 0.993308
19.42 -4.87224 0.993321
19.43 -4.87216 0.993306
19.44 -4.87207 0.993287
19.45 -4.87211 0.993294
19.46 -4.8722 0.993313
19.47 -4.87219 0.993312
19.48 -4.87213 0.993298
19.49 -4.8721 0.993292
19.5 -4.87215 0.993302
19.51 -4.87219 0.993311
19.52 -4.87216 0.993305
19.53 -4.87212 0.993296
19.54 -4.87213 0.993298
19.55 -4.87217 0.993306
19.56 -4.87217 0.993308
19.57 -4.87213 0.993299
19.58 -4.87211 0.993294
19.59 -4.87211 0.993295
19.6 -4.87227 0.993327
19.61 -4.8722 0.993313
19.62 -4.87188 0.993249
19.63 -4.87191 0.993254
19.64 -4.87215 0.993304
19.65 -4.8722 0.993313
19.66 -4.87207 0.993287
19.67 -4.87194 0.993259
19.68 -4.87202 0.993277
19.69 -4.87218 0.993308
19.7 -4.87212 0.993297
19.71 -4.87201 0.993275
19.72 -4.87199 0.993271
19.73 -4.87204 0.99328
19.74 -4.87218 0.993308
19.75 -4.87216 0.993304
19.76 -4.87197 0.993267
19.77 -4.87199 0.993271
19.78 -4.87211 0.993295
19.79 -4.87217 0.993307
19.8 -4.87208 0.993288
19.81 -4.87194 0.99326
19.82 -4.87205 0.993282
19.83 -4.8722 0.993312
19.84 -4.87217 0.993308
19.85 -4.8721 0.993292
19.86 -4.87205 0.993283
19.87 -4.87222 0.993318
19.88 -4.8723 0.993334
19.89 -4.87236 0.993346
19.9 -4.87244 0.993361
19.91 -4.87238 0.993351
19.92 -4.87246 0.993365
19.93 -4.87261 0.993397
19.94 -4.87276 0.993427
19.95 -4.87257 0.993388
19.96 -4.87247 0.993368
19.97 -4.87287 0.993449
19.98 -4.87306 0.993488
19.99 -4.87287 0.993449
20 -4.87269 0.993412
