0.01 3.4949e-05 -4.75011e-07
0.02 0.000351081 -4.77175e-06
0.03 -0.000135876 1.84677e-06
0.04 -0.0267964 0.000364206
0.05 -0.110764 0.00150546
0.06 -0.314298 0.0042718
0.07 -0.758482 0.010309
0.08 -1.30056 0.0176767
0.09 -1.92842 0.0262102
0.1 -3.03541 0.041256
0.11 -4.3716 0.0594169
0.12 -5.67582 0.0771433
0.13 -6.78528 0.0922227
0.14 -7.64258 0.103875
0.15 -8.69712 0.118208
0.16 -10.0607 0.136741
0.17 -11.988 0.162936
0.18 -13.8304 0.187977
0.19 -15.0457 0.204495
0.2 -15.804 0.214802
0.21 -16.3592 0.222348
0.22 -17.1874 0.233604
0.23 -17.9129 0.243465
0.24 -18.3155 0.248936
0.25 -18.5985 0.252783
0.26 -19.0026 0.258276
0.27 -19.5806 0.266131
0.28 -20.1144 0.273386
0.29 -20.4247 0.277604
0.3 -20.6548 0.280732
0.31 -20.9572 0.284842
0.32 -21.2311 0.288565
0.33 -21.4071 0.290956
0.34 -21.4994 0.292211
0.35 -21.6243 0.293908
0.36 -21.7897 0.296156
0.37 -21.9135 0.297839
0.38 -21.969 0.298593
0.39 -22.0099 0.299149
0.4 -22.0852 0.300172
0.41 -22.1613 0.301207
0.42 -22.1882 0.301572
0.43 -22.1681 0.3013
0.44 -22.1611 0.301205
0.45 -22.1851 0.30153
0.46 -22.2023 0.301764
0.47 -22.1966 0.301687
0.48 -22.2143 0.301927
0.49 -22.2699 0.302683
0.5 -22.3466 0.303726
0.51 -22.4421 0.305023
0.52 -22.592 0.30706
0.53 -22.8046 0.30995
0.54 -23.068 0.31353
0.55 -23.3596 0.317494
0.56 -23.668 0.321686
0.57 -24.0276 0.326573
0.58 -24.4585 0.332429
0.59 -24.9673 0.339344
0.6 -25.4897 0.346445
0.61 -25.9888 0.353229
0.62 -26.4924 0.360073
0.63 -27.0324 0.367413
0.64 -27.5952 0.375063
0.65 -28.125 0.382263
0.66 -28.6102 0.388858
0.67 -29.0689 0.395091
0.68 -29.5379 0.401466
0.69 -30.0021 0.407775
0.7 -30.43 0.413591
0.71 -30.8279 0.419
0.72 -31.2048 0.424122
0.73 -31.5675 0.429052
0.74 -31.8939 0.433488
0.75 -32.1706 0.437249
0.76 -32.4037 0.440418
0.77 -32.5994 0.443078
0.78 -32.7526 0.44516
0.79 -32.8492 0.446473
0.8 -32.8859 0.446971
0.81 -32.8959 0.447108
0.82 -32.9068 0.447256
0.83 -32.9112 0.447315
0.84 -32.884 0.446946
0.85 -32.82 0.446076
0.86 -32.7299 0.444851
0.87 -32.6156 0.443297
0.88 -32.4731 0.441361
0.89 -32.2979 0.43898
0.9 -32.0961 0.436236
0.91 -31.8743 0.433223
0.92 -31.6339 0.429955
0.93 -31.3739 0.426421
0.94 -31.0983 0.422675
0.95 -30.8141 0.418812
0.96 -30.5272 0.414913
0.97 -30.2408 0.41102
0.98 -29.9576 0.407171
0.99 -29.685 0.403466
1 -29.4302 0.400002
1.01 -29.1977 0.396842
1.02 -28.9934 0.394065
1.03 -28.8127 0.39161
1.04 -28.6941 0.389998
1.05 -28.6711 0.389685
1.06 -28.7419 0.390648
1.07 -29.3009 0.398246
1.08 -30.324 0.412151
1.09 -32.0237 0.435252
1.1 -33.7112 0.458188
1.11 -33.8083 0.459508
1.12 -34.0226 0.462421
1.13 -34.2026 0.464867
1.14 -34.3019 0.466217
1.15 -34.57 0.469861
1.16 -34.7744 0.472639
1.17 -35.2188 0.478679
1.18 -35.6476 0.484507
1.19 -36.1217 0.490951
1.2 -36.7024 0.498843
1.21 -37.4008 0.508336
1.22 -38.0435 0.517072
1.23 -38.735 0.52647
1.24 -39.4086 0.535624
1.25 -40.1303 0.545433
1.26 -40.8673 0.555451
1.27 -41.5402 0.564597
1.28 -42.2222 0.573867
1.29 -42.8842 0.582864
1.3 -43.5414 0.591796
1.31 -44.1423 0.599964
1.32 -44.6881 0.607381
1.33 -45.1882 0.614178
1.34 -45.6466 0.62041
1.35 -46.0426 0.625792
1.36 -46.363 0.630146
1.37 -46.6205 0.633646
1.38 -46.82 0.636358
1.39 -46.9702 0.638399
1.4 -47.0891 0.640015
1.41 -47.1978 0.641492
1.42 -47.3083 0.642995
1.43 -47.4161 0.644459
1.44 -47.5073 0.645699
1.45 -47.5813 0.646705
1.46 -47.6494 0.647631
1.47 -47.7164 0.64854
1.48 -47.775 0.649338
1.49 -47.8202 0.649951
1.5 -47.8558 0.650436
1.51 -47.8897 0.650896
1.52 -47.9204 0.651313
1.53 -47.943 0.651621
1.54 -47.9562 0.6518
1.55 -47.9622 0.651881
1.56 -47.9652 0.651922
1.57 -47.9671 0.651949
1.58 -47.9668 0.651945
1.59 -47.9769 0.652082
1.6 -47.9974 0.65236
1.61 -48.0384 0.652917
1.62 -48.1225 0.654061
1.63 -48.2413 0.655675
1.64 -48.4119 0.657994
1.65 -48.6209 0.660834
1.66 -48.8671 0.66418
1.67 -49.1749 0.668364
1.68 -49.5322 0.673221
1.69 -49.9534 0.678945
1.7 -50.4175 0.685253
1.71 -50.9026 0.691846
1.72 -51.3745 0.69826
1.73 -51.8313 0.704468
1.74 -52.2998 0.710837
1.75 -52.7625 0.717126
1.76 -53.212 0.723235
1.77 -53.6374 0.729017
1.78 -54.0329 0.734393
1.79 -54.3826 0.739146
1.8 -54.6703 0.743055
1.81 -54.8984 0.746156
1.82 -55.0345 0.748005
1.83 -55.0914 0.748779
1.84 -55.0578 0.748322
1.85 -54.9636 0.747041
1.86 -54.8248 0.745155
1.87 -54.6173 0.742336
1.88 -54.3526 0.738738
1.89 -54.0219 0.734242
1.9 -53.6264 0.728868
1.91 -53.1681 0.722638
1.92 -52.6435 0.715508
1.93 -52.0779 0.70782
1.94 -51.4938 0.699882
1.95 -50.8936 0.691724
1.96 -50.2787 0.683366
1.97 -49.6513 0.674839
1.98 -49.0181 0.666234
1.99 -48.3862 0.657644
2 -47.7575 0.6491
2.01 -47.1382 0.640682
2.02 -46.5363 0.632502
2.03 -45.9573 0.624632
2.04 -45.4063 0.617142
2.05 -44.8877 0.610094
2.06 -44.409 0.603589
2.07 -43.9797 0.597753
2.08 -43.5943 0.592514
2.09 -43.2651 0.58804
2.1 -43.0739 0.585442
2.11 -42.9148 0.583279
2.12 -42.9815 0.584186
2.13 -43.5209 0.591517
2.14 -44.3952 0.603401
2.15 -45.7995 0.622488
2.16 -47.6898 0.648179
2.17 -50.2565 0.683065
2.18 -53.1154 0.721921
2.19 -55.3981 0.752948
2.2 -55.7052 0.757122
2.21 -56.0741 0.762135
2.22 -56.3533 0.76593
2.23 -56.2731 0.76484
2.24 -56.5493 0.768594
2.25 -56.7779 0.771702
2.26 -57.1468 0.776714
2.27 -57.5547 0.782259
2.28 -58.0734 0.789309
2.29 -58.3972 0.79371
2.3 -58.6393 0.797001
2.31 -59.0163 0.802124
2.32 -59.553 0.809419
2.33 -59.9982 0.815469
2.34 -60.2846 0.819363
2.35 -60.5863 0.823463
2.36 -60.9593 0.828533
2.37 -61.3454 0.83378
2.38 -61.5871 0.837066
2.39 -61.7283 0.838985
2.4 -61.8874 0.841147
2.41 -62.0602 0.843495
2.42 -62.1923 0.845291
2.43 -62.2566 0.846165
2.44 -62.3133 0.846936
2.45 -62.4166 0.848339
2.46 -62.5278 0.849851
2.47 -62.5998 0.85083
2.48 -62.6348 0.851306
2.49 -62.6836 0.851969
2.5 -62.7564 0.852958
2.51 -62.8172 0.853785
2.52 -62.8435 0.854142
2.53 -62.8595 0.85436
2.54 -62.8924 0.854807
2.55 -62.9314 0.855337
2.56 -62.9527 0.855627
2.57 -62.9544 0.85565
2.58 -62.9583 0.855702
2.59 -62.9719 0.855887
2.6 -62.9792 0.855987
2.61 -62.9753 0.855934
2.62 -62.9718 0.855886
2.63 -62.9846 0.85606
2.64 -63.0273 0.856641
2.65 -63.0983 0.857605
2.66 -63.1914 0.858871
2.67 -63.3082 0.860459
2.68 -63.4696 0.862652
2.69 -63.6683 0.865352
2.7 -63.8954 0.868438
2.71 -64.1447 0.871828
2.72 -64.3977 0.875266
2.73 -64.6482 0.878671
2.74 -64.9002 0.882095
2.75 -65.1473 0.885454
2.76 -65.3863 0.888703
2.77 -65.5996 0.891602
2.78 -65.7754 0.893991
2.79 -65.9122 0.895851
2.8 -66.0049 0.897111
2.81 -66.0193 0.897307
2.82 -66.0022 0.897073
2.83 -66.0014 0.897063
2.84 -66.01 0.89718
2.85 -66.0147 0.897243
2.86 -66.0044 0.897104
2.87 -65.9928 0.896946
2.88 -65.9951 0.896978
2.89 -66.0034 0.89709
2.9 -66.0012 0.89706
2.91 -65.9907 0.896917
2.92 -65.9864 0.896858
2.93 -65.9561 0.896447
2.94 -65.7861 0.894136
2.95 -65.4554 0.889642
2.96 -64.9758 0.883123
2.97 -64.3643 0.874813
2.98 -63.6426 0.865004
2.99 -62.8273 0.853922
3 -61.9518 0.842023
3.01 -61.0515 0.829785
3.02 -60.1604 0.817674
3.03 -59.2717 0.805596
3.04 -58.3733 0.793385
3.05 -57.4964 0.781467
3.06 -56.6701 0.770236
3.07 -55.9037 0.75982
3.08 -55.3114 0.751769
3.09 -54.7466 0.744093
3.1 -54.3554 0.738776
3.11 -54.2182 0.73691
3.12 -54.2251 0.737004
3.13 -54.3556 0.738779
3.14 -54.8767 0.745861
3.15 -55.913 0.759945
3.16 -57.2266 0.7778
3.17 -58.724 0.798151
3.18 -60.6324 0.82409
3.19 -62.442 0.848685
3.2 -64.2474 0.873224
3.21 -65.6475 0.892252
3.22 -66.6628 0.906053
3.23 -66.8385 0.90844
3.24 -66.7598 0.907371
3.25 -66.9197 0.909544
3.26 -67.089 0.911844
3.27 -67.0963 0.911944
3.28 -67.0527 0.911352
3.29 -67.2647 0.914234
3.3 -67.6138 0.918978
3.31 -67.8628 0.922362
3.32 -67.8271 0.921877
3.33 -67.897 0.922827
3.34 -68.2067 0.927037
3.35 -68.5821 0.932139
3.36 -68.7201 0.934014
3.37 -68.7037 0.933792
3.38 -68.8696 0.936046
3.39 -69.185 0.940332
3.4 -69.3931 0.943162
3.41 -69.3369 0.942398
3.42 -69.2764 0.941576
3.43 -69.438 0.943771
3.44 -69.6298 0.946379
3.45 -69.6565 0.946742
3.46 -69.5943 0.945895
3.47 -69.6208 0.946256
3.48 -69.7619 0.948174
3.49 -69.8557 0.949449
3.5 -69.8287 0.949082
3.51 -69.8006 0.9487
3.52 -69.8587 0.949489
3.53 -69.9467 0.950686
3.54 -69.9667 0.950957
3.55 -69.9292 0.950448
3.56 -69.9269 0.950417
3.57 -69.9787 0.951121
3.58 -70.0098 0.951543
3.59 -70.0018 0.951435
3.6 -69.9777 0.951107
3.61 -69.9768 0.951094
3.62 -70.0017 0.951433
3.63 -70.0095 0.95154
3.64 -70.007 0.951505
3.65 -70.0216 0.951704
3.66 -70.0805 0.952505
3.67 -70.171 0.953734
3.68 -70.2725 0.955114
3.69 -70.3782 0.956551
3.7 -70.498 0.958179
3.71 -70.6265 0.959925
3.72 -70.7497 0.9616
3.73 -70.8613 0.963117
3.74 -70.9588 0.964442
3.75 -71.0373 0.965509
3.76 -71.0857 0.966166
3.77 -71.098 0.966333
3.78 -71.0945 0.966286
3.79 -71.0933 0.966269
3.8 -71.0957 0.966303
3.81 -71.0992 0.96635
3.82 -71.0965 0.966313
3.83 -71.0934 0.966271
3.84 -71.0932 0.966269
3.85 -71.0958 0.966303
3.86 -71.0974 0.966326
3.87 -71.096 0.966306
3.88 -71.0939 0.966278
3.89 -71.0936 0.966273
3.9 -71.0954 0.966298
3.91 -71.0959 0.966305
3.92 -71.0992 0.96635
3.93 -71.1146 0.966559
3.94 -71.1185 0.966612
3.95 -71.1062 0.966445
3.96 -71.1095 0.966491
3.97 -71.1194 0.966624
3.98 -71.1151 0.966566
3.99 -71.1015 0.966382
4 -71.0477 0.96565
4.01 -70.856 0.963044
4.02 -70.5064 0.958293
4.03 -70.0166 0.951635
4.04 -69.3842 0.94304
4.05 -68.6237 0.932704
4.06 -67.7848 0.921302
4.07 -66.9 0.909276
4.08 -65.9774 0.896737
4.09 -65.0287 0.883842
4.1 -64.0979 0.871191
4.11 -63.1983 0.858964
4.12 -62.3341 0.847219
4.13 -61.5307 0.8363
4.14 -60.7925 0.826266
4.15 -60.0897 0.816714
4.16 -59.5762 0.809734
4.17 -59.1798 0.804347
4.18 -58.8483 0.79984
4.19 -58.7862 0.798997
4.2 -58.9882 0.801743
4.21 -59.9832 0.815266
4.22 -61.4475 0.835168
4.23 -63.0933 0.857537
4.24 -65.0704 0.884409
4.25 -66.709 0.906681
4.26 -68.0831 0.925356
4.27 -69.0528 0.938536
4.28 -70.0344 0.951878
4.29 -71.3462 0.969707
4.3 -71.5366 0.972296
4.31 -71.3828 0.970204
4.32 -71.3585 0.969875
4.33 -71.5031 0.97184
4.34 -71.6608 0.973983
4.35 -71.601 0.97317
4.36 -71.6598 0.97397
4.37 -71.7933 0.975785
4.38 -72.0374 0.979102
4.39 -72.1403 0.9805
4.4 -72.0787 0.979662
4.41 -72.1273 0.980323
4.42 -72.3503 0.983354
4.43 -72.4197 0.984298
4.44 -72.325 0.983011
4.45 -72.3385 0.983195
4.46 -72.4411 0.984589
4.47 -72.5371 0.985893
4.48 -72.5338 0.985848
4.49 -72.48 0.985117
4.5 -72.5165 0.985613
4.51 -72.5982 0.986723
4.52 -72.6277 0.987125
4.53 -72.5996 0.986743
4.54 -72.5794 0.986469
4.55 -72.6173 0.986983
4.56 -72.6605 0.987571
4.57 -72.6551 0.987497
4.58 -72.6266 0.987109
4.59 -72.626 0.987102
4.6 -72.6526 0.987463
4.61 -72.6651 0.987633
4.62 -72.6488 0.987411
4.63 -72.634 0.98721
4.64 -72.6479 0.9874
4.65 -72.6822 0.987865
4.66 -72.7147 0.988308
4.67 -72.7479 0.988759
4.68 -72.7987 0.989449
4.69 -72.8704 0.990423
4.7 -72.939 0.991356
4.71 -72.9852 0.991984
4.72 -73.0126 0.992356
4.73 -73.035 0.99266
4.74 -73.0474 0.99283
4.75 -73.0493 0.992855
4.76 -73.0435 0.992777
4.77 -73.0374 0.992693
4.78 -73.0408 0.992739
4.79 -73.0459 0.992809
4.8 -73.0451 0.992798
4.81 -73.0404 0.992734
4.82 -73.0399 0.992727
4.83 -73.0437 0.992778
4.84 -73.0453 0.992801
4.85 -73.0425 0.992762
4.86 -73.0397 0.992724
4.87 -73.0415 0.992749
4.88 -73.0448 0.992794
4.89 -73.0625 0.993034
4.9 -73.087 0.993367
4.91 -73.0919 0.993434
4.92 -73.0524 0.992898
4.93 -72.8992 0.990815
4.94 -72.6111 0.986899
4.95 -72.1524 0.980665
4.96 -71.4828 0.971564
4.97 -70.7028 0.960962
4.98 -69.8343 0.949158
4.99 -68.8836 0.936236
5 -67.8546 0.922251
5.01 -66.6816 0.906307
5.02 -65.4116 0.889047
5.03 -64.1161 0.871438
5.04 -62.8001 0.853552
5.05 -61.4355 0.835005
5.06 -60.0374 0.816003
5.07 -58.6784 0.797531
5.08 -57.3872 0.779983
5.09 -56.1582 0.763278
5.1 -55.0016 0.747558
5.11 -53.9392 0.733119
5.12 -53.0044 0.720413
5.13 -52.1928 0.709382
5.14 -51.4797 0.69969
5.15 -50.9589 0.692611
5.16 -50.6987 0.689075
5.17 -50.8004 0.690457
5.18 -52.0443 0.707364
5.19 -54.3342 0.738487
5.2 -56.0677 0.762048
5.21 -57.9321 0.787389
5.22 -60.4132 0.82111
5.23 -62.7427 0.852772
5.24 -64.7591 0.880178
5.25 -67.0797 0.911718
5.26 -69.0723 0.938801
5.27 -70.4535 0.957574
5.28 -71.7145 0.974713
5.29 -72.5682 0.986316
5.3 -73.1441 0.994144
5.31 -73.2962 0.99621
5.32 -73.292 0.996153
5.33 -73.4306 0.998038
5.34 -73.4514 0.998319
5.35 -73.5897 1.0002
5.36 -73.6657 1.00123
5.37 -73.4832 0.998752
5.38 -73.3944 0.997545
5.39 -73.5853 1.00014
5.4 -73.7128 1.00187
5.41 -73.6117 1.0005
5.42 -73.4942 0.998902
5.43 -73.4907 0.998854
5.44 -73.631 1.00076
5.45 -73.6594 1.00115
5.46 -73.5547 0.999724
5.47 -73.5066 0.99907
5.48 -73.558 0.999769
5.49 -73.6324 1.00078
5.5 -73.6084 1.00045
5.51 -73.5385 0.999504
5.52 -73.535 0.999456
5.53 -73.5909 1.00022
5.54 -73.6137 1.00053
5.55 -73.5765 1.00002
5.56 -73.5426 0.99956
5.57 -73.5616 0.999818
5.58 -73.5983 1.00032
5.59 -73.5936 1.00025
5.6 -73.5629 0.999835
5.61 -73.5548 0.999726
5.62 -73.5776 1.00003
5.63 -73.5933 1.00025
5.64 -73.5791 1.00006
5.65 -73.5613 0.999813
5.66 -73.5667 0.999887
5.67 -73.5833 1.00011
5.68 -73.5851 1.00014
5.69 -73.5713 0.99995
5.7 -73.5645 0.999858
5.71 -73.5735 0.99998
5.72 -73.5826 1.0001
5.73 -73.5806 1.00008
5.74 -73.5699 0.99993
5.75 -73.5699 0.99993
5.76 -73.5776 1.00004
5.77 -73.5796 1.00006
5.78 -73.575 1
5.79 -73.5707 0.999942
5.8 -73.5737 0.999982
5.81 -73.5778 1.00004
5.82 -73.5772 1.00003
5.83 -73.5731 0.999974
5.84 -73.573 0.999973
5.85 -73.5755 1.00001
5.86 -73.5768 1.00002
5.87 -73.5754 1.00001
5.88 -73.5733 0.999976
5.89 -73.5743 0.99999
5.9 -73.576 1.00001
5.91 -73.576 1.00001
5.92 -73.6198 1.00061
5.93 -73.6116 1.0005
5.94 -73.5646 0.999858
5.95 -73.6057 1.00042
5.96 -73.6147 1.00054
5.97 -73.6022 1.00037
5.98 -73.2703 0.995859
5.99 -72.7865 0.989283
6 -72.2149 0.981514
6.01 -71.4781 0.971499
6.02 -70.6699 0.960515
6.03 -69.7206 0.947613
6.04 -68.6377 0.932895
6.05 -67.4596 0.916882
6.06 -66.2638 0.900629
6.07 -65.0184 0.883703
6.08 -63.7117 0.865943
6.09 -62.4087 0.848233
6.1 -61.1924 0.831701
6.11 -60.0444 0.816097
6.12 -58.9409 0.8011
6.13 -57.9457 0.787573
6.14 -57.0547 0.775462
6.15 -56.323 0.765519
6.16 -55.878 0.759469
6.17 -55.5632 0.755191
6.18 -55.538 0.754849
6.19 -56.3768 0.766249
6.2 -58.3676 0.793308
6.21 -60.1411 0.817413
6.22 -61.5579 0.836669
6.23 -63.2967 0.860302
6.24 -65.5289 0.890641
6.25 -67.5941 0.918711
6.26 -68.9055 0.936535
6.27 -70.0763 0.952448
6.28 -71.2522 0.968429
6.29 -72.1467 0.980588
6.3 -73.0115 0.992341
6.31 -73.4535 0.998349
6.32 -73.368 0.997186
6.33 -73.3849 0.997416
6.34 -73.4911 0.998859
6.35 -73.5919 1.00023
6.36 -73.6258 1.00069
6.37 -73.5712 0.999948
6.38 -73.5911 1.00022
6.39 -73.7166 1.00192
6.4 -73.6627 1.00119
6.41 -73.4643 0.998495
6.42 -73.4829 0.998749
6.43 -73.6267 1.0007
6.44 -73.6689 1.00128
6.45 -73.5778 1.00004
6.46 -73.4879 0.998817
6.47 -73.5455 0.999599
6.48 -73.6377 1.00085
6.49 -73.6196 1.00061
6.5 -73.5409 0.999536
6.51 -73.5245 0.999314
6.52 -73.5842 1.00012
6.53 -73.6222 1.00064
6.54 -73.5834 1.00011
6.55 -73.538 0.999497
6.56 -73.5558 0.999739
6.57 -73.5975 1.00031
6.58 -73.6003 1.00034
6.59 -73.5649 0.999863
6.6 -73.5497 0.999656
6.61 -73.5749 0.999999
6.62 -73.5956 1.00028
6.63 -73.5827 1.0001
6.64 -73.5605 0.999803
6.65 -73.5631 0.999838
6.66 -73.5829 1.00011
6.67 -73.5878 1.00017
6.68 -73.5728 0.99997
6.69 -73.5635 0.999844
6.7 -73.5695 0.999925
6.71 -73.5857 1.00015
6.72 -73.5832 1.00011
6.73 -73.5692 0.999921
6.74 -73.5658 0.999874
6.75 -73.5765 1.00002
6.76 -73.5834 1.00011
6.77 -73.5763 1.00002
6.78 -73.5689 0.999917
6.79 -73.5703 0.999936
6.8 -73.5793 1.00006
6.81 -73.5807 1.00008
6.82 -73.5731 0.999975
6.83 -73.5696 0.999926
6.84 -73.5746 0.999995
6.85 -73.5792 1.00006
6.86 -73.5769 1.00003
6.87 -73.5721 0.99996
6.88 -73.5722 0.999962
6.89 -73.6281 1.00072
6.9 -73.6236 1.00066
6.91 -73.6137 1.00053
6.92 -73.5981 1.00031
6.93 -73.2617 0.995742
6.94 -72.7542 0.988844
6.95 -72.0733 0.979589
6.96 -71.2251 0.968062
6.97 -70.2613 0.954961
6.98 -69.0953 0.939114
6.99 -67.7608 0.920975
7 -66.285 0.900918
7.01 -64.6902 0.879242
7.02 -62.9742 0.855919
7.03 -61.1935 0.831716
7.04 -59.3977 0.807308
7.05 -57.5754 0.782541
7.06 -55.7781 0.758113
7.07 -54.0924 0.7352
7.08 -52.5221 0.713858
7.09 -51.0717 0.694145
7.1 -49.7757 0.67653
7.11 -48.6539 0.661283
7.12 -47.6948 0.648248
7.13 -46.9712 0.638412
7.14 -46.4816 0.631758
7.15 -46.3412 0.62985
7.16 -47.1132 0.640342
7.17 -48.9346 0.665099
7.18 -50.8639 0.69132
7.19 -52.5711 0.714523
7.2 -54.9873 0.747363
7.21 -57.6329 0.783322
7.22 -59.9018 0.814159
7.23 -62.5536 0.850201
7.24 -65.2493 0.886841
7.25 -67.9534 0.923593
7.26 -69.9643 0.950925
7.27 -71.2553 0.968472
7.28 -72.5104 0.985531
7.29 -73.5172 0.999215
7.3 -73.7487 1.00236
7.31 -73.6417 1.00091
7.32 -73.5637 0.999846
7.33 -73.641 1.0009
7.34 -73.711 1.00185
7.35 -73.4833 0.998754
7.36 -73.3784 0.997329
7.37 -73.5291 0.999376
7.38 -73.6554 1.00109
7.39 -73.5811 1.00008
7.4 -73.4605 0.998443
7.41 -73.4541 0.998357
7.42 -73.577 1.00003
7.43 -73.6141 1.00053
7.44 -73.5222 0.999283
7.45 -73.4709 0.998585
7.46 -73.513 0.999157
7.47 -73.5844 1.00013
7.48 -73.5684 0.99991
7.49 -73.5033 0.999025
7.5 -73.4956 0.998921
7.51 -73.5447 0.999588
7.52 -73.5705 0.999939
7.53 -73.5383 0.999501
7.54 -73.5049 0.999047
7.55 -73.5196 0.999247
7.56 -73.5538 0.999711
7.57 -73.5528 0.999698
7.58 -73.5244 0.999312
7.59 -73.515 0.999185
7.6 -73.5347 0.999452
7.61 -73.5508 0.999671
7.62 -73.5391 0.999512
7.63 -73.5218 0.999277
7.64 -73.525 0.999321
7.65 -73.5414 0.999543
7.66 -73.5444 0.999585
7.67 -73.5315 0.999409
7.68 -73.5376 0.999492
7.69 -73.548 0.999633
7.7 -73.556 0.999741
7.71 -73.5523 0.999691
7.72 -73.5387 0.999506
7.73 -73.5443 0.999583
7.74 -73.5529 0.9997
7.75 -73.5528 0.999699
7.76 -73.5452 0.999595
7.77 -73.5431 0.999567
7.78 -73.5465 0.999613
7.79 -73.5504 0.999665
7.8 -73.5511 0.999675
7.81 -73.547 0.99962
7.82 -73.5457 0.999602
7.83 -73.5472 0.999621
7.84 -73.5493 0.999651
7.85 -73.5491 0.999648
7.86 -73.5468 0.999617
7.87 -73.5462 0.999609
7.88 -73.5482 0.999636
7.89 -73.549 0.999647
7.9 -73.548 0.999632
7.91 -73.5468 0.999617
7.92 -73.5471 0.999621
7.93 -73.5485 0.999639
7.94 -73.5484 0.999639
7.95 -73.6015 1.00036
7.96 -73.5945 1.00027
7.97 -73.5382 0.999499
7.98 -73.5338 0.99944
7.99 -73.6083 1.00045
8 -73.6218 1.00064
8.01 -73.5454 0.999598
8.02 -73.1529 0.994263
8.03 -72.5661 0.986288
8.04 -71.8017 0.975898
8.05 -70.7871 0.962109
8.06 -69.653 0.946694
8.07 -68.4155 0.929874
8.08 -67.08 0.911722
8.09 -65.6506 0.892295
8.1 -64.2231 0.872893
8.11 -62.8726 0.854538
8.12 -61.6191 0.837501
8.13 -60.4594 0.821738
8.14 -59.3886 0.807184
8.15 -58.5612 0.795939
8.16 -58.0979 0.789642
8.17 -57.7584 0.785028
8.18 -57.7902 0.785459
8.19 -59.1961 0.804568
8.2 -61.2875 0.832993
8.21 -62.9221 0.85521
8.22 -64.3341 0.874402
8.23 -65.8094 0.894453
8.24 -67.3583 0.915505
8.25 -68.8218 0.935396
8.26 -69.9257 0.950401
8.27 -70.4541 0.957582
8.28 -70.6385 0.960088
8.29 -71.0774 0.966054
8.3 -71.9722 0.978216
8.31 -72.9068 0.990918
8.32 -73.332 0.996697
8.33 -73.3139 0.996451
8.34 -73.2984 0.996241
8.35 -73.3498 0.996939
8.36 -73.4744 0.998633
8.37 -73.5263 0.999338
8.38 -73.4683 0.99855
8.39 -73.5062 0.999065
8.4 -73.6187 1.00059
8.41 -73.69 1.00156
8.42 -73.6756 1.00137
8.43 -73.5223 0.999284
8.44 -73.4494 0.998293
8.45 -73.5967 1.00029
8.46 -73.6762 1.00138
8.47 -73.5924 1.00024
8.48 -73.5066 0.99907
8.49 -73.5246 0.999315
8.5 -73.6211 1.00063
8.51 -73.635 1.00081
8.52 -73.5524 0.999692
8.53 -73.5226 0.999287
8.54 -73.5711 0.999946
8.55 -73.6183 1.00059
8.56 -73.5952 1.00027
8.57 -73.5442 0.999581
8.58 -73.5478 0.99963
8.59 -73.591 1.00022
8.6 -73.603 1.00038
8.61 -73.572 0.999959
8.62 -73.5506 0.999668
8.63 -73.5677 0.999901
8.64 -73.5938 1.00026
8.65 -73.5869 1.00016
8.66 -73.5638 0.999848
8.67 -73.561 0.99981
8.68 -73.5789 1.00005
8.69 -73.5882 1.00018
8.7 -73.5767 1.00002
8.71 -73.5647 0.999859
8.72 -73.5692 0.999921
8.73 -73.5821 1.0001
8.74 -73.5827 1.0001
8.75 -73.5709 0.999945
8.76 -73.5676 0.9999
8.77 -73.5761 1.00002
8.78 -73.5811 1.00008
8.79 -73.5765 1.00002
8.8 -73.5704 0.999937
8.81 -73.5719 0.999958
8.82 -73.5779 1.00004
8.83 -73.5786 1.00005
8.84 -73.5738 0.999984
8.85 -73.5717 0.999955
8.86 -73.5747 0.999996
8.87 -73.5777 1.00004
8.88 -73.5934 1.00025
8.89 -73.645 1.00095
8.9 -73.6645 1.00122
8.91 -73.492 0.998872
8.92 -73.2341 0.995366
8.93 -72.9472 0.991467
8.94 -72.4564 0.984796
8.95 -71.6899 0.974379
8.96 -70.669 0.960503
8.97 -69.436 0.943744
8.98 -67.8541 0.922244
8.99 -65.8795 0.895406
9 -63.5475 0.863711
9.01 -60.9326 0.828171
9.02 -58.1338 0.79013
9.03 -55.1729 0.749887
9.04 -52.1667 0.709027
9.05 -49.2435 0.669296
9.06 -46.5382 0.632527
9.07 -44.1449 0.599998
9.08 -42.0425 0.571423
9.09 -40.2568 0.547154
9.1 -38.82 0.527625
9.11 -37.7211 0.512689
9.12 -36.8836 0.501305
9.13 -36.3169 0.493604
9.14 -36.2376 0.492526
9.15 -37.8771 0.514809
9.16 -40.7985 0.554516
9.17 -43.6432 0.59318
9.18 -46.8938 0.637361
9.19 -50.5806 0.68747
9.2 -54.1887 0.73651
9.21 -57.6578 0.78366
9.22 -61.2021 0.831833
9.23 -64.5601 0.877473
9.24 -68.1577 0.92637
9.25 -73.9213 1.00471
9.26 -74.17 1.00809
9.27 -73.5238 0.999303
9.28 -73.6994 1.00169
9.29 -73.8104 1.0032
9.3 -73.9897 1.00564
9.31 -73.1059 0.993625
9.32 -73.3863 0.997435
9.33 -73.6512 1.00104
9.34 -73.8758 1.00409
9.35 -73.546 0.999606
9.36 -73.3204 0.99654
9.37 -73.4779 0.99868
9.38 -73.7474 1.00234
9.39 -73.7008 1.00171
9.4 -73.4491 0.998288
9.41 -73.4297 0.998026
9.42 -73.5821 1.0001
9.43 -73.7116 1.00186
9.44 -73.5805 1.00007
9.45 -73.4576 0.998405
9.46 -73.5074 0.999082
9.47 -73.6322 1.00078
9.48 -73.6368 1.00084
9.49 -73.5332 0.999432
9.5 -73.4896 0.99884
9.51 -73.5647 0.99986
9.52 -73.625 1.00068
9.53 -73.5853 1.00014
9.54 -73.521 0.999267
9.55 -73.5291 0.999376
9.56 -73.5879 1.00018
9.57 -73.6015 1.00036
9.58 -73.5569 0.999754
9.59 -73.5301 0.99939
9.6 -73.5572 0.999758
9.61 -73.5896 1.0002
9.62 -73.579 1.00005
9.63 -73.5465 0.999612
9.64 -73.5459 0.999604
9.65 -73.5717 0.999956
9.66 -73.5814 1.00009
9.67 -73.5642 0.999853
9.68 -73.5494 0.999652
9.69 -73.5593 0.999786
9.7 -73.58 1.00007
9.71 -73.5789 1.00005
9.72 -73.5644 0.999856
9.73 -73.561 0.99981
9.74 -73.571 0.999945
9.75 -73.5783 1.00005
9.76 -73.5719 0.999957
9.77 -73.5639 0.999849
9.78 -73.5661 0.999879
9.79 -73.5738 0.999984
9.8 -73.5746 0.999995
9.81 -73.5676 0.999899
9.82 -73.5659 0.999876
9.83 -73.5709 0.999945
9.84 -73.5734 0.999978
9.85 -73.571 0.999946
9.86 -73.5671 0.999893
9.87 -73.5681 0.999907
9.88 -73.5719 0.999958
9.89 -73.5723 0.999963
9.9 -73.5692 0.999921
9.91 -73.5678 0.999903
9.92 -73.57 0.999932
9.93 -73.5717 0.999955
9.94 -73.5708 0.999943
9.95 -73.5688 0.999915
9.96 -73.569 0.999918
9.97 -73.5707 0.999941
9.98 -73.5711 0.999947
9.99 -73.5699 0.999931
10 -73.569 0.999918
10.01 -73.5698 0.999929
10.02 -73.6248 1.00068
10.03 -73.6175 1.00058
10.04 -73.5575 0.999762
10.05 -73.5529 0.999699
10.06 -73.5793 1.00006
10.07 -73.6055 1.00041
10.08 -73.6255 1.00069
10.09 -73.587 1.00016
10.1 -73.5537 0.999711
10.11 -73.565 0.999865
10.12 -73.1459 0.994168
10.13 -72.3579 0.983457
10.14 -71.2866 0.968897
10.15 -69.9853 0.951211
10.16 -68.5683 0.931951
10.17 -66.941 0.909833
10.18 -65.2066 0.88626
10.19 -63.3485 0.861006
10.2 -61.5203 0.836158
10.21 -59.7886 0.812621
10.22 -58.145 0.790282
10.23 -56.5901 0.769149
10.24 -55.1559 0.749655
10.25 -53.8349 0.731701
10.26 -52.6449 0.715526
10.27 -51.6118 0.701486
10.28 -50.6806 0.688829
10.29 -49.8234 0.677179
10.3 -49.0105 0.66613
10.31 -48.2833 0.656245
10.32 -47.6589 0.647759
10.33 -47.0902 0.640031
10.34 -46.5127 0.632181
10.35 -45.9762 0.624889
10.36 -45.5011 0.618432
10.37 -45.0561 0.612383
10.38 -44.6508 0.606875
10.39 -44.2635 0.601611
10.4 -43.9016 0.596692
10.41 -43.5874 0.592422
10.42 -43.3093 0.588642
10.43 -43.0463 0.585068
10.44 -42.7942 0.581641
10.45 -42.5566 0.578411
10.46 -42.3341 0.575387
10.47 -42.1128 0.572379
10.48 -41.8797 0.569211
10.49 -41.642 0.56598
10.5 -41.4092 0.562817
10.51 -41.1847 0.559765
10.52 -40.969 0.556833
10.53 -40.744 0.553775
10.54 -40.4642 0.549972
10.55 -40.2841 0.547524
10.56 -40.6916 0.553063
10.57 -41.9299 0.569893
10.58 -44.3398 0.602647
10.59 -47.4889 0.645448
10.6 -51.6841 0.702469
10.61 -56.6642 0.770155
10.62 -61.5477 0.83653
10.63 -65.8984 0.895663
10.64 -69.4138 0.943443
10.65 -72.0801 0.979682
10.66 -73.982 1.00553
10.67 -74.1582 1.00793
10.68 -73.395 0.997553
10.69 -73.0927 0.993445
10.7 -73.4661 0.99852
10.71 -73.9398 1.00496
10.72 -73.764 1.00257
10.73 -73.315 0.996466
10.74 -73.2774 0.995956
10.75 -73.6828 1.00147
10.76 -73.8082 1.00317
10.77 -73.5538 0.999712
10.78 -73.3421 0.996835
10.79 -73.4672 0.998535
10.8 -73.719 1.00196
10.81 -73.6738 1.00134
10.82 -73.4692 0.998562
10.83 -73.425 0.997961
10.84 -73.5792 1.00006
10.85 -73.6782 1.0014
10.86 -73.5787 1.00005
10.87 -73.4662 0.998521
10.88 -73.5089 0.999102
10.89 -73.6201 1.00061
10.9 -73.6261 1.00069
10.91 -73.5344 0.999448
10.92 -73.4962 0.998929
10.93 -73.5598 0.999793
10.94 -73.6147 1.00054
10.95 -73.5804 1.00007
10.96 -73.523 0.999293
10.97 -73.53 0.999388
10.98 -73.5814 1.00009
10.99 -73.5942 1.00026
11 -73.5549 0.999727
11.01 -73.5308 0.999399
11.02 -73.5545 0.999722
11.03 -73.5896 1.0002
11.04 -73.5855 1.00014
11.05 -73.5462 0.999609
11.06 -73.5358 0.999467
11.07 -73.5647 0.999859
11.08 -73.583 1.00011
11.09 -73.5706 0.99994
11.1 -73.5527 0.999696
11.11 -73.5545 0.999721
11.12 -73.5671 0.999892
11.13 -73.5698 0.99993
11.14 -73.4947 0.998908
11.15 -73.3887 0.997468
11.16 -73.2815 0.996011
11.17 -73.1609 0.994371
11.18 -73.0277 0.992562
11.19 -72.8676 0.990385
11.2 -72.6949 0.988038
11.21 -72.5116 0.985547
11.22 -72.3175 0.982909
11.23 -72.1046 0.980015
11.24 -71.8756 0.976902
11.25 -71.6513 0.973854
11.26 -71.3984 0.970416
11.27 -71.1288 0.966752
11.28 -70.8578 0.963069
11.29 -70.589 0.959416
11.3 -70.3097 0.95562
11.31 -70.0187 0.951664
11.32 -69.7272 0.947702
11.33 -69.432 0.943691
11.34 -69.1471 0.939818
11.35 -68.8597 0.935912
11.36 -68.5643 0.931896
11.37 -68.2735 0.927944
11.38 -67.9932 0.924135
11.39 -67.7172 0.920383
11.4 -67.4409 0.916628
11.41 -67.165 0.912879
11.42 -66.89 0.90914
11.43 -66.6227 0.905507
11.44 -66.3614 0.901956
11.45 -66.0994 0.898395
11.46 -65.8368 0.894825
11.47 -65.5761 0.891283
11.48 -65.321 0.887815
11.49 -65.0681 0.884378
11.5 -64.8176 0.880974
11.51 -64.5637 0.877522
11.52 -64.3056 0.874015
11.53 -64.0606 0.870684
11.54 -63.8212 0.86743
11.55 -63.5779 0.864123
11.56 -63.3359 0.860835
11.57 -63.0986 0.857609
11.58 -62.871 0.854515
11.59 -62.6478 0.851482
11.6 -62.4251 0.848455
11.61 -62.2079 0.845503
11.62 -61.9996 0.842672
11.63 -61.8 0.83996
11.64 -61.6064 0.837328
11.65 -61.4185 0.834774
11.66 -61.2399 0.832347
11.67 -61.073 0.830078
11.68 -60.916 0.827944
11.69 -60.768 0.825933
11.7 -60.6308 0.824067
11.71 -60.5064 0.822378
11.72 -60.3957 0.820873
11.73 -60.2972 0.819533
11.74 -60.2112 0.818365
11.75 -60.1393 0.817388
11.76 -60.0825 0.816616
11.77 -60.0407 0.816047
11.78 -60.013 0.815671
11.79 -60 0.815495
11.8 -59.9972 0.815456
11.81 -60.0154 0.815704
11.82 -60.1584 0.817647
11.83 -60.4456 0.821551
11.84 -60.9492 0.828395
11.85 -61.6601 0.838057
11.86 -62.4525 0.848828
11.87 -63.2697 0.859935
11.88 -64.0896 0.871078
11.89 -64.9585 0.882889
11.9 -65.8123 0.894492
11.91 -66.8004 0.907923
11.92 -67.7659 0.921046
11.93 -68.5606 0.931846
11.94 -69.2349 0.941011
11.95 -69.8028 0.94873
11.96 -70.2898 0.955349
11.97 -70.6643 0.960439
11.98 -70.9324 0.964083
11.99 -71.1041 0.966417
12 -71.2074 0.967821
12.01 -71.2314 0.968146
12.02 -71.2073 0.967819
12.03 -71.1904 0.967589
12.04 -71.201 0.967733
12.05 -71.2207 0.968002
12.06 -71.2246 0.968054
12.07 -71.2078 0.967826
12.08 -71.1998 0.967717
12.09 -71.2102 0.967859
12.1 -71.2203 0.967996
12.11 -71.2163 0.967941
12.12 -71.2049 0.967787
12.13 -71.2055 0.967795
12.14 -71.2143 0.967914
12.15 -71.2176 0.96796
12.16 -71.211 0.96787
12.17 -71.2061 0.967804
12.18 -71.2097 0.967851
12.19 -71.2152 0.967927
12.2 -71.2142 0.967913
12.21 -71.2091 0.967844
12.22 -71.2083 0.967833
12.23 -71.2131 0.967898
12.24 -71.1768 0.967405
12.25 -71.0877 0.966194
12.26 -70.9662 0.964543
12.27 -70.8199 0.962554
12.28 -70.6805 0.960659
12.29 -70.5526 0.958921
12.3 -70.4145 0.957044
12.31 -70.2508 0.954819
12.32 -70.0797 0.952494
12.33 -69.9211 0.950338
12.34 -69.7649 0.948214
12.35 -69.5943 0.945896
12.36 -69.4088 0.943375
12.37 -69.2266 0.940898
12.38 -69.0536 0.938547
12.39 -68.8756 0.936128
12.4 -68.6855 0.933544
12.41 -68.4916 0.930908
12.42 -68.3026 0.92834
12.43 -68.1162 0.925806
12.44 -67.924 0.923194
12.45 -67.7257 0.920499
12.46 -67.5283 0.917816
12.47 -67.3352 0.915191
12.48 -67.1417 0.912562
12.49 -66.9443 0.909878
12.5 -66.7455 0.907176
12.51 -66.5499 0.904517
12.52 -66.3574 0.901901
12.53 -66.1643 0.899277
12.54 -65.9703 0.896639
12.55 -65.7784 0.894031
12.56 -65.5908 0.891482
12.57 -65.4061 0.888972
12.58 -65.2224 0.886475
12.59 -65.0409 0.884009
12.6 -64.8642 0.881607
12.61 -64.6928 0.879277
12.62 -64.5251 0.876998
12.63 -64.361 0.874768
12.64 -64.2022 0.872609
12.65 -64.05 0.870541
12.66 -63.9042 0.868559
12.67 -63.7641 0.866654
12.68 -63.6302 0.864834
12.69 -63.504 0.863119
12.7 -63.3861 0.861516
12.71 -63.276 0.86002
12.72 -63.1737 0.85863
12.73 -63.0801 0.857358
12.74 -62.996 0.856215
12.75 -62.9216 0.855204
12.76 -62.8565 0.854319
12.77 -62.8011 0.853566
12.78 -62.7561 0.852954
12.79 -62.7217 0.852487
12.8 -62.6979 0.852163
12.81 -62.6844 0.85198
12.82 -62.6819 0.851946
12.83 -62.6884 0.852033
12.84 -62.7107 0.852337
12.85 -62.8292 0.853947
12.86 -63.0313 0.856695
12.87 -63.3985 0.861685
12.88 -63.8825 0.868264
12.89 -64.3914 0.87518
12.9 -64.9114 0.882248
12.91 -65.4193 0.889151
12.92 -65.9481 0.896338
12.93 -66.4708 0.903443
12.94 -66.9639 0.910145
12.95 -67.5052 0.917502
12.96 -67.9625 0.923718
12.97 -68.354 0.929039
12.98 -68.6908 0.933616
12.99 -68.9473 0.937102
13 -69.1565 0.939946
13.01 -69.3024 0.941928
13.02 -69.3958 0.943199
13.03 -69.4244 0.943587
13.04 -69.4145 0.943452
13.05 -69.3898 0.943117
13.06 -69.39 0.94312
13.07 -69.4151 0.94346
13.08 -69.4201 0.943529
13.09 -69.4026 0.943291
13.1 -69.3932 0.943163
13.11 -69.4021 0.943284
13.12 -69.415 0.943459
13.13 -69.4118 0.943415
13.14 -69.3989 0.94324
13.15 -69.3984 0.943234
13.16 -69.4079 0.943362
13.17 -69.4122 0.943421
13.18 -69.4059 0.943336
13.19 -69.3997 0.943251
13.2 -69.4029 0.943295
13.21 -69.4094 0.943383
13.22 -69.4087 0.943374
13.23 -69.4034 0.943301
13.24 -69.4018 0.943279
13.25 -69.4063 0.943341
13.26 -69.3932 0.943162
13.27 -69.3119 0.942057
13.28 -69.2197 0.940805
13.29 -69.1191 0.939437
13.3 -69.0078 0.937925
13.31 -68.9013 0.936477
13.32 -68.7838 0.93488
13.33 -68.6662 0.933282
13.34 -68.5441 0.931622
13.35 -68.4204 0.929941
13.36 -68.2995 0.928297
13.37 -68.1758 0.926616
13.38 -68.0494 0.924898
13.39 -67.9241 0.923195
13.4 -67.7981 0.921483
13.41 -67.6733 0.919787
13.42 -67.5474 0.918075
13.43 -67.42 0.916344
13.44 -67.2941 0.914633
13.45 -67.1687 0.912928
13.46 -67.0435 0.911226
13.47 -66.9183 0.909525
13.48 -66.7933 0.907826
13.49 -66.67 0.906151
13.5 -66.548 0.904492
13.51 -66.4268 0.902845
13.52 -66.3068 0.901214
13.53 -66.1884 0.899604
13.54 -66.0724 0.898028
13.55 -65.9587 0.896483
13.56 -65.847 0.894964
13.57 -65.7377 0.893479
13.58 -65.6316 0.892037
13.59 -65.5288 0.89064
13.6 -65.4293 0.889287
13.61 -65.3331 0.88798
13.62 -65.2408 0.886725
13.63 -65.1529 0.88553
13.64 -65.0692 0.884393
13.65 -64.99 0.883317
13.66 -64.9155 0.882303
13.67 -64.846 0.881359
13.68 -64.7818 0.880487
13.69 -64.7229 0.879686
13.7 -64.6694 0.87896
13.71 -64.6217 0.87831
13.72 -64.5798 0.87774
13.73 -64.5438 0.877252
13.74 -64.5138 0.876845
13.75 -64.4899 0.876519
13.76 -64.4721 0.876278
13.77 -64.4606 0.876121
13.78 -64.4553 0.876048
13.79 -64.4559 0.876057
13.8 -64.461 0.876127
13.81 -64.4714 0.876268
13.82 -64.5272 0.877026
13.83 -64.6327 0.87846
13.84 -64.7731 0.880368
13.85 -64.9958 0.883396
13.86 -65.274 0.887177
13.87 -65.5706 0.891208
13.88 -65.8541 0.895061
13.89 -66.1234 0.898721
13.9 -66.4071 0.902577
13.91 -66.7012 0.906575
13.92 -66.9747 0.910292
13.93 -67.1983 0.913331
13.94 -67.4028 0.91611
13.95 -67.6019 0.918817
13.96 -67.8125 0.921679
13.97 -67.9668 0.923775
13.98 -68.0621 0.925071
13.99 -68.1319 0.92602
14 -68.1666 0.926491
14.01 -68.176 0.926619
14.02 -68.1512 0.926282
14.03 -68.1383 0.926106
14.04 -68.1557 0.926343
14.05 -68.1692 0.926527
14.06 -68.162 0.926429
14.07 -68.1473 0.92623
14.08 -68.1477 0.926234
14.09 -68.1606 0.92641
14.1 -68.165 0.92647
14.11 -68.1552 0.926336
14.12 -68.1487 0.926248
14.13 -68.154 0.92632
14.14 -68.1615 0.926422
14.15 -68.1601 0.926402
14.16 -68.1528 0.926303
14.17 -68.1517 0.926289
14.18 -68.1574 0.926366
14.19 -68.1601 0.926404
14.2 -68.1566 0.926356
14.21 -68.1529 0.926305
14.22 -68.1527 0.926303
14.23 -68.143 0.92617
14.24 -68.0913 0.925468
14.25 -68.0084 0.924341
14.26 -67.9041 0.922924
14.27 -67.8223 0.921811
14.28 -67.7643 0.921023
14.29 -67.6869 0.919972
14.3 -67.5892 0.918644
14.31 -67.4979 0.917402
14.32 -67.431 0.916493
14.33 -67.3646 0.915591
14.34 -67.2826 0.914476
14.35 -67.1973 0.913317
14.36 -67.1248 0.912331
14.37 -67.0621 0.91148
14.38 -66.9949 0.910567
14.39 -66.9189 0.909533
14.4 -66.846 0.908542
14.41 -66.7833 0.90769
14.42 -66.7229 0.906869
14.43 -66.6568 0.905971
14.44 -66.5881 0.905037
14.45 -66.5252 0.904182
14.46 -66.4682 0.903407
14.47 -66.4103 0.90262
14.48 -66.349 0.901788
14.49 -66.2896 0.90098
14.5 -66.2357 0.900247
14.51 -66.1846 0.899553
14.52 -66.1325 0.898845
14.53 -66.0802 0.898134
14.54 -66.0317 0.897475
14.55 -65.9877 0.896877
14.56 -65.9453 0.8963
14.57 -65.9031 0.895727
14.58 -65.8632 0.895185
14.59 -65.8277 0.894703
14.6 -65.7957 0.894268
14.61 -65.7654 0.893855
14.62 -65.7369 0.893468
14.63 -65.712 0.89313
14.64 -65.6914 0.892849
14.65 -65.6737 0.892609
14.66 -65.6583 0.892399
14.67 -65.6459 0.892231
14.68 -65.6375 0.892117
14.69 -65.6329 0.892054
14.7 -65.6323 0.892046
14.71 -65.6328 0.892053
14.72 -65.6343 0.892073
14.73 -65.6401 0.892153
14.74 -65.6674 0.892523
14.75 -65.7223 0.893269
14.76 -65.7928 0.894227
14.77 -65.8738 0.895328
14.78 -66.002 0.897072
14.79 -66.1646 0.899281
14.8 -66.337 0.901625
14.81 -66.492 0.903731
14.82 -66.6256 0.905546
14.83 -66.7657 0.90745
14.84 -66.915 0.90948
14.85 -67.049 0.911301
14.86 -67.1505 0.912681
14.87 -67.2369 0.913855
14.88 -67.3184 0.914963
14.89 -67.3906 0.915945
14.9 -67.4346 0.916542
14.91 -67.4514 0.91677
14.92 -67.4571 0.916849
14.93 -67.4586 0.916869
14.94 -67.4568 0.916844
14.95 -67.4539 0.916805
14.96 -67.4553 0.916824
14.97 -67.4579 0.916859
14.98 -67.4576 0.916855
14.99 -67.4555 0.916827
15 -67.4549 0.916818
15.01 -67.4564 0.916838
15.02 -67.4576 0.916855
15.03 -67.4566 0.916842
15.04 -67.4553 0.916824
15.05 -67.4557 0.916829
15.06 -67.4568 0.916844
15.07 -67.457 0.916847
15.08 -67.4561 0.916834
15.09 -67.4556 0.916828
15.1 -67.4562 0.916836
15.11 -67.4568 0.916845
15.12 -67.4566 0.916841
15.13 -67.456 0.916833
15.14 -67.4562 0.916835
15.15 -67.4502 0.916755
15.16 -67.4149 0.916275
15.17 -67.3731 0.915706
15.18 -67.3091 0.914836
15.19 -67.2422 0.913927
15.2 -67.199 0.913341
15.21 -67.1565 0.912763
15.22 -67.1016 0.912016
15.23 -67.0407 0.911189
15.24 -66.9922 0.910529
15.25 -66.9544 0.910015
15.26 -66.9146 0.909475
15.27 -66.866 0.908814
15.28 -66.82 0.90819
15.29 -66.784 0.907699
15.3 -66.7516 0.907259
15.31 -66.7148 0.906758
15.32 -66.675 0.906219
15.33 -66.6404 0.905748
15.34 -66.6119 0.905361
15.35 -66.5834 0.904973
15.36 -66.5517 0.904542
15.37 -66.5211 0.904127
15.38 -66.4955 0.903778
15.39 -66.4729 0.903471
15.4 -66.4493 0.90315
15.41 -66.4249 0.902819
15.42 -66.4034 0.902527
15.43 -66.3858 0.902287
15.44 -66.3694 0.902065
15.45 -66.3527 0.901837
15.46 -66.3371 0.901625
15.47 -66.3247 0.901457
15.48 -66.3149 0.901324
15.49 -66.3059 0.901202
15.5 -66.2975 0.901087
15.51 -66.2913 0.901003
15.52 -66.2879 0.900956
15.53 -66.2862 0.900934
15.54 -66.2856 0.900925
15.55 -66.286 0.900931
15.56 -66.2871 0.900947
15.57 -66.2904 0.900991
15.58 -66.2968 0.901077
15.59 -66.3123 0.901288
15.6 -66.3416 0.901686
15.61 -66.382 0.902236
15.62 -66.4214 0.902772
15.63 -66.4546 0.903222
15.64 -66.5142 0.904032
15.65 -66.5971 0.90516
15.66 -66.6881 0.906396
15.67 -66.7714 0.907528
15.68 -66.8371 0.908421
15.69 -66.9032 0.909319
15.7 -66.9724 0.91026
15.71 -67.0384 0.911157
15.72 -67.0866 0.911812
15.73 -67.1206 0.912274
15.74 -67.1513 0.912692
15.75 -67.1767 0.913037
15.76 -67.19 0.913218
15.77 -67.1864 0.913168
15.78 -67.1774 0.913046
15.79 -67.1775 0.913048
15.8 -67.1851 0.913151
15.81 -67.1876 0.913185
15.82 -67.1822 0.913112
15.83 -67.1782 0.913057
15.84 -67.1811 0.913097
15.85 -67.1857 0.913159
15.86 -67.1848 0.913147
15.87 -67.1807 0.913091
15.88 -67.1799 0.913081
15.89 -67.1831 0.913124
15.9 -67.1849 0.913148
15.91 -67.1829 0.913121
15.92 -67.1806 0.913091
15.93 -67.1815 0.913103
15.94 -67.1837 0.913133
15.95 -67.1838 0.913133
15.96 -67.1819 0.913108
15.97 -67.1812 0.913099
15.98 -67.1825 0.913116
15.99 -67.1833 0.913127
16 -67.181 0.913095
16.01 -67.1727 0.912982
16.02 -67.1506 0.912682
16.03 -67.1192 0.912256
16.04 -67.0809 0.911734
16.05 -67.0472 0.911276
16.06 -67.0235 0.910955
16.07 -66.9959 0.91058
16.08 -66.961 0.910105
16.09 -66.9272 0.909646
16.1 -66.9017 0.909299
16.11 -66.8791 0.908993
16.12 -66.8531 0.908639
16.13 -66.8243 0.908248
16.14 -66.7997 0.907913
16.15 -66.7806 0.907653
16.16 -66.7613 0.907391
16.17 -66.7397 0.907098
16.18 -66.7187 0.906812
16.19 -66.702 0.906585
16.2 -66.6881 0.906396
16.21 -66.6733 0.906195
16.22 -66.6579 0.905986
16.23 -66.6448 0.905808
16.24 -66.6351 0.905676
16.25 -66.6265 0.905559
16.26 -66.6175 0.905437
16.27 -66.6094 0.905327
16.28 -66.604 0.905252
16.29 -66.6006 0.905207
16.3 -66.5978 0.905169
16.31 -66.5954 0.905136
16.32 -66.5946 0.905125
16.33 -66.5958 0.905142
16.34 -66.5966 0.905153
16.35 -66.5972 0.905161
16.36 -66.6006 0.905206
16.37 -66.6069 0.905293
16.38 -66.6177 0.905439
16.39 -66.6342 0.905663
16.4 -66.6584 0.905993
16.41 -66.6855 0.906361
16.42 -66.7079 0.906665
16.43 -66.7265 0.906919
16.44 -66.7476 0.907205
16.45 -66.7812 0.907662
16.46 -66.8291 0.908313
16.47 -66.869 0.908854
16.48 -66.9081 0.909387
16.49 -66.9466 0.90991
16.5 -66.9795 0.910357
16.51 -67.0066 0.910725
16.52 -67.0269 0.911001
16.53 -67.0444 0.911239
16.54 -67.0502 0.911318
16.55 -67.0491 0.911303
16.56 -67.0522 0.911345
16.57 -67.059 0.911438
16.58 -67.061 0.911465
16.59 -67.0558 0.911394
16.6 -67.052 0.911342
16.61 -67.0554 0.911388
16.62 -67.0596 0.911445
16.63 -67.0582 0.911427
16.64 -67.0545 0.911376
16.65 -67.0539 0.911369
16.66 -67.0571 0.911411
16.67 -67.0586 0.911432
16.68 -67.0565 0.911403
16.69 -67.0545 0.911376
16.7 -67.0555 0.91139
16.71 -67.0576 0.911418
16.72 -67.0575 0.911417
16.73 -67.0557 0.911392
16.74 -67.0551 0.911385
16.75 -67.0565 0.911403
16.76 -67.0574 0.911415
16.77 -67.0566 0.911405
16.78 -67.0555 0.911389
16.79 -67.0552 0.911386
16.8 -67.0547 0.911379
16.81 -67.0443 0.911237
16.82 -67.0227 0.910944
16.83 -66.9964 0.910587
16.84 -66.9753 0.9103
16.85 -66.9627 0.910128
16.86 -66.9476 0.909924
16.87 -66.9265 0.909636
16.88 -66.9061 0.90936
16.89 -66.8926 0.909176
16.9 -66.8822 0.909035
16.91 -66.8687 0.90885
16.92 -66.8528 0.908634
16.93 -66.8401 0.908462
16.94 -66.8321 0.908353
16.95 -66.8241 0.908244
16.96 -66.8138 0.908105
16.97 -66.8039 0.90797
16.98 -66.7974 0.907882
16.99 -66.7931 0.907824
17 -66.788 0.907755
17.01 -66.7821 0.907674
17.02 -66.7779 0.907617
17.03 -66.7762 0.907594
17.04 -66.7753 0.907581
17.05 -66.7741 0.907565
17.06 -66.7736 0.907558
17.07 -66.7735 0.907557
17.08 -66.7733 0.907555
17.09 -66.7741 0.907565
17.1 -66.7764 0.907597
17.11 -66.7798 0.907642
17.12 -66.7836 0.907695
17.13 -66.7875 0.907747
17.14 -66.798 0.907891
17.15 -66.8153 0.908126
17.16 -66.8348 0.90839
17.17 -66.8507 0.908606
17.18 -66.8626 0.908768
17.19 -66.877 0.908964
17.2 -66.8944 0.909201
17.21 -66.9116 0.909434
17.22 -66.9238 0.909599
17.23 -66.9345 0.909745
17.24 -66.9512 0.909972
17.25 -66.9709 0.91024
17.26 -66.9853 0.910436
17.27 -66.994 0.910554
17.28 -66.9967 0.910591
17.29 -66.997 0.910594
17.3 -66.9995 0.910628
17.31 -67.0024 0.910667
17.32 -67.0023 0.910667
17.33 -66.9996 0.91063
17.34 -66.9987 0.910618
17.35 -67.0007 0.910645
17.36 -67.0021 0.910664
17.37 -67.0009 0.910648
17.38 -66.9994 0.910627
17.39 -66.9997 0.910632
17.4 -67.0012 0.910652
17.41 -67.0015 0.910655
17.42 -67.0003 0.910639
17.43 -66.9997 0.910631
17.44 -67.0004 0.910641
17.45 -67.0012 0.910652
17.46 -67.0009 0.910647
17.47 -67.0001 0.910636
17.48 -67.0001 0.910637
17.49 -67.0008 0.910646
17.5 -67.001 0.910649
17.51 -67.0005 0.910642
17.52 -67.0001 0.910637
17.53 -67.0001 0.910637
17.54 -67 0.910635
17.55 -66.9975 0.910601
17.56 -66.9887 0.910481
17.57 -66.9733 0.910272
17.58 -66.9568 0.910048
17.59 -66.946 0.909901
17.6 -66.9393 0.90981
17.61 -66.9293 0.909674
17.62 -66.9164 0.9095
17.63 -66.906 0.909358
17.64 -66.9002 0.909279
17.65 -66.8952 0.909211
17.66 -66.8876 0.909107
17.67 -66.8797 0.909001
17.68 -66.8749 0.908935
17.69 -66.8725 0.908903
17.7 -66.8694 0.90886
17.71 -66.865 0.908801
17.72 -66.8618 0.908757
17.73 -66.861 0.908746
17.74 -66.861 0.908746
17.75 -66.8602 0.908736
17.76 -66.8596 0.908727
17.77 -66.8596 0.908727
17.78 -66.8598 0.90873
17.79 -66.8601 0.908734
17.8 -66.8615 0.908753
17.81 -66.8642 0.90879
17.82 -66.8677 0.908837
17.83 -66.8707 0.908877
17.84 -66.8727 0.908905
17.85 -66.8821 0.909032
17.86 -66.8962 0.909225
17.87 -66.9106 0.909421
17.88 -66.9224 0.909581
17.89 -66.9315 0.909705
17.9 -66.9429 0.909859
17.91 -66.9557 0.910033
17.92 -66.9673 0.91019
17.93 -66.9752 0.910299
17.94 -66.9822 0.910394
17.95 -66.9895 0.910492
17.96 -66.9954 0.910573
17.97 -66.9977 0.910604
17.98 -66.9958 0.910578
17.99 -66.9964 0.910587
18 -67.0008 0.910646
18.01 -67.0018 0.91066
18.02 -66.9986 0.910617
18.03 -66.9966 0.910589
18.04 -66.9985 0.910615
18.05 -67.0009 0.910648
18.06 -67.0002 0.910638
18.07 -66.9979 0.910606
18.08 -66.9977 0.910604
18.09 -66.9995 0.910629
18.1 -67.0003 0.91064
18.11 -66.9991 0.910624
18.12 -66.9979 0.910607
18.13 -66.9986 0.910616
18.14 -66.9998 0.910632
18.15 -66.9997 0.910631
18.16 -66.9986 0.910617
18.17 -66.9983 0.910613
18.18 -66.9991 0.910623
18.19 -66.9996 0.910631
18.2 -66.9992 0.910624
18.21 -66.9985 0.910616
18.22 -66.9986 0.910617
18.23 -66.9989 0.91062
18.24 -66.9985 0.910615
18.25 -66.9955 0.910575
18.26 -66.9893 0.91049
18.27 -66.9791 0.910351
18.28 -66.9684 0.910206
18.29 -66.962 0.910119
18.3 -66.9578 0.910061
18.31 -66.9513 0.909973
18.32 -66.943 0.909861
18.33 -66.9368 0.909776
18.34 -66.9334 0.90973
18.35 -66.9302 0.909687
18.36 -66.9253 0.909621
18.37 -66.9205 0.909555
18.38 -66.9179 0.909519
18.39 -66.9166 0.909502
18.4 -66.9148 0.909477
18.41 -66.913 0.909453
18.42 -66.9125 0.909446
18.43 -66.9122 0.909442
18.44 -66.9112 0.909428
18.45 -66.9102 0.909415
18.46 -66.9105 0.909419
18.47 -66.9117 0.909435
18.48 -66.9128 0.90945
18.49 -66.9144 0.909472
18.5 -66.9167 0.909503
18.51 -66.9198 0.909545
18.52 -66.9227 0.909585
18.53 -66.9292 0.909673
18.54 -66.9394 0.909811
18.55 -66.9516 0.909978
18.56 -66.9634 0.910138
18.57 -66.9719 0.910253
18.58 -66.9795 0.910356
18.59 -66.9879 0.910471
18.6 -66.9967 0.91059
18.61 -67.0031 0.910678
18.62 -67.0072 0.910733
18.63 -67.009 0.910757
18.64 -67.0096 0.910767
18.65 -67.0124 0.910804
18.66 -67.0168 0.910864
18.67 -67.0182 0.910882
18.68 -67.0155 0.910846
18.69 -67.0136 0.910821
18.7 -67.0151 0.91084
18.71 -67.0173 0.910871
18.72 -67.0168 0.910864
18.73 -67.0148 0.910837
18.74 -67.0145 0.910832
18.75 -67.016 0.910853
18.76 -67.0169 0.910865
18.77 -67.0159 0.910851
18.78 -67.0148 0.910837
18.79 -67.0153 0.910843
18.8 -67.0163 0.910858
18.81 -67.0163 0.910858
18.82 -67.0155 0.910845
18.83 -67.0151 0.910841
18.84 -67.0158 0.910849
18.85 -67.0163 0.910856
18.86 -67.0159 0.910852
18.87 -67.0154 0.910844
18.88 -67.0155 0.910846
18.89 -67.0159 0.910852
18.9 -67.016 0.910853
18.91 -67.0154 0.910844
18.92 -67.0148 0.910836
18.93 -67.012 0.910798
18.94 -67.0041 0.910692
18.95 -66.9926 0.910535
18.96 -66.9826 0.910399
18.97 -66.9772 0.910326
18.98 -66.9726 0.910262
18.99 -66.9652 0.910163
19 -66.9571 0.910052
19.01 -66.952 0.909983
19.02 -66.9494 0.909948
19.03 -66.9462 0.909904
19.04 -66.9415 0.90984
19.05 -66.9377 0.909789
19.06 -66.9364 0.909771
19.07 -66.9368 0.909777
19.08 -66.9365 0.909772
19.09 -66.9345 0.909745
19.1 -66.9328 0.909722
19.11 -66.9331 0.909726
19.12 -66.9345 0.909744
19.13 -66.9346 0.909747
19.14 -66.9346 0.909747
19.15 -66.9363 0.90977
19.16 -66.9395 0.909813
19.17 -66.9424 0.909852
19.18 -66.9439 0.909873
19.19 -66.9453 0.909892
19.2 -66.9512 0.909972
19.21 -66.9606 0.910099
19.22 -66.971 0.910242
19.23 -66.9794 0.910355
19.24 -66.9852 0.910435
19.25 -66.9922 0.910529
19.26 -67.0001 0.910637
19.27 -67.0074 0.910736
19.28 -67.012 0.910799
19.29 -67.013 0.910812
19.3 -67.0137 0.910822
19.31 -67.0176 0.910875
19.32 -67.0229 0.910946
19.33 -67.0248 0.910972
19.34 -67.0222 0.910938
19.35 -67.0202 0.910911
19.36 -67.0217 0.910931
19.37 -67.0238 0.910959
19.38 -67.0234 0.910953
19.39 -67.0215 0.910928
19.4 -67.0211 0.910923
19.41 -67.0226 0.910943
19.42 -67.0235 0.910955
19.43 -67.0225 0.910941
19.44 -67.0215 0.910927
19.45 -67.0219 0.910933
19.46 -67.0229 0.910947
19.47 -67.0229 0.910947
19.48 -67.0221 0.910935
19.49 -67.0218 0.910931
19.5 -67.0224 0.910939
19.51 -67.0229 0.910946
19.52 -67.0225 0.910942
19.53 -67.022 0.910934
19.54 -67.0221 0.910936
19.55 -67.0225 0.910942
19.56 -67.0226 0.910943
19.57 -67.0222 0.910937
19.58 -67.0217 0.91093
19.59 -67.0211 0.910923
19.6 -67.0169 0.910866
19.61 -67.0093 0.910761
19.62 -67 0.910635
19.63 -66.9936 0.910548
19.64 -66.9907 0.910508
19.65 -66.9862 0.910448
19.66 -66.9797 0.910359
19.67 -66.974 0.910282
19.68 -66.9714 0.910246
19.69 -66.9697 0.910223
19.7 -66.9666 0.910182
19.71 -66.9629 0.910132
19.72 -66.9609 0.910105
19.73 -66.9614 0.910111
19.74 -66.9619 0.910118
19.75 -66.9604 0.910097
19.76 -66.9583 0.910068
19.77 -66.9581 0.910066
19.78 -66.9597 0.910088
19.79 -66.9603 0.910096
19.8 -66.9596 0.910086
19.81 -66.9599 0.910091
19.82 -66.9629 0.910131
19.83 -66.9663 0.910178
19.84 -66.968 0.9102
19.85 -66.9687 0.91021
19.86 -66.9703 0.910232
19.87 -66.977 0.910323
19.88 -66.9856 0.91044
19.89 -66.9933 0.910544
19.9 -67.0001 0.910637
19.91 -67.006 0.910717
19.92 -67.0122 0.910802
19.93 -67.018 0.91088
19.94 -67.0204 0.910913
19.95 -67.0206 0.910915
19.96 -67.0236 0.910956
19.97 -67.0296 0.911037
19.98 -67.0334 0.911089
19.99 -67.0322 0.911073
20 -67.0297 0.911039
