0.01 0 -1.53281e-05 5.72225e-06
0.02 0 -1.53281e-05 5.71798e-06
0.03 0 -1.5328e-05 5.68283e-06
0.04 0 -1.53275e-05 5.49882e-06
0.05 0 -1.53269e-05 4.81111e-06
0.06 0 -1.53261e-05 2.87114e-06
0.07 0 -1.53269e-05 -1.41009e-06
0.08 0 -1.53326e-05 -9.10189e-06
0.09 0 -1.53455e-05 -2.08945e-05
0.1 0 -1.53605e-05 -3.66873e-05
0.11 0 -1.53945e-05 -5.53854e-05
0.12 0 -1.54553e-05 -7.53902e-05
0.13 0 -1.54899e-05 -9.55882e-05
0.14 0 -1.55229e-05 -0.000115819
0.15 0 -1.55551e-05 -0.000136476
0.16 0 -1.55821e-05 -0.000158138
0.17 0 -1.56173e-05 -0.000181252
0.18 0 -1.56583e-05 -0.000204858
0.19 0 -1.57102e-05 -0.000227058
0.2 0 -1.5731e-05 -0.000247302
0.21 0 -1.57631e-05 -0.000266395
0.22 0 -1.5794e-05 -0.000285307
0.23 0 -1.58206e-05 -0.000304896
0.24 0 -1.58447e-05 -0.000325907
0.25 0 -1.58492e-05 -0.000348932
0.26 0 -1.58708e-05 -0.000374416
0.27 0 -1.58892e-05 -0.000402677
0.28 0 -1.59043e-05 -0.000433932
0.29 0 -1.59153e-05 -0.000468293
0.3 0 -1.59216e-05 -0.000505582
0.31 0 -1.59343e-05 -0.000544457
0.32 0 -1.59444e-05 -0.000582279
0.33 0 -1.59515e-05 -0.000616679
0.34 0 -1.59551e-05 -0.000646989
0.35 0 -1.59609e-05 -0.000674331
0.36 0 -1.59678e-05 -0.000700525
0.37 0 -1.59733e-05 -0.000727066
0.38 0 -1.59769e-05 -0.000754935
0.39 0 -1.59795e-05 -0.000784738
0.4 0 -1.5985e-05 -0.000816793
0.41 0 -1.59901e-05 -0.000851201
0.42 0 -1.59942e-05 -0.000887887
0.43 0 -1.59973e-05 -0.000926632
0.44 0 -1.60008e-05 -0.000967064
0.45 0 -1.60057e-05 -0.00100869
0.46 0 -1.60096e-05 -0.00105098
0.47 0 -1.60125e-05 -0.00109324
0.48 0 -1.60149e-05 -0.00113434
0.49 0 -1.60178e-05 -0.00117207
0.5 0 -1.60204e-05 -0.00120068
0.51 0 -1.60198e-05 -0.0012002
0.52 0 -1.60198e-05 -0.00115117
0.53 0 -1.60276e-05 -0.00106692
0.54 0 -1.60442e-05 -0.00097868
0.55 0 -1.60581e-05 -0.000904261
0.56 0 -1.60692e-05 -0.000846796
0.57 0 -1.60784e-05 -0.000802474
0.58 0 -1.60849e-05 -0.00076694
0.59 0 -1.60937e-05 -0.00073721
0.6 0 -1.61017e-05 -0.000709001
0.61 0 -1.61086e-05 -0.0006779
0.62 0 -1.61164e-05 -0.000641049
0.63 0 -1.61272e-05 -0.000596907
0.64 0 -1.61402e-05 -0.000544926
0.65 0 -1.61539e-05 -0.000485229
0.66 0 -1.61681e-05 -0.00041833
0.67 0 -1.61828e-05 -0.000344895
0.68 0 -1.6199e-05 -0.000265603
0.69 0 -1.62152e-05 -0.000181902
0.7 0 -1.62303e-05 -9.74532e-05
0.71 0 -1.62428e-05 -1.70081e-05
0.72 0 -1.62537e-05 5.6788e-05
0.73 0 -1.62641e-05 0.000125041
0.74 0 -1.62735e-05 0.000191199
0.75 0 -1.62825e-05 0.000258569
0.76 0 -1.62912e-05 0.000329533
0.77 0 -1.63006e-05 0.000405812
0.78 0 -1.63104e-05 0.000488663
0.79 0 -1.63201e-05 0.000579024
0.8 0 -1.63297e-05 0.000677615
0.81 0 -1.63392e-05 0.000785014
0.82 0 -1.63489e-05 0.000901725
0.83 0 -1.63583e-05 0.00102815
0.84 0 -1.63669e-05 0.00116423
0.85 0 -1.6374e-05 0.00130781
0.86 0 -1.63796e-05 0.00145332
0.87 0 -1.63837e-05 0.00159393
0.88 0 -1.63859e-05 0.00172432
0.89 0 -1.63866e-05 0.00184256
0.9 0 -1.63869e-05 0.00195063
0.91 0 -1.63871e-05 0.00205196
0.92 0 -1.63873e-05 0.0021495
0.93 0 -1.63873e-05 0.00224612
0.94 0 -1.63871e-05 0.00234472
0.95 0 -1.63871e-05 0.00244763
0.96 0 -1.63871e-05 0.00255658
0.97 0 -1.63871e-05 0.00267292
0.98 0 -1.6387e-05 0.00279776
0.99 0 -1.63869e-05 0.00293207
1 0 -1.63869e-05 0.00307668
1.01 0 -1.63868e-05 0.00323231
1.02 0 -1.63868e-05 0.00339959
1.03 0 -1.63863e-05 0.00357897
1.04 0 -1.63856e-05 0.00377063
1.05 0 -1.63854e-05 0.00397445
1.06 0 -1.63846e-05 0.00418999
1.07 0 -1.6382e-05 0.00441627
1.08 0 -1.63856e-05 0.00465208
1.09 0 -1.63941e-05 0.00489616
1.1 0 -1.63838e-05 0.0051471
1.11 0 -1.63765e-05 0.00540298
1.12 0 -1.63925e-05 0.00566063
1.13 0 -1.63873e-05 0.00591372
1.14 0 -1.63858e-05 0.00614869
1.15 0 -1.63921e-05 0.00632658
1.16 0 -1.63815e-05 0.0063879
1.17 0 -1.6402e-05 0.00632313
1.18 0 -1.6382e-05 0.006194
1.19 0 -1.64286e-05 0.00606208
1.2 0 -1.64323e-05 0.0059528
1.21 0 -1.64601e-05 0.00586937
1.22 0 -1.64764e-05 0.0058044
1.23 0 -1.6481e-05 0.00574873
1.24 0 -1.64999e-05 0.00569547
1.25 0 -1.6506e-05 0.00563974
1.26 0 -1.65256e-05 0.00557838
1.27 0 -1.65344e-05 0.00551028
1.28 0 -1.65533e-05 0.00543733
1.29 0 -1.65632e-05 0.00536333
1.3 0 -1.65811e-05 0.00529138
1.31 0 -1.65909e-05 0.00522209
1.32 0 -1.66043e-05 0.0051535
1.33 0 -1.66159e-05 0.00508312
1.34 0 -1.66285e-05 0.00500914
1.35 0 -1.66419e-05 0.00493039
1.36 0 -1.66544e-05 0.00484608
1.37 0 -1.66679e-05 0.00475568
1.38 0 -1.66812e-05 0.00465879
1.39 0 -1.66955e-05 0.00455509
1.4 0 -1.67084e-05 0.00444429
1.41 0 -1.67219e-05 0.00432609
1.42 0 -1.67344e-05 0.00420043
1.43 0 -1.67474e-05 0.00406892
1.44 0 -1.6758e-05 0.00393574
1.45 0 -1.67672e-05 0.00380568
1.46 0 -1.67742e-05 0.00368224
1.47 0 -1.67801e-05 0.00356751
1.48 0 -1.67844e-05 0.00346265
1.49 0 -1.67873e-05 0.00336815
1.5 0 -1.67892e-05 0.00328408
1.51 0 -1.67904e-05 0.00321012
1.52 0 -1.67913e-05 0.00314567
1.53 0 -1.67916e-05 0.00308914
1.54 0 -1.67919e-05 0.00303817
1.55 0 -1.67921e-05 0.00299075
1.56 0 -1.67923e-05 0.0029456
1.57 0 -1.67926e-05 0.00290192
1.58 0 -1.67927e-05 0.00285926
1.59 0 -1.67926e-05 0.00281742
1.6 0 -1.67928e-05 0.00277645
1.61 0 -1.67929e-05 0.00273696
1.62 0 -1.6793e-05 0.00270005
1.63 0 -1.67929e-05 0.00266693
1.64 0 -1.67927e-05 0.00263881
1.65 0 -1.67927e-05 0.0026172
1.66 0 -1.67929e-05 0.00260431
1.67 0 -1.67931e-05 0.0026031
1.68 0 -1.67929e-05 0.00261498
1.69 0 -1.67929e-05 0.00263819
1.7 0 -1.67944e-05 0.00267643
1.71 0 -1.6799e-05 0.00273893
1.72 0 -1.68091e-05 0.00282618
1.73 0 -1.68235e-05 0.00292749
1.74 0 -1.68433e-05 0.00303175
1.75 0 -1.68627e-05 0.00313419
1.76 0 -1.68808e-05 0.00323395
1.77 0 -1.68984e-05 0.00333137
1.78 0 -1.69146e-05 0.00342736
1.79 0 -1.69298e-05 0.00352144
1.8 0 -1.69437e-05 0.00361251
1.81 0 -1.6957e-05 0.00370156
1.82 0 -1.69694e-05 0.00379066
1.83 0 -1.69811e-05 0.00388152
1.84 0 -1.69928e-05 0.00397556
1.85 0 -1.70044e-05 0.00407401
1.86 0 -1.70153e-05 0.00417804
1.87 0 -1.70266e-05 0.00428879
1.88 0 -1.70369e-05 0.00440738
1.89 0 -1.70469e-05 0.00453472
1.9 0 -1.70563e-05 0.00467043
1.91 0 -1.70642e-05 0.00481165
1.92 0 -1.70707e-05 0.00495407
1.93 0 -1.70751e-05 0.00509401
1.94 0 -1.7078e-05 0.00522872
1.95 0 -1.70795e-05 0.00535667
1.96 0 -1.708e-05 0.00547865
1.97 0 -1.70803e-05 0.00559719
1.98 0 -1.70805e-05 0.00571475
1.99 0 -1.70804e-05 0.00583322
2 0 -1.70804e-05 0.00595434
2.01 0 -1.70803e-05 0.00607992
2.02 0 -1.70803e-05 0.00621159
2.03 0 -1.70803e-05 0.00635073
2.04 0 -1.70802e-05 0.00649848
2.05 0 -1.708e-05 0.00665581
2.06 0 -1.708e-05 0.00682355
2.07 0 -1.708e-05 0.0070023
2.08 0 -1.70797e-05 0.00719253
2.09 0 -1.70788e-05 0.00739459
2.1 0 -1.70791e-05 0.00760868
2.11 0 -1.70783e-05 0.00783487
2.12 0 -1.70764e-05 0.00807313
2.13 0 -1.70782e-05 0.00832328
2.14 0 -1.70778e-05 0.00858501
2.15 0 -1.70745e-05 0.00885803
2.16 0 -1.70724e-05 0.00914216
2.17 0 -1.70819e-05 0.00943729
2.18 0 -1.70962e-05 0.00974304
2.19 0 -1.70747e-05 0.0100582
2.2 0 -1.70654e-05 0.0103802
2.21 0 -1.70939e-05 0.0107038
2.22 0 -1.70889e-05 0.0110215
2.23 0 -1.70803e-05 0.0113245
2.24 0 -1.70847e-05 0.0116038
2.25 0 -1.70711e-05 0.0118519
2.26 0 -1.70792e-05 0.0120613
2.27 0 -1.70832e-05 0.0122251
2.28 0 -1.7083e-05 0.0123378
2.29 0 -1.70883e-05 0.0123975
2.3 0 -1.70706e-05 0.0124001
2.31 0 -1.70833e-05 0.0123503
2.32 0 -1.70841e-05 0.0122705
2.33 0 -1.70983e-05 0.0121815
2.34 0 -1.71094e-05 0.0120939
2.35 0 -1.71131e-05 0.0120121
2.36 0 -1.71347e-05 0.011936
2.37 0 -1.71421e-05 0.0118633
2.38 0 -1.7157e-05 0.0117919
2.39 0 -1.71619e-05 0.0117204
2.4 0 -1.71721e-05 0.0116493
2.41 0 -1.71834e-05 0.0115797
2.42 0 -1.71924e-05 0.0115116
2.43 0 -1.72001e-05 0.0114435
2.44 0 -1.72058e-05 0.0113739
2.45 0 -1.72155e-05 0.0113017
2.46 0 -1.72236e-05 0.0112259
2.47 0 -1.72324e-05 0.0111458
2.48 0 -1.72381e-05 0.0110611
2.49 0 -1.72457e-05 0.0109717
2.5 0 -1.72535e-05 0.0108784
2.51 0 -1.72605e-05 0.0107823
2.52 0 -1.7266e-05 0.0106851
2.53 0 -1.727e-05 0.0105891
2.54 0 -1.72743e-05 0.0104969
2.55 0 -1.72779e-05 0.0104103
2.56 0 -1.72803e-05 0.0103301
2.57 0 -1.72814e-05 0.0102567
2.58 0 -1.72822e-05 0.0101901
2.59 0 -1.72831e-05 0.0101301
2.6 0 -1.72837e-05 0.0100762
2.61 0 -1.72837e-05 0.0100272
2.62 0 -1.72837e-05 0.00998207
2.63 0 -1.72838e-05 0.00994021
2.64 0 -1.7284e-05 0.00990124
2.65 0 -1.72843e-05 0.00986497
2.66 0 -1.72843e-05 0.00983142
2.67 0 -1.72842e-05 0.00980097
2.68 0 -1.72844e-05 0.00977435
2.69 0 -1.72845e-05 0.00975237
2.7 0 -1.72846e-05 0.00973583
2.71 0 -1.72846e-05 0.00972584
2.72 0 -1.72846e-05 0.00972382
2.73 0 -1.72848e-05 0.00973003
2.74 0 -1.72849e-05 0.00974227
2.75 0 -1.72851e-05 0.0097596
2.76 0 -1.72858e-05 0.00978558
2.77 0 -1.72883e-05 0.00982432
2.78 0 -1.72925e-05 0.00987633
2.79 0 -1.72986e-05 0.00993807
2.8 0 -1.73078e-05 0.0100047
2.81 0 -1.73168e-05 0.0100738
2.82 0 -1.73253e-05 0.010145
2.83 0 -1.73346e-05 0.0102184
2.84 0 -1.73442e-05 0.0102939
2.85 0 -1.73528e-05 0.01037
2.86 0 -1.73607e-05 0.010446
2.87 0 -1.73682e-05 0.0105228
2.88 0 -1.73756e-05 0.010602
2.89 0 -1.73835e-05 0.0106849
2.9 0 -1.73905e-05 0.0107727
2.91 0 -1.73971e-05 0.0108661
2.92 0 -1.74036e-05 0.0109652
2.93 0 -1.74099e-05 0.0110699
2.94 0 -1.74158e-05 0.011179
2.95 0 -1.74201e-05 0.0112903
2.96 0 -1.74228e-05 0.0114017
2.97 0 -1.74251e-05 0.0115117
2.98 0 -1.7427e-05 0.0116192
2.99 0 -1.74278e-05 0.0117242
3 0 -1.74273e-05 0.0118279
3.01 0 -1.74268e-05 0.011932
3.02 0 -1.74272e-05 0.0120377
3.03 0 -1.74277e-05 0.0121463
3.04 0 -1.74273e-05 0.0122587
3.05 0 -1.74267e-05 0.0123757
3.06 0 -1.74263e-05 0.0124978
3.07 0 -1.74257e-05 0.0126255
3.08 0 -1.74268e-05 0.0127593
3.09 0 -1.74271e-05 0.0128992
3.1 0 -1.74234e-05 0.0130457
3.11 0 -1.74261e-05 0.0131988
3.12 0 -1.74303e-05 0.0133586
3.13 0 -1.74277e-05 0.0135255
3.14 0 -1.74239e-05 0.0137001
3.15 0 -1.74191e-05 0.0138831
3.16 0 -1.74241e-05 0.014075
3.17 0 -1.74311e-05 0.014276
3.18 0 -1.74321e-05 0.014486
3.19 0 -1.74344e-05 0.0147047
3.2 0 -1.74248e-05 0.0149312
3.21 0 -1.74277e-05 0.0151645
3.22 0 -1.74307e-05 0.0154035
3.23 0 -1.74207e-05 0.0156468
3.24 0 -1.74314e-05 0.0158928
3.25 0 -1.74274e-05 0.0161399
3.26 0 -1.74285e-05 0.0163865
3.27 0 -1.74335e-05 0.0166309
3.28 0 -1.74162e-05 0.0168715
3.29 0 -1.74269e-05 0.0171064
3.3 0 -1.74324e-05 0.0173334
3.31 0 -1.74314e-05 0.0175505
3.32 0 -1.74297e-05 0.0177552
3.33 0 -1.74178e-05 0.0179454
3.34 0 -1.74278e-05 0.0181191
3.35 0 -1.7432e-05 0.0182714
3.36 0 -1.74291e-05 0.0183932
3.37 0 -1.74237e-05 0.0184757
3.38 0 -1.74214e-05 0.0185139
3.39 0 -1.74331e-05 0.0185069
3.4 0 -1.74409e-05 0.0184647
3.41 0 -1.7432e-05 0.0184053
3.42 0 -1.74411e-05 0.0183423
3.43 0 -1.74429e-05 0.018282
3.44 0 -1.74591e-05 0.0182255
3.45 0 -1.74625e-05 0.0181713
3.46 0 -1.74626e-05 0.018118
3.47 0 -1.74693e-05 0.0180654
3.48 0 -1.74759e-05 0.0180138
3.49 0 -1.74844e-05 0.0179637
3.5 0 -1.74844e-05 0.0179147
3.51 0 -1.74881e-05 0.0178658
3.52 0 -1.74915e-05 0.017816
3.53 0 -1.74996e-05 0.0177647
3.54 0 -1.75022e-05 0.0177115
3.55 0 -1.75046e-05 0.0176563
3.56 0 -1.75076e-05 0.0175992
3.57 0 -1.75123e-05 0.0175408
3.58 0 -1.75169e-05 0.017482
3.59 0 -1.75186e-05 0.0174239
3.6 0 -1.75205e-05 0.0173676
3.61 0 -1.75224e-05 0.0173136
3.62 0 -1.75251e-05 0.0172623
3.63 0 -1.75271e-05 0.017214
3.64 0 -1.75276e-05 0.0171687
3.65 0 -1.7528e-05 0.0171268
3.66 0 -1.75293e-05 0.0170882
3.67 0 -1.75303e-05 0.0170532
3.68 0 -1.75309e-05 0.017022
3.69 0 -1.75307e-05 0.0169948
3.7 0 -1.75308e-05 0.0169719
3.71 0 -1.75313e-05 0.0169537
3.72 0 -1.75314e-05 0.0169405
3.73 0 -1.75313e-05 0.0169327
3.74 0 -1.75312e-05 0.0169309
3.75 0 -1.75313e-05 0.0169348
3.76 0 -1.75313e-05 0.0169432
3.77 0 -1.75315e-05 0.0169543
3.78 0 -1.75317e-05 0.0169675
3.79 0 -1.7532e-05 0.0169839
3.8 0 -1.75334e-05 0.0170062
3.81 0 -1.75352e-05 0.017036
3.82 0 -1.75377e-05 0.0170722
3.83 0 -1.7541e-05 0.0171127
3.84 0 -1.75451e-05 0.0171564
3.85 0 -1.75494e-05 0.017203
3.86 0 -1.7554e-05 0.0172528
3.87 0 -1.75577e-05 0.0173044
3.88 0 -1.75577e-05 0.0173501
3.89 0 -1.75576e-05 0.0173828
3.9 0 -1.75578e-05 0.0174054
3.91 0 -1.75577e-05 0.0174241
3.92 0 -1.75579e-05 0.0174427
3.93 0 -1.75582e-05 0.0174637
3.94 0 -1.75586e-05 0.0174883
3.95 0 -1.7558e-05 0.0175168
3.96 0 -1.75579e-05 0.0175492
3.97 0 -1.75586e-05 0.0175853
3.98 0 -1.75583e-05 0.0176253
3.99 0 -1.75577e-05 0.0176693
4 0 -1.7558e-05 0.0177175
4.01 0 -1.75584e-05 0.01777
4.02 0 -1.75583e-05 0.0178268
4.03 0 -1.75579e-05 0.0178881
4.04 0 -1.75582e-05 0.017954
4.05 0 -1.75581e-05 0.0180244
4.06 0 -1.75575e-05 0.0180995
4.07 0 -1.75576e-05 0.0181793
4.08 0 -1.75577e-05 0.018264
4.09 0 -1.75578e-05 0.0183535
4.1 0 -1.75578e-05 0.0184481
4.11 0 -1.75575e-05 0.018548
4.12 0 -1.75574e-05 0.0186534
4.13 0 -1.75574e-05 0.0187646
4.14 0 -1.75572e-05 0.0188821
4.15 0 -1.75558e-05 0.0190064
4.16 0 -1.75554e-05 0.0191381
4.17 0 -1.75578e-05 0.019278
4.18 0 -1.75551e-05 0.0194268
4.19 0 -1.75524e-05 0.0195853
4.2 0 -1.75552e-05 0.0197543
4.21 0 -1.75487e-05 0.0199346
4.22 0 -1.75386e-05 0.0201277
4.23 0 -1.75348e-05 0.0203345
4.24 0 -1.75319e-05 0.0205561
4.25 0 -1.75224e-05 0.020793
4.26 0 -1.74998e-05 0.021045
4.27 0 -1.74796e-05 0.0213116
4.28 0 -1.74614e-05 0.0215912
4.29 0 -1.74429e-05 0.0218814
4.3 0 -1.74293e-05 0.0221785
4.31 0 -1.73986e-05 0.0224777
4.32 0 -1.73638e-05 0.0227735
4.33 0 -1.73433e-05 0.0230596
4.34 0 -1.73158e-05 0.0233292
4.35 0 -1.72848e-05 0.0235753
4.36 0 -1.72587e-05 0.0237902
4.37 0 -1.72373e-05 0.023965
4.38 0 -1.72323e-05 0.0240904
4.39 0 -1.72195e-05 0.024152
4.4 0 -1.72275e-05 0.0241359
4.41 0 -1.74064e-05 0.0240564
4.42 0 -1.75634e-05 0.0239567
4.43 0 -1.75531e-05 0.023875
4.44 0 -1.75634e-05 0.0238253
4.45 0 -1.75489e-05 0.0238039
4.46 0 -1.75592e-05 0.0238034
4.47 0 -1.7561e-05 0.0238155
4.48 0 -1.75553e-05 0.0238307
4.49 0 -1.75589e-05 0.0238409
4.5 0 -1.75528e-05 0.0238429
4.51 0 -1.75606e-05 0.0238384
4.52 0 -1.75571e-05 0.0238315
4.53 0 -1.75584e-05 0.0238255
4.54 0 -1.75548e-05 0.0238226
4.55 0 -1.75577e-05 0.0238225
4.56 0 -1.75579e-05 0.0238241
4.57 0 -1.75578e-05 0.0238256
4.58 0 -1.75569e-05 0.0238262
4.59 0 -1.75559e-05 0.0238256
4.6 0 -1.7558e-05 0.0238244
4.61 0 -1.75574e-05 0.0238231
4.62 0 -1.75575e-05 0.0238223
4.63 0 -1.75565e-05 0.0238222
4.64 0 -1.75571e-05 0.0238226
4.65 0 -1.75576e-05 0.0238232
4.66 0 -1.75577e-05 0.0238238
4.67 0 -1.7557e-05 0.0238242
4.68 0 -1.75568e-05 0.0238247
4.69 0 -1.75573e-05 0.0238254
4.7 0 -1.75577e-05 0.0238266
4.71 0 -1.75574e-05 0.0238281
4.72 0 -1.75569e-05 0.0238301
4.73 0 -1.7557e-05 0.0238324
4.74 0 -1.75574e-05 0.023835
4.75 0 -1.75575e-05 0.0238379
4.76 0 -1.75572e-05 0.023841
4.77 0 -1.75571e-05 0.023845
4.78 0 -1.75572e-05 0.0238513
4.79 0 -1.75574e-05 0.0238614
4.8 0 -1.75573e-05 0.0238758
4.81 0 -1.75572e-05 0.0238931
4.82 0 -1.75571e-05 0.023908
4.83 0 -1.75573e-05 0.023915
4.84 0 -1.75574e-05 0.0239136
4.85 0 -1.75572e-05 0.023908
4.86 0 -1.75571e-05 0.0239029
4.87 0 -1.75572e-05 0.0239013
4.88 0 -1.75573e-05 0.0239034
4.89 0 -1.75578e-05 0.0239083
4.9 0 -1.75586e-05 0.0239139
4.91 0 -1.75589e-05 0.023919
4.92 0 -1.75581e-05 0.0239228
4.93 0 -1.75575e-05 0.0239256
4.94 0 -1.7558e-05 0.0239281
4.95 0 -1.75587e-05 0.0239308
4.96 0 -1.7559e-05 0.0239348
4.97 0 -1.75578e-05 0.0239412
4.98 0 -1.7557e-05 0.023951
4.99 0 -1.75578e-05 0.023965
5 0 -1.75588e-05 0.0239838
5.01 0 -1.75582e-05 0.0240079
5.02 0 -1.75567e-05 0.0240377
5.03 0 -1.75571e-05 0.0240736
5.04 0 -1.75578e-05 0.0241161
5.05 0 -1.75582e-05 0.0241658
5.06 0 -1.75571e-05 0.0242232
5.07 0 -1.75568e-05 0.0242891
5.08 0 -1.75571e-05 0.0243643
5.09 0 -1.75575e-05 0.0244506
5.1 0 -1.75568e-05 0.02455
5.11 0 -1.75541e-05 0.0246643
5.12 0 -1.75523e-05 0.0247957
5.13 0 -1.75482e-05 0.0249462
5.14 0 -1.75411e-05 0.0251177
5.15 0 -1.7532e-05 0.025312
5.16 0 -1.75218e-05 0.025531
5.17 0 -1.75102e-05 0.0257759
5.18 0 -1.74919e-05 0.0260476
5.19 0 -1.746e-05 0.0263463
5.2 0 -1.74266e-05 0.0266714
5.21 0 -1.73927e-05 0.027022
5.22 0 -1.73493e-05 0.0273966
5.23 0 -1.72963e-05 0.0277925
5.24 0 -1.72273e-05 0.0282055
5.25 0 -1.71703e-05 0.0286303
5.26 0 -1.71034e-05 0.0290605
5.27 0 -1.70224e-05 0.0294876
5.28 0 -1.69477e-05 0.029901
5.29 0 -1.68624e-05 0.030288
5.3 0 -1.68031e-05 0.0306336
5.31 0 -1.67312e-05 0.0309184
5.32 0 -1.67006e-05 0.0311151
5.33 0 -1.66768e-05 0.0311785
5.34 0 -1.69449e-05 0.0310941
5.35 0 -1.75643e-05 0.0309307
5.36 0 -1.75712e-05 0.0307664
5.37 0 -1.75395e-05 0.0306344
5.38 0 -1.75693e-05 0.0305464
5.39 0 -1.75422e-05 0.0304983
5.4 0 -1.75736e-05 0.0304779
5.41 0 -1.75531e-05 0.0304772
5.42 0 -1.75575e-05 0.0304892
5.43 0 -1.75519e-05 0.030506
5.44 0 -1.75629e-05 0.0305213
5.45 0 -1.75571e-05 0.0305305
5.46 0 -1.75605e-05 0.0305324
5.47 0 -1.75521e-05 0.0305291
5.48 0 -1.75586e-05 0.0305241
5.49 0 -1.75594e-05 0.03052
5.5 0 -1.75586e-05 0.0305182
5.51 0 -1.75567e-05 0.0305185
5.52 0 -1.75557e-05 0.0305198
5.53 0 -1.75585e-05 0.0305209
5.54 0 -1.75588e-05 0.0305211
5.55 0 -1.7558e-05 0.0305204
5.56 0 -1.75559e-05 0.0305191
5.57 0 -1.75576e-05 0.0305178
5.58 0 -1.75581e-05 0.0305168
5.59 0 -1.75586e-05 0.0305163
5.6 0 -1.7557e-05 0.0305162
5.61 0 -1.75569e-05 0.0305163
5.62 0 -1.75577e-05 0.0305163
5.63 0 -1.75583e-05 0.0305161
5.64 0 -1.75578e-05 0.0305159
5.65 0 -1.75571e-05 0.030516
5.66 0 -1.75573e-05 0.0305164
5.67 0 -1.75579e-05 0.0305169
5.68 0 -1.7558e-05 0.0305177
5.69 0 -1.75574e-05 0.0305186
5.7 0 -1.75572e-05 0.0305198
5.71 0 -1.75575e-05 0.0305213
5.72 0 -1.75579e-05 0.0305229
5.73 0 -1.75578e-05 0.0305249
5.74 0 -1.75574e-05 0.030527
5.75 0 -1.75574e-05 0.0305294
5.76 0 -1.75577e-05 0.0305321
5.77 0 -1.75577e-05 0.0305351
5.78 0 -1.75576e-05 0.0305387
5.79 0 -1.75574e-05 0.030544
5.8 0 -1.75576e-05 0.0305525
5.81 0 -1.75578e-05 0.0305652
5.82 0 -1.75576e-05 0.0305815
5.83 0 -1.75576e-05 0.0305977
5.84 0 -1.75575e-05 0.0306086
5.85 0 -1.75576e-05 0.0306111
5.86 0 -1.75577e-05 0.0306072
5.87 0 -1.75575e-05 0.0306014
5.88 0 -1.75576e-05 0.0305976
5.89 0 -1.75575e-05 0.0305974
5.9 0 -1.75577e-05 0.0306005
5.91 0 -1.75576e-05 0.0306055
5.92 0 -1.75586e-05 0.0306106
5.93 0 -1.75594e-05 0.0306149
5.94 0 -1.75571e-05 0.0306181
5.95 0 -1.75576e-05 0.0306207
5.96 0 -1.75602e-05 0.0306233
5.97 0 -1.75578e-05 0.0306265
5.98 0 -1.7558e-05 0.0306306
5.99 0 -1.75593e-05 0.0306366
6 0 -1.75571e-05 0.0306458
6.01 0 -1.75583e-05 0.0306588
6.02 0 -1.75584e-05 0.0306761
6.03 0 -1.75583e-05 0.030698
6.04 0 -1.75585e-05 0.0307248
6.05 0 -1.75564e-05 0.0307569
6.06 0 -1.75581e-05 0.0307943
6.07 0 -1.75587e-05 0.0308372
6.08 0 -1.75574e-05 0.030886
6.09 0 -1.75569e-05 0.0309409
6.1 0 -1.75574e-05 0.0310022
6.11 0 -1.75581e-05 0.0310704
6.12 0 -1.75574e-05 0.031146
6.13 0 -1.75567e-05 0.0312295
6.14 0 -1.75559e-05 0.0313217
6.15 0 -1.75537e-05 0.0314235
6.16 0 -1.75557e-05 0.0315359
6.17 0 -1.75581e-05 0.0316603
6.18 0 -1.75544e-05 0.0317992
6.19 0 -1.75547e-05 0.0319563
6.2 0 -1.75508e-05 0.0321349
6.21 0 -1.75486e-05 0.0323378
6.22 0 -1.75538e-05 0.032567
6.23 0 -1.75399e-05 0.0328244
6.24 0 -1.75345e-05 0.0331109
6.25 0 -1.75357e-05 0.033427
6.26 0 -1.75195e-05 0.0337722
6.27 0 -1.75022e-05 0.0341449
6.28 0 -1.74816e-05 0.0345421
6.29 0 -1.74661e-05 0.0349591
6.3 0 -1.74431e-05 0.0353893
6.31 0 -1.7408e-05 0.0358245
6.32 0 -1.73756e-05 0.0362544
6.33 0 -1.73378e-05 0.0366674
6.34 0 -1.72994e-05 0.0370502
6.35 0 -1.72727e-05 0.0373864
6.36 0 -1.72413e-05 0.0376504
6.37 0 -1.72193e-05 0.0378077
6.38 0 -1.72266e-05 0.03784
6.39 0 -1.73654e-05 0.0377753
6.4 0 -1.75578e-05 0.0376745
6.41 0 -1.75563e-05 0.0375908
6.42 0 -1.75507e-05 0.037546
6.43 0 -1.75613e-05 0.0375324
6.44 0 -1.75593e-05 0.0375353
6.45 0 -1.75592e-05 0.0375468
6.46 0 -1.75514e-05 0.0375605
6.47 0 -1.75591e-05 0.0375708
6.48 0 -1.7557e-05 0.0375751
6.49 0 -1.7561e-05 0.0375742
6.5 0 -1.75549e-05 0.0375706
6.51 0 -1.75556e-05 0.0375669
6.52 0 -1.75578e-05 0.0375647
6.53 0 -1.75588e-05 0.0375643
6.54 0 -1.75578e-05 0.0375651
6.55 0 -1.75558e-05 0.0375661
6.56 0 -1.75566e-05 0.0375666
6.57 0 -1.7558e-05 0.0375663
6.58 0 -1.75585e-05 0.0375655
6.59 0 -1.75566e-05 0.0375645
6.6 0 -1.75566e-05 0.0375637
6.61 0 -1.75571e-05 0.0375633
6.62 0 -1.75582e-05 0.0375633
6.63 0 -1.75576e-05 0.0375635
6.64 0 -1.75567e-05 0.0375638
6.65 0 -1.75569e-05 0.0375641
6.66 0 -1.75576e-05 0.0375645
6.67 0 -1.75578e-05 0.037565
6.68 0 -1.75572e-05 0.0375657
6.69 0 -1.75568e-05 0.0375667
6.7 0 -1.75571e-05 0.0375679
6.71 0 -1.75577e-05 0.0375694
6.72 0 -1.75576e-05 0.0375712
6.73 0 -1.7557e-05 0.0375732
6.74 0 -1.75569e-05 0.0375755
6.75 0 -1.75573e-05 0.0375781
6.76 0 -1.75576e-05 0.037581
6.77 0 -1.75574e-05 0.037585
6.78 0 -1.7557e-05 0.0375915
6.79 0 -1.75571e-05 0.037602
6.8 0 -1.75575e-05 0.0376167
6.81 0 -1.75575e-05 0.037633
6.82 0 -1.75572e-05 0.0376457
6.83 0 -1.75571e-05 0.0376505
6.84 0 -1.75572e-05 0.0376482
6.85 0 -1.75575e-05 0.0376426
6.86 0 -1.75573e-05 0.037638
6.87 0 -1.75572e-05 0.0376368
6.88 0 -1.75572e-05 0.0376391
6.89 0 -1.75585e-05 0.0376436
6.9 0 -1.75595e-05 0.0376488
6.91 0 -1.75579e-05 0.0376533
6.92 0 -1.75579e-05 0.0376568
6.93 0 -1.7559e-05 0.0376596
6.94 0 -1.75588e-05 0.0376621
6.95 0 -1.75585e-05 0.0376648
6.96 0 -1.75575e-05 0.037668
6.97 0 -1.75583e-05 0.0376721
6.98 0 -1.7559e-05 0.0376785
6.99 0 -1.75576e-05 0.0376881
7 0 -1.75584e-05 0.037702
7.01 0 -1.75581e-05 0.0377208
7.02 0 -1.75573e-05 0.0377452
7.03 0 -1.75579e-05 0.0377756
7.04 0 -1.7558e-05 0.0378127
7.05 0 -1.75577e-05 0.0378571
7.06 0 -1.75567e-05 0.0379096
7.07 0 -1.75575e-05 0.0379713
7.08 0 -1.75571e-05 0.0380433
7.09 0 -1.7558e-05 0.0381273
7.1 0 -1.75558e-05 0.0382253
7.11 0 -1.75536e-05 0.0383397
7.12 0 -1.75514e-05 0.0384737
7.13 0 -1.75445e-05 0.0386313
7.14 0 -1.7541e-05 0.0388167
7.15 0 -1.75335e-05 0.0390337
7.16 0 -1.7527e-05 0.0392864
7.17 0 -1.75166e-05 0.0395787
7.18 0 -1.75001e-05 0.0399145
7.19 0 -1.74805e-05 0.0402972
7.2 0 -1.74541e-05 0.0407299
7.21 0 -1.7426e-05 0.0412145
7.22 0 -1.73844e-05 0.0417504
7.23 0 -1.73328e-05 0.0423341
7.24 0 -1.72642e-05 0.0429582
7.25 0 -1.71964e-05 0.0436116
7.26 0 -1.71013e-05 0.0442781
7.27 0 -1.69802e-05 0.0449358
7.28 0 -1.68731e-05 0.0455556
7.29 0 -1.67609e-05 0.0460999
7.3 0 -1.66804e-05 0.0465178
7.31 0 -1.66193e-05 0.0467434
7.32 0 -1.66321e-05 0.0467376
7.33 0 -1.72403e-05 0.0465706
7.34 0 -1.7581e-05 0.0463833
7.35 0 -1.75335e-05 0.0462504
7.36 0 -1.75702e-05 0.0461674
7.37 0 -1.75432e-05 0.0461176
7.38 0 -1.75686e-05 0.0460911
7.39 0 -1.75575e-05 0.0460816
7.4 0 -1.7552e-05 0.0460844
7.41 0 -1.75569e-05 0.0460944
7.42 0 -1.75563e-05 0.046106
7.43 0 -1.75611e-05 0.0461142
7.44 0 -1.75563e-05 0.0461171
7.45 0 -1.75543e-05 0.0461157
7.46 0 -1.75563e-05 0.0461123
7.47 0 -1.7559e-05 0.046109
7.48 0 -1.75581e-05 0.046107
7.49 0 -1.75559e-05 0.0461066
7.5 0 -1.75555e-05 0.0461072
7.51 0 -1.75573e-05 0.0461078
7.52 0 -1.75585e-05 0.0461078
7.53 0 -1.75571e-05 0.046107
7.54 0 -1.75558e-05 0.0461058
7.55 0 -1.75566e-05 0.0461044
7.56 0 -1.75575e-05 0.0461032
7.57 0 -1.75578e-05 0.0461025
7.58 0 -1.75565e-05 0.046102
7.59 0 -1.75562e-05 0.0461017
7.6 0 -1.7557e-05 0.0461014
7.61 0 -1.75576e-05 0.0461011
7.62 0 -1.75572e-05 0.0461007
7.63 0 -1.75565e-05 0.0461004
7.64 0 -1.75566e-05 0.0461003
7.65 0 -1.75573e-05 0.0461005
7.66 0 -1.75574e-05 0.0461008
7.67 0 -1.75569e-05 0.0461012
7.68 0 -1.75566e-05 0.0461017
7.69 0 -1.75569e-05 0.0461026
7.7 0 -1.75573e-05 0.0461038
7.71 0 -1.75571e-05 0.0461052
7.72 0 -1.75566e-05 0.0461069
7.73 0 -1.75568e-05 0.0461089
7.74 0 -1.75572e-05 0.046111
7.75 0 -1.75571e-05 0.0461134
7.76 0 -1.75569e-05 0.046116
7.77 0 -1.75568e-05 0.0461189
7.78 0 -1.75569e-05 0.0461221
7.79 0 -1.75571e-05 0.0461257
7.8 0 -1.75571e-05 0.0461306
7.81 0 -1.75569e-05 0.0461384
7.82 0 -1.75569e-05 0.0461506
7.83 0 -1.75568e-05 0.0461667
7.84 0 -1.75571e-05 0.0461837
7.85 0 -1.7557e-05 0.0461961
7.86 0 -1.75569e-05 0.0462001
7.87 0 -1.7557e-05 0.046197
7.88 0 -1.75569e-05 0.046191
7.89 0 -1.75571e-05 0.0461866
7.9 0 -1.75569e-05 0.0461858
7.91 0 -1.75569e-05 0.0461885
7.92 0 -1.7557e-05 0.0461935
7.93 0 -1.7557e-05 0.0461988
7.94 0 -1.7557e-05 0.0462034
7.95 0 -1.75582e-05 0.0462065
7.96 0 -1.75592e-05 0.0462084
7.97 0 -1.75565e-05 0.0462104
7.98 0 -1.75558e-05 0.0462133
7.99 0 -1.75593e-05 0.0462178
8 0 -1.75598e-05 0.0462247
8.01 0 -1.75568e-05 0.0462348
8.02 0 -1.75565e-05 0.0462488
8.03 0 -1.75586e-05 0.0462671
8.04 0 -1.75581e-05 0.0462899
8.05 0 -1.75569e-05 0.0463173
8.06 0 -1.75565e-05 0.0463495
8.07 0 -1.75569e-05 0.0463866
8.08 0 -1.7558e-05 0.0464286
8.09 0 -1.75567e-05 0.0464756
8.1 0 -1.75558e-05 0.0465277
8.11 0 -1.75566e-05 0.0465851
8.12 0 -1.7557e-05 0.0466479
8.13 0 -1.75568e-05 0.0467163
8.14 0 -1.75544e-05 0.0467906
8.15 0 -1.75529e-05 0.046871
8.16 0 -1.7556e-05 0.0469578
8.17 0 -1.75565e-05 0.0470514
8.18 0 -1.7553e-05 0.0471523
8.19 0 -1.75555e-05 0.0472611
8.2 0 -1.75542e-05 0.0473783
8.21 0 -1.75577e-05 0.047505
8.22 0 -1.75655e-05 0.0476418
8.23 0 -1.75532e-05 0.0477909
8.24 0 -1.75477e-05 0.0479555
8.25 0 -1.75485e-05 0.0481387
8.26 0 -1.75391e-05 0.048342
8.27 0 -1.75313e-05 0.0485659
8.28 0 -1.75048e-05 0.0488101
8.29 0 -1.74811e-05 0.0490735
8.3 0 -1.74714e-05 0.0493537
8.31 0 -1.74485e-05 0.0496476
8.32 0 -1.74211e-05 0.0499502
8.33 0 -1.7388e-05 0.0502556
8.34 0 -1.73499e-05 0.0505566
8.35 0 -1.73208e-05 0.0508447
8.36 0 -1.72893e-05 0.0511105
8.37 0 -1.7256e-05 0.0513429
8.38 0 -1.72325e-05 0.0515289
8.39 0 -1.72097e-05 0.0516461
8.4 0 -1.72131e-05 0.0516689
8.41 0 -1.73549e-05 0.0516053
8.42 0 -1.75642e-05 0.0515017
8.43 0 -1.75496e-05 0.0514083
8.44 0 -1.75559e-05 0.0513513
8.45 0 -1.75585e-05 0.0513305
8.46 0 -1.7557e-05 0.0513351
8.47 0 -1.75644e-05 0.0513532
8.48 0 -1.75479e-05 0.0513727
8.49 0 -1.75609e-05 0.0513846
8.5 0 -1.75554e-05 0.0513864
8.51 0 -1.75617e-05 0.0513812
8.52 0 -1.75552e-05 0.0513739
8.53 0 -1.75561e-05 0.0513684
8.54 0 -1.75565e-05 0.0513662
8.55 0 -1.75594e-05 0.0513672
8.56 0 -1.7558e-05 0.0513696
8.57 0 -1.75557e-05 0.0513718
8.58 0 -1.75569e-05 0.0513728
8.59 0 -1.75572e-05 0.0513725
8.6 0 -1.7559e-05 0.0513715
8.61 0 -1.75567e-05 0.0513704
8.62 0 -1.75565e-05 0.0513698
8.63 0 -1.7557e-05 0.0513699
8.64 0 -1.7558e-05 0.0513704
8.65 0 -1.75577e-05 0.0513712
8.66 0 -1.75569e-05 0.051372
8.67 0 -1.75567e-05 0.0513728
8.68 0 -1.75575e-05 0.0513737
8.69 0 -1.75578e-05 0.0513746
8.7 0 -1.75573e-05 0.0513758
8.71 0 -1.75569e-05 0.0513773
8.72 0 -1.7557e-05 0.0513791
8.73 0 -1.75576e-05 0.0513812
8.74 0 -1.75576e-05 0.0513837
8.75 0 -1.75571e-05 0.051387
8.76 0 -1.7557e-05 0.0513921
8.77 0 -1.75573e-05 0.0514002
8.78 0 -1.75575e-05 0.0514119
8.79 0 -1.75574e-05 0.0514264
8.8 0 -1.7557e-05 0.0514411
8.81 0 -1.75572e-05 0.0514515
8.82 0 -1.75574e-05 0.0514545
8.83 0 -1.75574e-05 0.0514512
8.84 0 -1.75573e-05 0.0514457
8.85 0 -1.75571e-05 0.0514417
8.86 0 -1.75573e-05 0.051441
8.87 0 -1.75574e-05 0.0514435
8.88 0 -1.75577e-05 0.051448
8.89 0 -1.75593e-05 0.0514528
8.9 0 -1.75605e-05 0.0514569
8.91 0 -1.75586e-05 0.0514601
8.92 0 -1.7557e-05 0.0514628
8.93 0 -1.75599e-05 0.0514654
8.94 0 -1.75612e-05 0.0514683
8.95 0 -1.75587e-05 0.0514718
8.96 0 -1.7558e-05 0.0514762
8.97 0 -1.75591e-05 0.0514828
8.98 0 -1.756e-05 0.0514928
8.99 0 -1.75598e-05 0.0515073
9 0 -1.75577e-05 0.0515271
9.01 0 -1.75572e-05 0.0515533
9.02 0 -1.75588e-05 0.0515868
9.03 0 -1.75583e-05 0.0516288
9.04 0 -1.75584e-05 0.0516807
9.05 0 -1.75565e-05 0.0517444
9.06 0 -1.75577e-05 0.0518226
9.07 0 -1.75567e-05 0.0519202
9.08 0 -1.75569e-05 0.0520423
9.09 0 -1.75554e-05 0.0521946
9.1 0 -1.75533e-05 0.052383
9.11 0 -1.7552e-05 0.0526139
9.12 0 -1.75457e-05 0.0528942
9.13 0 -1.75357e-05 0.0532311
9.14 0 -1.75223e-05 0.0536322
9.15 0 -1.7508e-05 0.0541049
9.16 0 -1.74835e-05 0.0546559
9.17 0 -1.74469e-05 0.0552906
9.18 0 -1.73973e-05 0.0560119
9.19 0 -1.73279e-05 0.0568189
9.2 0 -1.72286e-05 0.0577048
9.21 0 -1.70943e-05 0.0586553
9.22 0 -1.69264e-05 0.0596457
9.23 0 -1.67102e-05 0.0606396
9.24 0 -1.64797e-05 0.0615845
9.25 0 -1.62663e-05 0.0624105
9.26 0 -1.60603e-05 0.0630024
9.27 0 -1.6002e-05 0.0632345
9.28 0 -1.64451e-05 0.0631264
9.29 0 -1.75694e-05 0.0628733
9.3 0 -1.75711e-05 0.0626511
9.31 0 -1.75198e-05 0.0625028
9.32 0 -1.75791e-05 0.0624105
9.33 0 -1.75187e-05 0.0623564
9.34 0 -1.76049e-05 0.0623284
9.35 0 -1.75226e-05 0.0623186
9.36 0 -1.75654e-05 0.0623211
9.37 0 -1.75399e-05 0.0623306
9.38 0 -1.75666e-05 0.0623417
9.39 0 -1.75574e-05 0.062351
9.4 0 -1.75515e-05 0.0623566
9.41 0 -1.75481e-05 0.0623583
9.42 0 -1.75558e-05 0.0623569
9.43 0 -1.75607e-05 0.0623542
9.44 0 -1.75534e-05 0.0623518
9.45 0 -1.75527e-05 0.0623504
9.46 0 -1.75501e-05 0.0623501
9.47 0 -1.75588e-05 0.0623505
9.48 0 -1.75563e-05 0.0623507
9.49 0 -1.75536e-05 0.0623504
9.5 0 -1.75516e-05 0.0623494
9.51 0 -1.75546e-05 0.062348
9.52 0 -1.75566e-05 0.0623465
9.53 0 -1.75556e-05 0.062345
9.54 0 -1.75525e-05 0.0623439
9.55 0 -1.75534e-05 0.0623431
9.56 0 -1.75554e-05 0.0623423
9.57 0 -1.75559e-05 0.0623415
9.58 0 -1.75543e-05 0.0623405
9.59 0 -1.75531e-05 0.0623397
9.6 0 -1.75543e-05 0.0623389
9.61 0 -1.75555e-05 0.0623378
9.62 0 -1.75551e-05 0.0623364
9.63 0 -1.75539e-05 0.0623345
9.64 0 -1.75539e-05 0.0623323
9.65 0 -1.75548e-05 0.06233
9.66 0 -1.75553e-05 0.0623279
9.67 0 -1.75545e-05 0.0623262
9.68 0 -1.7554e-05 0.0623251
9.69 0 -1.75543e-05 0.0623249
9.7 0 -1.75549e-05 0.0623258
9.71 0 -1.75549e-05 0.0623278
9.72 0 -1.75543e-05 0.0623305
9.73 0 -1.75542e-05 0.0623331
9.74 0 -1.75546e-05 0.0623355
9.75 0 -1.75548e-05 0.0623378
9.76 0 -1.75546e-05 0.06234
9.77 0 -1.75543e-05 0.0623426
9.78 0 -1.75544e-05 0.0623456
9.79 0 -1.75547e-05 0.0623489
9.8 0 -1.75547e-05 0.0623527
9.81 0 -1.75544e-05 0.0623567
9.82 0 -1.75544e-05 0.0623611
9.83 0 -1.75545e-05 0.0623664
9.84 0 -1.75547e-05 0.0623739
9.85 0 -1.75546e-05 0.0623853
9.86 0 -1.75544e-05 0.0624012
9.87 0 -1.75545e-05 0.0624184
9.88 0 -1.75546e-05 0.0624313
9.89 0 -1.75545e-05 0.0624358
9.9 0 -1.75546e-05 0.0624331
9.91 0 -1.75544e-05 0.0624275
9.92 0 -1.75546e-05 0.0624234
9.93 0 -1.75546e-05 0.0624229
9.94 0 -1.75545e-05 0.062426
9.95 0 -1.75545e-05 0.0624312
9.96 0 -1.75545e-05 0.0624368
9.97 0 -1.75546e-05 0.0624412
9.98 0 -1.75546e-05 0.0624439
9.99 0 -1.75545e-05 0.0624457
10 0 -1.75545e-05 0.0624475
10.01 0 -1.75545e-05 0.0624499
10.02 0 -1.7556e-05 0.0624539
10.03 0 -1.75569e-05 0.0624608
10.04 0 -1.75541e-05 0.0624715
10.05 0 -1.75533e-05 0.0624863
10.06 0 -1.75558e-05 0.0625052
10.07 0 -1.75555e-05 0.0625282
10.08 0 -1.75561e-05 0.0625553
10.09 0 -1.75561e-05 0.0625865
10.1 0 -1.75533e-05 0.0626217
10.11 0 -1.75545e-05 0.0626609
10.12 0 -1.75573e-05 0.0627039
10.13 0 -1.75569e-05 0.0627506
10.14 0 -1.75542e-05 0.062801
10.15 0 -1.75532e-05 0.0628549
10.16 0 -1.75552e-05 0.0629122
10.17 0 -1.75562e-05 0.062973
10.18 0 -1.75563e-05 0.0630374
10.19 0 -1.7555e-05 0.0631053
10.2 0 -1.75532e-05 0.0631769
10.21 0 -1.75548e-05 0.0632524
10.22 0 -1.75556e-05 0.0633321
10.23 0 -1.75555e-05 0.0634163
10.24 0 -1.75558e-05 0.0635055
10.25 0 -1.75541e-05 0.0636002
10.26 0 -1.75541e-05 0.0637008
10.27 0 -1.7555e-05 0.0638083
10.28 0 -1.75559e-05 0.0639233
10.29 0 -1.75563e-05 0.0640468
10.3 0 -1.7554e-05 0.0641798
10.31 0 -1.75518e-05 0.0643233
10.32 0 -1.75503e-05 0.0644785
10.33 0 -1.75472e-05 0.0646468
10.34 0 -1.75421e-05 0.0648299
10.35 0 -1.75372e-05 0.0650297
10.36 0 -1.75278e-05 0.0652492
10.37 0 -1.75216e-05 0.0654919
10.38 0 -1.75104e-05 0.0657632
10.39 0 -1.74941e-05 0.0660714
10.4 0 -1.74754e-05 0.0664257
10.41 0 -1.74483e-05 0.066834
10.42 0 -1.74138e-05 0.067303
10.43 0 -1.73665e-05 0.0678381
10.44 0 -1.7303e-05 0.0684426
10.45 0 -1.72194e-05 0.0691162
10.46 0 -1.71106e-05 0.0698546
10.47 0 -1.69714e-05 0.0706475
10.48 0 -1.67987e-05 0.0714782
10.49 0 -1.65921e-05 0.0723235
10.5 0 -1.63565e-05 0.073154
10.51 0 -1.61029e-05 0.073937
10.52 0 -1.58473e-05 0.0746388
10.53 0 -1.56086e-05 0.0752289
10.54 0 -1.54036e-05 0.0756811
10.55 0 -1.52761e-05 0.0759554
10.56 0 -1.52657e-05 0.0759956
10.57 0 -1.61224e-05 0.0758439
10.58 0 -1.7338e-05 0.075669
10.59 0 -1.75416e-05 0.0755882
10.6 0 -1.75289e-05 0.0755946
10.61 0 -1.75713e-05 0.0756376
10.62 0 -1.75495e-05 0.075684
10.63 0 -1.75592e-05 0.0757246
10.64 0 -1.75554e-05 0.0757586
10.65 0 -1.75647e-05 0.0757818
10.66 0 -1.7568e-05 0.0757873
10.67 0 -1.75735e-05 0.0757712
10.68 0 -1.75459e-05 0.0757399
10.69 0 -1.75353e-05 0.0757078
10.7 0 -1.75426e-05 0.0756871
10.71 0 -1.75707e-05 0.0756816
10.72 0 -1.75573e-05 0.0756866
10.73 0 -1.75388e-05 0.0756939
10.74 0 -1.75462e-05 0.0756959
10.75 0 -1.75499e-05 0.0756916
10.76 0 -1.75647e-05 0.0756857
10.77 0 -1.755e-05 0.0756829
10.78 0 -1.7541e-05 0.0756844
10.79 0 -1.75507e-05 0.0756889
10.8 0 -1.75546e-05 0.075694
10.81 0 -1.75571e-05 0.0756978
10.82 0 -1.75471e-05 0.0756996
10.83 0 -1.75456e-05 0.0756997
10.84 0 -1.75524e-05 0.0756987
10.85 0 -1.75553e-05 0.0756976
10.86 0 -1.75518e-05 0.0756972
10.87 0 -1.75474e-05 0.0756978
10.88 0 -1.7549e-05 0.0756997
10.89 0 -1.75532e-05 0.0757024
10.9 0 -1.75537e-05 0.0757051
10.91 0 -1.75497e-05 0.0757077
10.92 0 -1.75486e-05 0.0757104
10.93 0 -1.75509e-05 0.0757135
10.94 0 -1.7553e-05 0.0757174
10.95 0 -1.75518e-05 0.0757222
10.96 0 -1.75494e-05 0.0757278
10.97 0 -1.75498e-05 0.0757342
10.98 0 -1.75518e-05 0.0757407
10.99 0 -1.75522e-05 0.0757465
11 0 -1.75508e-05 0.07575
11.01 0 -1.75498e-05 0.0757499
11.02 0 -1.75507e-05 0.0757471
11.03 0 -1.75521e-05 0.0757432
11.04 0 -1.75518e-05 0.0757399
11.05 0 -1.75505e-05 0.0757378
11.06 0 -1.75499e-05 0.0757368
11.07 0 -1.75511e-05 0.0757367
11.08 0 -1.75519e-05 0.0757369
11.09 0 -1.75512e-05 0.0757375
11.1 0 -1.75507e-05 0.0757381
11.11 0 -1.75508e-05 0.0757389
11.12 0 -1.75512e-05 0.0757398
11.13 0 -1.75514e-05 0.0757406
11.14 0 -1.75511e-05 0.0757413
11.15 0 -1.75509e-05 0.0757419
11.16 0 -1.75508e-05 0.0757424
11.17 0 -1.75511e-05 0.0757428
11.18 0 -1.75513e-05 0.0757431
11.19 0 -1.7551e-05 0.0757433
11.2 0 -1.75509e-05 0.0757435
11.21 0 -1.75509e-05 0.0757438
11.22 0 -1.75511e-05 0.0757442
11.23 0 -1.75511e-05 0.0757448
11.24 0 -1.75509e-05 0.0757456
11.25 0 -1.75513e-05 0.0757465
11.26 0 -1.75513e-05 0.0757473
11.27 0 -1.75507e-05 0.0757482
11.28 0 -1.75508e-05 0.0757491
11.29 0 -1.75511e-05 0.0757501
11.3 0 -1.75512e-05 0.075751
11.31 0 -1.75512e-05 0.0757518
11.32 0 -1.7551e-05 0.0757526
11.33 0 -1.7551e-05 0.0757536
11.34 0 -1.75512e-05 0.0757548
11.35 0 -1.75513e-05 0.0757562
11.36 0 -1.7551e-05 0.0757578
11.37 0 -1.7551e-05 0.0757596
11.38 0 -1.75509e-05 0.0757614
11.39 0 -1.75512e-05 0.0757634
11.4 0 -1.75514e-05 0.0757657
11.41 0 -1.75511e-05 0.0757681
11.42 0 -1.7551e-05 0.0757709
11.43 0 -1.7551e-05 0.0757739
11.44 0 -1.75511e-05 0.0757774
11.45 0 -1.75511e-05 0.0757813
11.46 0 -1.7551e-05 0.0757855
11.47 0 -1.75517e-05 0.0757913
11.48 0 -1.75515e-05 0.0758013
11.49 0 -1.75515e-05 0.075817
11.5 0 -1.75522e-05 0.075839
11.51 0 -1.7551e-05 0.0758684
11.52 0 -1.75517e-05 0.0759061
11.53 0 -1.75514e-05 0.075953
11.54 0 -1.75514e-05 0.0760097
11.55 0 -1.75519e-05 0.0760771
11.56 0 -1.75511e-05 0.0761561
11.57 0 -1.75515e-05 0.0762474
11.58 0 -1.75513e-05 0.0763514
11.59 0 -1.75513e-05 0.0764676
11.6 0 -1.75431e-05 0.0765933
11.61 0 -1.75266e-05 0.0767258
11.62 0 -1.7507e-05 0.0768632
11.63 0 -1.74854e-05 0.0770042
11.64 0 -1.74625e-05 0.0771478
11.65 0 -1.74379e-05 0.0772927
11.66 0 -1.74127e-05 0.0774377
11.67 0 -1.73864e-05 0.0775815
11.68 0 -1.736e-05 0.0777226
11.69 0 -1.73331e-05 0.0778598
11.7 0 -1.73065e-05 0.0779918
11.71 0 -1.72804e-05 0.0781172
11.72 0 -1.72552e-05 0.0782349
11.73 0 -1.72314e-05 0.0783436
11.74 0 -1.72091e-05 0.0784424
11.75 0 -1.71888e-05 0.0785305
11.76 0 -1.7171e-05 0.078607
11.77 0 -1.71556e-05 0.0786716
11.78 0 -1.7143e-05 0.078724
11.79 0 -1.71332e-05 0.078764
11.8 0 -1.7126e-05 0.0787917
11.81 0 -1.71217e-05 0.0788064
11.82 0 -1.71202e-05 0.0788074
11.83 0 -1.71297e-05 0.078795
11.84 0 -1.71667e-05 0.0787724
11.85 0 -1.72466e-05 0.0787459
11.86 0 -1.73145e-05 0.0787213
11.87 0 -1.73684e-05 0.0787024
11.88 0 -1.74047e-05 0.0786902
11.89 0 -1.74318e-05 0.0786824
11.9 0 -1.74543e-05 0.0786761
11.91 0 -1.7477e-05 0.078669
11.92 0 -1.75085e-05 0.07866
11.93 0 -1.754e-05 0.0786493
11.94 0 -1.75587e-05 0.0786378
11.95 0 -1.75577e-05 0.078626
11.96 0 -1.75584e-05 0.0786153
11.97 0 -1.75586e-05 0.0786091
11.98 0 -1.75585e-05 0.0786073
11.99 0 -1.75579e-05 0.0786078
12 0 -1.75579e-05 0.0786084
12.01 0 -1.75578e-05 0.0786078
12.02 0 -1.75573e-05 0.0786066
12.03 0 -1.75564e-05 0.0786061
12.04 0 -1.75562e-05 0.0786069
12.05 0 -1.75577e-05 0.0786089
12.06 0 -1.75571e-05 0.0786114
12.07 0 -1.7557e-05 0.0786142
12.08 0 -1.75564e-05 0.0786168
12.09 0 -1.75568e-05 0.0786195
12.1 0 -1.75574e-05 0.078622
12.11 0 -1.7557e-05 0.0786243
12.12 0 -1.75568e-05 0.0786258
12.13 0 -1.75567e-05 0.0786264
12.14 0 -1.75571e-05 0.0786258
12.15 0 -1.75571e-05 0.0786246
12.16 0 -1.75569e-05 0.0786236
12.17 0 -1.75567e-05 0.0786231
12.18 0 -1.75569e-05 0.0786233
12.19 0 -1.75571e-05 0.0786239
12.2 0 -1.7557e-05 0.0786247
12.21 0 -1.75568e-05 0.0786254
12.22 0 -1.75568e-05 0.0786259
12.23 0 -1.7557e-05 0.0786262
12.24 0 -1.75572e-05 0.0786265
12.25 0 -1.75578e-05 0.0786267
12.26 0 -1.75577e-05 0.0786271
12.27 0 -1.75568e-05 0.0786276
12.28 0 -1.75564e-05 0.0786282
12.29 0 -1.75572e-05 0.078629
12.3 0 -1.75575e-05 0.07863
12.31 0 -1.7557e-05 0.0786313
12.32 0 -1.75568e-05 0.0786328
12.33 0 -1.75567e-05 0.0786344
12.34 0 -1.75574e-05 0.0786363
12.35 0 -1.75573e-05 0.0786384
12.36 0 -1.75568e-05 0.0786407
12.37 0 -1.75568e-05 0.0786432
12.38 0 -1.75569e-05 0.0786457
12.39 0 -1.75573e-05 0.0786483
12.4 0 -1.75571e-05 0.0786511
12.41 0 -1.75569e-05 0.0786547
12.42 0 -1.75568e-05 0.078659
12.43 0 -1.75571e-05 0.0786635
12.44 0 -1.75571e-05 0.0786677
12.45 0 -1.7557e-05 0.0786723
12.46 0 -1.75569e-05 0.0786793
12.47 0 -1.7557e-05 0.07869
12.48 0 -1.75571e-05 0.0787052
12.49 0 -1.7557e-05 0.0787257
12.5 0 -1.7557e-05 0.0787518
12.51 0 -1.75569e-05 0.0787838
12.52 0 -1.7557e-05 0.0788219
12.53 0 -1.7557e-05 0.0788663
12.54 0 -1.7557e-05 0.0789172
12.55 0 -1.75569e-05 0.0789746
12.56 0 -1.7555e-05 0.0790373
12.57 0 -1.75488e-05 0.0791029
12.58 0 -1.75392e-05 0.0791695
12.59 0 -1.75293e-05 0.0792368
12.6 0 -1.7519e-05 0.0793047
12.61 0 -1.75085e-05 0.079373
12.62 0 -1.74978e-05 0.0794412
12.63 0 -1.74869e-05 0.079509
12.64 0 -1.74758e-05 0.079576
12.65 0 -1.74648e-05 0.0796417
12.66 0 -1.74539e-05 0.0797057
12.67 0 -1.74431e-05 0.0797676
12.68 0 -1.74326e-05 0.079827
12.69 0 -1.74224e-05 0.0798836
12.7 0 -1.74127e-05 0.079937
12.71 0 -1.74034e-05 0.0799869
12.72 0 -1.73947e-05 0.0800331
12.73 0 -1.73866e-05 0.0800755
12.74 0 -1.73793e-05 0.0801139
12.75 0 -1.73726e-05 0.0801483
12.76 0 -1.73667e-05 0.0801784
12.77 0 -1.73615e-05 0.0802045
12.78 0 -1.73571e-05 0.0802264
12.79 0 -1.73536e-05 0.0802443
12.8 0 -1.73508e-05 0.0802582
12.81 0 -1.73487e-05 0.0802683
12.82 0 -1.73474e-05 0.0802744
12.83 0 -1.73469e-05 0.0802755
12.84 0 -1.73473e-05 0.0802713
12.85 0 -1.73515e-05 0.0802629
12.86 0 -1.73616e-05 0.0802529
12.87 0 -1.73773e-05 0.0802434
12.88 0 -1.73931e-05 0.0802354
12.89 0 -1.74063e-05 0.0802286
12.9 0 -1.74182e-05 0.0802224
12.91 0 -1.74283e-05 0.0802161
12.92 0 -1.74415e-05 0.0802093
12.93 0 -1.74559e-05 0.0802019
12.94 0 -1.7471e-05 0.0801939
12.95 0 -1.74936e-05 0.0801853
12.96 0 -1.75162e-05 0.0801761
12.97 0 -1.7539e-05 0.0801665
12.98 0 -1.75585e-05 0.080157
12.99 0 -1.75582e-05 0.0801485
13 0 -1.75578e-05 0.0801425
13.01 0 -1.75586e-05 0.0801391
13.02 0 -1.7558e-05 0.0801379
13.03 0 -1.75585e-05 0.0801379
13.04 0 -1.75579e-05 0.0801386
13.05 0 -1.75563e-05 0.0801396
13.06 0 -1.75573e-05 0.080141
13.07 0 -1.75575e-05 0.080143
13.08 0 -1.75578e-05 0.0801457
13.09 0 -1.75577e-05 0.0801491
13.1 0 -1.75565e-05 0.0801524
13.11 0 -1.75575e-05 0.0801545
13.12 0 -1.75576e-05 0.0801549
13.13 0 -1.75576e-05 0.0801542
13.14 0 -1.75572e-05 0.0801532
13.15 0 -1.75571e-05 0.0801526
13.16 0 -1.75574e-05 0.0801527
13.17 0 -1.75577e-05 0.0801533
13.18 0 -1.75574e-05 0.080154
13.19 0 -1.75571e-05 0.0801547
13.2 0 -1.75573e-05 0.0801552
13.21 0 -1.75575e-05 0.0801554
13.22 0 -1.75575e-05 0.0801554
13.23 0 -1.75573e-05 0.0801554
13.24 0 -1.75572e-05 0.0801556
13.25 0 -1.75574e-05 0.080156
13.26 0 -1.75577e-05 0.0801564
13.27 0 -1.7558e-05 0.0801568
13.28 0 -1.75577e-05 0.0801572
13.29 0 -1.75573e-05 0.0801576
13.3 0 -1.75578e-05 0.0801586
13.31 0 -1.75572e-05 0.0801611
13.32 0 -1.75575e-05 0.0801655
13.33 0 -1.75576e-05 0.0801706
13.34 0 -1.75571e-05 0.0801746
13.35 0 -1.75576e-05 0.0801771
13.36 0 -1.75573e-05 0.0801784
13.37 0 -1.75574e-05 0.0801794
13.38 0 -1.75576e-05 0.0801812
13.39 0 -1.75572e-05 0.0801848
13.4 0 -1.75575e-05 0.080191
13.41 0 -1.75574e-05 0.0802001
13.42 0 -1.75574e-05 0.0802123
13.43 0 -1.75574e-05 0.0802279
13.44 0 -1.75573e-05 0.0802469
13.45 0 -1.75574e-05 0.0802695
13.46 0 -1.75574e-05 0.0802958
13.47 0 -1.75574e-05 0.0803258
13.48 0 -1.75574e-05 0.0803595
13.49 0 -1.75574e-05 0.0803969
13.5 0 -1.75565e-05 0.0804361
13.51 0 -1.75518e-05 0.0804742
13.52 0 -1.75464e-05 0.0805103
13.53 0 -1.75414e-05 0.080545
13.54 0 -1.75362e-05 0.0805791
13.55 0 -1.75312e-05 0.0806131
13.56 0 -1.7526e-05 0.0806469
13.57 0 -1.75209e-05 0.0806806
13.58 0 -1.75156e-05 0.0807143
13.59 0 -1.75104e-05 0.0807477
13.6 0 -1.75051e-05 0.0807808
13.61 0 -1.74999e-05 0.0808134
13.62 0 -1.74947e-05 0.0808453
13.63 0 -1.74896e-05 0.0808764
13.64 0 -1.74847e-05 0.0809065
13.65 0 -1.74798e-05 0.0809355
13.66 0 -1.74752e-05 0.0809632
13.67 0 -1.74707e-05 0.0809895
13.68 0 -1.74665e-05 0.0810143
13.69 0 -1.74625e-05 0.0810375
13.7 0 -1.74588e-05 0.081059
13.71 0 -1.74553e-05 0.0810787
13.72 0 -1.74522e-05 0.0810967
13.73 0 -1.74493e-05 0.0811128
13.74 0 -1.74468e-05 0.0811271
13.75 0 -1.74446e-05 0.0811395
13.76 0 -1.74427e-05 0.08115
13.77 0 -1.74411e-05 0.0811587
13.78 0 -1.74399e-05 0.0811656
13.79 0 -1.74399e-05 0.0811705
13.8 0 -1.74385e-05 0.0811733
13.81 0 -1.7438e-05 0.0811735
13.82 0 -1.74381e-05 0.081171
13.83 0 -1.74389e-05 0.081166
13.84 0 -1.74438e-05 0.0811598
13.85 0 -1.74474e-05 0.0811535
13.86 0 -1.74548e-05 0.0811478
13.87 0 -1.74641e-05 0.0811426
13.88 0 -1.74706e-05 0.0811376
13.89 0 -1.74769e-05 0.0811326
13.9 0 -1.74845e-05 0.0811274
13.91 0 -1.74929e-05 0.0811221
13.92 0 -1.7501e-05 0.0811166
13.93 0 -1.75088e-05 0.0811112
13.94 0 -1.75156e-05 0.0811059
13.95 0 -1.7526e-05 0.0811009
13.96 0 -1.75361e-05 0.0810961
13.97 0 -1.75449e-05 0.0810917
13.98 0 -1.75525e-05 0.0810877
13.99 0 -1.75575e-05 0.0810845
14 0 -1.75583e-05 0.0810821
14.01 0 -1.75582e-05 0.0810804
14.02 0 -1.75572e-05 0.0810799
14.03 0 -1.75571e-05 0.0810808
14.04 0 -1.75574e-05 0.0810829
14.05 0 -1.7558e-05 0.0810858
14.06 0 -1.7558e-05 0.0810889
14.07 0 -1.7557e-05 0.0810918
14.08 0 -1.75574e-05 0.081094
14.09 0 -1.75576e-05 0.0810952
14.1 0 -1.75579e-05 0.081095
14.11 0 -1.75575e-05 0.0810938
14.12 0 -1.75572e-05 0.0810923
14.13 0 -1.75574e-05 0.0810911
14.14 0 -1.75578e-05 0.0810905
14.15 0 -1.75577e-05 0.0810903
14.16 0 -1.75574e-05 0.0810905
14.17 0 -1.75574e-05 0.081091
14.18 0 -1.75576e-05 0.0810915
14.19 0 -1.75577e-05 0.0810919
14.2 0 -1.75575e-05 0.0810921
14.21 0 -1.75574e-05 0.0810922
14.22 0 -1.75575e-05 0.0810923
14.23 0 -1.75577e-05 0.0810924
14.24 0 -1.75583e-05 0.0810926
14.25 0 -1.75582e-05 0.0810929
14.26 0 -1.75569e-05 0.0810934
14.27 0 -1.7557e-05 0.0810943
14.28 0 -1.7558e-05 0.0810957
14.29 0 -1.7558e-05 0.0810977
14.3 0 -1.75575e-05 0.0810999
14.31 0 -1.75571e-05 0.0811023
14.32 0 -1.75576e-05 0.0811059
14.33 0 -1.75579e-05 0.0811121
14.34 0 -1.75578e-05 0.0811226
14.35 0 -1.75573e-05 0.0811384
14.36 0 -1.75572e-05 0.0811584
14.37 0 -1.75578e-05 0.0811814
14.38 0 -1.75577e-05 0.0812068
14.39 0 -1.75576e-05 0.0812345
14.4 0 -1.75573e-05 0.0812642
14.41 0 -1.75563e-05 0.0812941
14.42 0 -1.75531e-05 0.0813212
14.43 0 -1.75493e-05 0.0813453
14.44 0 -1.7546e-05 0.0813674
14.45 0 -1.75428e-05 0.0813883
14.46 0 -1.754e-05 0.0814084
14.47 0 -1.75371e-05 0.081428
14.48 0 -1.75341e-05 0.0814472
14.49 0 -1.75311e-05 0.0814662
14.5 0 -1.75283e-05 0.0814849
14.51 0 -1.75256e-05 0.0815033
14.52 0 -1.75227e-05 0.0815214
14.53 0 -1.75199e-05 0.081539
14.54 0 -1.75172e-05 0.0815562
14.55 0 -1.75146e-05 0.0815728
14.56 0 -1.75122e-05 0.0815888
14.57 0 -1.75097e-05 0.081604
14.58 0 -1.75073e-05 0.0816185
14.59 0 -1.75051e-05 0.0816322
14.6 0 -1.75031e-05 0.0816449
14.61 0 -1.75012e-05 0.0816567
14.62 0 -1.74994e-05 0.0816676
14.63 0 -1.74978e-05 0.0816774
14.64 0 -1.74963e-05 0.0816862
14.65 0 -1.74951e-05 0.081694
14.66 0 -1.7494e-05 0.0817007
14.67 0 -1.7493e-05 0.0817064
14.68 0 -1.74922e-05 0.0817111
14.69 0 -1.74916e-05 0.0817147
14.7 0 -1.74916e-05 0.0817172
14.71 0 -1.7491e-05 0.0817186
14.72 0 -1.7491e-05 0.0817185
14.73 0 -1.74909e-05 0.0817168
14.74 0 -1.7491e-05 0.0817139
14.75 0 -1.74922e-05 0.0817104
14.76 0 -1.74939e-05 0.0817071
14.77 0 -1.74954e-05 0.0817042
14.78 0 -1.74962e-05 0.0817018
14.79 0 -1.74976e-05 0.0816997
14.8 0 -1.75013e-05 0.0816975
14.81 0 -1.75043e-05 0.0816949
14.82 0 -1.75068e-05 0.081692
14.83 0 -1.75109e-05 0.0816887
14.84 0 -1.75152e-05 0.0816852
14.85 0 -1.75197e-05 0.0816817
14.86 0 -1.75236e-05 0.0816783
14.87 0 -1.75268e-05 0.0816751
14.88 0 -1.75304e-05 0.0816723
14.89 0 -1.75337e-05 0.0816699
14.9 0 -1.75357e-05 0.0816681
14.91 0 -1.75372e-05 0.0816668
14.92 0 -1.75377e-05 0.0816661
14.93 0 -1.75379e-05 0.0816661
14.94 0 -1.75377e-05 0.0816666
14.95 0 -1.75377e-05 0.0816676
14.96 0 -1.75378e-05 0.081669
14.97 0 -1.75378e-05 0.0816706
14.98 0 -1.75379e-05 0.081672
14.99 0 -1.75377e-05 0.0816731
15 0 -1.75377e-05 0.0816734
15.01 0 -1.75378e-05 0.081673
15.02 0 -1.75379e-05 0.0816723
15.03 0 -1.75379e-05 0.0816717
15.04 0 -1.75378e-05 0.0816714
15.05 0 -1.75379e-05 0.0816715
15.06 0 -1.75379e-05 0.0816718
15.07 0 -1.75379e-05 0.0816722
15.08 0 -1.75379e-05 0.0816724
15.09 0 -1.75379e-05 0.0816725
15.1 0 -1.75379e-05 0.0816726
15.11 0 -1.75379e-05 0.0816726
15.12 0 -1.75379e-05 0.0816727
15.13 0 -1.75379e-05 0.0816728
15.14 0 -1.75379e-05 0.081673
15.15 0 -1.7538e-05 0.0816734
15.16 0 -1.75382e-05 0.081674
15.17 0 -1.75384e-05 0.0816752
15.18 0 -1.75379e-05 0.0816768
15.19 0 -1.75374e-05 0.0816792
15.2 0 -1.75379e-05 0.0816828
15.21 0 -1.75382e-05 0.0816883
15.22 0 -1.75382e-05 0.0816972
15.23 0 -1.75376e-05 0.0817112
15.24 0 -1.75376e-05 0.0817287
15.25 0 -1.75381e-05 0.081748
15.26 0 -1.75381e-05 0.0817683
15.27 0 -1.75376e-05 0.0817874
15.28 0 -1.75356e-05 0.0818023
15.29 0 -1.75341e-05 0.0818126
15.3 0 -1.75332e-05 0.0818196
15.31 0 -1.75324e-05 0.0818244
15.32 0 -1.75318e-05 0.0818278
15.33 0 -1.75313e-05 0.0818303
15.34 0 -1.75311e-05 0.0818324
15.35 0 -1.75309e-05 0.0818342
15.36 0 -1.75306e-05 0.081836
15.37 0 -1.75301e-05 0.081838
15.38 0 -1.75299e-05 0.0818401
15.39 0 -1.75296e-05 0.0818425
15.4 0 -1.75292e-05 0.0818451
15.41 0 -1.75287e-05 0.0818479
15.42 0 -1.75282e-05 0.0818509
15.43 0 -1.75278e-05 0.0818541
15.44 0 -1.75273e-05 0.0818575
15.45 0 -1.75267e-05 0.081861
15.46 0 -1.75261e-05 0.0818644
15.47 0 -1.75256e-05 0.0818679
15.48 0 -1.75251e-05 0.0818713
15.49 0 -1.75246e-05 0.0818746
15.5 0 -1.75241e-05 0.0818777
15.51 0 -1.75237e-05 0.0818806
15.52 0 -1.75233e-05 0.0818832
15.53 0 -1.75229e-05 0.0818855
15.54 0 -1.75229e-05 0.0818875
15.55 0 -1.75227e-05 0.081889
15.56 0 -1.75222e-05 0.0818901
15.57 0 -1.75221e-05 0.0818907
15.58 0 -1.7522e-05 0.0818905
15.59 0 -1.75219e-05 0.0818895
15.6 0 -1.75221e-05 0.0818876
15.61 0 -1.75224e-05 0.0818853
15.62 0 -1.75232e-05 0.0818828
15.63 0 -1.75239e-05 0.0818806
15.64 0 -1.75242e-05 0.0818786
15.65 0 -1.75251e-05 0.0818769
15.66 0 -1.7526e-05 0.0818753
15.67 0 -1.7527e-05 0.0818738
15.68 0 -1.7528e-05 0.0818723
15.69 0 -1.75293e-05 0.0818708
15.7 0 -1.75313e-05 0.0818691
15.71 0 -1.75332e-05 0.0818675
15.72 0 -1.75346e-05 0.081866
15.73 0 -1.75358e-05 0.0818647
15.74 0 -1.75366e-05 0.0818637
15.75 0 -1.75377e-05 0.081863
15.76 0 -1.75381e-05 0.0818627
15.77 0 -1.7538e-05 0.0818626
15.78 0 -1.75377e-05 0.0818628
15.79 0 -1.75377e-05 0.0818631
15.8 0 -1.7538e-05 0.0818635
15.81 0 -1.75381e-05 0.0818638
15.82 0 -1.75379e-05 0.081864
15.83 0 -1.75377e-05 0.081864
15.84 0 -1.75379e-05 0.081864
15.85 0 -1.7538e-05 0.0818641
15.86 0 -1.7538e-05 0.0818641
15.87 0 -1.75378e-05 0.0818643
15.88 0 -1.75378e-05 0.0818644
15.89 0 -1.75379e-05 0.0818646
15.9 0 -1.7538e-05 0.0818647
15.91 0 -1.75379e-05 0.0818648
15.92 0 -1.75378e-05 0.0818649
15.93 0 -1.75379e-05 0.081865
15.94 0 -1.75379e-05 0.0818651
15.95 0 -1.75379e-05 0.0818651
15.96 0 -1.75379e-05 0.0818653
15.97 0 -1.75378e-05 0.0818654
15.98 0 -1.75379e-05 0.0818655
15.99 0 -1.75379e-05 0.0818656
16 0 -1.75379e-05 0.0818662
16.01 0 -1.75379e-05 0.0818687
16.02 0 -1.75381e-05 0.0818743
16.03 0 -1.75382e-05 0.0818834
16.04 0 -1.75377e-05 0.0818959
16.05 0 -1.75376e-05 0.0819108
16.06 0 -1.7538e-05 0.0819262
16.07 0 -1.75371e-05 0.0819391
16.08 0 -1.75358e-05 0.0819474
16.09 0 -1.75348e-05 0.081952
16.1 0 -1.75346e-05 0.081954
16.11 0 -1.75348e-05 0.0819543
16.12 0 -1.75347e-05 0.0819535
16.13 0 -1.75346e-05 0.0819525
16.14 0 -1.75346e-05 0.0819517
16.15 0 -1.75347e-05 0.0819514
16.16 0 -1.75348e-05 0.0819516
16.17 0 -1.75347e-05 0.0819521
16.18 0 -1.75346e-05 0.0819528
16.19 0 -1.75346e-05 0.0819537
16.2 0 -1.75347e-05 0.0819546
16.21 0 -1.75347e-05 0.0819557
16.22 0 -1.75347e-05 0.0819568
16.23 0 -1.75346e-05 0.0819579
16.24 0 -1.75347e-05 0.0819586
16.25 0 -1.75347e-05 0.0819588
16.26 0 -1.75347e-05 0.0819586
16.27 0 -1.75347e-05 0.0819582
16.28 0 -1.75347e-05 0.081958
16.29 0 -1.75347e-05 0.0819579
16.3 0 -1.75347e-05 0.081958
16.31 0 -1.75347e-05 0.0819582
16.32 0 -1.75346e-05 0.0819584
16.33 0 -1.75347e-05 0.0819585
16.34 0 -1.75347e-05 0.0819587
16.35 0 -1.75347e-05 0.0819587
16.36 0 -1.75346e-05 0.0819588
16.37 0 -1.75347e-05 0.0819587
16.38 0 -1.75347e-05 0.0819584
16.39 0 -1.75345e-05 0.0819577
16.4 0 -1.75347e-05 0.0819567
16.41 0 -1.7535e-05 0.0819553
16.42 0 -1.75352e-05 0.0819538
16.43 0 -1.75354e-05 0.0819521
16.44 0 -1.75358e-05 0.0819506
16.45 0 -1.75363e-05 0.0819491
16.46 0 -1.75369e-05 0.0819478
16.47 0 -1.75371e-05 0.0819468
16.48 0 -1.75374e-05 0.0819459
16.49 0 -1.75378e-05 0.0819451
16.5 0 -1.7538e-05 0.0819445
16.51 0 -1.75382e-05 0.081944
16.52 0 -1.75383e-05 0.0819437
16.53 0 -1.75385e-05 0.0819435
16.54 0 -1.75387e-05 0.0819434
16.55 0 -1.75385e-05 0.0819435
16.56 0 -1.75382e-05 0.0819436
16.57 0 -1.75387e-05 0.0819438
16.58 0 -1.75387e-05 0.0819441
16.59 0 -1.75384e-05 0.0819446
16.6 0 -1.75384e-05 0.0819451
16.61 0 -1.75385e-05 0.0819457
16.62 0 -1.75386e-05 0.0819464
16.63 0 -1.75386e-05 0.0819472
16.64 0 -1.75384e-05 0.0819482
16.65 0 -1.75384e-05 0.0819492
16.66 0 -1.75386e-05 0.0819503
16.67 0 -1.75386e-05 0.0819515
16.68 0 -1.75385e-05 0.0819528
16.69 0 -1.75384e-05 0.0819543
16.7 0 -1.75385e-05 0.0819558
16.71 0 -1.75386e-05 0.0819574
16.72 0 -1.75386e-05 0.0819591
16.73 0 -1.75385e-05 0.0819609
16.74 0 -1.75385e-05 0.0819628
16.75 0 -1.75385e-05 0.0819648
16.76 0 -1.75386e-05 0.0819669
16.77 0 -1.75385e-05 0.0819691
16.78 0 -1.75385e-05 0.0819715
16.79 0 -1.75385e-05 0.0819745
16.8 0 -1.75385e-05 0.0819782
16.81 0 -1.75386e-05 0.0819819
16.82 0 -1.75386e-05 0.0819848
16.83 0 -1.75382e-05 0.0819862
16.84 0 -1.75382e-05 0.0819861
16.85 0 -1.75384e-05 0.0819851
16.86 0 -1.75385e-05 0.081984
16.87 0 -1.75385e-05 0.0819832
16.88 0 -1.75383e-05 0.081983
16.89 0 -1.75384e-05 0.0819833
16.9 0 -1.75385e-05 0.0819838
16.91 0 -1.75385e-05 0.0819845
16.92 0 -1.75384e-05 0.0819852
16.93 0 -1.75383e-05 0.0819861
16.94 0 -1.75384e-05 0.0819869
16.95 0 -1.75385e-05 0.0819879
16.96 0 -1.75385e-05 0.0819889
16.97 0 -1.75384e-05 0.0819899
16.98 0 -1.75384e-05 0.0819905
16.99 0 -1.75385e-05 0.0819906
17 0 -1.75385e-05 0.0819904
17.01 0 -1.75384e-05 0.0819901
17.02 0 -1.75384e-05 0.0819899
17.03 0 -1.75384e-05 0.0819898
17.04 0 -1.75385e-05 0.0819899
17.05 0 -1.75384e-05 0.0819901
17.06 0 -1.75384e-05 0.0819902
17.07 0 -1.75384e-05 0.0819904
17.08 0 -1.75384e-05 0.0819904
17.09 0 -1.75384e-05 0.0819905
17.1 0 -1.75384e-05 0.0819905
17.11 0 -1.75385e-05 0.0819904
17.12 0 -1.75384e-05 0.0819901
17.13 0 -1.75384e-05 0.0819896
17.14 0 -1.75383e-05 0.0819888
17.15 0 -1.75385e-05 0.0819878
17.16 0 -1.75388e-05 0.0819868
17.17 0 -1.7539e-05 0.0819858
17.18 0 -1.75391e-05 0.0819848
17.19 0 -1.75392e-05 0.0819839
17.2 0 -1.75395e-05 0.0819831
17.21 0 -1.75398e-05 0.0819824
17.22 0 -1.75399e-05 0.0819818
17.23 0 -1.754e-05 0.0819813
17.24 0 -1.75401e-05 0.0819809
17.25 0 -1.75403e-05 0.0819805
17.26 0 -1.75404e-05 0.0819803
17.27 0 -1.75404e-05 0.0819801
17.28 0 -1.75405e-05 0.08198
17.29 0 -1.75404e-05 0.08198
17.3 0 -1.75403e-05 0.0819801
17.31 0 -1.75405e-05 0.0819803
17.32 0 -1.75405e-05 0.0819805
17.33 0 -1.75403e-05 0.0819808
17.34 0 -1.75403e-05 0.0819811
17.35 0 -1.75404e-05 0.0819816
17.36 0 -1.75405e-05 0.0819821
17.37 0 -1.75404e-05 0.0819827
17.38 0 -1.75404e-05 0.0819833
17.39 0 -1.75404e-05 0.081984
17.4 0 -1.75404e-05 0.0819848
17.41 0 -1.75404e-05 0.0819857
17.42 0 -1.75404e-05 0.0819866
17.43 0 -1.75404e-05 0.0819876
17.44 0 -1.75404e-05 0.0819887
17.45 0 -1.75404e-05 0.0819899
17.46 0 -1.75404e-05 0.0819911
17.47 0 -1.75404e-05 0.0819924
17.48 0 -1.75404e-05 0.0819937
17.49 0 -1.75404e-05 0.0819951
17.5 0 -1.75404e-05 0.0819966
17.51 0 -1.75404e-05 0.0819981
17.52 0 -1.75404e-05 0.0819998
17.53 0 -1.75404e-05 0.0820019
17.54 0 -1.75404e-05 0.0820045
17.55 0 -1.75404e-05 0.0820071
17.56 0 -1.75405e-05 0.082009
17.57 0 -1.75404e-05 0.0820101
17.58 0 -1.75401e-05 0.0820102
17.59 0 -1.75402e-05 0.0820096
17.6 0 -1.75404e-05 0.0820089
17.61 0 -1.75404e-05 0.0820084
17.62 0 -1.75403e-05 0.0820083
17.63 0 -1.75402e-05 0.0820084
17.64 0 -1.75403e-05 0.0820087
17.65 0 -1.75404e-05 0.0820091
17.66 0 -1.75403e-05 0.0820096
17.67 0 -1.75403e-05 0.0820101
17.68 0 -1.75403e-05 0.0820106
17.69 0 -1.75403e-05 0.0820112
17.7 0 -1.75404e-05 0.0820118
17.71 0 -1.75403e-05 0.0820124
17.72 0 -1.75403e-05 0.0820127
17.73 0 -1.75403e-05 0.0820128
17.74 0 -1.75403e-05 0.0820127
17.75 0 -1.75403e-05 0.0820125
17.76 0 -1.75403e-05 0.0820123
17.77 0 -1.75403e-05 0.0820123
17.78 0 -1.75403e-05 0.0820123
17.79 0 -1.75403e-05 0.0820123
17.8 0 -1.75403e-05 0.0820123
17.81 0 -1.75403e-05 0.0820121
17.82 0 -1.75403e-05 0.0820118
17.83 0 -1.75404e-05 0.0820113
17.84 0 -1.75403e-05 0.0820106
17.85 0 -1.75403e-05 0.0820098
17.86 0 -1.75404e-05 0.082009
17.87 0 -1.75406e-05 0.0820083
17.88 0 -1.75408e-05 0.0820076
17.89 0 -1.75408e-05 0.082007
17.9 0 -1.75409e-05 0.0820065
17.91 0 -1.75411e-05 0.082006
17.92 0 -1.75412e-05 0.0820056
17.93 0 -1.75413e-05 0.0820053
17.94 0 -1.75413e-05 0.082005
17.95 0 -1.75414e-05 0.0820047
17.96 0 -1.75415e-05 0.0820046
17.97 0 -1.75416e-05 0.0820044
17.98 0 -1.75414e-05 0.0820044
17.99 0 -1.75414e-05 0.0820043
18 0 -1.75416e-05 0.0820044
18.01 0 -1.75416e-05 0.0820045
18.02 0 -1.75415e-05 0.0820047
18.03 0 -1.75414e-05 0.0820049
18.04 0 -1.75415e-05 0.0820051
18.05 0 -1.75416e-05 0.0820054
18.06 0 -1.75415e-05 0.0820058
18.07 0 -1.75414e-05 0.0820062
18.08 0 -1.75414e-05 0.0820067
18.09 0 -1.75415e-05 0.0820072
18.1 0 -1.75415e-05 0.0820078
18.11 0 -1.75415e-05 0.0820084
18.12 0 -1.75414e-05 0.0820091
18.13 0 -1.75415e-05 0.0820098
18.14 0 -1.75415e-05 0.0820106
18.15 0 -1.75415e-05 0.0820114
18.16 0 -1.75415e-05 0.0820123
18.17 0 -1.75415e-05 0.0820133
18.18 0 -1.75415e-05 0.0820143
18.19 0 -1.75415e-05 0.0820153
18.2 0 -1.75415e-05 0.0820164
18.21 0 -1.75415e-05 0.0820175
18.22 0 -1.75415e-05 0.0820187
18.23 0 -1.75415e-05 0.0820202
18.24 0 -1.75415e-05 0.0820222
18.25 0 -1.75415e-05 0.0820245
18.26 0 -1.75415e-05 0.0820268
18.27 0 -1.75414e-05 0.0820286
18.28 0 -1.75413e-05 0.0820294
18.29 0 -1.75414e-05 0.0820292
18.3 0 -1.75414e-05 0.0820285
18.31 0 -1.75414e-05 0.0820278
18.32 0 -1.75414e-05 0.0820274
18.33 0 -1.75413e-05 0.0820273
18.34 0 -1.75414e-05 0.0820275
18.35 0 -1.75414e-05 0.0820278
18.36 0 -1.75414e-05 0.0820282
18.37 0 -1.75414e-05 0.0820285
18.38 0 -1.75414e-05 0.0820289
18.39 0 -1.75414e-05 0.0820292
18.4 0 -1.75414e-05 0.0820294
18.41 0 -1.75414e-05 0.0820296
18.42 0 -1.75414e-05 0.0820298
18.43 0 -1.75414e-05 0.0820298
18.44 0 -1.75414e-05 0.0820298
18.45 0 -1.75414e-05 0.0820296
18.46 0 -1.75414e-05 0.0820294
18.47 0 -1.75414e-05 0.0820292
18.48 0 -1.75415e-05 0.0820289
18.49 0 -1.75414e-05 0.0820286
18.5 0 -1.75415e-05 0.0820282
18.51 0 -1.75415e-05 0.0820279
18.52 0 -1.75415e-05 0.0820275
18.53 0 -1.75415e-05 0.0820272
18.54 0 -1.75415e-05 0.0820268
18.55 0 -1.75416e-05 0.0820264
18.56 0 -1.75418e-05 0.082026
18.57 0 -1.75418e-05 0.0820255
18.58 0 -1.75419e-05 0.082025
18.59 0 -1.7542e-05 0.0820245
18.6 0 -1.75421e-05 0.0820241
18.61 0 -1.75422e-05 0.0820237
18.62 0 -1.75423e-05 0.0820233
18.63 0 -1.75423e-05 0.0820231
18.64 0 -1.75423e-05 0.0820229
18.65 0 -1.75423e-05 0.0820227
18.66 0 -1.75425e-05 0.0820227
18.67 0 -1.75425e-05 0.0820228
18.68 0 -1.75424e-05 0.0820229
18.69 0 -1.75423e-05 0.0820231
18.7 0 -1.75424e-05 0.0820234
18.71 0 -1.75425e-05 0.0820237
18.72 0 -1.75425e-05 0.0820241
18.73 0 -1.75424e-05 0.0820245
18.74 0 -1.75424e-05 0.0820251
18.75 0 -1.75424e-05 0.0820257
18.76 0 -1.75425e-05 0.0820263
18.77 0 -1.75424e-05 0.082027
18.78 0 -1.75424e-05 0.0820278
18.79 0 -1.75424e-05 0.0820286
18.8 0 -1.75424e-05 0.0820295
18.81 0 -1.75424e-05 0.0820305
18.82 0 -1.75424e-05 0.0820315
18.83 0 -1.75424e-05 0.0820325
18.84 0 -1.75424e-05 0.0820336
18.85 0 -1.75424e-05 0.0820348
18.86 0 -1.75424e-05 0.082036
18.87 0 -1.75424e-05 0.0820372
18.88 0 -1.75424e-05 0.0820384
18.89 0 -1.75424e-05 0.0820394
18.9 0 -1.75424e-05 0.0820402
18.91 0 -1.75424e-05 0.0820407
18.92 0 -1.75424e-05 0.0820411
18.93 0 -1.75424e-05 0.0820415
18.94 0 -1.75425e-05 0.0820418
18.95 0 -1.75423e-05 0.0820421
18.96 0 -1.75423e-05 0.0820422
18.97 0 -1.75424e-05 0.0820421
18.98 0 -1.75424e-05 0.082042
18.99 0 -1.75424e-05 0.0820419
19 0 -1.75423e-05 0.0820418
19.01 0 -1.75423e-05 0.0820417
19.02 0 -1.75424e-05 0.0820418
19.03 0 -1.75424e-05 0.0820418
19.04 0 -1.75424e-05 0.0820418
19.05 0 -1.75423e-05 0.0820418
19.06 0 -1.75424e-05 0.0820418
19.07 0 -1.75424e-05 0.0820418
19.08 0 -1.75424e-05 0.0820418
19.09 0 -1.75424e-05 0.0820418
19.1 0 -1.75423e-05 0.0820418
19.11 0 -1.75423e-05 0.0820418
19.12 0 -1.75424e-05 0.0820418
19.13 0 -1.75424e-05 0.0820418
19.14 0 -1.75423e-05 0.0820417
19.15 0 -1.75423e-05 0.0820416
19.16 0 -1.75424e-05 0.0820415
19.17 0 -1.75424e-05 0.0820412
19.18 0 -1.75424e-05 0.0820408
19.19 0 -1.75424e-05 0.0820404
19.2 0 -1.75423e-05 0.0820399
19.21 0 -1.75424e-05 0.0820394
19.22 0 -1.75425e-05 0.0820388
19.23 0 -1.75426e-05 0.0820383
19.24 0 -1.75425e-05 0.0820379
19.25 0 -1.75425e-05 0.0820376
19.26 0 -1.75426e-05 0.0820373
19.27 0 -1.75427e-05 0.082037
19.28 0 -1.75427e-05 0.0820369
19.29 0 -1.75427e-05 0.0820367
19.3 0 -1.75426e-05 0.0820366
19.31 0 -1.75426e-05 0.0820366
19.32 0 -1.75428e-05 0.0820366
19.33 0 -1.75428e-05 0.0820366
19.34 0 -1.75427e-05 0.0820367
19.35 0 -1.75427e-05 0.0820368
19.36 0 -1.75427e-05 0.082037
19.37 0 -1.75428e-05 0.0820371
19.38 0 -1.75428e-05 0.0820374
19.39 0 -1.75427e-05 0.0820376
19.4 0 -1.75427e-05 0.0820379
19.41 0 -1.75427e-05 0.0820382
19.42 0 -1.75428e-05 0.0820386
19.43 0 -1.75427e-05 0.082039
19.44 0 -1.75427e-05 0.0820395
19.45 0 -1.75427e-05 0.08204
19.46 0 -1.75428e-05 0.0820405
19.47 0 -1.75428e-05 0.082041
19.48 0 -1.75427e-05 0.0820416
19.49 0 -1.75427e-05 0.0820423
19.5 0 -1.75427e-05 0.0820429
19.51 0 -1.75428e-05 0.0820436
19.52 0 -1.75427e-05 0.0820444
19.53 0 -1.75427e-05 0.0820452
19.54 0 -1.75427e-05 0.082046
19.55 0 -1.75427e-05 0.0820468
19.56 0 -1.75427e-05 0.082048
19.57 0 -1.75427e-05 0.0820493
19.58 0 -1.75427e-05 0.0820507
19.59 0 -1.75427e-05 0.0820517
19.6 0 -1.75428e-05 0.0820524
19.61 0 -1.75428e-05 0.0820526
19.62 0 -1.75426e-05 0.0820524
19.63 0 -1.75426e-05 0.0820521
19.64 0 -1.75427e-05 0.0820518
19.65 0 -1.75428e-05 0.0820517
19.66 0 -1.75427e-05 0.0820517
19.67 0 -1.75426e-05 0.0820518
19.68 0 -1.75427e-05 0.0820519
19.69 0 -1.75428e-05 0.0820519
19.7 0 -1.75427e-05 0.082052
19.71 0 -1.75427e-05 0.082052
19.72 0 -1.75427e-05 0.082052
19.73 0 -1.75427e-05 0.0820519
19.74 0 -1.75428e-05 0.0820519
19.75 0 -1.75427e-05 0.0820519
19.76 0 -1.75427e-05 0.0820519
19.77 0 -1.75427e-05 0.0820519
19.78 0 -1.75427e-05 0.0820518
19.79 0 -1.75427e-05 0.0820518
19.8 0 -1.75427e-05 0.0820517
19.81 0 -1.75426e-05 0.0820516
19.82 0 -1.75427e-05 0.0820514
19.83 0 -1.75428e-05 0.0820511
19.84 0 -1.75427e-05 0.0820508
19.85 0 -1.75427e-05 0.0820505
19.86 0 -1.75427e-05 0.08205
19.87 0 -1.75428e-05 0.0820496
19.88 0 -1.75428e-05 0.0820492
19.89 0 -1.75428e-05 0.0820488
19.9 0 -1.75429e-05 0.0820484
19.91 0 -1.75428e-05 0.0820481
19.92 0 -1.75429e-05 0.0820479
19.93 0 -1.75429e-05 0.0820477
19.94 0 -1.7543e-05 0.0820475
19.95 0 -1.75429e-05 0.0820473
19.96 0 -1.75429e-05 0.0820472
19.97 0 -1.75431e-05 0.0820471
19.98 0 -1.75432e-05 0.0820471
19.99 0 -1.75431e-05 0.0820471
20 0 -1.7543e-05 0.0820472
