0.01 0 -0.000199266 7.42359e-05
0.02 0 -0.000199265 7.30332e-05
0.03 0 -0.000199264 6.86514e-05
0.04 0 -0.000199264 5.84168e-05
0.05 0 -0.000199291 4.05096e-05
0.06 0 -0.000199339 1.45106e-05
0.07 0 -0.000199494 -1.91724e-05
0.08 0 -0.000199712 -6.06315e-05
0.09 0 -0.000199909 -0.000110054
0.1 0 -0.000200327 -0.000166497
0.11 0 -0.000200867 -0.000229446
0.12 0 -0.000201391 -0.000299967
0.13 0 -0.000201833 -0.000379053
0.14 0 -0.000202172 -0.000466721
0.15 0 -0.000202583 -0.000562633
0.16 0 -0.000203071 -0.000665499
0.17 0 -0.000203837 -0.000772929
0.18 0 -0.000204617 -0.00088352
0.19 0 -0.000205099 -0.000997651
0.2 0 -0.000205406 -0.00111636
0.21 0 -0.00020563 -0.00124062
0.22 0 -0.000205963 -0.00137112
0.23 0 -0.000206261 -0.00150827
0.24 0 -0.000206418 -0.00165211
0.25 0 -0.000206528 -0.00180238
0.26 0 -0.000206684 -0.00195838
0.27 0 -0.000206913 -0.00211756
0.28 0 -0.000207106 -0.00227709
0.29 0 -0.000207249 -0.00243699
0.3 0 -0.000207354 -0.00259812
0.31 0 -0.000207479 -0.00276015
0.32 0 -0.000207604 -0.00292227
0.33 0 -0.000207675 -0.00308367
0.34 0 -0.000207721 -0.00324336
0.35 0 -0.000207774 -0.00340015
0.36 0 -0.000207847 -0.00355271
0.37 0 -0.000207903 -0.00369953
0.38 0 -0.00020793 -0.00383895
0.39 0 -0.000207953 -0.00396924
0.4 0 -0.000207989 -0.00408856
0.41 0 -0.000208028 -0.00419477
0.42 0 -0.000208047 -0.00428499
0.43 0 -0.00020805 -0.00435316
0.44 0 -0.000208053 -0.00438229
0.45 0 -0.000208062 -0.00435838
0.46 0 -0.000208068 -0.00430629
0.47 0 -0.000208064 -0.00425703
0.48 0 -0.000208064 -0.00420348
0.49 0 -0.000208084 -0.00413016
0.5 0 -0.000208112 -0.00403727
0.51 0 -0.000208139 -0.00393316
0.52 0 -0.000208195 -0.00381896
0.53 0 -0.000208277 -0.00368839
0.54 0 -0.000208378 -0.00353907
0.55 0 -0.000208489 -0.00337021
0.56 0 -0.000208609 -0.00318099
0.57 0 -0.000208752 -0.0029732
0.58 0 -0.000208925 -0.00275144
0.59 0 -0.00020913 -0.0025195
0.6 0 -0.000209339 -0.00227711
0.61 0 -0.000209533 -0.0020221
0.62 0 -0.000209727 -0.00175254
0.63 0 -0.000209937 -0.00146699
0.64 0 -0.000210156 -0.00116449
0.65 0 -0.000210365 -0.00084447
0.66 0 -0.000210558 -0.000506748
0.67 0 -0.000210742 -0.000154538
0.68 0 -0.00021093 0.000209376
0.69 0 -0.000211118 0.000586455
0.7 0 -0.000211293 0.00097777
0.71 0 -0.000211457 0.00138338
0.72 0 -0.000211614 0.00180373
0.73 0 -0.000211767 0.00223919
0.74 0 -0.000211908 0.00268994
0.75 0 -0.00021203 0.00315588
0.76 0 -0.000212138 0.00363665
0.77 0 -0.000212231 0.00413158
0.78 0 -0.000212308 0.00463967
0.79 0 -0.000212363 0.00515935
0.8 0 -0.000212394 0.00568549
0.81 0 -0.000212404 0.00620957
0.82 0 -0.000212411 0.00672998
0.83 0 -0.000212417 0.00725167
0.84 0 -0.000212413 0.0077766
0.85 0 -0.000212394 0.00830417
0.86 0 -0.000212364 0.00883375
0.87 0 -0.000212324 0.00936444
0.88 0 -0.000212272 0.0098951
0.89 0 -0.000212205 0.0104244
0.9 0 -0.000212125 0.0109507
0.91 0 -0.000212035 0.0114723
0.92 0 -0.000211935 0.0119872
0.93 0 -0.000211823 0.0124934
0.94 0 -0.000211702 0.0129885
0.95 0 -0.000211573 0.0134701
0.96 0 -0.000211439 0.0139359
0.97 0 -0.0002113 0.0143832
0.98 0 -0.000211158 0.0148095
0.99 0 -0.000211015 0.0152122
1 0 -0.000210874 0.0155888
1.01 0 -0.000210738 0.0159368
1.02 0 -0.000210609 0.0162533
1.03 0 -0.000210485 0.0165333
1.04 0 -0.000210376 0.0167682
1.05 0 -0.000210294 0.0169455
1.06 0 -0.000210241 0.0170369
1.07 0 -0.000210215 0.0170191
1.08 0 -0.000210465 0.0169391
1.09 0 -0.000210965 0.0168638
1.1 0 -0.000211491 0.0167877
1.11 0 -0.000212338 0.016692
1.12 0 -0.000212479 0.0165914
1.13 0 -0.000212453 0.0164759
1.14 0 -0.000212573 0.0163181
1.15 0 -0.000212569 0.016119
1.16 0 -0.000212715 0.0158937
1.17 0 -0.000212811 0.0156602
1.18 0 -0.000213008 0.0154202
1.19 0 -0.000213159 0.0151576
1.2 0 -0.000213391 0.0148664
1.21 0 -0.000213644 0.0145484
1.22 0 -0.000213891 0.0142039
1.23 0 -0.00021416 0.0138339
1.24 0 -0.000214418 0.0134421
1.25 0 -0.000214713 0.0130369
1.26 0 -0.000214997 0.012622
1.27 0 -0.000215273 0.0121938
1.28 0 -0.000215538 0.01175
1.29 0 -0.000215808 0.0112903
1.3 0 -0.000216077 0.0108151
1.31 0 -0.000216327 0.0103251
1.32 0 -0.000216559 0.00982109
1.33 0 -0.000216778 0.00930441
1.34 0 -0.000216983 0.00877634
1.35 0 -0.000217168 0.00823842
1.36 0 -0.000217324 0.00769239
1.37 0 -0.000217457 0.00714023
1.38 0 -0.000217567 0.00658419
1.39 0 -0.000217653 0.00603018
1.4 0 -0.000217712 0.00548576
1.41 0 -0.000217762 0.00495194
1.42 0 -0.000217815 0.00442502
1.43 0 -0.000217866 0.00390354
1.44 0 -0.000217912 0.00338859
1.45 0 -0.00021795 0.00288196
1.46 0 -0.000217986 0.00238553
1.47 0 -0.000218021 0.00190122
1.48 0 -0.000218053 0.00143093
1.49 0 -0.000218079 0.00097663
1.5 0 -0.000218101 0.000540352
1.51 0 -0.000218122 0.000124061
1.52 0 -0.00021814 -0.000269895
1.53 0 -0.000218156 -0.000637526
1.54 0 -0.000218167 -0.000971868
1.55 0 -0.000218175 -0.00126221
1.56 0 -0.000218183 -0.00149666
1.57 0 -0.000218188 -0.00165705
1.58 0 -0.000218188 -0.00171871
1.59 0 -0.000218186 -0.00168638
1.6 0 -0.000218187 -0.00161217
1.61 0 -0.000218194 -0.00154137
1.62 0 -0.000218202 -0.00147099
1.63 0 -0.000218219 -0.00137891
1.64 0 -0.000218258 -0.00125057
1.65 0 -0.000218318 -0.00108423
1.66 0 -0.000218398 -0.00089691
1.67 0 -0.000218486 -0.000712095
1.68 0 -0.000218592 -0.000526819
1.69 0 -0.000218723 -0.000314993
1.7 0 -0.000218873 -6.25753e-05
1.71 0 -0.000219047 0.000229557
1.72 0 -0.000219232 0.000557281
1.73 0 -0.000219422 0.000911742
1.74 0 -0.000219605 0.0012805
1.75 0 -0.000219784 0.00166367
1.76 0 -0.000219962 0.00207283
1.77 0 -0.000220138 0.00251412
1.78 0 -0.000220312 0.00298867
1.79 0 -0.000220476 0.00349693
1.8 0 -0.000220626 0.00403858
1.81 0 -0.00022076 0.00461274
1.82 0 -0.000220867 0.00521756
1.83 0 -0.000220945 0.00584889
1.84 0 -0.000220994 0.00649535
1.85 0 -0.000221007 0.00714134
1.86 0 -0.000220992 0.00778545
1.87 0 -0.000220955 0.00843905
1.88 0 -0.000220899 0.00910884
1.89 0 -0.00022082 0.00979558
1.9 0 -0.000220719 0.0104982
1.91 0 -0.000220593 0.0112145
1.92 0 -0.00022044 0.011941
1.93 0 -0.000220259 0.0126733
1.94 0 -0.000220053 0.0134063
1.95 0 -0.000219829 0.0141371
1.96 0 -0.000219595 0.0148649
1.97 0 -0.00021935 0.0155879
1.98 0 -0.000219097 0.0163025
1.99 0 -0.000218838 0.0170053
2 0 -0.000218574 0.0176932
2.01 0 -0.000218305 0.0183628
2.02 0 -0.000218036 0.0190107
2.03 0 -0.000217767 0.0196337
2.04 0 -0.000217502 0.0202286
2.05 0 -0.000217241 0.0207923
2.06 0 -0.000216988 0.0213218
2.07 0 -0.000216748 0.0218141
2.08 0 -0.000216517 0.0222654
2.09 0 -0.0002163 0.0226707
2.1 0 -0.000216124 0.023022
2.11 0 -0.000215948 0.023307
2.12 0 -0.000215837 0.0235084
2.13 0 -0.000215789 0.0236029
2.14 0 -0.000215802 0.0235846
2.15 0 -0.000216062 0.0235028
2.16 0 -0.000216672 0.0234189
2.17 0 -0.000217618 0.0233364
2.18 0 -0.000218647 0.0232397
2.19 0 -0.000219557 0.0231363
2.2 0 -0.000220881 0.0230343
2.21 0 -0.000221166 0.0229211
2.22 0 -0.000221114 0.022778
2.23 0 -0.0002212 0.0226123
2.24 0 -0.000221143 0.022442
2.25 0 -0.000221303 0.0222627
2.26 0 -0.000221344 0.0220601
2.27 0 -0.000221524 0.0218306
2.28 0 -0.000221681 0.0215775
2.29 0 -0.000221807 0.0213049
2.3 0 -0.000221881 0.0210198
2.31 0 -0.000222015 0.0207275
2.32 0 -0.000222222 0.0204233
2.33 0 -0.000222388 0.0200985
2.34 0 -0.000222509 0.0197506
2.35 0 -0.000222628 0.0193811
2.36 0 -0.000222802 0.0189914
2.37 0 -0.000222978 0.0185825
2.38 0 -0.00022311 0.0181566
2.39 0 -0.000223204 0.0177163
2.4 0 -0.000223313 0.0172651
2.41 0 -0.000223428 0.0168081
2.42 0 -0.000223519 0.0163538
2.43 0 -0.00022356 0.0159106
2.44 0 -0.000223591 0.0154793
2.45 0 -0.000223637 0.015055
2.46 0 -0.000223688 0.0146339
2.47 0 -0.000223724 0.014215
2.48 0 -0.000223743 0.0137989
2.49 0 -0.000223771 0.0133873
2.5 0 -0.000223807 0.0129825
2.51 0 -0.00022384 0.0125868
2.52 0 -0.000223857 0.0122021
2.53 0 -0.000223871 0.0118305
2.54 0 -0.000223891 0.011474
2.55 0 -0.000223914 0.0111347
2.56 0 -0.000223929 0.0108145
2.57 0 -0.000223936 0.0105162
2.58 0 -0.000223943 0.0102445
2.59 0 -0.000223954 0.0100077
2.6 0 -0.000223963 0.00981508
2.61 0 -0.000223965 0.00967817
2.62 0 -0.000223964 0.00961094
2.63 0 -0.000223963 0.00961936
2.64 0 -0.000223965 0.00968162
2.65 0 -0.000223973 0.00976229
2.66 0 -0.000223982 0.00984517
2.67 0 -0.000224003 0.00994037
2.68 0 -0.000224035 0.0100593
2.69 0 -0.000224078 0.010197
2.7 0 -0.00022413 0.0103477
2.71 0 -0.0002242 0.0105193
2.72 0 -0.000224282 0.0107242
2.73 0 -0.000224375 0.0109626
2.74 0 -0.000224473 0.0112259
2.75 0 -0.000224567 0.011509
2.76 0 -0.000224661 0.0118148
2.77 0 -0.000224756 0.0121516
2.78 0 -0.000224848 0.0125246
2.79 0 -0.000224938 0.0129341
2.8 0 -0.000225025 0.013379
2.81 0 -0.000225091 0.0138566
2.82 0 -0.000225133 0.0143601
2.83 0 -0.000225163 0.0148812
2.84 0 -0.000225175 0.0154166
2.85 0 -0.000225176 0.0159734
2.86 0 -0.000225173 0.0165618
2.87 0 -0.000225168 0.017186
2.88 0 -0.000225169 0.0178467
2.89 0 -0.000225172 0.0185442
2.9 0 -0.000225171 0.019278
2.91 0 -0.000225167 0.0200468
2.92 0 -0.000225165 0.0208493
2.93 0 -0.000225169 0.0216843
2.94 0 -0.000225175 0.0225522
2.95 0 -0.000225173 0.0234536
2.96 0 -0.000225167 0.0243887
2.97 0 -0.000225165 0.025357
2.98 0 -0.000225135 0.0263535
2.99 0 -0.000225033 0.0273677
3 0 -0.000224866 0.0283885
3.01 0 -0.000224646 0.0294056
3.02 0 -0.000224381 0.0304076
3.03 0 -0.000224072 0.0313839
3.04 0 -0.00022373 0.0323258
3.05 0 -0.000223377 0.0332264
3.06 0 -0.000223018 0.0340786
3.07 0 -0.000222658 0.0348747
3.08 0 -0.000222335 0.0356059
3.09 0 -0.000221996 0.0362626
3.1 0 -0.000221677 0.0368353
3.11 0 -0.000221451 0.0373179
3.12 0 -0.000221262 0.0377086
3.13 0 -0.000221089 0.0380018
3.14 0 -0.000220915 0.0381852
3.15 0 -0.000220833 0.0382542
3.16 0 -0.000220935 0.0382295
3.17 0 -0.000221256 0.0381587
3.18 0 -0.000221915 0.0380861
3.19 0 -0.000222378 0.0380272
3.2 0 -0.000222723 0.0379797
3.21 0 -0.000223109 0.0379396
3.22 0 -0.000223393 0.0378998
3.23 0 -0.000223974 0.0378509
3.24 0 -0.000224599 0.0377923
3.25 0 -0.000225235 0.0377309
3.26 0 -0.000225338 0.0376665
3.27 0 -0.000225261 0.0375915
3.28 0 -0.000225256 0.0375007
3.29 0 -0.000225277 0.0373919
3.3 0 -0.000225432 0.0372613
3.31 0 -0.000225489 0.0371073
3.32 0 -0.000225466 0.0369348
3.33 0 -0.000225471 0.0367493
3.34 0 -0.000225584 0.0365546
3.35 0 -0.000225727 0.0363537
3.36 0 -0.000225769 0.0361452
3.37 0 -0.000225761 0.0359241
3.38 0 -0.000225838 0.0356863
3.39 0 -0.000225981 0.0354309
3.4 0 -0.000226096 0.0351598
3.41 0 -0.000226097 0.0348759
3.42 0 -0.000226114 0.0345816
3.43 0 -0.000226216 0.0342801
3.44 0 -0.000226323 0.0339751
3.45 0 -0.000226362 0.0336695
3.46 0 -0.000226348 0.0333656
3.47 0 -0.000226371 0.0330656
3.48 0 -0.000226435 0.0327697
3.49 0 -0.000226477 0.0324761
3.5 0 -0.000226473 0.0321844
3.51 0 -0.000226467 0.0318959
3.52 0 -0.000226497 0.0316123
3.53 0 -0.000226542 0.031335
3.54 0 -0.000226556 0.0310662
3.55 0 -0.000226548 0.0308079
3.56 0 -0.000226553 0.0305625
3.57 0 -0.000226582 0.0303322
3.58 0 -0.000226602 0.0301195
3.59 0 -0.000226603 0.0299274
3.6 0 -0.000226599 0.0297603
3.61 0 -0.000226603 0.0296237
3.62 0 -0.000226617 0.0295231
3.63 0 -0.000226623 0.0294655
3.64 0 -0.000226617 0.0294574
3.65 0 -0.000226612 0.0294925
3.66 0 -0.000226618 0.0295536
3.67 0 -0.000226634 0.0296298
3.68 0 -0.000226649 0.0297192
3.69 0 -0.000226666 0.0298233
3.7 0 -0.000226692 0.0299458
3.71 0 -0.000226733 0.0300914
3.72 0 -0.000226777 0.030264
3.73 0 -0.000226822 0.0304647
3.74 0 -0.000226867 0.0306921
3.75 0 -0.000226912 0.0309458
3.76 0 -0.000226956 0.0312283
3.77 0 -0.000226996 0.0315409
3.78 0 -0.000227029 0.0318804
3.79 0 -0.000227055 0.032243
3.8 0 -0.000227071 0.0326263
3.81 0 -0.000227076 0.0330296
3.82 0 -0.000227075 0.0334557
3.83 0 -0.000227074 0.0339089
3.84 0 -0.000227073 0.0343905
3.85 0 -0.000227075 0.0348997
3.86 0 -0.000227075 0.0354359
3.87 0 -0.000227075 0.0359985
3.88 0 -0.000227074 0.0365865
3.89 0 -0.000227074 0.0371987
3.9 0 -0.000227074 0.0378334
3.91 0 -0.000227075 0.0384887
3.92 0 -0.000227076 0.039163
3.93 0 -0.000227082 0.0398547
3.94 0 -0.000227084 0.0405624
3.95 0 -0.000227078 0.0412852
3.96 0 -0.000227079 0.0420226
3.97 0 -0.000227084 0.0427748
3.98 0 -0.000227082 0.0435424
3.99 0 -0.000227077 0.0443262
4 0 -0.000227078 0.0451276
4.01 0 -0.000227084 0.0459491
4.02 0 -0.000227081 0.0467927
4.03 0 -0.000227027 0.0476561
4.04 0 -0.00022689 0.0485319
4.05 0 -0.000226702 0.0494124
4.06 0 -0.00022646 0.0502896
4.07 0 -0.000226177 0.0511555
4.08 0 -0.000225874 0.0520043
4.09 0 -0.000225544 0.0528303
4.1 0 -0.000225196 0.0536279
4.11 0 -0.000224832 0.054391
4.12 0 -0.00022446 0.0551142
4.13 0 -0.000224097 0.0557936
4.14 0 -0.000223742 0.0564258
4.15 0 -0.000223381 0.0570064
4.16 0 -0.000223071 0.0575303
4.17 0 -0.000222796 0.0579905
4.18 0 -0.000222513 0.0583789
4.19 0 -0.000222316 0.0586876
4.2 0 -0.000222197 0.058908
4.21 0 -0.000222089 0.0590278
4.22 0 -0.000222049 0.0590398
4.23 0 -0.000222348 0.0589741
4.24 0 -0.000223132 0.0588919
4.25 0 -0.000223772 0.05883
4.26 0 -0.000224167 0.0587843
4.27 0 -0.000224573 0.0587378
4.28 0 -0.00022506 0.0586847
4.29 0 -0.000225685 0.0586312
4.3 0 -0.000226283 0.0585814
4.31 0 -0.000226712 0.0585324
4.32 0 -0.000227135 0.0584806
4.33 0 -0.00022722 0.0584227
4.34 0 -0.000227227 0.0583542
4.35 0 -0.000227227 0.0582717
4.36 0 -0.000227201 0.0581706
4.37 0 -0.000227269 0.0580463
4.38 0 -0.000227347 0.0578993
4.39 0 -0.000227388 0.0577342
4.4 0 -0.000227357 0.0575544
4.41 0 -0.00022739 0.0573609
4.42 0 -0.00022749 0.0571535
4.43 0 -0.000227535 0.0569329
4.44 0 -0.000227523 0.0567014
4.45 0 -0.000227547 0.0564619
4.46 0 -0.000227607 0.0562171
4.47 0 -0.000227666 0.0559695
4.48 0 -0.00022767 0.0557211
4.49 0 -0.000227656 0.0554738
4.5 0 -0.000227676 0.0552286
4.51 0 -0.000227712 0.0549857
4.52 0 -0.000227733 0.0547459
4.53 0 -0.000227724 0.0545108
4.54 0 -0.000227722 0.0542823
4.55 0 -0.000227743 0.0540625
4.56 0 -0.000227765 0.0538534
4.57 0 -0.000227769 0.0536573
4.58 0 -0.00022776 0.0534762
4.59 0 -0.000227764 0.0533124
4.6 0 -0.000227779 0.0531685
4.61 0 -0.000227787 0.053048
4.62 0 -0.000227783 0.052954
4.63 0 -0.000227778 0.0528902
4.64 0 -0.000227783 0.0528603
4.65 0 -0.00022779 0.0528653
4.66 0 -0.000227791 0.052901
4.67 0 -0.000227787 0.0529601
4.68 0 -0.000227793 0.0530386
4.69 0 -0.000227811 0.0531365
4.7 0 -0.000227834 0.0532561
4.71 0 -0.000227853 0.0534012
4.72 0 -0.00022787 0.0535738
4.73 0 -0.000227892 0.0537744
4.74 0 -0.000227917 0.054004
4.75 0 -0.000227936 0.0542629
4.76 0 -0.000227946 0.0545517
4.77 0 -0.000227951 0.0548706
4.78 0 -0.000227952 0.0552175
4.79 0 -0.000227954 0.0555927
4.8 0 -0.000227954 0.0559984
4.81 0 -0.000227952 0.0564359
4.82 0 -0.000227952 0.0569051
4.83 0 -0.000227954 0.0574055
4.84 0 -0.000227954 0.0579365
4.85 0 -0.000227953 0.0584972
4.86 0 -0.000227952 0.0590864
4.87 0 -0.000227953 0.0597026
4.88 0 -0.000227954 0.0603445
4.89 0 -0.000227961 0.0610108
4.9 0 -0.000227971 0.0617004
4.91 0 -0.000227973 0.0624133
4.92 0 -0.000227964 0.0631503
4.93 0 -0.000227958 0.0639141
4.94 0 -0.000227962 0.0647086
4.95 0 -0.000227938 0.0655369
4.96 0 -0.000227825 0.0663979
4.97 0 -0.000227635 0.067286
4.98 0 -0.000227387 0.0681938
4.99 0 -0.00022712 0.0691156
5 0 -0.000226828 0.0700482
5.01 0 -0.000226469 0.0709887
5.02 0 -0.000226071 0.0719329
5.03 0 -0.000225647 0.0728749
5.04 0 -0.000225201 0.0738086
5.05 0 -0.000224712 0.0747275
5.06 0 -0.000224183 0.0756253
5.07 0 -0.000223642 0.0764954
5.08 0 -0.000223094 0.0773313
5.09 0 -0.000222541 0.0781266
5.1 0 -0.000221984 0.0788758
5.11 0 -0.000221434 0.0795737
5.12 0 -0.00022091 0.0802161
5.13 0 -0.000220412 0.0807993
5.14 0 -0.000219932 0.0813197
5.15 0 -0.000219506 0.0817721
5.16 0 -0.000219159 0.0821482
5.17 0 -0.000218926 0.0824383
5.18 0 -0.000218742 0.0826243
5.19 0 -0.000218619 0.0826866
5.2 0 -0.000218902 0.0826471
5.21 0 -0.000219903 0.0825726
5.22 0 -0.00022084 0.0825128
5.23 0 -0.000221472 0.0824615
5.24 0 -0.000222379 0.0823953
5.25 0 -0.000223608 0.0823192
5.26 0 -0.000224598 0.0822498
5.27 0 -0.000225333 0.0821871
5.28 0 -0.000226051 0.0821253
5.29 0 -0.000226599 0.0820666
5.3 0 -0.000227107 0.0820139
5.31 0 -0.000227531 0.0819633
5.32 0 -0.000227908 0.0819071
5.33 0 -0.000228002 0.081836
5.34 0 -0.000227992 0.0817402
5.35 0 -0.000228098 0.0816141
5.36 0 -0.00022809 0.0814575
5.37 0 -0.00022804 0.0812744
5.38 0 -0.000228015 0.0810689
5.39 0 -0.000228113 0.0808424
5.4 0 -0.000228193 0.0805969
5.41 0 -0.000228171 0.0803356
5.42 0 -0.000228131 0.0800615
5.43 0 -0.000228143 0.0797762
5.44 0 -0.000228211 0.0794801
5.45 0 -0.000228227 0.0791744
5.46 0 -0.000228196 0.0788606
5.47 0 -0.000228177 0.0785408
5.48 0 -0.000228206 0.0782168
5.49 0 -0.000228241 0.0778909
5.5 0 -0.000228231 0.077565
5.51 0 -0.000228206 0.0772415
5.52 0 -0.000228203 0.0769222
5.53 0 -0.000228227 0.0766091
5.54 0 -0.000228237 0.0763041
5.55 0 -0.000228221 0.0760089
5.56 0 -0.000228207 0.0757256
5.57 0 -0.000228215 0.075456
5.58 0 -0.00022823 0.0752019
5.59 0 -0.000228228 0.0749653
5.6 0 -0.000228215 0.074748
5.61 0 -0.000228212 0.0745524
5.62 0 -0.000228222 0.0743809
5.63 0 -0.000228228 0.074236
5.64 0 -0.000228222 0.07412
5.65 0 -0.000228215 0.0740353
5.66 0 -0.000228217 0.0739844
5.67 0 -0.000228224 0.0739695
5.68 0 -0.000228225 0.0739885
5.69 0 -0.00022822 0.0740359
5.7 0 -0.000228222 0.0741083
5.71 0 -0.000228234 0.0742062
5.72 0 -0.00022825 0.0743326
5.73 0 -0.000228252 0.0744873
5.74 0 -0.000228247 0.0746694
5.75 0 -0.000228248 0.0748819
5.76 0 -0.00022825 0.0751269
5.77 0 -0.000228252 0.0754055
5.78 0 -0.00022825 0.0757183
5.79 0 -0.000228248 0.0760654
5.8 0 -0.000228249 0.0764465
5.81 0 -0.000228251 0.076861
5.82 0 -0.000228251 0.0773084
5.83 0 -0.000228249 0.077788
5.84 0 -0.000228249 0.0782991
5.85 0 -0.00022825 0.0788406
5.86 0 -0.000228251 0.0794114
5.87 0 -0.00022825 0.0800102
5.88 0 -0.000228249 0.0806357
5.89 0 -0.000228249 0.0812865
5.9 0 -0.00022825 0.081961
5.91 0 -0.00022825 0.0826575
5.92 0 -0.000228266 0.0833744
5.93 0 -0.000228267 0.0841105
5.94 0 -0.000228244 0.0848649
5.95 0 -0.00022826 0.0856374
5.96 0 -0.000228269 0.0864291
5.97 0 -0.000228258 0.0872415
5.98 0 -0.000228262 0.0880776
5.99 0 -0.000228257 0.0889423
6 0 -0.000228256 0.0898391
6.01 0 -0.000228252 0.0907703
6.02 0 -0.000228201 0.0917359
6.03 0 -0.000228023 0.0927302
6.04 0 -0.00022779 0.0937437
6.05 0 -0.000227513 0.0947674
6.06 0 -0.000227194 0.0957939
6.07 0 -0.000226829 0.0968161
6.08 0 -0.000226388 0.0978253
6.09 0 -0.000225906 0.0988113
6.1 0 -0.000225404 0.0997636
6.11 0 -0.000224876 0.100673
6.12 0 -0.000224317 0.10153
6.13 0 -0.000223754 0.102329
6.14 0 -0.000223193 0.10306
6.15 0 -0.000222657 0.103719
6.16 0 -0.000222203 0.104296
6.17 0 -0.000221779 0.104784
6.18 0 -0.000221424 0.105173
6.19 0 -0.000221162 0.105451
6.2 0 -0.000220976 0.105604
6.21 0 -0.000221008 0.105635
6.22 0 -0.000221468 0.105582
6.23 0 -0.000222436 0.105508
6.24 0 -0.000223227 0.105451
6.25 0 -0.000223902 0.105401
6.26 0 -0.000224608 0.105341
6.27 0 -0.000225308 0.105276
6.28 0 -0.000225949 0.105223
6.29 0 -0.000226408 0.10518
6.3 0 -0.000226867 0.105135
6.31 0 -0.000227269 0.105087
6.32 0 -0.000227549 0.105041
6.33 0 -0.00022779 0.105
6.34 0 -0.000228074 0.104958
6.35 0 -0.000228221 0.104904
6.36 0 -0.000228218 0.104835
6.37 0 -0.000228215 0.104749
6.38 0 -0.000228229 0.104642
6.39 0 -0.00022828 0.104512
6.4 0 -0.00022825 0.10436
6.41 0 -0.000228173 0.104186
6.42 0 -0.00022818 0.103992
6.43 0 -0.000228235 0.103781
6.44 0 -0.000228261 0.103554
6.45 0 -0.000228216 0.103311
6.46 0 -0.000228181 0.103054
6.47 0 -0.000228207 0.102789
6.48 0 -0.000228242 0.102517
6.49 0 -0.000228238 0.102243
6.5 0 -0.000228203 0.101968
6.51 0 -0.000228196 0.101693
6.52 0 -0.000228222 0.101422
6.53 0 -0.000228237 0.101156
6.54 0 -0.000228221 0.100898
6.55 0 -0.000228202 0.100648
6.56 0 -0.000228209 0.10041
6.57 0 -0.000228227 0.100185
6.58 0 -0.000228228 0.0999743
6.59 0 -0.000228213 0.0997811
6.6 0 -0.000228207 0.099607
6.61 0 -0.000228217 0.0994548
6.62 0 -0.000228226 0.0993269
6.63 0 -0.000228221 0.0992259
6.64 0 -0.000228211 0.0991544
6.65 0 -0.000228212 0.0991153
6.66 0 -0.000228221 0.0991107
6.67 0 -0.000228223 0.0991376
6.68 0 -0.000228217 0.0991877
6.69 0 -0.000228213 0.0992529
6.7 0 -0.00022823 0.0993342
6.71 0 -0.000228238 0.0994411
6.72 0 -0.000228236 0.0995813
6.73 0 -0.000228231 0.0997573
6.74 0 -0.000228229 0.0999682
6.75 0 -0.000228234 0.100213
6.76 0 -0.000228236 0.100493
6.77 0 -0.000228234 0.100807
6.78 0 -0.00022823 0.101155
6.79 0 -0.000228231 0.101538
6.8 0 -0.000228235 0.101955
6.81 0 -0.000228235 0.102405
6.82 0 -0.000228232 0.102887
6.83 0 -0.000228231 0.103402
6.84 0 -0.000228233 0.103947
6.85 0 -0.000228235 0.104522
6.86 0 -0.000228234 0.105127
6.87 0 -0.000228232 0.105758
6.88 0 -0.000228232 0.106416
6.89 0 -0.000228253 0.107099
6.9 0 -0.000228255 0.107806
6.91 0 -0.000228246 0.108536
6.92 0 -0.000228244 0.109292
6.93 0 -0.000228251 0.110077
6.94 0 -0.000228256 0.110898
6.95 0 -0.000228245 0.11176
6.96 0 -0.000228209 0.112667
6.97 0 -0.000228114 0.11362
6.98 0 -0.00022796 0.114615
6.99 0 -0.00022774 0.115648
7 0 -0.000227454 0.116717
7.01 0 -0.000227079 0.117814
7.02 0 -0.000226605 0.11893
7.03 0 -0.000226027 0.120053
7.04 0 -0.000225358 0.121167
7.05 0 -0.000224624 0.122256
7.06 0 -0.000223828 0.12331
7.07 0 -0.000223 0.124316
7.08 0 -0.000222149 0.125262
7.09 0 -0.000221291 0.126138
7.1 0 -0.000220446 0.126937
7.11 0 -0.000219642 0.127654
7.12 0 -0.000218889 0.128284
7.13 0 -0.000218214 0.128826
7.14 0 -0.000217632 0.129276
7.15 0 -0.00021717 0.129627
7.16 0 -0.00021687 0.129868
7.17 0 -0.000216694 0.129985
7.18 0 -0.000216718 0.12998
7.19 0 -0.000217585 0.129909
7.2 0 -0.000218785 0.129843
7.21 0 -0.000219672 0.129794
7.22 0 -0.00022072 0.129731
7.23 0 -0.000221967 0.129653
7.24 0 -0.000223068 0.129577
7.25 0 -0.000224232 0.129501
7.26 0 -0.000225237 0.129422
7.27 0 -0.000226029 0.129344
7.28 0 -0.000226741 0.129273
7.29 0 -0.000227346 0.129204
7.3 0 -0.000227996 0.129131
7.31 0 -0.000228244 0.129048
7.32 0 -0.000228237 0.128945
7.33 0 -0.000228288 0.12882
7.34 0 -0.000228284 0.128676
7.35 0 -0.000228209 0.128511
7.36 0 -0.000228157 0.128322
7.37 0 -0.000228221 0.128112
7.38 0 -0.000228274 0.12788
7.39 0 -0.000228245 0.127629
7.4 0 -0.000228191 0.127359
7.41 0 -0.000228191 0.127073
7.42 0 -0.000228242 0.126772
7.43 0 -0.000228255 0.126457
7.44 0 -0.00022822 0.126131
7.45 0 -0.000228196 0.125795
7.46 0 -0.000228215 0.125451
7.47 0 -0.000228246 0.125102
7.48 0 -0.000228237 0.124749
7.49 0 -0.000228211 0.124394
7.5 0 -0.000228207 0.124039
7.51 0 -0.000228228 0.123686
7.52 0 -0.00022824 0.123338
7.53 0 -0.000228225 0.122996
7.54 0 -0.000228212 0.122662
7.55 0 -0.000228217 0.122339
7.56 0 -0.000228232 0.122027
7.57 0 -0.000228232 0.12173
7.58 0 -0.000228219 0.121449
7.59 0 -0.000228216 0.121185
7.6 0 -0.000228224 0.120941
7.61 0 -0.000228231 0.120718
7.62 0 -0.000228226 0.120519
7.63 0 -0.000228218 0.120346
7.64 0 -0.00022822 0.120201
7.65 0 -0.000228227 0.120087
7.66 0 -0.000228228 0.120004
7.67 0 -0.000228222 0.119958
7.68 0 -0.000228219 0.119949
7.69 0 -0.000228224 0.119974
7.7 0 -0.000228228 0.120026
7.71 0 -0.000228226 0.120094
7.72 0 -0.000228232 0.120181
7.73 0 -0.000228235 0.120294
7.74 0 -0.000228237 0.120441
7.75 0 -0.000228238 0.120625
7.76 0 -0.000228234 0.120845
7.77 0 -0.000228234 0.121099
7.78 0 -0.000228235 0.121388
7.79 0 -0.000228237 0.121711
7.8 0 -0.000228237 0.122069
7.81 0 -0.000228236 0.122462
7.82 0 -0.000228235 0.122887
7.83 0 -0.000228236 0.123345
7.84 0 -0.000228236 0.123835
7.85 0 -0.000228236 0.124356
7.86 0 -0.000228235 0.124906
7.87 0 -0.000228235 0.125485
7.88 0 -0.000228236 0.126091
7.89 0 -0.000228236 0.126722
7.9 0 -0.000228236 0.127378
7.91 0 -0.000228235 0.128056
7.92 0 -0.000228236 0.128755
7.93 0 -0.000228236 0.129473
7.94 0 -0.000228236 0.130208
7.95 0 -0.000228256 0.130958
7.96 0 -0.000228257 0.131722
7.97 0 -0.00022823 0.132499
7.98 0 -0.000228229 0.133289
7.99 0 -0.00022826 0.134093
8 0 -0.000228267 0.134911
8.01 0 -0.000228234 0.135747
8.02 0 -0.000228235 0.136604
8.03 0 -0.000228249 0.137489
8.04 0 -0.000228251 0.138405
8.05 0 -0.000228236 0.139357
8.06 0 -0.000228207 0.140345
8.07 0 -0.000228111 0.141365
8.08 0 -0.00022795 0.14241
8.09 0 -0.000227717 0.14347
8.1 0 -0.000227402 0.144533
8.11 0 -0.000227031 0.145584
8.12 0 -0.00022658 0.146606
8.13 0 -0.000226055 0.147583
8.14 0 -0.000225451 0.148497
8.15 0 -0.000224842 0.149332
8.16 0 -0.000224293 0.150071
8.17 0 -0.000223727 0.150699
8.18 0 -0.000223244 0.151204
8.19 0 -0.00022288 0.151571
8.2 0 -0.00022265 0.151789
8.21 0 -0.000222633 0.151871
8.22 0 -0.000222788 0.151852
8.23 0 -0.000223391 0.151785
8.24 0 -0.000224121 0.151721
8.25 0 -0.000224604 0.151679
8.26 0 -0.00022496 0.151651
8.27 0 -0.000225173 0.151629
8.28 0 -0.000225361 0.151603
8.29 0 -0.000225748 0.151566
8.3 0 -0.00022631 0.15152
8.31 0 -0.000226815 0.151473
8.32 0 -0.000227215 0.151423
8.33 0 -0.000227557 0.151374
8.34 0 -0.000227835 0.151325
8.35 0 -0.000228082 0.151279
8.36 0 -0.00022823 0.151231
8.37 0 -0.000228257 0.151171
8.38 0 -0.000228222 0.151096
8.39 0 -0.000228225 0.151006
8.4 0 -0.000228263 0.150896
8.41 0 -0.000228294 0.150761
8.42 0 -0.000228288 0.150604
8.43 0 -0.000228216 0.150428
8.44 0 -0.000228195 0.150237
8.45 0 -0.000228252 0.150032
8.46 0 -0.000228284 0.149817
8.47 0 -0.000228254 0.149594
8.48 0 -0.000228213 0.149364
8.49 0 -0.000228222 0.149129
8.5 0 -0.000228265 0.148893
8.51 0 -0.000228266 0.148655
8.52 0 -0.000228236 0.14842
8.53 0 -0.000228221 0.148188
8.54 0 -0.000228241 0.147962
8.55 0 -0.000228263 0.147744
8.56 0 -0.000228251 0.147536
8.57 0 -0.000228231 0.14734
8.58 0 -0.000228232 0.147159
8.59 0 -0.00022825 0.146994
8.6 0 -0.000228256 0.146848
8.61 0 -0.000228242 0.146725
8.62 0 -0.000228233 0.146626
8.63 0 -0.000228241 0.146554
8.64 0 -0.000228251 0.146512
8.65 0 -0.000228249 0.146502
8.66 0 -0.000228239 0.146524
8.67 0 -0.000228238 0.146569
8.68 0 -0.000228245 0.146629
8.69 0 -0.000228251 0.146703
8.7 0 -0.000228247 0.146799
8.71 0 -0.000228241 0.146924
8.72 0 -0.000228244 0.147083
8.73 0 -0.000228249 0.147276
8.74 0 -0.000228249 0.147503
8.75 0 -0.000228244 0.147764
8.76 0 -0.000228243 0.148059
8.77 0 -0.000228246 0.148388
8.78 0 -0.000228249 0.148752
8.79 0 -0.000228247 0.14915
8.8 0 -0.000228244 0.149582
8.81 0 -0.000228245 0.150046
8.82 0 -0.000228247 0.150543
8.83 0 -0.000228247 0.151072
8.84 0 -0.000228245 0.151632
8.85 0 -0.000228245 0.152221
8.86 0 -0.000228246 0.152839
8.87 0 -0.000228247 0.153484
8.88 0 -0.000228253 0.154154
8.89 0 -0.000228273 0.15485
8.9 0 -0.000228283 0.155572
8.91 0 -0.000228262 0.156322
8.92 0 -0.000228249 0.157105
8.93 0 -0.000228121 0.157921
8.94 0 -0.000227895 0.158765
8.95 0 -0.000227582 0.159633
8.96 0 -0.000227179 0.16052
8.97 0 -0.000226736 0.161426
8.98 0 -0.000226184 0.162349
8.99 0 -0.000225528 0.163287
9 0 -0.000224756 0.164234
9.01 0 -0.000223901 0.165183
9.02 0 -0.000222972 0.166127
9.03 0 -0.000221947 0.167055
9.04 0 -0.000220852 0.167955
9.05 0 -0.000219708 0.168814
9.06 0 -0.000218567 0.169621
9.07 0 -0.000217447 0.170363
9.08 0 -0.000216368 0.171032
9.09 0 -0.000215366 0.171621
9.1 0 -0.000214468 0.172128
9.11 0 -0.000213696 0.172553
9.12 0 -0.00021303 0.172898
9.13 0 -0.000212472 0.173164
9.14 0 -0.000212094 0.173347
9.15 0 -0.000211935 0.173431
9.16 0 -0.00021219 0.173407
9.17 0 -0.000213392 0.17333
9.18 0 -0.000214868 0.173262
9.19 0 -0.000216185 0.173197
9.2 0 -0.000217759 0.173117
9.21 0 -0.000219316 0.173029
9.22 0 -0.00022091 0.172939
9.23 0 -0.000222476 0.172842
9.24 0 -0.000224204 0.172737
9.25 0 -0.000225899 0.172615
9.26 0 -0.000227454 0.172482
9.27 0 -0.000227927 0.172349
9.28 0 -0.000228062 0.172212
9.29 0 -0.000228309 0.172058
9.3 0 -0.000228224 0.171884
9.31 0 -0.000228039 0.171686
9.32 0 -0.000228064 0.171465
9.33 0 -0.000228265 0.171222
9.34 0 -0.000228339 0.170959
9.35 0 -0.000228234 0.170677
9.36 0 -0.000228129 0.170376
9.37 0 -0.000228225 0.170057
9.38 0 -0.000228318 0.169721
9.39 0 -0.00022831 0.169371
9.4 0 -0.000228204 0.169007
9.41 0 -0.000228187 0.16863
9.42 0 -0.000228264 0.16824
9.43 0 -0.000228306 0.167838
9.44 0 -0.00022826 0.167426
9.45 0 -0.000228203 0.167006
9.46 0 -0.000228227 0.16658
9.47 0 -0.000228278 0.166149
9.48 0 -0.000228281 0.165716
9.49 0 -0.000228235 0.165282
9.5 0 -0.00022822 0.16485
9.51 0 -0.000228249 0.16442
9.52 0 -0.000228276 0.163997
9.53 0 -0.000228259 0.16358
9.54 0 -0.000228231 0.163173
9.55 0 -0.000228235 0.162777
9.56 0 -0.00022826 0.162394
9.57 0 -0.000228266 0.162026
9.58 0 -0.000228247 0.161674
9.59 0 -0.000228236 0.161342
9.6 0 -0.000228247 0.161029
9.61 0 -0.000228261 0.160739
9.62 0 -0.000228256 0.160473
9.63 0 -0.000228243 0.160233
9.64 0 -0.000228242 0.160021
9.65 0 -0.000228253 0.15984
9.66 0 -0.000228257 0.159692
9.67 0 -0.00022825 0.159577
9.68 0 -0.000228243 0.159499
9.69 0 -0.000228247 0.159459
9.7 0 -0.000228254 0.159457
9.71 0 -0.000228253 0.15949
9.72 0 -0.000228247 0.159547
9.73 0 -0.000228246 0.159622
9.74 0 -0.00022825 0.159716
9.75 0 -0.000228253 0.159838
9.76 0 -0.000228251 0.159994
9.77 0 -0.000228247 0.160188
9.78 0 -0.000228248 0.160418
9.79 0 -0.000228251 0.160683
9.8 0 -0.000228252 0.160982
9.81 0 -0.000228249 0.161315
9.82 0 -0.000228248 0.161683
9.83 0 -0.00022825 0.162083
9.84 0 -0.000228251 0.162515
9.85 0 -0.00022825 0.162979
9.86 0 -0.000228248 0.163472
9.87 0 -0.000228249 0.163995
9.88 0 -0.00022825 0.164545
9.89 0 -0.000228251 0.165121
9.9 0 -0.000228249 0.165722
9.91 0 -0.000228249 0.166346
9.92 0 -0.00022825 0.166991
9.93 0 -0.00022825 0.167656
9.94 0 -0.00022825 0.168339
9.95 0 -0.000228249 0.169038
9.96 0 -0.000228249 0.169751
9.97 0 -0.00022825 0.170475
9.98 0 -0.00022825 0.17121
9.99 0 -0.00022825 0.171952
10 0 -0.000228249 0.1727
10.01 0 -0.00022825 0.173452
10.02 0 -0.00022827 0.174206
10.03 0 -0.000228271 0.174961
10.04 0 -0.000228243 0.175716
10.05 0 -0.000228242 0.176474
10.06 0 -0.000228255 0.177234
10.07 0 -0.000228263 0.177999
10.08 0 -0.000228271 0.17877
10.09 0 -0.000228258 0.179551
10.1 0 -0.000228241 0.180345
10.11 0 -0.000228248 0.181155
10.12 0 -0.00022828 0.181988
10.13 0 -0.000228275 0.182851
10.14 0 -0.000228245 0.183751
10.15 0 -0.000228235 0.184692
10.16 0 -0.000228255 0.18568
10.17 0 -0.000228267 0.186715
10.18 0 -0.000228031 0.187792
10.19 0 -0.00022763 0.188893
10.2 0 -0.000227122 0.189998
10.21 0 -0.000226488 0.191085
10.22 0 -0.000225755 0.192131
10.23 0 -0.000224914 0.193118
10.24 0 -0.000224025 0.194031
10.25 0 -0.000223095 0.194863
10.26 0 -0.000222188 0.19561
10.27 0 -0.000221325 0.19627
10.28 0 -0.000220526 0.196846
10.29 0 -0.000219781 0.197344
10.3 0 -0.000219093 0.197773
10.31 0 -0.000218484 0.198142
10.32 0 -0.000217957 0.198459
10.33 0 -0.000217495 0.198733
10.34 0 -0.000217064 0.198971
10.35 0 -0.000216688 0.199176
10.36 0 -0.000216362 0.199353
10.37 0 -0.000216082 0.199506
10.38 0 -0.000215839 0.199637
10.39 0 -0.000215623 0.199749
10.4 0 -0.000215435 0.199844
10.41 0 -0.000215275 0.199926
10.42 0 -0.000215137 0.199999
10.43 0 -0.000215006 0.200065
10.44 0 -0.000214877 0.200128
10.45 0 -0.00021475 0.200191
10.46 0 -0.000214624 0.200254
10.47 0 -0.000214495 0.20032
10.48 0 -0.000214359 0.200386
10.49 0 -0.000214223 0.200451
10.5 0 -0.000214095 0.200514
10.51 0 -0.000213979 0.200572
10.52 0 -0.000213878 0.200621
10.53 0 -0.000213786 0.200658
10.54 0 -0.000213695 0.200674
10.55 0 -0.000213705 0.200659
10.56 0 -0.000214271 0.200614
10.57 0 -0.000215372 0.200559
10.58 0 -0.000216487 0.200498
10.59 0 -0.000217741 0.200423
10.6 0 -0.00021944 0.200331
10.61 0 -0.00022142 0.200225
10.62 0 -0.000223368 0.200108
10.63 0 -0.000225088 0.199986
10.64 0 -0.000226554 0.199866
10.65 0 -0.000227711 0.199751
10.66 0 -0.000228159 0.199639
10.67 0 -0.00022831 0.19953
10.68 0 -0.000228122 0.199423
10.69 0 -0.000227931 0.19932
10.7 0 -0.000228155 0.199221
10.71 0 -0.000228347 0.199127
10.72 0 -0.000228286 0.199039
10.73 0 -0.000228105 0.198957
10.74 0 -0.000228103 0.198882
10.75 0 -0.000228267 0.198813
10.76 0 -0.000228335 0.198751
10.77 0 -0.000228226 0.198696
10.78 0 -0.000228141 0.198649
10.79 0 -0.000228199 0.198609
10.8 0 -0.000228302 0.198575
10.81 0 -0.000228287 0.198549
10.82 0 -0.000228202 0.198531
10.83 0 -0.000228183 0.198523
10.84 0 -0.000228248 0.198525
10.85 0 -0.00022829 0.198535
10.86 0 -0.000228247 0.198551
10.87 0 -0.000228202 0.198571
10.88 0 -0.000228219 0.198596
10.89 0 -0.000228269 0.198624
10.9 0 -0.000228273 0.198655
10.91 0 -0.000228237 0.198691
10.92 0 -0.000228223 0.19873
10.93 0 -0.000228249 0.198769
10.94 0 -0.000228272 0.198809
10.95 0 -0.000228258 0.198853
10.96 0 -0.000228234 0.198901
10.97 0 -0.000228237 0.198955
10.98 0 -0.000228258 0.199015
10.99 0 -0.000228264 0.199081
11 0 -0.000228247 0.199151
11.01 0 -0.000228237 0.199227
11.02 0 -0.000228247 0.199308
11.03 0 -0.000228262 0.199394
11.04 0 -0.00022826 0.199485
11.05 0 -0.000228244 0.199581
11.06 0 -0.000228239 0.199683
11.07 0 -0.000228252 0.199789
11.08 0 -0.000228259 0.199902
11.09 0 -0.000228254 0.20002
11.1 0 -0.000228246 0.200144
11.11 0 -0.000228247 0.200275
11.12 0 -0.000228252 0.200412
11.13 0 -0.000228254 0.200557
11.14 0 -0.000228253 0.200709
11.15 0 -0.000228249 0.200871
11.16 0 -0.000228248 0.201041
11.17 0 -0.000228251 0.201221
11.18 0 -0.000228252 0.201411
11.19 0 -0.000228251 0.201611
11.2 0 -0.000228248 0.201822
11.21 0 -0.000228249 0.202043
11.22 0 -0.000228251 0.202274
11.23 0 -0.000228251 0.202516
11.24 0 -0.000228249 0.20277
11.25 0 -0.000228188 0.203032
11.26 0 -0.000228105 0.203299
11.27 0 -0.000228016 0.203568
11.28 0 -0.000227914 0.203837
11.29 0 -0.000227812 0.204104
11.3 0 -0.000227694 0.204366
11.31 0 -0.00022757 0.204624
11.32 0 -0.000227437 0.204875
11.33 0 -0.000227298 0.205119
11.34 0 -0.000227159 0.205356
11.35 0 -0.000227014 0.205585
11.36 0 -0.000226863 0.205806
11.37 0 -0.00022671 0.206019
11.38 0 -0.00022656 0.206224
11.39 0 -0.00022641 0.20642
11.4 0 -0.000226259 0.206608
11.41 0 -0.000226107 0.206789
11.42 0 -0.000225956 0.206962
11.43 0 -0.000225808 0.207128
11.44 0 -0.000225663 0.207287
11.45 0 -0.000225519 0.207439
11.46 0 -0.000225376 0.207586
11.47 0 -0.000225234 0.207727
11.48 0 -0.000225097 0.207863
11.49 0 -0.000224963 0.207993
11.5 0 -0.000224832 0.208118
11.51 0 -0.000224701 0.208238
11.52 0 -0.000224571 0.208353
11.53 0 -0.000224449 0.208463
11.54 0 -0.000224331 0.208568
11.55 0 -0.000224214 0.208669
11.56 0 -0.0002241 0.208766
11.57 0 -0.000223989 0.208858
11.58 0 -0.000223884 0.208946
11.59 0 -0.000223782 0.209031
11.6 0 -0.000223682 0.209111
11.61 0 -0.000223585 0.209188
11.62 0 -0.000223493 0.209261
11.63 0 -0.000223405 0.20933
11.64 0 -0.000223321 0.209396
11.65 0 -0.00022324 0.209458
11.66 0 -0.000223163 0.209517
11.67 0 -0.000223091 0.209571
11.68 0 -0.000223025 0.209622
11.69 0 -0.000222962 0.209669
11.7 0 -0.000222905 0.209711
11.71 0 -0.000222853 0.209749
11.72 0 -0.000222807 0.209784
11.73 0 -0.000222766 0.209813
11.74 0 -0.000222731 0.209839
11.75 0 -0.000222702 0.209859
11.76 0 -0.00022268 0.209876
11.77 0 -0.000222664 0.209887
11.78 0 -0.000222654 0.209894
11.79 0 -0.000222651 0.209897
11.8 0 -0.000222654 0.209894
11.81 0 -0.000222672 0.209885
11.82 0 -0.000222745 0.209872
11.83 0 -0.000222878 0.209855
11.84 0 -0.000223113 0.209834
11.85 0 -0.000223391 0.20981
11.86 0 -0.000223704 0.209783
11.87 0 -0.000224044 0.209752
11.88 0 -0.000224383 0.209719
11.89 0 -0.000224757 0.209683
11.9 0 -0.000225214 0.209646
11.91 0 -0.000225651 0.20961
11.92 0 -0.00022602 0.209575
11.93 0 -0.000226357 0.209543
11.94 0 -0.000226625 0.209514
11.95 0 -0.000226859 0.209488
11.96 0 -0.000227055 0.209466
11.97 0 -0.000227212 0.209447
11.98 0 -0.000227328 0.209431
11.99 0 -0.000227408 0.20942
12 0 -0.000227463 0.209413
12.01 0 -0.000227486 0.209409
12.02 0 -0.000227477 0.209411
12.03 0 -0.000227468 0.209416
12.04 0 -0.000227472 0.209425
12.05 0 -0.000227483 0.209437
12.06 0 -0.000227485 0.209453
12.07 0 -0.000227478 0.209474
12.08 0 -0.000227475 0.209498
12.09 0 -0.000227479 0.209526
12.1 0 -0.000227484 0.209558
12.11 0 -0.000227481 0.209593
12.12 0 -0.000227477 0.209633
12.13 0 -0.000227477 0.209675
12.14 0 -0.000227481 0.209722
12.15 0 -0.000227482 0.209772
12.16 0 -0.000227479 0.209826
12.17 0 -0.000227477 0.209883
12.18 0 -0.000227479 0.209943
12.19 0 -0.000227481 0.210007
12.2 0 -0.000227481 0.210074
12.21 0 -0.000227479 0.210145
12.22 0 -0.000227478 0.210218
12.23 0 -0.00022748 0.210296
12.24 0 -0.000227484 0.21038
12.25 0 -0.000227475 0.210468
12.26 0 -0.000227426 0.210555
12.27 0 -0.00022737 0.210643
12.28 0 -0.000227316 0.210734
12.29 0 -0.000227266 0.210827
12.3 0 -0.000227212 0.210923
12.31 0 -0.000227145 0.21102
12.32 0 -0.000227076 0.211119
12.33 0 -0.000227009 0.211219
12.34 0 -0.000226945 0.21132
12.35 0 -0.000226872 0.211421
12.36 0 -0.000226793 0.211523
12.37 0 -0.000226715 0.211625
12.38 0 -0.00022664 0.211727
12.39 0 -0.000226563 0.211828
12.4 0 -0.00022648 0.211929
12.41 0 -0.000226395 0.21203
12.42 0 -0.000226312 0.21213
12.43 0 -0.00022623 0.212229
12.44 0 -0.000226144 0.212327
12.45 0 -0.000226056 0.212424
12.46 0 -0.000225969 0.21252
12.47 0 -0.000225882 0.212615
12.48 0 -0.000225796 0.212708
12.49 0 -0.000225708 0.2128
12.5 0 -0.000225619 0.21289
12.51 0 -0.000225531 0.212978
12.52 0 -0.000225445 0.213065
12.53 0 -0.000225359 0.21315
12.54 0 -0.000225272 0.213233
12.55 0 -0.000225186 0.213315
12.56 0 -0.000225102 0.213394
12.57 0 -0.00022502 0.213471
12.58 0 -0.000224938 0.213546
12.59 0 -0.000224857 0.213618
12.6 0 -0.000224779 0.213688
12.61 0 -0.000224703 0.213756
12.62 0 -0.000224629 0.213821
12.63 0 -0.000224556 0.213883
12.64 0 -0.000224486 0.213943
12.65 0 -0.00022442 0.214
12.66 0 -0.000224356 0.214054
12.67 0 -0.000224294 0.214105
12.68 0 -0.000224236 0.214153
12.69 0 -0.000224181 0.214198
12.7 0 -0.00022413 0.21424
12.71 0 -0.000224082 0.214279
12.72 0 -0.000224038 0.214314
12.73 0 -0.000223998 0.214347
12.74 0 -0.000223963 0.214375
12.75 0 -0.000223931 0.2144
12.76 0 -0.000223904 0.214422
12.77 0 -0.000223881 0.21444
12.78 0 -0.000223862 0.214455
12.79 0 -0.000223848 0.214466
12.8 0 -0.000223839 0.214473
12.81 0 -0.000223834 0.214477
12.82 0 -0.000223834 0.214476
12.83 0 -0.000223838 0.214472
12.84 0 -0.00022386 0.214464
12.85 0 -0.000223907 0.214453
12.86 0 -0.000224006 0.214439
12.87 0 -0.000224167 0.214423
12.88 0 -0.000224349 0.214404
12.89 0 -0.000224554 0.214383
12.9 0 -0.00022476 0.214361
12.91 0 -0.000224961 0.214338
12.92 0 -0.000225175 0.214315
12.93 0 -0.000225417 0.214292
12.94 0 -0.000225668 0.21427
12.95 0 -0.000225878 0.214249
12.96 0 -0.000226075 0.21423
12.97 0 -0.000226245 0.214212
12.98 0 -0.000226388 0.214197
12.99 0 -0.000226505 0.214184
13 0 -0.000226596 0.214174
13.01 0 -0.000226666 0.214167
13.02 0 -0.000226709 0.214162
13.03 0 -0.000226727 0.214159
13.04 0 -0.000226722 0.21416
13.05 0 -0.000226711 0.214163
13.06 0 -0.000226712 0.214168
13.07 0 -0.000226723 0.214175
13.08 0 -0.000226725 0.214184
13.09 0 -0.000226718 0.214197
13.1 0 -0.000226713 0.214212
13.11 0 -0.000226718 0.214231
13.12 0 -0.000226723 0.214252
13.13 0 -0.000226721 0.214276
13.14 0 -0.000226717 0.214302
13.15 0 -0.000226716 0.214331
13.16 0 -0.00022672 0.214362
13.17 0 -0.000226722 0.214396
13.18 0 -0.000226719 0.214431
13.19 0 -0.000226717 0.21447
13.2 0 -0.000226718 0.21451
13.21 0 -0.000226721 0.214553
13.22 0 -0.00022672 0.214597
13.23 0 -0.000226718 0.214644
13.24 0 -0.000226717 0.214694
13.25 0 -0.00022672 0.214749
13.26 0 -0.000226724 0.214812
13.27 0 -0.000226705 0.214874
13.28 0 -0.000226658 0.214931
13.29 0 -0.000226615 0.214984
13.3 0 -0.000226573 0.215038
13.31 0 -0.000226529 0.215093
13.32 0 -0.000226485 0.21515
13.33 0 -0.000226435 0.215209
13.34 0 -0.000226385 0.215269
13.35 0 -0.000226333 0.21533
13.36 0 -0.000226281 0.215391
13.37 0 -0.000226227 0.215453
13.38 0 -0.000226172 0.215515
13.39 0 -0.000226117 0.215576
13.4 0 -0.000226061 0.215638
13.41 0 -0.000226005 0.215699
13.42 0 -0.000225949 0.215759
13.43 0 -0.000225892 0.215819
13.44 0 -0.000225835 0.215878
13.45 0 -0.000225779 0.215936
13.46 0 -0.000225723 0.215993
13.47 0 -0.000225667 0.21605
13.48 0 -0.000225611 0.216105
13.49 0 -0.000225557 0.216159
13.5 0 -0.000225502 0.216213
13.51 0 -0.000225449 0.216265
13.52 0 -0.000225396 0.216315
13.53 0 -0.000225344 0.216365
13.54 0 -0.000225293 0.216413
13.55 0 -0.000225243 0.216459
13.56 0 -0.000225195 0.216505
13.57 0 -0.000225147 0.216548
13.58 0 -0.000225101 0.21659
13.59 0 -0.000225056 0.216631
13.6 0 -0.000225013 0.21667
13.61 0 -0.000224972 0.216707
13.62 0 -0.000224932 0.216742
13.63 0 -0.000224894 0.216776
13.64 0 -0.000224858 0.216807
13.65 0 -0.000224824 0.216837
13.66 0 -0.000224792 0.216865
13.67 0 -0.000224763 0.216891
13.68 0 -0.000224735 0.216914
13.69 0 -0.00022471 0.216936
13.7 0 -0.000224687 0.216955
13.71 0 -0.000224667 0.216973
13.72 0 -0.000224649 0.216988
13.73 0 -0.000224634 0.217001
13.74 0 -0.000224621 0.217011
13.75 0 -0.000224611 0.21702
13.76 0 -0.000224604 0.217026
13.77 0 -0.000224599 0.21703
13.78 0 -0.000224597 0.217032
13.79 0 -0.000224597 0.217031
13.8 0 -0.0002246 0.217029
13.81 0 -0.000224606 0.217024
13.82 0 -0.000224629 0.217017
13.83 0 -0.000224667 0.217008
13.84 0 -0.000224737 0.216998
13.85 0 -0.000224828 0.216987
13.86 0 -0.000224934 0.216974
13.87 0 -0.000225057 0.216961
13.88 0 -0.000225168 0.216947
13.89 0 -0.000225277 0.216932
13.9 0 -0.000225393 0.216918
13.91 0 -0.00022551 0.216904
13.92 0 -0.000225622 0.216891
13.93 0 -0.000225732 0.216879
13.94 0 -0.000225845 0.216868
13.95 0 -0.000225942 0.216858
13.96 0 -0.000226026 0.21685
13.97 0 -0.000226093 0.216843
13.98 0 -0.000226137 0.216837
13.99 0 -0.000226168 0.216834
14 0 -0.000226187 0.216832
14.01 0 -0.00022619 0.216832
14.02 0 -0.000226179 0.216834
14.03 0 -0.000226175 0.216837
14.04 0 -0.000226182 0.216843
14.05 0 -0.000226187 0.21685
14.06 0 -0.000226185 0.21686
14.07 0 -0.000226178 0.216872
14.08 0 -0.000226178 0.216885
14.09 0 -0.000226184 0.2169
14.1 0 -0.000226185 0.216918
14.11 0 -0.000226182 0.216936
14.12 0 -0.000226179 0.216957
14.13 0 -0.000226181 0.216979
14.14 0 -0.000226184 0.217003
14.15 0 -0.000226183 0.217029
14.16 0 -0.00022618 0.217056
14.17 0 -0.00022618 0.217085
14.18 0 -0.000226182 0.217115
14.19 0 -0.000226183 0.217147
14.2 0 -0.000226182 0.21718
14.21 0 -0.00022618 0.217214
14.22 0 -0.00022618 0.217247
14.23 0 -0.000226182 0.217277
14.24 0 -0.000226172 0.217307
14.25 0 -0.000226138 0.217339
14.26 0 -0.000226097 0.217371
14.27 0 -0.000226067 0.217406
14.28 0 -0.000226044 0.217441
14.29 0 -0.000226013 0.217478
14.3 0 -0.000225971 0.217515
14.31 0 -0.000225932 0.217552
14.32 0 -0.000225902 0.217589
14.33 0 -0.000225872 0.217625
14.34 0 -0.000225835 0.217661
14.35 0 -0.000225797 0.217696
14.36 0 -0.000225763 0.21773
14.37 0 -0.000225734 0.217764
14.38 0 -0.000225702 0.217797
14.39 0 -0.000225667 0.217829
14.4 0 -0.000225634 0.21786
14.41 0 -0.000225604 0.21789
14.42 0 -0.000225576 0.21792
14.43 0 -0.000225546 0.217949
14.44 0 -0.000225514 0.217978
14.45 0 -0.000225486 0.218005
14.46 0 -0.00022546 0.218032
14.47 0 -0.000225433 0.218057
14.48 0 -0.000225406 0.218082
14.49 0 -0.000225379 0.218106
14.5 0 -0.000225356 0.218129
14.51 0 -0.000225333 0.218152
14.52 0 -0.00022531 0.218173
14.53 0 -0.000225287 0.218193
14.54 0 -0.000225266 0.218212
14.55 0 -0.000225247 0.218231
14.56 0 -0.000225229 0.218248
14.57 0 -0.000225211 0.218264
14.58 0 -0.000225194 0.218279
14.59 0 -0.000225179 0.218293
14.6 0 -0.000225165 0.218305
14.61 0 -0.000225153 0.218317
14.62 0 -0.000225141 0.218327
14.63 0 -0.000225131 0.218336
14.64 0 -0.000225122 0.218344
14.65 0 -0.000225115 0.218351
14.66 0 -0.000225109 0.218356
14.67 0 -0.000225104 0.21836
14.68 0 -0.000225101 0.218363
14.69 0 -0.000225099 0.218365
14.7 0 -0.000225099 0.218365
14.71 0 -0.0002251 0.218364
14.72 0 -0.000225101 0.218362
14.73 0 -0.000225102 0.218359
14.74 0 -0.000225116 0.218354
14.75 0 -0.000225136 0.218349
14.76 0 -0.000225161 0.218343
14.77 0 -0.000225205 0.218336
14.78 0 -0.000225255 0.218328
14.79 0 -0.000225317 0.21832
14.8 0 -0.000225388 0.218312
14.81 0 -0.000225448 0.218304
14.82 0 -0.000225501 0.218295
14.83 0 -0.000225557 0.218287
14.84 0 -0.000225617 0.21828
14.85 0 -0.000225671 0.218273
14.86 0 -0.000225712 0.218267
14.87 0 -0.000225746 0.218262
14.88 0 -0.000225779 0.218257
14.89 0 -0.000225809 0.218254
14.9 0 -0.000225827 0.218251
14.91 0 -0.000225835 0.21825
14.92 0 -0.000225838 0.218249
14.93 0 -0.000225839 0.21825
14.94 0 -0.000225838 0.218251
14.95 0 -0.000225837 0.218253
14.96 0 -0.000225838 0.218257
14.97 0 -0.000225839 0.218261
14.98 0 -0.000225839 0.218267
14.99 0 -0.000225838 0.218273
15 0 -0.000225837 0.218281
15.01 0 -0.000225838 0.218289
15.02 0 -0.000225839 0.218299
15.03 0 -0.000225838 0.218309
15.04 0 -0.000225838 0.218321
15.05 0 -0.000225838 0.218333
15.06 0 -0.000225838 0.218347
15.07 0 -0.000225838 0.218361
15.08 0 -0.000225838 0.218376
15.09 0 -0.000225838 0.218393
15.1 0 -0.000225838 0.21841
15.11 0 -0.000225838 0.218427
15.12 0 -0.000225838 0.218446
15.13 0 -0.000225838 0.218466
15.14 0 -0.000225838 0.218485
15.15 0 -0.000225837 0.218503
15.16 0 -0.000225833 0.218522
15.17 0 -0.000225818 0.218538
15.18 0 -0.000225796 0.218554
15.19 0 -0.000225776 0.21857
15.2 0 -0.000225763 0.218587
15.21 0 -0.000225752 0.218604
15.22 0 -0.000225732 0.218622
15.23 0 -0.00022571 0.218639
15.24 0 -0.000225691 0.218657
15.25 0 -0.000225677 0.218675
15.26 0 -0.000225661 0.218693
15.27 0 -0.00022564 0.218711
15.28 0 -0.000225621 0.218728
15.29 0 -0.000225604 0.218745
15.3 0 -0.00022559 0.218762
15.31 0 -0.000225573 0.218778
15.32 0 -0.000225555 0.218794
15.33 0 -0.000225539 0.218809
15.34 0 -0.000225525 0.218823
15.35 0 -0.000225512 0.218837
15.36 0 -0.000225497 0.21885
15.37 0 -0.000225483 0.218863
15.38 0 -0.000225471 0.218874
15.39 0 -0.00022546 0.218885
15.4 0 -0.00022545 0.218896
15.41 0 -0.000225439 0.218905
15.42 0 -0.000225429 0.218914
15.43 0 -0.000225421 0.218922
15.44 0 -0.000225413 0.21893
15.45 0 -0.000225406 0.218936
15.46 0 -0.000225399 0.218942
15.47 0 -0.000225394 0.218947
15.48 0 -0.00022539 0.218952
15.49 0 -0.000225386 0.218956
15.5 0 -0.000225382 0.218958
15.51 0 -0.00022538 0.218961
15.52 0 -0.000225378 0.218962
15.53 0 -0.000225378 0.218963
15.54 0 -0.000225378 0.218963
15.55 0 -0.000225378 0.218962
15.56 0 -0.000225378 0.218961
15.57 0 -0.00022538 0.218959
15.58 0 -0.000225382 0.218957
15.59 0 -0.000225389 0.218954
15.6 0 -0.0002254 0.218951
15.61 0 -0.000225414 0.218947
15.62 0 -0.000225429 0.218943
15.63 0 -0.000225446 0.218939
15.64 0 -0.000225476 0.218934
15.65 0 -0.000225509 0.218929
15.66 0 -0.000225545 0.218925
15.67 0 -0.000225579 0.21892
15.68 0 -0.000225604 0.218916
15.69 0 -0.000225631 0.218912
15.7 0 -0.000225658 0.218908
15.71 0 -0.000225684 0.218905
15.72 0 -0.000225703 0.218902
15.73 0 -0.000225716 0.218899
15.74 0 -0.000225727 0.218898
15.75 0 -0.000225738 0.218896
15.76 0 -0.000225743 0.218896
15.77 0 -0.000225741 0.218896
15.78 0 -0.000225738 0.218896
15.79 0 -0.000225738 0.218898
15.8 0 -0.000225741 0.218899
15.81 0 -0.000225742 0.218902
15.82 0 -0.00022574 0.218905
15.83 0 -0.000225738 0.218908
15.84 0 -0.000225739 0.218912
15.85 0 -0.000225741 0.218916
15.86 0 -0.000225741 0.218921
15.87 0 -0.000225739 0.218927
15.88 0 -0.000225739 0.218933
15.89 0 -0.00022574 0.21894
15.9 0 -0.000225741 0.218947
15.91 0 -0.00022574 0.218954
15.92 0 -0.000225739 0.218962
15.93 0 -0.000225739 0.218971
15.94 0 -0.00022574 0.21898
15.95 0 -0.00022574 0.218989
15.96 0 -0.00022574 0.218999
15.97 0 -0.000225739 0.21901
15.98 0 -0.00022574 0.219021
15.99 0 -0.00022574 0.219032
16 0 -0.000225739 0.219042
16.01 0 -0.000225738 0.219051
16.02 0 -0.000225734 0.21906
16.03 0 -0.000225723 0.219071
16.04 0 -0.000225708 0.219082
16.05 0 -0.000225696 0.219094
16.06 0 -0.000225686 0.219106
16.07 0 -0.000225676 0.219118
16.08 0 -0.000225662 0.21913
16.09 0 -0.000225648 0.219141
16.1 0 -0.000225637 0.219152
16.11 0 -0.000225628 0.219163
16.12 0 -0.000225618 0.219174
16.13 0 -0.000225606 0.219183
16.14 0 -0.000225596 0.219193
16.15 0 -0.000225588 0.219201
16.16 0 -0.00022558 0.21921
16.17 0 -0.000225572 0.219217
16.18 0 -0.000225563 0.219224
16.19 0 -0.000225557 0.219231
16.2 0 -0.000225551 0.219237
16.21 0 -0.000225546 0.219243
16.22 0 -0.000225539 0.219248
16.23 0 -0.000225534 0.219253
16.24 0 -0.00022553 0.219257
16.25 0 -0.000225527 0.21926
16.26 0 -0.000225524 0.219264
16.27 0 -0.00022552 0.219266
16.28 0 -0.000225518 0.219268
16.29 0 -0.000225517 0.21927
16.3 0 -0.000225516 0.219271
16.31 0 -0.000225515 0.219272
16.32 0 -0.000225514 0.219272
16.33 0 -0.000225515 0.219272
16.34 0 -0.000225515 0.219271
16.35 0 -0.000225515 0.21927
16.36 0 -0.000225516 0.219269
16.37 0 -0.000225518 0.219267
16.38 0 -0.000225522 0.219265
16.39 0 -0.000225527 0.219263
16.4 0 -0.000225536 0.21926
16.41 0 -0.000225547 0.219258
16.42 0 -0.000225555 0.219255
16.43 0 -0.000225561 0.219252
16.44 0 -0.000225572 0.219249
16.45 0 -0.000225593 0.219247
16.46 0 -0.000225612 0.219244
16.47 0 -0.000225628 0.219241
16.48 0 -0.000225644 0.219239
16.49 0 -0.000225659 0.219237
16.5 0 -0.000225672 0.219235
16.51 0 -0.000225682 0.219233
16.52 0 -0.00022569 0.219232
16.53 0 -0.000225696 0.219231
16.54 0 -0.000225698 0.21923
16.55 0 -0.000225697 0.21923
16.56 0 -0.000225698 0.21923
16.57 0 -0.000225701 0.219231
16.58 0 -0.000225702 0.219232
16.59 0 -0.0002257 0.219233
16.6 0 -0.000225698 0.219235
16.61 0 -0.000225699 0.219237
16.62 0 -0.000225701 0.219239
16.63 0 -0.000225701 0.219242
16.64 0 -0.000225699 0.219245
16.65 0 -0.000225699 0.219248
16.66 0 -0.0002257 0.219252
16.67 0 -0.000225701 0.219256
16.68 0 -0.0002257 0.21926
16.69 0 -0.000225699 0.219265
16.7 0 -0.0002257 0.21927
16.71 0 -0.0002257 0.219275
16.72 0 -0.0002257 0.21928
16.73 0 -0.0002257 0.219286
16.74 0 -0.000225699 0.219292
16.75 0 -0.0002257 0.219299
16.76 0 -0.0002257 0.219305
16.77 0 -0.0002257 0.219312
16.78 0 -0.000225699 0.219319
16.79 0 -0.000225699 0.219327
16.8 0 -0.000225699 0.219334
16.81 0 -0.000225696 0.219341
16.82 0 -0.000225688 0.219348
16.83 0 -0.000225678 0.219354
16.84 0 -0.000225671 0.219361
16.85 0 -0.000225666 0.219368
16.86 0 -0.000225661 0.219375
16.87 0 -0.000225652 0.219382
16.88 0 -0.000225644 0.219388
16.89 0 -0.000225638 0.219394
16.9 0 -0.000225634 0.2194
16.91 0 -0.000225628 0.219406
16.92 0 -0.000225621 0.219411
16.93 0 -0.000225616 0.219416
16.94 0 -0.000225612 0.21942
16.95 0 -0.000225609 0.219424
16.96 0 -0.000225605 0.219428
16.97 0 -0.000225601 0.219431
16.98 0 -0.000225598 0.219434
16.99 0 -0.000225596 0.219437
17 0 -0.000225594 0.219439
17.01 0 -0.000225592 0.21944
17.02 0 -0.00022559 0.219442
17.03 0 -0.000225589 0.219443
17.04 0 -0.000225589 0.219444
17.05 0 -0.000225588 0.219444
17.06 0 -0.000225588 0.219444
17.07 0 -0.000225588 0.219444
17.08 0 -0.000225588 0.219443
17.09 0 -0.000225588 0.219443
17.1 0 -0.000225589 0.219442
17.11 0 -0.00022559 0.219441
17.12 0 -0.000225591 0.219439
17.13 0 -0.000225593 0.219438
17.14 0 -0.000225597 0.219436
17.15 0 -0.000225603 0.219434
17.16 0 -0.000225611 0.219432
17.17 0 -0.000225617 0.21943
17.18 0 -0.000225621 0.219428
17.19 0 -0.000225626 0.219427
17.2 0 -0.000225633 0.219425
17.21 0 -0.000225639 0.219423
17.22 0 -0.000225647 0.219421
17.23 0 -0.000225656 0.21942
17.24 0 -0.000225664 0.219419
17.25 0 -0.000225672 0.219418
17.26 0 -0.000225677 0.219417
17.27 0 -0.000225681 0.219416
17.28 0 -0.000225682 0.219416
17.29 0 -0.000225682 0.219416
17.3 0 -0.000225683 0.219416
17.31 0 -0.000225684 0.219416
17.32 0 -0.000225684 0.219417
17.33 0 -0.000225683 0.219418
17.34 0 -0.000225682 0.219419
17.35 0 -0.000225683 0.219421
17.36 0 -0.000225684 0.219422
17.37 0 -0.000225683 0.219424
17.38 0 -0.000225683 0.219426
17.39 0 -0.000225683 0.219428
17.4 0 -0.000225683 0.219431
17.41 0 -0.000225683 0.219434
17.42 0 -0.000225683 0.219437
17.43 0 -0.000225683 0.21944
17.44 0 -0.000225683 0.219443
17.45 0 -0.000225683 0.219447
17.46 0 -0.000225683 0.21945
17.47 0 -0.000225683 0.219454
17.48 0 -0.000225683 0.219458
17.49 0 -0.000225683 0.219463
17.5 0 -0.000225683 0.219467
17.51 0 -0.000225683 0.219472
17.52 0 -0.000225683 0.219477
17.53 0 -0.000225683 0.219482
17.54 0 -0.000225683 0.219487
17.55 0 -0.000225682 0.219491
17.56 0 -0.000225679 0.219496
17.57 0 -0.000225673 0.2195
17.58 0 -0.000225667 0.219505
17.59 0 -0.000225662 0.219509
17.6 0 -0.00022566 0.219513
17.61 0 -0.000225656 0.219518
17.62 0 -0.00022565 0.219522
17.63 0 -0.000225646 0.219526
17.64 0 -0.000225643 0.219529
17.65 0 -0.00022564 0.219532
17.66 0 -0.000225637 0.219535
17.67 0 -0.000225633 0.219538
17.68 0 -0.000225631 0.21954
17.69 0 -0.00022563 0.219542
17.7 0 -0.000225628 0.219544
17.71 0 -0.000225626 0.219545
17.72 0 -0.000225625 0.219546
17.73 0 -0.000225624 0.219547
17.74 0 -0.000225624 0.219548
17.75 0 -0.000225624 0.219548
17.76 0 -0.000225624 0.219548
17.77 0 -0.000225624 0.219548
17.78 0 -0.000225624 0.219547
17.79 0 -0.000225624 0.219547
17.8 0 -0.000225624 0.219546
17.81 0 -0.000225625 0.219545
17.82 0 -0.000225626 0.219544
17.83 0 -0.000225627 0.219543
17.84 0 -0.000225629 0.219541
17.85 0 -0.000225633 0.21954
17.86 0 -0.000225638 0.219539
17.87 0 -0.000225643 0.219537
17.88 0 -0.000225648 0.219536
17.89 0 -0.000225651 0.219534
17.9 0 -0.000225655 0.219533
17.91 0 -0.00022566 0.219531
17.92 0 -0.000225664 0.21953
17.93 0 -0.000225666 0.219529
17.94 0 -0.000225669 0.219528
17.95 0 -0.000225671 0.219528
17.96 0 -0.000225673 0.219527
17.97 0 -0.000225674 0.219527
17.98 0 -0.000225673 0.219526
17.99 0 -0.000225674 0.219526
18 0 -0.000225676 0.219527
18.01 0 -0.000225677 0.219527
18.02 0 -0.000225675 0.219528
18.03 0 -0.000225674 0.219528
18.04 0 -0.000225675 0.219529
18.05 0 -0.000225676 0.21953
18.06 0 -0.000225676 0.219532
18.07 0 -0.000225675 0.219533
18.08 0 -0.000225675 0.219535
18.09 0 -0.000225676 0.219536
18.1 0 -0.000225676 0.219538
18.11 0 -0.000225675 0.21954
18.12 0 -0.000225675 0.219542
18.13 0 -0.000225675 0.219545
18.14 0 -0.000225676 0.219547
18.15 0 -0.000225676 0.21955
18.16 0 -0.000225675 0.219553
18.17 0 -0.000225675 0.219556
18.18 0 -0.000225675 0.219559
18.19 0 -0.000225676 0.219562
18.2 0 -0.000225676 0.219566
18.21 0 -0.000225675 0.21957
18.22 0 -0.000225675 0.219573
18.23 0 -0.000225675 0.219576
18.24 0 -0.000225675 0.219579
18.25 0 -0.000225675 0.219582
18.26 0 -0.000225673 0.219584
18.27 0 -0.00022567 0.219587
18.28 0 -0.000225666 0.219589
18.29 0 -0.000225664 0.219592
18.3 0 -0.000225663 0.219594
18.31 0 -0.000225661 0.219596
18.32 0 -0.000225658 0.219598
18.33 0 -0.000225655 0.2196
18.34 0 -0.000225654 0.219602
18.35 0 -0.000225653 0.219604
18.36 0 -0.000225651 0.219606
18.37 0 -0.000225649 0.219607
18.38 0 -0.000225648 0.219608
18.39 0 -0.000225647 0.219609
18.4 0 -0.000225647 0.21961
18.41 0 -0.000225646 0.21961
18.42 0 -0.000225646 0.219611
18.43 0 -0.000225646 0.219611
18.44 0 -0.000225645 0.219611
18.45 0 -0.000225645 0.219611
18.46 0 -0.000225645 0.21961
18.47 0 -0.000225645 0.21961
18.48 0 -0.000225646 0.219609
18.49 0 -0.000225646 0.219608
18.5 0 -0.000225647 0.219607
18.51 0 -0.000225648 0.219606
18.52 0 -0.00022565 0.219605
18.53 0 -0.000225653 0.219604
18.54 0 -0.000225656 0.219602
18.55 0 -0.000225661 0.219601
18.56 0 -0.000225665 0.2196
18.57 0 -0.000225668 0.219599
18.58 0 -0.000225671 0.219598
18.59 0 -0.000225674 0.219597
18.6 0 -0.000225677 0.219596
18.61 0 -0.000225679 0.219595
18.62 0 -0.000225681 0.219594
18.63 0 -0.000225682 0.219594
18.64 0 -0.000225682 0.219594
18.65 0 -0.000225683 0.219593
18.66 0 -0.000225684 0.219593
18.67 0 -0.000225685 0.219593
18.68 0 -0.000225684 0.219594
18.69 0 -0.000225683 0.219594
18.7 0 -0.000225684 0.219595
18.71 0 -0.000225685 0.219595
18.72 0 -0.000225684 0.219596
18.73 0 -0.000225684 0.219597
18.74 0 -0.000225683 0.219598
18.75 0 -0.000225684 0.219599
18.76 0 -0.000225684 0.219601
18.77 0 -0.000225684 0.219602
18.78 0 -0.000225684 0.219604
18.79 0 -0.000225684 0.219606
18.8 0 -0.000225684 0.219608
18.81 0 -0.000225684 0.21961
18.82 0 -0.000225684 0.219612
18.83 0 -0.000225684 0.219614
18.84 0 -0.000225684 0.219616
18.85 0 -0.000225684 0.219619
18.86 0 -0.000225684 0.219621
18.87 0 -0.000225684 0.219624
18.88 0 -0.000225684 0.219627
18.89 0 -0.000225684 0.21963
18.9 0 -0.000225684 0.219633
18.91 0 -0.000225684 0.219636
18.92 0 -0.000225684 0.219639
18.93 0 -0.000225683 0.219642
18.94 0 -0.000225681 0.219644
18.95 0 -0.000225677 0.219646
18.96 0 -0.000225674 0.219649
18.97 0 -0.000225673 0.219651
18.98 0 -0.000225671 0.219653
18.99 0 -0.000225669 0.219655
19 0 -0.000225666 0.219657
19.01 0 -0.000225664 0.219659
19.02 0 -0.000225663 0.219661
19.03 0 -0.000225662 0.219662
19.04 0 -0.00022566 0.219663
19.05 0 -0.000225659 0.219664
19.06 0 -0.000225658 0.219665
19.07 0 -0.000225658 0.219666
19.08 0 -0.000225658 0.219666
19.09 0 -0.000225657 0.219667
19.1 0 -0.000225656 0.219667
19.11 0 -0.000225656 0.219667
19.12 0 -0.000225657 0.219666
19.13 0 -0.000225657 0.219666
19.14 0 -0.000225657 0.219665
19.15 0 -0.000225657 0.219664
19.16 0 -0.000225659 0.219664
19.17 0 -0.00022566 0.219663
19.18 0 -0.00022566 0.219662
19.19 0 -0.000225661 0.219661
19.2 0 -0.000225663 0.21966
19.21 0 -0.000225667 0.219659
19.22 0 -0.000225671 0.219658
19.23 0 -0.000225674 0.219657
19.24 0 -0.000225676 0.219656
19.25 0 -0.000225678 0.219655
19.26 0 -0.000225681 0.219654
19.27 0 -0.000225684 0.219653
19.28 0 -0.000225686 0.219652
19.29 0 -0.000225686 0.219652
19.3 0 -0.000225686 0.219652
19.31 0 -0.000225687 0.219651
19.32 0 -0.000225689 0.219651
19.33 0 -0.00022569 0.219651
19.34 0 -0.000225689 0.219651
19.35 0 -0.000225688 0.219652
19.36 0 -0.000225689 0.219652
19.37 0 -0.00022569 0.219653
19.38 0 -0.000225689 0.219653
19.39 0 -0.000225689 0.219654
19.4 0 -0.000225689 0.219655
19.41 0 -0.000225689 0.219656
19.42 0 -0.000225689 0.219657
19.43 0 -0.000225689 0.219659
19.44 0 -0.000225689 0.21966
19.45 0 -0.000225689 0.219662
19.46 0 -0.000225689 0.219663
19.47 0 -0.000225689 0.219665
19.48 0 -0.000225689 0.219667
19.49 0 -0.000225689 0.219669
19.5 0 -0.000225689 0.219671
19.51 0 -0.000225689 0.219673
19.52 0 -0.000225689 0.219675
19.53 0 -0.000225689 0.219678
19.54 0 -0.000225689 0.21968
19.55 0 -0.000225689 0.219683
19.56 0 -0.000225689 0.219685
19.57 0 -0.000225689 0.219687
19.58 0 -0.000225689 0.219689
19.59 0 -0.000225689 0.219691
19.6 0 -0.000225688 0.219694
19.61 0 -0.000225685 0.219696
19.62 0 -0.000225682 0.219698
19.63 0 -0.00022568 0.2197
19.64 0 -0.000225679 0.219702
19.65 0 -0.000225678 0.219703
19.66 0 -0.000225675 0.219705
19.67 0 -0.000225673 0.219707
19.68 0 -0.000225672 0.219708
19.69 0 -0.000225671 0.219709
19.7 0 -0.00022567 0.219711
19.71 0 -0.000225668 0.219711
19.72 0 -0.000225668 0.219712
19.73 0 -0.000225668 0.219713
19.74 0 -0.000225668 0.219713
19.75 0 -0.000225667 0.219713
19.76 0 -0.000225666 0.219713
19.77 0 -0.000225666 0.219713
19.78 0 -0.000225667 0.219713
19.79 0 -0.000225667 0.219713
19.8 0 -0.000225667 0.219712
19.81 0 -0.000225667 0.219712
19.82 0 -0.000225668 0.219711
19.83 0 -0.000225669 0.21971
19.84 0 -0.00022567 0.219709
19.85 0 -0.00022567 0.219708
19.86 0 -0.000225671 0.219707
19.87 0 -0.000225674 0.219706
19.88 0 -0.000225677 0.219705
19.89 0 -0.00022568 0.219705
19.9 0 -0.000225682 0.219704
19.91 0 -0.000225684 0.219703
19.92 0 -0.000225687 0.219702
19.93 0 -0.000225689 0.219701
19.94 0 -0.00022569 0.219701
19.95 0 -0.00022569 0.2197
19.96 0 -0.000225691 0.2197
19.97 0 -0.000225693 0.2197
19.98 0 -0.000225694 0.2197
19.99 0 -0.000225694 0.2197
20 0 -0.000225693 0.2197
