0.01 -58.247 -93.1947 6.39957
0.02 -58.2499 -93.1883 5.94319
0.03 -58.2712 -93.1415 5.0995
0.04 -58.3233 -93.0266 3.92316
0.05 -58.4411 -92.767 2.47502
0.06 -58.6708 -92.2674 0.770381
0.07 -58.9302 -91.6882 -1.09978
0.08 -59.2415 -90.9787 -3.12764
0.09 -59.8626 -89.6038 -5.17055
0.1 -60.4971 -88.1456 -7.09614
0.11 -61.1013 -86.6883 -8.96016
0.12 -61.6532 -85.2813 -10.8224
0.13 -62.1541 -83.9147 -12.7253
0.14 -62.6324 -82.5594 -14.6993
0.15 -63.1735 -81.0702 -16.6779
0.16 -64.1558 -78.6608 -18.1101
0.17 -64.9183 -76.6242 -19.2499
0.18 -65.4696 -74.9469 -20.2261
0.19 -65.8366 -73.5861 -21.1256
0.2 -66.0526 -72.4658 -21.9988
0.21 -66.1577 -71.5616 -22.8722
0.22 -66.1908 -70.821 -23.7569
0.23 -66.1824 -70.1855 -24.653
0.24 -66.1548 -69.6051 -25.5553
0.25 -66.1267 -69.0622 -26.4588
0.26 -66.1167 -68.5291 -27.2146
0.27 -66.1437 -67.9442 -27.5848
0.28 -66.1198 -67.4712 -27.9501
0.29 -66.0604 -67.0793 -28.3084
0.3 -65.9795 -66.761 -28.6581
0.31 -65.8877 -66.5029 -28.9963
0.32 -65.7928 -66.2903 -29.3184
0.33 -65.7003 -66.1108 -29.6191
0.34 -65.6139 -65.9598 -29.8939
0.35 -65.5371 -65.8385 -30.139
0.36 -65.4719 -65.7444 -30.3496
0.37 -65.4197 -65.6711 -30.5206
0.38 -65.3814 -65.6167 -30.6471
0.39 -65.358 -65.5833 -30.7254
0.4 -65.3502 -65.5737 -30.7518
0.41 -65.3502 -65.5751 -30.2237
0.42 -65.3497 -65.5743 -29.1439
0.43 -65.3483 -65.5714 -27.7888
0.44 -65.3422 -65.5646 -26.1275
0.45 -65.3333 -65.5566 -24.0529
0.46 -65.3146 -65.5374 -21.8349
0.47 -65.2711 -65.4911 -19.7134
0.48 -65.2114 -65.4297 -17.1682
0.49 -65.1353 -65.3537 -14.3331
0.5 -65.0263 -65.244 -11.5115
0.51 -64.8279 -65.0395 -9.71657
0.52 -64.5802 -64.7883 -7.60134
0.53 -64.2832 -64.4902 -5.20017
0.54 -63.9416 -64.1489 -2.56346
0.55 -63.5608 -63.7674 0.278501
0.56 -63.1487 -63.3536 3.30783
0.57 -62.6737 -62.8737 5.77727
0.58 -62.1014 -62.2878 6.94094
0.59 -61.4839 -61.6623 8.21319
0.6 -60.8327 -61.0049 9.58548
0.61 -60.1605 -60.3267 11.0495
0.62 -59.4847 -59.6442 12.5979
0.63 -58.817 -58.9715 14.2268
0.64 -58.1723 -58.3215 15.9325
0.65 -57.5648 -57.7066 17.7127
0.66 -57.006 -57.138 19.5153
0.67 -56.4587 -56.578 20.2583
0.68 -55.9237 -56.0347 21.0467
0.69 -55.4106 -55.5143 21.8828
0.7 -54.9274 -55.0241 22.7636
0.71 -54.4817 -54.5712 23.6883
0.72 -54.0801 -54.1627 24.6567
0.73 -53.7279 -53.8035 25.6683
0.74 -53.429 -53.4972 26.7227
0.75 -53.1862 -53.246 27.8187
0.76 -53.001 -53.052 28.9548
0.77 -52.874 -52.9156 30.1286
0.78 -52.8043 -52.835 31.3369
0.79 -52.7837 -52.8002 31.8784
0.8 -52.7736 -52.7814 32.0441
0.81 -52.7698 -52.7733 32.2165
0.82 -52.7819 -52.7834 32.3998
0.83 -52.8257 -52.8255 32.602
0.84 -52.9006 -52.8986 32.822
0.85 -53.005 -53.0012 33.0577
0.86 -53.1367 -53.1312 33.3071
0.87 -53.2927 -53.2857 33.5673
0.88 -53.4694 -53.4609 33.8352
0.89 -53.6615 -53.6514 34.1066
0.9 -53.8656 -53.8539 34.3782
0.91 -54.0764 -54.0634 34.6459
0.92 -54.2887 -54.2744 34.9055
0.93 -54.4961 -54.4805 35.1517
0.94 -54.6942 -54.6774 35.381
0.95 -54.8778 -54.8599 35.5891
0.96 -55.0418 -55.0231 35.772
0.97 -55.1806 -55.1612 35.925
0.98 -55.2913 -55.2712 36.0458
0.99 -55.3703 -55.3497 36.1313
1 -55.4147 -55.3938 36.1791
1.01 -55.4222 -55.4013 36.1872
1.02 -55.4003 -55.3803 34.8055
1.03 -55.2193 -55.2055 33.0431
1.04 -54.8329 -54.834 31.4337
1.05 -54.333 -54.3518 29.3915
1.06 -53.1996 -53.2535 27.0922
1.07 -51.5007 -51.6028 24.6116
1.08 -51.485 -51.5773 22.0532
1.09 -51.4501 -51.5309 19.0243
1.1 -51.3528 -51.4057 17.1058
1.11 -51.2053 -51.2385 14.9063
1.12 -51.0022 -51.0345 12.3644
1.13 -50.7408 -50.7668 9.60307
1.14 -50.423 -50.4483 6.68209
1.15 -49.9979 -50.0209 4.40619
1.16 -49.4364 -49.4563 3.19257
1.17 -48.7811 -48.8017 1.82025
1.18 -48.0454 -48.0679 0.323853
1.19 -47.2504 -47.2721 -1.2605
1.2 -46.4173 -46.4423 -2.90705
1.21 -45.5677 -45.5949 -4.59806
1.22 -44.7224 -44.749 -6.32181
1.23 -43.8677 -43.893 -7.47147
1.24 -42.989 -43.0135 -8.1894
1.25 -42.105 -42.1288 -8.93343
1.26 -41.2344 -41.258 -9.69662
1.27 -40.3937 -40.4155 -10.4732
1.28 -39.5958 -39.6163 -11.261
1.29 -38.852 -38.8722 -12.0589
1.3 -38.1724 -38.1912 -12.8663
1.31 -37.5616 -37.5795 -13.6832
1.32 -37.0232 -37.0393 -14.5095
1.33 -36.5576 -36.5725 -15.3447
1.34 -36.1664 -36.1804 -16.1878
1.35 -35.8477 -35.8602 -17.0366
1.36 -35.5977 -35.6085 -17.8879
1.37 -35.411 -35.42 -18.7372
1.38 -35.2812 -35.2884 -19.5109
1.39 -35.1805 -35.1856 -19.5744
1.4 -35.0892 -35.0931 -19.6378
1.41 -35.008 -35.0111 -19.7004
1.42 -34.9368 -34.9399 -19.7611
1.43 -34.8755 -34.8785 -19.8188
1.44 -34.823 -34.8259 -19.8723
1.45 -34.7793 -34.7818 -19.9208
1.46 -34.7436 -34.7459 -19.9633
1.47 -34.7154 -34.7178 -19.9989
1.48 -34.6945 -34.6969 -20.0268
1.49 -34.6805 -34.6828 -20.0463
1.5 -34.6733 -34.6754 -20.0566
1.51 -34.6729 -34.675 -20.0573
1.52 -34.6726 -34.6749 -18.5401
1.53 -34.6701 -34.6724 -16.7829
1.54 -34.6636 -34.666 -15.2618
1.55 -34.6468 -34.6494 -13.8863
1.56 -34.6184 -34.6217 -12.0548
1.57 -34.5774 -34.5815 -10.002
1.58 -34.4855 -34.4907 -8.873
1.59 -34.3548 -34.3617 -7.45242
1.6 -34.1745 -34.1832 -5.69727
1.61 -33.9502 -33.9612 -3.74674
1.62 -33.6883 -33.7015 -1.67087
1.63 -33.3476 -33.3626 -0.232416
1.64 -32.9099 -32.9262 0.639619
1.65 -32.3958 -32.4131 1.65483
1.66 -31.8234 -31.8416 2.78545
1.67 -31.2194 -31.2378 4.00107
1.68 -30.6038 -30.6222 5.29181
1.69 -30.0008 -30.0187 6.65072
1.7 -29.4026 -29.4188 7.4781
1.71 -28.7943 -28.8091 8.06759
1.72 -28.1874 -28.2011 8.70711
1.73 -27.6045 -27.6172 9.39514
1.74 -27.0645 -27.0761 10.1306
1.75 -26.5836 -26.5941 10.9166
1.76 -26.175 -26.1842 11.7583
1.77 -25.8494 -25.8573 12.6618
1.78 -25.6157 -25.6221 13.6347
1.79 -25.4765 -25.4813 14.6821
1.8 -25.433 -25.4357 15.8093
1.81 -25.578 -25.5768 16.3239
1.82 -25.8069 -25.8029 16.632
1.83 -26.1049 -26.0996 16.9914
1.84 -26.4747 -26.4678 17.4032
1.85 -26.9152 -26.9069 17.8659
1.86 -27.4238 -27.4139 18.377
1.87 -27.9963 -27.9845 18.9335
1.88 -28.6272 -28.6135 19.5236
1.89 -29.2943 -29.2788 20.0214
1.9 -29.9685 -29.9517 20.5243
1.91 -30.6459 -30.628 21.0294
1.92 -31.3203 -31.3013 21.5321
1.93 -31.9853 -31.9651 22.0277
1.94 -32.6343 -32.613 22.5113
1.95 -33.2612 -33.2389 22.9785
1.96 -33.8598 -33.8364 23.4244
1.97 -34.4235 -34.3991 23.8444
1.98 -34.9469 -34.9215 24.2344
1.99 -35.4245 -35.3982 24.5903
2 -35.8507 -35.8236 24.9079
2.01 -36.2216 -36.1937 25.1843
2.02 -36.5331 -36.5047 25.4165
2.03 -36.7816 -36.7528 25.6017
2.04 -36.9651 -36.9359 25.7385
2.05 -37.0817 -37.0521 25.8254
2.06 -37.1302 -37.1004 25.8615
2.07 -37.125 -37.0956 25.4233
2.08 -36.9523 -36.9279 23.8656
2.09 -36.4756 -36.4656 22.2931
2.1 -35.9968 -36.003 20.7584
2.11 -34.8197 -34.8525 19.045
2.12 -33.1984 -33.2741 17.028
2.13 -31.4791 -31.5906 14.9693
2.14 -29.6404 -29.79 12.8619
2.15 -26.9897 -27.1773 10.7385
2.16 -23.3187 -23.5461 8.59756
2.17 -23.2711 -23.4287 7.31315
2.18 -23.1669 -23.2741 5.74849
2.19 -22.9983 -23.0695 3.96673
2.2 -22.7373 -22.7727 2.75757
2.21 -22.3842 -22.4074 1.94225
2.22 -21.9521 -21.9608 1.01296
2.23 -21.4572 -21.4608 0.00705618
2.24 -20.9229 -20.9264 -1.04837
2.25 -20.3731 -20.3777 -2.13485
2.26 -19.803 -19.8062 -2.75675
2.27 -19.2181 -19.2227 -3.21824
2.28 -18.6334 -18.6383 -3.69329
2.29 -18.0642 -18.0678 -4.17724
2.3 -17.5259 -17.5276 -4.66656
2.31 -17.0318 -17.0344 -5.162
2.32 -16.5921 -16.5966 -5.66554
2.33 -16.2117 -16.2151 -6.17903
2.34 -15.8939 -15.8957 -6.70531
2.35 -15.6407 -15.6419 -7.24728
2.36 -15.4519 -15.4538 -7.80731
2.37 -15.3141 -15.316 -8.02448
2.38 -15.1891 -15.1897 -8.0471
2.39 -15.0715 -15.0709 -8.07285
2.4 -14.9618 -14.9618 -8.10243
2.41 -14.8614 -14.8621 -8.13556
2.42 -14.7709 -14.7714 -8.17127
2.43 -14.6903 -14.6901 -8.20885
2.44 -14.6195 -14.6189 -8.24781
2.45 -14.5582 -14.5582 -8.28769
2.46 -14.5061 -14.5064 -8.32764
2.47 -14.4623 -14.4623 -8.3666
2.48 -14.4259 -14.4254 -8.40375
2.49 -14.3962 -14.3957 -8.43832
2.5 -14.3727 -14.3727 -8.46967
2.51 -14.3544 -14.3544 -8.49661
2.52 -14.3408 -14.3405 -8.51853
2.53 -14.3315 -14.3309 -8.53486
2.54 -14.3261 -14.3256 -8.5451
2.55 -14.3243 -14.3242 -8.54872
2.56 -14.3243 -14.3242 -7.9752
2.57 -14.3222 -14.3219 -6.71331
2.58 -14.308 -14.3078 -5.54076
2.59 -14.2767 -14.2771 -4.20052
2.6 -14.2018 -14.2029 -3.30115
2.61 -14.0871 -14.089 -2.20713
2.62 -13.9342 -13.9368 -0.957185
2.63 -13.7221 -13.7255 -0.103597
2.64 -13.4518 -13.4558 0.432625
2.65 -13.1336 -13.138 1.05768
2.66 -12.7791 -12.7836 1.76481
2.67 -12.4175 -12.422 2.53422
2.68 -12.0596 -12.0635 3.07339
2.69 -11.6994 -11.7028 3.4181
2.7 -11.3511 -11.3541 3.79632
2.71 -11.0278 -11.0305 4.21463
2.72 -10.7497 -10.7519 4.67965
2.73 -10.5317 -10.5335 5.2002
2.74 -10.387 -10.3883 5.78952
2.75 -10.3258 -10.3262 6.46339
2.76 -10.3892 -10.3884 6.75437
2.77 -10.5376 -10.536 6.9551
2.78 -10.7679 -10.7657 7.21592
2.79 -11.0922 -11.0894 7.5471
2.8 -11.5225 -11.519 7.95853
2.81 -12.0642 -12.0595 8.45533
2.82 -12.7212 -12.7153 9.04189
2.83 -13.4821 -13.4749 9.62832
2.84 -14.298 -14.2899 10.2352
2.85 -15.1626 -15.1534 10.8791
2.86 -16.0712 -16.0606 11.5566
2.87 -17.0168 -17.0048 12.2629
2.88 -17.9895 -17.9762 12.9905
2.89 -18.9792 -18.9646 13.732
2.9 -19.9743 -19.958 14.4785
2.91 -20.9621 -20.9439 15.2206
2.92 -21.9288 -21.9091 15.9479
2.93 -22.862 -22.8408 16.6508
2.94 -23.7485 -23.7258 17.3193
2.95 -24.5781 -24.5536 17.9454
2.96 -25.341 -25.3147 18.5217
2.97 -26.0303 -26.0026 19.0429
2.98 -26.6392 -26.6107 19.5037
2.99 -27.1639 -27.1345 19.9011
3 -27.601 -27.5701 20.232
3.01 -27.9473 -27.9153 20.4943
3.02 -28.2028 -28.1705 20.6881
3.03 -28.3675 -28.3353 20.8131
3.04 -28.4426 -28.4099 20.8699
3.05 -28.4393 -28.4061 20.6812
3.06 -28.2435 -28.2157 19.3885
3.07 -27.5736 -27.564 17.9456
3.08 -26.9332 -26.9426 16.6115
3.09 -25.7618 -25.7968 15.2372
3.1 -24.0953 -24.1695 13.62
3.11 -22.3155 -22.4265 11.9504
3.12 -20.71 -20.8527 10.5032
3.13 -19.2713 -19.4359 9.25541
3.14 -17.7067 -17.8895 7.94956
3.15 -15.0925 -15.2987 6.53195
3.16 -11.9796 -12.2138 4.90286
3.17 -8.68627 -8.93382 3.26845
3.18 -8.67546 -8.82289 2.57171
3.19 -8.61208 -8.70685 1.71903
3.2 -8.49174 -8.53557 1.24649
3.21 -8.32042 -8.33654 0.824435
3.22 -8.10784 -8.11412 0.361381
3.23 -7.86595 -7.86934 -0.130191
3.24 -7.60955 -7.6104 -0.634419
3.25 -7.33737 -7.33755 -0.86656
3.26 -7.0576 -7.05745 -1.08383
3.27 -6.77509 -6.77383 -1.30745
3.28 -6.49628 -6.49436 -1.53805
3.29 -6.23311 -6.23266 -1.77552
3.3 -5.99547 -5.99588 -2.02066
3.31 -5.79009 -5.79018 -2.2765
3.32 -5.62391 -5.62266 -2.54805
3.33 -5.50013 -5.49881 -2.81263
3.34 -5.40023 -5.40048 -2.81372
3.35 -5.30631 -5.30687 -2.8175
3.36 -5.21761 -5.21714 -2.8237
3.37 -5.13452 -5.13308 -2.83265
3.38 -5.05895 -5.05836 -2.84543
3.39 -4.99223 -4.99275 -2.86212
3.4 -4.93387 -4.93396 -2.88183
3.41 -4.88314 -4.88213 -2.90412
3.42 -4.84028 -4.83904 -2.9293
3.43 -4.80603 -4.80603 -2.95779
3.44 -4.77964 -4.78007 -2.98859
3.45 -4.75932 -4.75885 -3.02038
3.46 -4.74464 -4.74366 -3.05304
3.47 -4.73532 -4.73463 -3.08628
3.48 -4.73082 -4.73094 -3.11952
3.49 -4.72963 -4.72977 -3.15137
3.5 -4.72963 -4.72925 -3.15126
3.51 -4.72963 -4.72925 -3.15126
3.52 -4.72963 -4.72925 -3.15126
3.53 -4.72963 -4.72925 -3.15126
3.54 -4.72963 -4.72925 -3.15126
3.55 -4.72963 -4.72925 -3.15126
3.56 -4.72963 -4.72925 -3.15126
3.57 -4.72965 -4.72981 -2.85341
3.58 -4.66062 -4.66139 -2.16934
3.59 -4.64222 -4.64257 -1.49697
3.6 -4.59604 -4.596 -0.97387
3.61 -4.51909 -4.51946 -0.310929
3.62 -4.38597 -4.3866 -0.0122746
3.63 -4.22277 -4.22355 0.309368
3.64 -4.03774 -4.03847 0.676733
3.65 -3.84453 -3.84515 0.957773
3.66 -3.65173 -3.65231 1.13337
3.67 -3.47033 -3.47086 1.3298
3.68 -3.31759 -3.31795 1.55515
3.69 -3.20839 -3.20858 1.82148
3.7 -3.15932 -3.15932 2.12807
3.71 -3.15036 -3.15017 2.17565
3.72 -3.14981 -3.14958 2.19822
3.73 -3.14981 -3.14958 2.19822
3.74 -3.14981 -3.14958 2.19822
3.75 -3.14981 -3.14958 2.19822
3.76 -3.14981 -3.14958 2.19822
3.77 -3.14981 -3.14958 2.19822
3.78 -3.14981 -3.14958 2.19822
3.79 -3.14981 -3.14958 2.19822
3.8 -3.14981 -3.14958 2.19822
3.81 -3.14981 -3.14958 2.19822
3.82 -3.14981 -3.14958 2.19822
3.83 -3.14981 -3.14958 2.19822
3.84 -3.14981 -3.14958 2.19822
3.85 -3.14981 -3.14958 2.19822
3.86 -3.14981 -3.14958 2.19822
3.87 -3.14981 -3.14958 2.19822
3.88 -3.14981 -3.14958 2.19822
3.89 -3.14981 -3.14958 2.19822
3.9 -3.14981 -3.14958 2.19822
3.91 -3.14981 -3.14958 2.19822
3.92 -3.1946 -3.1943 2.28573
3.93 -3.43318 -3.43256 2.53912
3.94 -3.87302 -3.87186 2.93528
3.95 -4.5121 -4.51023 3.48332
3.96 -5.34355 -5.34067 4.18651
3.97 -6.32028 -6.31621 4.93257
3.98 -7.36103 -7.3557 5.72537
3.99 -8.44451 -8.43777 6.55411
4 -9.55066 -9.54243 7.40332
4.01 -10.6563 -10.6465 8.25486
4.02 -11.7391 -11.7273 9.09107
4.03 -12.7749 -12.7611 9.86882
4.04 -13.7245 -13.7094 10.5766
4.05 -14.5898 -14.5733 11.2215
4.06 -15.3627 -15.3446 11.7974
4.07 -16.0368 -16.0175 12.2997
4.08 -16.6071 -16.5868 12.7248
4.09 -17.0702 -17.049 13.0699
4.1 -17.4247 -17.4027 13.334
4.11 -17.6709 -17.6483 13.5174
4.12 -17.8105 -17.7875 13.6214
4.13 -17.8468 -17.8236 13.6485
4.14 -17.7307 -17.7105 12.9212
4.15 -16.9183 -16.9144 11.6074
4.16 -15.9801 -15.9986 10.2692
4.17 -14.6239 -14.6667 9.08761
4.18 -12.9725 -13.0448 7.75153
4.19 -11.0209 -11.1212 6.24577
4.2 -8.99641 -9.12205 4.76297
4.21 -6.95678 -7.09907 3.41405
4.22 -4.46169 -4.61797 2.13292
4.23 -2.09728 -2.24652 1.00742
4.24 -2.10006 -2.16561 0.616445
4.25 -2.05518 -2.07143 0.371299
4.26 -1.97101 -1.97567 0.16728
4.27 -1.86026 -1.86078 -0.0601559
4.28 -1.73327 -1.73302 -0.205081
4.29 -1.60032 -1.60014 -0.308135
4.3 -1.46987 -1.46954 -0.412491
4.31 -1.35196 -1.35127 -0.518803
4.32 -1.25378 -1.253 -0.631241
4.33 -1.18353 -1.18342 -0.739869
4.34 -1.13015 -1.12995 -0.737355
4.35 -1.0804 -1.07992 -0.736432
4.36 -1.03544 -1.03508 -0.737726
4.37 -0.996366 -0.996201 -0.741705
4.38 -0.963397 -0.963363 -0.748534
4.39 -0.936542 -0.936393 -0.758263
4.4 -0.915701 -0.915242 -0.770904
4.41 -0.901542 -0.901274 -0.786989
4.42 -0.894186 -0.894266 -0.806608
4.43 -0.891457 -0.891331 -0.814465
4.44 -0.89024 -0.889835 -0.820205
4.45 -0.890183 -0.889889 -0.820193
4.46 -0.890183 -0.889889 -0.820193
4.47 -0.890183 -0.889889 -0.820193
4.48 -0.890183 -0.889889 -0.820193
4.49 -0.890183 -0.889889 -0.820193
4.5 -0.890183 -0.889889 -0.820193
4.51 -0.890183 -0.889889 -0.820193
4.52 -0.890183 -0.889889 -0.820193
4.53 -0.890183 -0.889889 -0.820193
4.54 -0.890183 -0.889889 -0.820193
4.55 -0.890183 -0.889889 -0.820193
4.56 -0.890183 -0.889889 -0.820193
4.57 -0.890183 -0.889889 -0.820193
4.58 -0.889206 -0.888772 -0.564715
4.59 -0.876507 -0.876215 -0.303614
4.6 -0.842857 -0.842735 -0.0550119
4.61 -0.781285 -0.781227 0.0683751
4.62 -0.706483 -0.706408 0.21708
4.63 -0.629675 -0.629594 0.29295
4.64 -0.556969 -0.556917 0.370141
4.65 -0.504824 -0.504774 0.464673
4.66 -0.483348 -0.483256 0.561487
4.67 -0.4817 -0.481563 0.576577
4.68 -0.4817 -0.481563 0.576577
4.69 -0.4817 -0.481563 0.576577
4.7 -0.4817 -0.481563 0.576577
4.71 -0.4817 -0.481563 0.576577
4.72 -0.4817 -0.481563 0.576577
4.73 -0.4817 -0.481563 0.576577
4.74 -0.4817 -0.481563 0.576577
4.75 -0.4817 -0.481563 0.576577
4.76 -0.4817 -0.481563 0.576577
4.77 -0.4817 -0.481563 0.576577
4.78 -0.4817 -0.481563 0.576577
4.79 -0.4817 -0.481563 0.576577
4.8 -0.4817 -0.481563 0.576577
4.81 -0.4817 -0.481563 0.576577
4.82 -0.4817 -0.481563 0.576577
4.83 -0.4817 -0.481563 0.576577
4.84 -0.4817 -0.481563 0.576577
4.85 -0.4817 -0.481563 0.576577
4.86 -0.4817 -0.481563 0.576577
4.87 -0.4817 -0.481563 0.576577
4.88 -0.488248 -0.488122 0.591501
4.89 -0.685407 -0.685187 0.777479
4.9 -1.17744 -1.17691 1.18886
4.91 -1.98953 -1.98844 1.8265
4.92 -3.0212 -3.01928 2.59875
4.93 -4.14016 -4.1374 3.43291
4.94 -5.39591 -5.39197 4.369
4.95 -6.76891 -6.76341 5.39241
4.96 -8.23554 -8.22811 6.48555
4.97 -9.76946 -9.75956 7.62874
4.98 -11.3429 -11.3305 8.80139
4.99 -12.9271 -12.9121 9.98203
5 -14.4933 -14.4756 11.1492
5.01 -16.0138 -15.9928 12.2822
5.02 -17.4632 -17.4386 13.3621
5.03 -18.8192 -18.7919 14.3726
5.04 -20.0629 -20.0331 15.2993
5.05 -21.1785 -21.1458 16.1304
5.06 -22.1541 -22.1184 16.8571
5.07 -22.9815 -22.9435 17.4736
5.08 -23.6563 -23.617 17.9764
5.09 -24.1767 -24.1361 18.3641
5.1 -24.5438 -24.5019 18.6375
5.11 -24.7611 -24.7183 18.7994
5.12 -24.8344 -24.791 18.8539
5.13 -24.6073 -24.5714 18.2299
5.14 -23.4542 -23.4482 16.7699
5.15 -21.5526 -21.5972 15.1606
5.16 -19.5278 -19.6269 13.4761
5.17 -17.3005 -17.4566 11.6697
5.18 -15.0326 -15.2393 9.87417
5.19 -12.617 -12.8678 8.12133
5.2 -9.84761 -10.1452 6.31637
5.21 -7.03735 -7.37326 4.51188
5.22 -4.39987 -4.76325 2.85414
5.23 -2.09593 -2.4663 1.45063
5.24 -0.14859 -0.489918 0.385948
5.25 -0.228225 -0.277472 0.103658
5.26 -0.196949 -0.211743 0.0066248
5.27 -0.144484 -0.146478 -0.0646657
5.28 -0.0832826 -0.0833096 -0.11271
5.29 -0.0282021 -0.0280782 -0.162371
5.3 -1.66851e-05 3.33702e-05 -0.34641
5.31 -1.66851e-05 3.33702e-05 -0.34641
5.32 -1.66851e-05 3.33702e-05 -0.34641
5.33 -1.66851e-05 3.33702e-05 -0.34641
5.34 -1.66851e-05 3.33702e-05 -0.34641
5.35 -1.66851e-05 3.33702e-05 -0.34641
5.36 -1.66851e-05 3.33702e-05 -0.34641
5.37 -1.66851e-05 3.33702e-05 -0.34641
5.38 -1.66851e-05 3.33702e-05 -0.34641
5.39 -1.66851e-05 3.33702e-05 -0.34641
5.4 -1.66851e-05 3.33702e-05 -0.34641
5.41 -1.66851e-05 3.33702e-05 -0.34641
5.42 -1.66851e-05 3.33702e-05 -0.34641
5.43 -1.66851e-05 3.33702e-05 -0.34641
5.44 -1.66851e-05 3.33702e-05 -0.34641
5.45 -1.66851e-05 3.33702e-05 -0.34641
5.46 -1.66851e-05 3.33702e-05 -0.34641
5.47 -1.66851e-05 3.33702e-05 -0.34641
5.48 -1.66851e-05 3.33702e-05 -0.34641
5.49 -1.66851e-05 3.33702e-05 -0.34641
5.5 -1.66851e-05 3.33702e-05 -0.34641
5.51 -1.66851e-05 3.33702e-05 -0.34641
5.52 -1.66851e-05 3.33702e-05 -0.34641
5.53 -1.66851e-05 3.33702e-05 -0.34641
5.54 -1.66851e-05 3.33702e-05 -0.34641
5.55 -1.66851e-05 3.33702e-05 -0.34641
5.56 -1.66851e-05 3.33702e-05 -0.34641
5.57 -1.66851e-05 3.33702e-05 -0.34641
5.58 -1.66851e-05 3.33702e-05 -0.34641
5.59 -2.45845e-05 4.9169e-05 -0.19045
5.6 -6.93416e-05 0.000138683 0.193994
5.61 -3.58416e-05 7.16832e-05 0.34641
5.62 -3.58416e-05 7.16832e-05 0.34641
5.63 -3.58416e-05 7.16832e-05 0.34641
5.64 -3.58416e-05 7.16832e-05 0.34641
5.65 -3.58416e-05 7.16832e-05 0.34641
5.66 -3.58416e-05 7.16832e-05 0.34641
5.67 -3.58416e-05 7.16832e-05 0.34641
5.68 -3.58416e-05 7.16832e-05 0.34641
5.69 -3.58416e-05 7.16832e-05 0.34641
5.7 -3.58416e-05 7.16832e-05 0.34641
5.71 -3.58416e-05 7.16832e-05 0.34641
5.72 -3.58416e-05 7.16832e-05 0.34641
5.73 -3.58416e-05 7.16832e-05 0.34641
5.74 -3.58416e-05 7.16832e-05 0.34641
5.75 -3.58416e-05 7.16832e-05 0.34641
5.76 -3.58416e-05 7.16832e-05 0.34641
5.77 -3.58416e-05 7.16832e-05 0.34641
5.78 -3.58416e-05 7.16832e-05 0.34641
5.79 -3.58416e-05 7.16832e-05 0.34641
5.8 -3.58416e-05 7.16832e-05 0.34641
5.81 -3.58416e-05 7.16832e-05 0.34641
5.82 -3.58416e-05 7.16832e-05 0.34641
5.83 -3.58416e-05 7.16832e-05 0.34641
5.84 -3.58416e-05 7.16832e-05 0.34641
5.85 -3.58416e-05 7.16832e-05 0.34641
5.86 -3.58416e-05 7.16832e-05 0.34641
5.87 -3.58416e-05 7.16832e-05 0.34641
5.88 -3.58416e-05 7.16832e-05 0.34641
5.89 -3.58416e-05 7.16832e-05 0.34641
5.9 -3.58416e-05 7.16832e-05 0.34641
5.91 -3.58416e-05 7.16832e-05 0.34641
5.92 -0.464107 -0.463918 0.692434
5.93 -1.11521 -1.11465 1.17785
5.94 -1.94998 -1.9489 1.80018
5.95 -2.95517 -2.95332 2.54953
5.96 -4.11137 -4.10842 3.4114
5.97 -5.39282 -5.38831 4.36655
5.98 -6.76846 -6.76216 5.39188
5.99 -8.20454 -8.19606 6.46218
6 -9.66691 -9.65603 7.55203
6.01 -11.1218 -11.1082 8.63621
6.02 -12.537 -12.5208 9.69085
6.03 -13.8833 -13.8645 10.6941
6.04 -15.1353 -15.1132 11.6269
6.05 -16.2726 -16.2477 12.4742
6.06 -17.2798 -17.2529 13.2247
6.07 -18.1454 -18.1166 13.8697
6.08 -18.8624 -18.8311 14.4038
6.09 -19.4277 -19.3942 14.8247
6.1 -19.8415 -19.8075 15.1332
6.11 -20.1071 -20.073 15.3312
6.12 -20.2297 -20.1945 15.4223
6.13 -20.2155 -20.1801 15.301
6.14 -19.5238 -19.5046 14.1005
6.15 -17.9054 -17.926 12.6388
6.16 -16.3272 -16.3879 11.2781
6.17 -14.6297 -14.7259 9.85359
6.18 -12.6672 -12.8062 8.25234
6.19 -10.3838 -10.5611 6.67182
6.2 -8.10216 -8.31133 5.17836
6.21 -5.78379 -6.02275 3.69027
6.22 -3.49574 -3.75517 2.26023
6.23 -1.492 -1.75343 1.06129
6.24 -0.144252 -0.332598 0.260495
6.25 -0.175797 -0.207323 0.0926203
6.26 -0.143055 -0.150535 0.00186143
6.27 -0.0923115 -0.0930408 -0.0616855
6.28 -0.0358614 -0.0357484 -0.105931
6.29 -2.68058e-05 5.36116e-05 -0.34641
6.3 -2.68058e-05 5.36116e-05 -0.34641
6.31 -2.68058e-05 5.36116e-05 -0.34641
6.32 -2.68058e-05 5.36116e-05 -0.34641
6.33 -2.68058e-05 5.36116e-05 -0.34641
6.34 -2.68058e-05 5.36116e-05 -0.34641
6.35 -2.68058e-05 5.36116e-05 -0.34641
6.36 -2.68058e-05 5.36116e-05 -0.34641
6.37 -2.68058e-05 5.36116e-05 -0.34641
6.38 -2.68058e-05 5.36116e-05 -0.34641
6.39 -2.68058e-05 5.36116e-05 -0.34641
6.4 -2.68058e-05 5.36116e-05 -0.34641
6.41 -2.68058e-05 5.36116e-05 -0.34641
6.42 -2.68058e-05 5.36116e-05 -0.34641
6.43 -2.68058e-05 5.36116e-05 -0.34641
6.44 -2.68058e-05 5.36116e-05 -0.34641
6.45 -2.68058e-05 5.36116e-05 -0.34641
6.46 -2.68058e-05 5.36116e-05 -0.34641
6.47 -2.68058e-05 5.36116e-05 -0.34641
6.48 -2.68058e-05 5.36116e-05 -0.34641
6.49 -2.68058e-05 5.36116e-05 -0.34641
6.5 -2.68058e-05 5.36116e-05 -0.34641
6.51 -2.68058e-05 5.36116e-05 -0.34641
6.52 -2.68058e-05 5.36116e-05 -0.34641
6.53 -2.68058e-05 5.36116e-05 -0.34641
6.54 -2.68058e-05 5.36116e-05 -0.34641
6.55 -2.68058e-05 5.36116e-05 -0.34641
6.56 -2.68058e-05 5.36116e-05 -0.34641
6.57 -2.68058e-05 5.36116e-05 -0.34641
6.58 -2.18714e-05 4.37428e-05 -0.251063
6.59 -7.43204e-05 0.000148641 0.0734095
6.6 -5.58365e-05 0.000111673 0.34641
6.61 -5.58365e-05 0.000111673 0.34641
6.62 -5.58365e-05 0.000111673 0.34641
6.63 -5.58365e-05 0.000111673 0.34641
6.64 -5.58365e-05 0.000111673 0.34641
6.65 -5.58365e-05 0.000111673 0.34641
6.66 -5.58365e-05 0.000111673 0.34641
6.67 -5.58365e-05 0.000111673 0.34641
6.68 -5.58365e-05 0.000111673 0.34641
6.69 -5.58365e-05 0.000111673 0.34641
6.7 -5.58365e-05 0.000111673 0.34641
6.71 -5.58365e-05 0.000111673 0.34641
6.72 -5.58365e-05 0.000111673 0.34641
6.73 -5.58365e-05 0.000111673 0.34641
6.74 -5.58365e-05 0.000111673 0.34641
6.75 -5.58365e-05 0.000111673 0.34641
6.76 -5.58365e-05 0.000111673 0.34641
6.77 -5.58365e-05 0.000111673 0.34641
6.78 -5.58365e-05 0.000111673 0.34641
6.79 -5.58365e-05 0.000111673 0.34641
6.8 -5.58365e-05 0.000111673 0.34641
6.81 -5.58365e-05 0.000111673 0.34641
6.82 -5.58365e-05 0.000111673 0.34641
6.83 -5.58365e-05 0.000111673 0.34641
6.84 -5.58365e-05 0.000111673 0.34641
6.85 -5.58365e-05 0.000111673 0.34641
6.86 -5.58365e-05 0.000111673 0.34641
6.87 -5.58365e-05 0.000111673 0.34641
6.88 -5.58365e-05 0.000111673 0.34641
6.89 -0.528782 -0.528555 0.74065
6.9 -1.30159 -1.30088 1.31679
6.91 -2.32296 -2.32156 2.07822
6.92 -3.58445 -3.58171 3.01854
6.93 -5.06716 -5.06288 4.12377
6.94 -6.74135 -6.73469 5.37157
6.95 -8.56978 -8.55992 6.73418
6.96 -10.5099 -10.4966 8.17999
6.97 -12.515 -12.4976 9.67414
6.98 -14.5376 -14.5158 11.1812
6.99 -16.5314 -16.5043 12.6666
7 -18.4537 -18.4217 14.0988
7.01 -20.267 -20.2299 15.4497
7.02 -21.9396 -21.8972 16.6956
7.03 -23.4472 -23.4002 17.8186
7.04 -24.7727 -24.7216 18.8059
7.05 -25.9053 -25.8502 19.6495
7.06 -26.8402 -26.7811 20.3456
7.07 -27.5775 -27.5161 20.8948
7.08 -28.1208 -28.0579 21.2996
7.09 -28.4769 -28.4123 21.5647
7.1 -28.6549 -28.5893 21.6972
7.11 -28.6657 -28.5995 21.7051
7.12 -28.0805 -28.0314 20.574
7.13 -26.8164 -26.8058 19.1126
7.14 -25.1037 -25.1418 17.6888
7.15 -23.0963 -23.1919 16.04
7.16 -20.8251 -20.9839 14.2026
7.17 -18.5563 -18.7695 12.409
7.18 -16.2123 -16.4804 10.5959
7.19 -13.5758 -13.8969 8.73062
7.2 -10.7434 -11.1103 6.89173
7.21 -7.92278 -8.33226 5.08438
7.22 -5.10602 -5.54359 3.30817
7.23 -2.48814 -2.93627 1.70116
7.24 -0.250994 -0.654698 0.455749
7.25 -0.343221 -0.406559 0.119022
7.26 -0.305194 -0.327019 0.00211916
7.27 -0.243282 -0.24585 -0.0793234
7.28 -0.170817 -0.170613 -0.136187
7.29 -0.107672 -0.107737 -0.195091
7.3 -0.0678808 -0.0677844 -0.241509
7.31 -0.0392788 -0.0390155 -0.240576
7.32 -0.0145641 -0.014333 -0.241689
7.33 -4.89169e-05 2.10385e-05 -0.297155
7.34 -4.89169e-05 2.10385e-05 -0.297155
7.35 -4.89169e-05 2.10385e-05 -0.297155
7.36 -4.89169e-05 2.10385e-05 -0.297155
7.37 -4.89169e-05 2.10385e-05 -0.297155
7.38 -4.89169e-05 2.10385e-05 -0.297155
7.39 -4.89169e-05 2.10385e-05 -0.297155
7.4 -4.89169e-05 2.10385e-05 -0.297155
7.41 -4.89169e-05 2.10385e-05 -0.297155
7.42 -4.89169e-05 2.10385e-05 -0.297155
7.43 -4.89169e-05 2.10385e-05 -0.297155
7.44 -4.89169e-05 2.10385e-05 -0.297155
7.45 -4.89169e-05 2.10385e-05 -0.297155
7.46 -4.89169e-05 2.10385e-05 -0.297155
7.47 -4.89169e-05 2.10385e-05 -0.297155
7.48 -4.89169e-05 2.10385e-05 -0.297155
7.49 -4.89169e-05 2.10385e-05 -0.297155
7.5 -4.89169e-05 2.10385e-05 -0.297155
7.51 -4.89169e-05 2.10385e-05 -0.297155
7.52 -4.89169e-05 2.10385e-05 -0.297155
7.53 -4.89169e-05 2.10385e-05 -0.297155
7.54 -4.89169e-05 2.10385e-05 -0.297155
7.55 -4.89169e-05 2.10385e-05 -0.297155
7.56 -4.89169e-05 2.10385e-05 -0.297155
7.57 -4.89169e-05 2.10385e-05 -0.297155
7.58 -4.89169e-05 2.10385e-05 -0.297155
7.59 -4.86532e-05 6.73626e-05 -0.290828
7.6 -7.04741e-06 1.40948e-05 -0.0423706
7.61 1.28066e-05 -2.56131e-05 0.34641
7.62 -1.38196e-06 2.76392e-06 0.34641
7.63 -1.38196e-06 2.76392e-06 0.34641
7.64 -1.38196e-06 2.76392e-06 0.34641
7.65 -1.38196e-06 2.76392e-06 0.34641
7.66 -1.38196e-06 2.76392e-06 0.34641
7.67 -1.38196e-06 2.76392e-06 0.34641
7.68 -1.38196e-06 2.76392e-06 0.34641
7.69 -1.38196e-06 2.76392e-06 0.34641
7.7 -1.38196e-06 2.76392e-06 0.34641
7.71 -1.38196e-06 2.76392e-06 0.34641
7.72 -1.38196e-06 2.76392e-06 0.34641
7.73 -1.38196e-06 2.76392e-06 0.34641
7.74 -1.38196e-06 2.76392e-06 0.34641
7.75 -1.38196e-06 2.76392e-06 0.34641
7.76 -1.38196e-06 2.76392e-06 0.34641
7.77 -1.38196e-06 2.76392e-06 0.34641
7.78 -1.38196e-06 2.76392e-06 0.34641
7.79 -1.38196e-06 2.76392e-06 0.34641
7.8 -1.38196e-06 2.76392e-06 0.34641
7.81 -1.38196e-06 2.76392e-06 0.34641
7.82 -1.38196e-06 2.76392e-06 0.34641
7.83 -1.38196e-06 2.76392e-06 0.34641
7.84 -1.38196e-06 2.76392e-06 0.34641
7.85 -1.38196e-06 2.76392e-06 0.34641
7.86 -1.38196e-06 2.76392e-06 0.34641
7.87 -1.38196e-06 2.76392e-06 0.34641
7.88 -1.38196e-06 2.76392e-06 0.34641
7.89 -1.38196e-06 2.76392e-06 0.34641
7.9 -1.38196e-06 2.76392e-06 0.34641
7.91 -1.38196e-06 2.76392e-06 0.34641
7.92 -1.38196e-06 2.76392e-06 0.34641
7.93 -1.38196e-06 2.76392e-06 0.34641
7.94 -1.38196e-06 2.76392e-06 0.34641
7.95 -0.553263 -0.553021 0.758902
7.96 -1.35627 -1.35544 1.35754
7.97 -2.39623 -2.39453 2.13279
7.98 -3.63955 -3.63643 3.05954
7.99 -5.04086 -5.03627 4.10409
8 -6.54987 -6.54269 5.22867
8.01 -8.11354 -8.10315 6.39385
8.02 -9.67884 -9.66553 7.56032
8.03 -11.1979 -11.1815 8.69223
8.04 -12.6306 -12.6108 9.75973
8.05 -13.945 -13.9213 10.7389
8.06 -15.117 -15.0899 11.6119
8.07 -16.1291 -16.0997 12.3661
8.08 -16.9699 -16.9382 12.9925
8.09 -17.6336 -17.5992 13.4867
8.1 -18.1183 -18.082 13.8476
8.11 -18.4261 -18.3891 14.077
8.12 -18.5618 -18.5249 14.1782
8.13 -18.5305 -18.4943 13.9613
8.14 -17.7111 -17.692 12.7127
8.15 -16.0449 -16.0651 11.2044
8.16 -14.3871 -14.4465 9.74478
8.17 -12.5148 -12.6101 8.14641
8.18 -10.0137 -10.1545 6.40107
8.19 -7.47458 -7.65124 4.72791
8.2 -5.05869 -5.26155 3.17872
8.21 -2.75435 -2.97346 1.76198
8.22 -0.70748 -0.9222 0.611077
8.23 -0.126391 -0.226875 0.132965
8.24 -0.125793 -0.134765 0.0473381
8.25 -0.0859284 -0.0891181 -0.0350891
8.26 -0.0367687 -0.0368594 -0.074014
8.27 -6.29197e-05 0.000125839 -0.34641
8.28 -6.29197e-05 0.000125839 -0.34641
8.29 -6.29197e-05 0.000125839 -0.34641
8.3 -6.29197e-05 0.000125839 -0.34641
8.31 -6.29197e-05 0.000125839 -0.34641
8.32 -6.29197e-05 0.000125839 -0.34641
8.33 -6.29197e-05 0.000125839 -0.34641
8.34 -6.29197e-05 0.000125839 -0.34641
8.35 -6.29197e-05 0.000125839 -0.34641
8.36 -6.29197e-05 0.000125839 -0.34641
8.37 -6.29197e-05 0.000125839 -0.34641
8.38 -6.29197e-05 0.000125839 -0.34641
8.39 -6.29197e-05 0.000125839 -0.34641
8.4 -6.29197e-05 0.000125839 -0.34641
8.41 -6.29197e-05 0.000125839 -0.34641
8.42 -6.29197e-05 0.000125839 -0.34641
8.43 -6.29197e-05 0.000125839 -0.34641
8.44 -6.29197e-05 0.000125839 -0.34641
8.45 -6.29197e-05 0.000125839 -0.34641
8.46 -6.29197e-05 0.000125839 -0.34641
8.47 -6.29197e-05 0.000125839 -0.34641
8.48 -6.29197e-05 0.000125839 -0.34641
8.49 -6.29197e-05 0.000125839 -0.34641
8.5 -6.29197e-05 0.000125839 -0.34641
8.51 -6.29197e-05 0.000125839 -0.34641
8.52 -6.29197e-05 0.000125839 -0.34641
8.53 -6.29197e-05 0.000125839 -0.34641
8.54 -6.29197e-05 0.000125839 -0.34641
8.55 -6.29197e-05 0.000125839 -0.34641
8.56 -6.29197e-05 0.000125839 -0.34641
8.57 -6.29197e-05 0.000125839 -0.34641
8.58 -5.5256e-05 0.000110512 -0.12407
8.59 1.1117e-05 -2.22339e-05 0.306354
8.6 -7.44054e-06 -2.55474e-05 0.306363
8.61 -7.44054e-06 -2.55474e-05 0.306363
8.62 -7.44054e-06 -2.55474e-05 0.306363
8.63 -7.44054e-06 -2.55474e-05 0.306363
8.64 -7.44054e-06 -2.55474e-05 0.306363
8.65 -7.44054e-06 -2.55474e-05 0.306363
8.66 -7.44054e-06 -2.55474e-05 0.306363
8.67 -7.44054e-06 -2.55474e-05 0.306363
8.68 -7.44054e-06 -2.55474e-05 0.306363
8.69 -7.44054e-06 -2.55474e-05 0.306363
8.7 -7.44054e-06 -2.55474e-05 0.306363
8.71 -7.44054e-06 -2.55474e-05 0.306363
8.72 -7.44054e-06 -2.55474e-05 0.306363
8.73 -7.44054e-06 -2.55474e-05 0.306363
8.74 -7.44054e-06 -2.55474e-05 0.306363
8.75 -7.44054e-06 -2.55474e-05 0.306363
8.76 -7.44054e-06 -2.55474e-05 0.306363
8.77 -7.44054e-06 -2.55474e-05 0.306363
8.78 -7.44054e-06 -2.55474e-05 0.306363
8.79 -7.44054e-06 -2.55474e-05 0.306363
8.8 -7.44054e-06 -2.55474e-05 0.306363
8.81 -7.44054e-06 -2.55474e-05 0.306363
8.82 -7.44054e-06 -2.55474e-05 0.306363
8.83 -7.44054e-06 -2.55474e-05 0.306363
8.84 -7.44054e-06 -2.55474e-05 0.306363
8.85 -7.44054e-06 -2.55474e-05 0.306363
8.86 -7.44054e-06 -2.55474e-05 0.306363
8.87 -7.44054e-06 -2.55474e-05 0.306363
8.88 -0.175877 -0.175824 0.429701
8.89 -0.679525 -0.679276 0.786932
8.9 -1.46896 -1.46825 1.35464
8.91 -2.59268 -2.59095 2.17223
8.92 -4.08354 -4.08018 3.26745
8.93 -5.94839 -5.94259 4.64831
8.94 -8.16566 -8.15586 6.30075
8.95 -10.683 -10.6673 8.18675
8.96 -13.4251 -13.4024 10.2504
8.97 -16.3016 -16.2709 12.4232
8.98 -19.2073 -19.167 14.6247
8.99 -22.0439 -21.9922 16.771
9 -24.6615 -24.6003 18.7205
9.01 -27.0584 -26.9881 20.5055
9.02 -29.2043 -29.1256 22.1036
9.03 -31.0858 -30.9992 23.5046
9.04 -32.7028 -32.6078 24.7082
9.05 -34.0637 -33.9619 25.7213
9.06 -35.1807 -35.0736 26.5529
9.07 -36.0656 -35.9546 27.2118
9.08 -36.7274 -36.6128 27.7043
9.09 -37.1722 -37.0544 28.0352
9.1 -37.4056 -37.2865 28.209
9.11 -37.4334 -37.3144 28.2297
9.12 -36.7886 -36.6905 27.1605
9.13 -35.0277 -34.9867 25.5145
9.14 -32.9503 -32.9807 23.5988
9.15 -30.0694 -30.1964 21.3758
9.16 -26.6668 -26.9024 18.854
9.17 -22.9392 -23.2812 16.1122
9.18 -18.9963 -19.4453 13.2378
9.19 -15.0609 -15.6052 10.4013
9.2 -11.2571 -11.8805 7.69652
9.21 -7.46963 -8.15343 5.12934
9.22 -3.94977 -4.6735 2.80983
9.23 0.0500043 -0.104541 0.12687
9.24 0.0250888 -0.0501777 -0.343674
9.25 0.00616383 -0.0123277 -0.346246
9.26 0.00616383 -0.0123277 -0.346246
9.27 0.00616383 -0.0123277 -0.346246
9.28 0.00616383 -0.0123277 -0.346246
9.29 0.00616383 -0.0123277 -0.346246
9.3 0.00616383 -0.0123277 -0.346246
9.31 0.00616383 -0.0123277 -0.346246
9.32 0.00616383 -0.0123277 -0.346246
9.33 0.00616383 -0.0123277 -0.346246
9.34 0.00616383 -0.0123277 -0.346246
9.35 0.00616383 -0.0123277 -0.346246
9.36 0.00616383 -0.0123277 -0.346246
9.37 0.00616383 -0.0123277 -0.346246
9.38 0.00616383 -0.0123277 -0.346246
9.39 0.00616383 -0.0123277 -0.346246
9.4 0.00616383 -0.0123277 -0.346246
9.41 0.00616383 -0.0123277 -0.346246
9.42 0.00616383 -0.0123277 -0.346246
9.43 0.00616383 -0.0123277 -0.346246
9.44 0.00616383 -0.0123277 -0.346246
9.45 0.00616383 -0.0123277 -0.346246
9.46 0.00616383 -0.0123277 -0.346246
9.47 0.00616383 -0.0123277 -0.346246
9.48 0.00616383 -0.0123277 -0.346246
9.49 0.00616383 -0.0123277 -0.346246
9.5 0.00616383 -0.0123277 -0.346246
9.51 0.00616383 -0.0123277 -0.346246
9.52 0.00616383 -0.0123277 -0.346246
9.53 0.00616383 -0.0123277 -0.346246
9.54 0.00616383 -0.0123277 -0.346246
9.55 0.00616383 -0.0123277 -0.346246
9.56 0.00616383 -0.0123277 -0.346246
9.57 0.00616383 -0.0123277 -0.346246
9.58 0.00616383 -0.0123277 -0.346246
9.59 0.00616383 -0.0123277 -0.346246
9.6 0.00616383 -0.0123277 -0.346246
9.61 0.00615994 -0.0123199 -0.118961
9.62 0.00603665 -0.0120733 0.346252
9.63 0.00200142 -0.00400285 0.346393
9.64 0.00200142 -0.00400285 0.346393
9.65 0.00200142 -0.00400285 0.346393
9.66 0.00200142 -0.00400285 0.346393
9.67 0.00200142 -0.00400285 0.346393
9.68 0.00200142 -0.00400285 0.346393
9.69 0.00200142 -0.00400285 0.346393
9.7 0.00200142 -0.00400285 0.346393
9.71 0.00200142 -0.00400285 0.346393
9.72 0.00200142 -0.00400285 0.346393
9.73 0.00200142 -0.00400285 0.346393
9.74 0.00200142 -0.00400285 0.346393
9.75 0.00200142 -0.00400285 0.346393
9.76 0.00200142 -0.00400285 0.346393
9.77 0.00200142 -0.00400285 0.346393
9.78 0.00200142 -0.00400285 0.346393
9.79 0.00200142 -0.00400285 0.346393
9.8 0.00200142 -0.00400285 0.346393
9.81 0.00200142 -0.00400285 0.346393
9.82 0.00200142 -0.00400285 0.346393
9.83 0.00200142 -0.00400285 0.346393
9.84 0.00200142 -0.00400285 0.346393
9.85 0.00200142 -0.00400285 0.346393
9.86 0.00200142 -0.00400285 0.346393
9.87 0.00200142 -0.00400285 0.346393
9.88 0.00200142 -0.00400285 0.346393
9.89 0.00200142 -0.00400285 0.346393
9.9 0.00200142 -0.00400285 0.346393
9.91 0.00200142 -0.00400285 0.346393
9.92 0.00200142 -0.00400285 0.346393
9.93 0.00200142 -0.00400285 0.346393
9.94 0.00200142 -0.00400285 0.346393
9.95 0.00200142 -0.00400285 0.346393
9.96 0.00200142 -0.00400285 0.346393
9.97 0.00200142 -0.00400285 0.346393
9.98 0.00200142 -0.00400285 0.346393
9.99 0.00200142 -0.00400285 0.346393
10 0.00200142 -0.00400285 0.346393
10.01 0.00200142 -0.00400285 0.346393
10.02 -0.555912 -0.556537 0.761092
10.03 -1.35525 -1.35441 1.35677
10.04 -2.37961 -2.37758 2.12031
10.05 -3.59382 -3.59011 3.02529
10.06 -4.95069 -4.945 4.03658
10.07 -6.39502 -6.38662 5.11289
10.08 -7.87467 -7.86322 6.21546
10.09 -9.34996 -9.33448 7.31454
10.1 -10.791 -10.7716 8.38809
10.11 -12.1741 -12.1512 9.41857
10.12 -13.4845 -13.4585 10.395
10.13 -14.7175 -14.6873 11.3133
10.14 -15.8763 -15.8407 12.176
10.15 -16.9689 -16.9298 12.9899
10.16 -18.0032 -17.9613 13.7604
10.17 -18.9855 -18.9406 14.4921
10.18 -19.9197 -19.8711 15.1878
10.19 -20.808 -20.755 15.8491
10.2 -21.6522 -21.5952 16.4776
10.21 -22.4539 -22.3946 17.0748
10.22 -23.2144 -23.1527 17.6413
10.23 -23.9345 -23.8695 18.1774
10.24 -24.6145 -24.5466 18.6838
10.25 -25.255 -25.1836 19.1605
10.26 -25.8573 -25.783 19.6089
10.27 -26.4238 -26.3478 20.0309
10.28 -26.9574 -26.8797 20.4284
10.29 -27.4614 -27.3813 20.8036
10.3 -27.939 -27.8558 21.159
10.31 -28.3936 -28.3075 21.4972
10.32 -28.8283 -28.7411 21.8211
10.33 -29.2467 -29.1584 22.1328
10.34 -29.6517 -29.5608 22.4341
10.35 -30.0459 -29.9524 22.7274
10.36 -30.4311 -30.3363 23.0144
10.37 -30.8083 -30.7118 23.2952
10.38 -31.1768 -31.0788 23.5696
10.39 -31.535 -31.4353 23.8363
10.4 -31.88 -31.7781 24.093
10.41 -32.2084 -32.105 24.3374
10.42 -32.5164 -32.4118 24.5668
10.43 -32.8011 -32.6949 24.7787
10.44 -33.0605 -32.9528 24.9718
10.45 -33.2948 -33.1856 25.1461
10.46 -33.5059 -33.3958 25.3033
10.47 -33.6978 -33.5869 25.4462
10.48 -33.8759 -33.7639 25.5787
10.49 -34.0461 -33.933 25.7054
10.5 -34.2141 -34.1002 25.8305
10.51 -34.3845 -34.2698 25.9573
10.52 -34.5594 -34.4439 26.0875
10.53 -34.7387 -34.6213 26.2207
10.54 -34.9182 -34.7957 26.3533
10.55 -35.0876 -34.9601 26.4784
10.56 -35.2153 -35.089 26.5739
10.57 -35.2153 -35.0934 26.5459
10.58 -34.0282 -33.9391 24.6802
10.59 -30.0476 -30.0814 21.1
10.6 -24.661 -24.8698 16.8303
10.61 -19.2879 -19.6496 12.715
10.62 -14.0265 -14.5031 9.02788
10.63 -9.16014 -9.71752 5.89931
10.64 -5.38623 -5.98506 3.51758
10.65 -2.64682 -3.25579 1.82624
10.66 -0.710843 -1.30282 0.752475
10.67 -0.448416 -0.747507 0.301354
10.68 -0.486814 -0.628448 0.183826
10.69 -0.496837 -0.567184 0.140818
10.7 -0.49598 -0.540005 0.114314
10.71 -0.492928 -0.525805 0.096969
10.72 -0.490395 -0.517192 0.0869763
10.73 -0.489339 -0.51117 0.0834752
10.74 -0.489304 -0.511239 0.110501
10.75 -0.488903 -0.512766 0.178993
10.76 -0.487666 -0.510611 0.255265
10.77 -0.485737 -0.506423 0.341596
10.78 -0.483421 -0.501191 0.399888
10.79 -0.481034 -0.498401 0.460059
10.8 -0.479989 -0.496943 0.532015
10.81 -0.48014 -0.495162 0.60643
10.82 -0.48014 -0.495162 0.60643
10.83 -0.48014 -0.495162 0.60643
10.84 -0.48014 -0.495162 0.60643
10.85 -0.48014 -0.495162 0.60643
10.86 -0.48014 -0.495162 0.60643
10.87 -0.48014 -0.495162 0.60643
10.88 -0.48014 -0.495162 0.60643
10.89 -0.48014 -0.495162 0.60643
10.9 -0.48014 -0.495162 0.60643
10.91 -0.48014 -0.495162 0.60643
10.92 -0.48014 -0.495162 0.60643
10.93 -0.48014 -0.495162 0.60643
10.94 -0.48014 -0.495162 0.60643
10.95 -0.48014 -0.495162 0.60643
10.96 -0.48014 -0.495162 0.60643
10.97 -0.48014 -0.495162 0.60643
10.98 -0.48014 -0.495162 0.60643
10.99 -0.48014 -0.495162 0.60643
11 -0.48014 -0.495162 0.60643
11.01 -0.48014 -0.495162 0.60643
11.02 -0.48014 -0.495162 0.60643
11.03 -0.549804 -0.558296 0.758477
11.04 -0.707001 -0.710397 0.874441
11.05 -0.874245 -0.87519 0.998543
11.06 -1.05102 -1.05085 1.13008
11.07 -1.23632 -1.23564 1.26813
11.08 -1.42883 -1.42778 1.41158
11.09 -1.62771 -1.6262 1.55977
11.1 -1.83304 -1.83112 1.71277
11.11 -2.04478 -2.0426 1.8706
11.12 -2.26235 -2.25995 2.03278
11.13 -2.48483 -2.4821 2.1986
11.14 -2.71134 -2.70822 2.3674
11.15 -2.94126 -2.93773 2.53874
11.16 -3.17421 -3.1703 2.71235
11.17 -3.40975 -3.40553 2.88791
11.18 -3.64733 -3.6427 3.06496
11.19 -3.88635 -3.88126 3.24308
11.2 -4.12618 -4.1206 3.42179
11.21 -4.36616 -4.36016 3.60063
11.22 -4.60565 -4.59924 3.77911
11.23 -4.84397 -4.83708 3.9567
11.24 -5.08046 -5.07304 4.13291
11.25 -5.31451 -5.30672 4.30734
11.26 -5.5458 -5.5375 4.47968
11.27 -5.77432 -5.76533 4.64991
11.28 -6.0003 -5.99087 4.81831
11.29 -6.22406 -6.21423 4.98506
11.3 -6.44587 -6.43557 5.15034
11.31 -6.66592 -6.65506 5.31428
11.32 -6.88435 -6.87292 5.47702
11.33 -7.10127 -7.08932 5.63864
11.34 -7.31683 -7.3044 5.79925
11.35 -7.53117 -7.5183 5.95897
11.36 -7.74448 -7.73094 6.11786
11.37 -7.957 -7.94285 6.27618
11.38 -8.16899 -8.15439 6.43415
11.39 -8.38076 -8.36566 6.59193
11.4 -8.59261 -8.57697 6.74977
11.41 -8.80484 -8.78858 6.90787
11.42 -9.01775 -9.00085 7.06647
11.43 -9.23164 -9.21416 7.22581
11.44 -9.4468 -9.4288 7.38613
11.45 -9.66355 -9.64495 7.5476
11.46 -9.88217 -9.86289 7.71045
11.47 -10.1029 -10.083 7.8749
11.48 -10.3261 -10.3055 8.04112
11.49 -10.5517 -10.5305 8.20923
11.5 -10.7799 -10.7581 8.37926
11.51 -11.0107 -10.9882 8.55114
11.52 -11.2437 -11.2203 8.72468
11.53 -11.4786 -11.4546 8.89969
11.54 -11.715 -11.6904 9.0758
11.55 -11.9522 -11.9268 9.25249
11.56 -12.1896 -12.1634 9.4293
11.57 -12.4264 -12.3994 9.60566
11.58 -12.6617 -12.634 9.78097
11.59 -12.8947 -12.8663 9.95456
11.6 -13.1245 -13.0953 10.1257
11.61 -13.3502 -13.3202 10.2938
11.62 -13.5707 -13.54 10.4581
11.63 -13.7853 -13.7539 10.6179
11.64 -13.993 -13.9609 10.7726
11.65 -14.1929 -14.1601 10.9215
11.66 -14.3843 -14.3507 11.064
11.67 -14.5662 -14.5321 11.1995
11.68 -14.738 -14.7033 11.3274
11.69 -14.8988 -14.8635 11.4472
11.7 -15.048 -15.0121 11.5583
11.71 -15.1848 -15.1485 11.6602
11.72 -15.3087 -15.2719 11.7525
11.73 -15.419 -15.3818 11.8347
11.74 -15.5152 -15.4777 11.9063
11.75 -15.5968 -15.5589 11.967
11.76 -15.6633 -15.6252 12.0166
11.77 -15.7145 -15.6762 12.0547
11.78 -15.7499 -15.7115 12.081
11.79 -15.7693 -15.7308 12.0955
11.8 -15.7722 -15.7336 12.0977
11.81 -15.7606 -15.7219 11.9871
11.82 -15.6733 -15.6355 11.7256
11.83 -15.4323 -15.3999 11.307
11.84 -14.9591 -14.9374 10.7544
11.85 -14.2579 -14.2521 10.1038
11.86 -13.4765 -13.4889 9.38905
11.87 -12.6496 -12.6787 8.6445
11.88 -11.8034 -11.8489 7.89663
11.89 -10.9541 -11.0157 7.16136
11.9 -9.99397 -10.0723 6.4513
11.91 -8.98987 -9.08551 5.77403
11.92 -8.0358 -8.14516 5.13638
11.93 -7.15126 -7.27198 4.55123
11.94 -6.36506 -6.4947 4.03667
11.95 -5.70028 -5.83626 3.60616
11.96 -5.16596 -5.30665 3.2637
11.97 -4.76139 -4.90477 3.00664
11.98 -4.4793 -4.62389 2.82867
11.99 -4.30917 -4.45404 2.72193
12 -4.23938 -4.38429 2.67836
12.01 -4.23939 -4.38431 2.69131
12.02 -4.23942 -4.38389 2.75584
12.03 -4.23952 -4.38343 2.86185
12.04 -4.24593 -4.37083 2.87997
12.05 -4.24593 -4.37083 2.87997
12.06 -4.24593 -4.37083 2.87997
12.07 -4.24593 -4.37083 2.87997
12.08 -4.24593 -4.37083 2.87997
12.09 -4.24593 -4.37083 2.87997
12.1 -4.24593 -4.37083 2.87997
12.11 -4.24593 -4.37083 2.87997
12.12 -4.24593 -4.37083 2.87997
12.13 -4.24593 -4.37083 2.87997
12.14 -4.24593 -4.37083 2.87997
12.15 -4.24593 -4.37083 2.87997
12.16 -4.24593 -4.37083 2.87997
12.17 -4.24593 -4.37083 2.87997
12.18 -4.24593 -4.37083 2.87997
12.19 -4.24593 -4.37083 2.87997
12.2 -4.24593 -4.37083 2.87997
12.21 -4.24593 -4.37083 2.87997
12.22 -4.24593 -4.37083 2.87997
12.23 -4.24593 -4.37083 2.87997
12.24 -4.24666 -4.36965 3.18882
12.25 -4.35857 -4.43952 3.61628
12.26 -4.51738 -4.57968 3.7302
12.27 -4.67165 -4.71963 3.84174
12.28 -4.82564 -4.86256 3.95386
12.29 -4.98083 -5.00902 4.06744
12.3 -5.13802 -5.15923 4.18293
12.31 -5.29765 -5.31286 4.30048
12.32 -5.45999 -5.47029 4.42032
12.33 -5.62519 -5.63168 4.54256
12.34 -5.79335 -5.79674 4.66718
12.35 -5.96445 -5.96515 4.7941
12.36 -6.13846 -6.13673 4.92324
12.37 -6.31528 -6.31157 5.0546
12.38 -6.49481 -6.48959 5.1881
12.39 -6.67692 -6.67033 5.32355
12.4 -6.86145 -6.85352 5.46081
12.41 -7.04821 -7.03908 5.59977
12.42 -7.23701 -7.2269 5.74032
12.43 -7.42767 -7.41673 5.88228
12.44 -7.61997 -7.60818 6.02546
12.45 -7.81366 -7.801 6.16967
12.46 -8.00851 -7.99507 6.31477
12.47 -8.20427 -8.19016 6.46057
12.48 -8.40068 -8.38592 6.60687
12.49 -8.59747 -8.58201 6.75343
12.5 -8.79435 -8.7782 6.90007
12.51 -8.99106 -8.97426 7.04659
12.52 -9.18728 -9.16989 7.19276
12.53 -9.38271 -9.36472 7.33834
12.54 -9.57705 -9.55841 7.48309
12.55 -9.76997 -9.7507 7.62678
12.56 -9.96111 -9.94127 7.76917
12.57 -10.1502 -10.1297 7.90999
12.58 -10.3367 -10.3157 8.04895
12.59 -10.5204 -10.4988 8.18579
12.6 -10.7009 -10.6787 8.32021
12.61 -10.8777 -10.855 8.45192
12.62 -11.0504 -11.0272 8.5806
12.63 -11.2187 -11.1949 8.70593
12.64 -11.3821 -11.3577 8.82761
12.65 -11.5401 -11.5152 8.9453
12.66 -11.6923 -11.6669 9.05867
12.67 -11.8383 -11.8124 9.1674
12.68 -11.9776 -11.9513 9.27116
12.69 -12.1098 -12.083 9.36963
12.7 -12.2344 -12.2073 9.46249
12.71 -12.3511 -12.3236 9.54942
12.72 -12.4595 -12.4316 9.63012
12.73 -12.5591 -12.5308 9.70429
12.74 -12.6495 -12.6209 9.77164
12.75 -12.7304 -12.7016 9.83191
12.76 -12.8015 -12.7724 9.88484
12.77 -12.8624 -12.8331 9.9302
12.78 -12.9128 -12.8833 9.96777
12.79 -12.9526 -12.9229 9.99736
12.8 -12.9814 -12.9517 10.0188
12.81 -12.9991 -12.9693 10.032
12.82 -13.0056 -12.9758 10.0368
12.83 -13.0039 -12.9741 9.99831
12.84 -12.9858 -12.956 9.86792
12.85 -12.8893 -12.8609 9.64431
12.86 -12.7269 -12.7022 9.32969
12.87 -12.3826 -12.3647 8.94071
12.88 -11.9245 -11.9165 8.49406
12.89 -11.4219 -11.4243 8.0102
12.9 -10.8951 -10.9072 7.5102
12.91 -10.3609 -10.3825 7.01124
12.92 -9.83314 -9.86395 6.5268
12.93 -9.32393 -9.36386 6.06786
12.94 -8.71903 -8.76836 5.64921
12.95 -8.17059 -8.2283 5.27268
12.96 -7.68686 -7.75074 4.94271
12.97 -7.27275 -7.34192 4.66217
12.98 -6.93194 -7.00491 4.4326
12.99 -6.66352 -6.73918 4.2527
13 -6.4631 -6.54068 4.11896
13.01 -6.326 -6.40477 4.02777
13.02 -6.24824 -6.32772 3.97619
13.03 -6.22664 -6.3062 3.96186
13.04 -6.22664 -6.30602 3.98462
13.05 -6.22664 -6.30565 4.03677
13.06 -6.22669 -6.30548 4.10117
13.07 -6.22801 -6.30333 4.10137
13.08 -6.22801 -6.30333 4.10137
13.09 -6.22801 -6.30333 4.10137
13.1 -6.22801 -6.30333 4.10137
13.11 -6.22801 -6.30333 4.10137
13.12 -6.22801 -6.30333 4.10137
13.13 -6.22801 -6.30333 4.10137
13.14 -6.22801 -6.30333 4.10137
13.15 -6.22801 -6.30333 4.10137
13.16 -6.22801 -6.30333 4.10137
13.17 -6.22801 -6.30333 4.10137
13.18 -6.22801 -6.30333 4.10137
13.19 -6.22801 -6.30333 4.10137
13.2 -6.22801 -6.30333 4.10137
13.21 -6.22801 -6.30333 4.10137
13.22 -6.22801 -6.30333 4.10137
13.23 -6.22801 -6.30333 4.10137
13.24 -6.22801 -6.30333 4.10137
13.25 -6.22801 -6.30333 4.10137
13.26 -6.22801 -6.30333 4.10137
13.27 -6.22962 -6.30332 4.45579
13.28 -6.3072 -6.35662 5.0617
13.29 -6.44586 -6.48634 5.1629
13.3 -6.56834 -6.60195 5.25254
13.31 -6.68412 -6.71235 5.33755
13.32 -6.7968 -6.82012 5.42036
13.33 -6.90819 -6.92741 5.5024
13.34 -7.01936 -7.03486 5.58438
13.35 -7.13097 -7.14312 5.66677
13.36 -7.24343 -7.25269 5.74991
13.37 -7.357 -7.36358 5.83394
13.38 -7.47185 -7.47599 5.91897
13.39 -7.58804 -7.59 6.00507
13.4 -7.70561 -7.70556 6.09224
13.41 -7.82451 -7.82267 6.18045
13.42 -7.94467 -7.94118 6.26964
13.43 -8.06599 -8.06096 6.35973
13.44 -8.18834 -8.18192 6.45061
13.45 -8.31153 -8.30385 6.54216
13.46 -8.4354 -8.42654 6.63423
13.47 -8.55972 -8.54978 6.72666
13.48 -8.68427 -8.67331 6.81928
13.49 -8.8088 -8.7969 6.91191
13.5 -8.93305 -8.92029 7.00434
13.51 -9.05674 -9.04316 7.09637
13.52 -9.17958 -9.16523 7.18777
13.53 -9.30127 -9.2862 7.27834
13.54 -9.42151 -9.40578 7.36783
13.55 -9.53998 -9.52363 7.45602
13.56 -9.65638 -9.63942 7.54266
13.57 -9.77039 -9.75286 7.62753
13.58 -9.88169 -9.86363 7.71039
13.59 -9.98998 -9.97142 7.79102
13.6 -10.095 -10.0759 7.86918
13.61 -10.1963 -10.1768 7.94465
13.62 -10.2938 -10.2739 8.01723
13.63 -10.3871 -10.3668 8.0867
13.64 -10.476 -10.4553 8.15287
13.65 -10.5601 -10.5391 8.21554
13.66 -10.6394 -10.618 8.27455
13.67 -10.7134 -10.6918 8.32971
13.68 -10.7821 -10.7602 8.38086
13.69 -10.8452 -10.8231 8.42786
13.7 -10.9026 -10.8802 8.47056
13.71 -10.954 -10.9314 8.50884
13.72 -10.9993 -10.9765 8.54258
13.73 -11.0384 -11.0155 8.57169
13.74 -11.0711 -11.0481 8.59608
13.75 -11.0975 -11.0743 8.61569
13.76 -11.1173 -11.094 8.63045
13.77 -11.1306 -11.1073 8.64033
13.78 -11.1373 -11.1139 8.64532
13.79 -11.1374 -11.1141 8.64541
13.8 -11.1352 -11.1119 8.60017
13.81 -11.1235 -11.1003 8.50776
13.82 -11.0751 -11.0525 8.36899
13.83 -10.9903 -10.9695 8.18753
13.84 -10.8842 -10.8657 7.96884
13.85 -10.6487 -10.6341 7.72642
13.86 -10.3903 -10.3812 7.46287
13.87 -10.1169 -10.113 7.18656
13.88 -9.83594 -9.837 6.90537
13.89 -9.55348 -9.55906 6.62564
13.9 -9.27466 -9.28481 6.35262
13.91 -9.00441 -9.0195 6.09113
13.92 -8.74808 -8.76747 5.84584
13.93 -8.51093 -8.53382 5.62132
13.94 -8.29113 -8.31721 5.42221
13.95 -8.05263 -8.08227 5.25438
13.96 -7.85606 -7.88865 5.11658
13.97 -7.7027 -7.73716 5.00931
13.98 -7.59275 -7.62848 4.93258
13.99 -7.52555 -7.56189 4.88573
14 -7.49905 -7.53584 4.86733
14.01 -7.49905 -7.53593 4.87651
14.02 -7.49912 -7.5354 4.87914
14.03 -7.49912 -7.5354 4.87914
14.04 -7.49912 -7.5354 4.87914
14.05 -7.49912 -7.5354 4.87914
14.06 -7.49912 -7.5354 4.87914
14.07 -7.49912 -7.5354 4.87914
14.08 -7.49912 -7.5354 4.87914
14.09 -7.49912 -7.5354 4.87914
14.1 -7.49912 -7.5354 4.87914
14.11 -7.49912 -7.5354 4.87914
14.12 -7.49912 -7.5354 4.87914
14.13 -7.49912 -7.5354 4.87914
14.14 -7.49912 -7.5354 4.87914
14.15 -7.49912 -7.5354 4.87914
14.16 -7.49912 -7.5354 4.87914
14.17 -7.49912 -7.5354 4.87914
14.18 -7.49912 -7.5354 4.87914
14.19 -7.49912 -7.5354 4.87914
14.2 -7.49912 -7.5354 4.87914
14.21 -7.49912 -7.5354 4.87914
14.22 -7.49939 -7.53554 5.20539
14.23 -7.50938 -7.54294 5.82287
14.24 -7.5886 -7.60965 6.01022
14.25 -7.67148 -7.68931 6.07123
14.26 -7.74408 -7.7591 6.12467
14.27 -7.81078 -7.82385 6.17392
14.28 -7.87435 -7.886 6.22097
14.29 -7.93631 -7.94644 6.26679
14.3 -7.99753 -8.00576 6.31197
14.31 -8.05855 -8.06515 6.35707
14.32 -8.11971 -8.12516 6.40239
14.33 -8.18122 -8.18556 6.44798
14.34 -8.24317 -8.24614 6.49383
14.35 -8.30553 -8.3071 6.53998
14.36 -8.36826 -8.36872 6.58649
14.37 -8.43129 -8.43082 6.63325
14.38 -8.49453 -8.49308 6.68017
14.39 -8.55789 -8.55532 6.72713
14.4 -8.62125 -8.61765 6.77412
14.41 -8.68452 -8.6801 6.82109
14.42 -8.74758 -8.74242 6.86793
14.43 -8.81034 -8.80434 6.91452
14.44 -8.87268 -8.86582 6.9608
14.45 -8.93448 -8.92688 7.00669
14.46 -8.99561 -8.98741 7.05213
14.47 -9.05595 -9.04713 7.09697
14.48 -9.11536 -9.10587 7.1411
14.49 -9.17369 -9.16356 7.18444
14.5 -9.23079 -9.22014 7.22688
14.51 -9.28652 -9.2754 7.26832
14.52 -9.34071 -9.32909 7.30861
14.53 -9.39321 -9.38109 7.34763
14.54 -9.44386 -9.4313 7.38529
14.55 -9.49251 -9.47958 7.42147
14.56 -9.53898 -9.5257 7.45604
14.57 -9.58315 -9.56949 7.48888
14.58 -9.62484 -9.61084 7.51988
14.59 -9.66391 -9.64962 7.54894
14.6 -9.70022 -9.68569 7.57595
14.61 -9.73364 -9.71886 7.60081
14.62 -9.76404 -9.74903 7.62342
14.63 -9.79131 -9.77609 7.64371
14.64 -9.81534 -9.79997 7.66159
14.65 -9.83604 -9.82053 7.67699
14.66 -9.85332 -9.83769 7.68985
14.67 -9.86713 -9.85139 7.70011
14.68 -9.8774 -9.8616 7.70776
14.69 -9.88411 -9.86827 7.71275
14.7 -9.88719 -9.87138 7.71505
14.71 -9.88719 -9.87138 7.71055
14.72 -9.88575 -9.86991 7.67907
14.73 -9.87935 -9.86356 7.62012
14.74 -9.86412 -9.84851 7.53436
14.75 -9.81707 -9.8023 7.42517
14.76 -9.76039 -9.74689 7.29457
14.77 -9.69604 -9.68362 7.14743
14.78 -9.5597 -9.54934 6.99365
14.79 -9.41034 -9.40303 6.83492
14.8 -9.25909 -9.25468 6.67519
14.81 -9.10931 -9.10749 6.51801
14.82 -8.9636 -8.96387 6.36605
14.83 -8.82411 -8.82654 6.22158
14.84 -8.69306 -8.69792 6.08685
14.85 -8.57287 -8.5798 5.96402
14.86 -8.46573 -8.47418 5.85508
14.87 -8.37347 -8.38317 5.76176
14.88 -8.29754 -8.30845 5.68534
14.89 -8.23899 -8.25098 5.62668
14.9 -8.1984 -8.211 5.58609
14.91 -8.17571 -8.18846 5.56341
14.92 -8.1703 -8.18308 5.55801
14.93 -8.1703 -8.18311 5.56971
14.94 -8.17038 -8.1829 5.57088
14.95 -8.17038 -8.1829 5.57088
14.96 -8.17038 -8.1829 5.57088
14.97 -8.17038 -8.1829 5.57088
14.98 -8.17038 -8.1829 5.57088
14.99 -8.17038 -8.1829 5.57088
15 -8.17038 -8.1829 5.57088
15.01 -8.17038 -8.1829 5.57088
15.02 -8.17038 -8.1829 5.57088
15.03 -8.17038 -8.1829 5.57088
15.04 -8.17038 -8.1829 5.57088
15.05 -8.17038 -8.1829 5.57088
15.06 -8.17038 -8.1829 5.57088
15.07 -8.17038 -8.1829 5.57088
15.08 -8.17038 -8.1829 5.57088
15.09 -8.17038 -8.1829 5.57088
15.1 -8.17038 -8.1829 5.57088
15.11 -8.17038 -8.1829 5.57088
15.12 -8.17038 -8.1829 5.57088
15.13 -8.17038 -8.1829 5.57088
15.14 -8.17038 -8.1829 5.57088
15.15 -8.17155 -8.18386 5.9519
15.16 -8.17861 -8.19004 6.31848
15.17 -8.22042 -8.2277 6.47794
15.18 -8.27213 -8.27786 6.51611
15.19 -8.31783 -8.32235 6.54989
15.2 -8.36101 -8.36481 6.58191
15.21 -8.40279 -8.40595 6.6129
15.22 -8.44359 -8.44587 6.64311
15.23 -8.48353 -8.48484 6.67265
15.24 -8.52261 -8.52319 6.70161
15.25 -8.56077 -8.56082 6.72993
15.26 -8.59798 -8.59747 6.75754
15.27 -8.6342 -8.63296 6.78437
15.28 -8.66941 -8.66749 6.81045
15.29 -8.7036 -8.7012 6.83583
15.3 -8.73678 -8.73396 6.86046
15.31 -8.76897 -8.76565 6.88434
15.32 -8.80018 -8.79631 6.90748
15.33 -8.83043 -8.82609 6.92991
15.34 -8.85971 -8.85503 6.95167
15.35 -8.88803 -8.88301 6.9727
15.36 -8.91539 -8.90994 6.99299
15.37 -8.94175 -8.9359 7.01255
15.38 -8.96708 -8.96092 7.03136
15.39 -8.99135 -8.98493 7.04939
15.4 -9.0145 -9.00779 7.06658
15.41 -9.03648 -9.02945 7.08289
15.42 -9.05722 -9.04992 7.09829
15.43 -9.07666 -9.06916 7.11274
15.44 -9.09473 -9.08703 7.12616
15.45 -9.11136 -9.10345 7.13851
15.46 -9.12648 -9.11837 7.14973
15.47 -9.14002 -9.13176 7.1598
15.48 -9.15193 -9.14355 7.16865
15.49 -9.16214 -9.15365 7.17623
15.5 -9.17061 -9.16201 7.18252
15.51 -9.17729 -9.1686 7.18748
15.52 -9.18215 -9.17341 7.19109
15.53 -9.18515 -9.17639 7.19332
15.54 -9.18627 -9.17751 7.19416
15.55 -9.18627 -9.17751 7.1888
15.56 -9.18562 -9.17686 7.16984
15.57 -9.18287 -9.17413 7.13674
15.58 -9.17768 -9.16904 7.09012
15.59 -9.16837 -9.15984 7.03204
15.6 -9.14124 -9.13314 6.96592
15.61 -9.11109 -9.10371 6.89283
15.62 -9.07858 -9.07178 6.81435
15.63 -9.04424 -9.03794 6.73186
15.64 -9.00286 -8.99719 6.64722
15.65 -8.92689 -8.92253 6.56398
15.66 -8.85097 -8.84823 6.48118
15.67 -8.77643 -8.77495 6.4001
15.68 -8.70439 -8.70399 6.32201
15.69 -8.63604 -8.63662 6.24817
15.7 -8.57262 -8.57433 6.17995
15.71 -8.51555 -8.51833 6.11877
15.72 -8.46624 -8.46976 6.06602
15.73 -8.42583 -8.42986 6.02288
15.74 -8.3952 -8.39969 5.99026
15.75 -8.37492 -8.37983 5.96874
15.76 -8.36528 -8.37038 5.95851
15.77 -8.36528 -8.37032 5.95953
15.78 -8.36528 -8.37014 5.97161
15.79 -8.36528 -8.37014 5.97161
15.8 -8.36528 -8.37014 5.97161
15.81 -8.36528 -8.37014 5.97161
15.82 -8.36528 -8.37014 5.97161
15.83 -8.36528 -8.37014 5.97161
15.84 -8.36528 -8.37014 5.97161
15.85 -8.36528 -8.37014 5.97161
15.86 -8.36528 -8.37014 5.97161
15.87 -8.36528 -8.37014 5.97161
15.88 -8.36528 -8.37014 5.97161
15.89 -8.36528 -8.37014 5.97161
15.9 -8.36528 -8.37014 5.97161
15.91 -8.36528 -8.37014 5.97161
15.92 -8.36528 -8.37014 5.97161
15.93 -8.36528 -8.37014 5.97161
15.94 -8.36528 -8.37014 5.97161
15.95 -8.36528 -8.37014 5.97161
15.96 -8.36528 -8.37014 5.97161
15.97 -8.36528 -8.37014 5.97161
15.98 -8.36528 -8.37014 5.97161
15.99 -8.36578 -8.37061 6.18081
16 -8.36763 -8.37222 6.38196
16.01 -8.37202 -8.37612 6.55335
16.02 -8.39149 -8.39437 6.60441
16.03 -8.41127 -8.41366 6.61903
16.04 -8.4289 -8.4308 6.63206
16.05 -8.44632 -8.44785 6.64496
16.06 -8.46428 -8.4656 6.6583
16.07 -8.48311 -8.48417 6.67227
16.08 -8.50293 -8.5035 6.68693
16.09 -8.52368 -8.5238 6.70229
16.1 -8.54523 -8.54502 6.71828
16.11 -8.56742 -8.56691 6.73475
16.12 -8.59003 -8.58913 6.75151
16.13 -8.61283 -8.61147 6.7684
16.14 -8.6356 -8.63384 6.78528
16.15 -8.65811 -8.65605 6.80199
16.16 -8.68016 -8.67778 6.81835
16.17 -8.70155 -8.6988 6.83421
16.18 -8.72209 -8.71898 6.84944
16.19 -8.74164 -8.73825 6.86395
16.2 -8.76006 -8.75643 6.87762
16.21 -8.77722 -8.77335 6.89036
16.22 -8.79304 -8.7889 6.90209
16.23 -8.80743 -8.80306 6.91276
16.24 -8.82032 -8.81579 6.92233
16.25 -8.83167 -8.82701 6.93076
16.26 -8.84145 -8.83664 6.93802
16.27 -8.84964 -8.84469 6.94409
16.28 -8.85623 -8.85119 6.94898
16.29 -8.86122 -8.85613 6.95269
16.3 -8.86464 -8.85951 6.95523
16.31 -8.86651 -8.86133 6.95661
16.32 -8.86685 -8.86167 6.95687
16.33 -8.86685 -8.86169 6.94917
16.34 -8.86617 -8.86103 6.9322
16.35 -8.8643 -8.85916 6.90735
16.36 -8.86094 -8.85584 6.87607
16.37 -8.85698 -8.85199 6.83958
16.38 -8.84953 -8.84465 6.79912
16.39 -8.83226 -8.82761 6.756
16.4 -8.81388 -8.80962 6.7103
16.41 -8.79469 -8.79085 6.66274
16.42 -8.77498 -8.77149 6.61405
16.43 -8.75502 -8.75177 6.56484
16.44 -8.73497 -8.73202 6.51564
16.45 -8.71507 -8.71255 6.46697
16.46 -8.68457 -8.68263 6.42026
16.47 -8.64478 -8.64347 6.37613
16.48 -8.60712 -8.60646 6.33447
16.49 -8.57224 -8.57218 6.29595
16.5 -8.54077 -8.54126 6.26127
16.51 -8.51344 -8.51436 6.23118
16.52 -8.491 -8.49226 6.20652
16.53 -8.47417 -8.47572 6.18804
16.54 -8.46351 -8.46516 6.17633
16.55 -8.45934 -8.46095 6.17174
16.56 -8.45934 -8.46103 6.17455
16.57 -8.45934 -8.46115 6.1847
16.58 -8.45944 -8.461 6.18509
16.59 -8.45944 -8.461 6.18509
16.6 -8.45944 -8.461 6.18509
16.61 -8.45944 -8.461 6.18509
16.62 -8.45944 -8.461 6.18509
16.63 -8.45944 -8.461 6.18509
16.64 -8.45944 -8.461 6.18509
16.65 -8.45944 -8.461 6.18509
16.66 -8.45944 -8.461 6.18509
16.67 -8.45944 -8.461 6.18509
16.68 -8.45944 -8.461 6.18509
16.69 -8.45944 -8.461 6.18509
16.7 -8.45944 -8.461 6.18509
16.71 -8.45944 -8.461 6.18509
16.72 -8.45944 -8.461 6.18509
16.73 -8.45944 -8.461 6.18509
16.74 -8.45944 -8.461 6.18509
16.75 -8.45944 -8.461 6.18509
16.76 -8.45944 -8.461 6.18509
16.77 -8.45944 -8.461 6.18509
16.78 -8.45963 -8.46116 6.31943
16.79 -8.46035 -8.46183 6.45188
16.8 -8.46164 -8.46303 6.58003
16.81 -8.46863 -8.46964 6.66146
16.82 -8.48349 -8.48421 6.67247
16.83 -8.49564 -8.49599 6.68144
16.84 -8.50653 -8.50666 6.68951
16.85 -8.51696 -8.51702 6.69727
16.86 -8.52729 -8.52723 6.70494
16.87 -8.53764 -8.53732 6.71259
16.88 -8.54805 -8.54747 6.72029
16.89 -8.55848 -8.55776 6.72803
16.9 -8.56889 -8.56806 6.73577
16.91 -8.5792 -8.5782 6.74341
16.92 -8.58933 -8.58809 6.75091
16.93 -8.59919 -8.59776 6.75821
16.94 -8.60869 -8.60715 6.76527
16.95 -8.61774 -8.61609 6.77199
16.96 -8.62627 -8.62446 6.77831
16.97 -8.63421 -8.63222 6.78418
16.98 -8.64147 -8.63937 6.78957
16.99 -8.648 -8.64584 6.79442
17 -8.65375 -8.6515 6.79869
17.01 -8.65867 -8.65631 6.80234
17.02 -8.66274 -8.6603 6.80535
17.03 -8.66591 -8.66345 6.80771
17.04 -8.66819 -8.6657 6.8094
17.05 -8.66954 -8.66704 6.8104
17.06 -8.66998 -8.66746 6.81072
17.07 -8.66998 -8.66745 6.80743
17.08 -8.66998 -8.66745 6.79797
17.09 -8.66908 -8.66656 6.7827
17.1 -8.66753 -8.66504 6.76225
17.11 -8.66493 -8.66249 6.73766
17.12 -8.66199 -8.65961 6.70989
17.13 -8.65878 -8.65644 6.67978
17.14 -8.65018 -8.64792 6.64844
17.15 -8.63747 -8.63548 6.61627
17.16 -8.62443 -8.62276 6.58337
17.17 -8.61121 -8.60976 6.55005
17.18 -8.59794 -8.59666 6.51668
17.19 -8.58475 -8.58367 6.4836
17.2 -8.5718 -8.57099 6.45121
17.21 -8.55928 -8.55872 6.41996
17.22 -8.54741 -8.54704 6.39041
17.23 -8.5365 -8.53628 6.36327
17.24 -8.52685 -8.52681 6.33934
17.25 -8.51878 -8.51891 6.31936
17.26 -8.50957 -8.50986 6.30405
17.27 -8.50017 -8.5006 6.29353
17.28 -8.49481 -8.49529 6.28754
17.29 -8.49352 -8.49399 6.28609
17.3 -8.49352 -8.49403 6.28937
17.31 -8.49352 -8.49409 6.29738
17.32 -8.49356 -8.49401 6.29946
17.33 -8.49356 -8.49401 6.29946
17.34 -8.49356 -8.49401 6.29946
17.35 -8.49356 -8.49401 6.29946
17.36 -8.49356 -8.49401 6.29946
17.37 -8.49356 -8.49401 6.29946
17.38 -8.49356 -8.49401 6.29946
17.39 -8.49356 -8.49401 6.29946
17.4 -8.49356 -8.49401 6.29946
17.41 -8.49356 -8.49401 6.29946
17.42 -8.49356 -8.49401 6.29946
17.43 -8.49356 -8.49401 6.29946
17.44 -8.49356 -8.49401 6.29946
17.45 -8.49356 -8.49401 6.29946
17.46 -8.49356 -8.49401 6.29946
17.47 -8.49356 -8.49401 6.29946
17.48 -8.49356 -8.49401 6.29946
17.49 -8.49356 -8.49401 6.29946
17.5 -8.49356 -8.49401 6.29946
17.51 -8.49356 -8.49401 6.29946
17.52 -8.49365 -8.49408 6.38767
17.53 -8.49402 -8.49444 6.47591
17.54 -8.49455 -8.49495 6.5635
17.55 -8.49509 -8.49548 6.64805
17.56 -8.50137 -8.50159 6.68568
17.57 -8.50984 -8.50983 6.69194
17.58 -8.51651 -8.51629 6.69686
17.59 -8.5223 -8.52201 6.70116
17.6 -8.52757 -8.52726 6.70508
17.61 -8.53251 -8.53213 6.70875
17.62 -8.53722 -8.53668 6.71222
17.63 -8.54173 -8.54109 6.71556
17.64 -8.54605 -8.54538 6.71877
17.65 -8.55018 -8.54947 6.72184
17.66 -8.55409 -8.5533 6.72474
17.67 -8.55775 -8.55686 6.72745
17.68 -8.56113 -8.56018 6.72995
17.69 -8.56419 -8.56322 6.73223
17.7 -8.56688 -8.56588 6.73423
17.71 -8.56918 -8.56811 6.73593
17.72 -8.57105 -8.56993 6.73731
17.73 -8.57245 -8.57133 6.73835
17.74 -8.57337 -8.57225 6.73903
17.75 -8.57377 -8.57264 6.73933
17.76 -8.57377 -8.57263 6.73849
17.77 -8.57377 -8.57263 6.73404
17.78 -8.57377 -8.57263 6.72606
17.79 -8.57308 -8.57194 6.71463
17.8 -8.57216 -8.57104 6.69972
17.81 -8.57036 -8.56927 6.68164
17.82 -8.56819 -8.56716 6.66094
17.83 -8.56581 -8.56482 6.63829
17.84 -8.56327 -8.5623 6.61426
17.85 -8.5585 -8.55757 6.58941
17.86 -8.54864 -8.54792 6.56425
17.87 -8.53857 -8.5381 6.53862
17.88 -8.52842 -8.5281 6.51281
17.89 -8.51832 -8.51813 6.48715
17.9 -8.50841 -8.50838 6.46204
17.91 -8.49887 -8.49905 6.43793
17.92 -8.4899 -8.49026 6.41529
17.93 -8.48171 -8.48218 6.39463
17.94 -8.47451 -8.47509 6.37651
17.95 -8.46852 -8.46921 6.36146
17.96 -8.46395 -8.46474 6.34999
17.97 -8.46095 -8.46178 6.34246
17.98 -8.45961 -8.46039 6.33907
17.99 -8.45961 -8.46039 6.3398
18 -8.45961 -8.46048 6.34451
18.01 -8.45961 -8.4605 6.35239
18.02 -8.45961 -8.4605 6.35239
18.03 -8.45961 -8.4605 6.35239
18.04 -8.45961 -8.4605 6.35239
18.05 -8.45961 -8.4605 6.35239
18.06 -8.45961 -8.4605 6.35239
18.07 -8.45961 -8.4605 6.35239
18.08 -8.45961 -8.4605 6.35239
18.09 -8.45961 -8.4605 6.35239
18.1 -8.45961 -8.4605 6.35239
18.11 -8.45961 -8.4605 6.35239
18.12 -8.45961 -8.4605 6.35239
18.13 -8.45961 -8.4605 6.35239
18.14 -8.45961 -8.4605 6.35239
18.15 -8.45961 -8.4605 6.35239
18.16 -8.45961 -8.4605 6.35239
18.17 -8.45961 -8.4605 6.35239
18.18 -8.45961 -8.4605 6.35239
18.19 -8.45961 -8.4605 6.35239
18.2 -8.45961 -8.4605 6.35239
18.21 -8.45967 -8.46055 6.41851
18.22 -8.45981 -8.46068 6.48294
18.23 -8.46018 -8.46105 6.5425
18.24 -8.46055 -8.4614 6.59934
18.25 -8.4609 -8.46174 6.65097
18.26 -8.46658 -8.46728 6.65986
18.27 -8.47156 -8.47211 6.66353
18.28 -8.47598 -8.47639 6.66679
18.29 -8.48023 -8.48059 6.66995
18.3 -8.48439 -8.48473 6.67305
18.31 -8.48847 -8.48873 6.67607
18.32 -8.49243 -8.49258 6.679
18.33 -8.49625 -8.49631 6.68182
18.34 -8.49988 -8.49991 6.68452
18.35 -8.50329 -8.50328 6.68706
18.36 -8.50645 -8.50637 6.68939
18.37 -8.50932 -8.50916 6.69152
18.38 -8.51188 -8.51168 6.69341
18.39 -8.51409 -8.51388 6.69506
18.4 -8.51593 -8.51569 6.69642
18.41 -8.51739 -8.51712 6.6975
18.42 -8.51844 -8.51816 6.69829
18.43 -8.51906 -8.51878 6.69875
18.44 -8.51923 -8.51893 6.69887
18.45 -8.51923 -8.51891 6.69677
18.46 -8.51923 -8.51891 6.69123
18.47 -8.51901 -8.51871 6.68196
18.48 -8.51821 -8.51792 6.66882
18.49 -8.51695 -8.51668 6.65207
18.5 -8.5149 -8.51466 6.63232
18.51 -8.51259 -8.5124 6.61021
18.52 -8.51011 -8.50996 6.5865
18.53 -8.50753 -8.5074 6.56203
18.54 -8.49949 -8.49949 6.538
18.55 -8.49038 -8.49059 6.51467
18.56 -8.48164 -8.48202 6.49233
18.57 -8.47339 -8.4739 6.47128
18.58 -8.46575 -8.46636 6.45179
18.59 -8.4588 -8.45953 6.43409
18.6 -8.45262 -8.45349 6.4184
18.61 -8.44731 -8.44827 6.40491
18.62 -8.44292 -8.44394 6.39379
18.63 -8.43952 -8.44057 6.38516
18.64 -8.43715 -8.4382 6.37914
18.65 -8.43583 -8.43691 6.3758
18.66 -8.43558 -8.43674 6.37517
18.67 -8.43558 -8.43677 6.37734
18.68 -8.43558 -8.43672 6.38228
18.69 -8.43558 -8.43668 6.38842
18.7 -8.43558 -8.43668 6.38842
18.71 -8.43558 -8.43668 6.38842
18.72 -8.43558 -8.43668 6.38842
18.73 -8.43558 -8.43668 6.38842
18.74 -8.43558 -8.43668 6.38842
18.75 -8.43558 -8.43668 6.38842
18.76 -8.43558 -8.43668 6.38842
18.77 -8.43558 -8.43668 6.38842
18.78 -8.43558 -8.43668 6.38842
18.79 -8.43558 -8.43668 6.38842
18.8 -8.43558 -8.43668 6.38842
18.81 -8.43558 -8.43668 6.38842
18.82 -8.43558 -8.43668 6.38842
18.83 -8.43558 -8.43668 6.38842
18.84 -8.43558 -8.43668 6.38842
18.85 -8.43558 -8.43668 6.38842
18.86 -8.43558 -8.43668 6.38842
18.87 -8.43558 -8.43668 6.38842
18.88 -8.43558 -8.43668 6.38842
18.89 -8.43558 -8.43668 6.38842
18.9 -8.43564 -8.43674 6.44931
18.91 -8.43579 -8.43688 6.51857
18.92 -8.43624 -8.43731 6.58919
18.93 -8.43916 -8.44018 6.63949
18.94 -8.4475 -8.44838 6.64567
18.95 -8.45445 -8.45513 6.65081
18.96 -8.46061 -8.46115 6.65537
18.97 -8.46626 -8.46673 6.65956
18.98 -8.47151 -8.47193 6.66346
18.99 -8.47636 -8.47668 6.66706
19 -8.48083 -8.48102 6.67035
19.01 -8.48487 -8.48499 6.67335
19.02 -8.48848 -8.48857 6.67604
19.03 -8.49162 -8.49167 6.67837
19.04 -8.49429 -8.49427 6.68034
19.05 -8.49647 -8.49638 6.68195
19.06 -8.49813 -8.49803 6.68319
19.07 -8.49929 -8.4992 6.68405
19.08 -8.49996 -8.49988 6.68455
19.09 -8.50013 -8.50001 6.68467
19.1 -8.50013 -8.49998 6.68232
19.11 -8.50013 -8.49999 6.67694
19.12 -8.5 -8.49989 6.66922
19.13 -8.4994 -8.49929 6.6593
19.14 -8.49865 -8.49853 6.64708
19.15 -8.49732 -8.49723 6.63281
19.16 -8.49568 -8.49563 6.61692
19.17 -8.4939 -8.4939 6.59985
19.18 -8.49203 -8.49205 6.58193
19.19 -8.49009 -8.49012 6.56346
19.2 -8.48811 -8.48817 6.54472
19.21 -8.48133 -8.48151 6.52639
19.22 -8.4743 -8.47466 6.50838
19.23 -8.46745 -8.46792 6.49081
19.24 -8.46084 -8.46139 6.47389
19.25 -8.45455 -8.4552 6.45782
19.26 -8.44868 -8.44946 6.44284
19.27 -8.44334 -8.44424 6.42923
19.28 -8.43865 -8.43961 6.41729
19.29 -8.43473 -8.43571 6.40729
19.3 -8.43169 -8.43266 6.39954
19.31 -8.42961 -8.43065 6.39426
19.32 -8.42858 -8.42971 6.39166
19.33 -8.42858 -8.42974 6.39184
19.34 -8.42858 -8.4297 6.39494
19.35 -8.42858 -8.42966 6.40085
19.36 -8.42858 -8.42968 6.4049
19.37 -8.42858 -8.42968 6.4049
19.38 -8.42858 -8.42968 6.4049
19.39 -8.42858 -8.42968 6.4049
19.4 -8.42858 -8.42968 6.4049
19.41 -8.42858 -8.42968 6.4049
19.42 -8.42858 -8.42968 6.4049
19.43 -8.42858 -8.42968 6.4049
19.44 -8.42858 -8.42968 6.4049
19.45 -8.42858 -8.42968 6.4049
19.46 -8.42858 -8.42968 6.4049
19.47 -8.42858 -8.42968 6.4049
19.48 -8.42858 -8.42968 6.4049
19.49 -8.42858 -8.42968 6.4049
19.5 -8.42858 -8.42968 6.4049
19.51 -8.42858 -8.42968 6.4049
19.52 -8.42858 -8.42968 6.4049
19.53 -8.42858 -8.42968 6.4049
19.54 -8.42858 -8.42968 6.4049
19.55 -8.42858 -8.42968 6.4049
19.56 -8.42864 -8.42973 6.45777
19.57 -8.42871 -8.42979 6.51354
19.58 -8.42901 -8.43008 6.56688
19.59 -8.42934 -8.4304 6.61668
19.6 -8.43362 -8.43462 6.63535
19.61 -8.43879 -8.43966 6.63918
19.62 -8.44307 -8.4438 6.64233
19.63 -8.4469 -8.44756 6.64517
19.64 -8.45041 -8.45105 6.64779
19.65 -8.45366 -8.45427 6.6502
19.66 -8.45666 -8.45717 6.65241
19.67 -8.4594 -8.45984 6.65444
19.68 -8.46187 -8.46228 6.65627
19.69 -8.46405 -8.46444 6.65789
19.7 -8.46592 -8.46628 6.65928
19.71 -8.46747 -8.46777 6.66042
19.72 -8.46869 -8.46896 6.66132
19.73 -8.46956 -8.46985 6.66198
19.74 -8.4701 -8.47041 6.66238
19.75 -8.47028 -8.47057 6.66251
19.76 -8.47028 -8.47053 6.66117
19.77 -8.47028 -8.47053 6.65757
19.78 -8.47028 -8.47056 6.65209
19.79 -8.46999 -8.47028 6.64448
19.8 -8.46938 -8.46965 6.63444
19.81 -8.46864 -8.46891 6.62227
19.82 -8.46726 -8.46757 6.60853
19.83 -8.46571 -8.46608 6.59356
19.84 -8.46405 -8.46444 6.57758
19.85 -8.4623 -8.4627 6.56084
19.86 -8.46051 -8.46092 6.54365
19.87 -8.45869 -8.45915 6.5264
19.88 -8.45352 -8.45408 6.50973
19.89 -8.44731 -8.44799 6.49375
19.9 -8.44139 -8.44216 6.47854
19.91 -8.43582 -8.43669 6.46425
19.92 -8.43069 -8.43165 6.45109
19.93 -8.42607 -8.42712 6.43927
19.94 -8.42207 -8.42316 6.42901
19.95 -8.41876 -8.41983 6.42054
19.96 -8.41622 -8.41734 6.41404
19.97 -8.41451 -8.41574 6.4097
19.98 -8.4137 -8.415 6.40765
19.99 -8.4137 -8.41497 6.40797
20 -8.4137 -8.41492 6.41073
