0.01 -3.06563 -4.905 0.343347
0.02 -3.06563 -4.905 0.343288
0.03 -3.06563 -4.905 0.34281
0.04 -3.06563 -4.90498 0.340307
0.05 -3.06564 -4.90493 0.331011
0.06 -3.06584 -4.90444 0.305179
0.07 -3.06739 -4.90086 0.25091
0.08 -3.07104 -4.8922 0.15955
0.09 -3.08408 -4.86151 0.0389503
0.1 -3.10328 -4.81546 -0.110757
0.11 -3.13052 -4.74932 -0.263651
0.12 -3.17402 -4.64673 -0.404859
0.13 -3.21145 -4.55327 -0.521182
0.14 -3.24246 -4.47155 -0.622217
0.15 -3.26879 -4.39838 -0.71627
0.16 -3.29241 -4.32954 -0.809552
0.17 -3.31529 -4.26142 -0.906428
0.18 -3.33917 -4.19191 -1.00598
0.19 -3.37403 -4.09961 -1.06737
0.2 -3.40735 -4.01133 -1.11446
0.21 -3.43246 -3.94099 -1.15116
0.22 -3.45196 -3.88216 -1.18248
0.23 -3.46732 -3.83098 -1.21135
0.24 -3.47925 -3.78537 -1.23966
0.25 -3.48801 -3.74387 -1.26868
0.26 -3.4937 -3.70697 -1.29937
0.27 -3.49642 -3.67386 -1.33242
0.28 -3.49636 -3.64422 -1.36835
0.29 -3.49384 -3.61761 -1.40752
0.3 -3.48934 -3.59359 -1.44993
0.31 -3.4837 -3.57232 -1.49423
0.32 -3.47797 -3.55379 -1.53753
0.33 -3.473 -3.53795 -1.57712
0.34 -3.469 -3.52369 -1.60024
0.35 -3.46562 -3.51066 -1.61269
0.36 -3.46196 -3.49946 -1.62464
0.37 -3.45791 -3.48914 -1.63677
0.38 -3.45338 -3.47922 -1.64952
0.39 -3.4483 -3.46951 -1.6632
0.4 -3.44266 -3.46001 -1.67799
0.41 -3.43651 -3.45062 -1.69392
0.42 -3.42991 -3.44136 -1.71099
0.43 -3.42298 -3.43228 -1.72912
0.44 -3.41585 -3.42347 -1.74816
0.45 -3.40867 -3.41503 -1.7679
0.46 -3.40159 -3.40698 -1.7881
0.47 -3.39477 -3.3994 -1.80844
0.48 -3.38839 -3.39246 -1.82836
0.49 -3.38279 -3.38647 -1.84681
0.5 -3.37872 -3.38216 -1.86089
0.51 -3.37872 -3.38214 -1.8546
0.52 -3.37655 -3.37995 -1.3258
0.53 -3.36093 -3.36433 -0.737968
0.54 -3.32676 -3.3301 -0.435911
0.55 -3.29522 -3.29858 -0.185101
0.56 -3.26949 -3.27284 0.00561856
0.57 -3.24943 -3.25277 0.151291
0.58 -3.233 -3.23629 0.256188
0.59 -3.21696 -3.2202 0.287773
0.6 -3.20186 -3.20505 0.317584
0.61 -3.18536 -3.18848 0.350293
0.62 -3.166 -3.16905 0.388851
0.63 -3.14314 -3.14615 0.434771
0.64 -3.1167 -3.11969 0.488498
0.65 -3.08708 -3.09003 0.54977
0.66 -3.0549 -3.05779 0.617955
0.67 -3.02095 -3.02379 0.692316
0.68 -2.98607 -2.98887 0.772186
0.69 -2.95142 -2.95417 0.856213
0.7 -2.91891 -2.9216 0.94092
0.71 -2.89042 -2.89301 1.02179
0.72 -2.86611 -2.86862 1.08168
0.73 -2.84447 -2.84686 1.10796
0.74 -2.82433 -2.82663 1.13352
0.75 -2.80465 -2.80687 1.15967
0.76 -2.78482 -2.78695 1.18735
0.77 -2.76453 -2.76658 1.21731
0.78 -2.74367 -2.74566 1.25012
0.79 -2.72234 -2.72424 1.28625
0.8 -2.70074 -2.70254 1.32616
0.81 -2.67919 -2.68089 1.37029
0.82 -2.65811 -2.65971 1.41913
0.83 -2.63801 -2.6395 1.47319
0.84 -2.61953 -2.62089 1.5329
0.85 -2.60358 -2.6048 1.59781
0.86 -2.59115 -2.59221 1.66587
0.87 -2.58276 -2.58365 1.7341
0.88 -2.57817 -2.57888 1.79978
0.89 -2.57663 -2.57712 1.82068
0.9 -2.57597 -2.57627 1.82806
0.91 -2.5756 -2.57578 1.83514
0.92 -2.57546 -2.57558 1.8421
0.93 -2.57548 -2.57555 1.8421
0.94 -2.57549 -2.57553 1.8421
0.95 -2.57549 -2.57552 1.8421
0.96 -2.57549 -2.57551 1.8421
0.97 -2.5755 -2.57551 1.8421
0.98 -2.5755 -2.57551 1.8421
0.99 -2.5755 -2.5755 1.8421
1 -2.5755 -2.5755 1.8421
1.01 -2.5755 -2.5755 1.8421
1.02 -2.5755 -2.5755 1.8421
1.03 -2.5755 -2.57549 1.8421
1.04 -2.57549 -2.57548 1.84209
1.05 -2.57549 -2.57549 1.84209
1.06 -2.57548 -2.57548 1.84209
1.07 -2.57547 -2.57544 1.84208
1.08 -2.57548 -2.57551 1.84209
1.09 -2.57553 -2.57562 1.84213
1.1 -2.5755 -2.57543 1.84208
1.11 -2.57545 -2.57536 1.84205
1.12 -2.5755 -2.57563 1.84213
1.13 -2.57551 -2.5755 1.8421
1.14 -2.5755 -2.57548 1.84209
1.15 -2.57552 -2.57558 1.84212
1.16 -2.5755 -2.57537 1.84207
1.17 -2.57353 -2.57372 1.27816
1.18 -2.54812 -2.54791 0.71187
1.19 -2.50554 -2.50587 0.308624
1.2 -2.45774 -2.45789 0.100377
1.21 -2.41704 -2.41741 0.0179499
1.22 -2.38535 -2.38575 -0.044934
1.23 -2.35832 -2.35862 -0.0979818
1.24 -2.33272 -2.33316 -0.148084
1.25 -2.30623 -2.30658 -0.199888
1.26 -2.27757 -2.27803 -0.256254
1.27 -2.24644 -2.24683 -0.318051
1.28 -2.21414 -2.2146 -0.383451
1.29 -2.18264 -2.18303 -0.449056
1.3 -2.15348 -2.15394 -0.512264
1.31 -2.12566 -2.12606 -0.540993
1.32 -2.09882 -2.09923 -0.563792
1.33 -2.07209 -2.07246 -0.587001
1.34 -2.04488 -2.04525 -0.611225
1.35 -2.01693 -2.0173 -0.636853
1.36 -1.9882 -1.98854 -0.66415
1.37 -1.95876 -1.9591 -0.693317
1.38 -1.92881 -1.92914 -0.724522
1.39 -1.89863 -1.89895 -0.757942
1.4 -1.86853 -1.86883 -0.793773
1.41 -1.83889 -1.83918 -0.83227
1.42 -1.8102 -1.81046 -0.873657
1.43 -1.7833 -1.78356 -0.91767
1.44 -1.75936 -1.7596 -0.963192
1.45 -1.73923 -1.73945 -1.00879
1.46 -1.7231 -1.72329 -1.05334
1.47 -1.7107 -1.71088 -1.09602
1.48 -1.70154 -1.70171 -1.13625
1.49 -1.69506 -1.6952 -1.17361
1.5 -1.69069 -1.69082 -1.20781
1.51 -1.68793 -1.68804 -1.2387
1.52 -1.68635 -1.68645 -1.26334
1.53 -1.6855 -1.68557 -1.26625
1.54 -1.68479 -1.68485 -1.26891
1.55 -1.6842 -1.68424 -1.27142
1.56 -1.68368 -1.68371 -1.27384
1.57 -1.68322 -1.68326 -1.27621
1.58 -1.68282 -1.68285 -1.27855
1.59 -1.68248 -1.6825 -1.28088
1.6 -1.68218 -1.68219 -1.28318
1.61 -1.68192 -1.68194 -1.28542
1.62 -1.68173 -1.68174 -1.28754
1.63 -1.68158 -1.68159 -1.28946
1.64 -1.68147 -1.68148 -1.2911
1.65 -1.6814 -1.68141 -1.29238
1.66 -1.68137 -1.68138 -1.29314
1.67 -1.68137 -1.68138 -1.29322
1.68 -1.68135 -1.68136 -1.18341
1.69 -1.68099 -1.681 -1.00304
1.7 -1.67852 -1.67855 -0.790717
1.71 -1.66787 -1.66794 -0.566803
1.72 -1.64607 -1.6462 -0.340322
1.73 -1.61423 -1.61443 -0.0988207
1.74 -1.57156 -1.57181 -0.0113801
1.75 -1.52951 -1.52979 0.071946
1.76 -1.48919 -1.48948 0.150772
1.77 -1.45108 -1.45138 0.22578
1.78 -1.41534 -1.41565 0.298113
1.79 -1.38258 -1.38288 0.36783
1.8 -1.35199 -1.35227 0.397145
1.81 -1.32342 -1.32368 0.421868
1.82 -1.2962 -1.29645 0.446348
1.83 -1.26987 -1.27011 0.47112
1.84 -1.24417 -1.2444 0.496634
1.85 -1.21897 -1.21919 0.523301
1.86 -1.19426 -1.19446 0.551531
1.87 -1.17012 -1.17032 0.581769
1.88 -1.14676 -1.14694 0.614511
1.89 -1.12454 -1.12471 0.650274
1.9 -1.10413 -1.10429 0.689316
1.91 -1.08648 -1.08662 0.731246
1.92 -1.07239 -1.07252 0.775206
1.93 -1.06217 -1.06228 0.820365
1.94 -1.05568 -1.05577 0.865991
1.95 -1.0525 -1.05257 0.897887
1.96 -1.05134 -1.05138 0.90339
1.97 -1.05056 -1.05058 0.908954
1.98 -1.05012 -1.05013 0.914682
1.99 -1.05 -1.05001 0.920667
2 -1.05 -1.05001 0.920667
2.01 -1.05 -1.05001 0.920667
2.02 -1.05 -1.05001 0.920666
2.03 -1.05 -1.05001 0.920666
2.04 -1.05 -1.05001 0.920666
2.05 -1.05 -1.05 0.920666
2.06 -1.05 -1.05 0.920665
2.07 -1.05 -1.05 0.920665
2.08 -1.05 -1.05 0.920664
2.09 -1.05 -1.04999 0.920662
2.1 -1.05 -1.05 0.920662
2.11 -1.04999 -1.04999 0.92066
2.12 -1.04999 -1.04998 0.920653
2.13 -1.04999 -1.05 0.920659
2.14 -1.04999 -1.04999 0.920658
2.15 -1.04998 -1.04996 0.920647
2.16 -1.04997 -1.04995 0.92064
2.17 -1.05 -1.05004 0.920672
2.18 -1.05007 -1.05015 0.92072
2.19 -1.05 -1.04992 0.920648
2.2 -1.04994 -1.04989 0.920617
2.21 -1.05004 -1.05016 0.920712
2.22 -1.05005 -1.05005 0.920695
2.23 -1.05002 -1.04998 0.920666
2.24 -1.05002 -1.05004 0.920681
2.25 -1.04998 -1.04991 0.920636
2.26 -1.04999 -1.05001 0.920663
2.27 -1.05001 -1.05005 0.920676
2.28 -1.05001 -1.05003 0.920676
2.29 -1.05003 -1.05009 0.920693
2.3 -1.05002 -1.04981 0.920634
2.31 -1.04884 -1.04877 0.620668
2.32 -1.03785 -1.03772 0.373493
2.33 -1.01815 -1.01811 0.180839
2.34 -0.991819 -0.991816 0.0534302
2.35 -0.963616 -0.963581 -0.00367824
2.36 -0.93745 -0.937536 -0.0553239
2.37 -0.912822 -0.912875 -0.103424
2.38 -0.889314 -0.889413 -0.149651
2.39 -0.866725 -0.866782 -0.195016
2.4 -0.845468 -0.845548 -0.239441
2.41 -0.825488 -0.825588 -0.266778
2.42 -0.806575 -0.806669 -0.282761
2.43 -0.788443 -0.788528 -0.298563
2.44 -0.770737 -0.770801 -0.314559
2.45 -0.753255 -0.753339 -0.331055
2.46 -0.735899 -0.73598 -0.348289
2.47 -0.718686 -0.71877 -0.366464
2.48 -0.701731 -0.701794 -0.385725
2.49 -0.685282 -0.685348 -0.406154
2.5 -0.669686 -0.669755 -0.42771
2.51 -0.65533 -0.655397 -0.450252
2.52 -0.642571 -0.64263 -0.473529
2.53 -0.631723 -0.631773 -0.497105
2.54 -0.622952 -0.623002 -0.520426
2.55 -0.61618 -0.616229 -0.543043
2.56 -0.611169 -0.611212 -0.564679
2.57 -0.60763 -0.607664 -0.585147
2.58 -0.605281 -0.605311 -0.604317
2.59 -0.603865 -0.603892 -0.622091
2.6 -0.603128 -0.603152 -0.626672
2.61 -0.602589 -0.602606 -0.628437
2.62 -0.602147 -0.602158 -0.630094
2.63 -0.601781 -0.60179 -0.631659
2.64 -0.601481 -0.60149 -0.633141
2.65 -0.601235 -0.601245 -0.634542
2.66 -0.601037 -0.601045 -0.635854
2.67 -0.600882 -0.600887 -0.637061
2.68 -0.600766 -0.600773 -0.638129
2.69 -0.600684 -0.600691 -0.639019
2.7 -0.600632 -0.600638 -0.639695
2.71 -0.600604 -0.60061 -0.640105
2.72 -0.600599 -0.600605 -0.640189
2.73 -0.600597 -0.600605 -0.598627
2.74 -0.60052 -0.60053 -0.528004
2.75 -0.599962 -0.599973 -0.452768
2.76 -0.598448 -0.598465 -0.352036
2.77 -0.593119 -0.593148 -0.270781
2.78 -0.58382 -0.583867 -0.175824
2.79 -0.570594 -0.570663 -0.0659737
2.8 -0.551853 -0.551941 -0.0166907
2.81 -0.531839 -0.531934 0.0232163
2.82 -0.511414 -0.511511 0.0631896
2.83 -0.490914 -0.491017 0.103333
2.84 -0.47085 -0.470958 0.143558
2.85 -0.45198 -0.452088 0.183372
2.86 -0.434015 -0.434113 0.2006
2.87 -0.41685 -0.416939 0.215579
2.88 -0.400218 -0.400301 0.230846
2.89 -0.383982 -0.384064 0.246718
2.9 -0.368141 -0.368217 0.26347
2.91 -0.352831 -0.352901 0.281339
2.92 -0.338322 -0.338388 0.300512
2.93 -0.324985 -0.325047 0.321115
2.94 -0.313259 -0.313319 0.343159
2.95 -0.303564 -0.303615 0.366486
2.96 -0.29615 -0.296192 0.390885
2.97 -0.291048 -0.291084 0.41622
2.98 -0.288149 -0.28818 0.442401
2.99 -0.287238 -0.287259 0.448413
3 -0.286781 -0.286788 0.451857
3.01 -0.28658 -0.286581 0.455475
3.02 -0.286581 -0.286584 0.455476
3.03 -0.286583 -0.286587 0.455477
3.04 -0.286583 -0.286583 0.455476
3.05 -0.286581 -0.286579 0.455475
3.06 -0.28658 -0.286578 0.455474
3.07 -0.286578 -0.286575 0.455473
3.08 -0.286579 -0.286583 0.455475
3.09 -0.286581 -0.286584 0.455476
3.1 -0.286572 -0.286559 0.455467
3.11 -0.286576 -0.286582 0.455473
3.12 -0.286588 -0.286607 0.455483
3.13 -0.286585 -0.286582 0.455477
3.14 -0.286574 -0.286561 0.455468
3.15 -0.286558 -0.286538 0.455457
3.16 -0.286567 -0.286578 0.455469
3.17 -0.286589 -0.286615 0.455485
3.18 -0.286598 -0.286609 0.455488
3.19 -0.286607 -0.286618 0.455493
3.2 -0.286582 -0.286557 0.455471
3.21 -0.286583 -0.286586 0.455477
3.22 -0.286592 -0.286602 0.455484
3.23 -0.286566 -0.286541 0.455461
3.24 -0.286589 -0.286619 0.455486
3.25 -0.286585 -0.286578 0.455477
3.26 -0.286586 -0.28659 0.455479
3.27 -0.286602 -0.286617 0.455491
3.28 -0.286555 -0.286511 0.45545
3.29 -0.286574 -0.286595 0.455475
3.3 -0.286595 -0.286617 0.455488
3.31 -0.286597 -0.286601 0.455486
3.32 -0.286593 -0.28659 0.455482
3.33 -0.286559 -0.286519 0.455454
3.34 -0.286577 -0.286601 0.455478
3.35 -0.286593 -0.286618 0.455487
3.36 -0.286591 -0.286588 0.455481
3.37 -0.286579 -0.286549 0.455468
3.38 -0.286573 -0.286535 0.455463
3.39 -0.286576 -0.286663 0.417139
3.4 -0.273128 -0.273215 0.258946
3.41 -0.265909 -0.265874 0.155353
3.42 -0.255387 -0.255407 0.0609651
3.43 -0.241697 -0.241703 0.016809
3.44 -0.228099 -0.228171 -0.0104754
3.45 -0.215114 -0.215158 -0.0359453
3.46 -0.202601 -0.202619 -0.0603621
3.47 -0.190672 -0.190711 -0.0839679
3.48 -0.179572 -0.179621 -0.106648
3.49 -0.16943 -0.169496 -0.127103
3.5 -0.159759 -0.159788 -0.13517
3.51 -0.150502 -0.150533 -0.143129
3.52 -0.141491 -0.141521 -0.151155
3.53 -0.132664 -0.132717 -0.159367
3.54 -0.124001 -0.124039 -0.167828
3.55 -0.115554 -0.115582 -0.17658
3.56 -0.107412 -0.107439 -0.18563
3.57 -0.0997034 -0.0997376 -0.194943
3.58 -0.092588 -0.0926253 -0.204406
3.59 -0.0862124 -0.0862387 -0.213855
3.6 -0.080649 -0.0806722 -0.223166
3.61 -0.0758902 -0.0759126 -0.232261
3.62 -0.0718897 -0.0719158 -0.241086
3.63 -0.0685794 -0.068605 -0.249595
3.64 -0.0658835 -0.0659027 -0.257743
3.65 -0.0637282 -0.0637435 -0.265482
3.66 -0.0620426 -0.0620607 -0.272759
3.67 -0.060756 -0.0607748 -0.279509
3.68 -0.0598027 -0.0598203 -0.285655
3.69 -0.0591208 -0.0591329 -0.291113
3.7 -0.0586557 -0.0586669 -0.29579
3.71 -0.0583578 -0.0583707 -0.299576
3.72 -0.0581838 -0.0581957 -0.30235
3.73 -0.0580992 -0.0581092 -0.303994
3.74 -0.0580814 -0.0580903 -0.304389
3.75 -0.0580797 -0.0580898 -0.285917
3.76 -0.058034 -0.058044 -0.251765
3.77 -0.0577681 -0.0577787 -0.216878
3.78 -0.0572706 -0.0572819 -0.181035
3.79 -0.0560636 -0.0560762 -0.145947
3.8 -0.0535993 -0.0536169 -0.116952
3.81 -0.0496314 -0.0496541 -0.0791598
3.82 -0.0441224 -0.0441504 -0.0341841
3.83 -0.036489 -0.0365208 -0.0051202
3.84 -0.0275888 -0.0276241 0.0125431
3.85 -0.0181821 -0.0182202 0.0309356
3.86 -0.00840678 -0.00844637 0.0500637
3.87 1.4153e-05 -2.8306e-05 0.0978555
3.88 1.29001e-05 -2.58002e-05 0.281699
3.89 8.24415e-06 -1.64883e-05 0.281699
3.9 5.89844e-06 -1.36702e-05 0.2817
3.91 4.50285e-06 -9.80081e-06 0.2817
3.92 3.29482e-06 -9.20448e-06 0.2817
3.93 2.05357e-06 -9.38855e-06 0.281701
3.94 6.13983e-07 -1.06999e-05 0.281701
3.95 1.08493e-07 -3.77262e-06 0.2817
3.96 -2.18413e-07 -2.71364e-06 0.2817
3.97 -1.23516e-06 -7.02009e-06 0.281701
3.98 -1.57709e-06 -3.78909e-06 0.281701
3.99 -1.03857e-06 5.39707e-07 0.2817
4 -1.02417e-06 -1.62279e-06 0.2817
4.01 -1.63057e-06 -4.39202e-06 0.281701
4.02 -1.81408e-06 -3.05594e-06 0.281701
4.03 -1.34865e-06 -6.17463e-07 0.2817
4.04 -1.49285e-06 -2.54531e-06 0.281701
4.05 -1.42449e-06 -1.90063e-06 0.2817
4.06 -5.5381e-07 1.10762e-06 0.281699
4.07 -2.78488e-07 -3.02594e-07 0.2817
4.08 -3.37542e-07 -1.11792e-06 0.2817
4.09 -3.85323e-07 -1.13575e-06 0.2817
4.1 -5.24983e-07 -1.44729e-06 0.2817
4.11 -9.32944e-08 1.86589e-07 0.281699
4.12 -5.14282e-08 1.02856e-07 0.281699
4.13 8.42355e-08 -3.46482e-07 0.2817
4.14 -3.23435e-08 6.46869e-08 0.281699
4.15 -1.2981e-06 2.5962e-06 0.281699
4.16 -6.27062e-07 1.25412e-06 0.281699
4.17 -5.16098e-06 -1.17253e-05 0.281704
4.18 -0.000266585 -0.000261658 0.286078
4.19 -0.00279172 -0.0027838 0.292143
4.2 -0.00803194 -0.00803691 0.300262
4.21 -0.0164897 -0.0164754 0.310854
4.22 -0.0288285 -0.0288009 0.32449
4.23 -0.0458758 -0.045859 0.341884
4.24 -0.0686754 -0.0686636 0.359591
4.25 -0.0953492 -0.0953229 0.379695
4.26 -0.12657 -0.126505 0.403222
4.27 -0.162333 -0.162268 0.430195
4.28 -0.203008 -0.202947 0.460903
4.29 -0.248778 -0.248714 0.495505
4.3 -0.299562 -0.29951 0.533969
4.31 -0.354849 -0.354741 0.575919
4.32 -0.413779 -0.41364 0.620743
4.33 -0.475062 -0.474957 0.667483
4.34 -0.536803 -0.536665 0.71467
4.35 -0.596654 -0.596475 0.760516
4.36 -0.651175 -0.650985 0.802351
4.37 -0.697634 -0.697433 0.838067
4.38 -0.732245 -0.732108 0.864733
4.39 -0.749704 -0.74949 0.878174
4.4 -0.721283 -0.721175 0.768536
4.41 -0.319676 -0.321239 0.345238
4.42 0.000749251 -0.0014985 -0.0599001
4.43 0.000489998 -0.000979997 -0.28754
4.44 0.000489998 -0.000979997 -0.28754
4.45 0.000489998 -0.000979997 -0.28754
4.46 0.000489998 -0.000979997 -0.28754
4.47 0.00049394 -0.00098788 -0.235036
4.48 0.000476587 -0.000953174 -0.165683
4.49 0.000487271 -0.000974542 -0.119498
4.5 0.000468804 -0.000937609 -0.11033
4.51 0.000491417 -0.000982834 -0.130129
4.52 0.000480619 -0.000961238 -0.162014
4.53 0.000484582 -0.000969165 -0.188884
4.54 0.000473758 -0.000947516 -0.202393
4.55 0.000474655 -0.000972788 -0.202475
4.56 0.000475698 -0.000973575 -0.195528
4.57 0.000481578 -0.000966626 -0.188863
4.58 0.00047997 -0.000959941 -0.186315
4.59 0.000476947 -0.000953893 -0.188847
4.6 0.000478811 -0.000970338 -0.194287
4.61 0.000481407 -0.000962815 -0.19985
4.62 0.000481474 -0.000962947 -0.203531
4.63 0.000478548 -0.000957096 -0.204213
4.64 0.000478657 -0.000961942 -0.202303
4.65 0.000479118 -0.000966201 -0.199421
4.66 0.000479782 -0.000966271 -0.196972
4.67 0.000479967 -0.000959935 -0.195046
4.68 0.000479372 -0.000958743 -0.192881
4.69 0.000480673 -0.000961345 -0.189622
4.7 0.000481907 -0.000963814 -0.184513
4.71 0.000481204 -0.000962409 -0.177296
4.72 0.000479706 -0.000959412 -0.168231
4.73 0.000479908 -0.000959816 -0.157661
4.74 0.000481035 -0.000962071 -0.145911
4.75 0.0004815 -0.000963 -0.132999
4.76 0.000480557 -0.000961114 -0.118685
4.77 0.000480029 -0.000960058 -0.100333
4.78 0.000480305 -0.00096061 -0.0716214
4.79 0.000481039 -0.000962078 -0.0256067
4.8 0.000480774 -0.000961547 0.0400885
4.81 0.000480362 -0.000960723 0.11858
4.82 0.000480253 -0.000960506 0.186617
4.83 0.000480676 -0.000961352 0.218471
4.84 0.000480886 -0.000961773 0.212226
4.85 0.000480462 -0.000960925 0.186777
4.86 0.000480235 -0.000960469 0.16361
4.87 0.000480394 -0.000960788 0.155967
4.88 0.000480733 -0.000961467 0.165934
4.89 0.000482075 -0.000964151 0.187789
4.9 0.000484683 -0.000969366 0.21342
4.91 0.000485457 -0.000970914 0.236425
4.92 0.000482909 -0.000965819 0.253964
4.93 0.000481332 -0.000962663 0.266888
4.94 0.000481924 -0.000963848 0.277514
4.95 0.000479327 -0.000958654 0.286772
4.96 0.000453275 -0.000909296 0.286773
4.97 0.000453275 -0.000909296 0.286773
4.98 0.000453275 -0.000909296 0.286773
4.99 0.000453275 -0.000909296 0.286773
5 0.000453275 -0.000909296 0.286773
5.01 0.000453275 -0.000909296 0.286773
5.02 0.000453275 -0.000909296 0.286773
5.03 0.000453275 -0.000909296 0.286773
5.04 0.000453275 -0.000909296 0.286773
5.05 0.000453275 -0.000909296 0.286773
5.06 0.000453275 -0.000909296 0.286773
5.07 0.000453275 -0.000909296 0.286773
5.08 0.000453275 -0.000909296 0.286773
5.09 0.000453275 -0.000909296 0.286773
5.1 -0.00173737 -0.00236183 0.290802
5.11 -0.00519333 -0.00551013 0.296164
5.12 -0.0105708 -0.0107721 0.303313
5.13 -0.0186467 -0.0187963 0.31283
5.14 -0.0303887 -0.0305073 0.32547
5.15 -0.0470115 -0.0471078 0.342207
5.16 -0.0700275 -0.0701046 0.364288
5.17 -0.101286 -0.101342 0.393274
5.18 -0.144989 -0.144994 0.432735
5.19 -0.202499 -0.202432 0.482903
5.2 -0.274794 -0.274688 0.538687
5.21 -0.3601 -0.359983 0.604782
5.22 -0.46079 -0.460636 0.683151
5.23 -0.577698 -0.577496 0.774545
5.24 -0.711701 -0.711415 0.877033
5.25 -0.857116 -0.856839 0.985467
5.26 -1.01368 -1.01335 1.1022
5.27 -1.17855 -1.17811 1.22511
5.28 -1.34736 -1.34687 1.35098
5.29 -1.5138 -1.51318 1.47505
5.3 -1.66951 -1.66893 1.59117
5.31 -1.80304 -1.80227 1.69069
5.32 -1.89829 -1.89763 1.76174
5.33 -1.92965 -1.9288 1.78508
5.34 -1.33134 -1.33476 1.03954
5.35 0.00261554 -0.00523109 0.0931689
5.36 0.000151754 -0.000366197 0.0266543
5.37 4.59929e-05 -9.19858e-05 -0.34641
5.38 -2.72557e-05 -0.000217221 -0.346478
5.39 -2.72557e-05 -0.000217221 -0.346478
5.4 -2.72557e-05 -0.000217221 -0.346478
5.41 -2.72557e-05 -0.000217221 -0.346478
5.42 -2.93271e-05 -0.00025339 -0.298092
5.43 1.00517e-05 -0.000162533 -0.24968
5.44 8.74686e-05 -0.000174937 -0.192093
5.45 6.99691e-05 -0.000139938 -0.150095
5.46 8.00421e-05 -0.000160084 -0.141885
5.47 5.47589e-05 -0.000109518 -0.156845
5.48 7.39903e-05 -0.000147981 -0.179012
5.49 7.64555e-05 -0.000152911 -0.197537
5.5 7.413e-05 -0.00014826 -0.205869
5.51 6.82011e-05 -0.000136402 -0.204434
5.52 6.5178e-05 -0.000130356 -0.198313
5.53 6.93476e-05 -0.000152044 -0.193474
5.54 7.01232e-05 -0.000154183 -0.192621
5.55 7.05519e-05 -0.000145855 -0.195989
5.56 6.59133e-05 -0.000131827 -0.201875
5.57 7.09842e-05 -0.000141968 -0.207671
5.58 7.23795e-05 -0.000144759 -0.212071
5.59 7.41211e-05 -0.000148242 -0.214078
5.6 6.9039e-05 -0.000138078 -0.214467
5.61 6.87623e-05 -0.000137525 -0.214206
5.62 6.87623e-05 -0.000145431 -0.214313
5.63 7.293e-05 -0.000145879 -0.214888
5.64 7.13637e-05 -0.000142727 -0.215704
5.65 6.93364e-05 -0.000138673 -0.215265
5.66 6.9472e-05 -0.000140087 -0.213528
5.67 6.98368e-05 -0.000145958 -0.210986
5.68 7.09845e-05 -0.00014524 -0.207715
5.69 7.03697e-05 -0.000140739 -0.203367
5.7 6.97672e-05 -0.000139534 -0.197898
5.71 7.06387e-05 -0.000141277 -0.191361
5.72 7.18276e-05 -0.000143655 -0.18372
5.73 7.14586e-05 -0.000142917 -0.174903
5.74 7.03083e-05 -0.000140617 -0.165045
5.75 7.02683e-05 -0.000140537 -0.154139
5.76 7.12378e-05 -0.000142476 -0.142046
5.77 7.13058e-05 -0.000142612 -0.12837
5.78 7.10004e-05 -0.000142001 -0.111734
5.79 7.02896e-05 -0.000140579 -0.0875444
5.8 7.07179e-05 -0.000141436 -0.0488379
5.81 7.13134e-05 -0.000142627 0.00899949
5.82 7.08749e-05 -0.00014175 0.0830082
5.83 7.09379e-05 -0.000141876 0.157106
5.84 7.05072e-05 -0.000141014 0.206612
5.85 7.08765e-05 -0.000141753 0.218117
5.86 7.12735e-05 -0.000142547 0.200486
5.87 7.06725e-05 -0.000141345 0.174033
5.88 7.08658e-05 -0.000141732 0.156394
5.89 7.06586e-05 -0.000141317 0.155526
5.9 7.10257e-05 -0.000142051 0.169775
5.91 7.09926e-05 -0.000141985 0.192381
5.92 7.4002e-05 -0.000148004 0.215831
5.93 7.62648e-05 -0.00015253 0.235086
5.94 6.92283e-05 -0.000138457 0.249468
5.95 7.07425e-05 -0.000141485 0.261089
5.96 7.81297e-05 -0.000156259 0.271314
5.97 7.09638e-05 -0.000141928 0.285583
5.98 6.73022e-05 -0.000136549 0.285583
5.99 6.73022e-05 -0.000136549 0.285583
6 6.73022e-05 -0.000136549 0.285583
6.01 6.73022e-05 -0.000136549 0.285583
6.02 6.73022e-05 -0.000136549 0.285583
6.03 6.73022e-05 -0.000136549 0.285583
6.04 6.73022e-05 -0.000136549 0.285583
6.05 6.73022e-05 -0.000136549 0.285583
6.06 6.73022e-05 -0.000136549 0.285583
6.07 6.73022e-05 -0.000136549 0.285583
6.08 6.73022e-05 -0.000136549 0.285583
6.09 6.73022e-05 -0.000136549 0.285583
6.1 6.73022e-05 -0.000136549 0.285583
6.11 6.73022e-05 -0.000136549 0.285583
6.12 6.73022e-05 -0.000136549 0.285583
6.13 6.73022e-05 -0.000136549 0.285583
6.14 6.73022e-05 -0.000136549 0.285583
6.15 6.73022e-05 -0.000136549 0.285583
6.16 6.73022e-05 -0.000136549 0.285583
6.17 6.73022e-05 -0.000136549 0.285583
6.18 6.73022e-05 -0.000136549 0.285583
6.19 -0.00255523 -0.002632 0.288447
6.2 -0.00634765 -0.00637329 0.292237
6.21 -0.0117528 -0.0117687 0.297254
6.22 -0.0193079 -0.0193377 0.303867
6.23 -0.0300927 -0.0300812 0.312798
6.24 -0.0445336 -0.044537 0.324383
6.25 -0.0635254 -0.0635446 0.339243
6.26 -0.0879802 -0.0879664 0.358028
6.27 -0.119347 -0.119328 0.381801
6.28 -0.158309 -0.158283 0.411082
6.29 -0.2057 -0.205683 0.446517
6.3 -0.261928 -0.261894 0.488446
6.31 -0.326804 -0.326736 0.536793
6.32 -0.399342 -0.39927 0.590896
6.33 -0.477426 -0.477326 0.649227
6.34 -0.557559 -0.557436 0.709217
6.35 -0.634039 -0.63393 0.766597
6.36 -0.698668 -0.698505 0.815175
6.37 -0.738932 -0.738735 0.845482
6.38 -0.747501 -0.747433 0.851971
6.39 -0.481608 -0.482951 0.470503
6.4 0.000723256 -0.00144651 0.0514437
6.41 0.000718816 -0.00143763 -0.330038
6.42 0.000444269 -0.000888539 -0.33004
6.43 0.000444269 -0.000888539 -0.33004
6.44 0.000438196 -0.000876392 -0.316826
6.45 0.00043776 -0.000875521 -0.264351
6.46 0.000414122 -0.000828244 -0.201701
6.47 0.000436564 -0.000873129 -0.156317
6.48 0.000430207 -0.000860413 -0.136664
6.49 0.000431046 -0.00089547 -0.140714
6.5 0.000423665 -0.000847331 -0.157087
6.51 0.000425937 -0.000851875 -0.173925
6.52 0.000432413 -0.000864825 -0.183661
6.53 0.000435325 -0.00087065 -0.18518
6.54 0.000432114 -0.000864229 -0.181511
6.55 0.000426021 -0.000852041 -0.176965
6.56 0.000428302 -0.000857623 -0.174977
6.57 0.000428373 -0.000870263 -0.176305
6.58 0.000429165 -0.000873548 -0.180075
6.59 0.000428486 -0.000856972 -0.184582
6.6 0.000428493 -0.000856985 -0.188163
6.61 0.00042997 -0.000859939 -0.189877
6.62 0.000430193 -0.000869522 -0.189935
6.63 0.000430237 -0.000863992 -0.188915
6.64 0.000428705 -0.00085741 -0.187479
6.65 0.00042903 -0.000858952 -0.186007
6.66 0.000429377 -0.000864802 -0.184357
6.67 0.000430583 -0.000865573 -0.182173
6.68 0.000430243 -0.000860486 -0.178949
6.69 0.000429197 -0.000858394 -0.174507
6.7 0.000429918 -0.000859836 -0.168851
6.71 0.000431639 -0.000863279 -0.162027
6.72 0.000431563 -0.000863126 -0.153957
6.73 0.000429679 -0.000859358 -0.144771
6.74 0.000429467 -0.000858934 -0.134422
6.75 0.000430655 -0.000861309 -0.122786
6.76 0.000431337 -0.000862674 -0.109399
6.77 0.000430717 -0.000861433 -0.0912467
6.78 0.000429569 -0.000859137 -0.0616083
6.79 0.000429902 -0.000859805 -0.0137198
6.8 0.000431061 -0.000862121 0.053183
6.81 0.000430971 -0.000861943 0.127561
6.82 0.000430161 -0.000860322 0.185354
6.83 0.000429915 -0.00085983 0.207492
6.84 0.000430213 -0.000860426 0.196746
6.85 0.000431005 -0.00086201 0.171537
6.86 0.000430595 -0.000861189 0.150699
6.87 0.000430013 -0.000860026 0.145085
6.88 0.000430166 -0.000860332 0.155506
6.89 0.00043417 -0.000868339 0.176028
6.9 0.000437194 -0.000874387 0.199328
6.91 0.000432315 -0.000864631 0.219967
6.92 0.000432217 -0.000864433 0.235959
6.93 0.000435067 -0.000870134 0.248134
6.94 0.000434577 -0.000869154 0.259613
6.95 0.000433574 -0.000867148 0.272099
6.96 0.000430503 -0.000861005 0.286584
6.97 0.00040887 -0.000825568 0.286586
6.98 0.00040887 -0.000825568 0.286586
6.99 0.00040887 -0.000825568 0.286586
7 0.00040887 -0.000825568 0.286586
7.01 0.00040887 -0.000825568 0.286586
7.02 0.00040887 -0.000825568 0.286586
7.03 0.00040887 -0.000825568 0.286586
7.04 0.00040887 -0.000825568 0.286586
7.05 0.00040887 -0.000825568 0.286586
7.06 0.00040887 -0.000825568 0.286586
7.07 0.00040887 -0.000825568 0.286586
7.08 0.00040887 -0.000825568 0.286586
7.09 0.00040887 -0.000825568 0.286586
7.1 -0.00184395 -0.00248939 0.290644
7.11 -0.00555741 -0.00594333 0.296175
7.12 -0.0115513 -0.0118018 0.301687
7.13 -0.0196718 -0.0198361 0.308121
7.14 -0.0301996 -0.0303469 0.316367
7.15 -0.0439028 -0.0440362 0.326966
7.16 -0.062338 -0.0624714 0.341025
7.17 -0.0864611 -0.086587 0.359245
7.18 -0.117996 -0.11811 0.382885
7.19 -0.159646 -0.159755 0.41393
7.2 -0.21392 -0.214018 0.454257
7.21 -0.2843 -0.284396 0.506497
7.22 -0.375297 -0.375366 0.574093
7.23 -0.49075 -0.490794 0.660068
7.24 -0.635129 -0.635124 0.76799
7.25 -0.810912 -0.810887 0.9
7.26 -1.0182 -1.01807 1.05645
7.27 -1.25266 -1.25237 1.23433
7.28 -1.50295 -1.50261 1.4252
7.29 -1.74723 -1.74673 1.61229
7.3 -1.95125 -1.9507 1.76912
7.31 -2.06674 -2.06599 1.85803
7.32 -2.05937 -2.05889 1.79676
7.33 -0.587404 -0.594695 0.473733
7.34 0.00222166 -0.00444332 -0.310832
7.35 0.000781204 -0.00156241 -0.310851
7.36 0.000781204 -0.00156241 -0.310851
7.37 0.000781204 -0.00156241 -0.310851
7.38 0.000781204 -0.00156241 -0.310851
7.39 0.000781204 -0.00156241 -0.310851
7.4 0.000764609 -0.00152922 -0.298256
7.41 0.000770081 -0.0015589 -0.258898
7.42 0.000774055 -0.00154811 -0.207605
7.43 0.000787675 -0.00157535 -0.1713
7.44 0.000773106 -0.00154621 -0.157876
7.45 0.000766968 -0.00153394 -0.164086
7.46 0.000773014 -0.00154603 -0.179417
7.47 0.000780723 -0.00156145 -0.194294
7.48 0.00077794 -0.00155588 -0.203272
7.49 0.000771358 -0.00154272 -0.205027
7.5 0.000770132 -0.00154026 -0.202493
7.51 0.000770561 -0.00155575 -0.199785
7.52 0.000770564 -0.00156709 -0.199759
7.53 0.000770947 -0.00155352 -0.203141
7.54 0.000770893 -0.00154179 -0.208895
7.55 0.000773276 -0.00154655 -0.214957
7.56 0.000775888 -0.00155178 -0.219989
7.57 0.000776626 -0.00155325 -0.22355
7.58 0.000772695 -0.00154539 -0.22567
7.59 0.000771773 -0.00154355 -0.226994
7.6 0.000773916 -0.00154783 -0.228045
7.61 0.000775296 -0.00155059 -0.229455
7.62 0.000774054 -0.00154811 -0.231107
7.63 0.000772067 -0.00154413 -0.232368
7.64 0.000772292 -0.00154458 -0.232777
7.65 0.000772292 -0.00155067 -0.232195
7.66 0.00077235 -0.00155149 -0.230871
7.67 0.000772528 -0.00154665 -0.229054
7.68 0.000772186 -0.00154437 -0.226385
7.69 0.000773161 -0.00154632 -0.222567
7.7 0.000774419 -0.00154884 -0.217382
7.71 0.000773645 -0.00154729 -0.21076
7.72 0.000772292 -0.00154458 -0.202964
7.73 0.000772726 -0.00154545 -0.194158
7.74 0.000773955 -0.00154791 -0.184453
7.75 0.000773664 -0.00154733 -0.173717
7.76 0.000772987 -0.00154597 -0.161855
7.77 0.000772665 -0.00154533 -0.148667
7.78 0.000772855 -0.00154571 -0.13407
7.79 0.000773708 -0.00154742 -0.117547
7.8 0.000773433 -0.00154687 -0.0953218
7.81 0.000773065 -0.00154613 -0.0597183
7.82 0.000773091 -0.00154618 -0.00421608
7.83 0.000772793 -0.00154559 0.069537
7.84 0.000773593 -0.00154719 0.147002
7.85 0.000773188 -0.00154638 0.203448
7.86 0.000772905 -0.00154581 0.22174
7.87 0.000773188 -0.00154638 0.207342
7.88 0.000772918 -0.00154584 0.180355
7.89 0.000773458 -0.00154692 0.16007
7.9 0.000773029 -0.00154606 0.156379
7.91 0.000773022 -0.00154604 0.16898
7.92 0.000773065 -0.00154613 0.191407
7.93 0.000773157 -0.00154631 0.215994
7.94 0.000773217 -0.00154643 0.23675
7.95 0.000776093 -0.00155219 0.250421
7.96 0.000778016 -0.00155603 0.258711
7.97 0.00076974 -0.00153948 0.267566
7.98 0.000767615 -0.00153523 0.281104
7.99 0.000727692 -0.00148678 0.281238
8 0.000672282 -0.00138022 0.281239
8.01 0.000672282 -0.00138022 0.281239
8.02 0.000672282 -0.00138022 0.281239
8.03 0.000672282 -0.00138022 0.281239
8.04 0.000672282 -0.00138022 0.281239
8.05 0.000672282 -0.00138022 0.281239
8.06 0.000672282 -0.00138022 0.281239
8.07 0.000672282 -0.00138022 0.281239
8.08 0.000672282 -0.00138022 0.281239
8.09 0.000672282 -0.00138022 0.281239
8.1 0.000672282 -0.00138022 0.281239
8.11 0.000672282 -0.00138022 0.281239
8.12 0.000672282 -0.00138022 0.281239
8.13 0.000672282 -0.00138022 0.281239
8.14 0.000672282 -0.00138022 0.281239
8.15 0.000672282 -0.00138022 0.281239
8.16 0.000672282 -0.00138022 0.281239
8.17 0.000672282 -0.00138022 0.281239
8.18 0.000672282 -0.00138022 0.281239
8.19 0.000672282 -0.00138022 0.281239
8.2 0.000672282 -0.00138022 0.281239
8.21 0.000303183 -0.000770145 0.284854
8.22 -0.00191777 -0.00266208 0.290036
8.23 -0.00661356 -0.00718106 0.297177
8.24 -0.0146547 -0.0151705 0.30698
8.25 -0.0271425 -0.0276405 0.320315
8.26 -0.0453697 -0.0458176 0.338205
8.27 -0.0709112 -0.0713258 0.360914
8.28 -0.104696 -0.10503 0.385843
8.29 -0.145167 -0.145492 0.415761
8.3 -0.192262 -0.192627 0.450634
8.31 -0.246233 -0.246569 0.490658
8.32 -0.306994 -0.307314 0.535824
8.33 -0.373904 -0.374199 0.585685
8.34 -0.445602 -0.445867 0.639258
8.35 -0.519894 -0.520172 0.69493
8.36 -0.59355 -0.593801 0.75026
8.37 -0.661284 -0.661494 0.801231
8.38 -0.718587 -0.718793 0.844452
8.39 -0.75627 -0.75641 0.87291
8.4 -0.76382 -0.764046 0.878641
8.41 -0.507195 -0.508878 0.499043
8.42 0.000852791 -0.00170558 0.0629575
8.43 0.000771225 -0.00154245 -0.346408
8.44 0.000432493 -0.000922737 -0.346424
8.45 0.000432493 -0.000922737 -0.346424
8.46 0.000439187 -0.000902874 -0.326289
8.47 0.000462306 -0.000924611 -0.25411
8.48 0.000412228 -0.000824457 -0.165092
8.49 0.000450605 -0.00090121 -0.112617
8.5 0.000433873 -0.000867746 -0.104395
8.51 0.000452455 -0.000904909 -0.12746
8.52 0.000432709 -0.000865418 -0.16066
8.53 0.000435361 -0.000870723 -0.186013
8.54 0.000436652 -0.000873303 -0.195746
8.55 0.000437166 -0.000898493 -0.191383
8.56 0.000440998 -0.000881997 -0.180486
8.57 0.000434116 -0.000868233 -0.170565
8.58 0.0004376 -0.0008752 -0.166294
8.59 0.000437677 -0.000877489 -0.167515
8.6 0.000438699 -0.000892871 -0.171993
8.61 0.000437082 -0.000874164 -0.176791
8.62 0.000436342 -0.000872683 -0.179546
8.63 0.000436342 -0.000877067 -0.179451
8.64 0.00043659 -0.000885818 -0.17708
8.65 0.000437407 -0.000882561 -0.173558
8.66 0.000437441 -0.000874883 -0.169741
8.67 0.000436794 -0.000873589 -0.166027
8.68 0.000439198 -0.000878396 -0.162295
8.69 0.000440034 -0.000880068 -0.157865
8.7 0.000438629 -0.000877257 -0.152354
8.71 0.000437487 -0.000874974 -0.145568
8.72 0.000437705 -0.000875409 -0.137423
8.73 0.000439472 -0.000878943 -0.12793
8.74 0.000439371 -0.000878743 -0.11673
8.75 0.000437923 -0.000875846 -0.101751
8.76 0.000437829 -0.000875657 -0.0782263
8.77 0.000438516 -0.000877031 -0.0411913
8.78 0.000439167 -0.000878333 0.0118079
8.79 0.000438809 -0.000877618 0.0780094
8.8 0.000437721 -0.000875441 0.145205
8.81 0.000438294 -0.000876587 0.192505
8.82 0.000438686 -0.000877372 0.205869
8.83 0.000438832 -0.000877664 0.191055
8.84 0.000438375 -0.00087675 0.16609
8.85 0.000437943 -0.000875886 0.14775
8.86 0.00043846 -0.00087692 0.144632
8.87 0.000438698 -0.000877396 0.156157
8.88 0.000439787 -0.000879574 0.176296
8.89 0.000444339 -0.000888677 0.197996
8.9 0.00044786 -0.000895721 0.216588
8.91 0.000442146 -0.000884292 0.231184
8.92 0.000437462 -0.000874924 0.243253
8.93 0.000444647 -0.000889294 0.253989
8.94 0.00044767 -0.00089534 0.266827
8.95 0.000440265 -0.000880531 0.282664
8.96 0.0004142 -0.000828401 0.282664
8.97 0.0004142 -0.000828401 0.282664
8.98 0.0004142 -0.000828401 0.282664
8.99 0.0004142 -0.000828401 0.282664
9 0.0004142 -0.000828401 0.282664
9.01 0.0004142 -0.000828401 0.282664
9.02 0.0004142 -0.000828401 0.282664
9.03 0.0004142 -0.000828401 0.282664
9.04 0.0004142 -0.000828401 0.282664
9.05 0.0004142 -0.000828401 0.282664
9.06 0.0004142 -0.000828401 0.282664
9.07 0.0004142 -0.000828401 0.282664
9.08 -0.000617027 -0.00115338 0.28414
9.09 -0.00235552 -0.00261221 0.286382
9.1 -0.00543831 -0.00560071 0.289788
9.11 -0.0107355 -0.0108723 0.294937
9.12 -0.0201569 -0.0202742 0.303107
9.13 -0.0350864 -0.0351947 0.315284
9.14 -0.0586334 -0.0587357 0.333626
9.15 -0.0941907 -0.0942929 0.360555
9.16 -0.147383 -0.147472 0.400114
9.17 -0.225359 -0.225433 0.457563
9.18 -0.337177 -0.337234 0.539696
9.19 -0.495198 -0.495221 0.655936
9.2 -0.71339 -0.71335 0.817181
9.21 -1.00525 -1.00511 1.03427
9.22 -1.38136 -1.38107 1.31611
9.23 -1.84029 -1.83973 1.66261
9.24 -2.35951 -2.35866 2.05739
9.25 -2.88557 -2.88444 2.45982
9.26 -3.3061 -3.30436 2.7829
9.27 -3.48061 -3.47903 2.91737
9.28 -2.34405 -2.35201 1.65981
9.29 0.00602792 -0.0120558 -0.0744182
9.3 0.00359556 -0.00719113 -0.346354
9.31 0.00359556 -0.00719113 -0.346354
9.32 0.00359556 -0.00719113 -0.346354
9.33 0.00359556 -0.00719113 -0.346354
9.34 0.00359556 -0.00719113 -0.346354
9.35 0.00359556 -0.00719113 -0.346354
9.36 0.00359394 -0.00757028 -0.335136
9.37 0.00361236 -0.00725019 -0.297625
9.38 0.00352473 -0.00726138 -0.264715
9.39 0.00352738 -0.00705475 -0.236026
9.4 0.00350944 -0.00701888 -0.210124
9.41 0.00349933 -0.00699867 -0.202769
9.42 0.00349991 -0.00706697 -0.209042
9.43 0.00350575 -0.0070991 -0.220512
9.44 0.00351187 -0.00702373 -0.231115
9.45 0.00350978 -0.00701955 -0.23747
9.46 0.00350175 -0.0070035 -0.238553
9.47 0.00350168 -0.00708325 -0.23693
9.48 0.0035017 -0.00706 -0.235884
9.49 0.00350175 -0.00703533 -0.237479
9.5 0.00350433 -0.00700865 -0.241428
9.51 0.0035089 -0.00702014 -0.246733
9.52 0.00351209 -0.00702418 -0.252742
9.53 0.00350912 -0.00701825 -0.259155
9.54 0.00349955 -0.00699909 -0.264306
9.55 0.00349609 -0.00699218 -0.267334
9.56 0.00348998 -0.00698703 -0.269313
9.57 0.00348333 -0.00696766 -0.271552
9.58 0.00347897 -0.00695794 -0.275831
9.59 0.00347522 -0.00695045 -0.279822
9.6 0.00346761 -0.00694535 -0.281977
9.61 0.00344489 -0.00691077 -0.28198
9.62 0.00344489 -0.00691077 -0.28198
9.63 0.00344489 -0.00691077 -0.28198
9.64 0.00344489 -0.00691077 -0.28198
9.65 0.00344489 -0.00691077 -0.28198
9.66 0.00344489 -0.00691077 -0.28198
9.67 0.00344489 -0.00691077 -0.28198
9.68 0.00344489 -0.00691077 -0.28198
9.69 0.00344489 -0.00691077 -0.28198
9.7 0.00344498 -0.00691602 -0.277713
9.71 0.00345352 -0.00690704 -0.268371
9.72 0.00345183 -0.00690365 -0.256483
9.73 0.00345144 -0.00690288 -0.244512
9.74 0.00345235 -0.00690471 -0.233641
9.75 0.00345301 -0.00690603 -0.223444
9.76 0.00345228 -0.00690456 -0.213034
9.77 0.00345133 -0.00690265 -0.201432
9.78 0.0034515 -0.006903 -0.187926
9.79 0.00345212 -0.00690423 -0.172493
9.8 0.00345217 -0.00690435 -0.155451
9.81 0.0034513 -0.0069026 -0.137097
9.82 0.00345128 -0.00690256 -0.117047
9.83 0.0034516 -0.00690321 -0.0930969
9.84 0.00345194 -0.00690389 -0.0589443
9.85 0.0034517 -0.0069034 -0.00656314
9.86 0.00345103 -0.00690206 0.0656149
9.87 0.00345132 -0.00690265 0.144217
9.88 0.00345169 -0.00690337 0.202946
9.89 0.00345138 -0.00690276 0.223444
9.9 0.00345149 -0.00690297 0.210897
9.91 0.00345092 -0.00690183 0.185513
9.92 0.00345136 -0.00690271 0.166728
9.93 0.00345143 -0.00690287 0.164575
9.94 0.00345128 -0.00690256 0.178826
9.95 0.00345116 -0.00690232 0.202701
9.96 0.00345105 -0.0069021 0.227961
9.97 0.00345109 -0.00690219 0.247928
9.98 0.00345105 -0.00690209 0.260462
9.99 0.00345098 -0.00690197 0.268583
10 0.00345081 -0.00690163 0.276788
10.01 0.00344918 -0.00689836 0.287607
10.02 0.00327967 -0.00657312 0.287615
10.03 0.00327967 -0.00657312 0.287615
10.04 0.00327967 -0.00657312 0.287615
10.05 0.00327967 -0.00657312 0.287615
10.06 0.00327967 -0.00657312 0.287615
10.07 0.00327967 -0.00657312 0.287615
10.08 0.00327967 -0.00657312 0.287615
10.09 0.00327967 -0.00657312 0.287615
10.1 0.00327967 -0.00657312 0.287615
10.11 0.00327967 -0.00657312 0.287615
10.12 0.00327967 -0.00657312 0.287615
10.13 0.00327967 -0.00657312 0.287615
10.14 0.00327967 -0.00657312 0.287615
10.15 0.00327967 -0.00657312 0.287615
10.16 0.00327967 -0.00657312 0.287615
10.17 0.00327967 -0.00657312 0.287615
10.18 0.00327967 -0.00657312 0.287615
10.19 0.00327967 -0.00657312 0.287615
10.2 0.00327967 -0.00657312 0.287615
10.21 0.00327967 -0.00657312 0.287615
10.22 0.00327967 -0.00657312 0.287615
10.23 0.00327967 -0.00657312 0.287615
10.24 0.00327967 -0.00657312 0.287615
10.25 0.00327967 -0.00657312 0.287615
10.26 0.00327967 -0.00657312 0.287615
10.27 0.00327967 -0.00657312 0.287615
10.28 0.00327967 -0.00657312 0.287615
10.29 0.00327967 -0.00657312 0.287615
10.3 -0.00272353 -0.0068218 0.291263
10.31 -0.00855135 -0.0106257 0.295644
10.32 -0.0152341 -0.0166279 0.300951
10.33 -0.0233498 -0.0245175 0.307386
10.34 -0.0333596 -0.0344499 0.315205
10.35 -0.0457664 -0.0468322 0.324741
10.36 -0.0612026 -0.06225 0.336436
10.37 -0.0805443 -0.0815956 0.350923
10.38 -0.10583 -0.106875 0.369646
10.39 -0.138512 -0.139554 0.393682
10.4 -0.18148 -0.182532 0.425131
10.41 -0.239207 -0.240266 0.46725
10.42 -0.316278 -0.317352 0.52343
10.43 -0.419914 -0.421003 0.599047
10.44 -0.557983 -0.55908 0.700047
10.45 -0.741203 -0.7423 0.834635
10.46 -0.98079 -0.981857 1.01155
10.47 -1.28685 -1.28783 1.23889
10.48 -1.66679 -1.66761 1.52287
10.49 -2.12125 -2.12178 1.86466
10.5 -2.64019 -2.6403 2.25726
10.51 -3.20015 -3.19969 2.68317
10.52 -3.76353 -3.76239 3.11366
10.53 -4.28459 -4.2827 3.51331
10.54 -4.71433 -4.71167 3.84386
10.55 -4.98858 -4.98548 4.05525
10.56 -5.02983 -5.02688 4.08713
10.57 -2.92467 -2.94326 2.0217
10.58 -0.451359 -0.486189 0.433491
10.59 0.0108096 -0.0216192 0.0364094
10.6 0.010771 -0.0215421 0.0652572
10.61 0.0107062 -0.0214125 0.255659
10.62 0.00763325 -0.0152665 0.291493
10.63 0.00763325 -0.0152665 0.291493
10.64 0.00763325 -0.0152665 0.291493
10.65 0.00763325 -0.0152665 0.291493
10.66 0.00763325 -0.0152665 0.291493
10.67 0.00758051 -0.015161 0.223962
10.68 0.0074966 -0.0149932 0.081179
10.69 0.00746427 -0.0149285 -0.0651952
10.7 0.00747404 -0.0149481 -0.158734
10.71 0.0074723 -0.0149446 -0.180486
10.72 0.00743178 -0.0148636 -0.15762
10.73 0.00737534 -0.0147507 -0.124692
10.74 0.00738886 -0.0147777 -0.116095
10.75 0.00739921 -0.0147984 -0.13553
10.76 0.00743758 -0.0148752 -0.160774
10.77 0.00739286 -0.0147857 -0.173501
10.78 0.00736554 -0.0147311 -0.166635
10.79 0.00738912 -0.0147782 -0.147525
10.8 0.00739877 -0.0147975 -0.124753
10.81 0.00740454 -0.0148091 -0.107595
10.82 0.00737427 -0.0147485 -0.0993677
10.83 0.00736977 -0.0147395 -0.0989848
10.84 0.00737074 -0.0147993 -0.103145
10.85 0.0073744 -0.014817 -0.107979
10.86 0.00737731 -0.0147786 -0.110032
10.87 0.00737181 -0.0147436 -0.106981
10.88 0.00737631 -0.0147526 -0.0985579
10.89 0.00738453 -0.0147691 -0.0868714
10.9 0.00738546 -0.0147709 -0.0743957
10.91 0.00737344 -0.0147469 -0.0626406
10.92 0.00737025 -0.0147405 -0.0503996
10.93 0.00737457 -0.0147491 -0.0361007
10.94 0.00737825 -0.0147565 -0.0185365
10.95 0.00737454 -0.0147491 0.00309866
10.96 0.00736741 -0.0147348 0.0288667
10.97 0.00736818 -0.0147364 0.0578226
10.98 0.007372 -0.014744 0.0875162
10.99 0.00737251 -0.014745 0.113948
11 0.00736817 -0.0147363 0.129739
11.01 0.00736531 -0.0147306 0.129536
11.02 0.00736793 -0.0147359 0.116525
11.03 0.0073716 -0.0147432 0.098973
11.04 0.00737096 -0.0147419 0.0838152
11.05 0.00736696 -0.0147339 0.0742547
11.06 0.00736516 -0.0147303 0.0699626
11.07 0.00736674 -0.0147335 0.0693202
11.08 0.00736686 -0.0147403 0.0705824
11.09 0.00736685 -0.0147337 0.0729628
11.1 0.00736531 -0.0147306 0.0760702
11.11 0.00736552 -0.014731 0.0796548
11.12 0.00736649 -0.014733 0.0834314
11.13 0.00736695 -0.0147339 0.0871092
11.14 0.00736627 -0.0147325 0.0903702
11.15 0.00736571 -0.0147314 0.0930447
11.16 0.0073653 -0.0147306 0.0952178
11.17 0.00736575 -0.0147315 0.0971441
11.18 0.00736613 -0.0147323 0.0987276
11.19 0.00736535 -0.0147307 0.0996937
11.2 0.007365 -0.01473 0.100404
11.21 0.0073651 -0.0147302 0.101557
11.22 0.00736542 -0.0147308 0.103565
11.23 0.00736546 -0.0147309 0.106478
11.24 0.00736491 -0.0147298 0.110041
11.25 0.00736575 -0.0147315 0.113899
11.26 0.00736585 -0.0147317 0.117884
11.27 0.00736393 -0.0147279 0.121902
11.28 0.00736419 -0.0147284 0.125998
11.29 0.00736461 -0.0147292 0.130294
11.3 0.00736469 -0.0147294 0.134448
11.31 0.0073647 -0.0147294 0.13809
11.32 0.00736395 -0.0147279 0.141763
11.33 0.00736395 -0.0147279 0.146233
11.34 0.00736408 -0.0147282 0.151752
11.35 0.00736409 -0.0147282 0.158279
11.36 0.00736326 -0.0147265 0.165569
11.37 0.00736314 -0.0147263 0.173468
11.38 0.007363 -0.014726 0.181974
11.39 0.00736284 -0.0147257 0.191143
11.4 0.00736267 -0.0147253 0.201228
11.41 0.00736176 -0.0147235 0.212416
11.42 0.00736158 -0.0147232 0.224879
11.43 0.00736151 -0.014723 0.238931
11.44 0.00736103 -0.0147221 0.254754
11.45 0.00736033 -0.0147207 0.272317
11.46 0.00735988 -0.0147198 0.291415
11.47 0.00678609 -0.0135785 0.291456
11.48 0.00678609 -0.0135785 0.291456
11.49 0.00678609 -0.0135785 0.291456
11.5 0.00678609 -0.0135785 0.291456
11.51 0.00678609 -0.0135785 0.291456
11.52 0.00678609 -0.0135785 0.291456
11.53 0.00678609 -0.0135785 0.291456
11.54 0.00678609 -0.0135785 0.291456
11.55 0.00678609 -0.0135785 0.291456
11.56 0.00678609 -0.0135785 0.291456
11.57 0.00678609 -0.0135785 0.291456
11.58 0.00678609 -0.0135785 0.291456
11.59 -0.00205894 -0.0139653 0.319774
11.6 -0.0240316 -0.0320859 0.360896
11.61 -0.0637212 -0.0680728 0.394999
11.62 -0.109581 -0.111258 0.428537
11.63 -0.15809 -0.158682 0.46444
11.64 -0.209325 -0.209469 0.502533
11.65 -0.263079 -0.263026 0.542567
11.66 -0.318979 -0.318833 0.584227
11.67 -0.376528 -0.376329 0.627126
11.68 -0.435133 -0.434898 0.670817
11.69 -0.494115 -0.493848 0.714791
11.7 -0.552724 -0.552428 0.758486
11.71 -0.610154 -0.60983 0.801303
11.72 -0.665575 -0.665225 0.842622
11.73 -0.718146 -0.717769 0.881816
11.74 -0.767053 -0.766651 0.918278
11.75 -0.811545 -0.811119 0.951449
11.76 -0.850955 -0.850509 0.980831
11.77 -0.884733 -0.884268 1.00601
11.78 -0.912472 -0.911992 1.02669
11.79 -0.933911 -0.933419 1.04268
11.8 -0.948815 -0.948308 1.05379
11.81 -0.956795 -0.956274 1.05973
11.82 -0.957351 -0.956811 1.06014
11.83 -0.937345 -0.936945 0.966314
11.84 -0.851548 -0.851655 0.810099
11.85 -0.683983 -0.685009 0.650707
11.86 -0.531223 -0.532864 0.514499
11.87 -0.4158 -0.417901 0.416823
11.88 -0.330346 -0.332638 0.360613
11.89 -0.271936 -0.274303 0.328625
11.9 -0.225919 -0.228332 0.303784
11.91 -0.174922 -0.177349 0.276584
11.92 -0.112535 -0.11501 0.243804
11.93 -0.0408029 -0.0432686 0.206862
11.94 0.000819507 -0.00163901 0.162371
11.95 0.000816455 -0.00163291 0.108152
11.96 0.000818357 -0.00163671 0.0598672
11.97 0.000818819 -0.00163764 0.0315907
11.98 0.000818514 -0.00163703 0.0233015
11.99 0.000816957 -0.00163391 0.0252968
12 0.000816706 -0.00163341 0.028141
12.01 0.000816549 -0.0016331 0.0256687
12.02 0.000814974 -0.00162995 0.0201999
12.03 0.000812241 -0.00162448 0.0178125
12.04 0.000811794 -0.00162359 0.0214806
12.05 0.000816139 -0.00163228 0.030318
12.06 0.000814188 -0.00162838 0.0420214
12.07 0.000814116 -0.00162823 0.0543546
12.08 0.000812211 -0.00162442 0.0665098
12.09 0.000813505 -0.00162701 0.0784845
12.1 0.000814994 -0.00162999 0.0901064
12.11 0.000813827 -0.00162765 0.100389
12.12 0.000813119 -0.00162624 0.107588
12.13 0.000812768 -0.00162554 0.109967
12.14 0.000813303 -0.00162883 0.10736
12.15 0.000814226 -0.00162845 0.102097
12.16 0.000813601 -0.0016272 0.0973442
12.17 0.000812891 -0.00162578 0.0952127
12.18 0.000812931 -0.00162739 0.0960695
12.19 0.000813971 -0.00162794 0.0989506
12.2 0.000813885 -0.00162777 0.102509
12.21 0.0008133 -0.0016266 0.105601
12.22 0.000813172 -0.00162634 0.107775
12.23 0.000813621 -0.00162724 0.109193
12.24 0.000814427 -0.00162885 0.110346
12.25 0.000815894 -0.00163179 0.111603
12.26 0.000815599 -0.0016312 0.113226
12.27 0.000812883 -0.00162577 0.115345
12.28 0.000811782 -0.00162356 0.11815
12.29 0.000813874 -0.00162775 0.1218
12.3 0.00081472 -0.00162944 0.126579
12.31 0.000813168 -0.00162634 0.13244
12.32 0.000812537 -0.00162507 0.13911
12.33 0.000812365 -0.00162473 0.14648
12.34 0.000814144 -0.00162829 0.15483
12.35 0.000813798 -0.0016276 0.164545
12.36 0.000812349 -0.0016247 0.175249
12.37 0.000812454 -0.00162491 0.186492
12.38 0.000812625 -0.00162525 0.197953
12.39 0.000813572 -0.00162714 0.209428
12.4 0.000812863 -0.00162573 0.222447
12.41 0.000812392 -0.00162478 0.23897
12.42 0.000812105 -0.00162421 0.258562
12.43 0.000812357 -0.00162471 0.278665
12.44 0.000812149 -0.0016243 0.29776
12.45 0.000729454 -0.00145891 0.297761
12.46 0.000729454 -0.00145891 0.297761
12.47 0.000729454 -0.00145891 0.297761
12.48 0.000729454 -0.00145891 0.297761
12.49 0.000729454 -0.00145891 0.297761
12.5 0.000729454 -0.00145891 0.297761
12.51 0.000729454 -0.00145891 0.297761
12.52 0.000729454 -0.00145891 0.297761
12.53 0.000729454 -0.00145891 0.297761
12.54 0.000729454 -0.00145891 0.297761
12.55 0.000729454 -0.00145891 0.297761
12.56 -0.0044694 -0.00573397 0.33083
12.57 -0.0189755 -0.0197118 0.360742
12.58 -0.0403334 -0.0406968 0.376576
12.59 -0.0623237 -0.0624754 0.392921
12.6 -0.0849627 -0.0849924 0.409772
12.61 -0.108194 -0.108152 0.427077
12.62 -0.131912 -0.131825 0.444751
12.63 -0.155976 -0.155859 0.462688
12.64 -0.180226 -0.180089 0.480765
12.65 -0.204486 -0.204333 0.498851
12.66 -0.228569 -0.228403 0.516806
12.67 -0.252282 -0.252105 0.534485
12.68 -0.275433 -0.275245 0.551746
12.69 -0.297834 -0.297636 0.568447
12.7 -0.319305 -0.319098 0.584455
12.71 -0.339678 -0.339462 0.599644
12.72 -0.358801 -0.358577 0.613902
12.73 -0.376542 -0.37631 0.627128
12.74 -0.392786 -0.392547 0.63924
12.75 -0.407445 -0.4072 0.650169
12.76 -0.42045 -0.420198 0.659864
12.77 -0.431755 -0.431498 0.668293
12.78 -0.441337 -0.441076 0.675437
12.79 -0.449194 -0.44893 0.681295
12.8 -0.455343 -0.455075 0.685879
12.81 -0.459811 -0.459541 0.68921
12.82 -0.462506 -0.462234 0.691219
12.83 -0.463019 -0.462743 0.691601
12.84 -0.461648 -0.461377 0.664818
12.85 -0.449011 -0.44879 0.616234
12.86 -0.428137 -0.42803 0.560202
12.87 -0.393087 -0.393135 0.51376
12.88 -0.360313 -0.360506 0.476501
12.89 -0.332488 -0.33279 0.445663
12.9 -0.307012 -0.307406 0.418053
12.91 -0.281332 -0.281792 0.390804
12.92 -0.253705 -0.254256 0.362139
12.93 -0.22344 -0.224086 0.331511
12.94 -0.189403 -0.190136 0.299783
12.95 -0.142006 -0.142839 0.271114
12.96 -0.0927279 -0.0936359 0.241913
12.97 -0.042716 -0.0436814 0.212967
12.98 0.000332969 -0.000665939 0.183828
12.99 0.000332149 -0.000664298 0.145415
13 0.000330973 -0.000661946 0.117801
13.01 0.000333075 -0.000666149 0.102683
13.02 0.000331461 -0.000662922 0.0971057
13.03 0.000331461 -0.000666848 0.0971858
13.04 0.000331156 -0.000662311 0.10021
13.05 0.000326321 -0.000652643 0.104945
13.06 0.000329223 -0.000658446 0.111248
13.07 0.00032985 -0.0006597 0.120206
13.08 0.000330555 -0.000661109 0.132644
13.09 0.000330249 -0.000660498 0.148069
13.1 0.000326671 -0.000653342 0.162936
13.11 0.000329618 -0.000659237 0.17221
13.12 0.000329904 -0.000659807 0.174258
13.13 0.000329775 -0.00065955 0.171096
13.14 0.00032848 -0.000656959 0.166586
13.15 0.000328228 -0.000656455 0.163897
13.16 0.000328228 -0.000659678 0.164145
13.17 0.000328624 -0.000661442 0.166701
13.18 0.000329017 -0.000658035 0.170201
13.19 0.000328393 -0.000656786 0.173354
13.2 0.00032888 -0.000657759 0.175443
13.21 0.000329303 -0.000658607 0.176341
13.22 0.000329508 -0.000659016 0.176391
13.23 0.000328671 -0.000657341 0.176384
13.24 0.000328559 -0.000657118 0.177225
13.25 0.000329125 -0.00065825 0.179008
13.26 0.000329891 -0.000659782 0.181013
13.27 0.000330578 -0.000661156 0.182792
13.28 0.000329671 -0.000659342 0.184436
13.29 0.000328665 -0.000657329 0.186362
13.3 0.000329855 -0.000659711 0.190642
13.31 0.000328199 -0.000656398 0.202268
13.32 0.000329007 -0.000658015 0.222446
13.33 0.000329384 -0.000658769 0.245229
13.34 0.000327654 -0.000655308 0.263656
13.35 0.000328345 -0.000656689 0.274502
13.36 0.000327373 -0.000654745 0.280571
13.37 0.000323682 -0.000647365 0.283236
13.38 0.000308468 -0.000618771 0.283236
13.39 0.000308468 -0.000618771 0.283236
13.4 0.000308468 -0.000618771 0.283236
13.41 0.000308468 -0.000618771 0.283236
13.42 0.000308468 -0.000618771 0.283236
13.43 0.000308468 -0.000618771 0.283236
13.44 0.000308468 -0.000618771 0.283236
13.45 0.000308468 -0.000618771 0.283236
13.46 0.000308468 -0.000618771 0.283236
13.47 0.000308468 -0.000618771 0.283236
13.48 0.000308468 -0.000618771 0.283236
13.49 0.000308468 -0.000618771 0.283236
13.5 -0.00198412 -0.00263673 0.338444
13.51 -0.0129374 -0.0132947 0.356146
13.52 -0.0244984 -0.0247127 0.364731
13.53 -0.0357748 -0.0358935 0.373116
13.54 -0.0469823 -0.0470321 0.381456
13.55 -0.0582301 -0.0582315 0.389831
13.56 -0.0695685 -0.0695333 0.398277
13.57 -0.0810081 -0.0809463 0.4068
13.58 -0.0925317 -0.0924492 0.415388
13.59 -0.104103 -0.104005 0.424013
13.6 -0.115674 -0.115563 0.432637
13.61 -0.127186 -0.127066 0.441219
13.62 -0.138577 -0.138448 0.449711
13.63 -0.149782 -0.149645 0.458064
13.64 -0.160734 -0.160591 0.466229
13.65 -0.171368 -0.17122 0.474158
13.66 -0.181624 -0.18147 0.481803
13.67 -0.191441 -0.191283 0.489123
13.68 -0.200766 -0.200604 0.496075
13.69 -0.209551 -0.209385 0.502625
13.7 -0.217752 -0.217582 0.508739
13.71 -0.225333 -0.22516 0.514391
13.72 -0.232263 -0.232087 0.519558
13.73 -0.238517 -0.238338 0.524221
13.74 -0.244078 -0.243897 0.528367
13.75 -0.248934 -0.248751 0.531987
13.76 -0.253077 -0.252892 0.535076
13.77 -0.256508 -0.256321 0.537634
13.78 -0.259228 -0.25904 0.539662
13.79 -0.261172 -0.260993 0.541114
13.8 -0.262259 -0.26207 0.541922
13.81 -0.262361 -0.262167 0.541997
13.82 -0.262011 -0.261817 0.52764
13.83 -0.258704 -0.258519 0.501385
13.84 -0.250211 -0.250077 0.470649
13.85 -0.240557 -0.240458 0.439757
13.86 -0.223916 -0.223882 0.415557
13.87 -0.207546 -0.207592 0.394529
13.88 -0.191833 -0.191925 0.374713
13.89 -0.175995 -0.17613 0.355102
13.9 -0.15963 -0.159816 0.33522
13.91 -0.142663 -0.142905 0.315018
13.92 -0.125305 -0.125596 0.294789
13.93 -0.107974 -0.108309 0.275042
13.94 -0.0911958 -0.0915636 0.256365
13.95 -0.0696037 -0.0700174 0.241711
13.96 -0.0487801 -0.0492318 0.228446
13.97 -0.0295669 -0.030044 0.216364
13.98 -0.0126221 -0.013117 0.20584
13.99 0.000166335 -0.000332671 0.196921
14 0.000148464 -0.000304129 0.193851
14.01 0.000150781 -0.000301561 0.186348
14.02 0.000147518 -0.000295035 0.183868
14.03 0.000147346 -0.000294691 0.188009
14.04 0.000148121 -0.000296241 0.197795
14.05 0.000149921 -0.000299841 0.210823
14.06 0.000149853 -0.000299705 0.224918
14.07 0.000146799 -0.000293597 0.237959
14.08 0.000147963 -0.000295925 0.248076
14.09 0.000148551 -0.000297103 0.253359
14.1 0.000148552 -0.000299202 0.252591
14.11 0.000148197 -0.000296394 0.247152
14.12 0.00014732 -0.000294639 0.240367
14.13 0.000147902 -0.000295805 0.234957
14.14 0.000148825 -0.00029765 0.231936
14.15 0.000148447 -0.000296894 0.231173
14.16 0.00014771 -0.00029542 0.232242
14.17 0.000147631 -0.000295262 0.234294
14.18 0.000147834 -0.000296548 0.236483
14.19 0.00014804 -0.000297813 0.238235
14.2 0.000148053 -0.000296106 0.239334
14.21 0.00014768 -0.00029536 0.239869
14.22 0.000147783 -0.000295939 0.240162
14.23 0.000147929 -0.00029763 0.240588
14.24 0.000148185 -0.000303123 0.241378
14.25 0.000148632 -0.000301531 0.242715
14.26 0.000145816 -0.000291633 0.245103
14.27 0.000146256 -0.000292512 0.24916
14.28 0.000148807 -0.000297613 0.255309
14.29 0.000148855 -0.00029771 0.264232
14.3 0.000147425 -0.00029485 0.274121
14.31 0.000146029 -0.000292058 0.284948
14.32 0.000131029 -0.000266644 0.284949
14.33 0.000131029 -0.000266644 0.284949
14.34 0.000131029 -0.000266644 0.284949
14.35 0.000131029 -0.000266644 0.284949
14.36 0.000131029 -0.000266644 0.284949
14.37 0.000131029 -0.000266644 0.284949
14.38 0.000131029 -0.000266644 0.284949
14.39 0.000131029 -0.000266644 0.284949
14.4 0.000131029 -0.000266644 0.284949
14.41 -0.00271286 -0.00295673 0.343746
14.42 -0.0106866 -0.0108059 0.354408
14.43 -0.0184435 -0.0185093 0.360179
14.44 -0.0256126 -0.0256398 0.365515
14.45 -0.0324326 -0.0324304 0.370594
14.46 -0.0390442 -0.0390215 0.375519
14.47 -0.0455326 -0.0454915 0.380352
14.48 -0.0519454 -0.0518889 0.38513
14.49 -0.0583037 -0.0582335 0.389868
14.5 -0.0646103 -0.0645307 0.394568
14.51 -0.0708557 -0.0707679 0.399223
14.52 -0.077021 -0.0769256 0.403819
14.53 -0.0830822 -0.0829796 0.408337
14.54 -0.0890115 -0.0889031 0.412756
14.55 -0.0947795 -0.0946669 0.417056
14.56 -0.100356 -0.10024 0.421214
14.57 -0.105713 -0.105592 0.425207
14.58 -0.110821 -0.110696 0.429015
14.59 -0.115655 -0.115527 0.432619
14.6 -0.120192 -0.120062 0.436001
14.61 -0.124411 -0.124279 0.439147
14.62 -0.128296 -0.128162 0.442043
14.63 -0.131833 -0.131696 0.44468
14.64 -0.13501 -0.134872 0.447049
14.65 -0.137821 -0.137682 0.449145
14.66 -0.14026 -0.14012 0.450963
14.67 -0.142327 -0.142185 0.452504
14.68 -0.144022 -0.143879 0.453768
14.69 -0.145348 -0.145206 0.454757
14.7 -0.146278 -0.146138 0.45545
14.71 -0.146762 -0.146618 0.45581
14.72 -0.146762 -0.146618 0.455303
14.73 -0.146684 -0.146539 0.446631
14.74 -0.145976 -0.145833 0.431963
14.75 -0.143234 -0.143102 0.416101
14.76 -0.139925 -0.139809 0.401157
14.77 -0.136792 -0.13669 0.388313
14.78 -0.133922 -0.133827 0.377559
14.79 -0.130948 -0.130865 0.36811
14.8 -0.125256 -0.125207 0.359938
14.81 -0.1187 -0.118673 0.350598
14.82 -0.111033 -0.111022 0.339782
14.83 -0.102479 -0.102499 0.327858
14.84 -0.0934475 -0.0934975 0.315431
14.85 -0.084344 -0.0844235 0.303081
14.86 -0.0755217 -0.0756247 0.291284
14.87 -0.0672869 -0.067406 0.280427
14.88 -0.0599235 -0.0600642 0.270849
14.89 -0.0536963 -0.0538563 0.262848
14.9 -0.048829 -0.0489983 0.256658
14.91 -0.0454802 -0.0456563 0.252434
14.92 -0.0437316 -0.0439084 0.250241
14.93 -0.0435853 -0.0437639 0.250058
14.94 -0.0435852 -0.0437624 0.252519
14.95 -0.0435847 -0.0437612 0.257295
14.96 -0.0435821 -0.0437594 0.263585
14.97 -0.0435795 -0.0437562 0.270717
14.98 -0.0435734 -0.0437489 0.276788
14.99 -0.0435694 -0.0437415 0.280936
15 -0.0435685 -0.0437402 0.282083
15.01 -0.0435564 -0.0437288 0.280151
15.02 -0.0434987 -0.0436715 0.276774
15.03 -0.0434121 -0.043585 0.273957
15.04 -0.0433186 -0.0434911 0.272818
15.05 -0.0433186 -0.0434915 0.273315
15.06 -0.0433185 -0.0434918 0.274794
15.07 -0.0433184 -0.0434919 0.276405
15.08 -0.0433184 -0.0434913 0.277578
15.09 -0.0433184 -0.0434913 0.278164
15.1 -0.0433183 -0.0434914 0.278353
15.11 -0.0433183 -0.0434916 0.278458
15.12 -0.0433183 -0.0434915 0.278726
15.13 -0.0433183 -0.0434912 0.279303
15.14 -0.0433183 -0.0434913 0.280277
15.15 -0.0433179 -0.0434914 0.281924
15.16 -0.0433158 -0.0434906 0.284616
15.17 -0.0433127 -0.043488 0.289152
15.18 -0.043309 -0.0434777 0.295686
15.19 -0.0433056 -0.0434687 0.305055
15.2 -0.0433109 -0.0434589 0.314304
15.21 -0.0433109 -0.0434589 0.314304
15.22 -0.0433109 -0.0434589 0.314304
15.23 -0.0433109 -0.0434589 0.314304
15.24 -0.0433109 -0.0434589 0.314304
15.25 -0.0433109 -0.0434589 0.314304
15.26 -0.0433109 -0.0434589 0.314304
15.27 -0.0441192 -0.044223 0.368654
15.28 -0.0482405 -0.0482927 0.382395
15.29 -0.0516908 -0.0517242 0.384963
15.3 -0.0540326 -0.0540561 0.386706
15.31 -0.0556498 -0.0556646 0.38791
15.32 -0.0567967 -0.0568047 0.388764
15.33 -0.0576542 -0.0576576 0.389402
15.34 -0.0583513 -0.0583532 0.389921
15.35 -0.0589791 -0.0589788 0.390389
15.36 -0.059601 -0.0595975 0.390852
15.37 -0.0602593 -0.0602518 0.391342
15.38 -0.0609804 -0.0609706 0.391879
15.39 -0.0617789 -0.0617668 0.392474
15.4 -0.0626598 -0.0626444 0.39313
15.41 -0.0636214 -0.0636017 0.393846
15.42 -0.0646562 -0.0646324 0.394616
15.43 -0.065753 -0.065726 0.395433
15.44 -0.0668974 -0.0668669 0.396286
15.45 -0.0680733 -0.0680387 0.397162
15.46 -0.0692632 -0.0692245 0.398048
15.47 -0.070449 -0.0704069 0.398931
15.48 -0.0716127 -0.0715676 0.399798
15.49 -0.0727363 -0.0726882 0.400635
15.5 -0.073803 -0.0737516 0.40143
15.51 -0.0747964 -0.0747423 0.40217
15.52 -0.0757019 -0.0756456 0.402845
15.53 -0.0765058 -0.0764477 0.403444
15.54 -0.077183 -0.0771258 0.403949
15.55 -0.0777054 -0.077647 0.404338
15.56 -0.0780718 -0.0780094 0.40461
15.57 -0.0782708 -0.078208 0.404759
15.58 -0.0782708 -0.0782076 0.404148
15.59 -0.078243 -0.0781788 0.399075
15.6 -0.0780129 -0.07795 0.39013
15.61 -0.0774348 -0.0773753 0.379185
15.62 -0.0758564 -0.0758037 0.368839
15.63 -0.0742544 -0.0742075 0.359284
15.64 -0.0727166 -0.0726726 0.350944
15.65 -0.0712542 -0.0712181 0.343704
15.66 -0.0698151 -0.069787 0.337169
15.67 -0.0683215 -0.0683015 0.330941
15.68 -0.0653548 -0.0653428 0.325549
15.69 -0.061851 -0.061848 0.320176
15.7 -0.0581819 -0.0581952 0.314587
15.71 -0.0545188 -0.0545454 0.309044
15.72 -0.0511271 -0.0511634 0.303945
15.73 -0.048249 -0.0482928 0.299646
15.74 -0.0460239 -0.0460724 0.296339
15.75 -0.0444951 -0.0445515 0.294078
15.76 -0.0436523 -0.0437112 0.292834
15.77 -0.0434598 -0.0435172 0.29255
15.78 -0.0434598 -0.0435148 0.293393
15.79 -0.0434597 -0.0435149 0.295081
15.8 -0.0434597 -0.0435174 0.296904
15.81 -0.0434597 -0.0435184 0.298274
15.82 -0.0434597 -0.0435165 0.299001
15.83 -0.0434597 -0.0435148 0.299245
15.84 -0.0434597 -0.0435162 0.29932
15.85 -0.0434597 -0.0435176 0.299499
15.86 -0.0434597 -0.0435174 0.299905
15.87 -0.0434597 -0.0435158 0.300497
15.88 -0.0434596 -0.0435154 0.301165
15.89 -0.0434596 -0.0435166 0.3018
15.9 -0.0434596 -0.0435171 0.302344
15.91 -0.0434596 -0.0435163 0.302801
15.92 -0.0434596 -0.0435155 0.30321
15.93 -0.0434596 -0.0435158 0.303613
15.94 -0.0434596 -0.0435166 0.304036
15.95 -0.0434596 -0.0435166 0.304487
15.96 -0.0434596 -0.0435158 0.304954
15.97 -0.0434596 -0.0435156 0.305419
15.98 -0.0434596 -0.043516 0.305872
15.99 -0.0434596 -0.0435164 0.30632
16 -0.0434596 -0.0435162 0.309345
16.01 -0.043461 -0.0435136 0.309345
16.02 -0.043461 -0.0435136 0.309345
16.03 -0.043461 -0.0435136 0.309345
16.04 -0.043461 -0.0435136 0.309345
16.05 -0.043461 -0.0435136 0.309345
16.06 -0.0435801 -0.0436312 0.35104
16.07 -0.045608 -0.0456286 0.380424
16.08 -0.048411 -0.0484179 0.382511
16.09 -0.0499367 -0.0499344 0.383646
16.1 -0.050609 -0.0506047 0.384147
16.11 -0.0507044 -0.050702 0.384218
16.12 -0.050694 -0.0506907 0.380671
16.13 -0.0506515 -0.0506475 0.375672
16.14 -0.0505607 -0.0505565 0.372051
16.15 -0.0505297 -0.0505267 0.370866
16.16 -0.0505299 -0.0505274 0.371633
16.17 -0.0505299 -0.0505274 0.371633
16.18 -0.0505299 -0.0505274 0.371633
16.19 -0.0505299 -0.0505274 0.371633
16.2 -0.0505299 -0.0505274 0.371633
16.21 -0.0505299 -0.0505274 0.371633
16.22 -0.0505299 -0.0505274 0.371633
16.23 -0.0505325 -0.0505296 0.376842
16.24 -0.0505384 -0.050536 0.380155
16.25 -0.0505407 -0.0505387 0.380941
16.26 -0.0505398 -0.0505375 0.379852
16.27 -0.0505338 -0.0505312 0.378162
16.28 -0.0505275 -0.050525 0.376961
16.29 -0.0505261 -0.050524 0.376692
16.3 -0.0505261 -0.050524 0.37719
16.31 -0.0505261 -0.0505238 0.37746
16.32 -0.0505261 -0.0505238 0.37746
16.33 -0.0505261 -0.0505238 0.37746
16.34 -0.0505261 -0.0505238 0.37746
16.35 -0.0505261 -0.0505238 0.37746
16.36 -0.0505261 -0.0505238 0.37746
16.37 -0.0505261 -0.0505245 0.377011
16.38 -0.0505197 -0.0505181 0.375485
16.39 -0.0504853 -0.050482 0.372406
16.4 -0.0503623 -0.0503607 0.367672
16.41 -0.0501742 -0.0501754 0.361506
16.42 -0.0494268 -0.0494301 0.355141
16.43 -0.0485831 -0.0485875 0.348444
16.44 -0.0476958 -0.0477038 0.341941
16.45 -0.0468176 -0.0468297 0.336025
16.46 -0.0459848 -0.0460016 0.330862
16.47 -0.0452163 -0.045235 0.32646
16.48 -0.0445208 -0.0445415 0.322757
16.49 -0.0439058 -0.0439302 0.319692
16.5 -0.0433816 -0.0434078 0.317229
16.51 -0.0429609 -0.0429884 0.315348
16.52 -0.0426544 -0.0426827 0.314032
16.53 -0.0422867 -0.0423164 0.313359
16.54 -0.0421162 -0.0421478 0.313085
16.55 -0.0421162 -0.0421457 0.313197
16.56 -0.0421162 -0.0421436 0.313804
16.57 -0.0421163 -0.0421475 0.31384
16.58 -0.0421163 -0.0421475 0.31384
16.59 -0.0421163 -0.0421475 0.31384
16.6 -0.0421163 -0.0421475 0.31384
16.61 -0.0421163 -0.0421475 0.31384
16.62 -0.0421163 -0.0421475 0.31384
16.63 -0.0421163 -0.0421475 0.31384
16.64 -0.0421163 -0.0421475 0.31384
16.65 -0.0421163 -0.0421475 0.31384
16.66 -0.0421163 -0.0421475 0.31384
16.67 -0.0421163 -0.0421475 0.31384
16.68 -0.0421163 -0.0421475 0.31384
16.69 -0.0421163 -0.0421475 0.31384
16.7 -0.0421163 -0.0421475 0.31384
16.71 -0.0421163 -0.0421475 0.31384
16.72 -0.0421163 -0.0421475 0.31384
16.73 -0.0421163 -0.0421475 0.31384
16.74 -0.0421163 -0.0421475 0.31384
16.75 -0.0421163 -0.0421475 0.31384
16.76 -0.0421163 -0.0421475 0.31384
16.77 -0.0421163 -0.0421475 0.31384
16.78 -0.0421163 -0.0421475 0.31384
16.79 -0.0421213 -0.0421526 0.32762
16.8 -0.042175 -0.0422058 0.343342
16.81 -0.0422856 -0.0423163 0.358285
16.82 -0.0424002 -0.0424301 0.369739
16.83 -0.0424676 -0.0424933 0.375428
16.84 -0.0424676 -0.0424931 0.37516
16.85 -0.042452 -0.0424801 0.3705
16.86 -0.0423788 -0.0424076 0.365142
16.87 -0.0422975 -0.0423258 0.361669
16.88 -0.042277 -0.0423035 0.360832
16.89 -0.0422772 -0.0423039 0.361588
16.9 -0.0422772 -0.0423039 0.361588
16.91 -0.0422772 -0.0423039 0.361588
16.92 -0.0422772 -0.0423039 0.361588
16.93 -0.0422772 -0.0423039 0.361588
16.94 -0.0422772 -0.0423039 0.361588
16.95 -0.0422772 -0.0423039 0.361588
16.96 -0.0422772 -0.0423039 0.361588
16.97 -0.0422793 -0.0423052 0.366094
16.98 -0.0422823 -0.0423085 0.368958
16.99 -0.0422841 -0.0423109 0.369604
17 -0.0422835 -0.0423104 0.368634
17.01 -0.0422791 -0.0423055 0.367157
17.02 -0.042274 -0.0423001 0.366113
17.03 -0.0422729 -0.0422994 0.365881
17.04 -0.0422729 -0.0422997 0.366317
17.05 -0.0422729 -0.0422993 0.366636
17.06 -0.0422729 -0.0422993 0.366636
17.07 -0.0422729 -0.0422993 0.366636
17.08 -0.0422729 -0.0422993 0.366636
17.09 -0.0422729 -0.0422993 0.366636
17.1 -0.0422729 -0.0422993 0.366636
17.11 -0.0422729 -0.0422996 0.366151
17.12 -0.0422674 -0.0422941 0.36477
17.13 -0.0422545 -0.042281 0.362198
17.14 -0.0421688 -0.0421945 0.358591
17.15 -0.0420578 -0.0420845 0.354233
17.16 -0.041672 -0.0417016 0.349987
17.17 -0.0412041 -0.0412352 0.345861
17.18 -0.0407351 -0.0407664 0.341935
17.19 -0.0402827 -0.0403148 0.338341
17.2 -0.0398606 -0.0398954 0.335153
17.21 -0.039474 -0.0395106 0.332367
17.22 -0.0391222 -0.0391597 0.329938
17.23 -0.0388051 -0.0388429 0.327833
17.24 -0.0385267 -0.0385658 0.326049
17.25 -0.0382952 -0.0383357 0.324611
17.26 -0.0381196 -0.0381608 0.323548
17.27 -0.0380058 -0.038047 0.322872
17.28 -0.037955 -0.0379966 0.322574
17.29 -0.037955 -0.0379957 0.322631
17.3 -0.037955 -0.037995 0.32304
17.31 -0.0379551 -0.0379967 0.323323
17.32 -0.0379551 -0.0379967 0.323323
17.33 -0.0379551 -0.0379967 0.323323
17.34 -0.0379551 -0.0379967 0.323323
17.35 -0.0379551 -0.0379967 0.323323
17.36 -0.0379551 -0.0379967 0.323323
17.37 -0.0379551 -0.0379967 0.323323
17.38 -0.0379551 -0.0379967 0.323323
17.39 -0.0379551 -0.0379967 0.323323
17.4 -0.0379551 -0.0379967 0.323323
17.41 -0.0379551 -0.0379967 0.323323
17.42 -0.0379551 -0.0379967 0.323323
17.43 -0.0379551 -0.0379967 0.323323
17.44 -0.0379551 -0.0379967 0.323323
17.45 -0.0379551 -0.0379967 0.323323
17.46 -0.0379551 -0.0379967 0.323323
17.47 -0.0379551 -0.0379967 0.323323
17.48 -0.0379551 -0.0379967 0.323323
17.49 -0.0379551 -0.0379967 0.323323
17.5 -0.0379551 -0.0379967 0.323323
17.51 -0.0379551 -0.0379967 0.323323
17.52 -0.0379551 -0.0379967 0.323323
17.53 -0.0379601 -0.0380017 0.33304
17.54 -0.03798 -0.0380215 0.344713
17.55 -0.038064 -0.0381044 0.354986
17.56 -0.0381429 -0.0381833 0.362903
17.57 -0.0381907 -0.0382296 0.367142
17.58 -0.0381955 -0.0382322 0.36754
17.59 -0.0381902 -0.0382278 0.364941
17.6 -0.0381751 -0.038214 0.361554
17.61 -0.0381488 -0.038188 0.359209
17.62 -0.0381342 -0.0381722 0.358563
17.63 -0.0381342 -0.0381716 0.35929
17.64 -0.0381343 -0.0381722 0.359312
17.65 -0.0381343 -0.0381722 0.359312
17.66 -0.0381343 -0.0381722 0.359312
17.67 -0.0381343 -0.0381722 0.359312
17.68 -0.0381343 -0.0381722 0.359312
17.69 -0.0381343 -0.0381722 0.359312
17.7 -0.0381343 -0.0381722 0.359312
17.71 -0.0381354 -0.0381728 0.361996
17.72 -0.0381364 -0.0381734 0.363675
17.73 -0.0381366 -0.0381739 0.363994
17.74 -0.0381366 -0.0381743 0.363307
17.75 -0.0381342 -0.0381716 0.362351
17.76 -0.0381325 -0.03817 0.361717
17.77 -0.0381316 -0.038169 0.361543
17.78 -0.0381316 -0.0381692 0.361644
17.79 -0.0381316 -0.0381693 0.361753
17.8 -0.0381316 -0.0381688 0.361596
17.81 -0.0381286 -0.0381659 0.36089
17.82 -0.0381214 -0.0381592 0.359366
17.83 -0.0380815 -0.0381193 0.356956
17.84 -0.0380076 -0.038045 0.353786
17.85 -0.0379197 -0.0379572 0.350175
17.86 -0.0378265 -0.0378648 0.346546
17.87 -0.0375638 -0.0376038 0.343465
17.88 -0.0372629 -0.0373041 0.340796
17.89 -0.0369843 -0.037025 0.338413
17.9 -0.0367278 -0.0367693 0.336293
17.91 -0.0364958 -0.0365389 0.334434
17.92 -0.0362888 -0.0363327 0.332821
17.93 -0.0361052 -0.0361495 0.331427
17.94 -0.0359446 -0.035989 0.330233
17.95 -0.0358087 -0.0358537 0.329243
17.96 -0.035701 -0.0357468 0.328472
17.97 -0.0356257 -0.0356722 0.327939
17.98 -0.0355855 -0.0356303 0.327657
17.99 -0.0355802 -0.035625 0.32762
18 -0.0355802 -0.0356267 0.327848
18.01 -0.0355802 -0.0356268 0.328333
18.02 -0.0355805 -0.0356254 0.328365
18.03 -0.0355805 -0.0356254 0.328365
18.04 -0.0355805 -0.0356254 0.328365
18.05 -0.0355805 -0.0356254 0.328365
18.06 -0.0355805 -0.0356254 0.328365
18.07 -0.0355805 -0.0356254 0.328365
18.08 -0.0355805 -0.0356254 0.328365
18.09 -0.0355805 -0.0356254 0.328365
18.1 -0.0355805 -0.0356254 0.328365
18.11 -0.0355805 -0.0356254 0.328365
18.12 -0.0355805 -0.0356254 0.328365
18.13 -0.0355805 -0.0356254 0.328365
18.14 -0.0355805 -0.0356254 0.328365
18.15 -0.0355805 -0.0356254 0.328365
18.16 -0.0355805 -0.0356254 0.328365
18.17 -0.0355805 -0.0356254 0.328365
18.18 -0.0355805 -0.0356254 0.328365
18.19 -0.0355805 -0.0356254 0.328365
18.2 -0.0355805 -0.0356254 0.328365
18.21 -0.0355805 -0.0356254 0.328365
18.22 -0.0355805 -0.0356254 0.328365
18.23 -0.0355805 -0.0356254 0.328365
18.24 -0.0355862 -0.035631 0.337666
18.25 -0.0356045 -0.0356492 0.348365
18.26 -0.0356847 -0.0357292 0.35765
18.27 -0.0357593 -0.035802 0.364624
18.28 -0.0357965 -0.0358374 0.367769
18.29 -0.0357965 -0.0358383 0.367043
18.3 -0.0357861 -0.0358285 0.363822
18.31 -0.0357718 -0.0358145 0.360441
18.32 -0.0357331 -0.035775 0.358512
18.33 -0.0357278 -0.0357694 0.358264
18.34 -0.035728 -0.0357699 0.359009
18.35 -0.035728 -0.0357699 0.359009
18.36 -0.035728 -0.0357699 0.359009
18.37 -0.035728 -0.0357699 0.359009
18.38 -0.035728 -0.0357699 0.359009
18.39 -0.035728 -0.0357699 0.359009
18.4 -0.035728 -0.0357699 0.359009
18.41 -0.035728 -0.0357699 0.359009
18.42 -0.035728 -0.0357699 0.359009
18.43 -0.035728 -0.0357699 0.359009
18.44 -0.035728 -0.0357695 0.358846
18.45 -0.035728 -0.0357693 0.3583
18.46 -0.0357096 -0.035751 0.357402
18.47 -0.0356838 -0.0357256 0.356207
18.48 -0.0356536 -0.0356956 0.354829
18.49 -0.0356209 -0.0356627 0.353365
18.5 -0.0355866 -0.0356285 0.351865
18.51 -0.035551 -0.035593 0.350337
18.52 -0.0355135 -0.0355557 0.348768
18.53 -0.0354737 -0.0355159 0.347141
18.54 -0.0353923 -0.0354345 0.3455
18.55 -0.0352256 -0.0352686 0.343874
18.56 -0.035041 -0.0350854 0.342113
18.57 -0.0348391 -0.0348835 0.340231
18.58 -0.0346246 -0.034669 0.338285
18.59 -0.034406 -0.0344513 0.336355
18.6 -0.0341936 -0.0342399 0.334534
18.61 -0.033998 -0.0340452 0.332903
18.62 -0.0338273 -0.0338745 0.331515
18.63 -0.0336883 -0.033736 0.330409
18.64 -0.0335867 -0.0336335 0.329616
18.65 -0.0335263 -0.0335737 0.32915
18.66 -0.0335089 -0.0335575 0.329018
18.67 -0.0335089 -0.0335579 0.329252
18.68 -0.0335089 -0.0335571 0.32976
18.69 -0.0335089 -0.0335571 0.32976
18.7 -0.0335089 -0.0335571 0.32976
18.71 -0.0335089 -0.0335571 0.32976
18.72 -0.0335089 -0.0335571 0.32976
18.73 -0.0335089 -0.0335571 0.32976
18.74 -0.0335089 -0.0335571 0.32976
18.75 -0.0335089 -0.0335571 0.32976
18.76 -0.0335089 -0.0335571 0.32976
18.77 -0.0335089 -0.0335571 0.32976
18.78 -0.0335089 -0.0335571 0.32976
18.79 -0.0335089 -0.0335571 0.32976
18.8 -0.0335089 -0.0335571 0.32976
18.81 -0.0335089 -0.0335571 0.32976
18.82 -0.0335089 -0.0335571 0.32976
18.83 -0.0335089 -0.0335571 0.32976
18.84 -0.0335089 -0.0335571 0.32976
18.85 -0.0335089 -0.0335571 0.32976
18.86 -0.0335089 -0.0335571 0.32976
18.87 -0.0335105 -0.0335585 0.335498
18.88 -0.0335184 -0.0335663 0.340845
18.89 -0.0335272 -0.0335752 0.345442
18.9 -0.0335346 -0.0335825 0.34895
18.91 -0.0335461 -0.0335938 0.35128
18.92 -0.0335617 -0.0336089 0.35285
18.93 -0.033576 -0.0336236 0.354263
18.94 -0.0335904 -0.0336383 0.35565
18.95 -0.0336019 -0.0336483 0.356726
18.96 -0.0336067 -0.0336522 0.35717
18.97 -0.0336067 -0.0336531 0.356939
18.98 -0.0336063 -0.0336535 0.356279
18.99 -0.0336046 -0.0336515 0.355602
19 -0.0336035 -0.0336496 0.355182
19.01 -0.0336033 -0.0336493 0.35508
19.02 -0.0336033 -0.03365 0.355199
19.03 -0.0336033 -0.0336503 0.355368
19.04 -0.0336033 -0.0336497 0.35545
19.05 -0.0336033 -0.0336494 0.355411
19.06 -0.0336033 -0.0336497 0.355305
19.07 -0.0336033 -0.0336498 0.355215
19.08 -0.0336033 -0.0336502 0.355191
19.09 -0.0336033 -0.03365 0.355236
19.1 -0.0336033 -0.0336494 0.355308
19.11 -0.0336033 -0.0336496 0.355352
19.12 -0.0336033 -0.0336501 0.355328
19.13 -0.0336033 -0.0336501 0.35521
19.14 -0.033603 -0.0336493 0.354962
19.15 -0.033601 -0.0336471 0.354507
19.16 -0.0335975 -0.0336442 0.353733
19.17 -0.033592 -0.0336389 0.352535
19.18 -0.0335843 -0.0336309 0.35087
19.19 -0.0335573 -0.0336036 0.348811
19.2 -0.0335041 -0.0335502 0.346494
19.21 -0.0334461 -0.033493 0.344058
19.22 -0.0333872 -0.0334348 0.341681
19.23 -0.0333311 -0.0333791 0.339502
19.24 -0.0332803 -0.0333279 0.337601
19.25 -0.0332363 -0.0332835 0.33601
19.26 -0.0331411 -0.0331894 0.334798
19.27 -0.0330322 -0.0330811 0.333853
19.28 -0.0329426 -0.0329914 0.333088
19.29 -0.0328727 -0.0329218 0.332497
19.3 -0.0328256 -0.0328739 0.332104
19.31 -0.0328038 -0.0328521 0.331923
19.32 -0.0328038 -0.0328536 0.331941
19.33 -0.0328038 -0.0328538 0.332155
19.34 -0.0328038 -0.0328528 0.332539
19.35 -0.0328039 -0.0328521 0.332664
19.36 -0.0328039 -0.0328521 0.332664
19.37 -0.0328039 -0.0328521 0.332664
19.38 -0.0328039 -0.0328521 0.332664
19.39 -0.0328039 -0.0328521 0.332664
19.4 -0.0328039 -0.0328521 0.332664
19.41 -0.0328039 -0.0328521 0.332664
19.42 -0.0328039 -0.0328521 0.332664
19.43 -0.0328039 -0.0328521 0.332664
19.44 -0.0328039 -0.0328521 0.332664
19.45 -0.0328039 -0.0328521 0.332664
19.46 -0.0328039 -0.0328521 0.332664
19.47 -0.0328039 -0.0328521 0.332664
19.48 -0.0328039 -0.0328521 0.332664
19.49 -0.0328039 -0.0328521 0.332664
19.5 -0.0328039 -0.0328521 0.332664
19.51 -0.0328039 -0.0328521 0.332664
19.52 -0.0328039 -0.0328521 0.332664
19.53 -0.0328039 -0.0328521 0.332664
19.54 -0.0328039 -0.0328521 0.332664
19.55 -0.0328039 -0.0328521 0.332664
19.56 -0.0328054 -0.0328536 0.337821
19.57 -0.0328148 -0.0328628 0.344068
19.58 -0.0328275 -0.0328753 0.350192
19.59 -0.0328494 -0.032897 0.354744
19.6 -0.0328762 -0.0329242 0.357287
19.61 -0.0328854 -0.0329329 0.358119
19.62 -0.0328854 -0.0329316 0.357454
19.63 -0.0328821 -0.0329284 0.356012
19.64 -0.0328766 -0.032924 0.354696
19.65 -0.0328736 -0.0329212 0.354016
19.66 -0.0328736 -0.0329206 0.354011
19.67 -0.0328736 -0.03292 0.354403
19.68 -0.0328736 -0.0329204 0.354752
19.69 -0.0328736 -0.0329204 0.354752
19.7 -0.0328736 -0.0329204 0.354752
19.71 -0.0328736 -0.0329204 0.354752
19.72 -0.0328736 -0.0329203 0.354681
19.73 -0.0328736 -0.0329205 0.354572
19.74 -0.0328736 -0.0329211 0.354473
19.75 -0.0328736 -0.032921 0.354402
19.76 -0.0328736 -0.0329202 0.354338
19.77 -0.0328736 -0.0329203 0.354252
19.78 -0.0328736 -0.0329208 0.354115
19.79 -0.032873 -0.0329205 0.353885
19.8 -0.0328713 -0.0329184 0.353503
19.81 -0.0328687 -0.0329152 0.352905
19.82 -0.0328648 -0.0329118 0.35204
19.83 -0.0328595 -0.0329071 0.350875
19.84 -0.0328304 -0.0328779 0.349445
19.85 -0.0327927 -0.0328398 0.347743
19.86 -0.0327494 -0.0327963 0.345847
19.87 -0.0327033 -0.0327509 0.343883
19.88 -0.0326571 -0.0327051 0.341978
19.89 -0.0326133 -0.0326614 0.340226
19.9 -0.0325734 -0.0326218 0.338676
19.91 -0.0325379 -0.0325861 0.337337
19.92 -0.0324854 -0.0325338 0.336226
19.93 -0.0323888 -0.0324377 0.335348
19.94 -0.0323035 -0.0323529 0.334583
19.95 -0.0322306 -0.0322791 0.333937
19.96 -0.032174 -0.032222 0.33344
19.97 -0.0321379 -0.0321876 0.333126
19.98 -0.0321252 -0.0321757 0.333016
19.99 -0.0321252 -0.0321749 0.333131
20 -0.0321252 -0.0321741 0.333468
