0.01 -21.4594 -34.335 2.40316
0.02 -21.4594 -34.335 2.3996
0.03 -21.4594 -34.3349 2.37911
0.04 -21.4595 -34.3344 2.30464
0.05 -21.4612 -34.3304 2.11388
0.06 -21.4734 -34.3025 1.74993
0.07 -21.4978 -34.2462 1.18221
0.08 -21.5906 -34.043 0.44573
0.09 -21.7024 -33.7859 -0.39169
0.1 -21.8479 -33.4402 -1.29771
0.11 -22.1213 -32.819 -2.1886
0.12 -22.3779 -32.2085 -2.97839
0.13 -22.6021 -31.6359 -3.70392
0.14 -22.7973 -31.1072 -4.40341
0.15 -22.9753 -30.6024 -5.10967
0.16 -23.153 -30.0926 -5.85107
0.17 -23.403 -29.4211 -6.45726
0.18 -23.729 -28.5896 -6.92964
0.19 -23.969 -27.9134 -7.30046
0.2 -24.1357 -27.3663 -7.61295
0.21 -24.2456 -26.9349 -7.895
0.22 -24.3131 -26.5887 -8.16349
0.23 -24.3499 -26.3053 -8.42852
0.24 -24.3646 -26.0622 -8.69608
0.25 -24.364 -25.8468 -8.97059
0.26 -24.3541 -25.6555 -9.25618
0.27 -24.3397 -25.4763 -9.55544
0.28 -24.3251 -25.2995 -9.86945
0.29 -24.3158 -25.1139 -10.1276
0.3 -24.3167 -24.9094 -10.2611
0.31 -24.3008 -24.7432 -10.3955
0.32 -24.2728 -24.605 -10.5318
0.33 -24.2361 -24.4865 -10.6702
0.34 -24.1935 -24.3838 -10.8111
0.35 -24.1473 -24.2947 -10.9547
0.36 -24.0993 -24.2162 -11.1008
0.37 -24.0508 -24.1457 -11.2488
0.38 -24.0029 -24.081 -11.3981
0.39 -23.9564 -24.0224 -11.5481
0.4 -23.9122 -23.9699 -11.6979
0.41 -23.8708 -23.9225 -11.8463
0.42 -23.8326 -23.8793 -11.9919
0.43 -23.7978 -23.8404 -12.1329
0.44 -23.7669 -23.8066 -12.2675
0.45 -23.7402 -23.7779 -12.3923
0.46 -23.7189 -23.7548 -12.4996
0.47 -23.7057 -23.7403 -12.5697
0.48 -23.7057 -23.74 -12.4539
0.49 -23.7032 -23.7376 -10.658
0.5 -23.6882 -23.7229 -8.78797
0.51 -23.6594 -23.6941 -7.20555
0.52 -23.6092 -23.644 -5.51504
0.53 -23.5102 -23.5455 -4.51132
0.54 -23.3909 -23.427 -3.41963
0.55 -23.2524 -23.2889 -2.26208
0.56 -23.0959 -23.133 -1.04407
0.57 -22.9234 -22.9611 0.236243
0.58 -22.7145 -22.7521 1.01958
0.59 -22.4831 -22.5205 1.47546
0.6 -22.2468 -22.284 1.94238
0.61 -22.0072 -22.0436 2.41948
0.62 -21.7662 -21.802 2.90662
0.63 -21.5253 -21.5608 3.40452
0.64 -21.286 -21.3213 3.91486
0.65 -21.0496 -21.0844 4.4403
0.66 -20.8173 -20.8514 4.98442
0.67 -20.591 -20.6242 5.55162
0.68 -20.3702 -20.4025 6.03596
0.69 -20.1534 -20.1838 6.27016
0.7 -19.9396 -19.9683 6.5141
0.71 -19.7299 -19.757 6.76869
0.72 -19.5259 -19.5517 7.035
0.73 -19.329 -19.3536 7.31424
0.74 -19.1408 -19.1641 7.60782
0.75 -18.9629 -18.9847 7.91742
0.76 -18.7971 -18.8174 8.24496
0.77 -18.6454 -18.6642 8.59268
0.78 -18.5097 -18.527 8.96308
0.79 -18.3922 -18.4077 9.35897
0.8 -18.2974 -18.3106 9.78474
0.81 -18.2255 -18.2364 10.2425
0.82 -18.1791 -18.1876 10.734
0.83 -18.1605 -18.1657 11.1309
0.84 -18.1551 -18.1574 11.1996
0.85 -18.153 -18.154 11.2711
0.86 -18.1592 -18.1595 11.3485
0.87 -18.1816 -18.1815 11.4365
0.88 -18.2208 -18.2202 11.5357
0.89 -18.2771 -18.276 11.6463
0.9 -18.3508 -18.3493 11.7687
0.91 -18.4423 -18.4404 11.9032
0.92 -18.5518 -18.5494 12.05
0.93 -18.6794 -18.6765 12.2092
0.94 -18.8251 -18.8217 12.381
0.95 -18.9888 -18.9849 12.5653
0.96 -19.1703 -19.1658 12.762
0.97 -19.369 -19.364 12.9707
0.98 -19.5844 -19.5788 13.1909
0.99 -19.8152 -19.8089 13.4218
1 -20.0601 -20.0532 13.6622
1.01 -20.3174 -20.3099 13.9109
1.02 -20.5852 -20.577 14.1366
1.03 -20.8541 -20.8451 14.3383
1.04 -21.1192 -21.1097 14.5372
1.05 -21.3789 -21.369 14.7319
1.06 -21.6303 -21.62 14.9204
1.07 -21.8697 -21.8584 15.0998
1.08 -22.0912 -22.0812 15.2661
1.09 -22.2835 -22.2753 15.4106
1.1 -22.4262 -22.4137 15.5167
1.11 -22.4782 -22.4637 15.5552
1.12 -22.2359 -22.2317 13.5699
1.13 -20.605 -20.632 10.559
1.14 -18.7872 -18.8461 8.21609
1.15 -17.9334 -17.9847 6.79874
1.16 -17.8835 -17.9127 5.82793
1.17 -17.7983 -17.8178 4.61943
1.18 -17.6617 -17.6737 3.19744
1.19 -17.4656 -17.4736 2.06077
1.2 -17.2238 -17.2281 1.51067
1.21 -16.9685 -16.9705 0.95872
1.22 -16.7005 -16.7034 0.401046
1.23 -16.4187 -16.4203 -0.166571
1.24 -16.126 -16.1285 -0.74418
1.25 -15.8242 -15.827 -1.33789
1.26 -15.52 -15.523 -1.94487
1.27 -15.2075 -15.2105 -2.23956
1.28 -14.8962 -14.8988 -2.48492
1.29 -14.5891 -14.592 -2.73138
1.3 -14.2874 -14.2903 -2.97972
1.31 -13.9926 -13.9954 -3.23082
1.32 -13.7063 -13.7089 -3.48575
1.33 -13.4305 -13.4331 -3.74581
1.34 -13.1672 -13.1696 -4.0124
1.35 -12.9186 -12.921 -4.28723
1.36 -12.6892 -12.6914 -4.57241
1.37 -12.4794 -12.4813 -4.87015
1.38 -12.2916 -12.2934 -5.18304
1.39 -12.1282 -12.1298 -5.51393
1.4 -11.9916 -11.993 -5.86545
1.41 -11.8847 -11.8857 -6.23797
1.42 -11.8032 -11.8039 -6.35892
1.43 -11.7283 -11.7288 -6.37795
1.44 -11.658 -11.6584 -6.39894
1.45 -11.5921 -11.5924 -6.42198
1.46 -11.5307 -11.5309 -6.44713
1.47 -11.4736 -11.4738 -6.47444
1.48 -11.4211 -11.4213 -6.50391
1.49 -11.373 -11.3731 -6.53552
1.5 -11.3294 -11.3295 -6.56924
1.51 -11.2904 -11.2904 -6.60505
1.52 -11.2558 -11.2558 -6.64286
1.53 -11.2257 -11.2257 -6.68256
1.54 -11.2 -11.1999 -6.724
1.55 -11.1785 -11.1784 -6.76699
1.56 -11.1612 -11.1611 -6.81126
1.57 -11.1479 -11.1477 -6.85644
1.58 -11.1381 -11.1378 -6.90184
1.59 -11.1317 -11.1314 -6.94693
1.6 -11.1284 -11.1281 -6.99068
1.61 -11.1277 -11.1274 -7.03167
1.62 -11.1319 -11.1315 -7.06992
1.63 -11.1387 -11.1382 -7.10218
1.64 -11.1451 -11.1445 -7.12281
1.65 -11.1456 -11.145 -7.12436
1.66 -11.1223 -11.1221 -5.56033
1.67 -11.1075 -11.1074 -4.20736
1.68 -11.07 -11.0701 -3.36828
1.69 -11.0103 -11.0108 -2.63377
1.7 -10.9144 -10.9155 -1.71249
1.71 -10.7912 -10.793 -0.708661
1.72 -10.6219 -10.6242 -0.348846
1.73 -10.4327 -10.4354 0.034467
1.74 -10.2188 -10.2218 0.457894
1.75 -9.98732 -9.99047 0.912739
1.76 -9.74641 -9.7496 1.39522
1.77 -9.51015 -9.51335 1.89409
1.78 -9.27556 -9.27845 2.10039
1.79 -9.04677 -9.04946 2.30081
1.8 -8.82512 -8.82763 2.5078
1.81 -8.6131 -8.61547 2.7233
1.82 -8.41348 -8.41566 2.94987
1.83 -8.23162 -8.23354 3.19106
1.84 -8.06912 -8.07085 3.45082
1.85 -7.93005 -7.93155 3.73395
1.86 -7.81899 -7.82022 4.04565
1.87 -7.74075 -7.7417 4.39051
1.88 -7.69929 -7.6998 4.73584
1.89 -7.68121 -7.68128 4.78143
1.9 -7.66839 -7.66834 4.83131
1.91 -7.66142 -7.6613 4.88625
1.92 -7.66013 -7.65997 4.93122
1.93 -7.66013 -7.65997 4.93122
1.94 -7.66013 -7.65997 4.93122
1.95 -7.66013 -7.65997 4.93122
1.96 -7.66013 -7.65997 4.93122
1.97 -7.67491 -7.67466 5.00018
1.98 -7.73042 -7.72992 5.11283
1.99 -7.83112 -7.83033 5.25766
2 -7.9807 -7.97959 5.43772
2.01 -8.18198 -8.18051 5.65557
2.02 -8.43689 -8.43501 5.91328
2.03 -8.74625 -8.74389 6.21215
2.04 -9.10655 -9.10365 6.50727
2.05 -9.49157 -9.48825 6.79669
2.06 -9.89611 -9.89244 7.10085
2.07 -10.3186 -10.3145 7.4186
2.08 -10.7566 -10.7521 7.74825
2.09 -11.2072 -11.2022 8.08752
2.1 -11.6666 -11.6613 8.43378
2.11 -12.1303 -12.1243 8.78342
2.12 -12.5922 -12.5856 9.13206
2.13 -13.0462 -13.0396 9.47523
2.14 -13.4843 -13.477 9.80645
2.15 -13.8967 -13.8883 10.1184
2.16 -14.2722 -14.2633 10.4028
2.17 -14.5937 -14.5868 10.647
2.18 -14.8255 -14.8207 10.8233
2.19 -14.9168 -14.9048 10.8909
2.2 -14.6805 -14.6721 9.63744
2.21 -13.0936 -13.1183 7.23997
2.22 -11.4743 -11.5206 5.53544
2.23 -10.5991 -10.6543 4.67543
2.24 -9.9516 -10.0112 4.30462
2.25 -9.22864 -9.28951 3.89734
2.26 -7.97741 -8.04735 3.20859
2.27 -6.25763 -6.33487 2.30202
2.28 -6.2367 -6.28789 1.84634
2.29 -6.20005 -6.237 1.37264
2.3 -6.15016 -6.17756 0.991963
2.31 -6.08167 -6.09558 0.816503
2.32 -5.99238 -5.99973 0.605753
2.33 -5.87678 -5.88027 0.351087
2.34 -5.73725 -5.739 0.0609716
2.35 -5.58029 -5.58096 -0.251526
2.36 -5.41603 -5.41696 -0.572103
2.37 -5.24517 -5.24541 -0.704232
2.38 -5.07156 -5.07148 -0.83926
2.39 -4.89669 -4.89636 -0.977927
2.4 -4.72435 -4.72411 -1.12005
2.41 -4.55852 -4.55858 -1.26592
2.42 -4.40283 -4.40287 -1.41637
2.43 -4.26099 -4.26089 -1.57286
2.44 -4.13671 -4.13659 -1.73737
2.45 -4.03343 -4.03341 -1.91206
2.46 -3.95599 -3.95603 -2.09974
2.47 -3.89713 -3.89707 -2.13952
2.48 -3.84236 -3.84216 -2.1437
2.49 -3.79086 -3.79071 -2.14955
2.5 -3.743 -3.74292 -2.15715
2.51 -3.69899 -3.69891 -2.16651
2.52 -3.6589 -3.65875 -2.17769
2.53 -3.62279 -3.62261 -2.19074
2.54 -3.59077 -3.59063 -2.20575
2.55 -3.56286 -3.56276 -2.22273
2.56 -3.53902 -3.53889 -2.24163
2.57 -3.51921 -3.51903 -2.26244
2.58 -3.50337 -3.50319 -2.28511
2.59 -3.49142 -3.49128 -2.30958
2.6 -3.4832 -3.48307 -2.33571
2.61 -3.47851 -3.47834 -2.36328
2.62 -3.47684 -3.47666 -2.39187
2.63 -3.47684 -3.47667 -2.39187
2.64 -3.47684 -3.47667 -2.39187
2.65 -3.47684 -3.47667 -2.39187
2.66 -3.47684 -3.47667 -2.39187
2.67 -3.47684 -3.47667 -2.39187
2.68 -3.47684 -3.47667 -2.39187
2.69 -3.47684 -3.47667 -2.39187
2.7 -3.47684 -3.47667 -2.39187
2.71 -3.47684 -3.47667 -2.39187
2.72 -3.47684 -3.47666 -2.24204
2.73 -3.47492 -3.47478 -1.72026
2.74 -3.46412 -3.46406 -1.20552
2.75 -3.43641 -3.43645 -0.872337
2.76 -3.39456 -3.39476 -0.48123
2.77 -3.33188 -3.33223 -0.150814
2.78 -3.2464 -3.24685 0.0231659
2.79 -3.14655 -3.14709 0.220084
2.8 -3.0363 -3.03693 0.436207
2.81 -2.927 -2.92759 0.66419
2.82 -2.81728 -2.81774 0.761992
2.83 -2.70916 -2.70959 0.860823
2.84 -2.60561 -2.60602 0.967424
2.85 -2.51088 -2.51123 1.08356
2.86 -2.42966 -2.42994 1.21175
2.87 -2.36652 -2.36672 1.3553
2.88 -2.32753 -2.32766 1.51966
2.89 -2.31293 -2.31294 1.63908
2.9 -2.30832 -2.30824 1.66441
2.91 -2.30744 -2.30732 1.68339
2.92 -2.30744 -2.30732 1.68339
2.93 -2.30744 -2.30732 1.68339
2.94 -2.30744 -2.30732 1.68339
2.95 -2.30744 -2.30732 1.68339
2.96 -2.30744 -2.30732 1.68339
2.97 -2.30744 -2.30732 1.68339
2.98 -2.30744 -2.30732 1.68339
2.99 -2.30744 -2.30732 1.68339
3 -2.30744 -2.30732 1.68339
3.01 -2.30744 -2.30732 1.68339
3.02 -2.30744 -2.30732 1.68339
3.03 -2.30744 -2.30732 1.68339
3.04 -2.30744 -2.30732 1.68339
3.05 -2.30744 -2.30732 1.68339
3.06 -2.30744 -2.30732 1.68339
3.07 -2.30744 -2.30732 1.68339
3.08 -2.30744 -2.30732 1.68339
3.09 -2.30744 -2.30732 1.68339
3.1 -2.30744 -2.30732 1.68339
3.11 -2.30744 -2.30732 1.68339
3.12 -2.30744 -2.30732 1.68339
3.13 -2.30744 -2.30732 1.68339
3.14 -2.30744 -2.30732 1.68339
3.15 -2.30744 -2.30732 1.68339
3.16 -2.30744 -2.30732 1.68339
3.17 -2.30744 -2.30732 1.68339
3.18 -2.30744 -2.30732 1.68339
3.19 -2.30744 -2.30732 1.68339
3.2 -2.30744 -2.30732 1.68339
3.21 -2.31196 -2.31193 1.70537
3.22 -2.37025 -2.37002 1.79727
3.23 -2.48637 -2.48583 1.92507
3.24 -2.64643 -2.64621 2.081
3.25 -2.83434 -2.83352 2.25429
3.26 -3.03629 -3.03564 2.43565
3.27 -3.23367 -3.23265 2.61044
3.28 -3.40875 -3.40671 2.74894
3.29 -3.54812 -3.54719 2.85486
3.3 -3.64925 -3.64851 2.93163
3.31 -3.71502 -3.71429 2.98158
3.32 -3.74849 -3.74663 3.00675
3.33 -3.75293 -3.74985 3.00983
3.34 -3.68565 -3.68434 2.5982
3.35 -3.34914 -3.35145 2.05405
3.36 -2.92921 -2.93418 1.55645
3.37 -2.37331 -2.37987 1.1399
3.38 -1.99181 -1.99715 0.814732
3.39 -1.972 -1.97515 0.546256
3.4 -1.93386 -1.93503 0.334499
3.41 -1.88006 -1.87973 0.207552
3.42 -1.8163 -1.81572 0.0701244
3.43 -1.74512 -1.74479 -0.0736186
3.44 -1.6699 -1.66976 -0.205984
3.45 -1.59155 -1.59134 -0.266329
3.46 -1.51298 -1.51248 -0.327048
3.47 -1.43607 -1.43577 -0.388259
3.48 -1.36282 -1.3627 -0.449993
3.49 -1.29512 -1.29502 -0.512545
3.5 -1.23479 -1.2346 -0.576449
3.51 -1.18353 -1.18329 -0.642525
3.52 -1.14259 -1.14247 -0.711854
3.53 -1.11218 -1.11215 -0.759669
3.54 -1.08927 -1.08919 -0.760524
3.55 -1.06784 -1.06769 -0.761966
3.56 -1.04799 -1.04788 -0.764084
3.57 -1.02984 -1.02981 -0.766906
3.58 -1.0134 -1.01338 -0.7704
3.59 -0.998632 -0.998539 -0.77453
3.6 -0.985172 -0.985064 -0.779144
3.61 -0.973447 -0.973364 -0.784409
3.62 -0.96343 -0.963382 -0.790281
3.63 -0.955049 -0.955008 -0.796676
3.64 -0.948197 -0.948114 -0.803484
3.65 -0.942805 -0.942719 -0.810613
3.66 -0.938776 -0.938719 -0.817914
3.67 -0.935951 -0.935914 -0.825181
3.68 -0.934129 -0.934082 -0.832179
3.69 -0.933098 -0.933024 -0.838667
3.7 -0.93266 -0.932593 -0.844403
3.71 -0.932605 -0.932561 -0.849059
3.72 -0.932608 -0.932565 -0.84906
3.73 -0.932608 -0.932565 -0.84906
3.74 -0.932606 -0.93256 -0.804106
3.75 -0.926684 -0.926672 -0.60772
3.76 -0.921685 -0.921681 -0.40992
3.77 -0.90903 -0.909047 -0.265712
3.78 -0.889259 -0.889309 -0.0948331
3.79 -0.856825 -0.856895 -0.0145594
3.8 -0.817233 -0.817337 0.0641262
3.81 -0.77273 -0.772842 0.151553
3.82 -0.726599 -0.726708 0.240588
3.83 -0.678466 -0.678558 0.280901
3.84 -0.631159 -0.631243 0.324469
3.85 -0.587137 -0.587213 0.371958
3.86 -0.549236 -0.549299 0.424457
3.87 -0.523165 -0.523201 0.485017
3.88 -0.508345 -0.508356 0.555771
3.89 -0.504316 -0.504296 0.576801
3.9 -0.503165 -0.503134 0.588333
3.91 -0.503166 -0.503134 0.588334
3.92 -0.503166 -0.503134 0.588334
3.93 -0.503166 -0.503134 0.588334
3.94 -0.503166 -0.503134 0.588334
3.95 -0.503166 -0.503134 0.588334
3.96 -0.503166 -0.503134 0.588334
3.97 -0.503166 -0.503134 0.588334
3.98 -0.503166 -0.503134 0.588334
3.99 -0.503166 -0.503134 0.588334
4 -0.503166 -0.503134 0.588334
4.01 -0.503166 -0.503134 0.588334
4.02 -0.503166 -0.503134 0.588334
4.03 -0.503166 -0.503134 0.588334
4.04 -0.503166 -0.503134 0.588334
4.05 -0.503166 -0.503134 0.588334
4.06 -0.503166 -0.503134 0.588334
4.07 -0.503166 -0.503134 0.588334
4.08 -0.503166 -0.503134 0.588334
4.09 -0.503166 -0.503134 0.588334
4.1 -0.503166 -0.503134 0.588334
4.11 -0.503166 -0.503134 0.588334
4.12 -0.503166 -0.503134 0.588334
4.13 -0.504165 -0.50413 0.594646
4.14 -0.544092 -0.544026 0.650016
4.15 -0.649566 -0.649424 0.752439
4.16 -0.830174 -0.829961 0.9135
4.17 -1.09035 -1.09005 1.11893
4.18 -1.40543 -1.40488 1.35987
4.19 -1.77611 -1.77541 1.64521
4.2 -2.2043 -2.2035 1.97689
4.21 -2.68836 -2.68702 2.35071
4.22 -3.1979 -3.19617 2.73056
4.23 -3.73103 -3.72921 3.12807
4.24 -4.27587 -4.27397 3.53433
4.25 -4.81705 -4.81451 3.93771
4.26 -5.33712 -5.33343 4.32522
4.27 -5.81778 -5.81365 4.68353
4.28 -6.24025 -6.23589 4.99849
4.29 -6.5828 -6.57862 5.25397
4.3 -6.82243 -6.819 5.43284
4.31 -6.9504 -6.94547 5.52789
4.32 -6.97879 -6.97231 5.54867
4.33 -6.64622 -6.64609 4.8689
4.34 -5.78415 -5.79644 3.86512
4.35 -4.77007 -4.79349 3.10487
4.36 -3.99957 -4.03092 2.54359
4.37 -3.18307 -3.22044 1.97538
4.38 -2.21756 -2.26256 1.337
4.39 -1.24335 -1.28955 0.779066
4.4 -0.405285 -0.448972 0.373599
4.41 -0.40771 -0.42742 0.265208
4.42 -0.399013 -0.410381 0.159675
4.43 -0.382046 -0.386263 0.109336
4.44 -0.358496 -0.360031 0.0533014
4.45 -0.329833 -0.330367 -0.00604824
4.46 -0.29806 -0.298238 -0.0551114
4.47 -0.264094 -0.264128 -0.0815067
4.48 -0.229432 -0.229212 -0.108138
4.49 -0.195073 -0.194893 -0.135193
4.5 -0.162794 -0.162621 -0.162325
4.51 -0.134382 -0.134284 -0.189471
4.52 -0.110769 -0.11068 -0.217053
4.53 -0.0924417 -0.0923094 -0.245745
4.54 -0.0792461 -0.0791366 -0.24774
4.55 -0.0673227 -0.0672565 -0.247226
4.56 -0.0562635 -0.0562178 -0.246993
4.57 -0.0460458 -0.0459786 -0.247034
4.58 -0.036693 -0.0366076 -0.24737
4.59 -0.0282488 -0.0281754 -0.248027
4.6 -0.0207373 -0.0206945 -0.249015
4.61 -0.0141211 -0.0140725 -0.250304
4.62 -0.00837903 -0.00831622 -0.251884
4.63 -0.00349872 -0.00343496 -0.253743
4.64 -1.61144e-05 3.22288e-05 -0.34641
4.65 -1.61144e-05 3.22288e-05 -0.34641
4.66 -1.61144e-05 3.22288e-05 -0.34641
4.67 -1.61144e-05 3.22288e-05 -0.34641
4.68 -1.61144e-05 3.22288e-05 -0.34641
4.69 -1.61144e-05 3.22288e-05 -0.34641
4.7 -1.61144e-05 3.22288e-05 -0.34641
4.71 -1.61144e-05 3.22288e-05 -0.34641
4.72 -1.61144e-05 3.22288e-05 -0.34641
4.73 -1.61144e-05 3.22288e-05 -0.34641
4.74 -1.61144e-05 3.22288e-05 -0.34641
4.75 -1.39936e-05 2.79871e-05 -0.288576
4.76 -1.91642e-05 3.83284e-05 -0.152407
4.77 -2.37737e-05 4.75474e-05 0.0387282
4.78 -2.10307e-05 4.20613e-05 0.266179
4.79 -1.08688e-05 2.17376e-05 0.34641
4.8 -1.08688e-05 2.17376e-05 0.34641
4.81 -1.08688e-05 2.17376e-05 0.34641
4.82 -1.08688e-05 2.17376e-05 0.34641
4.83 -1.08688e-05 2.17376e-05 0.34641
4.84 -1.08688e-05 2.17376e-05 0.34641
4.85 -1.08688e-05 2.17376e-05 0.34641
4.86 -1.08688e-05 2.17376e-05 0.34641
4.87 -1.08688e-05 2.17376e-05 0.34641
4.88 -1.08688e-05 2.17376e-05 0.34641
4.89 -1.08688e-05 2.17376e-05 0.34641
4.9 -1.08688e-05 2.17376e-05 0.34641
4.91 -1.08688e-05 2.17376e-05 0.34641
4.92 -1.08688e-05 2.17376e-05 0.34641
4.93 -1.08688e-05 2.17376e-05 0.34641
4.94 -1.08688e-05 2.17376e-05 0.34641
4.95 -1.08688e-05 2.17376e-05 0.34641
4.96 -1.08688e-05 2.17376e-05 0.34641
4.97 -1.08688e-05 2.17376e-05 0.34641
4.98 -1.08688e-05 2.17376e-05 0.34641
4.99 -1.08688e-05 2.17376e-05 0.34641
5 -1.08688e-05 2.17376e-05 0.34641
5.01 -1.08688e-05 2.17376e-05 0.34641
5.02 -1.08688e-05 2.17376e-05 0.34641
5.03 -1.08688e-05 2.17376e-05 0.34641
5.04 -1.08688e-05 2.17376e-05 0.34641
5.05 -1.08688e-05 2.17376e-05 0.34641
5.06 -1.08688e-05 2.17376e-05 0.34641
5.07 -0.17879 -0.178687 0.479703
5.08 -0.402728 -0.402551 0.646668
5.09 -0.678135 -0.677883 0.852013
5.1 -1.01165 -1.01124 1.10067
5.11 -1.41033 -1.40974 1.3979
5.12 -1.88073 -1.87991 1.74861
5.13 -2.4283 -2.42716 2.15684
5.14 -3.05687 -3.05526 2.62542
5.15 -3.76826 -3.76613 3.15576
5.16 -4.56152 -4.5588 3.74712
5.17 -5.43211 -5.42878 4.39614
5.18 -6.37082 -6.3665 5.09587
5.19 -7.36305 -7.35722 5.83537
5.2 -8.38888 -8.38213 6.60007
5.21 -9.42091 -9.41323 7.36939
5.22 -10.4251 -10.4163 8.11789
5.23 -11.3607 -11.3501 8.8151
5.24 -12.1809 -12.168 9.42612
5.25 -12.8341 -12.8222 9.91347
5.26 -13.2587 -13.2458 10.2298
5.27 -13.4145 -13.4008 10.3458
5.28 -12.8024 -12.8011 9.30201
5.29 -10.2562 -10.3028 7.08445
5.3 -8.27209 -8.35698 5.43989
5.31 -6.48964 -6.59687 4.24687
5.32 -4.48712 -4.62057 2.9435
5.33 -2.50548 -2.65144 1.69471
5.34 -0.927647 -1.07792 0.748176
5.35 0.00102478 -0.100025 0.202234
5.36 -0.0126001 -0.0385394 0.0829078
5.37 0.00179112 -0.00358223 0.0248014
5.38 0.00115989 -0.00231978 -0.346404
5.39 0.000438917 -0.000877833 -0.346409
5.4 0.000438917 -0.000877833 -0.346409
5.41 0.000438917 -0.000877833 -0.346409
5.42 0.000438917 -0.000877833 -0.346409
5.43 0.000438917 -0.000877833 -0.346409
5.44 0.000438917 -0.000877833 -0.346409
5.45 0.000438917 -0.000877833 -0.346409
5.46 0.000438917 -0.000877833 -0.346409
5.47 0.000438917 -0.000877833 -0.346409
5.48 0.000438917 -0.000877833 -0.346409
5.49 0.000438917 -0.000877833 -0.346409
5.5 0.000438917 -0.000877833 -0.346409
5.51 0.000438917 -0.000877833 -0.346409
5.52 0.000438917 -0.000877833 -0.346409
5.53 0.000438917 -0.000877833 -0.346409
5.54 0.000438917 -0.000877833 -0.346409
5.55 0.000438917 -0.000877833 -0.346409
5.56 0.000438917 -0.000877833 -0.346409
5.57 0.000438917 -0.000877833 -0.346409
5.58 0.000438917 -0.000877833 -0.346409
5.59 0.000438917 -0.000877833 -0.346409
5.6 0.000438917 -0.000877833 -0.346409
5.61 0.000438917 -0.000877833 -0.346409
5.62 0.000438917 -0.000877833 -0.346409
5.63 0.000438917 -0.000877833 -0.346409
5.64 0.000438917 -0.000877833 -0.346409
5.65 0.000438917 -0.000877833 -0.346409
5.66 0.000438917 -0.000877833 -0.346409
5.67 0.000438917 -0.000877833 -0.346409
5.68 0.000438917 -0.000877833 -0.346409
5.69 0.000438917 -0.000877833 -0.346409
5.7 0.000438917 -0.000877833 -0.346409
5.71 0.000438917 -0.000877833 -0.346409
5.72 0.000438917 -0.000877833 -0.346409
5.73 0.000438917 -0.000877833 -0.346409
5.74 0.000438917 -0.000877833 -0.346409
5.75 0.000438917 -0.000877833 -0.346409
5.76 0.000443918 -0.000887835 -0.327772
5.77 0.000445373 -0.000890746 -0.208078
5.78 0.000442563 -0.000885126 -0.0214638
5.79 0.000437987 -0.000875973 0.193904
5.8 0.000357178 -0.000714356 0.34641
5.81 0.000357178 -0.000714356 0.34641
5.82 0.000357178 -0.000714356 0.34641
5.83 0.000357178 -0.000714356 0.34641
5.84 0.000357178 -0.000714356 0.34641
5.85 0.000357178 -0.000714356 0.34641
5.86 0.000357178 -0.000714356 0.34641
5.87 0.000357178 -0.000714356 0.34641
5.88 0.000357178 -0.000714356 0.34641
5.89 0.000357178 -0.000714356 0.34641
5.9 0.000357178 -0.000714356 0.34641
5.91 0.000357178 -0.000714356 0.34641
5.92 0.000357178 -0.000714356 0.34641
5.93 0.000357178 -0.000714356 0.34641
5.94 0.000357178 -0.000714356 0.34641
5.95 0.000357178 -0.000714356 0.34641
5.96 0.000357178 -0.000714356 0.34641
5.97 0.000357178 -0.000714356 0.34641
5.98 0.000357178 -0.000714356 0.34641
5.99 0.000357178 -0.000714356 0.34641
6 0.000357178 -0.000714356 0.34641
6.01 0.000357178 -0.000714356 0.34641
6.02 0.000357178 -0.000714356 0.34641
6.03 0.000357178 -0.000714356 0.34641
6.04 0.000357178 -0.000714356 0.34641
6.05 0.000357178 -0.000714356 0.34641
6.06 0.000357178 -0.000714356 0.34641
6.07 0.000357178 -0.000714356 0.34641
6.08 0.000357178 -0.000714356 0.34641
6.09 0.000357178 -0.000714356 0.34641
6.1 0.000357178 -0.000714356 0.34641
6.11 0.000357178 -0.000714356 0.34641
6.12 0.000357178 -0.000714356 0.34641
6.13 0.000357178 -0.000714356 0.34641
6.14 -0.224227 -0.224242 0.513613
6.15 -0.512071 -0.511837 0.728188
6.16 -0.870297 -0.869962 0.995281
6.17 -1.30448 -1.30392 1.31898
6.18 -1.81891 -1.818 1.70249
6.19 -2.41532 -2.41409 2.14714
6.2 -3.09066 -3.08882 2.65056
6.21 -3.8369 -3.83461 3.2069
6.22 -4.63941 -4.63663 3.80519
6.23 -5.47559 -5.4713 4.42833
6.24 -6.31775 -6.31289 5.05616
6.25 -7.13107 -7.1258 5.66252
6.26 -7.87425 -7.86736 6.21629
6.27 -8.50834 -8.50013 6.68878
6.28 -8.98993 -8.98083 7.04766
6.29 -9.27875 -9.27065 7.26328
6.3 -9.37326 -9.36493 7.3337
6.31 -9.0547 -9.05154 6.66525
6.32 -7.64996 -7.66975 5.30565
6.33 -6.40779 -6.44634 4.2369
6.34 -5.29187 -5.34507 3.46851
6.35 -4.06108 -4.12799 2.6451
6.36 -2.6216 -2.69985 1.71338
6.37 -1.3069 -1.38989 0.911497
6.38 -0.250929 -0.330186 0.340487
6.39 0.0239799 -0.0479598 -0.0246901
6.4 0.0219725 -0.043945 -0.344313
6.41 0.0219725 -0.043945 -0.344313
6.42 0.0219725 -0.043945 -0.344313
6.43 0.0219725 -0.043945 -0.344313
6.44 0.0219725 -0.043945 -0.344313
6.45 0.0219725 -0.043945 -0.344313
6.46 0.0219725 -0.043945 -0.344313
6.47 0.0219725 -0.043945 -0.344313
6.48 0.0219725 -0.043945 -0.344313
6.49 0.0219725 -0.043945 -0.344313
6.5 0.0219725 -0.043945 -0.344313
6.51 0.0219725 -0.043945 -0.344313
6.52 0.0219725 -0.043945 -0.344313
6.53 0.0219725 -0.043945 -0.344313
6.54 0.0219725 -0.043945 -0.344313
6.55 0.0219725 -0.043945 -0.344313
6.56 0.0219725 -0.043945 -0.344313
6.57 0.0219725 -0.043945 -0.344313
6.58 0.0219725 -0.043945 -0.344313
6.59 0.0219725 -0.043945 -0.344313
6.6 0.0219725 -0.043945 -0.344313
6.61 0.0219725 -0.043945 -0.344313
6.62 0.0219725 -0.043945 -0.344313
6.63 0.0219725 -0.043945 -0.344313
6.64 0.0219725 -0.043945 -0.344313
6.65 0.0219725 -0.043945 -0.344313
6.66 0.0219725 -0.043945 -0.344313
6.67 0.0219725 -0.043945 -0.344313
6.68 0.0219725 -0.043945 -0.344313
6.69 0.0219725 -0.043945 -0.344313
6.7 0.0219725 -0.043945 -0.344313
6.71 0.0219725 -0.043945 -0.344313
6.72 0.0219725 -0.043945 -0.344313
6.73 0.0219725 -0.043945 -0.344313
6.74 0.0219725 -0.043945 -0.344313
6.75 0.0218954 -0.0437908 -0.256646
6.76 0.021887 -0.0437741 -0.0920037
6.77 0.0218818 -0.0437636 0.111491
6.78 0.021876 -0.043752 0.328848
6.79 0.0132761 -0.026623 0.330135
6.8 0.0132761 -0.026623 0.330135
6.81 0.0132761 -0.026623 0.330135
6.82 0.0132761 -0.026623 0.330135
6.83 0.0132761 -0.026623 0.330135
6.84 0.0132761 -0.026623 0.330135
6.85 0.0132761 -0.026623 0.330135
6.86 0.0132761 -0.026623 0.330135
6.87 0.0132761 -0.026623 0.330135
6.88 0.0132761 -0.026623 0.330135
6.89 0.0132761 -0.026623 0.330135
6.9 0.0132761 -0.026623 0.330135
6.91 0.0132761 -0.026623 0.330135
6.92 0.0132761 -0.026623 0.330135
6.93 0.0132761 -0.026623 0.330135
6.94 0.0132761 -0.026623 0.330135
6.95 0.0132761 -0.026623 0.330135
6.96 0.0132761 -0.026623 0.330135
6.97 0.0132761 -0.026623 0.330135
6.98 0.0132761 -0.026623 0.330135
6.99 0.0132761 -0.026623 0.330135
7 0.0132761 -0.026623 0.330135
7.01 0.0132761 -0.026623 0.330135
7.02 0.0132761 -0.026623 0.330135
7.03 0.0132761 -0.026623 0.330135
7.04 0.0132761 -0.026623 0.330135
7.05 0.0132761 -0.026623 0.330135
7.06 -0.0268863 -0.0456491 0.355365
7.07 -0.243285 -0.250092 0.515033
7.08 -0.54221 -0.547686 0.741763
7.09 -0.95076 -0.952952 1.05441
7.1 -1.48795 -1.48718 1.45574
7.11 -2.11264 -2.11151 1.92146
7.12 -2.86845 -2.86675 2.48491
7.13 -3.76533 -3.76281 3.15348
7.14 -4.80822 -4.80474 3.93089
7.15 -5.99468 -5.98988 4.81527
7.16 -7.3131 -7.3068 5.798
7.17 -8.74035 -8.73201 6.86175
7.18 -10.241 -10.2302 7.98013
7.19 -11.7669 -11.7535 9.11731
7.2 -13.2581 -13.242 10.2286
7.21 -14.6426 -14.6244 11.2605
7.22 -15.8383 -15.8173 12.1513
7.23 -16.7521 -16.7292 12.8322
7.24 -17.2828 -17.2574 13.2273
7.25 -17.381 -17.3606 13.3018
7.26 -15.0423 -15.0714 10.778
7.27 -11.6081 -11.7119 8.08053
7.28 -9.3842 -9.53161 6.38824
7.29 -7.17012 -7.35158 4.77057
7.3 -4.4004 -4.61779 2.99036
7.31 -2.17722 -2.40938 1.58785
7.32 -0.68196 -0.914303 0.669741
7.33 0.0698435 -0.139687 0.109029
7.34 0.0611119 -0.122224 -0.329842
7.35 0.0253781 -0.0507562 -0.34361
7.36 0.0253781 -0.0507562 -0.34361
7.37 0.0253781 -0.0507562 -0.34361
7.38 0.0253781 -0.0507562 -0.34361
7.39 0.0253781 -0.0507562 -0.34361
7.4 0.0253781 -0.0507562 -0.34361
7.41 0.0253781 -0.0507562 -0.34361
7.42 0.0253781 -0.0507562 -0.34361
7.43 0.0253781 -0.0507562 -0.34361
7.44 0.0253781 -0.0507562 -0.34361
7.45 0.0253781 -0.0507562 -0.34361
7.46 0.0253781 -0.0507562 -0.34361
7.47 0.0253781 -0.0507562 -0.34361
7.48 0.0253781 -0.0507562 -0.34361
7.49 0.0253781 -0.0507562 -0.34361
7.5 0.0253781 -0.0507562 -0.34361
7.51 0.0253781 -0.0507562 -0.34361
7.52 0.0253781 -0.0507562 -0.34361
7.53 0.0253781 -0.0507562 -0.34361
7.54 0.0253781 -0.0507562 -0.34361
7.55 0.0253781 -0.0507562 -0.34361
7.56 0.0253781 -0.0507562 -0.34361
7.57 0.0253781 -0.0507562 -0.34361
7.58 0.0253781 -0.0507562 -0.34361
7.59 0.0253781 -0.0507562 -0.34361
7.6 0.0253781 -0.0507562 -0.34361
7.61 0.0253781 -0.0507562 -0.34361
7.62 0.0253781 -0.0507562 -0.34361
7.63 0.0253781 -0.0507562 -0.34361
7.64 0.0253781 -0.0507562 -0.34361
7.65 0.0253781 -0.0507562 -0.34361
7.66 0.0253781 -0.0507562 -0.34361
7.67 0.0253781 -0.0507562 -0.34361
7.68 0.0253781 -0.0507562 -0.34361
7.69 0.0253781 -0.0507562 -0.34361
7.7 0.0253781 -0.0507562 -0.34361
7.71 0.0253781 -0.0507562 -0.34361
7.72 0.0253781 -0.0507562 -0.34361
7.73 0.0253781 -0.0507562 -0.34361
7.74 0.0253781 -0.0507562 -0.34361
7.75 0.0253781 -0.0507562 -0.34361
7.76 0.0253781 -0.0507562 -0.34361
7.77 0.0253753 -0.0507506 -0.332537
7.78 0.0252169 -0.0504338 -0.226535
7.79 0.0252133 -0.0504266 -0.047215
7.8 0.0252115 -0.050423 0.165516
7.81 0.0218725 -0.043745 0.344332
7.82 0.0218725 -0.043745 0.344332
7.83 0.0218725 -0.043745 0.344332
7.84 0.0218725 -0.043745 0.344332
7.85 0.0218725 -0.043745 0.344332
7.86 0.0218725 -0.043745 0.344332
7.87 0.0218725 -0.043745 0.344332
7.88 0.0218725 -0.043745 0.344332
7.89 0.0218725 -0.043745 0.344332
7.9 0.0218725 -0.043745 0.344332
7.91 0.0218725 -0.043745 0.344332
7.92 0.0218725 -0.043745 0.344332
7.93 0.0218725 -0.043745 0.344332
7.94 0.0218725 -0.043745 0.344332
7.95 0.0218725 -0.043745 0.344332
7.96 0.0218725 -0.043745 0.344332
7.97 0.0218725 -0.043745 0.344332
7.98 0.0218725 -0.043745 0.344332
7.99 0.0218725 -0.043745 0.344332
8 0.0218725 -0.043745 0.344332
8.01 0.0218725 -0.043745 0.344332
8.02 0.0218725 -0.043745 0.344332
8.03 0.0218725 -0.043745 0.344332
8.04 0.0218725 -0.043745 0.344332
8.05 0.0218725 -0.043745 0.344332
8.06 0.0218725 -0.043745 0.344332
8.07 0.0218725 -0.043745 0.344332
8.08 0.0218725 -0.043745 0.344332
8.09 0.0218725 -0.043745 0.344332
8.1 0.0218725 -0.043745 0.344332
8.11 0.0218725 -0.043745 0.344332
8.12 0.0218725 -0.043745 0.344332
8.13 0.0218725 -0.043745 0.344332
8.14 0.0218725 -0.043745 0.344332
8.15 0.0218725 -0.043745 0.344332
8.16 0.0218725 -0.043745 0.344332
8.17 0.0218725 -0.043745 0.344332
8.18 0.0218725 -0.043745 0.344332
8.19 -0.273817 -0.282929 0.552827
8.2 -0.639514 -0.640626 0.823552
8.21 -1.09254 -1.09232 1.16103
8.22 -1.63244 -1.63173 1.5635
8.23 -2.25091 -2.24936 2.02446
8.24 -2.93263 -2.93057 2.53267
8.25 -3.65388 -3.65139 3.07038
8.26 -4.38502 -4.38169 3.61536
8.27 -5.09502 -5.09085 4.14458
8.28 -5.75291 -5.74692 4.63469
8.29 -6.33009 -6.32333 5.06488
8.3 -6.79527 -6.78933 5.41196
8.31 -7.11527 -7.1089 5.65047
8.32 -7.27583 -7.26905 5.77009
8.33 -7.29123 -7.28345 5.78133
8.34 -6.70961 -6.70965 4.86696
8.35 -5.67194 -5.68799 3.79862
8.36 -4.63083 -4.65947 3.05523
8.37 -3.78179 -3.81849 2.46639
8.38 -2.79365 -2.83825 1.80309
8.39 -1.70125 -1.75232 1.10587
8.4 -0.67367 -0.72652 0.525998
8.41 -0.175273 -0.204442 0.221814
8.42 -0.169389 -0.18109 0.11381
8.43 -0.152509 -0.15498 0.065175
8.44 -0.129818 -0.130738 0.0151865
8.45 -0.104901 -0.105328 -0.0342605
8.46 -0.0781121 -0.0781642 -0.0552326
8.47 -0.0509971 -0.0508664 -0.076094
8.48 -0.0243178 -0.0240655 -0.0968718
8.49 -4.21042e-05 8.42084e-05 -0.124555
8.5 1.08523e-05 -2.17046e-05 -0.34641
8.51 1.08523e-05 -2.17046e-05 -0.34641
8.52 1.08523e-05 -2.17046e-05 -0.34641
8.53 1.08523e-05 -2.17046e-05 -0.34641
8.54 1.08523e-05 -2.17046e-05 -0.34641
8.55 1.08523e-05 -2.17046e-05 -0.34641
8.56 1.08523e-05 -2.17046e-05 -0.34641
8.57 1.08523e-05 -2.17046e-05 -0.34641
8.58 1.08523e-05 -2.17046e-05 -0.34641
8.59 1.08523e-05 -2.17046e-05 -0.34641
8.6 1.08523e-05 -2.17046e-05 -0.34641
8.61 1.08523e-05 -2.17046e-05 -0.34641
8.62 1.08523e-05 -2.17046e-05 -0.34641
8.63 1.08523e-05 -2.17046e-05 -0.34641
8.64 1.08523e-05 -2.17046e-05 -0.34641
8.65 1.08523e-05 -2.17046e-05 -0.34641
8.66 1.08523e-05 -2.17046e-05 -0.34641
8.67 1.08523e-05 -2.17046e-05 -0.34641
8.68 1.08523e-05 -2.17046e-05 -0.34641
8.69 1.08523e-05 -2.17046e-05 -0.34641
8.7 1.08523e-05 -2.17046e-05 -0.34641
8.71 1.08523e-05 -2.17046e-05 -0.34641
8.72 1.08523e-05 -2.17046e-05 -0.34641
8.73 1.08523e-05 -2.17046e-05 -0.34641
8.74 1.05137e-05 -2.10275e-05 -0.25565
8.75 9.76619e-07 -1.95324e-06 -0.0932685
8.76 2.66445e-07 -5.32889e-07 0.108276
8.77 4.4985e-06 -8.997e-06 0.325391
8.78 4.00184e-07 -1.72612e-05 0.325395
8.79 4.00184e-07 -1.72612e-05 0.325395
8.8 4.00184e-07 -1.72612e-05 0.325395
8.81 4.00184e-07 -1.72612e-05 0.325395
8.82 4.00184e-07 -1.72612e-05 0.325395
8.83 4.00184e-07 -1.72612e-05 0.325395
8.84 4.00184e-07 -1.72612e-05 0.325395
8.85 4.00184e-07 -1.72612e-05 0.325395
8.86 4.00184e-07 -1.72612e-05 0.325395
8.87 4.00184e-07 -1.72612e-05 0.325395
8.88 4.00184e-07 -1.72612e-05 0.325395
8.89 4.00184e-07 -1.72612e-05 0.325395
8.9 4.00184e-07 -1.72612e-05 0.325395
8.91 4.00184e-07 -1.72612e-05 0.325395
8.92 4.00184e-07 -1.72612e-05 0.325395
8.93 4.00184e-07 -1.72612e-05 0.325395
8.94 4.00184e-07 -1.72612e-05 0.325395
8.95 4.00184e-07 -1.72612e-05 0.325395
8.96 4.00184e-07 -1.72612e-05 0.325395
8.97 4.00184e-07 -1.72612e-05 0.325395
8.98 4.00184e-07 -1.72612e-05 0.325395
8.99 4.00184e-07 -1.72612e-05 0.325395
9 4.00184e-07 -1.72612e-05 0.325395
9.01 4.00184e-07 -1.72612e-05 0.325395
9.02 4.00184e-07 -1.72612e-05 0.325395
9.03 4.00184e-07 -1.72612e-05 0.325395
9.04 -0.232849 -0.232722 0.496663
9.05 -0.580435 -0.580136 0.755264
9.06 -1.08634 -1.08582 1.13576
9.07 -1.8016 -1.80052 1.67905
9.08 -2.77855 -2.77657 2.4178
9.09 -3.94374 -3.94069 3.28638
9.1 -5.37292 -5.36827 4.35168
9.11 -7.07647 -7.06954 5.6214
9.12 -9.04579 -9.03569 7.08907
9.13 -11.2492 -11.2349 8.73106
9.14 -13.631 -13.612 10.5059
9.15 -16.1125 -16.0881 12.3549
9.16 -18.5952 -18.5646 14.2047
9.17 -20.9653 -20.9281 15.9704
9.18 -23.0929 -23.0497 17.5553
9.19 -24.8318 -24.7836 18.8507
9.2 -25.9947 -25.942 19.7168
9.21 -26.3991 -26.3442 20.0178
9.22 -24.2393 -24.2471 17.4748
9.23 -19.0198 -19.1688 13.4098
9.24 -15.1935 -15.4448 10.5513
9.25 -11.2318 -11.5653 7.65736
9.26 -6.5988 -7.01046 4.46765
9.27 -2.696 -3.14035 1.96121
9.28 0.0195189 -0.254885 0.330583
9.29 0.0741986 -0.148397 -0.319631
9.3 0.0285561 -0.0571122 -0.339801
9.31 0.0285561 -0.0571122 -0.339801
9.32 0.0285561 -0.0571122 -0.339801
9.33 0.0285561 -0.0571122 -0.339801
9.34 0.0285561 -0.0571122 -0.339801
9.35 0.0285561 -0.0571122 -0.339801
9.36 0.0285561 -0.0571122 -0.339801
9.37 0.0285561 -0.0571122 -0.339801
9.38 0.0285561 -0.0571122 -0.339801
9.39 0.0285561 -0.0571122 -0.339801
9.4 0.0285561 -0.0571122 -0.339801
9.41 0.0285561 -0.0571122 -0.339801
9.42 0.0285561 -0.0571122 -0.339801
9.43 0.0285561 -0.0571122 -0.339801
9.44 0.0285561 -0.0571122 -0.339801
9.45 0.0285561 -0.0571122 -0.339801
9.46 0.0285561 -0.0571122 -0.339801
9.47 0.0285561 -0.0571122 -0.339801
9.48 0.0285561 -0.0571122 -0.339801
9.49 0.0285561 -0.0571122 -0.339801
9.5 0.0285561 -0.0571122 -0.339801
9.51 0.0285561 -0.0571122 -0.339801
9.52 0.0285561 -0.0571122 -0.339801
9.53 0.0285561 -0.0571122 -0.339801
9.54 0.0285561 -0.0571122 -0.339801
9.55 0.0285561 -0.0571122 -0.339801
9.56 0.0285561 -0.0571122 -0.339801
9.57 0.0285561 -0.0571122 -0.339801
9.58 0.0285561 -0.0571122 -0.339801
9.59 0.0285561 -0.0571122 -0.339801
9.6 0.0285561 -0.0571122 -0.339801
9.61 0.0285561 -0.0571122 -0.339801
9.62 0.0285561 -0.0571122 -0.339801
9.63 0.0285561 -0.0571122 -0.339801
9.64 0.0285561 -0.0571122 -0.339801
9.65 0.0285561 -0.0571122 -0.339801
9.66 0.0285561 -0.0571122 -0.339801
9.67 0.0285561 -0.0571122 -0.339801
9.68 0.0285561 -0.0571122 -0.339801
9.69 0.0285561 -0.0571122 -0.339801
9.7 0.0285561 -0.0571122 -0.339801
9.71 0.0285561 -0.0571122 -0.339801
9.72 0.0285561 -0.0571122 -0.339801
9.73 0.0285561 -0.0571122 -0.339801
9.74 0.0285561 -0.0571122 -0.339801
9.75 0.0285561 -0.0571122 -0.339801
9.76 0.0285561 -0.0571122 -0.339801
9.77 0.0285561 -0.0571122 -0.339801
9.78 0.0285561 -0.0571122 -0.339801
9.79 0.0285561 -0.0571122 -0.339801
9.8 0.0285553 -0.0571105 -0.276135
9.81 0.0285493 -0.0570986 -0.122672
9.82 0.0285494 -0.0570988 0.0779721
9.83 0.0271529 -0.0543058 0.279639
9.84 0.0271529 -0.0543058 0.279639
9.85 0.0271529 -0.0543058 0.279639
9.86 0.0271529 -0.0543058 0.279639
9.87 0.0271529 -0.0543058 0.279639
9.88 0.0271529 -0.0543058 0.279639
9.89 0.0271529 -0.0543058 0.279639
9.9 0.0271529 -0.0543058 0.279639
9.91 0.0271529 -0.0543058 0.279639
9.92 0.0271529 -0.0543058 0.279639
9.93 0.0271529 -0.0543058 0.279639
9.94 0.0271529 -0.0543058 0.279639
9.95 0.0271529 -0.0543058 0.279639
9.96 0.0271529 -0.0543058 0.279639
9.97 0.0271529 -0.0543058 0.279639
9.98 0.0271529 -0.0543058 0.279639
9.99 0.0271529 -0.0543058 0.279639
10 0.0271529 -0.0543058 0.279639
10.01 0.0271529 -0.0543058 0.279639
10.02 0.0271529 -0.0543058 0.279639
10.03 0.0271529 -0.0543058 0.279639
10.04 0.0271529 -0.0543058 0.279639
10.05 0.0271529 -0.0543058 0.279639
10.06 0.0271529 -0.0543058 0.279639
10.07 0.0271529 -0.0543058 0.279639
10.08 0.0271529 -0.0543058 0.279639
10.09 0.0271529 -0.0543058 0.279639
10.1 0.0271529 -0.0543058 0.279639
10.11 0.0271529 -0.0543058 0.279639
10.12 0.0271529 -0.0543058 0.279639
10.13 0.0271529 -0.0543058 0.279639
10.14 0.0271529 -0.0543058 0.279639
10.15 0.0271529 -0.0543058 0.279639
10.16 0.0271529 -0.0543058 0.279639
10.17 0.0271529 -0.0543058 0.279639
10.18 0.0271529 -0.0543058 0.279639
10.19 0.0271529 -0.0543058 0.279639
10.2 0.0271529 -0.0543058 0.279639
10.21 0.0271529 -0.0543058 0.279639
10.22 0.0271529 -0.0543058 0.279639
10.23 0.0271529 -0.0543058 0.279639
10.24 0.0271529 -0.0543058 0.279639
10.25 0.0271529 -0.0543058 0.279639
10.26 0.0271529 -0.0543058 0.279639
10.27 0.0271529 -0.0543058 0.279639
10.28 0.0271529 -0.0543058 0.279639
10.29 0.0271529 -0.0543058 0.279639
10.3 0.0271529 -0.0543058 0.279639
10.31 -0.0206376 -0.0415121 0.306123
10.32 -0.128151 -0.149637 0.384128
10.33 -0.348686 -0.37331 0.540167
10.34 -0.729714 -0.759687 0.810333
10.35 -1.3326 -1.36985 1.24157
10.36 -2.22224 -2.26783 1.88415
10.37 -3.45541 -3.5094 2.78312
10.38 -5.06268 -5.12357 3.96435
10.39 -7.03442 -7.09929 5.42349
10.4 -9.31155 -9.3764 7.11837
10.41 -11.7938 -11.854 8.97472
10.42 -14.3458 -14.3975 10.8906
10.43 -16.8308 -16.8704 12.7618
10.44 -19.1266 -19.1523 14.4947
10.45 -21.1442 -21.1557 16.0204
10.46 -22.834 -22.8323 17.3001
10.47 -24.1825 -24.1693 18.3223
10.48 -25.2026 -25.1802 19.0962
10.49 -25.9221 -25.8933 19.6423
10.5 -26.3794 -26.3459 19.9894
10.51 -26.6064 -26.5705 20.1618
10.52 -26.6322 -26.5959 20.1813
10.53 -25.9416 -25.9203 19.1285
10.54 -24.412 -24.4374 17.5506
10.55 -22.0602 -22.1523 15.6883
10.56 -19.1445 -19.3136 13.4727
10.57 -15.9747 -16.2232 11.0975
10.58 -12.9561 -13.2703 8.87395
10.59 -10.3742 -10.7364 7.00946
10.6 -8.27471 -8.6737 5.53492
10.61 -6.44205 -6.86854 4.35241
10.62 -4.88127 -5.3225 3.34744
10.63 -3.48557 -3.93506 2.45305
10.64 -2.22645 -2.6839 1.65507
10.65 -0.779786 -1.20388 0.943345
10.66 -0.265076 -0.628713 0.459154
10.67 0.0713901 -0.14278 0.0904893
10.68 0.0711614 -0.142323 -0.228803
10.69 0.0476399 -0.0952798 -0.336439
10.7 0.0476399 -0.0952798 -0.336439
10.71 0.0476399 -0.0952798 -0.336439
10.72 0.0476399 -0.0952798 -0.336439
10.73 0.0476399 -0.0952798 -0.336439
10.74 0.0476399 -0.0952798 -0.336439
10.75 0.0476399 -0.0952798 -0.336439
10.76 0.0476399 -0.0952798 -0.336439
10.77 0.0476399 -0.0952798 -0.336439
10.78 0.0476399 -0.0952798 -0.336439
10.79 0.0476399 -0.0952798 -0.336439
10.8 0.0476399 -0.0952798 -0.336439
10.81 0.0476399 -0.0952798 -0.336439
10.82 0.0476399 -0.0952798 -0.336439
10.83 0.0476399 -0.0952798 -0.336439
10.84 0.0476399 -0.0952798 -0.336439
10.85 0.0476399 -0.0952798 -0.336439
10.86 0.0476399 -0.0952798 -0.336439
10.87 0.0476399 -0.0952798 -0.336439
10.88 0.0476399 -0.0952798 -0.336439
10.89 0.0476399 -0.0952798 -0.336439
10.9 0.0476399 -0.0952798 -0.336439
10.91 0.0475662 -0.0951324 -0.307817
10.92 0.0475396 -0.0950791 -0.243779
10.93 0.0472226 -0.0944453 -0.156544
10.94 0.0471849 -0.0943699 -0.0416366
10.95 0.0471601 -0.0943202 0.0886955
10.96 0.0471133 -0.0942267 0.222328
10.97 0.0457331 -0.0914662 0.337232
10.98 0.0457331 -0.0914662 0.337232
10.99 0.0457331 -0.0914662 0.337232
11 0.0457331 -0.0914662 0.337232
11.01 0.0457331 -0.0914662 0.337232
11.02 0.0457331 -0.0914662 0.337232
11.03 0.0457331 -0.0914662 0.337232
11.04 0.0457331 -0.0914662 0.337232
11.05 0.0457331 -0.0914662 0.337232
11.06 0.0457331 -0.0914662 0.337232
11.07 0.0457331 -0.0914662 0.337232
11.08 0.0457331 -0.0914662 0.337232
11.09 0.0457331 -0.0914662 0.337232
11.1 0.0457331 -0.0914662 0.337232
11.11 0.0457331 -0.0914662 0.337232
11.12 0.0457331 -0.0914662 0.337232
11.13 0.0457331 -0.0914662 0.337232
11.14 0.0457331 -0.0914662 0.337232
11.15 0.0457331 -0.0914662 0.337232
11.16 0.0457331 -0.0914662 0.337232
11.17 0.0457331 -0.0914662 0.337232
11.18 0.0457331 -0.0914662 0.337232
11.19 0.0457331 -0.0914662 0.337232
11.2 0.0457331 -0.0914662 0.337232
11.21 0.0457331 -0.0914662 0.337232
11.22 0.0457331 -0.0914662 0.337232
11.23 0.0457331 -0.0914662 0.337232
11.24 0.0457331 -0.0914662 0.337232
11.25 0.0457331 -0.0914662 0.337232
11.26 0.0457331 -0.0914662 0.337232
11.27 0.0457331 -0.0914662 0.337232
11.28 0.0457331 -0.0914662 0.337232
11.29 0.0457331 -0.0914662 0.337232
11.3 0.0457331 -0.0914662 0.337232
11.31 0.0457331 -0.0914662 0.337232
11.32 0.0457331 -0.0914662 0.337232
11.33 0.0457331 -0.0914662 0.337232
11.34 0.0457331 -0.0914662 0.337232
11.35 0.0457331 -0.0914662 0.337232
11.36 0.0457331 -0.0914662 0.337232
11.37 0.0457331 -0.0914662 0.337232
11.38 0.0457331 -0.0914662 0.337232
11.39 0.0457331 -0.0914662 0.337232
11.4 -0.104681 -0.14582 0.434044
11.41 -0.253661 -0.266285 0.538646
11.42 -0.416969 -0.420807 0.658282
11.43 -0.599407 -0.600362 0.793607
11.44 -0.802194 -0.802088 0.944556
11.45 -1.02512 -1.02452 1.11066
11.46 -1.26715 -1.26622 1.29105
11.47 -1.52657 -1.52536 1.48443
11.48 -1.80109 -1.79959 1.68906
11.49 -2.08785 -2.08604 1.90281
11.5 -2.38458 -2.38245 2.12399
11.51 -2.69003 -2.68747 2.35165
11.52 -3.0027 -2.99976 2.5847
11.53 -3.32031 -3.31694 2.82143
11.54 -3.64018 -3.63637 3.05983
11.55 -3.95957 -3.95531 3.29788
11.56 -4.2758 -4.27099 3.53355
11.57 -4.58641 -4.58112 3.76504
11.58 -4.88906 -4.88328 3.99059
11.59 -5.18162 -5.17535 4.20863
11.6 -5.46221 -5.45543 4.41773
11.61 -5.72922 -5.72194 4.6167
11.62 -5.98134 -5.97359 4.80459
11.63 -6.21758 -6.20941 4.98064
11.64 -6.4372 -6.4286 5.1443
11.65 -6.63974 -6.63073 5.29522
11.66 -6.82498 -6.81559 5.43326
11.67 -6.99291 -6.98317 5.55839
11.68 -7.14369 -7.13366 5.67075
11.69 -7.27766 -7.26734 5.77057
11.7 -7.39524 -7.38466 5.85819
11.71 -7.49694 -7.48615 5.93397
11.72 -7.58326 -7.57229 5.99829
11.73 -7.65468 -7.64356 6.05151
11.74 -7.71161 -7.70036 6.09393
11.75 -7.7544 -7.74305 6.12581
11.76 -7.78332 -7.77192 6.14736
11.77 -7.79858 -7.78714 6.15873
11.78 -7.80031 -7.78887 6.16002
11.79 -7.79115 -7.77991 6.0761
11.8 -7.72803 -7.71768 5.91729
11.81 -7.61059 -7.60205 5.68969
11.82 -7.35121 -7.34648 5.42122
11.83 -7.05701 -7.05689 5.13488
11.84 -6.72845 -6.73328 4.81939
11.85 -6.32791 -6.33895 4.44093
11.86 -5.84077 -5.85891 3.98999
11.87 -5.22364 -5.25006 3.50062
11.88 -4.52855 -4.56344 3.02261
11.89 -3.88448 -3.92594 2.58646
11.9 -3.30483 -3.3517 2.20055
11.91 -2.78928 -2.84036 1.86332
11.92 -2.33296 -2.38724 1.57028
11.93 -1.93062 -1.98705 1.31676
11.94 -1.5782 -1.63592 1.09904
11.95 -1.27161 -1.33014 0.913526
11.96 -1.0072 -1.06608 0.756932
11.97 -0.781863 -0.840709 0.626393
11.98 -0.593476 -0.651936 0.519672
11.99 -0.441331 -0.499198 0.435399
12 -0.322587 -0.379695 0.374032
12.01 -0.242364 -0.298353 0.335221
12.02 -0.202878 -0.258089 0.316245
12.03 -0.200344 -0.255414 0.315013
12.04 -0.200362 -0.255365 0.332728
12.05 -0.200569 -0.25488 0.365791
12.06 -0.201342 -0.253127 0.408442
12.07 -0.202931 -0.249906 0.450135
12.08 -0.206166 -0.243432 0.450889
12.09 -0.206166 -0.243432 0.450889
12.1 -0.206166 -0.243432 0.450889
12.11 -0.206166 -0.243432 0.450889
12.12 -0.206166 -0.243432 0.450889
12.13 -0.206166 -0.243432 0.450889
12.14 -0.206166 -0.243432 0.450889
12.15 -0.206166 -0.243432 0.450889
12.16 -0.206166 -0.243432 0.450889
12.17 -0.206166 -0.243432 0.450889
12.18 -0.206166 -0.243432 0.450889
12.19 -0.206166 -0.243432 0.450889
12.2 -0.206166 -0.243432 0.450889
12.21 -0.206166 -0.243432 0.450889
12.22 -0.206166 -0.243432 0.450889
12.23 -0.206166 -0.243432 0.450889
12.24 -0.206166 -0.243432 0.450889
12.25 -0.206166 -0.243432 0.450889
12.26 -0.206166 -0.243432 0.450889
12.27 -0.206166 -0.243432 0.450889
12.28 -0.253725 -0.270768 0.539752
12.29 -0.308931 -0.318602 0.579148
12.3 -0.366723 -0.372131 0.621201
12.31 -0.427884 -0.43079 0.66619
12.32 -0.492824 -0.494275 0.714254
12.33 -0.56206 -0.562662 0.765671
12.34 -0.636405 -0.636525 0.820988
12.35 -0.716377 -0.716147 0.880534
12.36 -0.801939 -0.80146 0.944273
12.37 -0.892979 -0.892337 1.01212
12.38 -0.989469 -0.988711 1.08404
12.39 -1.09136 -1.0905 1.15999
12.4 -1.19861 -1.19761 1.23993
12.41 -1.3112 -1.31007 1.32385
12.42 -1.42911 -1.42787 1.41175
12.43 -1.55224 -1.55089 1.50354
12.44 -1.68042 -1.67893 1.59908
12.45 -1.81338 -1.81173 1.69819
12.46 -1.95082 -1.94901 1.80063
12.47 -2.09233 -2.09037 1.90611
12.48 -2.23746 -2.23533 2.01429
12.49 -2.38568 -2.38337 2.12477
12.5 -2.53646 -2.53394 2.23714
12.51 -2.6892 -2.68648 2.35099
12.52 -2.8433 -2.84039 2.46585
12.53 -2.99814 -2.99502 2.58126
12.54 -3.1531 -3.14975 2.69675
12.55 -3.30754 -3.30396 2.81185
12.56 -3.46085 -3.45705 2.92612
12.57 -3.61244 -3.60842 3.0391
12.58 -3.76176 -3.75752 3.15039
12.59 -3.90832 -3.90383 3.25961
12.6 -4.0516 -4.04689 3.36639
12.61 -4.19111 -4.18618 3.47037
12.62 -4.32635 -4.3212 3.57116
12.63 -4.4568 -4.45143 3.66838
12.64 -4.58199 -4.5764 3.76167
12.65 -4.70145 -4.69565 3.8507
12.66 -4.81475 -4.80876 3.93514
12.67 -4.9215 -4.91532 4.01469
12.68 -5.02135 -5.01498 4.0891
12.69 -5.11398 -5.10745 4.15813
12.7 -5.19914 -5.19245 4.22159
12.71 -5.2766 -5.26977 4.27931
12.72 -5.3462 -5.33924 4.33118
12.73 -5.4078 -5.40072 4.37708
12.74 -5.46134 -5.45416 4.41698
12.75 -5.50677 -5.49951 4.45084
12.76 -5.54412 -5.53679 4.47867
12.77 -5.57344 -5.56604 4.50051
12.78 -5.59481 -5.58737 4.51644
12.79 -5.60837 -5.6009 4.52654
12.8 -5.61427 -5.6068 4.53094
12.81 -5.61412 -5.60666 4.5197
12.82 -5.60736 -5.59998 4.4531
12.83 -5.5669 -5.56005 4.34261
12.84 -5.50586 -5.4998 4.19775
12.85 -5.35297 -5.34874 4.02866
12.86 -5.17231 -5.17064 3.83457
12.87 -4.9703 -4.9713 3.62063
12.88 -4.75173 -4.75556 3.39304
12.89 -4.52093 -4.5278 3.1573
12.9 -4.26196 -4.27185 2.9193
12.91 -3.93689 -3.95016 2.68577
12.92 -3.61262 -3.62913 2.45543
12.93 -3.29159 -3.31109 2.23012
12.94 -2.97919 -3.00134 2.01371
12.95 -2.6811 -2.7055 1.81006
12.96 -2.40187 -2.42822 1.6221
12.97 -2.14627 -2.17415 1.45263
12.98 -1.91885 -1.94791 1.30415
12.99 -1.72307 -1.75291 1.17824
13 -1.56104 -1.5914 1.07552
13.01 -1.43397 -1.46462 0.995998
13.02 -1.34267 -1.37344 0.939472
13.03 -1.28798 -1.31871 0.905879
13.04 -1.27076 -1.3013 0.895321
13.05 -1.27076 -1.30124 0.909716
13.06 -1.27077 -1.30129 0.94937
13.07 -1.27088 -1.30098 1.00679
13.08 -1.27101 -1.30067 1.07748
13.09 -1.27206 -1.29854 1.07755
13.1 -1.27206 -1.29854 1.07755
13.11 -1.27206 -1.29854 1.07755
13.12 -1.27206 -1.29854 1.07755
13.13 -1.27206 -1.29854 1.07755
13.14 -1.27206 -1.29854 1.07755
13.15 -1.27206 -1.29854 1.07755
13.16 -1.27206 -1.29854 1.07755
13.17 -1.27206 -1.29854 1.07755
13.18 -1.27206 -1.29854 1.07755
13.19 -1.27206 -1.29854 1.07755
13.2 -1.27206 -1.29854 1.07755
13.21 -1.27206 -1.29854 1.07755
13.22 -1.27206 -1.29854 1.07755
13.23 -1.27206 -1.29854 1.07755
13.24 -1.27206 -1.29854 1.07755
13.25 -1.27206 -1.29854 1.07755
13.26 -1.27206 -1.29854 1.07755
13.27 -1.27206 -1.29854 1.07755
13.28 -1.27206 -1.29854 1.07755
13.29 -1.28095 -1.30219 1.29644
13.3 -1.33637 -1.34901 1.34602
13.31 -1.39337 -1.40257 1.38768
13.32 -1.45487 -1.46145 1.43289
13.33 -1.52089 -1.52537 1.48161
13.34 -1.59035 -1.59321 1.533
13.35 -1.66279 -1.66447 1.58672
13.36 -1.73814 -1.73887 1.64267
13.37 -1.81627 -1.81631 1.70076
13.38 -1.89707 -1.89656 1.76087
13.39 -1.98034 -1.97938 1.82285
13.4 -2.06586 -2.06457 1.88654
13.41 -2.15338 -2.15179 1.95173
13.42 -2.2426 -2.24077 2.0182
13.43 -2.33324 -2.3312 2.08573
13.44 -2.42498 -2.42274 2.15408
13.45 -2.5175 -2.51509 2.22303
13.46 -2.61049 -2.60792 2.29233
13.47 -2.70362 -2.7009 2.36174
13.48 -2.79658 -2.79371 2.43102
13.49 -2.88905 -2.88603 2.49994
13.5 -2.98074 -2.97758 2.56827
13.51 -3.07138 -3.06809 2.63583
13.52 -3.16077 -3.15734 2.70245
13.53 -3.24871 -3.24514 2.76799
13.54 -3.33498 -3.33128 2.83229
13.55 -3.41936 -3.41553 2.89517
13.56 -3.5016 -3.49763 2.95646
13.57 -3.58144 -3.57735 3.01597
13.58 -3.65866 -3.65445 3.07352
13.59 -3.73304 -3.72871 3.12895
13.6 -3.80436 -3.79991 3.1821
13.61 -3.87243 -3.86788 3.23283
13.62 -3.9371 -3.93244 3.28103
13.63 -3.9982 -3.99344 3.32657
13.64 -4.05562 -4.05076 3.36935
13.65 -4.10923 -4.10428 3.40931
13.66 -4.15894 -4.15391 3.44635
13.67 -4.20468 -4.19956 3.48044
13.68 -4.24638 -4.2412 3.51152
13.69 -4.284 -4.27875 3.53955
13.7 -4.31751 -4.31221 3.56453
13.71 -4.3469 -4.34154 3.58643
13.72 -4.37216 -4.36676 3.60525
13.73 -4.3933 -4.38786 3.62101
13.74 -4.41035 -4.40488 3.63371
13.75 -4.42334 -4.41785 3.6434
13.76 -4.43232 -4.42681 3.65009
13.77 -4.43735 -4.43183 3.65383
13.78 -4.43849 -4.43297 3.65468
13.79 -4.43768 -4.43217 3.63248
13.8 -4.43307 -4.42762 3.58272
13.81 -4.40911 -4.40392 3.5121
13.82 -4.37661 -4.37176 3.42204
13.83 -4.30072 -4.29676 3.3162
13.84 -4.19717 -4.19461 3.19494
13.85 -4.08045 -4.07917 3.05983
13.86 -3.95295 -3.95315 2.91431
13.87 -3.81757 -3.81956 2.76227
13.88 -3.67795 -3.68141 2.60807
13.89 -3.51832 -3.52324 2.45738
13.9 -3.3258 -3.33273 2.31442
13.91 -3.13997 -3.14861 2.17769
13.92 -2.96252 -2.97275 2.04837
13.93 -2.79625 -2.80772 1.92832
13.94 -2.64376 -2.65627 1.81926
13.95 -2.50706 -2.52061 1.72241
13.96 -2.38812 -2.40244 1.63887
13.97 -2.28867 -2.30361 1.56956
13.98 -2.21022 -2.22551 1.51524
13.99 -2.1539 -2.16941 1.47645
14 -2.1206 -2.1363 1.45363
14.01 -2.11094 -2.12663 1.44701
14.02 -2.11094 -2.12654 1.45798
14.03 -2.11094 -2.12654 1.48663
14.04 -2.11095 -2.12654 1.52868
14.05 -2.111 -2.12653 1.57403
14.06 -2.11153 -2.12544 1.57405
14.07 -2.11153 -2.12544 1.57405
14.08 -2.11153 -2.12544 1.57405
14.09 -2.11153 -2.12544 1.57405
14.1 -2.11153 -2.12544 1.57405
14.11 -2.11153 -2.12544 1.57405
14.12 -2.11153 -2.12544 1.57405
14.13 -2.11153 -2.12544 1.57405
14.14 -2.11153 -2.12544 1.57405
14.15 -2.11153 -2.12544 1.57405
14.16 -2.11153 -2.12544 1.57405
14.17 -2.11153 -2.12544 1.57405
14.18 -2.11153 -2.12544 1.57405
14.19 -2.11153 -2.12544 1.57405
14.2 -2.11153 -2.12544 1.57405
14.21 -2.11153 -2.12544 1.57405
14.22 -2.11153 -2.12544 1.57405
14.23 -2.11153 -2.12544 1.57405
14.24 -2.11153 -2.12544 1.57405
14.25 -2.11153 -2.12544 1.57405
14.26 -2.11517 -2.12764 1.8284
14.27 -2.15814 -2.16685 1.95783
14.28 -2.20526 -2.21234 1.99256
14.29 -2.24595 -2.25177 2.02259
14.3 -2.28458 -2.28925 2.05111
14.31 -2.32518 -2.32887 2.08114
14.32 -2.37076 -2.37359 2.11492
14.33 -2.42004 -2.42208 2.15146
14.34 -2.47115 -2.47242 2.18939
14.35 -2.52386 -2.52442 2.22852
14.36 -2.57813 -2.57812 2.26884
14.37 -2.63363 -2.63318 2.31012
14.38 -2.6899 -2.68903 2.35197
14.39 -2.74653 -2.74524 2.39409
14.4 -2.80312 -2.80149 2.43621
14.41 -2.85936 -2.85746 2.47808
14.42 -2.91498 -2.91287 2.5195
14.43 -2.96979 -2.96744 2.56031
14.44 -3.02361 -3.02104 2.60039
14.45 -3.07627 -3.07351 2.6396
14.46 -3.12756 -3.12467 2.67782
14.47 -3.17731 -3.17428 2.71488
14.48 -3.22534 -3.22216 2.75066
14.49 -3.27148 -3.26817 2.78503
14.5 -3.3156 -3.31219 2.81791
14.51 -3.35758 -3.35408 2.84919
14.52 -3.39731 -3.39372 2.87879
14.53 -3.43472 -3.43103 2.90666
14.54 -3.46975 -3.46598 2.93276
14.55 -3.50235 -3.49853 2.95706
14.56 -3.53251 -3.52863 2.97953
14.57 -3.56021 -3.55626 3.00017
14.58 -3.58544 -3.58144 3.01897
14.59 -3.60822 -3.60418 3.03595
14.6 -3.62857 -3.62449 3.05111
14.61 -3.64652 -3.6424 3.06448
14.62 -3.66209 -3.65793 3.07609
14.63 -3.67532 -3.67114 3.08595
14.64 -3.68627 -3.68207 3.09411
14.65 -3.69497 -3.69076 3.10059
14.66 -3.70148 -3.69725 3.10544
14.67 -3.70584 -3.7016 3.10869
14.68 -3.70812 -3.70387 3.11039
14.69 -3.70836 -3.70412 3.11057
14.7 -3.70799 -3.70375 3.09631
14.71 -3.70596 -3.70175 3.06873
14.72 -3.69973 -3.6956 3.03185
14.73 -3.68566 -3.68165 2.98738
14.74 -3.66876 -3.66494 2.93454
14.75 -3.63988 -3.63638 2.87438
14.76 -3.58783 -3.58497 2.80875
14.77 -3.53036 -3.52815 2.73684
14.78 -3.46834 -3.46671 2.65991
14.79 -3.40283 -3.40192 2.57946
14.8 -3.33498 -3.33496 2.49705
14.81 -3.26601 -3.26668 2.41416
14.82 -3.1971 -3.19833 2.33226
14.83 -3.12966 -3.13158 2.25308
14.84 -3.05937 -3.06201 2.17873
14.85 -2.97147 -2.97499 2.11136
14.86 -2.88958 -2.89379 2.0489
14.87 -2.8149 -2.81961 1.99222
14.88 -2.74947 -2.75475 1.94282
14.89 -2.69536 -2.70111 1.90216
14.9 -2.65397 -2.66002 1.87115
14.91 -2.62618 -2.63238 1.85039
14.92 -2.61261 -2.61887 1.84026
14.93 -2.61261 -2.61889 1.84109
14.94 -2.61261 -2.61886 1.85315
14.95 -2.61261 -2.61886 1.87264
14.96 -2.61266 -2.61875 1.87264
14.97 -2.61266 -2.61875 1.87264
14.98 -2.61266 -2.61875 1.87264
14.99 -2.61266 -2.61875 1.87264
15 -2.61266 -2.61875 1.87264
15.01 -2.61266 -2.61875 1.87264
15.02 -2.61266 -2.61875 1.87264
15.03 -2.61266 -2.61875 1.87264
15.04 -2.61266 -2.61875 1.87264
15.05 -2.61266 -2.61875 1.87264
15.06 -2.61266 -2.61875 1.87264
15.07 -2.61266 -2.61875 1.87264
15.08 -2.61266 -2.61875 1.87264
15.09 -2.61266 -2.61875 1.87264
15.1 -2.61266 -2.61875 1.87264
15.11 -2.61266 -2.61875 1.87264
15.12 -2.61266 -2.61875 1.87264
15.13 -2.61266 -2.61875 1.87264
15.14 -2.61266 -2.61875 1.87264
15.15 -2.61385 -2.61963 2.11135
15.16 -2.6185 -2.62365 2.27693
15.17 -2.6325 -2.63637 2.31035
15.18 -2.64376 -2.64728 2.31865
15.19 -2.65598 -2.65921 2.3277
15.2 -2.67371 -2.67663 2.34084
15.21 -2.69517 -2.69776 2.35676
15.22 -2.71787 -2.72005 2.37359
15.23 -2.74164 -2.74336 2.3912
15.24 -2.7667 -2.76804 2.40979
15.25 -2.7929 -2.79394 2.42925
15.26 -2.81988 -2.82058 2.44928
15.27 -2.84729 -2.84763 2.46963
15.28 -2.87488 -2.87489 2.49013
15.29 -2.90249 -2.90223 2.51065
15.3 -2.92998 -2.92949 2.53109
15.31 -2.95721 -2.95647 2.55133
15.32 -2.98403 -2.98304 2.57127
15.33 -3.01028 -3.00909 2.59079
15.34 -3.03583 -3.03447 2.6098
15.35 -3.06052 -3.059 2.62817
15.36 -3.08423 -3.08255 2.64581
15.37 -3.10687 -3.10503 2.66265
15.38 -3.12834 -3.12638 2.67863
15.39 -3.14856 -3.1465 2.69369
15.4 -3.1675 -3.16533 2.70778
15.41 -3.18509 -3.18283 2.72087
15.42 -3.20132 -3.19897 2.73296
15.43 -3.21617 -3.21376 2.74401
15.44 -3.22963 -3.22716 2.75404
15.45 -3.24171 -3.23917 2.76302
15.46 -3.2524 -3.24981 2.77099
15.47 -3.26173 -3.2591 2.77793
15.48 -3.26972 -3.26706 2.78388
15.49 -3.27638 -3.27369 2.78884
15.5 -3.28174 -3.27902 2.79283
15.51 -3.28583 -3.28309 2.79587
15.52 -3.28868 -3.28593 2.79799
15.53 -3.29032 -3.28757 2.79922
15.54 -3.29079 -3.28804 2.79957
15.55 -3.29077 -3.28802 2.79336
15.56 -3.29001 -3.28727 2.77826
15.57 -3.2885 -3.28577 2.75722
15.58 -3.28424 -3.28155 2.73076
15.59 -3.27477 -3.27217 2.69818
15.6 -3.26339 -3.26092 2.6595
15.61 -3.2505 -3.2482 2.616
15.62 -3.21975 -3.21778 2.57067
15.63 -3.18361 -3.18201 2.52295
15.64 -3.14582 -3.14458 2.47339
15.65 -3.10726 -3.10644 2.42319
15.66 -3.06896 -3.06858 2.37369
15.67 -3.03193 -3.03196 2.32617
15.68 -2.99702 -2.99734 2.28169
15.69 -2.96488 -2.96546 2.241
15.7 -2.93596 -2.93687 2.20465
15.71 -2.91061 -2.91179 2.17296
15.72 -2.88906 -2.89043 2.14616
15.73 -2.87149 -2.87299 2.12438
15.74 -2.85804 -2.85964 2.10778
15.75 -2.84879 -2.85052 2.09641
15.76 -2.84375 -2.84554 2.09022
15.77 -2.84292 -2.84469 2.08919
15.78 -2.84292 -2.84464 2.09379
15.79 -2.84292 -2.84464 2.09411
15.8 -2.84292 -2.84464 2.09411
15.81 -2.84292 -2.84464 2.09411
15.82 -2.84292 -2.84464 2.09411
15.83 -2.84292 -2.84464 2.09411
15.84 -2.84292 -2.84464 2.09411
15.85 -2.84292 -2.84464 2.09411
15.86 -2.84292 -2.84464 2.09411
15.87 -2.84292 -2.84464 2.09411
15.88 -2.84292 -2.84464 2.09411
15.89 -2.84292 -2.84464 2.09411
15.9 -2.84292 -2.84464 2.09411
15.91 -2.84292 -2.84464 2.09411
15.92 -2.84292 -2.84464 2.09411
15.93 -2.84292 -2.84464 2.09411
15.94 -2.84292 -2.84464 2.09411
15.95 -2.84292 -2.84464 2.09411
15.96 -2.84292 -2.84464 2.09411
15.97 -2.84292 -2.84464 2.09411
15.98 -2.84292 -2.84464 2.09411
15.99 -2.84292 -2.84464 2.09411
16 -2.84309 -2.84479 2.22468
16.01 -2.84456 -2.84614 2.34487
16.02 -2.84666 -2.84815 2.46009
16.03 -2.86043 -2.86118 2.47953
16.04 -2.87397 -2.87445 2.48956
16.05 -2.88681 -2.88715 2.4991
16.06 -2.89893 -2.89917 2.50812
16.07 -2.91029 -2.91041 2.51656
16.08 -2.92099 -2.92098 2.5245
16.09 -2.93119 -2.93103 2.53207
16.1 -2.94102 -2.94077 2.53938
16.11 -2.95055 -2.95024 2.54647
16.12 -2.95981 -2.9594 2.55335
16.13 -2.9688 -2.96828 2.56003
16.14 -2.97749 -2.97688 2.56648
16.15 -2.98583 -2.98517 2.57269
16.16 -2.9938 -2.99308 2.57862
16.17 -3.00137 -3.00057 2.58424
16.18 -3.00851 -3.00763 2.58954
16.19 -3.01521 -3.01428 2.59453
16.2 -3.02148 -3.02051 2.5992
16.21 -3.02731 -3.0263 2.60353
16.22 -3.03271 -3.03164 2.60755
16.23 -3.03769 -3.03657 2.61124
16.24 -3.04224 -3.04109 2.61463
16.25 -3.04637 -3.0452 2.61771
16.26 -3.05011 -3.0489 2.62048
16.27 -3.05343 -3.0522 2.62296
16.28 -3.05635 -3.05509 2.62513
16.29 -3.05884 -3.05757 2.62698
16.3 -3.06089 -3.05961 2.62851
16.31 -3.06249 -3.06118 2.62969
16.32 -3.06361 -3.0623 2.63053
16.33 -3.06424 -3.06294 2.631
16.34 -3.06435 -3.06304 2.63108
16.35 -3.06435 -3.06303 2.62681
16.36 -3.06398 -3.06266 2.61654
16.37 -3.06296 -3.06166 2.6007
16.38 -3.06157 -3.06028 2.58026
16.39 -3.05568 -3.05443 2.55619
16.4 -3.04796 -3.04682 2.52839
16.41 -3.03926 -3.03824 2.49736
16.42 -3.02986 -3.02893 2.46404
16.43 -3.01035 -3.00959 2.43074
16.44 -2.98629 -2.98578 2.39794
16.45 -2.96279 -2.96254 2.36609
16.46 -2.9405 -2.9405 2.33601
16.47 -2.91995 -2.92013 2.3084
16.48 -2.90155 -2.90191 2.2838
16.49 -2.88561 -2.88615 2.26257
16.5 -2.87234 -2.873 2.24494
16.51 -2.86181 -2.86257 2.231
16.52 -2.85404 -2.85486 2.22073
16.53 -2.84895 -2.84982 2.21403
16.54 -2.84644 -2.84735 2.21072
16.55 -2.84638 -2.84726 2.21064
16.56 -2.84638 -2.84724 2.21392
16.57 -2.8464 -2.84726 2.21558
16.58 -2.8464 -2.84726 2.21558
16.59 -2.8464 -2.84726 2.21558
16.6 -2.8464 -2.84726 2.21558
16.61 -2.8464 -2.84726 2.21558
16.62 -2.8464 -2.84726 2.21558
16.63 -2.8464 -2.84726 2.21558
16.64 -2.8464 -2.84726 2.21558
16.65 -2.8464 -2.84726 2.21558
16.66 -2.8464 -2.84726 2.21558
16.67 -2.8464 -2.84726 2.21558
16.68 -2.8464 -2.84726 2.21558
16.69 -2.8464 -2.84726 2.21558
16.7 -2.8464 -2.84726 2.21558
16.71 -2.8464 -2.84726 2.21558
16.72 -2.8464 -2.84726 2.21558
16.73 -2.8464 -2.84726 2.21558
16.74 -2.8464 -2.84726 2.21558
16.75 -2.8464 -2.84726 2.21558
16.76 -2.8464 -2.84726 2.21558
16.77 -2.8464 -2.84726 2.21558
16.78 -2.84651 -2.84736 2.28591
16.79 -2.84679 -2.84763 2.35524
16.8 -2.84796 -2.84873 2.41749
16.81 -2.8503 -2.85098 2.47196
16.82 -2.85884 -2.85941 2.4783
16.83 -2.86708 -2.8675 2.48441
16.84 -2.87498 -2.87529 2.49027
16.85 -2.88249 -2.88275 2.49586
16.86 -2.88966 -2.88986 2.50119
16.87 -2.89653 -2.89663 2.50629
16.88 -2.9031 -2.9031 2.51116
16.89 -2.90936 -2.9093 2.51582
16.9 -2.91532 -2.91522 2.52025
16.91 -2.92097 -2.92081 2.52445
16.92 -2.92631 -2.92608 2.52842
16.93 -2.93134 -2.93106 2.53215
16.94 -2.93606 -2.93574 2.53566
16.95 -2.94046 -2.94011 2.53894
16.96 -2.94454 -2.94413 2.54196
16.97 -2.94829 -2.94783 2.54475
16.98 -2.95171 -2.95123 2.54729
16.99 -2.9548 -2.9543 2.54959
17 -2.95757 -2.95704 2.55165
17.01 -2.96001 -2.95945 2.55346
17.02 -2.96211 -2.96153 2.55502
17.03 -2.96388 -2.96329 2.55634
17.04 -2.96529 -2.96469 2.55739
17.05 -2.96634 -2.96573 2.55817
17.06 -2.96701 -2.9664 2.55867
17.07 -2.96731 -2.96669 2.55889
17.08 -2.96731 -2.96669 2.5578
17.09 -2.96727 -2.96665 2.55284
17.1 -2.96696 -2.96634 2.54456
17.11 -2.96626 -2.96565 2.5334
17.12 -2.96534 -2.96474 2.51948
17.13 -2.96363 -2.96304 2.50304
17.14 -2.95868 -2.95813 2.48465
17.15 -2.95317 -2.95268 2.46433
17.16 -2.9472 -2.94681 2.44254
17.17 -2.94098 -2.94066 2.41995
17.18 -2.93473 -2.93444 2.39732
17.19 -2.92409 -2.9239 2.37596
17.2 -2.90994 -2.90992 2.35639
17.21 -2.89691 -2.89704 2.33842
17.22 -2.88521 -2.88545 2.32232
17.23 -2.87501 -2.87534 2.30831
17.24 -2.86641 -2.86683 2.29654
17.25 -2.85948 -2.85998 2.28708
17.26 -2.85423 -2.85478 2.27991
17.27 -2.85063 -2.8512 2.27499
17.28 -2.84865 -2.84924 2.2723
17.29 -2.84828 -2.84887 2.2718
17.3 -2.84828 -2.84887 2.27365
17.31 -2.84829 -2.84888 2.27674
17.32 -2.84829 -2.84888 2.27674
17.33 -2.84829 -2.84888 2.27674
17.34 -2.84829 -2.84888 2.27674
17.35 -2.84829 -2.84888 2.27674
17.36 -2.84829 -2.84888 2.27674
17.37 -2.84829 -2.84888 2.27674
17.38 -2.84829 -2.84888 2.27674
17.39 -2.84829 -2.84888 2.27674
17.4 -2.84829 -2.84888 2.27674
17.41 -2.84829 -2.84888 2.27674
17.42 -2.84829 -2.84888 2.27674
17.43 -2.84829 -2.84888 2.27674
17.44 -2.84829 -2.84888 2.27674
17.45 -2.84829 -2.84888 2.27674
17.46 -2.84829 -2.84888 2.27674
17.47 -2.84829 -2.84888 2.27674
17.48 -2.84829 -2.84888 2.27674
17.49 -2.84829 -2.84888 2.27674
17.5 -2.84829 -2.84888 2.27674
17.51 -2.84829 -2.84888 2.27674
17.52 -2.84834 -2.84893 2.32588
17.53 -2.84854 -2.84912 2.37385
17.54 -2.84887 -2.84943 2.42123
17.55 -2.84979 -2.85031 2.46412
17.56 -2.85482 -2.85522 2.47526
17.57 -2.86043 -2.86075 2.47943
17.58 -2.86583 -2.86605 2.48342
17.59 -2.87103 -2.8712 2.48729
17.6 -2.87602 -2.87616 2.49101
17.61 -2.8808 -2.88089 2.49456
17.62 -2.88537 -2.88539 2.49795
17.63 -2.88971 -2.88967 2.50117
17.64 -2.89382 -2.89375 2.50423
17.65 -2.89768 -2.89758 2.50709
17.66 -2.90128 -2.90113 2.50977
17.67 -2.90461 -2.90442 2.51224
17.68 -2.90766 -2.90744 2.51451
17.69 -2.91043 -2.91019 2.51657
17.7 -2.91289 -2.91263 2.5184
17.71 -2.91505 -2.91476 2.52
17.72 -2.9169 -2.91658 2.52137
17.73 -2.91843 -2.9181 2.52251
17.74 -2.91964 -2.91931 2.52342
17.75 -2.92054 -2.9202 2.52408
17.76 -2.9211 -2.92076 2.5245
17.77 -2.92134 -2.92098 2.52468
17.78 -2.92134 -2.92098 2.52337
17.79 -2.9213 -2.92095 2.51866
17.8 -2.92101 -2.92066 2.51102
17.81 -2.9204 -2.92005 2.50082
17.82 -2.9196 -2.91926 2.48845
17.83 -2.91868 -2.91836 2.47446
17.84 -2.91508 -2.91478 2.45953
17.85 -2.91082 -2.91056 2.44359
17.86 -2.90632 -2.90612 2.42691
17.87 -2.90171 -2.90158 2.40992
17.88 -2.89714 -2.89706 2.39315
17.89 -2.89276 -2.8927 2.37709
17.9 -2.88869 -2.88867 2.36223
17.91 -2.88255 -2.88261 2.34921
17.92 -2.87456 -2.87471 2.33807
17.93 -2.86764 -2.86785 2.32844
17.94 -2.8618 -2.86207 2.32032
17.95 -2.85706 -2.85738 2.31375
17.96 -2.85344 -2.8538 2.30872
17.97 -2.85094 -2.85131 2.30525
17.98 -2.84959 -2.84995 2.30338
17.99 -2.84939 -2.84977 2.30311
18 -2.84939 -2.84979 2.3046
18.01 -2.84939 -2.8498 2.30791
18.02 -2.8494 -2.84977 2.30805
18.03 -2.8494 -2.84977 2.30805
18.04 -2.8494 -2.84977 2.30805
18.05 -2.8494 -2.84977 2.30805
18.06 -2.8494 -2.84977 2.30805
18.07 -2.8494 -2.84977 2.30805
18.08 -2.8494 -2.84977 2.30805
18.09 -2.8494 -2.84977 2.30805
18.1 -2.8494 -2.84977 2.30805
18.11 -2.8494 -2.84977 2.30805
18.12 -2.8494 -2.84977 2.30805
18.13 -2.8494 -2.84977 2.30805
18.14 -2.8494 -2.84977 2.30805
18.15 -2.8494 -2.84977 2.30805
18.16 -2.8494 -2.84977 2.30805
18.17 -2.8494 -2.84977 2.30805
18.18 -2.8494 -2.84977 2.30805
18.19 -2.8494 -2.84977 2.30805
18.2 -2.8494 -2.84977 2.30805
18.21 -2.8494 -2.84977 2.30805
18.22 -2.84942 -2.84979 2.34389
18.23 -2.84955 -2.84992 2.37898
18.24 -2.84973 -2.8501 2.41874
18.25 -2.85023 -2.85057 2.46174
18.26 -2.85465 -2.85491 2.4751
18.27 -2.85984 -2.86002 2.47895
18.28 -2.86464 -2.86475 2.48251
18.29 -2.86912 -2.86919 2.48584
18.3 -2.87328 -2.87331 2.48893
18.31 -2.8771 -2.8771 2.49178
18.32 -2.88059 -2.88054 2.49437
18.33 -2.88374 -2.88365 2.49671
18.34 -2.88654 -2.88642 2.49879
18.35 -2.88898 -2.88885 2.5006
18.36 -2.89108 -2.89092 2.50216
18.37 -2.89283 -2.89265 2.50346
18.38 -2.89426 -2.89406 2.50452
18.39 -2.89537 -2.89516 2.50535
18.4 -2.89616 -2.89595 2.50594
18.41 -2.89666 -2.89644 2.50631
18.42 -2.89688 -2.89665 2.50647
18.43 -2.89688 -2.89666 2.50594
18.44 -2.89688 -2.89665 2.50335
18.45 -2.89678 -2.89655 2.49889
18.46 -2.89655 -2.89633 2.4928
18.47 -2.89613 -2.89592 2.48564
18.48 -2.89563 -2.89542 2.47777
18.49 -2.89507 -2.89486 2.46912
18.5 -2.89445 -2.89425 2.45959
18.51 -2.89269 -2.89251 2.44934
18.52 -2.88982 -2.88967 2.4385
18.53 -2.88678 -2.88666 2.42708
18.54 -2.8836 -2.88351 2.41522
18.55 -2.88032 -2.88027 2.40302
18.56 -2.87698 -2.87699 2.39068
18.57 -2.87367 -2.8737 2.37843
18.58 -2.87044 -2.8705 2.36655
18.59 -2.8674 -2.86749 2.35535
18.6 -2.86462 -2.86474 2.34516
18.61 -2.86143 -2.86159 2.33638
18.62 -2.85641 -2.85662 2.32935
18.63 -2.85238 -2.85259 2.3237
18.64 -2.8494 -2.84964 2.31954
18.65 -2.84768 -2.84795 2.31715
18.66 -2.84732 -2.84763 2.31665
18.67 -2.84732 -2.84764 2.31809
18.68 -2.84732 -2.84762 2.32135
18.69 -2.84732 -2.84761 2.32158
18.7 -2.84732 -2.84761 2.32158
18.71 -2.84732 -2.84761 2.32158
18.72 -2.84732 -2.84761 2.32158
18.73 -2.84732 -2.84761 2.32158
18.74 -2.84732 -2.84761 2.32158
18.75 -2.84732 -2.84761 2.32158
18.76 -2.84732 -2.84761 2.32158
18.77 -2.84732 -2.84761 2.32158
18.78 -2.84732 -2.84761 2.32158
18.79 -2.84732 -2.84761 2.32158
18.8 -2.84732 -2.84761 2.32158
18.81 -2.84732 -2.84761 2.32158
18.82 -2.84732 -2.84761 2.32158
18.83 -2.84732 -2.84761 2.32158
18.84 -2.84732 -2.84761 2.32158
18.85 -2.84732 -2.84761 2.32158
18.86 -2.84732 -2.84761 2.32158
18.87 -2.84732 -2.84761 2.32158
18.88 -2.84735 -2.84764 2.35952
18.89 -2.84748 -2.84777 2.39257
18.9 -2.8476 -2.84789 2.4179
18.91 -2.84771 -2.84799 2.43859
18.92 -2.84781 -2.84809 2.45821
18.93 -2.84881 -2.84906 2.47074
18.94 -2.85108 -2.85132 2.47243
18.95 -2.85315 -2.85334 2.47397
18.96 -2.855 -2.85516 2.47534
18.97 -2.85665 -2.8568 2.47656
18.98 -2.85813 -2.85828 2.47767
18.99 -2.85949 -2.85962 2.47868
19 -2.86073 -2.86083 2.4796
19.01 -2.86187 -2.86196 2.48044
19.02 -2.86291 -2.863 2.48122
19.03 -2.86387 -2.86395 2.48193
19.04 -2.86473 -2.86479 2.48257
19.05 -2.8655 -2.86555 2.48314
19.06 -2.86617 -2.86621 2.48364
19.07 -2.86673 -2.86678 2.48406
19.08 -2.86718 -2.86723 2.48439
19.09 -2.86751 -2.86755 2.48464
19.1 -2.86772 -2.86774 2.48479
19.11 -2.86779 -2.86781 2.48484
19.12 -2.86779 -2.86782 2.48414
19.13 -2.86779 -2.86782 2.48169
19.14 -2.86769 -2.86771 2.47714
19.15 -2.86745 -2.86747 2.47065
19.16 -2.86696 -2.867 2.46258
19.17 -2.86635 -2.8664 2.45307
19.18 -2.86566 -2.86571 2.44234
19.19 -2.86433 -2.86439 2.43073
19.2 -2.86119 -2.86127 2.41876
19.21 -2.85796 -2.85809 2.40655
19.22 -2.85474 -2.85492 2.39444
19.23 -2.85162 -2.85183 2.38274
19.24 -2.84867 -2.84891 2.37177
19.25 -2.84599 -2.84625 2.3618
19.26 -2.84364 -2.84393 2.35306
19.27 -2.84166 -2.84197 2.34572
19.28 -2.84008 -2.8404 2.33986
19.29 -2.8389 -2.83923 2.33551
19.3 -2.83812 -2.83844 2.33261
19.31 -2.83771 -2.83804 2.33112
19.32 -2.83765 -2.83801 2.33091
19.33 -2.83765 -2.83802 2.33193
19.34 -2.83765 -2.838 2.33408
19.35 -2.83765 -2.83799 2.33582
19.36 -2.83765 -2.83799 2.33582
19.37 -2.83765 -2.83799 2.33582
19.38 -2.83765 -2.83799 2.33582
19.39 -2.83765 -2.83799 2.33582
19.4 -2.83765 -2.83799 2.33582
19.41 -2.83765 -2.83799 2.33582
19.42 -2.83765 -2.83799 2.33582
19.43 -2.83765 -2.83799 2.33582
19.44 -2.83765 -2.83799 2.33582
19.45 -2.83765 -2.83799 2.33582
19.46 -2.83765 -2.83799 2.33582
19.47 -2.83765 -2.83799 2.33582
19.48 -2.83765 -2.83799 2.33582
19.49 -2.83765 -2.83799 2.33582
19.5 -2.83765 -2.83799 2.33582
19.51 -2.83765 -2.83799 2.33582
19.52 -2.83765 -2.83799 2.33582
19.53 -2.83765 -2.83799 2.33582
19.54 -2.83765 -2.83799 2.33582
19.55 -2.83767 -2.83802 2.3618
19.56 -2.83773 -2.83807 2.38747
19.57 -2.83785 -2.83818 2.41202
19.58 -2.83797 -2.8383 2.43543
19.59 -2.83808 -2.83841 2.45688
19.6 -2.83979 -2.84011 2.46404
19.61 -2.842 -2.84228 2.46567
19.62 -2.84402 -2.84426 2.46717
19.63 -2.84589 -2.84611 2.46856
19.64 -2.84761 -2.84783 2.46984
19.65 -2.8492 -2.84939 2.47102
19.66 -2.85065 -2.85082 2.4721
19.67 -2.85197 -2.85212 2.47308
19.68 -2.85317 -2.85331 2.47397
19.69 -2.85425 -2.85439 2.47477
19.7 -2.8552 -2.85532 2.47548
19.71 -2.85602 -2.85613 2.47609
19.72 -2.85672 -2.85682 2.4766
19.73 -2.85728 -2.85738 2.47702
19.74 -2.8577 -2.85781 2.47734
19.75 -2.85798 -2.85807 2.47754
19.76 -2.8581 -2.85818 2.47763
19.77 -2.8581 -2.85818 2.47736
19.78 -2.8581 -2.85819 2.47565
19.79 -2.85809 -2.85818 2.47238
19.8 -2.85791 -2.858 2.46763
19.81 -2.85766 -2.85774 2.46152
19.82 -2.8572 -2.85729 2.45419
19.83 -2.85666 -2.85677 2.44578
19.84 -2.85606 -2.85618 2.4365
19.85 -2.85542 -2.85553 2.4266
19.86 -2.85279 -2.85293 2.41654
19.87 -2.8501 -2.85027 2.40628
19.88 -2.84739 -2.8476 2.39605
19.89 -2.84475 -2.84498 2.38608
19.9 -2.84222 -2.84248 2.37663
19.91 -2.83989 -2.84017 2.36792
19.92 -2.83781 -2.83811 2.36014
19.93 -2.83601 -2.83634 2.35346
19.94 -2.83454 -2.83488 2.34798
19.95 -2.83341 -2.83374 2.34377
19.96 -2.83262 -2.83296 2.34084
19.97 -2.83217 -2.83253 2.33917
19.98 -2.83204 -2.83242 2.3387
19.99 -2.83204 -2.83241 2.33941
20 -2.83204 -2.8324 2.34125
