-4.486975e-04
-4.515424e-04
-4.542831e-04
-4.565326e-04
-4.567085e-04
-4.541641e-04
-4.647196e-04
-5.025776e-04
-5.533363e-04
-4.654674e-04
-3.401229e-04
-2.216223e-04
-4.609686e-04
-1.015545e-03
-1.162528e-03
-5.893648e-05
9.308621e-04
9.930247e-04
-3.691773e-04
-3.571971e-03
-2.747505e-03
1.192632e-03
5.353868e-03
5.367364e-03
-4.023569e-03
-7.626490e-03
-1.413641e-03
3.515852e-03
4.181836e-03
4.273393e-03
1.300719e-03
-6.968522e-03
-1.246105e-02
-7.451287e-03
-5.326530e-03
3.438106e-03
5.562962e-03
2.415084e-03
-1.114068e-03
-7.632827e-03
-6.205228e-03
-1.405315e-03
8.782532e-03
5.238521e-03
-8.593177e-03
-2.456543e-02
-3.155223e-02
-1.720575e-02
1.468611e-02
4.237928e-02
4.078350e-02
-7.635048e-03
-3.082616e-02
-4.619790e-02
-6.214233e-02
-5.120277e-02
-3.040323e-02
-1.723798e-02
-1.845292e-03
-2.672726e-03
1.678935e-02
4.821113e-02
4.863853e-02
2.292915e-02
2.309028e-02
2.459964e-02
-1.011383e-02
-3.883572e-02
-3.674001e-02
-3.520870e-02
-9.529144e-03
-1.307087e-03
-7.346841e-03
-1.167307e-02
-4.523185e-03
2.072292e-02
2.232500e-02
3.509362e-03
-4.819708e-03
-6.169252e-03
-2.099200e-02
-4.206184e-02
-5.100598e-02
-2.829779e-02
2.974007e-02
8.714503e-02
9.562338e-02
2.343090e-02
-2.297939e-02
-3.464742e-02
7.972834e-03
3.628732e-02
-4.246613e-02
-1.006954e-01
-9.818904e-02
-1.084160e-01
-7.669013e-02
2.790738e-02
7.069587e-02
1.041480e-01
8.645148e-02
3.399472e-02
4.483279e-03
-3.235683e-03
-6.690636e-03
5.690433e-03
-3.214351e-02
-6.355628e-02
-8.580416e-02
-3.287785e-02
3.008209e-02
5.586073e-04
-4.195104e-02
-4.416313e-02
-4.469464e-02
-4.181690e-02
-3.355721e-02
-5.319610e-02
-5.250804e-02
1.631812e-02
7.475389e-02
5.692872e-02
3.316904e-02
4.511835e-02
2.489369e-02
-6.764120e-03
-1.177721e-02
-2.792125e-02
-5.714253e-02
-6.256693e-02
-4.884226e-02
-1.550001e-02
1.877700e-02
2.936107e-02
-8.041770e-03
-2.422641e-02
-1.954973e-02
-1.200736e-02
-2.917555e-02
-3.828367e-02
-2.012771e-02
-3.384258e-03
1.436827e-03
-3.519745e-02
-6.185951e-02
-8.298394e-02
-3.997826e-02
-1.270560e-02
-3.882608e-03
7.154007e-04
-1.945819e-02
-2.531696e-02
-7.540685e-03
1.208482e-03
-7.100555e-03
-2.087615e-02
-4.213773e-02
-4.223945e-02
-3.328373e-02
-2.585942e-02
8.402197e-03
3.113384e-02
2.600388e-02
4.050218e-02
6.289464e-02
2.817615e-02
-2.078629e-02
-6.741001e-02
-1.382139e-01
-1.356635e-01
-1.028943e-01
-9.572702e-02
-1.118022e-01
-9.289481e-02
-2.780970e-02
-6.736543e-03
2.381383e-03
-5.177596e-03
-3.338829e-02
1.085636e-02
4.060043e-02
4.565661e-02
7.285396e-02
9.420640e-02
1.119737e-01
9.844209e-02
4.380739e-02
2.208571e-02
1.114893e-02
-1.826054e-02
-5.717810e-02
-8.694917e-02
-8.914677e-02
8.393600e-02
1.879885e-01
1.609671e-01
1.637108e-01
1.219403e-01
8.643836e-02
6.828767e-02
5.452967e-02
4.228549e-02
-1.065985e-02
-7.802865e-02
-1.180094e-01
-1.146500e-01
3.170662e-02
8.291506e-02
6.992160e-03
-7.618203e-02
-8.354590e-02
-1.299989e-01
-1.803713e-01
-1.924636e-01
-1.808614e-01
-1.759109e-01
-1.875274e-01
-1.770470e-01
-1.576815e-01
-1.493573e-01
-1.261704e-01
-7.457020e-02
-2.949238e-02
-1.477428e-02
-5.004035e-02
-6.577829e-02
-5.997868e-02
-7.459882e-02
-2.659382e-02
8.403090e-03
3.196113e-02
5.489610e-02
-3.836190e-02
-1.382471e-01
-1.590489e-01
-2.138434e-01
-2.336746e-01
-1.736287e-01
-1.478357e-01
-1.112860e-01
-6.415979e-02
-1.970086e-02
5.888028e-02
1.419475e-01
2.216015e-01
2.741928e-01
2.980449e-01
2.657534e-01
1.838397e-01
1.613731e-01
1.853326e-01
2.363800e-01
2.592369e-01
3.009162e-01
3.281058e-01
3.266426e-01
3.208113e-01
2.863215e-01
2.688294e-01
2.598059e-01
2.236351e-01
1.937801e-01
1.717587e-01
1.702318e-01
1.491868e-01
1.237199e-01
1.609939e-01
1.620772e-01
1.342496e-01
1.121554e-01
1.211430e-01
2.613116e-01
3.706794e-01
4.447671e-01
4.334152e-01
4.678538e-01
5.523893e-01
5.698898e-01
5.487311e-01
4.658279e-01
4.408826e-01
4.613776e-01
3.251064e-01
1.557928e-01
9.887275e-02
-2.136049e-02
-1.001746e-01
-2.028019e-01
-1.942280e-01
1.527848e-01
3.667643e-01
4.133830e-01
3.161762e-01
2.689326e-01
3.756713e-01
5.270258e-01
4.711268e-01
4.055415e-01
3.817997e-01
3.261820e-01
2.349422e-01
1.725350e-01
1.657984e-01
1.121525e-01
3.597533e-02
6.891268e-03
-4.748127e-02
-1.257608e-01
-1.475240e-01
-2.126310e-01
-2.223218e-01
-2.058274e-01
-3.146361e-01
-3.950830e-01
-4.569307e-01
-3.902831e-01
-2.140854e-01
-3.418658e-01
-3.952065e-01
-3.082677e-01
-2.718299e-01
-2.465682e-01
-2.194087e-01
-2.551137e-01
-2.928305e-01
-2.398014e-01
-2.595410e-01
-3.701921e-01
-4.168141e-01
-5.182717e-01
-6.206598e-01
-4.961601e-01
-4.234835e-01
-4.742845e-01
-6.284826e-01
-6.968590e-01
-6.720520e-01
-5.162042e-01
-3.125160e-01
-3.398429e-01
-3.118633e-01
-2.197016e-01
-1.691808e-01
-1.582733e-01
-2.189571e-01
-2.245166e-01
-2.188943e-01
-2.309091e-01
-1.732126e-01
-1.198951e-01
-8.168622e-02
1.604670e-02
3.903073e-02
-1.051526e-01
-1.864969e-01
-1.816597e-01
-9.748597e-02
1.270717e-02
9.422898e-02
1.136619e-01
1.192397e-01
4.049628e-02
3.266849e-02
7.170558e-02
3.250249e-02
-8.312602e-02
-1.932679e-01
-1.815226e-01
-1.267982e-01
-1.445700e-01
-1.979061e-01
-1.737792e-01
-9.353092e-02
-4.043997e-02
1.066460e-01
1.705427e-01
1.675981e-01
2.209974e-01
2.268293e-01
2.275670e-01
2.562987e-01
2.706411e-01
2.536120e-01
2.287573e-01
2.268888e-01
2.217288e-01
2.224638e-01
2.228474e-01
2.005626e-01
1.863294e-01
1.791839e-01
1.600889e-01
1.537874e-01
1.832288e-01
2.053107e-01
2.330004e-01
2.590251e-01
2.666076e-01
2.449260e-01
2.401608e-01
2.178441e-01
1.788648e-01
1.686323e-01
1.343442e-01
1.096083e-01
1.069230e-01
9.246075e-02
7.036122e-02
5.766210e-02
5.574062e-02
5.451210e-02
5.902623e-02
8.112994e-02
6.949789e-02
6.329938e-02
8.466390e-02
6.152081e-02
-3.694215e-02
-1.098319e-01
-1.532127e-01
-2.195334e-01
-2.167499e-01
-1.867925e-01
-1.706518e-01
-1.966752e-01
-2.410209e-01
-2.508880e-01
-2.859269e-01
-1.921162e-01
-1.327307e-01
-4.215769e-02
1.295921e-01
2.796108e-01
4.084919e-01
4.479110e-01
4.604295e-01
3.607481e-01
2.636430e-01
2.042212e-01
7.295113e-02
-1.722723e-02
-5.431261e-02
-1.084300e-01
-1.497345e-01
-1.594176e-01
-1.625216e-01
-1.897571e-01
-2.562760e-01
-3.215865e-01
-1.893805e-01
-1.497555e-01
-1.816865e-01
-1.781934e-01
-2.170265e-01
-2.791436e-01
-3.088918e-01
-2.808854e-01
-2.301685e-01
-2.110609e-01
-2.191757e-01
-1.258363e-01
8.879895e-02
3.239367e-01
3.717928e-01
4.253192e-01
5.246694e-01
4.298230e-01
1.548878e-01
1.542777e-01
7.364037e-02
-4.026429e-03
5.652610e-02
6.128349e-02
2.554525e-02
8.527480e-02
9.993232e-02
3.613728e-02
2.431456e-03
-9.011307e-02
-2.087858e-01
-2.101876e-01
-1.744820e-01
-1.914049e-01
-1.651611e-01
-2.065928e-01
-2.080111e-01
-1.228131e-01
-1.069996e-01
-1.801289e-01
-1.451395e-01
-1.276126e-01
-1.990247e-01
-2.266212e-01
-2.533211e-01
-2.643543e-01
-2.059548e-01
-2.161267e-01
-2.029927e-01
-1.273824e-01
-6.809282e-02
-1.642741e-02
1.826583e-02
-6.093775e-02
-1.284707e-01
-8.258243e-02
2.418287e-02
1.129835e-01
2.165816e-01
2.676662e-01
9.181554e-02
1.009491e-01
1.120269e-01
4.742576e-02
-9.711967e-02
-2.322925e-01
-2.486406e-01
-3.116712e-01
-3.243339e-01
-1.975894e-01
-2.108490e-01
-2.564618e-01
-1.295116e-01
-4.195618e-03
-2.616040e-02
8.208815e-02
2.025447e-01
-4.146964e-03
-1.435534e-01
-1.642157e-01
-2.494361e-01
-1.513431e-01
-4.386577e-02
-8.751392e-02
-9.236317e-02
-9.539250e-02
-1.048399e-01
-1.237694e-01
-3.970902e-02
3.969634e-02
-6.698422e-02
-1.267524e-01
-1.434009e-01
-2.966744e-01
-2.405845e-01
-1.101986e-01
-3.997769e-02
-3.069825e-02
-4.644510e-02
-6.736236e-02
-4.707057e-02
2.249946e-02
5.242869e-02
3.920934e-03
-1.606739e-02
5.217062e-02
1.026942e-01
1.539774e-01
2.117216e-01
2.185876e-01
1.622821e-01
1.195462e-01
1.311401e-01
1.049540e-01
8.413857e-02
9.530256e-02
1.194845e-01
1.629592e-01
2.029678e-01
2.541294e-01
3.036540e-01
3.121670e-01
3.192969e-01
3.227869e-01
3.132121e-01
2.962498e-01
2.618424e-01
1.966941e-01
1.404617e-01
7.088308e-02
3.647220e-02
4.161428e-02
2.313754e-02
-1.657998e-02
-1.756078e-02
5.139043e-02
5.317424e-02
4.217414e-02
8.197071e-02
1.136144e-01
1.086086e-01
4.224759e-02
2.558970e-02
7.378853e-02
6.666783e-02
-4.939650e-02
-2.777734e-01
-3.927422e-01
-1.917968e-01
2.706013e-01
5.091671e-02
-1.547969e-01
-4.347053e-02
1.199347e-03
-2.312137e-02
-6.646252e-02
-1.861077e-01
-3.223179e-01
-4.739407e-01
-4.830230e-01
-4.112478e-01
-4.459739e-01
-3.883347e-01
-1.801843e-01
-1.237637e-01
-2.300125e-01
-3.304143e-01
-2.348236e-01
-1.391723e-01
-6.799748e-02
7.305715e-02
2.277675e-01
4.108958e-01
6.542651e-01
7.952342e-01
6.074426e-01
4.117544e-01
4.233366e-01
3.058022e-01
1.679667e-01
4.708303e-02
-1.071589e-01
-1.630779e-01
-7.992448e-02
4.435858e-02
1.791398e-01
-2.183369e-01
-4.201358e-01
-4.339681e-01
-3.106646e-01
-3.502890e-01
-4.545853e-01
-3.766140e-01
-2.158081e-01
-2.290802e-01
-1.832004e-01
1.926393e-02
2.490975e-02
6.643232e-02
1.063280e-04
3.378579e-02
1.276819e-01
5.205066e-02
-1.512551e-02
-2.953414e-02
-8.742511e-02
-1.138197e-01
-1.202555e-01
-1.304158e-01
1.210379e-01
3.921526e-01
3.692566e-01
3.089743e-01
1.276155e-01
3.912087e-02
-1.157385e-02
-9.010224e-02
-1.321597e-01
-1.672393e-01
-2.143768e-01
-2.467483e-01
-2.562357e-01
-2.568540e-01
-2.168610e-01
-1.344862e-01
-7.033463e-02
-5.942889e-02
-1.029502e-01
-1.893220e-01
-3.119246e-01
-4.401815e-01
-1.400413e-01
5.597921e-02
-7.124494e-02
-4.152921e-02
7.824605e-02
8.656336e-02
1.026184e-01
2.053107e-01
1.588224e-01
-1.797178e-02
-2.156247e-03
1.033490e-01
5.524984e-02
-1.576720e-01
-2.028294e-01
-3.265814e-01
-4.170374e-01
-1.354737e-01
4.110759e-01
1.910331e-01
-2.171840e-02
1.285205e-01
1.117405e-01
9.417023e-02
1.417086e-01
1.656749e-01
1.901460e-01
2.559449e-01
3.322529e-01
3.346098e-01
3.031311e-01
2.557390e-01
1.125865e-01
9.945163e-02
7.816059e-02
8.178482e-04
-1.237078e-01
-1.498588e-01
-1.175827e-01
-1.207859e-01
-2.116407e-01
-2.730011e-01
-2.641221e-01
-2.794826e-01
-3.268742e-01
-3.481768e-01
-3.236175e-01
-1.976788e-01
1.049388e-02
2.838061e-02
8.541740e-02
3.415861e-01
7.324183e-01
9.361908e-01
7.787389e-01
6.934146e-01
6.382412e-01
4.444358e-01
3.360837e-01
3.128601e-01
2.180909e-01
9.110038e-02
3.580286e-02
-1.056305e-02
-3.898320e-02
-2.327498e-02
1.655143e-02
-3.193282e-02
1.382752e-02
9.348059e-02
1.125051e-01
3.870296e-02
-1.357112e-01
-2.961868e-01
-3.251054e-01
-2.943039e-01
-3.267591e-01
-2.277624e-01
-2.029890e-01
-3.618568e-01
-4.673631e-01
-4.921040e-01
-3.930152e-01
-2.617094e-01
-2.819269e-01
-3.157195e-01
-3.362486e-01
-4.201448e-01
-4.154439e-01
-2.098584e-01
-2.062958e-01
-1.821521e-01
1.394471e-02
3.377764e-01
1.058157e+00
1.219037e+00
1.020706e+00
8.976721e-01
6.053174e-01
4.392076e-01
4.708675e-01
5.540157e-01
4.612230e-01
1.090124e-01
-1.740622e-01
-3.542367e-02
2.418797e-01
2.412648e-01
1.343535e-01
1.157171e-01
8.367950e-02
-6.055796e-02
-6.612046e-02
3.856115e-02
2.468928e-02
-1.167989e-01
-2.322615e-01
-3.545048e-01
-5.049506e-01
-5.556645e-01
-6.170828e-01
-4.754091e-01
-2.343994e-01
-3.015117e-01
-3.695950e-01
-2.000302e-01
3.014337e-02
1.658976e-01
2.126499e-01
1.689931e-01
1.699279e-02
1.188582e-01
3.006387e-01
3.052754e-01
2.931174e-01
3.004992e-01
4.702682e-01
6.413839e-01
8.483617e-01
8.350775e-01
5.981592e-01
4.466209e-01
1.909314e-01
1.864031e-01
2.093208e-01
1.856715e-01
1.534810e-01
1.277577e-01
8.460234e-02
9.563658e-03
-2.872010e-02
-1.438103e-01
-2.238243e-01
-6.619251e-02
2.344870e-02
-5.916980e-02
-1.357850e-01
8.780736e-02
3.304528e-01
4.437185e-01
5.902143e-01
4.886173e-01
2.399954e-01
-1.572574e-01
-3.533128e-01
-5.190433e-01
-5.380763e-01
-2.502103e-01
-2.112876e-01
-5.020281e-01
-6.599654e-01
-7.449869e-01
-9.512118e-01
-9.465790e-01
-3.189173e-01
-8.593310e-02
1.589078e-01
4.980723e-01
1.840217e-01
1.096866e-01
2.025275e-01
1.048108e-01
2.405029e-02
-2.039334e-02
-4.179603e-02
-6.397443e-02
-6.420552e-02
-9.373702e-02
-1.142326e-01
-3.361342e-02
1.046151e-01
7.674321e-02
-1.760229e-02
-6.641662e-02
-3.276487e-02
2.605393e-01
2.955921e-01
3.181671e-01
3.985669e-01
3.340419e-01
1.939551e-01
6.874302e-02
-9.693830e-02
-3.053430e-01
-2.806408e-01
-3.097080e-02
-1.204401e-03
-1.079219e-01
-4.586564e-02
-1.654098e-02
6.085945e-02
1.271451e-01
1.271811e-01
5.689102e-02
5.730534e-02
4.382837e-02
-5.031982e-02
-9.394147e-02
4.427061e-02
2.907182e-01
4.591739e-01
2.406539e-01
-7.615943e-02
-1.098529e-02
-3.615954e-02
-1.194134e-01
-7.229188e-02
-9.240942e-02
-1.364598e-01
-1.416359e-01
-1.950513e-01
-2.101641e-01
-2.169922e-01
-2.512723e-01
-2.248367e-01
-1.309011e-01
6.746533e-02
1.683920e-01
3.746970e-01
4.340909e-01
4.396556e-01
4.731656e-01
4.511631e-01
2.797136e-01
1.010713e-01
-5.501576e-02
-2.635754e-01
-3.041184e-01
-3.056877e-01
-3.286086e-01
-3.734455e-01
-3.869654e-01
-3.360225e-01
-3.140343e-01
-3.241883e-01
-2.939286e-01
-2.914868e-01
-2.966475e-01
-1.975012e-01
-7.421032e-02
1.231612e-02
5.377609e-02
1.331643e-01
1.792073e-01
2.007742e-01
2.017482e-01
1.487445e-01
4.149345e-02
-3.757785e-02
-9.353056e-02
-9.839010e-02
-7.337629e-02
-8.071036e-02
-1.022052e-01
-1.368604e-01
-1.645763e-01
-1.261444e-01
-3.020508e-02
1.184257e-02
4.564940e-02
1.115016e-01
1.575886e-01
1.665349e-01
1.689694e-01
1.711281e-01
1.698154e-01
1.647435e-01
1.349166e-01
8.375341e-02
3.154548e-02
-7.038593e-03
-6.084237e-02
-8.406422e-02
-1.085799e-01
-1.322346e-01
-1.492617e-01
-1.653342e-01
-1.671680e-01
-1.662125e-01
-1.926241e-01
-2.063453e-01
-1.599510e-01
-6.546882e-02
1.575256e-02
7.376432e-02
1.521238e-01
2.706421e-01
3.507504e-01
2.854555e-01
2.029941e-01
1.547715e-01
9.022268e-02
5.611957e-02
2.244219e-02
-2.732742e-02
-1.211616e-01
-1.804682e-01
-1.900909e-01
-1.920358e-01
-1.731901e-01
-1.653750e-01
-9.908083e-02
-3.965578e-02
-4.173159e-02
-3.913938e-02
-1.303474e-02
2.144619e-02
4.892703e-02
5.357246e-02
5.309764e-02
7.487287e-02
7.183903e-02
1.203165e-02
5.515493e-03
-1.988139e-02
-1.200453e-01
-1.231260e-01
-9.551530e-02
-9.741642e-02
-1.308544e-01
-1.616239e-01
-1.665753e-01
-1.343700e-01
-9.585490e-02
-1.441479e-03
1.262387e-02
6.912483e-02
1.642032e-01
1.768895e-01
1.978963e-01
2.029460e-01
1.833302e-01
1.663639e-01
1.384782e-01
1.107136e-01
7.501528e-02
3.020295e-02
2.422044e-02
2.163378e-02
3.554872e-03
-1.356546e-02
-5.540484e-02
-8.391509e-02
-8.751307e-02
-1.327965e-01
-1.496018e-01
-1.600629e-01
-1.650391e-01
-1.468251e-01
-1.416223e-01
-1.386128e-01
-1.101219e-01
-8.416612e-02
-7.187374e-02
-9.456554e-02
-1.455889e-01
-1.332074e-01
-4.231321e-02
8.566400e-04
2.313685e-02
-2.832467e-02
-9.981928e-02
-8.276871e-02
-6.975356e-02
2.394576e-03
5.594283e-02
7.102319e-02
1.124112e-01
1.043847e-01
3.470817e-02
4.760065e-02
6.599124e-02
4.906984e-02
9.396238e-03
-2.175126e-03
-2.434471e-02
-6.694153e-02
-7.791826e-02
-9.134343e-02
-1.199485e-01
-1.128805e-01
-1.040636e-01
-1.101877e-01
-1.382364e-01
-1.150857e-01
1.467603e-02
1.025421e-01
1.577118e-01
1.391519e-01
9.116397e-02
1.008246e-01
1.334238e-01
1.087107e-01
8.093740e-02
8.777476e-02
1.066488e-01
1.314827e-01
1.422322e-01
1.197177e-01
7.368803e-02
4.050849e-02
4.053988e-02
6.354677e-02
5.985923e-02
8.292183e-02
9.650655e-02
7.436337e-02
5.659396e-02
5.430376e-02
5.434225e-02
4.458411e-02
1.483196e-02
-1.895468e-02
-4.294887e-02
-6.316886e-02
-8.696610e-02
-1.121627e-01
-1.240865e-01
-1.244969e-01
-1.207984e-01
-9.719694e-02
-5.222573e-02
-3.212113e-02
-1.774004e-02
4.127020e-03
6.897548e-03
1.450133e-02
3.419535e-02
5.512564e-02
7.310830e-02
8.449403e-02
9.166017e-02
8.135486e-02
7.177716e-02
7.054542e-02
5.837702e-02
4.697655e-02
3.345541e-02
6.820713e-03
-1.193621e-02
-2.301773e-02
-3.793488e-02
-4.050892e-02
-3.456253e-02
-4.269770e-02
-5.597669e-02
-8.427796e-02
-1.127098e-01
-1.058674e-01
-9.653211e-02
-1.132449e-01
-1.034701e-01
-5.535971e-02
1.488117e-02
3.937573e-02
5.608676e-02
8.678335e-02
6.512984e-02
4.281868e-02
3.280272e-02
2.581404e-02
1.884665e-02
3.044521e-03
-2.879184e-02
-4.131115e-02
-4.545301e-02
-2.753097e-02
-5.606600e-03
-1.380171e-04
1.580752e-02
2.995811e-02
2.112649e-02
2.234332e-02
2.030307e-02
-3.200123e-03
-1.636162e-02
-1.403514e-02
-3.316476e-03
-1.068489e-02
-3.258940e-02
-6.430438e-02
-9.072960e-02
-1.009726e-01
-4.209739e-02
-1.326543e-02
-1.377460e-02
8.140450e-03
3.021514e-02
4.115539e-02
2.399242e-02
2.065414e-02
2.937909e-02
1.709330e-02
5.033808e-03
3.793879e-03
1.973878e-02
2.922977e-02
2.434823e-02
2.364762e-02
2.431037e-02
1.651522e-02
3.307863e-03
-5.734273e-03
-2.137028e-02
-2.985757e-02
-2.235869e-02
-1.526991e-02
-2.514159e-02
-1.663098e-02
6.760053e-03
1.281279e-02
7.545683e-03
4.314257e-03
1.152416e-02
1.347515e-02
2.902712e-04
-5.798174e-03
-1.147262e-02
-1.498513e-02
-7.416760e-03
-9.213007e-03
-1.146684e-02
-5.492553e-03
-8.095344e-03
-1.413298e-02
-1.567821e-02
-1.941038e-02
-2.395379e-02
-2.782905e-02
-3.203590e-02
-3.433676e-02
-2.515209e-02
-2.396567e-02
-1.767505e-02
-9.568406e-03
-1.953660e-02
-2.226910e-02
-1.604906e-02
-1.172495e-02
-5.407009e-05
1.758298e-02
2.902130e-02
3.200719e-02
3.703066e-02
4.752849e-02
5.532065e-02
5.791560e-02
4.199272e-02
1.147859e-02
-4.359260e-03
2.873728e-04
7.997953e-03
1.043519e-02
1.019538e-02
1.648882e-02
2.410020e-02
3.292787e-02
2.582954e-02
1.930243e-02
2.204070e-02
1.756444e-02
4.459938e-03
-1.017573e-02
-3.082042e-02
-3.532439e-02
-3.495355e-02
-3.098835e-02
-2.407936e-02
-2.417871e-02
-2.664741e-02
-3.315176e-02
-3.628545e-02
-3.299359e-02
-3.513948e-02
-2.617495e-02
1.010780e-04
3.260508e-02
4.281888e-02
3.231363e-02
2.927815e-02
2.901451e-02
3.931981e-02
5.093772e-02
4.455711e-02
1.969763e-02
1.236278e-02
1.429520e-02
9.192204e-03
1.191308e-02
1.406694e-02
8.589732e-03
6.482344e-03
4.888615e-03
1.813692e-03
4.566817e-03
6.472544e-03
5.039055e-03
2.023439e-03
3.987104e-04
3.887996e-03
1.638517e-02
3.001400e-02
4.234666e-02
4.737671e-03
-1.240605e-02
-1.001909e-02
-3.276958e-02
-3.822501e-02
-2.475989e-02
-3.140545e-02
-3.134581e-02
-1.941406e-02
-1.251679e-02
-1.689274e-03
1.445767e-03
2.637298e-05
1.134364e-02
2.335286e-02
4.402434e-02
5.816910e-02
5.439601e-02
4.794229e-02
3.838258e-02
2.785261e-02
2.521351e-02
2.830409e-02
2.645891e-02
1.971192e-02
1.591586e-02
1.229292e-02
6.684290e-03
6.616600e-03
1.105914e-02
1.007586e-02
7.740441e-04
-1.596164e-03
8.016719e-03
-1.115890e-04
1.330205e-03
1.142566e-02
3.209857e-03
-3.138011e-03
6.828428e-05
5.149035e-03
6.067585e-03
1.121400e-02
2.061568e-02
2.228392e-02
2.432389e-02
2.480467e-02
1.978855e-02
1.630269e-02
1.232412e-02
6.926000e-03
5.373050e-03
7.562314e-03
1.612257e-02
2.845848e-02
2.467291e-02
1.932928e-02
7.561393e-03
8.516568e-04
-9.729539e-03
-1.216258e-02
-6.890998e-03
-1.522638e-02
-1.500583e-02
-9.251924e-03
-8.925008e-03
1.897931e-04
1.212580e-02
6.818616e-03
-4.574969e-03
-8.160668e-03
-1.543063e-02
-1.711005e-02
-1.835066e-02
-2.618314e-02
-3.456451e-02
-3.327658e-02
-2.979492e-02
-1.903165e-02
-7.926793e-03
-9.514550e-03
4.470614e-03
2.676649e-02
3.406947e-02
2.537430e-02
1.423964e-02
1.260424e-02
1.364520e-02
8.727815e-03
-5.898874e-03
-1.856254e-02
-1.456675e-02
-1.211590e-02
4.358824e-03
1.068898e-03
-6.910626e-03
-1.359126e-02
-2.328867e-02
-3.257803e-02
-3.412262e-02
-3.176857e-02
-4.185762e-02
-4.914544e-02
-4.414528e-02
-4.480480e-02
-4.794718e-02
-4.627031e-02
-4.042953e-02
-2.757640e-02
-6.898301e-03
-4.160349e-03
-1.357526e-02
-3.339794e-04
1.259840e-02
1.450608e-02
1.665778e-02
7.056754e-03
-2.105632e-02
-2.772275e-02
-2.397829e-02
-2.267621e-02
-1.541976e-02
-2.195638e-02
-2.766624e-02
-3.025073e-02
-3.812021e-02
-3.869322e-02
-1.505613e-02
-1.068156e-02
-3.206239e-02
-4.216451e-02
-4.852423e-02
-4.583286e-02
-3.200883e-02
-1.536647e-02
-9.585351e-03
-2.492015e-03
8.319127e-03
7.150999e-03
-7.734518e-05
-1.327933e-03
-1.374721e-03
2.717295e-04
-8.709779e-03
-2.206301e-02
-2.811271e-02
-2.752301e-02
-1.279222e-02
3.801264e-04
-3.855003e-04
-7.106118e-03
-4.359244e-03
9.788338e-04
2.208443e-03
-1.271983e-03
-8.472340e-04
3.851240e-03
5.396437e-03
3.312297e-03
1.592681e-04
-1.256839e-03
-2.954440e-03
-9.766418e-03
-1.359446e-02
-6.875872e-03
-7.372990e-03
-1.100265e-02
2.876669e-04
4.056251e-03
2.340328e-03
-6.382256e-03
-2.458367e-02
-2.032713e-02
-1.643236e-02
-1.490501e-02
-4.977829e-03
-5.849765e-03
-9.206991e-03
-2.787148e-03
1.607600e-03
4.299472e-03
9.916063e-03
3.252488e-03
-4.377012e-03
-6.478667e-03
-3.321147e-03
-2.435674e-03
3.415591e-03
1.813094e-03
-1.412976e-02
-2.746807e-03
-3.763694e-03
-3.767680e-03
3.090783e-04
-9.728797e-03
-1.549420e-02
-1.829414e-02
-1.884602e-02
-1.284684e-02
-1.072004e-02
-1.138138e-02
-1.097617e-02
-1.158222e-02
1.798223e-03
8.660601e-03
-4.214697e-03
-1.331889e-03
2.329381e-03
-3.323137e-04
8.420859e-04
1.832995e-03
1.105127e-03
-1.393120e-03
-3.896484e-03
-5.912573e-03
-8.021554e-03
-4.413409e-03
6.357302e-05
7.995979e-04
-2.201873e-03
-1.209624e-03
3.702504e-03
4.924509e-03
3.537355e-03
2.648928e-03
6.052392e-03
8.216127e-03
9.396216e-03
1.023746e-02
7.814202e-03
7.760019e-03
8.721127e-03
7.334335e-03
6.200035e-03
5.810295e-03
5.620860e-03
7.087941e-03
-4.288569e-03
-1.763839e-02
-2.155386e-02
-1.970719e-02
-1.536678e-02
-6.531483e-03
2.939901e-03
8.919141e-03
1.712896e-02
2.156965e-02
3.309236e-02
4.090363e-02
4.074034e-02
2.498857e-02
1.892186e-02
1.593771e-02
1.488451e-02
1.693000e-02
1.693962e-02
1.855898e-02
1.710879e-02
9.269961e-03
8.320245e-03
1.316988e-02
1.307943e-02
1.073556e-02
4.077303e-03
-1.402792e-04
1.662488e-03
-4.747050e-04
-4.725000e-03
8.023280e-03
1.591381e-02
2.179147e-02
3.544615e-02
4.645667e-02
5.235586e-02
5.089766e-02
3.978768e-02
2.590335e-02
7.081265e-03
3.392284e-03
-4.904369e-03
-4.311365e-03
-3.333858e-03
-4.043973e-03
-2.420694e-03
-1.152195e-03
6.969246e-03
1.116507e-02
1.584382e-02
1.630102e-02
8.520248e-03
7.262734e-03
6.764798e-03
2.852153e-03
7.023632e-04
1.779833e-04
7.245064e-03
1.288286e-02
1.694553e-02
2.200644e-02
1.145835e-02
-1.429753e-03
-3.296124e-03
-4.161513e-03
-6.416645e-03
-2.394068e-03
-4.560191e-03
-9.772201e-03
-6.697094e-03
-1.990083e-03
-1.241519e-03
1.950391e-03
6.173070e-03
8.996603e-03
7.733277e-03
4.183230e-03
-7.081827e-04
-5.253397e-03
-1.224880e-02
-1.876247e-02
-2.283925e-02
-2.708362e-02
-2.791539e-02
-2.879125e-02
-3.059493e-02
-3.127271e-02
-2.921510e-02
-2.476515e-02
-1.845079e-02
-1.727878e-03
1.060720e-02
2.179892e-02
3.172813e-02
3.025405e-02
2.727405e-02
2.368100e-02
2.105672e-02
1.311970e-02
2.755942e-03
-4.677109e-03
-1.240295e-02
-3.991059e-03
7.152869e-03
3.808773e-03
9.131343e-03
1.522732e-02
1.066032e-02
1.793039e-03
-1.222149e-02
-2.892109e-02
-2.861015e-02
-2.512644e-02
-1.971969e-02
-2.667130e-02
-2.595620e-02
-2.320957e-02
-1.141943e-02
-1.532995e-03
-1.490793e-03
-1.547186e-03
-4.885414e-03
-1.086545e-02
-1.375534e-02
-1.083818e-02
-1.110328e-02
-1.483483e-02
-1.088821e-02
-4.410714e-03
-3.106731e-03
-6.071860e-03
-7.041588e-03
-5.725932e-03
-6.106722e-03
-1.178170e-02
-1.487925e-02
-1.537339e-02
-8.863112e-03
-4.869949e-03
-6.906172e-03
-6.240597e-03
-4.390015e-03
-1.377443e-03
1.579722e-03
4.682492e-03
1.168948e-02
1.481499e-02
1.609739e-02
2.009311e-02
1.946732e-02
1.436222e-02
1.534874e-02
1.775774e-02
1.686172e-02
1.776917e-02
1.893071e-02
1.682672e-02
1.417790e-02
1.351933e-02
1.739704e-02
2.086923e-02
2.185813e-02
1.203444e-02
-2.951159e-03
-1.571760e-02
-2.497436e-02
-2.137781e-02
-1.485146e-02
-1.288674e-02
-1.207089e-02
-9.611785e-03
3.230523e-04
1.014873e-02
1.541244e-02
9.541879e-03
5.062202e-03
-7.537531e-03
-2.747394e-02
-2.694204e-02
-2.193149e-02
-1.620030e-02
-1.567664e-02
-1.649634e-02
-7.258346e-03
-3.343751e-03
-8.530760e-05
1.285426e-03
-2.656981e-03
3.371895e-04
-2.675175e-03
-9.501357e-03
-3.685394e-03
2.537246e-03
1.906097e-03
-3.695058e-03
-5.995326e-03
-1.964124e-03
1.401291e-04
-5.415483e-03
-8.953352e-03
-5.735634e-03
-4.433937e-03
-6.449775e-03
-7.852027e-03
-6.055259e-03
-4.354909e-03
-3.427220e-03
-1.691061e-03
-9.693688e-04
-4.352185e-03
-5.617588e-03
4.826105e-03
1.778520e-02
1.362725e-02
2.853716e-03
1.115551e-02
1.925444e-02
1.463216e-02
6.961865e-03
5.832463e-03
1.390382e-02
1.807424e-02
1.663632e-02
9.616556e-03
1.846857e-03
-1.925066e-03
7.243598e-03
1.629696e-02
1.257469e-02
1.323869e-03
-4.293214e-03
-1.095841e-02
-2.834749e-03
9.199065e-03
6.208462e-04
9.537707e-04
8.364639e-03
1.336703e-02
1.771025e-02
2.467453e-02
2.995783e-02
2.062599e-02
-2.924330e-04
-6.767052e-03
9.883442e-03
7.697539e-03
-6.076883e-03
-6.184582e-03
3.662283e-03
1.159046e-02
2.074662e-02
1.964475e-02
5.646029e-03
6.205868e-03
2.375326e-03
2.989050e-03
2.423228e-03
-1.361909e-02
-2.306782e-02
-2.063672e-02
-4.171562e-03
9.956872e-03
-3.040369e-03
-1.254762e-02
-8.804606e-03
-5.267070e-03
-6.455496e-03
-4.806118e-03
-8.213270e-03
-1.260298e-02
-1.485312e-02
-1.509323e-02
-6.123556e-03
-5.969389e-04
-4.978359e-04
1.870285e-03
9.693058e-03
1.443512e-02
2.216307e-02
2.216591e-02
9.339918e-03
6.684774e-04
-6.028435e-03
-8.853378e-03
-1.270624e-02
-1.711033e-02
-1.976683e-02
-1.990666e-02
-1.305844e-02
-8.768928e-03
-9.355456e-03
-1.191098e-02
-9.703819e-03
-1.873399e-03
3.200390e-03
1.021859e-02
2.404886e-02
3.171440e-02
3.150932e-02
3.474710e-02
3.822715e-02
3.658646e-02
3.079211e-02
2.172176e-02
1.120418e-02
1.879199e-03
-8.683101e-03
-1.179861e-02
-1.648355e-03
-2.763735e-03
-1.045234e-02
-1.054971e-02
-1.013876e-02
-4.557970e-03
6.066907e-03
1.161096e-02
3.440128e-03
-2.729061e-03
-4.703258e-03
-2.470561e-03
1.193725e-03
-4.929694e-04
6.142117e-04
5.023082e-03
1.037325e-02
1.088777e-02
1.167443e-02
1.337925e-02
1.387209e-02
1.685555e-02
2.075428e-02
2.342631e-02
2.721773e-02
3.108846e-02
2.988092e-02
2.239658e-02
1.529524e-02
1.182484e-02
6.922459e-03
-2.611278e-03
-1.515857e-02
-2.132167e-02
-1.500875e-02
-1.360813e-02
-1.312311e-02
-8.825495e-03
-6.281298e-03
-3.911262e-03
-9.471745e-04
1.656048e-03
1.388230e-04
-8.252001e-03
-1.498803e-02
-3.247519e-02
-3.234203e-02
-3.219649e-02
-3.503425e-02
-2.790293e-02
-2.727686e-02
-2.562512e-02
-2.334431e-02
-2.244863e-02
-1.067679e-02
-1.693019e-04
1.440245e-02
3.070058e-02
4.118034e-02
3.962152e-02
4.262190e-02
5.220766e-02
4.943784e-02
2.876908e-02
2.328535e-03
-2.029458e-02
-3.671336e-02
-4.677532e-02
-4.294574e-02
-4.551407e-02
-4.405299e-02
-2.724646e-02
-2.035738e-02
-2.094307e-02
-8.046754e-03
4.496153e-03
9.872735e-03
1.746535e-02
1.769991e-02
8.490909e-03
7.547644e-03
1.297478e-02
8.033123e-03
-2.086965e-03
-6.306410e-03
-1.108689e-02
-7.492869e-03
-4.015875e-04
-2.148882e-03
-9.735118e-03
-2.150289e-02
-2.090221e-02
-1.894135e-02
-1.620862e-02
-9.944722e-03
-3.258871e-03
6.324139e-04
5.608759e-03
9.630686e-03
9.520289e-03
1.536689e-02
2.441242e-02
3.269531e-02
3.361291e-02
2.446058e-02
1.550130e-02
8.337848e-03
9.143799e-04
-3.669946e-03
-5.857478e-03
-1.012319e-02
-1.679770e-02
-2.299823e-02
-2.477232e-02
-2.743298e-02
-2.907555e-02
-2.186925e-02
-1.184226e-02
-6.210800e-03
1.933282e-03
1.087146e-02
1.459823e-02
1.379428e-02
1.644034e-02
1.765475e-02
1.282119e-02
6.045419e-03
3.659463e-03
1.118911e-02
1.448078e-02
8.110710e-03
7.990287e-04
-3.233559e-03
-3.683578e-03
-2.659274e-03
-9.170803e-03
-1.894378e-02
-2.271460e-02
-1.765320e-02
-7.872215e-03
-1.708932e-04
3.145188e-03
-9.526071e-03
-1.280558e-02
-1.394772e-02
-1.473423e-02
-4.027500e-03
-1.132991e-03
1.910071e-03
9.188442e-03
1.502052e-02
1.963346e-02
1.737051e-02
1.399507e-02
8.645068e-03
-6.579106e-03
-1.123516e-02
-1.348603e-02
-2.159783e-02
-2.475482e-02
-2.145559e-02
-2.118553e-02
-2.057567e-02
-1.434778e-02
-9.111871e-03
-4.890536e-03
4.192038e-03
1.496977e-02
2.335105e-02
2.256408e-02
1.582415e-02
1.652706e-02
1.695996e-02
2.608245e-02
2.284760e-02
1.113979e-02
-2.038600e-02
-2.608015e-02
-1.675373e-02
-1.632438e-02
-2.024343e-02
-2.286359e-02
-2.393878e-02
-2.244886e-02
-9.439572e-03
-5.362932e-04
-7.897146e-03
-1.395017e-02
-1.513168e-02
-8.108587e-03
1.167696e-02
1.418525e-02
7.299402e-03
1.029321e-02
1.257440e-02
1.427915e-02
1.615942e-02
1.859222e-02
2.113191e-02
2.251629e-02
1.724635e-02
1.338404e-02
1.081462e-02
1.053328e-02
1.543542e-02
9.353751e-03
3.063630e-03
1.161521e-03
-4.413401e-03
-9.968549e-03
-1.472628e-02
-2.061889e-02
-2.689707e-02
-3.463767e-02
-4.010672e-02
-3.068549e-02
-2.164187e-02
-1.066689e-02
7.465570e-03
2.405007e-02
3.028008e-02
3.128551e-02
3.249640e-02
3.221081e-02
2.427483e-02
7.613213e-03
8.299317e-03
7.451875e-03
3.583628e-04
-2.068209e-03
-1.032289e-02
-1.753655e-02
-1.235805e-02
-9.619564e-03
-1.159053e-02
-1.305855e-02
-8.798240e-03
2.384196e-03
9.843482e-03
1.536035e-02
8.209361e-03
2.104634e-04
-5.628093e-03
-9.327294e-03
-6.792981e-03
-9.994871e-03
-1.764111e-02
-2.115422e-02
-1.756917e-02
-1.078587e-02
-8.439289e-03
-6.386433e-03
-9.444650e-03
-5.525738e-03
4.212959e-03
7.670283e-03
1.182274e-02
1.064130e-02
1.001078e-02
1.228577e-02
1.297061e-02
6.532359e-03
2.109701e-04
-3.365644e-03
8.453796e-04
1.114889e-02
1.520137e-02
1.693713e-02
1.937767e-02
2.217195e-02
2.212603e-02
2.280852e-02
2.501172e-02
2.131600e-02
1.383673e-02
9.498324e-03
2.341703e-03
-2.592005e-03
-2.527444e-03
-5.181911e-03
-7.496728e-03
-8.465462e-03
-9.938519e-03
-8.547675e-03
-6.296662e-03
-8.778195e-03
-1.068739e-02
-7.338004e-03
-1.968375e-03
2.949951e-05
2.004211e-03
5.350370e-03
1.096367e-02
1.650774e-02
1.925871e-02
2.220743e-02
2.577602e-02
2.537441e-02
2.111402e-02
1.733249e-02
1.308161e-02
6.741577e-03
1.367803e-03
-1.706611e-03
3.721517e-03
6.039530e-03
1.375156e-03
3.182114e-03
1.160705e-02
1.385962e-02
1.336640e-02
9.138714e-03
5.636117e-03
1.767243e-03
-5.989669e-03
-1.154605e-02
-6.620752e-03
-1.448345e-03
5.028926e-04
7.383687e-03
1.241414e-02
1.398745e-02
1.802943e-02
2.153711e-02
1.942098e-02
1.352150e-02
1.168154e-02
1.570160e-02
2.334240e-02
2.660602e-02
1.863906e-02
3.500765e-03
-1.659383e-03
6.505472e-03
9.354356e-03
1.039180e-02
1.074729e-02
7.559148e-03
4.635373e-03
-2.567752e-03
-6.500670e-03
-6.127533e-03
-8.835831e-03
-1.089051e-02
-7.943694e-03
3.343753e-03
9.793380e-03
1.294554e-02
1.994405e-02
2.597277e-02
2.528435e-02
1.599660e-02
1.144974e-02
3.207986e-03
-1.012667e-02
-1.984579e-02
-2.805398e-02
-1.787777e-02
-1.076293e-02
-1.983644e-02
-1.889140e-02
-1.029084e-02
-5.693881e-03
-2.747578e-03
8.416115e-04
4.672587e-03
4.611183e-03
1.778720e-04
-5.977916e-04
2.946009e-03
5.065892e-03
3.614028e-03
1.111418e-03
5.536777e-04
6.262076e-04
3.522296e-03
-4.278808e-04
-9.458320e-03
-1.117503e-02
-1.410711e-02
-1.902013e-02
-1.720841e-02
-1.688912e-02
-2.041320e-02
-1.747371e-02
-1.418308e-02
-1.137861e-02
-4.412165e-03
3.184853e-03
1.137877e-02
1.155925e-02
1.036120e-02
7.270371e-03
1.198417e-03
-4.551687e-03
-1.036732e-02
-8.245895e-03
1.693096e-03
1.665267e-03
-3.551896e-03
-3.451693e-03
-7.189590e-04
1.429934e-03
2.588817e-03
2.703962e-03
2.486626e-03
4.088551e-03
6.272946e-03
6.710186e-03
2.316336e-03
-1.602873e-03
-4.187061e-03
-6.366607e-03
-7.078291e-03
-8.724939e-03
-1.055400e-02
-1.260538e-02
-1.446375e-02
-1.646350e-02
-1.525040e-02
-1.098647e-02
-1.382648e-02
-2.104684e-02
-2.383811e-02
-2.531461e-02
-1.638384e-02
-9.733852e-03
-5.210936e-03
-1.424331e-03
9.176505e-04
4.750505e-03
1.089734e-02
1.221592e-02
3.725692e-03
-3.835673e-04
-6.151327e-03
-1.125192e-02
-6.788006e-03
-5.836351e-03
-9.569435e-03
-1.424016e-02
-1.674528e-02
-2.047899e-02
-1.504924e-02
-3.306288e-03
-2.576632e-03
-6.764677e-03
-5.049000e-03
-2.991845e-03
-2.870822e-03
-4.852014e-03
-1.100254e-02
-1.507725e-02
-1.943711e-02
-2.505693e-02
-2.847497e-02
-1.966237e-02
-1.172833e-02
-9.820711e-03
-8.577834e-03
-5.403137e-03
-2.915326e-03
4.355181e-03
1.287152e-02
1.361500e-02
9.170996e-03
9.711454e-03
1.274570e-02
1.692510e-02
1.943416e-02
2.182304e-02
2.213080e-02
1.965105e-02
1.595813e-02
5.232070e-03
-1.252701e-03
-7.602632e-03
-1.972889e-02
-2.911457e-02
-3.322458e-02
-3.979580e-02
-4.540154e-02
-4.587717e-02
-4.328971e-02
-3.527488e-02
-1.925980e-02
-1.030021e-02
-4.152093e-03
4.440196e-03
1.061218e-02
1.685160e-02
2.219561e-02
1.952355e-02
1.964802e-02
2.315258e-02
2.069993e-02
1.676622e-02
1.553030e-02
1.116238e-02
6.472100e-03
2.888602e-03
-7.931641e-04
8.568371e-05
2.562591e-04
-6.040007e-04
-3.609701e-04
-8.981527e-04
-1.398807e-03
-1.574230e-03
-3.791517e-04
1.056038e-03
2.614168e-03
6.270746e-03
9.315922e-03
1.158201e-02
8.956671e-03
5.198459e-03
3.320728e-03
1.511766e-04
-1.000742e-03
-1.897921e-03
-3.748069e-03
-4.796850e-03
-5.392466e-03
-1.087783e-03
4.991150e-03
8.259754e-03
1.066437e-02
1.408129e-02
1.574771e-02
1.335260e-02
7.554057e-03
4.162560e-03
1.070913e-03
-2.673130e-03
6.546202e-04
2.399678e-03
-4.030242e-04
5.427570e-04
2.892445e-03
3.623919e-03
4.622215e-03
4.457554e-03
3.541652e-03
4.799516e-03
5.501003e-03
4.695718e-03
2.914156e-03
1.855892e-03
2.099483e-03
3.893569e-03
4.624512e-03
5.732285e-03
7.282775e-03
8.521505e-03
9.431238e-03
7.925566e-03
6.879605e-03
6.376398e-03
6.147898e-03
6.735321e-03
6.797521e-03
7.851661e-03
1.093574e-02
1.313682e-02
1.530221e-02
1.655623e-02
1.394517e-02
1.271924e-02
1.220068e-02
1.379244e-02
1.464815e-02
1.166869e-02
1.023406e-02
9.282218e-03
8.367112e-03
9.423845e-03
9.569014e-03
7.436410e-03
3.178721e-05
-4.082890e-03
-1.404655e-03
4.562745e-04
8.685173e-04
5.152684e-04
-4.833775e-03
-8.005692e-03
-9.135603e-03
-9.131262e-03
-2.608389e-03
2.662185e-03
4.453412e-03
3.977981e-03
5.525171e-03
8.830383e-03
1.077429e-02
1.210715e-02
8.932295e-03
5.721247e-03
5.248576e-03
1.206505e-02
1.569465e-02
1.443651e-02
1.718743e-02
1.834247e-02
7.734388e-03
-2.467803e-03
-3.354844e-03
-9.039290e-03
-1.860283e-02
-2.884587e-02
-3.615062e-02
-2.906334e-02
-2.317801e-02
-2.715866e-02
-2.379657e-02
-1.455675e-02
-6.022080e-04
7.260094e-03
1.196569e-02
1.663226e-02
1.941365e-02
2.253945e-02
2.285068e-02
1.653311e-02
1.216454e-02
8.672100e-03
5.390719e-03
2.251984e-03
-1.065726e-03
-3.974154e-03
-6.802645e-03
-9.754213e-03
-1.265835e-02
-1.553262e-02
-1.845611e-02
-2.167812e-02
-2.499450e-02
-2.637490e-02
-2.120328e-02
-1.799303e-02
-1.530466e-02
-7.259968e-03
1.250807e-03
6.253163e-03
8.162214e-03
5.982118e-03
2.750086e-03
9.647264e-04
9.551416e-04
1.977212e-03
1.517198e-04
-2.393029e-03
-3.182600e-03
-7.015159e-04
4.041302e-03
5.887411e-03
4.573834e-03
3.357950e-03
-8.856244e-04
-5.153481e-03
-8.909625e-03
-1.346712e-02
-1.290397e-02
-7.685651e-03
-7.945089e-03
-8.185689e-03
-6.168236e-03
-2.775956e-03
3.863322e-03
7.579943e-03
2.609375e-03
-4.137382e-03
-7.706752e-03
-8.665470e-03
-1.042996e-02
-1.271927e-02
-1.323544e-02
-9.286511e-03
-4.961779e-03
3.118411e-03
1.070858e-02
5.097500e-03
6.538731e-03
8.136530e-03
8.123334e-03
9.015439e-03
5.133120e-03
-1.709342e-03
-8.875710e-03
-9.379768e-03
-2.982380e-03
-3.216941e-03
-6.682196e-03
-6.734585e-03
-5.352614e-03
8.570555e-05
4.196978e-03
7.842227e-03
7.654448e-03
4.215211e-03
8.651668e-03
1.306572e-02
1.365556e-02
1.612370e-02
1.417404e-02
1.149385e-02
1.004275e-02
5.869904e-03
2.184509e-03
-1.012446e-03
-4.840687e-03
-8.498919e-03
-6.644511e-03
-1.981339e-05
1.780734e-03
5.121574e-03
9.226534e-03
7.062560e-03
6.139997e-03
6.462350e-03
4.944844e-03
3.855342e-03
3.087606e-03
2.001910e-03
2.545682e-03
6.858190e-03
8.264085e-03
4.409704e-03
3.185547e-03
3.404295e-03
4.063231e-03
4.301354e-03
4.821723e-03
5.659641e-03
5.207491e-03
3.761660e-03
3.432657e-03
4.169437e-03
4.592316e-03
4.844096e-03
5.515784e-03
5.935005e-03
4.182409e-03
1.788198e-03
4.029935e-04
-1.116334e-04
1.188896e-03
-3.094356e-04
-3.686172e-03
-5.109407e-03
-6.610220e-03
-4.071726e-03
-2.003275e-03
-9.395482e-04
1.407698e-03
2.553158e-03
3.608726e-03
5.159166e-03
5.704077e-03
1.629216e-03
-2.083425e-03
-4.581128e-03
-8.588426e-03
-9.679401e-03
-7.076722e-03
-6.897534e-03
-4.852830e-03
-1.488182e-03
6.610582e-04
3.319072e-03
5.989843e-03
4.272749e-03
2.504900e-03
-3.327370e-04
-3.760081e-03
-6.381016e-03
-5.160694e-03
-3.411109e-03
-3.164007e-03
-2.639734e-03
-2.690380e-03
-2.491686e-03
-8.153415e-04
3.444735e-03
6.077879e-03
1.440729e-03
-6.876631e-03
-1.091773e-02
-1.364703e-02
-1.118159e-02
-8.263123e-03
-6.454801e-03
-3.064182e-03
1.499693e-04
1.714707e-03
3.376067e-03
5.480120e-03
7.103175e-03
7.468027e-03
4.830854e-03
3.340699e-03
1.967733e-03
-1.129233e-03
-4.600318e-03
-6.947826e-03
-4.435006e-03
-2.383238e-04
4.438910e-04
-1.300091e-03
-1.503335e-03
-1.863904e-03
-3.349972e-03
-5.785083e-03
-8.634895e-03
-1.097510e-02
-1.369510e-02
-1.519210e-02
-1.306256e-02
-9.814115e-03
-6.979868e-03
-5.089965e-03
-2.728132e-03
-1.918862e-04
-7.903885e-04
-1.474044e-03
2.842373e-03
3.138448e-03
1.524664e-03
2.218162e-03
2.311966e-03
1.877364e-03
6.132942e-04
-2.008118e-04
3.193386e-04
-1.730254e-04
-2.716338e-03
-4.749538e-03
-6.398794e-03
-8.732646e-03
-1.000318e-02
-8.926563e-03
-8.871565e-03
-9.600390e-03
-1.008000e-02
-1.038177e-02
-8.618964e-03
-4.693525e-03
-2.575200e-03
-1.051450e-03
-2.311168e-03
-2.685950e-03
-1.149941e-03
-4.666979e-04
-2.804747e-03
-3.572611e-03
-4.191086e-03
-4.739139e-03
-2.557199e-03
-1.238590e-03
-2.388068e-04
1.400519e-03
2.837265e-03
4.178339e-03
4.916053e-03
3.027769e-03
1.955856e-03
2.849071e-03
3.891148e-03
4.158485e-03
3.414971e-03
-8.265488e-05
-2.240968e-03
-2.215693e-03
-1.628680e-03
-2.168503e-03
-2.682796e-03
-3.123248e-03
-2.432235e-03
-8.344493e-04
-1.501678e-03
-3.428203e-03
-3.994902e-03
-5.145907e-03
-6.169655e-03
-2.033922e-03
1.685967e-03
2.393717e-03
5.156592e-03
4.799584e-03
3.796892e-03
4.027487e-03
2.641119e-03
1.146574e-03
2.044529e-04
-2.956875e-04
1.755595e-04
-7.422658e-04
-2.004867e-03
-4.787264e-04
3.968406e-03
8.180874e-04
-7.128107e-03
-9.621367e-03
-9.754799e-03
-5.134413e-03
-3.180922e-03
-3.527638e-03
-5.330719e-03
-3.527617e-03
3.845740e-03
1.309302e-02
1.670231e-02
1.876157e-02
2.048910e-02
1.804426e-02
1.514791e-02
9.748589e-03
5.344145e-03
9.284337e-04
-2.245542e-03
-5.176148e-03
-8.060836e-03
-6.663815e-03
-6.137561e-03
-8.379231e-03
-8.885324e-03
-5.903510e-03
-5.635563e-03
-8.481744e-03
-6.092849e-03
-3.550892e-04
1.243955e-03
3.581620e-03
7.036771e-03
9.678762e-03
1.229718e-02
1.157093e-02
7.481109e-03
6.222749e-03
3.771638e-03
5.289987e-04
-1.962503e-03
-3.582955e-03
-3.602425e-03
-4.759925e-03
-5.871651e-03
-7.543998e-03
-9.709858e-03
-1.144157e-02
-1.182959e-02
-8.403755e-03
-6.490993e-03
-5.564102e-03
-3.437033e-03
-1.531819e-03
-4.741955e-04
-2.432848e-03
-3.573602e-03
-3.007190e-03
-3.688454e-03
-4.971404e-03
-6.478733e-03
-7.729409e-03
-7.945712e-03
-1.478323e-04
6.049470e-03
7.488471e-03
3.934376e-03
2.768932e-03
1.746972e-03
2.100906e-03
3.420893e-03
7.694537e-04
-2.104969e-03
-3.393625e-03
-5.953970e-03
-4.173166e-03
2.015040e-03
4.490176e-03
5.681144e-03
1.123645e-03
-1.735439e-03
-3.151279e-03
-5.241502e-03
-7.499377e-03
-9.518472e-03
-1.303078e-02
-1.577619e-02
-1.094991e-02
-4.324625e-03
-3.169494e-03
-1.943690e-04
4.445378e-03
9.302584e-03
1.065072e-02
6.209125e-03
5.290741e-03
5.405052e-03
3.516294e-03
1.512880e-03
-1.213618e-03
-3.706302e-03
-5.440068e-03
-2.295025e-03
-1.082972e-04
1.088878e-03
1.592845e-03
-1.122149e-03
-1.824764e-03
-1.410222e-03
-2.235577e-03
-1.778206e-03
-4.432015e-06
7.181236e-04
1.804992e-03
2.195105e-03
-2.264267e-05
2.618357e-04
3.301373e-03
5.751231e-03
6.265703e-03
3.502657e-03
3.082196e-03
2.314607e-03
6.429310e-05
-3.049645e-03
-3.357918e-03
-3.487662e-03
-4.863098e-03
-4.652777e-03
-3.162131e-03
-2.599636e-03
-1.505278e-03
6.560453e-04
1.582927e-03
-1.712899e-04
-3.521008e-04
1.782535e-03
3.996984e-03
6.035832e-03
6.797438e-03
6.880284e-03
6.071397e-03
3.209451e-03
7.737844e-04
5.635380e-05
-1.378546e-03
-5.922226e-03
-8.380521e-03
-1.032868e-02
-1.206284e-02
-8.263201e-03
-3.140463e-03
-1.034181e-03
-1.497964e-04
-4.558781e-03
-5.951135e-03
1.286284e-03
9.734922e-03
2.108758e-02
1.341012e-02
-3.953667e-03
-1.331378e-02
-1.104133e-02
-5.777600e-03
-2.068856e-03
-3.710338e-03
-2.080717e-03
-3.652099e-04
-6.454860e-04
-1.744505e-03
-3.331472e-03
-7.210211e-04
5.188447e-03
-1.256421e-03
-8.352244e-03
-9.168829e-03
-4.801999e-03
3.071636e-03
8.843025e-03
1.341825e-02
7.196588e-03
3.705631e-03
1.063188e-02
1.355921e-02
8.736115e-03
1.590910e-03
-6.950316e-03
-8.541017e-03
-5.086910e-03
-2.120837e-03
-2.803731e-04
-3.348376e-03
-2.589709e-03
6.119630e-04
-1.468796e-04
-1.906313e-03
-4.005956e-03
-6.060979e-03
-7.588679e-03
-6.729652e-03
-2.929941e-03
-6.406018e-05
1.149376e-03
8.891829e-04
1.524845e-03
4.803273e-03
8.222922e-03
1.001038e-02
9.669304e-03
4.921237e-03
1.829541e-03
3.795794e-03
4.724716e-03
1.460523e-03
7.577146e-04
1.804626e-03
3.461784e-03
6.066123e-03
7.895186e-03
2.707355e-03
2.471328e-03
1.508754e-03
-1.664560e-03
-2.601698e-03
-1.482367e-03
-2.210208e-03
-2.777376e-03
-2.603771e-03
-2.880963e-03
-1.361294e-03
3.855407e-03
7.850564e-03
7.877735e-03
6.496118e-03
5.770090e-03
3.481657e-03
-3.424456e-04
-3.725489e-03
-6.308876e-03
-3.960739e-03
-1.137696e-03
1.184824e-04
3.108016e-03
6.073925e-03
6.610264e-03
5.435439e-03
3.867369e-03
1.558928e-03
-6.794223e-04
-5.086714e-04
1.923540e-03
3.285201e-03
7.035025e-03
1.053396e-02
1.047402e-02
5.769358e-03
5.687270e-03
6.206029e-03
2.985359e-03
1.072076e-03
2.509768e-04
1.797886e-03
3.205628e-03
1.939017e-03
1.504937e-03
3.150154e-03
4.111272e-03
3.340156e-03
1.586081e-03
5.950259e-04
-2.460324e-03
-5.640206e-03
-7.688438e-03
-9.862649e-03
-8.041166e-03
-5.586421e-03
-3.873375e-03
8.965093e-04
6.064040e-03
1.015795e-02
1.351470e-02
1.098317e-02
6.652002e-03
1.800286e-03
-1.095025e-03
-2.410953e-03
-2.530561e-03
-3.817072e-03
-1.058368e-02
-1.387649e-02
-8.480506e-03
-1.320401e-03
4.379022e-04
1.033816e-03
8.226590e-04
-2.067097e-03
-4.946404e-03
-6.472236e-03
-5.710877e-04
7.416124e-04
-6.678266e-03
-8.361521e-03
-9.268803e-03
-4.089843e-03
6.015838e-03
1.424473e-02
1.257805e-02
7.737615e-03
3.697943e-04
-7.836075e-04
-2.617004e-04
-2.699843e-03
-5.981576e-03
-1.335412e-02
-1.863146e-02
-1.641186e-02
-4.390073e-03
1.609536e-04
5.917716e-03
1.265121e-02
1.374199e-02
8.879323e-03
6.163088e-03
9.409352e-03
6.067561e-03
-7.457390e-04
-2.980244e-03
-8.528533e-03
-1.347462e-02
-3.574906e-03
7.742460e-03
6.181341e-03
4.214412e-04
-6.246486e-03
-1.169891e-02
-1.062957e-02
-4.460280e-03
-1.265833e-03
-4.726924e-03
-6.410196e-03
-4.259290e-03
4.359360e-03
6.583233e-03
8.119835e-03
1.723781e-02
1.947590e-02
6.237908e-03
-8.785147e-03
-6.639707e-03
1.709941e-04
2.248651e-03
-3.806757e-03
-1.095886e-02
-1.601705e-02
-1.804039e-02
-2.479173e-03
1.558667e-02
1.863878e-03
-1.031802e-02
-2.182256e-02
-1.691584e-02
-5.846073e-03
6.658821e-03
3.201586e-02
3.362098e-02
9.821570e-03
-2.176884e-03
6.613725e-03
1.369201e-02
-6.759288e-04
-1.409830e-02
-1.220445e-02
-1.727273e-02
-2.347222e-02
-1.702352e-02
2.999287e-03
5.325910e-03
-2.041758e-03
-2.788997e-03
-9.578812e-03
-1.083175e-02
-4.349678e-04
9.572102e-03
1.276674e-02
4.866725e-03
8.409402e-03
9.118665e-03
-6.914126e-04
-7.121399e-03
-4.376853e-03
7.695365e-03
6.645508e-03
-3.452926e-03
-2.467514e-02
-2.827111e-02
-9.473079e-03
2.936774e-03
9.315431e-03
6.165228e-03
1.770919e-03
-3.510334e-05
-4.958143e-03
-1.599770e-03
2.379469e-02
3.876527e-02
1.267974e-02
-2.385770e-02
-3.076478e-02
-1.036760e-02
2.052682e-02
1.742931e-02
-1.657624e-02
-3.326331e-02
-3.637734e-02
-1.557618e-03
3.608857e-02
4.823080e-02
7.455764e-03
-3.461106e-02
-3.298665e-02
-1.023933e-02
3.285049e-02
6.184342e-02
2.293786e-02
-2.243661e-02
-3.205710e-02
-3.955616e-02
-1.865181e-02
5.053097e-02
6.554186e-02
2.256238e-02
-1.123850e-02
-3.661889e-02
-5.626226e-02
-2.424935e-02
4.199444e-02
4.793046e-02
-1.127841e-02
-2.998188e-02
-4.399368e-02
-3.910895e-02
2.837052e-04
5.207743e-02
5.825428e-02
1.822366e-02
-1.069331e-02
1.785936e-02
6.477505e-02
7.909078e-02
9.512139e-02
5.792543e-02
-1.690534e-04
-1.747995e-02
-4.079677e-02
-3.842374e-02
-2.053064e-02
-5.498866e-02
-7.327877e-02
-4.397909e-02
-1.578332e-02
-4.046203e-02
-4.018255e-02
-2.745980e-02
-1.809632e-02
3.315169e-02
4.562383e-02
1.532977e-02
1.792998e-02
2.601211e-03
-3.126893e-02
-3.758700e-02
-2.202890e-02
-7.951138e-03
3.135156e-03
-5.697581e-03
1.751444e-03
2.963876e-02
4.168025e-02
2.129592e-02
7.337132e-03
1.273535e-03
-1.176955e-02
-9.333821e-03
1.358629e-02
1.831244e-02
2.606989e-03
-1.012607e-02
-1.506065e-02
-2.036958e-02
-2.132033e-02
-2.104576e-02
-1.477746e-03
3.294357e-02
-2.203652e-03
-1.409438e-02
1.585505e-02
3.237507e-02
1.627744e-02
-1.500609e-02
-2.961252e-02
-2.905427e-02
-7.778238e-03
1.027859e-02
-1.153715e-02
-1.175634e-02
3.991659e-03
6.980769e-03
1.492587e-02
2.837195e-02
3.111571e-02
2.285687e-02
1.474246e-02
1.629379e-02
2.372172e-02
2.992146e-02
2.329605e-02
2.627418e-02
3.687138e-02
3.934285e-02
3.917783e-02
2.524242e-02
2.526150e-03
-7.520031e-03
-1.226734e-02
-2.451205e-02
-5.237005e-02
-8.964216e-02
-9.105431e-02
-3.102521e-02
1.381521e-02
1.373340e-02
8.658211e-03
1.443088e-02
3.967001e-02
5.393850e-02
6.244550e-02
7.621745e-02
5.441971e-02
3.639071e-03
-3.442558e-02
-6.483248e-02
-7.608343e-02
-7.684531e-02
-7.372460e-02
-7.114469e-02
-5.019516e-02
-2.022808e-02
1.420599e-02
3.474157e-02
5.316821e-02
7.047399e-02
5.617612e-02
3.031844e-02
3.075288e-02
2.272182e-02
7.116417e-03
-8.381703e-03
-2.602889e-02
-2.291239e-02
-9.876649e-03
-5.203921e-03
-3.738831e-03
-6.498145e-03
-1.179781e-02
-4.568652e-03
1.058312e-02
7.670819e-03
-1.243733e-02
-1.138645e-02
-2.274889e-02
-3.688645e-02
-4.219184e-02
-4.425507e-02
-3.906485e-02
-3.542591e-02
-3.647099e-02
5.307584e-06
4.422183e-02
3.986123e-02
2.818572e-02
5.354578e-02
8.282847e-02
9.241083e-02
4.463059e-02
2.701955e-03
1.714533e-02
6.896846e-03
-1.459402e-02
-1.694191e-02
-1.413396e-02
-2.966176e-03
-1.589190e-03
-2.250239e-02
-3.788433e-02
-5.096330e-02
-6.332777e-02
-7.202418e-02
-4.655874e-02
-3.046112e-02
-1.519970e-02
4.810477e-02
9.046428e-02
1.130469e-01
1.051485e-01
8.744308e-02
6.922184e-02
6.550599e-02
3.874132e-02
-1.668289e-02
-4.137582e-02
-7.114134e-02
-1.039698e-01
-1.155610e-01
-8.710495e-02
-5.737633e-02
-3.154757e-02
-3.631386e-02
-4.555927e-02
-3.019871e-02
7.839006e-03
3.044468e-02
2.609255e-02
3.705628e-02
4.185580e-02
8.890559e-03
-1.689958e-02
-1.773427e-02
-2.145202e-02
-6.311262e-03
8.282205e-03
1.828060e-02
3.221176e-02
3.186920e-02
2.466110e-02
3.364269e-02
3.646259e-02
3.495759e-02
3.373212e-02
2.056287e-02
5.738006e-05
-5.701723e-03
-1.474844e-02
-3.400656e-02
-4.130336e-02
-2.912678e-02
-2.425551e-02
-2.700210e-02
-3.342210e-02
-3.615699e-02
-2.423176e-02
-1.647871e-02
-1.892632e-02
-1.520850e-02
-6.980783e-03
9.379060e-03
1.847378e-02
2.138523e-02
3.207806e-02
4.096469e-02
4.913263e-02
5.946065e-02
6.009524e-02
4.954266e-02
3.028188e-02
1.328197e-02
8.370656e-03
-5.408421e-03
-1.407339e-02
-1.587665e-02
-1.413283e-02
-2.076339e-02
-2.951819e-02
-3.540770e-02
-3.164341e-02
-1.315906e-02
-8.869967e-03
-8.112208e-03
-4.168938e-03
2.367984e-04
1.307770e-02
2.082636e-02
7.511494e-03
-1.041906e-03
-1.289961e-03
-3.196965e-03
-4.323772e-03
-5.044674e-03
-1.006173e-02
-1.477265e-02
-1.521174e-02
-1.079504e-02
-9.728540e-03
-8.379288e-03
-3.560184e-03
2.359550e-03
6.094706e-03
9.921934e-03
1.363240e-02
1.285591e-02
1.405586e-02
1.590295e-02
1.361925e-02
7.695689e-03
1.284918e-03
-4.555968e-03
-4.120681e-03
-5.103388e-03
-5.490800e-03
-5.514292e-03
-7.601511e-03
-8.623904e-03
-1.002291e-02
-1.220339e-02
-1.376458e-02
-1.158768e-02
-9.269847e-03
-1.018844e-02
-1.034874e-02
-5.545943e-03
4.387194e-03
1.336065e-02
1.858164e-02
2.297199e-02
2.816752e-02
3.241336e-02
3.487961e-02
3.268059e-02
2.027612e-02
1.093919e-02
1.384752e-02
1.338419e-02
1.021325e-02
2.843045e-03
-5.638995e-03
-9.542569e-03
-6.530679e-03
-4.269691e-03
-8.470172e-03
-1.284203e-02
-1.323143e-02
-5.157960e-03
3.056543e-03
-1.173360e-03
-2.350098e-03
6.212901e-04
1.176444e-03
1.319902e-03
2.247455e-03
1.115484e-03
-8.786236e-05
-6.181989e-04
-9.016633e-04
4.610855e-04
1.726848e-03
1.127481e-03
-1.464206e-04
-3.461820e-05
-5.401221e-04
6.509026e-04
4.826187e-03
8.368103e-03
9.777598e-03
7.305824e-03
6.755800e-03
5.726371e-03
7.295541e-04
-4.668336e-03
-7.208080e-03
-5.490454e-03
-7.066782e-03
-1.041940e-02
-1.074688e-02
-1.142956e-02
-1.509553e-02
-1.766686e-02
-1.162016e-02
-6.845595e-03
-2.201801e-03
2.602081e-03
6.895313e-03
1.013001e-02
7.645809e-03
5.470508e-03
9.028219e-03
1.383977e-02
1.606183e-02
1.191241e-02
6.633863e-03
3.826706e-03
-6.855214e-04
-2.128233e-03
-8.810577e-04
-1.992459e-03
-2.966660e-03
-5.910587e-03
-1.108049e-02
-9.125348e-03
-3.886562e-03
-1.736622e-03
-2.097748e-03
-3.771156e-03
-2.482319e-03
1.123406e-03
8.184522e-04
-1.617005e-03
-1.205930e-03
-2.155952e-03
-4.714322e-03
-6.555722e-03
-7.939900e-03
-6.188013e-03
-3.834104e-03
-2.898815e-03
-2.485010e-03
-2.217007e-03
-1.205214e-03
-8.251394e-04
-1.931403e-03
-4.652834e-03
-5.709536e-03
-6.213036e-03
-7.645511e-03
-8.691750e-03
-8.137687e-03
-6.101762e-03
-5.146321e-03
-2.696215e-03
4.291562e-03
9.637289e-03
1.276302e-02
1.620157e-02
1.651026e-02
1.626090e-02
1.705082e-02
1.545733e-02
1.253901e-02
7.249788e-03
2.750380e-03
1.350910e-03
-1.536606e-03
-1.485003e-03
1.389172e-03
1.930033e-03
1.909847e-03
-2.684981e-04
-3.822872e-03
-3.656992e-03
3.712911e-05
7.535906e-04
-3.619709e-04
-4.393228e-03
-8.012798e-03
-8.902638e-03
-9.190153e-03
-1.088850e-02
-1.200264e-02
-1.583003e-02
-1.943716e-02
-2.160451e-02
-1.780180e-02
-1.284405e-02
-1.082497e-02
-1.017964e-02
-8.666611e-03
-7.153527e-03
-4.749012e-03
6.907189e-04
3.917614e-03
6.935665e-03
9.662435e-03
9.798461e-03
1.112760e-02
1.163187e-02
6.877624e-03
2.982589e-04
-7.690298e-03
-6.980977e-03
-7.129273e-04
-1.868659e-04
-3.393192e-03
-4.795489e-03
-8.383161e-03
-1.362574e-02
-1.137388e-02
-2.660444e-03
-2.867027e-03
-3.265708e-03
-3.699340e-03
-4.490149e-03
-4.569992e-03
-1.754135e-04
3.015508e-03
4.747341e-03
2.173278e-03
3.774499e-04
1.297217e-03
2.234580e-03
2.103588e-03
2.883248e-03
3.702194e-03
4.133363e-03
4.762318e-03
5.423608e-03
6.372055e-03
6.119259e-03
9.341236e-04
-2.746581e-03
-5.823927e-03
-9.638034e-03
-1.027957e-02
-9.987518e-03
-8.786503e-03
-6.931619e-03
-2.481298e-03
2.646503e-03
6.479304e-03
9.460254e-03
1.200304e-02
1.227887e-02
7.736314e-03
6.137235e-03
4.269372e-03
2.960952e-03
3.182962e-03
2.304996e-03
4.407073e-04
-3.122126e-03
-9.936420e-03
-1.236034e-02
-6.615340e-03
-5.737142e-03
-7.435228e-03
-5.843580e-03
-5.004256e-03
-3.940080e-03
-1.491034e-03
1.120016e-04
4.745785e-04
-2.478890e-03
-4.235246e-03
-3.829958e-03
-2.004362e-03
-1.487680e-03
-1.489680e-03
-1.685553e-03
-3.646607e-04
2.112322e-03
3.530963e-03
5.261779e-03
4.804965e-03
2.545186e-03
1.875892e-03
4.204210e-04
-1.416406e-03
-9.713898e-04
1.634688e-03
1.823730e-03
1.369153e-03
4.752592e-03
8.465994e-03
1.016183e-02
8.730968e-03
7.650095e-03
8.270410e-03
6.813413e-03
3.263869e-03
6.774944e-04
-1.574579e-03
-4.272378e-03
-6.887523e-03
-8.082510e-03
-7.735425e-03
-8.458251e-03
-8.836516e-03
-8.532510e-03
-4.972313e-03
1.718364e-04
4.073453e-03
7.555512e-03
9.712247e-03
1.034946e-02
9.213749e-03
7.515740e-03
5.371237e-03
1.306635e-03
-2.857453e-03
-5.081018e-03
9.609975e-04
1.844418e-03
2.289959e-04
-2.582015e-04
-1.974820e-03
-5.270730e-03
-9.342658e-03
-8.144716e-03
-8.417423e-03
-1.329694e-02
-1.399753e-02
-1.015441e-02
5.175131e-04
1.000422e-02
5.692147e-03
5.543055e-03
6.998004e-03
3.880366e-03
9.406594e-04
-3.024405e-03
-7.249452e-03
-1.069029e-02
-8.875869e-03
-5.328031e-04
7.977706e-03
7.278404e-03
1.199223e-03
4.521434e-03
7.369990e-03
4.885617e-03
-2.604845e-04
-3.658080e-03
7.269015e-04
1.036890e-02
8.068758e-03
4.382935e-03
1.164525e-03
-2.718216e-03
-3.287039e-03
3.564996e-05
-1.614118e-03
-4.112636e-03
-4.207171e-03
-3.050998e-03
4.755798e-05
1.918788e-03
2.499334e-03
1.379088e-03
1.928049e-03
4.028957e-03
4.593143e-03
3.312813e-03
4.190865e-03
7.353543e-03
9.194881e-03
1.051356e-02
8.942126e-03
7.798558e-03
7.324401e-03
4.397210e-03
-1.675104e-03
-4.683822e-03
-5.198322e-03
-7.986052e-03
-1.014118e-02
-1.111252e-02
-8.766984e-03
-5.876974e-03
-4.433348e-03
-2.985538e-03
-1.632663e-03
-2.238820e-04
9.841504e-04
7.270947e-04
-1.915577e-03
-3.305525e-03
-4.565729e-03
-4.499969e-03
-4.493875e-03
-5.180860e-03
-6.486125e-03
-7.525797e-03
-6.332776e-03
-3.424324e-03
-2.343014e-03
-7.628408e-04
7.345339e-04
1.186142e-03
2.176667e-03
3.046249e-03
3.196023e-03
1.303653e-04
-2.229782e-03
-3.948488e-03
-5.730379e-03
-3.624140e-03
-2.410894e-03
-1.968463e-03
-1.652157e-03
-1.817944e-03
-1.684478e-03
-1.903866e-03
-2.273264e-03
-2.455322e-03
-2.712813e-03
-2.992523e-03
-1.923072e-03
1.686115e-03
6.584220e-03
1.057875e-02
8.140447e-03
4.095130e-03
5.313612e-03
5.653530e-03
4.241338e-03
4.408649e-03
4.510575e-03
2.447636e-03
-9.152689e-04
-2.092510e-03
-2.952388e-03
-4.599772e-03
-4.317070e-03
-3.956027e-03
-2.483296e-03
9.656878e-04
2.686510e-03
4.912236e-03
5.823780e-03
1.987392e-03
-8.051745e-05
-1.541988e-03
-1.156277e-03
3.556630e-05
-1.039182e-03
-1.689971e-03
-1.623680e-03
-2.162182e-03
-1.753783e-03
-1.132663e-03
-1.774509e-03
-2.372405e-03
-1.381073e-03
3.476171e-03
6.499560e-03
4.111234e-03
2.490235e-03
2.551211e-03
3.086301e-04
-2.486902e-03
-4.371331e-03
-6.418045e-03
-4.598946e-03
-4.498269e-04
-1.438536e-03
-1.945424e-03
-1.995724e-04
3.606569e-03
7.278110e-03
1.042917e-02
8.730140e-03
4.805745e-03
3.043614e-03
-2.463069e-04
-3.311960e-04
3.275954e-03
2.730691e-03
6.643336e-04
5.171868e-04
-2.694541e-05
2.264815e-03
5.956335e-03
4.150342e-03
5.754006e-04
-9.475232e-04
-3.509464e-03
-4.325098e-03
-3.885254e-03
-5.680989e-03
-6.287578e-03
-6.217174e-03
-3.845422e-03
-1.884640e-03
-1.303096e-03
-2.965841e-03
-3.522493e-03
-1.328986e-03
1.472072e-03
4.477471e-03
3.195424e-03
5.642350e-04
2.149892e-03
3.655835e-03
4.196601e-03
3.169442e-03
1.329418e-04
-2.350536e-03
-3.023403e-03
-2.110255e-03
-2.559319e-03
-3.178588e-03
-3.400827e-03
-3.571200e-03
-2.036825e-03
5.965550e-05
7.673531e-04
-2.455577e-05
-1.902040e-03
-2.734273e-03
-3.482539e-03
-2.995847e-03
-3.701430e-03
-4.481603e-03
-4.403656e-03
-3.563495e-03
-3.008657e-03
-2.626694e-03
-2.325609e-03
-1.446823e-03
-6.678377e-04
-1.523876e-04
-4.950191e-05
1.912254e-03
4.200453e-03
5.140208e-03
3.406064e-03
1.363626e-03
3.772732e-04
-2.828496e-04
5.705100e-04
6.660314e-04
6.960474e-04
-3.389990e-04
-1.204066e-03
-4.394888e-04
6.747620e-04
8.415864e-04
-6.858939e-04
-2.787994e-03
-3.186338e-03
-1.404734e-03
-6.458263e-04
-2.581878e-04
7.820332e-04
1.624063e-03
2.256133e-03
2.938406e-03
3.585043e-03
3.519421e-03
2.376015e-03
1.840314e-03
1.235001e-03
2.702282e-04
-3.832578e-04
2.033007e-05
2.901184e-04
-3.715137e-04
-4.843947e-04
-3.666740e-05
4.059801e-04
1.901216e-04
-2.330132e-04
-1.665457e-04
4.938694e-04
1.009660e-03
1.010017e-03
7.967408e-04
1.040482e-03
1.598437e-03
1.869521e-03
2.127965e-03
1.893290e-03
1.085132e-03
2.108924e-04
-5.124430e-04
-8.722361e-04
-1.709373e-04
3.860042e-04
8.062091e-04
1.191392e-03
2.560028e-03
3.495622e-03
3.160789e-03
2.031022e-03
1.064952e-03
9.618592e-05
6.835336e-05
1.528180e-03
2.682456e-03
3.047658e-03
2.250839e-03
1.428709e-03
1.487167e-04
-1.003035e-03
-1.065020e-03
-1.779243e-03
-2.875735e-03
-3.178552e-03
-2.415492e-03
-1.118995e-03
4.263092e-04
2.331832e-03
2.390175e-03
2.077412e-03
2.514038e-03
2.560880e-03
2.392807e-03
2.301178e-03
2.150200e-03
1.916120e-03
1.334098e-03
8.528880e-04
5.630160e-04
6.495377e-04
8.746744e-04
4.766769e-04
1.149170e-04
6.569702e-05
2.673798e-04
3.031364e-04
8.714657e-05
1.110670e-04
3.507455e-04
4.798482e-04
5.056865e-04
5.141705e-04
4.293389e-04
3.711652e-04
3.970655e-04
4.490762e-04
3.884618e-04
3.982657e-04
4.771017e-04
5.005139e-04
4.925113e-04
4.554989e-04
4.345119e-04
3.976059e-04
3.455131e-04
3.147850e-04
3.599789e-04
3.784571e-04
3.467029e-04
2.850549e-04
2.582438e-04
2.775380e-04
2.878244e-04
2.806369e-04
2.616721e-04
2.398717e-04
2.270920e-04
2.232862e-04
2.128926e-04
1.816588e-04
1.220709e-04
7.591081e-05
1.016800e-04
1.093468e-04
1.003912e-04
1.093775e-04
1.127361e-04
1.104613e-04
1.052965e-04
1.043975e-04
1.051055e-04
9.900188e-05
8.406017e-05
6.667385e-05
5.302454e-05
3.915945e-05
3.264375e-05
2.827340e-05
2.025963e-05
1.436860e-05
6.958672e-06
-7.734755e-06
-2.327565e-05
-3.622847e-05
-4.811872e-05
-5.422157e-05
-5.989257e-05
-6.921727e-05
-7.840002e-05
-8.582789e-05
-9.209355e-05
-9.827546e-05
-1.052835e-04
-1.129873e-04
-1.215772e-04
-1.291715e-04
-1.361025e-04
-1.423417e-04
-1.494578e-04
-1.565375e-04
-1.632099e-04
-1.701137e-04
-1.769629e-04
-1.836078e-04
-1.901844e-04
-1.965808e-04
-2.028918e-04
-2.091259e-04
-2.152506e-04
-2.213526e-04
-2.274119e-04
-2.332364e-04
-2.388449e-04
-2.443562e-04
-2.498230e-04
-2.551470e-04
-2.603168e-04
-2.653645e-04
-2.702774e-04
-2.750668e-04
-2.797300e-04
-2.842617e-04
-2.886602e-04
-2.929264e-04
-2.970619e-04
-3.010647e-04
-3.049321e-04
-3.086645e-04
-3.122623e-04
-3.157248e-04
-3.190513e-04
-3.222415e-04
-3.252948e-04
-3.282110e-04
-3.309898e-04
-3.336307e-04
-3.361335e-04
-3.384978e-04
-3.407235e-04
-3.428101e-04
