2.460487e-03
2.453424e-03
2.446349e-03
2.439262e-03
2.432205e-03
2.425956e-03
2.418143e-03
2.410685e-03
2.406892e-03
2.399683e-03
2.390682e-03
2.382950e-03
2.376874e-03
2.373188e-03
2.366363e-03
2.358081e-03
2.350200e-03
2.343138e-03
2.333946e-03
2.331965e-03
2.340675e-03
2.330997e-03
2.304774e-03
2.293671e-03
2.308883e-03
2.301957e-03
2.259910e-03
2.281041e-03
2.308725e-03
2.274194e-03
2.266217e-03
2.270299e-03
2.284469e-03
2.280839e-03
2.254376e-03
2.257777e-03
2.227709e-03
2.217432e-03
2.203082e-03
2.186023e-03
2.235080e-03
2.160476e-03
2.154110e-03
2.281591e-03
2.183981e-03
2.121726e-03
2.153831e-03
2.094756e-03
2.162886e-03
2.178562e-03
2.044949e-03
2.084105e-03
2.181160e-03
2.106224e-03
2.055472e-03
2.073601e-03
2.090876e-03
2.127097e-03
2.125475e-03
2.141743e-03
2.125898e-03
2.090439e-03
2.069451e-03
2.076238e-03
2.123413e-03
2.019931e-03
1.972337e-03
2.165738e-03
2.276788e-03
2.195883e-03
2.179486e-03
2.151184e-03
2.065533e-03
1.990817e-03
1.911095e-03
2.176990e-03
2.252618e-03
1.896672e-03
1.999604e-03
2.199007e-03
1.969879e-03
1.854450e-03
1.923709e-03
1.942525e-03
2.017150e-03
1.920479e-03
1.931384e-03
2.238474e-03
2.017250e-03
1.685301e-03
1.779300e-03
1.841729e-03
1.965298e-03
2.078472e-03
1.949194e-03
1.810548e-03
1.974516e-03
1.972509e-03
1.728295e-03
1.966012e-03
2.047361e-03
2.118137e-03
2.237079e-03
1.751037e-03
1.775600e-03
1.857415e-03
1.545229e-03
1.768093e-03
1.956691e-03
1.771961e-03
1.882742e-03
2.108881e-03
1.784415e-03
1.789278e-03
2.008967e-03
1.722596e-03
1.667931e-03
1.660175e-03
1.728909e-03
1.940381e-03
2.039787e-03
2.104779e-03
1.725892e-03
1.641007e-03
1.976427e-03
1.790234e-03
1.724751e-03
1.613015e-03
1.261387e-03
1.578353e-03
2.165103e-03
1.990951e-03
1.179110e-03
1.406069e-03
2.076625e-03
1.667167e-03
1.134663e-03
1.132331e-03
1.604235e-03
1.835374e-03
1.887363e-03
1.785852e-03
1.384170e-03
1.700057e-03
2.014190e-03
1.935737e-03
1.805969e-03
1.527963e-03
1.670864e-03
1.899826e-03
1.971918e-03
2.110143e-03
1.768741e-03
1.507173e-03
1.506632e-03
1.252063e-03
1.708592e-03
1.977923e-03
2.043706e-03
2.319104e-03
1.669202e-03
1.758117e-03
2.068482e-03
1.844989e-03
1.664027e-03
1.299950e-03
1.512581e-03
1.295409e-03
1.257815e-03
1.238158e-03
8.005666e-04
7.990113e-04
1.072697e-03
2.749702e-03
2.793619e-03
1.742929e-03
1.768810e-03
5.419414e-04
1.345484e-03
2.527458e-03
9.467110e-04
7.237867e-04
1.251650e-03
1.196936e-03
1.591860e-03
1.361223e-03
9.409150e-04
8.745536e-04
9.476330e-04
1.946520e-03
2.215160e-03
1.279475e-03
1.442125e-03
1.742830e-03
1.483968e-03
1.986625e-03
2.142025e-03
1.614888e-03
1.593607e-03
1.887505e-03
2.157351e-03
2.250521e-03
1.736904e-03
1.021708e-03
1.735079e-03
2.150297e-03
1.283073e-03
1.715525e-03
1.984583e-03
1.714820e-03
2.087277e-03
1.909671e-03
1.472583e-03
1.280305e-03
1.861530e-03
2.347681e-03
1.787065e-03
1.575249e-03
1.750166e-03
1.490302e-03
1.190816e-03
1.527692e-03
1.623038e-03
1.853594e-03
1.902046e-03
6.142504e-04
6.340162e-04
6.687779e-04
4.420539e-04
1.792640e-03
1.246505e-03
2.357186e-04
6.074553e-04
5.967843e-04
6.583358e-04
1.379229e-03
2.191117e-03
1.633942e-03
9.809541e-04
4.025250e-04
-3.464392e-04
3.511143e-04
7.795166e-04
1.411161e-03
2.607713e-03
3.620311e-03
4.415175e-03
2.587236e-03
1.525123e-03
1.957088e-03
8.463135e-04
1.065257e-03
1.608780e-03
1.267607e-03
5.081201e-04
-1.126103e-03
-1.004760e-03
4.124877e-04
1.003985e-03
5.330718e-04
2.043393e-04
2.292785e-03
4.349587e-03
3.610077e-03
2.044263e-03
8.365969e-04
1.259718e-03
3.497080e-03
3.758655e-03
1.108780e-03
-1.668756e-03
-2.338323e-03
-7.867365e-04
3.030861e-04
-4.748207e-04
-1.945661e-03
-1.525309e-03
2.128869e-03
6.497983e-03
8.811116e-03
6.640110e-03
1.525113e-03
-1.087507e-03
-6.701330e-05
1.870895e-03
1.020283e-03
-1.772026e-03
-2.705575e-03
-1.811982e-03
8.960260e-04
4.910789e-03
6.257212e-03
3.400140e-03
2.502373e-04
-1.393431e-03
-3.283345e-03
-5.295369e-03
-5.834998e-03
-4.013321e-03
-5.499592e-05
5.129101e-03
6.971864e-03
4.621399e-03
3.690915e-03
4.072737e-03
4.789300e-03
5.221893e-03
4.724726e-03
5.670432e-03
4.856621e-03
9.387429e-04
-2.711272e-03
-5.513571e-03
-6.828931e-03
-6.494837e-03
-4.642030e-03
-2.758693e-03
-2.670448e-03
-1.277839e-03
2.056508e-03
3.785025e-03
5.471223e-03
7.728491e-03
6.647590e-03
3.995800e-03
2.325380e-03
5.585514e-04
9.578933e-05
-1.406861e-03
-4.628173e-03
-3.749651e-03
-3.975191e-04
-3.519184e-04
-3.143104e-03
-3.573757e-03
-1.440644e-03
2.269638e-03
6.767362e-03
4.710390e-03
-1.080064e-03
-3.130925e-03
-2.204303e-03
-1.135129e-03
-2.223525e-03
-2.403288e-03
-2.416863e-03
-2.102007e-03
4.831063e-03
1.347261e-02
1.671719e-02
1.414071e-02
6.794179e-03
4.233725e-06
-3.356912e-03
-4.838532e-03
-3.693061e-03
-1.974402e-03
-4.661432e-03
-8.341097e-03
-8.087948e-03
-6.466641e-03
-3.190648e-03
1.395075e-03
1.384377e-03
-3.689441e-03
-7.461164e-03
-3.960848e-03
4.797135e-03
8.925430e-03
5.735681e-03
1.580675e-03
2.444622e-04
3.198794e-03
6.335297e-03
4.710884e-03
-2.831309e-04
-6.073583e-03
-5.284610e-03
3.881383e-03
1.231990e-02
1.406463e-02
7.876411e-03
2.532929e-03
4.979120e-03
6.045513e-03
2.402948e-03
-3.491997e-03
-1.043328e-02
-1.024703e-02
-9.430537e-04
1.022532e-02
1.565428e-02
1.516549e-02
1.254581e-02
8.552506e-03
1.063099e-02
1.771751e-02
1.940094e-02
1.263085e-02
-1.449949e-03
-1.356353e-02
-1.991841e-02
-2.126269e-02
-1.664367e-02
-1.113314e-02
-3.625186e-03
6.427074e-03
1.718812e-02
2.698408e-02
2.911870e-02
2.025015e-02
6.936586e-03
1.277172e-04
-2.271401e-03
-5.673364e-03
-1.203059e-02
-1.757352e-02
-1.648923e-02
-1.667055e-02
-1.255855e-02
-2.380663e-03
1.092561e-04
-2.689578e-05
-1.857576e-03
-6.502373e-03
-7.733261e-03
-1.175826e-02
-1.838562e-02
-1.853858e-02
-1.579143e-02
-1.411051e-02
-9.062163e-03
-4.351873e-03
-2.994086e-03
-9.099455e-04
2.874539e-03
9.216929e-03
1.445064e-02
1.677494e-02
1.540292e-02
7.363381e-03
1.547832e-03
2.391341e-03
6.195432e-03
1.074424e-02
1.240247e-02
1.320400e-02
1.655146e-02
2.260447e-02
2.641020e-02
2.322085e-02
1.525869e-02
6.560190e-03
6.041605e-03
1.495298e-02
2.158293e-02
2.205948e-02
1.735655e-02
1.014761e-02
9.091571e-03
1.271439e-02
1.848788e-02
2.838431e-02
3.567863e-02
4.189166e-02
4.883335e-02
4.885826e-02
4.295834e-02
3.827919e-02
3.843045e-02
4.134598e-02
4.792556e-02
5.229920e-02
4.605922e-02
3.512571e-02
2.661971e-02
3.011792e-02
3.882443e-02
3.957831e-02
4.036644e-02
3.549102e-02
2.201924e-02
1.707212e-02
2.012894e-02
2.112115e-02
2.229811e-02
2.365862e-02
1.588239e-02
2.077993e-03
-6.641126e-03
-1.309744e-02
-1.974995e-02
-2.266963e-02
-2.684810e-02
-3.459762e-02
-4.300697e-02
-5.265517e-02
-5.769163e-02
-5.881864e-02
-6.141201e-02
-6.325401e-02
-6.535083e-02
-6.675808e-02
-6.819182e-02
-7.183510e-02
-7.671497e-02
-8.204396e-02
-8.535853e-02
-8.639983e-02
-8.393090e-02
-8.234485e-02
-8.708560e-02
-9.309940e-02
-9.823799e-02
-1.043037e-01
-1.072921e-01
-1.029395e-01
-9.479785e-02
-8.396780e-02
-7.195655e-02
-6.651667e-02
-6.570392e-02
-6.194674e-02
-5.073476e-02
-3.603440e-02
-2.735586e-02
-2.102915e-02
-1.200489e-02
2.139852e-03
2.095480e-02
3.086589e-02
3.143743e-02
2.995334e-02
2.966425e-02
3.799433e-02
5.027878e-02
6.467528e-02
8.094603e-02
8.715687e-02
8.803099e-02
9.307146e-02
9.720300e-02
9.930265e-02
1.008445e-01
9.922829e-02
9.253142e-02
8.119828e-02
6.710330e-02
5.026389e-02
2.729000e-02
-1.439479e-03
-2.190019e-02
-2.643234e-02
-2.309249e-02
-2.198709e-02
-3.418451e-02
-5.354066e-02
-6.788957e-02
-7.971495e-02
-8.521749e-02
-7.592426e-02
-5.643496e-02
-3.965241e-02
-3.685472e-02
-5.752317e-02
-8.453230e-02
-9.514020e-02
-1.038485e-01
-1.136679e-01
-1.148940e-01
-1.149381e-01
-1.174443e-01
-1.255598e-01
-1.386160e-01
-1.474473e-01
-1.484848e-01
-1.441482e-01
-1.384473e-01
-1.300017e-01
-1.153770e-01
-1.028598e-01
-9.479510e-02
-8.140871e-02
-5.976459e-02
-3.230866e-02
-5.341589e-03
1.987424e-03
-1.440133e-02
-1.628178e-02
2.530798e-03
1.718937e-02
2.991146e-02
3.792291e-02
3.848611e-02
2.357188e-02
4.227008e-03
9.238256e-03
2.597518e-02
4.460218e-02
6.402694e-02
7.469350e-02
6.821120e-02
4.720233e-02
4.278653e-02
6.476620e-02
8.903632e-02
9.979006e-02
9.594393e-02
9.011411e-02
9.043441e-02
8.732238e-02
8.627665e-02
9.798140e-02
1.106031e-01
1.169172e-01
1.210190e-01
1.220931e-01
1.194081e-01
1.208998e-01
1.309129e-01
1.422687e-01
1.473986e-01
1.486621e-01
1.490500e-01
1.463388e-01
1.440799e-01
1.400259e-01
1.368685e-01
1.442107e-01
1.574455e-01
1.744823e-01
1.920249e-01
1.975686e-01
1.844954e-01
1.614829e-01
1.376653e-01
1.179688e-01
1.159886e-01
1.127226e-01
8.058518e-02
4.264755e-02
2.121070e-02
1.175765e-02
5.220315e-03
3.303868e-04
4.300915e-03
9.072412e-03
2.596424e-03
-1.124315e-02
-2.922667e-02
-5.148090e-02
-7.141379e-02
-8.151808e-02
-7.928321e-02
-7.223102e-02
-6.925857e-02
-7.009600e-02
-7.667045e-02
-8.988450e-02
-1.055043e-01
-1.219376e-01
-1.394810e-01
-1.547023e-01
-1.622907e-01
-1.667529e-01
-1.732959e-01
-1.806396e-01
-1.899004e-01
-2.015662e-01
-2.133415e-01
-2.213602e-01
-2.244998e-01
-2.230137e-01
-2.160105e-01
-2.084293e-01
-2.034298e-01
-1.989326e-01
-1.945022e-01
-1.926967e-01
-1.966945e-01
-2.047743e-01
-2.151287e-01
-2.205490e-01
-2.132217e-01
-2.056436e-01
-2.040791e-01
-1.999735e-01
-1.942377e-01
-1.839946e-01
-1.720501e-01
-1.651282e-01
-1.472775e-01
-1.216443e-01
-1.085746e-01
-9.628592e-02
-7.708179e-02
-6.361878e-02
-5.615433e-02
-4.599776e-02
-2.597089e-02
-1.121999e-03
2.202464e-02
4.490922e-02
6.353260e-02
8.126881e-02
9.955516e-02
1.120978e-01
1.214515e-01
1.297606e-01
1.354216e-01
1.354717e-01
1.373412e-01
1.502671e-01
1.632503e-01
1.716910e-01
1.810194e-01
1.870218e-01
1.923490e-01
1.997927e-01
2.059575e-01
2.140646e-01
2.190645e-01
2.157692e-01
2.052104e-01
1.811093e-01
1.507493e-01
1.279212e-01
1.086685e-01
9.913480e-02
1.088817e-01
1.190799e-01
1.200482e-01
1.159431e-01
1.055240e-01
9.669998e-02
8.714604e-02
6.985602e-02
4.636791e-02
2.632735e-02
1.766047e-02
2.421082e-03
-2.559521e-02
-5.883011e-02
-9.460750e-02
-1.202319e-01
-1.331310e-01
-1.392637e-01
-1.478781e-01
-1.658699e-01
-1.865606e-01
-2.097415e-01
-2.301665e-01
-2.319401e-01
-2.169792e-01
-1.991576e-01
-1.916329e-01
-2.024568e-01
-2.273787e-01
-2.547158e-01
-2.782586e-01
-2.903393e-01
-2.770081e-01
-2.538137e-01
-2.415828e-01
-2.370495e-01
-2.447935e-01
-2.594219e-01
-2.682922e-01
-2.696831e-01
-2.592620e-01
-2.457781e-01
-2.355450e-01
-2.181552e-01
-2.039506e-01
-2.084370e-01
-2.181458e-01
-2.200424e-01
-2.072498e-01
-1.748709e-01
-1.457387e-01
-1.304499e-01
-1.087125e-01
-8.013493e-02
-5.924587e-02
-5.283031e-02
-5.395819e-02
-5.600545e-02
-5.934933e-02
-5.181036e-02
-4.024538e-02
-3.838333e-02
-3.656474e-02
-3.757828e-02
-5.081433e-02
-7.273792e-02
-9.082635e-02
-9.680697e-02
-9.661601e-02
-1.010526e-01
-1.065478e-01
-9.843347e-02
-9.095209e-02
-1.036240e-01
-1.315506e-01
-1.609303e-01
-1.741147e-01
-1.725510e-01
-1.600545e-01
-1.417813e-01
-1.319269e-01
-1.186760e-01
-9.599102e-02
-7.956463e-02
-8.015125e-02
-9.247072e-02
-9.828647e-02
-9.057281e-02
-7.431254e-02
-5.154941e-02
-1.856707e-02
1.211777e-02
3.161672e-02
5.633498e-02
8.695263e-02
1.137160e-01
1.306628e-01
1.355633e-01
1.405388e-01
1.488703e-01
1.572415e-01
1.654742e-01
1.670730e-01
1.684037e-01
1.703384e-01
1.663598e-01
1.679509e-01
1.782443e-01
1.972001e-01
2.163176e-01
2.215914e-01
2.204425e-01
2.165321e-01
2.098344e-01
2.022971e-01
1.960410e-01
1.936084e-01
1.899945e-01
1.862698e-01
1.832081e-01
1.844423e-01
2.030373e-01
2.200525e-01
2.133408e-01
2.046918e-01
2.060176e-01
2.154695e-01
2.338262e-01
2.494394e-01
2.593817e-01
2.573561e-01
2.465102e-01
2.434913e-01
2.431500e-01
2.449896e-01
2.485134e-01
2.490937e-01
2.487663e-01
2.378661e-01
2.196711e-01
2.060913e-01
1.991121e-01
1.950558e-01
1.901518e-01
1.862915e-01
1.802404e-01
1.719281e-01
1.674208e-01
1.742427e-01
1.793848e-01
1.656346e-01
1.465772e-01
1.314870e-01
1.255375e-01
1.263488e-01
1.274703e-01
1.397697e-01
1.557331e-01
1.621136e-01
1.622991e-01
1.601667e-01
1.570046e-01
1.482686e-01
1.355369e-01
1.274648e-01
1.204399e-01
1.120725e-01
1.072214e-01
1.074136e-01
1.176584e-01
1.317647e-01
1.273658e-01
1.020782e-01
7.415271e-02
4.861681e-02
2.850726e-02
2.222110e-02
2.336380e-02
2.433003e-02
2.637978e-02
2.756080e-02
2.261481e-02
6.405611e-03
-2.421492e-02
-4.962790e-02
-4.814776e-02
-3.476571e-02
-2.655272e-02
-2.813656e-02
-4.340918e-02
-6.808144e-02
-9.862692e-02
-1.289917e-01
-1.464910e-01
-1.477527e-01
-1.427638e-01
-1.439472e-01
-1.559085e-01
-1.721373e-01
-1.917884e-01
-2.150379e-01
-2.289757e-01
-2.321845e-01
-2.357253e-01
-2.469705e-01
-2.645734e-01
-2.812165e-01
-2.979074e-01
-3.102602e-01
-3.119709e-01
-3.108882e-01
-3.105116e-01
-3.158406e-01
-3.162997e-01
-2.824025e-01
-2.332049e-01
-2.010287e-01
-1.736333e-01
-1.432187e-01
-1.190965e-01
-9.648000e-02
-6.800900e-02
-3.949247e-02
-1.162255e-02
1.756213e-02
4.484607e-02
7.342264e-02
1.022703e-01
1.219252e-01
1.284352e-01
1.309586e-01
1.369694e-01
1.456621e-01
1.532029e-01
1.502305e-01
1.488277e-01
1.659962e-01
2.001375e-01
2.423689e-01
2.666809e-01
2.752402e-01
2.891924e-01
3.013017e-01
3.148934e-01
3.404923e-01
3.690492e-01
3.840874e-01
3.807280e-01
3.643487e-01
3.417347e-01
3.255567e-01
3.193283e-01
3.100400e-01
2.889243e-01
2.645554e-01
2.433719e-01
2.211134e-01
2.014187e-01
1.883820e-01
1.798652e-01
1.760110e-01
1.739058e-01
1.681144e-01
1.567770e-01
1.364346e-01
1.037757e-01
6.340269e-02
2.108295e-02
-1.566985e-02
-3.403929e-02
-3.562078e-02
-3.790226e-02
-5.050921e-02
-7.234025e-02
-1.007739e-01
-1.299717e-01
-1.539253e-01
-1.726822e-01
-1.870895e-01
-1.990935e-01
-2.100299e-01
-2.158058e-01
-2.145775e-01
-2.133286e-01
-2.261120e-01
-2.483560e-01
-2.603143e-01
-2.641035e-01
-2.642708e-01
-2.610372e-01
-2.669538e-01
-2.842247e-01
-3.069359e-01
-3.277895e-01
-3.410044e-01
-3.499526e-01
-3.465425e-01
-3.306035e-01
-3.155732e-01
-2.995915e-01
-2.861585e-01
-2.836994e-01
-2.881947e-01
-2.926621e-01
-2.902652e-01
-2.767759e-01
-2.566057e-01
-2.356759e-01
-2.154847e-01
-1.991489e-01
-1.826601e-01
-1.636280e-01
-1.465590e-01
-1.318598e-01
-1.196137e-01
-1.029148e-01
-8.227834e-02
-6.234532e-02
-3.861794e-02
-1.113446e-02
1.608060e-02
4.051290e-02
5.958624e-02
6.617418e-02
7.268227e-02
8.782577e-02
1.006392e-01
1.170878e-01
1.271194e-01
1.224525e-01
1.193003e-01
1.208511e-01
1.302002e-01
1.448597e-01
1.611200e-01
1.796420e-01
1.932229e-01
2.122114e-01
2.403039e-01
2.558579e-01
2.496511e-01
2.286826e-01
1.975407e-01
1.659673e-01
1.490832e-01
1.444737e-01
1.470833e-01
1.521056e-01
1.498348e-01
1.496669e-01
1.565385e-01
1.619750e-01
1.659957e-01
1.679201e-01
1.713305e-01
1.789672e-01
1.832920e-01
1.851068e-01
1.799866e-01
1.675241e-01
1.657036e-01
1.734698e-01
1.767158e-01
1.700479e-01
1.582379e-01
1.415980e-01
1.197194e-01
1.100954e-01
1.087836e-01
1.016568e-01
9.198981e-02
7.786025e-02
5.611590e-02
3.390388e-02
2.443793e-02
2.300421e-02
2.028498e-02
8.923148e-03
-2.149605e-02
-6.428116e-02
-9.498667e-02
-8.451592e-02
-6.191192e-02
-5.682575e-02
-4.568694e-02
-2.878589e-02
-5.017301e-03
1.665734e-02
2.298451e-02
2.191421e-02
1.159424e-02
2.019118e-03
-5.227779e-03
-1.431216e-02
-2.248283e-02
-1.714694e-02
5.118895e-03
3.203351e-02
7.001976e-02
1.020325e-01
1.123241e-01
1.031546e-01
8.439520e-02
9.156917e-02
1.193752e-01
1.285294e-01
1.094943e-01
7.854359e-02
5.345813e-02
3.863543e-02
3.066878e-02
2.397426e-02
1.681186e-02
1.854469e-02
3.026608e-02
5.745099e-02
8.848996e-02
9.455784e-02
9.314426e-02
9.206499e-02
9.732189e-02
1.119768e-01
1.165835e-01
1.289927e-01
1.380189e-01
1.314811e-01
1.217383e-01
1.035124e-01
8.632603e-02
7.468614e-02
7.442284e-02
8.401813e-02
9.628705e-02
1.069628e-01
1.065362e-01
1.009694e-01
8.512642e-02
7.678182e-02
9.780468e-02
1.167788e-01
1.148499e-01
8.979440e-02
5.273423e-02
3.330054e-02
3.037711e-02
3.402666e-02
3.802527e-02
3.909569e-02
3.554102e-02
1.957322e-02
1.716309e-02
3.595858e-02
5.301362e-02
7.203705e-02
9.852166e-02
1.250603e-01
1.243102e-01
9.373813e-02
6.486098e-02
5.135738e-02
5.572297e-02
7.789228e-02
1.141158e-01
1.373888e-01
1.243470e-01
8.587372e-02
5.577011e-02
6.100716e-02
8.136583e-02
9.472782e-02
9.559452e-02
9.059137e-02
9.565544e-02
1.001523e-01
9.769353e-02
8.156224e-02
5.033721e-02
3.940086e-02
5.488178e-02
7.813412e-02
1.008260e-01
1.011827e-01
8.194058e-02
5.805854e-02
3.294467e-02
2.201356e-02
1.614402e-02
1.835199e-02
4.482548e-02
6.233587e-02
5.758516e-02
5.173318e-02
4.564640e-02
3.927503e-02
4.374351e-02
5.388607e-02
5.166211e-02
3.792056e-02
2.585118e-02
1.510197e-02
1.988149e-04
-1.724282e-02
-3.929278e-02
-6.127716e-02
-7.881061e-02
-9.483148e-02
-1.055092e-01
-1.239936e-01
-1.572443e-01
-1.888526e-01
-2.158144e-01
-2.418453e-01
-2.655819e-01
-2.745459e-01
-2.639210e-01
-2.532475e-01
-2.498045e-01
-2.513214e-01
-2.571090e-01
-2.646499e-01
-2.780555e-01
-2.885599e-01
-2.884955e-01
-2.871852e-01
-2.900909e-01
-3.003687e-01
-3.156173e-01
-3.278951e-01
-3.348175e-01
-3.387727e-01
-3.400078e-01
-3.300847e-01
-3.068435e-01
-2.850645e-01
-2.744625e-01
-2.685864e-01
-2.647987e-01
-2.610502e-01
-2.529029e-01
-2.472708e-01
-2.444780e-01
-2.486851e-01
-2.617899e-01
-2.581111e-01
-2.343101e-01
-2.101153e-01
-1.859969e-01
-1.569768e-01
-1.256409e-01
-9.639242e-02
-7.482168e-02
-5.982052e-02
-4.089199e-02
-2.280712e-02
-1.365897e-02
-7.486530e-03
-5.179299e-03
-8.446018e-03
-1.134956e-02
-9.757532e-03
-1.222674e-03
1.462525e-02
3.176825e-02
4.377282e-02
5.222699e-02
6.777372e-02
8.446909e-02
8.961924e-02
9.701352e-02
1.067730e-01
1.126071e-01
1.212779e-01
1.363285e-01
1.567313e-01
1.581823e-01
1.406497e-01
1.284523e-01
1.226016e-01
1.207999e-01
1.218594e-01
1.221134e-01
1.182860e-01
1.223414e-01
1.368413e-01
1.452216e-01
1.462205e-01
1.396882e-01
1.307072e-01
1.272711e-01
1.262619e-01
1.220047e-01
1.119076e-01
9.379336e-02
6.874945e-02
4.890988e-02
3.165505e-02
1.705642e-02
1.489527e-02
1.740004e-02
1.902979e-02
1.555104e-02
8.149766e-03
9.401775e-03
1.917313e-02
2.686361e-02
2.853603e-02
2.242323e-02
1.192110e-02
7.097080e-03
4.177383e-03
-3.536429e-03
-1.320153e-02
-2.326676e-02
-3.080406e-02
-3.156763e-02
-3.315455e-02
-3.992032e-02
-5.214587e-02
-6.789696e-02
-6.575399e-02
-5.388409e-02
-4.803253e-02
-4.573996e-02
-5.816004e-02
-7.201707e-02
-7.670499e-02
-8.139988e-02
-9.417547e-02
-1.105921e-01
-1.128311e-01
-1.105205e-01
-1.080590e-01
-1.013570e-01
-9.146583e-02
-7.725870e-02
-7.410644e-02
-7.843049e-02
-8.143392e-02
-8.166526e-02
-7.501265e-02
-7.450425e-02
-7.648051e-02
-7.434424e-02
-7.303510e-02
-7.074713e-02
-7.722748e-02
-8.783603e-02
-9.179907e-02
-9.662466e-02
-1.006553e-01
-9.947702e-02
-9.321181e-02
-8.745954e-02
-9.034967e-02
-9.760286e-02
-1.059543e-01
-1.164458e-01
-1.253380e-01
-1.301290e-01
-1.329758e-01
-1.340438e-01
-1.284871e-01
-1.161900e-01
-1.027749e-01
-8.916747e-02
-7.708407e-02
-7.047552e-02
-6.481594e-02
-6.028836e-02
-6.002760e-02
-6.029406e-02
-6.077929e-02
-5.572224e-02
-4.453482e-02
-3.525004e-02
-2.490955e-02
-1.749160e-02
-2.057959e-02
-3.101408e-02
-4.234775e-02
-4.929352e-02
-5.211092e-02
-5.276397e-02
-5.601797e-02
-5.537574e-02
-4.859284e-02
-4.668566e-02
-4.125327e-02
-3.457353e-02
-3.427001e-02
-3.283543e-02
-3.231874e-02
-3.176638e-02
-2.872927e-02
-2.220487e-02
-9.821668e-03
2.617823e-03
1.388887e-02
2.803047e-02
4.215507e-02
5.563890e-02
6.644023e-02
7.047044e-02
7.437648e-02
8.086126e-02
9.374914e-02
1.127610e-01
1.257188e-01
1.327734e-01
1.400781e-01
1.504593e-01
1.586172e-01
1.590530e-01
1.563789e-01
1.583415e-01
1.702678e-01
1.892613e-01
2.066695e-01
2.065008e-01
1.931986e-01
1.858817e-01
1.833710e-01
1.860270e-01
1.923813e-01
1.966174e-01
1.995389e-01
2.011621e-01
2.055741e-01
2.135326e-01
2.201744e-01
2.230999e-01
2.225373e-01
2.221887e-01
2.260698e-01
2.308991e-01
2.308618e-01
2.283877e-01
2.246793e-01
2.169052e-01
2.083851e-01
2.003100e-01
1.929845e-01
1.893259e-01
1.847181e-01
1.765407e-01
1.646780e-01
1.483111e-01
1.332061e-01
1.225719e-01
1.154502e-01
1.102353e-01
1.058440e-01
1.009405e-01
9.474242e-02
8.920209e-02
7.806384e-02
5.859596e-02
4.074210e-02
3.036428e-02
2.897173e-02
3.268050e-02
3.434458e-02
3.206267e-02
2.615837e-02
2.052974e-02
1.591916e-02
1.076397e-02
6.958784e-03
3.059834e-03
1.096718e-03
1.346125e-03
-8.497442e-04
-3.047614e-03
-4.387922e-03
-8.579647e-03
-1.506274e-02
-2.065925e-02
-2.317275e-02
-2.217433e-02
-2.007251e-02
-2.131533e-02
-2.930479e-02
-4.158275e-02
-5.153789e-02
-5.793718e-02
-6.341654e-02
-6.822961e-02
-7.270611e-02
-7.776439e-02
-8.476108e-02
-9.450397e-02
-1.044857e-01
-1.164536e-01
-1.319174e-01
-1.462243e-01
-1.618318e-01
-1.797696e-01
-1.942471e-01
-2.105359e-01
-2.333904e-01
-2.566306e-01
-2.792120e-01
-3.021448e-01
-3.214119e-01
-3.327237e-01
-3.370056e-01
-3.413986e-01
-3.476281e-01
-3.545110e-01
-3.640986e-01
-3.717696e-01
-3.723095e-01
-3.673623e-01
-3.577584e-01
-3.414396e-01
-3.176923e-01
-2.897380e-01
-2.608871e-01
-2.382749e-01
-2.279756e-01
-2.242583e-01
-2.246190e-01
-2.297747e-01
-2.358341e-01
-2.417788e-01
-2.481510e-01
-2.545491e-01
-2.612991e-01
-2.628792e-01
-2.511928e-01
-2.334018e-01
-2.159596e-01
-2.027593e-01
-2.013188e-01
-2.009839e-01
-1.958627e-01
-1.893097e-01
-1.812900e-01
-1.744943e-01
-1.638258e-01
-1.497807e-01
-1.367772e-01
-1.227927e-01
-1.067183e-01
-8.917317e-02
-7.608502e-02
-6.720760e-02
-5.923054e-02
-5.556401e-02
-5.414352e-02
-5.462686e-02
-5.708743e-02
-5.476104e-02
-5.014198e-02
-4.572611e-02
-3.610378e-02
-2.248378e-02
-1.006629e-02
1.208461e-03
9.870718e-03
1.299958e-02
1.533854e-02
1.781643e-02
2.031799e-02
2.166393e-02
2.228406e-02
2.691459e-02
2.714573e-02
2.776725e-02
3.491483e-02
3.698969e-02
3.888308e-02
4.292566e-02
4.271885e-02
4.220473e-02
3.960960e-02
3.330081e-02
2.759863e-02
2.161409e-02
1.598306e-02
1.093585e-02
6.995424e-03
6.567734e-03
5.992604e-03
6.293720e-03
8.334832e-03
8.047304e-03
7.098213e-03
5.782198e-03
4.593531e-03
4.058885e-03
2.773336e-03
2.930381e-03
1.523119e-03
-6.416523e-04
1.006326e-03
-2.338272e-04
-2.790104e-03
-3.009753e-03
-6.468163e-03
-7.466170e-03
-4.664255e-03
-4.524607e-03
-4.006687e-03
-3.214090e-03
-3.719875e-03
-5.272789e-03
-9.058359e-03
-1.288100e-02
-1.387636e-02
-1.191055e-02
-1.127583e-02
-1.060697e-02
-7.478098e-03
-7.783636e-03
-1.219744e-02
-1.718324e-02
-2.078327e-02
-2.266191e-02
-2.200426e-02
-1.984167e-02
-1.860533e-02
-1.696393e-02
-1.892559e-02
-2.439782e-02
-2.907349e-02
-3.355965e-02
-3.585594e-02
-3.672608e-02
-3.657025e-02
-3.429860e-02
-3.033878e-02
-2.769162e-02
-2.569847e-02
-1.826845e-02
-1.325104e-02
-1.071951e-02
-3.861036e-03
5.248966e-04
5.228994e-03
1.022349e-02
1.188526e-02
1.480090e-02
1.638451e-02
1.616665e-02
1.756293e-02
1.997865e-02
2.292272e-02
2.678230e-02
2.956462e-02
2.971367e-02
3.056307e-02
3.204559e-02
3.260126e-02
3.315457e-02
3.322471e-02
3.564082e-02
4.075430e-02
4.616862e-02
5.385055e-02
6.190767e-02
6.844850e-02
7.523452e-02
8.027148e-02
8.331850e-02
8.563484e-02
8.698680e-02
8.955049e-02
9.436270e-02
9.932667e-02
1.038607e-01
1.114321e-01
1.216229e-01
1.300089e-01
1.377176e-01
1.456613e-01
1.504362e-01
1.531791e-01
1.584214e-01
1.644732e-01
1.693981e-01
1.748527e-01
1.821557e-01
1.908099e-01
1.978135e-01
2.069106e-01
2.168561e-01
2.229897e-01
2.303092e-01
2.355186e-01
2.358666e-01
2.333790e-01
2.280650e-01
2.224377e-01
2.146216e-01
2.051578e-01
1.960636e-01
1.872607e-01
1.817263e-01
1.799073e-01
1.789003e-01
1.768346e-01
1.758622e-01
1.772961e-01
1.780376e-01
1.774411e-01
1.773101e-01
1.775494e-01
1.777157e-01
1.776335e-01
1.778753e-01
1.791338e-01
1.788843e-01
1.761618e-01
1.744594e-01
1.741916e-01
1.734354e-01
1.712476e-01
1.680454e-01
1.654076e-01
1.620480e-01
1.586062e-01
1.555125e-01
1.535049e-01
1.547028e-01
1.544580e-01
1.537264e-01
1.539073e-01
1.527290e-01
1.538872e-01
1.543128e-01
1.529962e-01
1.535083e-01
1.522412e-01
1.502623e-01
1.527046e-01
1.573277e-01
1.606941e-01
1.633076e-01
1.645765e-01
1.662006e-01
1.669927e-01
1.656484e-01
1.650018e-01
1.608950e-01
1.549145e-01
1.488371e-01
1.400964e-01
1.325983e-01
1.237085e-01
1.127158e-01
1.027702e-01
9.141788e-02
8.015513e-02
7.084209e-02
6.193618e-02
5.462380e-02
4.904188e-02
4.317275e-02
3.849799e-02
3.542962e-02
3.234728e-02
2.983102e-02
2.624168e-02
2.117804e-02
1.864971e-02
1.657112e-02
1.288750e-02
1.125795e-02
1.051535e-02
9.382443e-03
7.315206e-03
2.860632e-03
8.059888e-05
-9.652511e-04
-3.188660e-03
-3.972734e-03
-4.333832e-03
-6.072104e-03
-8.393332e-03
-1.136056e-02
-1.223764e-02
-1.108114e-02
-1.073912e-02
-1.150464e-02
-1.172678e-02
-1.102660e-02
-1.116733e-02
-1.168824e-02
-1.350007e-02
-1.676928e-02
-1.945195e-02
-2.089937e-02
-2.097029e-02
-2.171005e-02
-2.265751e-02
-2.269734e-02
-2.298828e-02
-2.349582e-02
-2.546957e-02
-2.806334e-02
-2.852845e-02
-2.933231e-02
-3.144851e-02
-3.134574e-02
-3.223868e-02
-3.641395e-02
-3.967476e-02
-4.318058e-02
-4.825904e-02
-5.454022e-02
-6.216905e-02
-6.767963e-02
-7.146987e-02
-7.630943e-02
-8.133697e-02
-8.689496e-02
-9.307908e-02
-9.821415e-02
-1.024592e-01
-1.071063e-01
-1.105180e-01
-1.114529e-01
-1.120821e-01
-1.125593e-01
-1.126380e-01
-1.127666e-01
-1.141081e-01
-1.170911e-01
-1.186140e-01
-1.199812e-01
-1.208738e-01
-1.191245e-01
-1.170026e-01
-1.115608e-01
-1.035641e-01
-9.779292e-02
-9.213041e-02
-8.554631e-02
-8.096763e-02
-7.883098e-02
-7.555150e-02
-7.306961e-02
-7.337479e-02
-7.329064e-02
-7.484702e-02
-7.879657e-02
-8.190745e-02
-8.405264e-02
-8.782677e-02
-9.111930e-02
-9.133000e-02
-9.250800e-02
-9.490472e-02
-9.700651e-02
-9.933408e-02
-1.007727e-01
-1.009910e-01
-1.009096e-01
-1.011449e-01
-1.015624e-01
-1.023034e-01
-1.026014e-01
-1.033639e-01
-1.051989e-01
-1.069179e-01
-1.083793e-01
-1.079098e-01
-1.078161e-01
-1.084252e-01
-1.067860e-01
-1.065584e-01
-1.056991e-01
-1.028879e-01
-1.038391e-01
-1.056531e-01
-1.047267e-01
-1.034571e-01
-1.021126e-01
-1.011961e-01
-1.020585e-01
-1.018929e-01
-1.003939e-01
-1.004061e-01
-1.010152e-01
-1.010476e-01
-1.009125e-01
-1.010629e-01
-1.022722e-01
-1.050397e-01
-1.067367e-01
-1.069108e-01
-1.083721e-01
-1.089596e-01
-1.078935e-01
-1.065802e-01
-1.033704e-01
-9.877608e-02
-9.497853e-02
-9.001649e-02
-8.301779e-02
-7.738839e-02
-7.265459e-02
-6.815857e-02
-6.486321e-02
-6.185405e-02
-5.912151e-02
-5.705011e-02
-5.708025e-02
-5.768950e-02
-5.610858e-02
-5.389356e-02
-5.134203e-02
-4.651002e-02
-4.049639e-02
-3.694366e-02
-3.426142e-02
-3.113886e-02
-3.058020e-02
-3.054051e-02
-3.026680e-02
-3.072962e-02
-3.197138e-02
-3.660302e-02
-4.052530e-02
-4.165744e-02
-4.510893e-02
-4.801778e-02
-4.690940e-02
-4.582607e-02
-4.643997e-02
-4.597454e-02
-4.517311e-02
-4.625739e-02
-4.668464e-02
-4.694275e-02
-4.752125e-02
-4.585724e-02
-4.403391e-02
-4.209764e-02
-3.924547e-02
-3.622470e-02
-3.200543e-02
-2.879357e-02
-2.772782e-02
-2.672172e-02
-2.554877e-02
-2.300099e-02
-1.965023e-02
-1.895328e-02
-1.792831e-02
-1.568876e-02
-1.557921e-02
-1.470628e-02
-1.353127e-02
-1.322491e-02
-1.141839e-02
-9.936930e-03
-8.218507e-03
-5.899238e-03
-5.179509e-03
-4.066406e-03
-1.898556e-03
-1.057479e-03
-1.341259e-03
-6.327059e-04
4.456697e-04
8.625937e-04
1.573437e-03
2.607493e-03
4.775156e-03
6.346230e-03
6.674745e-03
7.802928e-03
7.589720e-03
7.711870e-03
8.844659e-03
8.787071e-03
9.783926e-03
1.127919e-02
1.176529e-02
1.199742e-02
1.257904e-02
1.395984e-02
1.604906e-02
1.722860e-02
1.774772e-02
1.862751e-02
1.913832e-02
1.968100e-02
1.995060e-02
2.167487e-02
2.437879e-02
2.386691e-02
2.272781e-02
2.439009e-02
2.571575e-02
2.598228e-02
2.764044e-02
2.930731e-02
3.069488e-02
3.097400e-02
2.990464e-02
3.161587e-02
3.508694e-02
3.637200e-02
3.607969e-02
3.684881e-02
3.829304e-02
3.931916e-02
4.124366e-02
4.435959e-02
4.732977e-02
4.994946e-02
5.225486e-02
5.398377e-02
5.749968e-02
6.215880e-02
6.536865e-02
6.889489e-02
7.317091e-02
7.733377e-02
8.151373e-02
8.387073e-02
8.510170e-02
8.731460e-02
8.721299e-02
8.619190e-02
8.515891e-02
8.101024e-02
7.823361e-02
7.610761e-02
7.263811e-02
6.965777e-02
6.568190e-02
6.219143e-02
5.794756e-02
5.279365e-02
4.997100e-02
4.685672e-02
4.341076e-02
4.113701e-02
3.852573e-02
3.691646e-02
3.689169e-02
3.882031e-02
4.235118e-02
4.595505e-02
4.974552e-02
5.215551e-02
5.447756e-02
5.612376e-02
5.407819e-02
5.130699e-02
4.889940e-02
4.650734e-02
4.392975e-02
4.107704e-02
4.005819e-02
3.811561e-02
3.468493e-02
3.249934e-02
2.931474e-02
2.734870e-02
2.724039e-02
2.508471e-02
2.299288e-02
2.079473e-02
1.735397e-02
1.462634e-02
1.322502e-02
1.234243e-02
1.153896e-02
1.354805e-02
1.760403e-02
2.133826e-02
2.493020e-02
2.805338e-02
3.163748e-02
3.442087e-02
3.529214e-02
3.524917e-02
3.499812e-02
3.517557e-02
3.527691e-02
3.562466e-02
3.578377e-02
3.614296e-02
3.668394e-02
3.622736e-02
3.698286e-02
3.689744e-02
3.550752e-02
3.575141e-02
3.487418e-02
3.269754e-02
3.038179e-02
2.918493e-02
2.965007e-02
2.913927e-02
2.834945e-02
2.744092e-02
2.679213e-02
2.696532e-02
2.610532e-02
2.485164e-02
2.486061e-02
2.491791e-02
2.317818e-02
2.229165e-02
2.263680e-02
2.234300e-02
2.225800e-02
2.079421e-02
1.941527e-02
1.871274e-02
1.640550e-02
1.489384e-02
1.357083e-02
1.195129e-02
1.160141e-02
1.197441e-02
1.276604e-02
1.154071e-02
9.897913e-03
8.452903e-03
5.378078e-03
3.907052e-03
2.130404e-03
1.283266e-03
3.027045e-03
3.319521e-03
4.262616e-03
3.937796e-03
1.408466e-03
-1.332644e-05
-9.912794e-04
-1.993019e-03
-3.949753e-03
-4.514466e-03
-4.066832e-03
-5.734491e-03
-7.864224e-03
-9.474006e-03
-1.057502e-02
-1.261011e-02
-1.474707e-02
-1.495667e-02
-1.583175e-02
-1.671723e-02
-1.664090e-02
-1.805976e-02
-1.957713e-02
-1.995765e-02
-1.981785e-02
-1.931024e-02
-1.936763e-02
-1.978136e-02
-2.046151e-02
-2.041744e-02
-1.928342e-02
-1.885331e-02
-1.848264e-02
-1.806733e-02
-1.673633e-02
-1.350848e-02
-1.190306e-02
-1.212396e-02
-1.254441e-02
-1.334392e-02
-1.311494e-02
-1.117031e-02
-8.306920e-03
-6.048671e-03
-4.145023e-03
-2.527899e-03
-1.818432e-03
-1.052404e-03
1.340122e-04
1.879376e-03
3.393373e-03
5.456070e-03
7.002763e-03
7.211143e-03
9.206138e-03
1.073085e-02
1.280293e-02
1.682003e-02
1.878503e-02
2.142740e-02
2.431772e-02
2.557228e-02
2.848099e-02
3.170292e-02
3.447655e-02
3.687678e-02
3.874014e-02
4.111309e-02
4.249206e-02
4.375169e-02
4.506586e-02
4.596855e-02
4.723536e-02
4.762703e-02
4.753643e-02
4.745960e-02
4.772613e-02
4.702358e-02
4.633587e-02
4.810827e-02
4.784977e-02
4.613006e-02
4.561045e-02
4.380967e-02
4.280492e-02
4.215080e-02
3.866450e-02
3.533830e-02
3.251198e-02
2.807219e-02
2.484580e-02
2.355800e-02
2.251215e-02
2.127193e-02
1.941249e-02
1.867811e-02
1.809170e-02
1.617745e-02
1.628226e-02
1.656896e-02
1.441006e-02
1.295102e-02
1.197639e-02
1.031077e-02
8.509528e-03
6.314572e-03
5.379092e-03
5.278257e-03
3.869821e-03
3.036712e-03
3.689810e-03
3.979419e-03
3.567392e-03
3.018331e-03
2.114413e-03
2.180900e-03
3.031360e-03
8.619589e-04
-1.544095e-03
-1.575300e-03
-2.724998e-03
-4.130979e-03
-5.195443e-03
-6.240414e-03
-6.296273e-03
-6.141897e-03
-5.716124e-03
-6.654935e-03
-8.512786e-03
-8.986845e-03
-1.040835e-02
-1.151630e-02
-1.110727e-02
-1.282262e-02
-1.551499e-02
-1.697200e-02
-1.788550e-02
-1.849811e-02
-1.809947e-02
-1.831203e-02
-2.011802e-02
-1.994376e-02
-1.984148e-02
-2.161685e-02
-2.187241e-02
-2.133151e-02
-2.089567e-02
-2.169900e-02
-2.303427e-02
-2.184934e-02
-2.037431e-02
-1.910662e-02
-1.713105e-02
-1.676676e-02
-1.570983e-02
-1.358690e-02
-1.330860e-02
-1.237136e-02
-1.121737e-02
-1.196568e-02
-1.276126e-02
-1.161261e-02
-1.006704e-02
-1.040769e-02
-8.946167e-03
-6.178245e-03
-5.868136e-03
-5.015729e-03
-3.447609e-03
-3.291957e-03
-2.635636e-03
-2.603263e-03
-3.833182e-03
-3.793618e-03
-4.514249e-03
-6.306342e-03
-7.891540e-03
-8.651787e-03
-8.875647e-03
-1.086027e-02
-1.216466e-02
-1.299812e-02
-1.409096e-02
-1.440831e-02
-1.561315e-02
-1.632894e-02
-1.866661e-02
-2.220618e-02
-2.164938e-02
-2.106276e-02
-2.299083e-02
-2.386819e-02
-2.584180e-02
-2.816397e-02
-2.821038e-02
-3.043519e-02
-3.300199e-02
-3.231198e-02
-3.184489e-02
-3.153618e-02
-3.112465e-02
-3.203755e-02
-3.302520e-02
-3.460583e-02
-3.729230e-02
-3.889479e-02
-3.924043e-02
-4.006521e-02
-4.179360e-02
-4.371375e-02
-4.474537e-02
-4.476199e-02
-4.440742e-02
-4.336832e-02
-4.199838e-02
-4.193637e-02
-4.235935e-02
-4.171362e-02
-4.192436e-02
-4.392009e-02
-4.530000e-02
-4.596482e-02
-4.727806e-02
-4.830394e-02
-4.824780e-02
-4.685623e-02
-4.546899e-02
-4.628147e-02
-4.706418e-02
-4.559397e-02
-4.482115e-02
-4.473899e-02
-4.322737e-02
-4.358664e-02
-4.502312e-02
-4.462954e-02
-4.492853e-02
-4.590302e-02
-4.698513e-02
-4.804867e-02
-4.800047e-02
-4.752591e-02
-4.659775e-02
-4.500543e-02
-4.410454e-02
-4.416030e-02
-4.291273e-02
-4.228772e-02
-4.427966e-02
-4.519820e-02
-4.562256e-02
-4.687950e-02
-4.781469e-02
-4.858117e-02
-4.802951e-02
-4.803254e-02
-4.881044e-02
-4.810948e-02
-4.813936e-02
-4.806307e-02
-4.852735e-02
-5.094858e-02
-5.105526e-02
-5.104277e-02
-5.247671e-02
-5.268172e-02
-5.362625e-02
-5.405785e-02
-5.402425e-02
-5.452751e-02
-5.367765e-02
-5.264009e-02
-5.005087e-02
-4.722575e-02
-4.478272e-02
-4.070031e-02
-3.848470e-02
-3.723731e-02
-3.661831e-02
-3.736071e-02
-3.698619e-02
-3.588818e-02
-3.486747e-02
-3.450912e-02
-3.396639e-02
-3.190172e-02
-2.939551e-02
-2.851569e-02
-2.780629e-02
-2.610502e-02
-2.511689e-02
-2.505777e-02
-2.547129e-02
-2.537184e-02
-2.613500e-02
-2.658629e-02
-2.503680e-02
-2.420105e-02
-2.305091e-02
-1.989239e-02
-1.618969e-02
-1.484153e-02
-1.468590e-02
-1.349715e-02
-1.481199e-02
-1.814705e-02
-1.912839e-02
-1.898966e-02
-1.956270e-02
-1.837098e-02
-1.655861e-02
-1.599858e-02
-1.466069e-02
-1.424276e-02
-1.385526e-02
-1.275070e-02
-1.302763e-02
-1.213468e-02
-1.169146e-02
-1.178017e-02
-1.137879e-02
-1.257720e-02
-1.367109e-02
-1.535710e-02
-1.703233e-02
-1.803192e-02
-1.863779e-02
-1.775389e-02
-1.655699e-02
-1.610722e-02
-1.764827e-02
-1.813477e-02
-1.723717e-02
-1.736323e-02
-1.721363e-02
-1.733604e-02
-1.635747e-02
-1.522589e-02
-1.561614e-02
-1.645314e-02
-1.699883e-02
-1.576114e-02
-1.517118e-02
-1.558723e-02
-1.433774e-02
-1.260537e-02
-1.201095e-02
-1.114543e-02
-9.075947e-03
-8.415379e-03
-7.685574e-03
-6.307330e-03
-6.392352e-03
-4.617121e-03
-2.817553e-03
-3.556216e-03
-3.100677e-03
-1.756009e-03
-1.095909e-03
-6.530379e-04
6.136460e-04
2.084833e-03
1.864817e-03
3.346997e-03
5.705259e-03
5.618446e-03
6.719989e-03
7.763679e-03
7.171053e-03
6.905427e-03
7.478597e-03
7.703947e-03
5.944793e-03
5.348750e-03
5.081510e-03
4.629629e-03
5.095175e-03
4.428894e-03
4.509197e-03
4.789271e-03
5.691857e-03
6.681501e-03
6.024260e-03
6.321293e-03
6.104919e-03
6.041129e-03
6.624221e-03
6.575976e-03
8.107959e-03
8.102411e-03
6.821366e-03
8.050767e-03
8.264181e-03
7.616804e-03
8.519033e-03
9.107773e-03
9.655605e-03
1.007356e-02
9.287344e-03
8.234851e-03
7.102527e-03
6.425536e-03
6.046325e-03
5.874320e-03
5.738803e-03
4.745129e-03
4.850952e-03
4.656216e-03
4.066406e-03
4.034568e-03
2.166803e-03
6.343993e-04
-8.049623e-04
-1.529833e-03
-1.263213e-03
-2.631370e-03
-2.110095e-03
-2.437294e-04
7.170450e-04
1.414073e-03
1.998133e-03
2.109818e-03
1.534819e-03
1.630157e-03
-4.998123e-05
-1.305063e-03
-5.269038e-04
-1.032300e-03
-7.621162e-04
-7.947963e-04
-1.477793e-03
-1.068997e-03
-6.137953e-04
5.616506e-05
1.294405e-03
2.153663e-03
2.522297e-03
3.131850e-03
2.634032e-03
3.597088e-03
4.823412e-03
3.919662e-03
4.686955e-03
4.706372e-03
4.437917e-03
6.185435e-03
8.027164e-03
1.017823e-02
1.219218e-02
1.317642e-02
1.344271e-02
1.549617e-02
1.767455e-02
1.814740e-02
1.940649e-02
2.139405e-02
2.413474e-02
2.611264e-02
2.693566e-02
2.930602e-02
3.184664e-02
3.358287e-02
3.571976e-02
3.691896e-02
3.764232e-02
3.841678e-02
3.918924e-02
4.178052e-02
4.319325e-02
4.298437e-02
4.449626e-02
4.651952e-02
4.780513e-02
4.809939e-02
4.859099e-02
4.972674e-02
4.951073e-02
4.810361e-02
4.747970e-02
4.750472e-02
4.674841e-02
4.657830e-02
4.725595e-02
4.731619e-02
4.706195e-02
4.643817e-02
4.620915e-02
4.613948e-02
4.579179e-02
4.622477e-02
4.611722e-02
4.628691e-02
4.613177e-02
4.563372e-02
4.815795e-02
4.946131e-02
4.898000e-02
4.886197e-02
4.740857e-02
4.790797e-02
4.989651e-02
5.115058e-02
5.194607e-02
5.204999e-02
5.237715e-02
5.236413e-02
5.248109e-02
5.293771e-02
5.289358e-02
5.276251e-02
5.256775e-02
5.257128e-02
5.228802e-02
5.127464e-02
5.037634e-02
4.885063e-02
4.733368e-02
4.707359e-02
4.589210e-02
4.528629e-02
4.553678e-02
4.423651e-02
4.395698e-02
4.387657e-02
4.307845e-02
4.317123e-02
4.327328e-02
4.445823e-02
4.541915e-02
4.521890e-02
4.734714e-02
4.887594e-02
4.831478e-02
5.062613e-02
5.211167e-02
5.096471e-02
5.167896e-02
5.233432e-02
5.222406e-02
5.219666e-02
5.243462e-02
5.340350e-02
5.353052e-02
5.416917e-02
5.552591e-02
5.542168e-02
5.533951e-02
5.651500e-02
5.643646e-02
5.451280e-02
5.363020e-02
5.320179e-02
5.198641e-02
5.109825e-02
5.030798e-02
4.951148e-02
4.799573e-02
4.565560e-02
4.398808e-02
4.191618e-02
3.939883e-02
3.816285e-02
3.827468e-02
3.959984e-02
3.944692e-02
3.761694e-02
3.688854e-02
3.603292e-02
3.566630e-02
3.578645e-02
3.544622e-02
3.557500e-02
3.483480e-02
3.313178e-02
3.217231e-02
3.339561e-02
3.299012e-02
3.069124e-02
3.161166e-02
3.188393e-02
3.004718e-02
2.784207e-02
2.591818e-02
2.583984e-02
2.469717e-02
2.409866e-02
2.525097e-02
2.459425e-02
2.355642e-02
2.253016e-02
2.073786e-02
1.985051e-02
1.923050e-02
1.934275e-02
1.961438e-02
1.817633e-02
1.808576e-02
1.837027e-02
1.701099e-02
1.551991e-02
1.343989e-02
1.273506e-02
1.275565e-02
1.251240e-02
1.328647e-02
1.263279e-02
1.214088e-02
1.271935e-02
1.153120e-02
9.826694e-03
8.764998e-03
8.160502e-03
7.539971e-03
6.419381e-03
5.631843e-03
4.602062e-03
3.225155e-03
3.290573e-03
4.215699e-03
4.306105e-03
3.810725e-03
2.795860e-03
1.800252e-03
8.593197e-04
-2.217189e-03
-4.041796e-03
-2.752086e-03
-3.861546e-03
-5.267254e-03
-5.292317e-03
-6.412150e-03
-6.470767e-03
-7.108506e-03
-7.518779e-03
-7.195275e-03
-9.663542e-03
-1.051565e-02
-1.008388e-02
-1.176719e-02
-1.231393e-02
-1.296875e-02
-1.408331e-02
-1.368235e-02
-1.411969e-02
-1.573588e-02
-1.676602e-02
-1.587829e-02
-1.479556e-02
-1.569550e-02
-1.612280e-02
-1.544544e-02
-1.448735e-02
-1.449984e-02
-1.553781e-02
-1.427117e-02
-1.317170e-02
-1.380649e-02
-1.343886e-02
-1.300332e-02
-1.233124e-02
-1.146507e-02
-1.026685e-02
-8.908465e-03
-7.985487e-03
-4.840380e-03
-3.253785e-03
-3.899329e-03
-1.996390e-03
-2.448654e-04
1.794711e-04
-1.612556e-04
2.443121e-04
1.899556e-03
1.694766e-03
1.824802e-03
2.140450e-03
4.970062e-04
5.101220e-04
7.217079e-04
-1.751809e-03
-3.707628e-03
-5.224407e-03
-6.553571e-03
-6.175156e-03
-6.644581e-03
-7.474885e-03
-6.833178e-03
-6.931101e-03
-7.807285e-03
-8.257409e-03
-8.278557e-03
-8.003567e-03
-9.024319e-03
-9.672560e-03
-8.769259e-03
-9.018357e-03
-9.613479e-03
-9.684795e-03
-9.186133e-03
-8.837743e-03
-9.195543e-03
-9.124342e-03
-9.172761e-03
-8.326814e-03
-7.398364e-03
-7.438555e-03
-7.365250e-03
-7.001033e-03
-6.305670e-03
-6.619346e-03
-6.185438e-03
-5.253493e-03
-5.629446e-03
-5.107648e-03
-4.226243e-03
-3.741694e-03
-4.052398e-03
-4.033011e-03
-2.888860e-03
-3.546991e-03
-4.444812e-03
-4.368301e-03
-5.254326e-03
-5.998665e-03
-5.819415e-03
-4.979118e-03
-4.025787e-03
-3.837171e-03
-3.685724e-03
-3.132495e-03
-3.022509e-03
-3.172662e-03
-3.092138e-03
-3.875404e-03
-4.155362e-03
-3.102684e-03
-4.211790e-03
-5.419075e-03
-4.586475e-03
-4.651869e-03
-4.754502e-03
-5.063583e-03
-4.944168e-03
-4.094489e-03
-4.822492e-03
-4.432198e-03
-4.661095e-03
-5.689680e-03
-4.339199e-03
-5.284075e-03
-7.172988e-03
-6.246008e-03
-5.647426e-03
-6.706935e-03
-7.318741e-03
-6.932329e-03
-7.245082e-03
-7.512263e-03
-7.294396e-03
-7.811331e-03
-8.358154e-03
-8.586461e-03
-8.909914e-03
-9.104914e-03
-1.021756e-02
-1.125907e-02
-1.051065e-02
-1.054772e-02
-1.172056e-02
-1.274455e-02
-1.294732e-02
-1.262658e-02
-1.347012e-02
-1.335509e-02
-1.237894e-02
-1.360184e-02
-1.568456e-02
-1.692611e-02
-1.733858e-02
-1.699316e-02
-1.800154e-02
-1.948815e-02
-1.943097e-02
-2.049283e-02
-2.170492e-02
-2.175280e-02
-2.247325e-02
-2.428792e-02
-2.547862e-02
-2.529739e-02
-2.705920e-02
-2.880073e-02
-2.893822e-02
-2.959355e-02
-2.965446e-02
-3.069447e-02
-3.291723e-02
-3.518353e-02
-3.733666e-02
-3.802181e-02
-3.929605e-02
-4.146038e-02
-4.215057e-02
-4.364473e-02
-4.649138e-02
-4.783650e-02
-4.950790e-02
-5.207227e-02
-5.281667e-02
-5.325906e-02
-5.503963e-02
-5.655283e-02
-5.748527e-02
-5.847186e-02
-5.946574e-02
-6.021474e-02
-6.099641e-02
-6.237488e-02
-6.285080e-02
-6.294377e-02
-6.383672e-02
-6.432884e-02
-6.479303e-02
-6.462990e-02
-6.403935e-02
-6.398353e-02
-6.411340e-02
-6.438020e-02
-6.362912e-02
-6.337864e-02
-6.466505e-02
-6.456265e-02
-6.424691e-02
-6.413968e-02
-6.283186e-02
-6.306355e-02
-6.296988e-02
-6.249921e-02
-6.448068e-02
-6.415554e-02
-6.241145e-02
-6.348085e-02
-6.351664e-02
-6.225601e-02
-6.299141e-02
-6.341215e-02
-6.335887e-02
-6.505317e-02
-6.603074e-02
-6.542646e-02
-6.510403e-02
-6.462830e-02
-6.372016e-02
-6.367565e-02
-6.385522e-02
-6.358520e-02
-6.251008e-02
-6.069023e-02
-6.020874e-02
-5.979592e-02
-5.892170e-02
-5.851694e-02
-5.768073e-02
-5.685089e-02
-5.507396e-02
-5.317729e-02
-5.246644e-02
-5.132983e-02
-4.999197e-02
-4.933529e-02
-4.858662e-02
-4.701755e-02
-4.541409e-02
-4.310448e-02
-3.994185e-02
-3.810515e-02
-3.715367e-02
-3.512717e-02
-3.225315e-02
-3.044314e-02
-2.912228e-02
-2.684142e-02
-2.496639e-02
-2.355194e-02
-2.141679e-02
-1.952349e-02
-1.861344e-02
-1.758184e-02
-1.624928e-02
-1.441398e-02
-1.202879e-02
-1.063186e-02
-8.996311e-03
-7.120979e-03
-6.617458e-03
-5.766660e-03
-4.319330e-03
-3.203786e-03
-2.266435e-03
-1.169117e-03
-2.120754e-05
5.606648e-04
1.538740e-03
3.535602e-03
4.315928e-03
4.013705e-03
5.274700e-03
6.194376e-03
5.614901e-03
6.062229e-03
7.201317e-03
7.257915e-03
7.872017e-03
1.020303e-02
1.120672e-02
1.133620e-02
1.184677e-02
1.115711e-02
1.147927e-02
1.298540e-02
1.331674e-02
1.396261e-02
1.517509e-02
1.487987e-02
1.425121e-02
1.507466e-02
1.654354e-02
1.762840e-02
1.739115e-02
1.689585e-02
1.814850e-02
1.878315e-02
1.685577e-02
1.639622e-02
1.874622e-02
2.012592e-02
2.048272e-02
2.117174e-02
2.117858e-02
2.070448e-02
2.103909e-02
2.218012e-02
2.224837e-02
2.167693e-02
2.220614e-02
2.258118e-02
2.297288e-02
2.309758e-02
2.290561e-02
2.398049e-02
2.379816e-02
2.271918e-02
2.306880e-02
2.378611e-02
2.439588e-02
2.461587e-02
2.530008e-02
2.646010e-02
2.671656e-02
2.519096e-02
2.417538e-02
2.628286e-02
2.672065e-02
2.560684e-02
2.643887e-02
2.569766e-02
2.482123e-02
2.535835e-02
2.473976e-02
2.448449e-02
2.506247e-02
2.496364e-02
2.438331e-02
2.439414e-02
2.428734e-02
2.347495e-02
2.367854e-02
2.368321e-02
2.304704e-02
2.389278e-02
2.423095e-02
2.343070e-02
2.315414e-02
2.275542e-02
2.268230e-02
2.230185e-02
2.072675e-02
2.022297e-02
2.002605e-02
1.913229e-02
1.959957e-02
1.891098e-02
1.672007e-02
1.691235e-02
1.707882e-02
1.646740e-02
1.711105e-02
1.673489e-02
1.562277e-02
1.520593e-02
1.488602e-02
1.484114e-02
1.469960e-02
1.424663e-02
1.356104e-02
1.340475e-02
1.321130e-02
1.265338e-02
1.281850e-02
1.132831e-02
1.063583e-02
1.213143e-02
1.160694e-02
1.132009e-02
1.111755e-02
1.069517e-02
1.155080e-02
1.058977e-02
1.009059e-02
1.049622e-02
9.321013e-03
8.641040e-03
8.441658e-03
7.987519e-03
7.060039e-03
6.746497e-03
7.666388e-03
8.029565e-03
7.249618e-03
6.946992e-03
7.851992e-03
7.538616e-03
7.730807e-03
8.370441e-03
7.217117e-03
6.624944e-03
6.216195e-03
6.967110e-03
8.345085e-03
7.930234e-03
7.690927e-03
7.949350e-03
8.525259e-03
9.358698e-03
9.907834e-03
1.050092e-02
1.081752e-02
1.066806e-02
1.041057e-02
1.054441e-02
1.146777e-02
1.224078e-02
1.214905e-02
1.246535e-02
1.328883e-02
1.400424e-02
1.479487e-02
1.548556e-02
1.623935e-02
1.697074e-02
1.723761e-02
1.672125e-02
1.694893e-02
1.887879e-02
1.977854e-02
1.966431e-02
2.001912e-02
2.079475e-02
2.229482e-02
2.283871e-02
2.291501e-02
2.350508e-02
2.304369e-02
2.344930e-02
2.529723e-02
2.581655e-02
2.647278e-02
2.754347e-02
2.772615e-02
2.835705e-02
2.810175e-02
2.885003e-02
3.113883e-02
3.127712e-02
3.166589e-02
3.265724e-02
3.258345e-02
3.284748e-02
3.397226e-02
3.409742e-02
3.344050e-02
3.421642e-02
3.408845e-02
3.366489e-02
3.527734e-02
3.665067e-02
3.655742e-02
3.701658e-02
3.874416e-02
3.973788e-02
4.004366e-02
3.966444e-02
3.922470e-02
3.933657e-02
3.964236e-02
4.113734e-02
4.178702e-02
4.182097e-02
4.331492e-02
4.440579e-02
4.462649e-02
4.517160e-02
4.613783e-02
4.671708e-02
4.778976e-02
4.961728e-02
4.984802e-02
5.015896e-02
5.100838e-02
5.138835e-02
5.398503e-02
5.630477e-02
5.769548e-02
5.875675e-02
5.821631e-02
5.994704e-02
6.047020e-02
5.947997e-02
6.123510e-02
6.199181e-02
6.259182e-02
6.303337e-02
6.302351e-02
6.316514e-02
6.193005e-02
6.175220e-02
6.071539e-02
5.805522e-02
5.581874e-02
5.429746e-02
5.360585e-02
5.138757e-02
4.873354e-02
4.732605e-02
4.588191e-02
4.373170e-02
4.260400e-02
4.174265e-02
3.971604e-02
3.898530e-02
3.741955e-02
3.540054e-02
3.434541e-02
3.278505e-02
3.246384e-02
3.148542e-02
2.976689e-02
2.900420e-02
2.853993e-02
2.812235e-02
2.721411e-02
2.678865e-02
2.610434e-02
2.482173e-02
2.372875e-02
2.310747e-02
2.288962e-02
2.166494e-02
2.026758e-02
1.987826e-02
1.955177e-02
1.841728e-02
1.785481e-02
1.724297e-02
1.595173e-02
1.600161e-02
1.514384e-02
1.380908e-02
1.315611e-02
1.204071e-02
1.122847e-02
9.636669e-03
9.464535e-03
9.276010e-03
8.256901e-03
9.708823e-03
8.561138e-03
6.531968e-03
6.736830e-03
5.505235e-03
4.077946e-03
3.135325e-03
2.897746e-03
2.591950e-03
1.310366e-03
3.755591e-04
-9.002553e-04
-2.444965e-03
-3.839906e-03
-4.646657e-03
-4.629181e-03
-5.569893e-03
-7.117266e-03
-8.028671e-03
-8.633780e-03
-9.443974e-03
-1.161931e-02
-1.293165e-02
-1.289890e-02
-1.404403e-02
-1.435473e-02
-1.588025e-02
-1.868938e-02
-1.898132e-02
-1.900294e-02
-1.956785e-02
-2.102778e-02
-2.277564e-02
-2.293019e-02
-2.239386e-02
-2.306197e-02
-2.488215e-02
-2.476583e-02
-2.486601e-02
-2.606077e-02
-2.614790e-02
-2.778981e-02
-2.949766e-02
-2.903370e-02
-2.796861e-02
-2.803171e-02
-2.955548e-02
-2.965434e-02
-2.920992e-02
-3.082148e-02
-3.236114e-02
-3.316891e-02
-3.397593e-02
-3.372039e-02
-3.431881e-02
-3.561910e-02
-3.566245e-02
-3.716494e-02
-3.879459e-02
-3.993602e-02
-4.170725e-02
-4.235830e-02
-4.317231e-02
-4.301851e-02
-4.311521e-02
-4.470375e-02
-4.521807e-02
-4.679308e-02
-4.827738e-02
-4.936516e-02
-5.150527e-02
-5.164136e-02
-5.153031e-02
-5.258456e-02
-5.347725e-02
-5.431576e-02
-5.456723e-02
-5.519103e-02
-5.543701e-02
-5.606143e-02
-5.780231e-02
-5.786578e-02
-5.769337e-02
-5.721970e-02
-5.714438e-02
-5.944526e-02
-5.980403e-02
-5.964780e-02
-6.088194e-02
-6.089341e-02
-6.125777e-02
-6.087956e-02
-6.054437e-02
-6.053582e-02
-5.808724e-02
-5.677749e-02
-5.574690e-02
-5.442066e-02
-5.458514e-02
-5.309072e-02
-5.140801e-02
-5.066218e-02
-4.963091e-02
-4.803503e-02
-4.659991e-02
-4.658226e-02
-4.588900e-02
-4.467702e-02
-4.278031e-02
-4.022850e-02
-3.929821e-02
-3.820452e-02
-3.749637e-02
-3.738433e-02
-3.553429e-02
-3.300147e-02
-3.160257e-02
-3.153073e-02
-3.121697e-02
-3.057611e-02
-2.993079e-02
-2.953832e-02
-2.851962e-02
-2.632638e-02
-2.536573e-02
-2.448303e-02
-2.396905e-02
-2.414027e-02
-2.304447e-02
-2.217056e-02
-2.108794e-02
-1.974985e-02
-1.925116e-02
-1.953972e-02
-1.978851e-02
-1.848296e-02
-1.696885e-02
-1.650699e-02
-1.685881e-02
-1.580639e-02
-1.362878e-02
-1.457506e-02
-1.585936e-02
-1.433210e-02
-1.289570e-02
-1.249687e-02
-1.312559e-02
-1.318926e-02
-1.236133e-02
-1.270790e-02
-1.144721e-02
-9.642476e-03
-9.598320e-03
-9.047351e-03
-9.832522e-03
-1.078866e-02
-1.081215e-02
-1.165663e-02
-1.158158e-02
-1.187222e-02
-1.199064e-02
-1.023291e-02
-9.246381e-03
-9.459533e-03
-9.635786e-03
-9.926131e-03
-1.006314e-02
-9.018980e-03
-8.561066e-03
-9.253654e-03
-8.939649e-03
-8.137788e-03
-8.602579e-03
-9.640898e-03
-8.609974e-03
-7.921404e-03
-8.156955e-03
-7.028230e-03
-7.084269e-03
-7.018126e-03
-7.108997e-03
-8.516940e-03
-8.079871e-03
-7.609476e-03
-8.166359e-03
-8.807555e-03
-8.858667e-03
-8.163571e-03
-8.488070e-03
-7.837840e-03
-6.790890e-03
-7.437443e-03
-7.212395e-03
-6.429750e-03
-6.698518e-03
-7.353241e-03
-7.929918e-03
-8.221020e-03
-7.825483e-03
-7.514180e-03
-8.248270e-03
-8.223372e-03
-7.640142e-03
-8.122190e-03
-7.583652e-03
-7.099198e-03
-7.789785e-03
-7.011982e-03
-6.783543e-03
-7.916313e-03
-8.577218e-03
-8.901197e-03
-8.999020e-03
-9.450253e-03
-9.361644e-03
-9.390633e-03
-1.042323e-02
-1.040786e-02
-9.788167e-03
-1.002386e-02
-1.004278e-02
-9.321035e-03
-9.119678e-03
-9.156211e-03
-9.462268e-03
-1.020921e-02
-1.108230e-02
-1.194537e-02
-1.133881e-02
-1.187529e-02
-1.247620e-02
-1.021063e-02
-1.066267e-02
-1.194342e-02
-1.048093e-02
-1.099656e-02
-1.188659e-02
-1.085649e-02
-1.093217e-02
-1.213516e-02
-1.236356e-02
-1.177359e-02
-1.202276e-02
-1.227023e-02
-1.186721e-02
-1.192006e-02
-1.212428e-02
-1.231542e-02
-1.222442e-02
-1.186647e-02
-1.194413e-02
-1.194552e-02
-1.137106e-02
-1.124335e-02
-1.142589e-02
-1.100500e-02
-1.035956e-02
-1.001820e-02
-1.000970e-02
-9.460223e-03
-9.396908e-03
-9.690851e-03
-9.346534e-03
-1.010887e-02
-9.999853e-03
-8.499598e-03
-8.016892e-03
-7.422477e-03
-6.827801e-03
-7.233286e-03
-7.183190e-03
-6.657649e-03
-6.555035e-03
-5.945253e-03
-4.893238e-03
-4.368657e-03
-4.449109e-03
-3.389055e-03
-1.754554e-03
-1.427247e-03
-1.061958e-03
-6.008549e-04
4.734561e-04
8.296364e-04
3.694787e-04
2.199197e-03
3.599430e-03
5.017835e-03
6.684738e-03
6.676361e-03
7.830565e-03
8.499126e-03
9.702869e-03
1.194840e-02
1.166426e-02
1.213133e-02
1.295471e-02
1.438619e-02
1.710252e-02
1.729769e-02
1.876266e-02
2.105400e-02
2.124740e-02
2.227804e-02
2.334132e-02
2.412087e-02
2.602455e-02
2.821778e-02
2.865433e-02
2.859513e-02
3.008563e-02
3.088667e-02
3.139249e-02
3.252918e-02
3.261268e-02
3.355126e-02
3.550668e-02
3.531637e-02
3.587162e-02
3.773155e-02
3.716928e-02
3.779148e-02
3.901178e-02
3.839440e-02
3.906245e-02
3.916701e-02
3.984351e-02
4.159730e-02
4.121121e-02
4.102779e-02
4.161979e-02
4.199513e-02
4.198774e-02
4.273059e-02
4.402014e-02
4.422457e-02
4.524441e-02
4.586734e-02
4.598699e-02
4.685488e-02
4.581314e-02
4.518584e-02
4.667182e-02
4.691980e-02
4.702604e-02
4.764995e-02
4.785929e-02
4.809615e-02
4.844622e-02
5.035141e-02
5.020275e-02
4.926356e-02
5.087968e-02
4.951772e-02
4.824421e-02
4.830320e-02
4.724369e-02
4.735085e-02
4.679688e-02
4.722081e-02
4.753714e-02
4.597025e-02
4.553243e-02
4.423321e-02
4.346452e-02
4.329010e-02
3.981583e-02
3.743129e-02
3.699259e-02
3.499371e-02
3.350091e-02
3.216530e-02
3.044263e-02
2.864239e-02
2.607064e-02
2.497330e-02
2.461607e-02
2.327195e-02
2.228154e-02
2.187715e-02
2.091199e-02
1.916365e-02
1.804393e-02
1.760791e-02
1.672871e-02
1.536148e-02
1.408227e-02
1.372259e-02
1.385154e-02
1.385999e-02
1.372819e-02
1.336272e-02
1.356633e-02
1.362748e-02
1.341925e-02
1.322028e-02
1.215851e-02
1.182527e-02
1.216846e-02
1.302053e-02
1.387916e-02
1.169741e-02
1.012395e-02
1.081168e-02
1.036179e-02
1.018852e-02
9.938886e-03
9.664859e-03
9.657552e-03
7.930881e-03
7.498203e-03
8.742385e-03
8.602792e-03
8.528328e-03
8.380622e-03
7.405359e-03
7.180867e-03
6.785849e-03
6.909871e-03
7.393270e-03
6.150706e-03
5.292787e-03
5.269486e-03
5.249917e-03
5.077712e-03
4.482599e-03
3.907627e-03
3.813020e-03
4.171427e-03
3.448685e-03
3.155884e-03
3.811556e-03
3.844791e-03
3.802283e-03
3.550450e-03
4.301431e-03
4.217228e-03
1.721781e-03
1.559503e-03
2.176166e-03
1.097632e-03
1.601454e-03
1.623009e-03
1.316665e-03
2.085280e-03
1.781201e-03
1.889875e-03
1.552619e-03
1.174310e-03
1.732463e-03
1.109947e-03
4.079512e-04
9.165386e-05
3.853871e-04
1.349846e-04
-1.242233e-03
-1.314364e-03
-1.329699e-03
-1.636893e-03
-1.770049e-03
-2.285146e-03
-1.940620e-03
-1.985087e-03
-2.744225e-03
-2.931491e-03
-3.022226e-03
-3.244334e-03
-3.560002e-03
-3.839405e-03
-3.985922e-03
-3.837327e-03
-3.721849e-03
-3.338807e-03
-2.976250e-03
-3.924097e-03
-5.080661e-03
-5.005961e-03
-5.026301e-03
-5.962419e-03
-5.377671e-03
-5.145601e-03
-5.964491e-03
-4.990435e-03
-5.148277e-03
-5.337094e-03
-4.756080e-03
-6.600629e-03
-7.485712e-03
-6.788364e-03
-6.939629e-03
-6.733168e-03
-7.137338e-03
-7.432583e-03
-6.921927e-03
-7.635330e-03
-6.685592e-03
-6.139415e-03
-7.586168e-03
-6.320475e-03
-5.774258e-03
-6.606961e-03
-6.595367e-03
-7.424198e-03
-7.436304e-03
-6.627976e-03
-6.559073e-03
-6.702692e-03
-6.439892e-03
-6.382617e-03
-6.747657e-03
-6.509920e-03
-6.019014e-03
-6.526779e-03
-7.741502e-03
-7.770640e-03
-7.143533e-03
-6.651615e-03
-6.160912e-03
-6.885373e-03
-7.613345e-03
-7.396747e-03
-7.223081e-03
-7.273002e-03
-6.796497e-03
-6.261775e-03
-7.226301e-03
-7.715904e-03
-7.152373e-03
-7.279741e-03
-7.079508e-03
-6.338421e-03
-6.494412e-03
-6.279679e-03
-4.718498e-03
-4.787011e-03
-5.194714e-03
-4.631255e-03
-4.911988e-03
-4.397446e-03
-4.635697e-03
-5.138734e-03
-4.797143e-03
-5.725595e-03
-5.339482e-03
-5.302967e-03
-6.752294e-03
-6.541191e-03
-6.044900e-03
-6.060894e-03
-6.229088e-03
-5.878430e-03
-6.141744e-03
-6.726246e-03
-6.006306e-03
-6.957515e-03
-7.413898e-03
-7.200456e-03
-8.337091e-03
-8.382652e-03
-9.068067e-03
-9.417394e-03
-1.001756e-02
-1.123303e-02
-1.060755e-02
-1.066527e-02
-1.065704e-02
-1.085675e-02
-1.183915e-02
-1.238174e-02
-1.368759e-02
-1.415706e-02
-1.381809e-02
-1.460228e-02
-1.563234e-02
-1.615408e-02
-1.656126e-02
-1.706531e-02
-1.753019e-02
-1.811131e-02
-1.824833e-02
-1.816668e-02
-1.888104e-02
-1.837185e-02
-1.775733e-02
-1.861463e-02
-1.809549e-02
-1.729532e-02
-1.772974e-02
-1.825785e-02
-1.739612e-02
-1.660794e-02
-1.767443e-02
-1.800987e-02
-1.855676e-02
-1.940311e-02
-1.861593e-02
-1.852741e-02
-1.905955e-02
-1.905355e-02
-1.961807e-02
-2.033106e-02
-2.016358e-02
-1.988634e-02
-2.009487e-02
-2.019491e-02
-2.057385e-02
-2.087435e-02
-2.071509e-02
-2.157132e-02
-2.234853e-02
-2.201263e-02
-2.157013e-02
-2.048513e-02
-1.929371e-02
-1.931148e-02
-1.962625e-02
-1.939868e-02
-1.893508e-02
-1.818635e-02
-1.807181e-02
-1.869819e-02
-1.776664e-02
-1.633030e-02
-1.625034e-02
-1.568708e-02
-1.567980e-02
-1.682600e-02
-1.603626e-02
-1.426245e-02
-1.402921e-02
-1.409659e-02
-1.297602e-02
-1.253438e-02
-1.326352e-02
-1.259341e-02
-1.155677e-02
-1.198402e-02
-1.220217e-02
-1.175281e-02
-1.088302e-02
-9.996396e-03
-1.048466e-02
-9.589644e-03
-8.042014e-03
-8.674622e-03
-8.192727e-03
-7.332304e-03
-7.030064e-03
-6.706059e-03
-7.234294e-03
-6.716711e-03
-6.308287e-03
-6.730660e-03
-6.392724e-03
-5.842470e-03
-5.491659e-03
-5.569291e-03
-4.935970e-03
-4.118384e-03
-4.442579e-03
-3.830759e-03
-2.829175e-03
-3.626839e-03
-4.543329e-03
-3.898755e-03
-3.063020e-03
-2.744548e-03
-3.054851e-03
-3.614487e-03
-3.157713e-03
-3.139803e-03
-2.951049e-03
-2.349111e-03
-2.464038e-03
-1.936969e-03
-1.419434e-03
-1.347064e-03
-1.676267e-03
-1.557370e-03
-1.155080e-03
-1.132498e-03
-7.841960e-04
-1.170731e-03
-9.234935e-04
-6.539125e-04
-1.242918e-03
-9.326278e-04
-1.091018e-03
-1.235723e-03
-1.299385e-03
-2.406041e-03
-2.808987e-03
-1.758697e-03
-4.122529e-04
-6.599354e-04
-2.035195e-03
-1.860509e-03
-4.914588e-04
-1.279191e-04
-9.881954e-04
-1.801123e-03
-2.100223e-03
-1.457867e-03
-6.558447e-04
-1.629315e-03
-2.137531e-03
-1.393561e-03
-1.589277e-03
-1.811993e-03
-1.368835e-03
-8.989379e-04
-1.602622e-03
-3.046388e-03
-2.711636e-03
-1.334543e-03
-1.686854e-03
-2.185750e-03
-1.118689e-03
-1.297432e-03
-1.615236e-03
-9.390242e-04
-1.575365e-03
-1.015732e-03
1.321571e-04
-4.893528e-04
-7.101164e-04
-1.223355e-03
-1.335117e-03
-4.232864e-04
-4.031814e-04
-7.456646e-04
-9.782255e-04
-1.013735e-04
6.774335e-04
2.635725e-04
3.018196e-04
1.353547e-03
3.116007e-03
2.482605e-03
1.104799e-03
1.881221e-03
1.796476e-03
1.184201e-03
2.124761e-04
1.286757e-04
2.475920e-03
2.750993e-03
1.227821e-03
1.601889e-03
2.907608e-03
3.499008e-03
3.845920e-03
4.230780e-03
4.337141e-03
4.771266e-03
5.249930e-03
5.594588e-03
6.507054e-03
6.922417e-03
6.452080e-03
6.788981e-03
8.481893e-03
1.032934e-02
1.003772e-02
9.784589e-03
1.233002e-02
1.334635e-02
1.340905e-02
1.405668e-02
1.347818e-02
1.382567e-02
1.413551e-02
1.417881e-02
1.473010e-02
1.550332e-02
1.655866e-02
1.672539e-02
1.760310e-02
1.812311e-02
1.872443e-02
2.009773e-02
2.058314e-02
2.185161e-02
2.066896e-02
1.926369e-02
2.073452e-02
1.993639e-02
2.041768e-02
2.191135e-02
2.031548e-02
2.010546e-02
2.070493e-02
2.024352e-02
2.027266e-02
2.052980e-02
2.100016e-02
2.113938e-02
2.083635e-02
2.033599e-02
2.052895e-02
2.095601e-02
1.990601e-02
2.013750e-02
2.098930e-02
2.037606e-02
2.098760e-02
2.068743e-02
1.980097e-02
2.108679e-02
2.111459e-02
2.049762e-02
2.029488e-02
1.966856e-02
1.966538e-02
1.939874e-02
1.953187e-02
1.987037e-02
1.942025e-02
1.917717e-02
1.973629e-02
1.953927e-02
1.839712e-02
1.917378e-02
1.833200e-02
1.581848e-02
1.577943e-02
1.492253e-02
1.414408e-02
1.388100e-02
1.313221e-02
1.346841e-02
1.322155e-02
1.355172e-02
1.242034e-02
1.034260e-02
1.088834e-02
9.807428e-03
8.847670e-03
9.337624e-03
8.714844e-03
8.769218e-03
8.384054e-03
6.898339e-03
6.049312e-03
5.933214e-03
4.902422e-03
3.615440e-03
3.464336e-03
3.220210e-03
3.190013e-03
2.555178e-03
1.985352e-03
2.208397e-03
4.455183e-04
-7.333273e-04
-3.691527e-04
-1.064592e-03
-1.923856e-03
-2.167179e-03
-2.302416e-03
-3.631444e-03
-4.865986e-03
-5.644855e-03
-6.026118e-03
-5.249410e-03
-6.762428e-03
-7.935733e-03
-5.634238e-03
-5.132858e-03
-6.825383e-03
-7.716865e-03
-7.660876e-03
-7.387607e-03
-8.352272e-03
-8.376305e-03
-8.005723e-03
-9.565094e-03
-9.912792e-03
-1.039765e-02
-1.191251e-02
-1.133667e-02
-1.070669e-02
-1.173819e-02
-1.135061e-02
-1.057784e-02
-1.243253e-02
-1.320913e-02
-1.336102e-02
-1.411953e-02
-1.275088e-02
-1.292384e-02
-1.438371e-02
-1.386690e-02
-1.422697e-02
-1.508180e-02
-1.502630e-02
-1.618334e-02
-1.765549e-02
-1.779478e-02
-1.724163e-02
-1.618643e-02
-1.549804e-02
-1.590320e-02
-1.636689e-02
-1.632056e-02
-1.634839e-02
-1.684438e-02
-1.712805e-02
-1.679983e-02
-1.678902e-02
-1.736584e-02
-1.701130e-02
-1.631698e-02
-1.708315e-02
-1.753998e-02
-1.775540e-02
-1.861610e-02
-1.817724e-02
-1.709718e-02
-1.694059e-02
-1.741589e-02
-1.709437e-02
-1.769264e-02
-1.946367e-02
-1.899569e-02
-1.857073e-02
-1.876891e-02
-1.834494e-02
-1.777044e-02
-1.694323e-02
-1.706581e-02
-1.715066e-02
-1.660689e-02
-1.562330e-02
-1.577141e-02
-1.611422e-02
-1.443366e-02
-1.464625e-02
-1.577110e-02
-1.462689e-02
-1.367022e-02
-1.398405e-02
-1.367352e-02
-1.314255e-02
-1.400662e-02
-1.437257e-02
-1.410557e-02
-1.347076e-02
-1.232388e-02
-1.262931e-02
-1.325413e-02
-1.308413e-02
-1.328063e-02
-1.375392e-02
-1.356212e-02
-1.311732e-02
-1.318227e-02
-1.274234e-02
-1.175153e-02
-1.194951e-02
-1.272050e-02
-1.236795e-02
-1.192409e-02
-1.230394e-02
-1.230531e-02
-1.163762e-02
-1.102674e-02
-1.024085e-02
-9.755918e-03
-9.949963e-03
-1.007392e-02
-9.921874e-03
-8.901533e-03
-8.179055e-03
-8.282478e-03
-7.540505e-03
-7.273277e-03
-7.936303e-03
-8.115697e-03
-7.936804e-03
-7.163353e-03
-6.064765e-03
-5.264772e-03
-4.504302e-03
-4.785573e-03
-5.726994e-03
-5.322457e-03
-4.345660e-03
-3.690452e-03
-3.708919e-03
-3.815618e-03
-3.492711e-03
-3.606552e-03
-3.395808e-03
-3.240273e-03
-3.306623e-03
-2.799879e-03
-2.362723e-03
-2.509756e-03
-3.260507e-03
-2.952750e-03
-2.756212e-03
-4.005763e-03
-3.459023e-03
-1.967256e-03
-1.448226e-03
-5.102228e-04
-3.845591e-04
-1.300931e-03
-9.111441e-04
-7.593464e-04
-1.879220e-03
-1.611757e-03
-8.908578e-04
-2.800234e-04
-1.445563e-04
-9.269469e-04
7.444038e-04
2.379192e-03
2.586107e-03
2.730510e-03
1.912528e-03
1.994602e-03
1.893657e-03
2.279847e-03
2.151146e-03
7.521951e-04
2.593097e-03
3.502109e-03
3.430306e-03
5.836682e-03
7.227531e-03
7.994495e-03
7.553366e-03
6.474508e-03
6.896417e-03
6.494755e-03
6.337389e-03
6.700170e-03
6.190142e-03
6.703422e-03
7.158597e-03
6.770079e-03
7.707673e-03
9.284533e-03
1.071318e-02
1.189772e-02
1.210852e-02
1.145069e-02
8.913348e-03
7.678740e-03
8.663765e-03
8.142493e-03
1.015044e-02
1.227032e-02
1.145582e-02
1.308964e-02
1.386305e-02
1.227506e-02
1.137183e-02
1.086300e-02
1.116251e-02
1.091765e-02
1.120754e-02
1.251072e-02
1.082477e-02
9.720736e-03
1.110065e-02
1.077772e-02
1.093502e-02
1.074914e-02
9.992177e-03
1.212704e-02
1.354053e-02
1.275596e-02
1.181736e-02
1.054787e-02
9.869526e-03
1.020378e-02
1.097493e-02
1.210923e-02
1.219908e-02
1.176274e-02
1.161972e-02
1.104350e-02
1.137083e-02
1.086577e-02
9.607827e-03
1.101415e-02
1.268289e-02
1.338194e-02
1.467875e-02
1.507080e-02
1.405882e-02
1.290829e-02
1.177868e-02
1.099649e-02
1.108319e-02
1.169752e-02
1.255314e-02
1.376393e-02
1.493573e-02
1.583545e-02
1.565908e-02
1.440454e-02
1.439044e-02
1.438732e-02
1.316622e-02
1.400447e-02
1.578405e-02
1.597796e-02
1.648473e-02
1.660722e-02
1.542173e-02
1.455032e-02
1.477924e-02
1.578273e-02
1.634087e-02
1.715021e-02
1.705657e-02
1.594014e-02
1.677160e-02
1.667740e-02
1.603071e-02
1.726729e-02
1.748097e-02
1.795957e-02
1.863824e-02
1.787354e-02
1.730939e-02
1.692387e-02
1.746920e-02
1.822489e-02
1.755051e-02
1.765220e-02
1.940708e-02
1.886120e-02
1.657821e-02
1.561499e-02
1.391411e-02
1.475541e-02
1.729094e-02
1.697561e-02
1.718256e-02
1.659531e-02
1.560369e-02
1.505735e-02
1.302613e-02
1.359622e-02
1.423083e-02
1.349872e-02
1.541163e-02
1.563628e-02
1.327470e-02
1.214710e-02
1.187015e-02
1.054798e-02
8.869919e-03
9.723145e-03
9.645028e-03
7.463771e-03
8.345306e-03
9.049601e-03
7.378981e-03
7.610674e-03
7.774318e-03
7.447183e-03
8.946178e-03
8.894659e-03
7.469765e-03
6.881088e-03
5.477124e-03
4.186920e-03
4.143223e-03
3.739698e-03
3.333948e-03
3.368116e-03
4.270057e-03
5.806545e-03
4.781429e-03
3.015869e-03
2.594043e-03
8.495585e-04
3.610801e-04
1.736274e-03
8.761686e-04
7.654908e-04
1.424341e-03
-8.485399e-04
-2.189399e-03
-1.908085e-03
-1.587946e-03
-8.199678e-04
-1.092660e-03
-1.800865e-03
-2.148652e-03
-2.976342e-03
-4.370105e-03
-3.982521e-03
-3.581046e-03
-5.217790e-03
-4.452150e-03
-2.793604e-03
-3.317977e-03
-3.538367e-03
-3.380864e-03
-4.435102e-03
-5.738295e-03
-5.729595e-03
-5.206555e-03
-5.509717e-03
-7.008708e-03
-8.033240e-03
-7.047266e-03
-6.283119e-03
-6.753141e-03
-6.535575e-03
-6.384463e-03
-6.746276e-03
-6.364313e-03
-6.921937e-03
-7.858247e-03
-7.231212e-03
-7.172036e-03
-7.770630e-03
-7.602228e-03
-7.745164e-03
-8.156142e-03
-8.576731e-03
-8.654936e-03
-8.565750e-03
-9.442597e-03
-9.440038e-03
-9.591750e-03
-1.083839e-02
-1.031196e-02
-1.015242e-02
-1.078764e-02
-1.063127e-02
-1.130148e-02
-1.112367e-02
-1.088480e-02
-1.212021e-02
-1.243636e-02
-1.316887e-02
-1.425345e-02
-1.393816e-02
-1.350261e-02
-1.383990e-02
-1.420269e-02
-1.381065e-02
-1.358398e-02
-1.361456e-02
-1.444370e-02
-1.539837e-02
-1.462482e-02
-1.414536e-02
-1.428956e-02
-1.424915e-02
-1.452262e-02
-1.383499e-02
-1.313357e-02
-1.339277e-02
-1.361589e-02
-1.376330e-02
-1.308878e-02
-1.320155e-02
-1.434662e-02
-1.412582e-02
-1.443628e-02
-1.481613e-02
-1.302904e-02
-1.170410e-02
-1.159493e-02
-1.033923e-02
-1.006453e-02
-1.085794e-02
-1.013247e-02
-1.078552e-02
-1.119317e-02
-1.043424e-02
-1.094125e-02
-1.027106e-02
-1.010071e-02
-9.898430e-03
-8.582550e-03
-8.974598e-03
-7.660476e-03
-6.387978e-03
-7.208956e-03
-5.445929e-03
-4.254185e-03
-5.145793e-03
-6.360101e-03
-7.991378e-03
-7.189878e-03
-7.599218e-03
-9.256853e-03
-7.530272e-03
-6.646510e-03
-6.067465e-03
-4.367007e-03
-4.547005e-03
-4.803824e-03
-4.056106e-03
-3.512857e-03
-4.003744e-03
-4.465460e-03
-4.818853e-03
-6.035000e-03
-6.538769e-03
-6.870397e-03
-7.409023e-03
-6.791093e-03
-6.067461e-03
-5.491789e-03
-4.739639e-03
-5.113252e-03
-4.891440e-03
-4.194236e-03
-5.736717e-03
-7.609767e-03
-8.531331e-03
-8.186900e-03
-7.309703e-03
-7.909142e-03
-8.025865e-03
-7.021231e-03
-7.773958e-03
-8.854294e-03
-7.130523e-03
-6.101898e-03
-7.116231e-03
-7.114483e-03
-7.168133e-03
-7.094803e-03
-6.449654e-03
-7.502002e-03
-8.228762e-03
-7.149934e-03
-6.872283e-03
-7.755927e-03
-8.217556e-03
-7.261266e-03
-7.132525e-03
-8.482456e-03
-9.047483e-03
-9.789280e-03
-9.209778e-03
-7.285416e-03
-7.327724e-03
-7.827794e-03
-7.069248e-03
-6.244838e-03
-6.875930e-03
-7.379532e-03
-6.481416e-03
-5.751333e-03
-5.480585e-03
-5.769162e-03
-6.708423e-03
-7.453894e-03
-6.749326e-03
-6.784453e-03
-7.450048e-03
-5.594755e-03
-5.074976e-03
-5.751940e-03
-5.696160e-03
-6.631272e-03
-6.038406e-03
-5.993879e-03
-7.583362e-03
-7.804673e-03
-7.986996e-03
-7.868713e-03
-7.309125e-03
-7.930339e-03
-8.243940e-03
-6.939348e-03
-6.298073e-03
-6.583056e-03
-6.613210e-03
-6.689530e-03
-5.880312e-03
-5.871346e-03
-6.822272e-03
-6.760098e-03
-6.362391e-03
-4.951889e-03
-4.536337e-03
-5.353411e-03
-4.113335e-03
-3.255620e-03
-3.382095e-03
-3.064272e-03
-3.468415e-03
-3.452885e-03
-4.269996e-03
-6.060698e-03
-5.840407e-03
-6.157749e-03
-5.636248e-03
-2.888444e-03
-3.234963e-03
-3.348233e-03
-1.822389e-03
-2.736355e-03
-3.125341e-03
-3.215654e-03
-4.167849e-03
-3.906493e-03
-3.359702e-03
-4.358260e-03
-5.228664e-03
-4.389806e-03
-4.562345e-03
-4.382769e-03
-3.153903e-03
-3.141534e-03
-3.357153e-03
-3.952275e-03
-4.068508e-03
-4.497174e-03
-5.921077e-03
-5.778428e-03
-5.157432e-03
-5.428792e-03
-5.573618e-03
-4.283052e-03
-3.240694e-03
-4.554537e-03
-5.127002e-03
-4.174089e-03
-4.019648e-03
-5.280356e-03
-6.214329e-03
-4.683458e-03
-4.811485e-03
-6.006849e-03
-4.183510e-03
-3.356915e-03
-2.731034e-03
-2.014324e-03
-2.580659e-03
-9.639315e-04
-6.900723e-04
-1.739971e-03
-1.552643e-03
-2.081213e-03
-1.478800e-03
-2.164381e-03
-3.134371e-03
-2.135436e-03
-3.635212e-03
-4.090764e-03
-3.234683e-03
-4.362264e-03
-4.452457e-03
-4.380490e-03
-4.504681e-03
-4.366344e-03
-4.420026e-03
-3.520248e-03
-3.468765e-03
-3.738090e-03
-3.179782e-03
-3.758507e-03
-3.635959e-03
-2.916402e-03
-3.307114e-03
-2.865680e-03
-2.630468e-03
-3.221911e-03
-3.161332e-03
-2.464252e-03
-1.577179e-03
-1.174934e-03
-5.679827e-04
-2.862300e-04
-1.239973e-03
-1.889560e-03
-1.601985e-03
-1.463450e-03
-1.559170e-03
-6.971197e-04
-4.661820e-04
-6.336294e-04
6.035208e-04
2.701449e-04
-1.442657e-04
1.126162e-03
5.039734e-04
-9.985604e-04
-6.657912e-04
1.016515e-03
1.503631e-03
1.874887e-03
3.138467e-03
2.798851e-03
2.715306e-03
2.456468e-03
2.392964e-03
3.735586e-03
3.069210e-03
3.275846e-03
4.450763e-03
4.276438e-03
4.737936e-03
4.329354e-03
3.829226e-03
4.055028e-03
4.275976e-03
4.380884e-03
3.669009e-03
4.333713e-03
4.911950e-03
4.388773e-03
4.318232e-03
4.773204e-03
5.650663e-03
6.057790e-03
5.275136e-03
5.725878e-03
6.621711e-03
6.708541e-03
6.805971e-03
7.129906e-03
7.538958e-03
8.606154e-03
9.142278e-03
7.504378e-03
7.642590e-03
9.263260e-03
8.737690e-03
8.831734e-03
9.662293e-03
9.904304e-03
1.041904e-02
1.072877e-02
1.093640e-02
1.152117e-02
1.204327e-02
1.259641e-02
1.303725e-02
1.229737e-02
1.214386e-02
1.277589e-02
1.282925e-02
1.344144e-02
1.443071e-02
1.481937e-02
1.390673e-02
1.403004e-02
1.487181e-02
1.454678e-02
1.473717e-02
1.436022e-02
1.503547e-02
1.626907e-02
1.571470e-02
1.599815e-02
1.669080e-02
1.655596e-02
1.605159e-02
1.643659e-02
1.698800e-02
1.656277e-02
1.598714e-02
1.525192e-02
1.611985e-02
1.689724e-02
1.586597e-02
1.607435e-02
1.658601e-02
1.650817e-02
1.658233e-02
1.613810e-02
1.464824e-02
1.341441e-02
1.404616e-02
1.416526e-02
1.418639e-02
1.435047e-02
1.405125e-02
1.467090e-02
1.447757e-02
1.500969e-02
1.514996e-02
1.467821e-02
1.506138e-02
1.341070e-02
1.392481e-02
1.461635e-02
1.277105e-02
1.357707e-02
1.383251e-02
1.297026e-02
1.308961e-02
1.285187e-02
1.360815e-02
1.394608e-02
1.282375e-02
1.282926e-02
1.331281e-02
1.239077e-02
1.173933e-02
1.216320e-02
1.256014e-02
1.244079e-02
1.183390e-02
1.166408e-02
1.133009e-02
1.103390e-02
1.149339e-02
1.113366e-02
1.096374e-02
1.124215e-02
9.774492e-03
8.806036e-03
9.322067e-03
9.006726e-03
9.420626e-03
9.661656e-03
8.450769e-03
8.741920e-03
8.528300e-03
7.502535e-03
8.135707e-03
7.569633e-03
6.414677e-03
6.292921e-03
5.922528e-03
6.146984e-03
5.823540e-03
5.363139e-03
5.630143e-03
4.820564e-03
3.989573e-03
3.248719e-03
3.105691e-03
3.532191e-03
2.402115e-03
1.468479e-03
1.555467e-03
1.774166e-03
1.263632e-03
-1.345770e-04
1.338166e-04
1.034990e-04
-1.502478e-03
-9.932326e-04
-1.612656e-04
-9.594063e-04
-1.778800e-03
-2.463994e-03
-2.179029e-03
-2.004725e-03
-3.175807e-03
-3.349749e-03
-2.928823e-03
-3.332611e-03
-4.206212e-03
-5.321812e-03
-4.762452e-03
-3.650389e-03
-4.411553e-03
-5.314819e-03
-5.086634e-03
-4.677849e-03
-4.904562e-03
-4.984945e-03
-5.357616e-03
-5.911857e-03
-5.365133e-03
-5.196956e-03
-5.280353e-03
-5.120083e-03
-6.041348e-03
-7.255124e-03
-7.386394e-03
-7.192400e-03
-7.140215e-03
-6.796715e-03
-7.094658e-03
-7.604170e-03
-7.159645e-03
-6.885004e-03
-7.189954e-03
-7.143770e-03
-7.015861e-03
-7.353684e-03
-7.282898e-03
-6.859240e-03
-7.954464e-03
-8.871545e-03
-7.525480e-03
-7.060066e-03
-8.120465e-03
-8.352160e-03
-7.627454e-03
-7.536041e-03
-8.380000e-03
-8.070459e-03
-7.352468e-03
-7.434315e-03
-7.311883e-03
-7.298380e-03
-7.719839e-03
-7.903378e-03
-7.314232e-03
-6.714152e-03
-7.079187e-03
-7.294998e-03
-6.780129e-03
-6.607704e-03
-6.758246e-03
-7.117508e-03
-6.846530e-03
-5.786804e-03
-5.612721e-03
-5.398318e-03
-5.192516e-03
-5.302585e-03
-4.679286e-03
-4.952928e-03
-4.695336e-03
-3.746828e-03
-4.932487e-03
-5.541466e-03
-4.927851e-03
-4.835846e-03
-4.679023e-03
-4.614705e-03
-4.002914e-03
-4.026182e-03
-4.587735e-03
-3.582645e-03
-3.488198e-03
-3.916867e-03
-3.542582e-03
-3.965084e-03
-3.231724e-03
-2.077557e-03
-2.536911e-03
-2.899213e-03
-2.940968e-03
-2.912908e-03
-2.522061e-03
-2.076019e-03
-1.884139e-03
-1.927113e-03
-1.769437e-03
-1.677932e-03
-1.768352e-03
-1.539467e-03
-1.881913e-03
-2.242772e-03
-1.692555e-03
-1.924504e-03
-2.082504e-03
-1.895397e-03
-2.336232e-03
-1.822467e-03
-1.428387e-03
-1.765547e-03
-1.505665e-03
-1.177431e-03
-1.001606e-03
-1.118359e-03
-1.263289e-03
-9.136766e-04
-4.230630e-04
-1.571769e-04
-1.642639e-04
1.320915e-04
1.188761e-04
-3.108075e-04
-4.601693e-05
3.753694e-05
2.339390e-04
8.384756e-04
7.259407e-04
4.943120e-04
3.295348e-04
4.713612e-04
4.373276e-04
-1.516524e-04
4.306513e-04
1.088810e-03
8.176660e-04
9.140225e-04
8.563538e-04
6.613697e-04
9.843505e-04
1.480192e-03
1.843287e-03
1.515374e-03
1.221970e-03
1.439654e-03
1.257939e-03
1.383922e-03
1.931603e-03
2.127788e-03
2.265402e-03
2.663354e-03
2.883979e-03
2.478966e-03
2.606301e-03
2.792975e-03
2.454177e-03
2.934121e-03
3.133725e-03
2.952992e-03
3.268129e-03
3.206436e-03
3.258300e-03
3.445925e-03
3.269645e-03
3.282934e-03
3.037280e-03
2.517138e-03
2.798186e-03
3.150837e-03
2.611177e-03
2.217453e-03
2.491289e-03
2.717411e-03
2.655927e-03
2.562725e-03
2.111947e-03
1.595052e-03
1.851811e-03
2.009141e-03
1.764415e-03
1.571246e-03
1.093857e-03
9.683686e-04
1.217211e-03
9.275751e-04
6.533827e-04
6.647096e-04
5.068424e-04
4.505694e-04
3.675449e-04
1.636180e-04
-1.833769e-04
-3.783167e-04
-1.341680e-04
-3.630381e-04
-6.374188e-04
-7.943908e-04
-1.096253e-03
-8.511463e-04
-6.867080e-04
-7.528544e-04
-1.007509e-03
-1.229796e-03
-1.128908e-03
-1.287497e-03
-1.329909e-03
-1.450675e-03
-1.573572e-03
-1.476743e-03
-1.578736e-03
-1.440161e-03
-1.496257e-03
-1.699827e-03
-1.720328e-03
-1.796300e-03
-1.710648e-03
-1.644510e-03
-1.485985e-03
-1.587980e-03
-1.825428e-03
-1.802323e-03
-1.754103e-03
-1.476034e-03
-1.616875e-03
-1.903703e-03
-1.836240e-03
-1.920367e-03
-1.868552e-03
-1.785760e-03
-1.873243e-03
-1.838675e-03
-1.714756e-03
-1.793239e-03
-1.902046e-03
-1.846158e-03
-1.911409e-03
-1.955760e-03
-1.836619e-03
-1.797350e-03
-1.879118e-03
-1.918404e-03
-1.820490e-03
-1.702892e-03
-1.774798e-03
-1.829625e-03
-1.728436e-03
-1.774801e-03
-1.682705e-03
-1.425904e-03
-1.467405e-03
-1.487375e-03
-1.425856e-03
-1.482531e-03
-1.498971e-03
-1.429539e-03
-1.267959e-03
-1.252509e-03
-1.312006e-03
-1.220794e-03
-1.220164e-03
-1.204385e-03
-1.080929e-03
-1.080152e-03
-1.076367e-03
-1.000732e-03
-9.505145e-04
-8.598632e-04
-8.236690e-04
-8.057758e-04
-7.129017e-04
-6.856299e-04
-6.708252e-04
-6.305851e-04
-5.432730e-04
-4.339700e-04
-4.102045e-04
-4.188330e-04
-3.889309e-04
-2.664312e-04
-1.966256e-04
-2.203075e-04
-1.534876e-04
-7.498368e-05
-5.502071e-05
-1.672343e-05
-1.769494e-05
-2.508917e-05
3.429803e-05
4.505797e-05
6.061217e-05
1.230085e-04
1.235800e-04
1.240829e-04
1.402032e-04
1.360988e-04
1.397945e-04
1.717014e-04
2.039171e-04
2.086239e-04
2.345979e-04
2.516594e-04
2.573231e-04
2.850391e-04
3.017668e-04
3.050809e-04
3.075933e-04
3.414903e-04
3.551201e-04
3.381701e-04
3.461113e-04
3.451837e-04
3.590087e-04
3.688608e-04
3.534464e-04
3.564699e-04
3.498101e-04
3.424052e-04
3.464770e-04
3.461281e-04
3.429084e-04
3.302527e-04
3.298021e-04
3.305298e-04
3.132765e-04
3.074570e-04
3.034149e-04
2.923770e-04
2.923153e-04
2.861786e-04
2.709168e-04
2.663458e-04
2.614377e-04
2.473713e-04
2.378056e-04
2.313032e-04
2.244147e-04
2.145551e-04
1.967577e-04
1.856896e-04
1.766848e-04
1.610671e-04
1.519591e-04
1.418079e-04
1.265911e-04
1.147905e-04
1.021788e-04
8.813691e-05
7.552664e-05
6.344445e-05
4.921517e-05
3.502675e-05
2.052163e-05
4.325520e-06
-8.220549e-06
-2.121604e-05
-3.615330e-05
-5.006308e-05
-6.450593e-05
-7.861280e-05
-9.319141e-05
-1.071162e-04
-1.207138e-04
-1.354860e-04
-1.495412e-04
-1.638793e-04
-1.785041e-04
-1.920914e-04
-2.060674e-04
-2.204027e-04
-2.341427e-04
-2.484134e-04
-2.625663e-04
-2.761192e-04
-2.903068e-04
-3.042937e-04
-3.178756e-04
-3.316295e-04
-3.453219e-04
-3.589654e-04
-3.724726e-04
-3.860146e-04
-3.995399e-04
-4.128584e-04
-4.261632e-04
-4.394053e-04
-4.525801e-04
-4.657348e-04
-4.787916e-04
-4.917844e-04
-5.047217e-04
-5.175835e-04
-5.303810e-04
-5.431070e-04
-5.557617e-04
-5.683484e-04
-5.808641e-04
-5.933077e-04
-6.056788e-04
-6.179761e-04
-6.301987e-04
-6.423456e-04
-6.544158e-04
