0.25 -7.43534e-17 -0.00629585
0.5 -7.43534e-17 -0.0107999
0.75 -7.43534e-17 -0.0109851
1 -7.43534e-17 -0.0114452
1.25 -7.43534e-17 -0.0117607
1.5 -7.43534e-17 -0.0120393
1.75 -7.43534e-17 -0.0122868
2 -7.43534e-17 -0.0125127
2.25 -7.43534e-17 -0.0127221
2.5 -7.43534e-17 -0.012917
2.75 -7.43534e-17 -0.0131013
3 -7.43534e-17 -0.0132747
3.25 -7.43534e-17 -0.0134405
3.5 -7.43534e-17 -0.0135975
3.75 -7.43534e-17 -0.0137485
4 -7.43534e-17 -0.013892
4.25 -7.43534e-17 -0.0140304
4.5 -7.43534e-17 -0.0141622
4.75 -7.43534e-17 -0.0142896
5 -7.43534e-17 -0.0144111
5.25 -7.43534e-17 -0.0145286
5.5 -7.43534e-17 -0.0146407
5.75 -7.43534e-17 -0.0147493
6 -7.43534e-17 -0.0148528
6.25 -7.43534e-17 -0.0149532
6.5 -7.43534e-17 -0.0150488
6.75 -7.43534e-17 -0.0151416
7 -7.43534e-17 -0.0152301
7.25 -7.43534e-17 -0.0153159
7.5 -7.43534e-17 -0.0153977
7.75 -7.43534e-17 -0.0154771
8 -7.43534e-17 -0.0155527
8.25 -7.43534e-17 -0.0156262
8.5 -7.43534e-17 -0.0156961
8.75 -7.43534e-17 -0.0157641
9 -7.43534e-17 -0.0158287
9.25 -7.43534e-17 -0.0158916
9.5 -7.43534e-17 -0.0159514
9.75 -7.43534e-17 -0.0160097
10 -7.43534e-17 -0.016065
10.25 -7.43534e-17 -0.0161189
10.5 -7.43534e-17 -0.01617
10.75 -7.43534e-17 -0.0162198
11 -7.43534e-17 -0.0162671
11.25 -7.43534e-17 -0.0163133
11.5 -7.43534e-17 -0.016357
11.75 -7.43534e-17 -0.0163997
12 -7.43534e-17 -0.0164401
12.25 -7.43534e-17 -0.0164796
12.5 -7.43534e-17 -0.016517
12.75 -7.43534e-17 -0.0165535
13 -7.43534e-17 -0.0165881
13.25 -7.43534e-17 -0.0166219
13.5 -7.43534e-17 -0.0166539
13.75 -7.43534e-17 -0.0166852
14 -7.43534e-17 -0.0167147
14.25 -7.43534e-17 -0.0167437
14.5 -7.43534e-17 -0.016771
14.75 -7.43534e-17 -0.0167978
15 -7.43534e-17 -0.0168231
15.25 -7.43534e-17 -0.0168479
15.5 -7.43534e-17 -0.0168712
15.75 -7.43534e-17 -0.0168942
16 -7.43534e-17 -0.0169158
16.25 -7.43534e-17 -0.0169371
16.5 -7.43534e-17 -0.016957
16.75 -7.43534e-17 -0.0169767
17 -7.43534e-17 -0.0169951
17.25 -7.43534e-17 -0.0170134
17.5 -7.43534e-17 -0.0170304
17.75 -7.43534e-17 -0.0170473
18 -7.43534e-17 -0.017063
18.25 -7.43534e-17 -0.0170786
18.5 -7.43534e-17 -0.0170932
18.75 -7.43534e-17 -0.0171077
19 -7.43534e-17 -0.0171211
19.25 -7.43534e-17 -0.0171345
19.5 -7.43534e-17 -0.0171469
19.75 -7.43534e-17 -0.0171593
20 -7.43534e-17 -0.0171708
20.25 -7.43534e-17 -0.0171823
20.5 -7.43534e-17 -0.0171929
20.75 -7.43534e-17 -0.0172035
21 -7.43534e-17 -0.0172133
21.25 -7.43534e-17 -0.0172232
21.5 -7.43534e-17 -0.0172323
21.75 -7.43534e-17 -0.0172414
22 -7.43534e-17 -0.0172497
22.25 -7.43534e-17 -0.0172582
22.5 -7.43534e-17 -0.0172659
22.75 -7.43534e-17 -0.0172737
23 -7.43534e-17 -0.0172809
23.25 -7.43534e-17 -0.0172881
23.5 -7.43534e-17 -0.0172947
23.75 -7.43534e-17 -0.0173014
24 -7.43534e-17 -0.0173075
24.25 -7.43534e-17 -0.0173138
24.5 -7.43534e-17 -0.0173194
24.75 -7.43534e-17 -0.0173251
25 -7.43534e-17 -0.0173303
25.25 -7.43534e-17 -0.0173357
25.5 -7.43534e-17 -0.0173405
25.75 -7.43534e-17 -0.0173454
26 -7.43534e-17 -0.0173498
26.25 -7.43534e-17 -0.0173544
26.5 -7.43534e-17 -0.0173585
26.75 -7.43534e-17 -0.0173628
27 -7.43534e-17 -0.0173665
27.25 -7.43534e-17 -0.0173705
27.5 -7.43534e-17 -0.017374
27.75 -7.43534e-17 -0.0173776
28 -7.43534e-17 -0.0173808
28.25 -7.43534e-17 -0.0173842
28.5 -7.43534e-17 -0.0173872
28.75 -7.43534e-17 -0.0173903
29 -7.43534e-17 -0.0173931
29.25 -7.43534e-17 -0.017396
29.5 -7.43534e-17 -0.0173985
29.75 -7.43534e-17 -0.0174012
30 -7.43534e-17 -0.0174035
30.25 -7.43534e-17 -0.017406
30.5 -7.43534e-17 -0.0174082
30.75 -7.43534e-17 -0.0174105
31 -7.43534e-17 -0.0174125
31.25 -7.43534e-17 -0.0174146
31.5 -7.43534e-17 -0.0174164
31.75 -7.43534e-17 -0.0174184
32 -7.43534e-17 -0.0174201
32.25 -7.43534e-17 -0.017422
32.5 -7.43534e-17 -0.0174235
32.75 -7.43534e-17 -0.0174253
33 -7.43534e-17 -0.0174267
33.25 -7.43534e-17 -0.0174283
33.5 -7.43534e-17 -0.0174296
33.75 -7.43534e-17 -0.0174311
34 -7.43534e-17 -0.0174323
34.25 -7.43534e-17 -0.0174337
34.5 -7.43534e-17 -0.0174348
34.75 -7.43534e-17 -0.0174361
35 -7.43534e-17 -0.0174371
35.25 -7.43534e-17 -0.0174383
35.5 -7.43534e-17 -0.0174392
35.75 -7.43534e-17 -0.0174403
36 -7.43534e-17 -0.0174412
36.25 -7.43534e-17 -0.0174422
36.5 -7.43534e-17 -0.017443
36.75 -7.43534e-17 -0.017444
37 -7.43534e-17 -0.0174447
37.25 -7.43534e-17 -0.0174456
37.5 -7.43534e-17 -0.0174463
37.75 -7.43534e-17 -0.0174471
38 -7.43534e-17 -0.0174477
38.25 -7.43534e-17 -0.0174485
38.5 -7.43534e-17 -0.0174491
38.75 -7.43534e-17 -0.0174498
39 -7.43534e-17 -0.0174503
39.25 -7.43534e-17 -0.017451
39.5 -7.43534e-17 -0.0174515
39.75 -7.43534e-17 -0.0174521
40 -7.43534e-17 -0.0174525
40.25 -7.43534e-17 -0.0174531
40.5 -7.43534e-17 -0.0174535
40.75 -7.43534e-17 -0.017454
41 -7.43534e-17 -0.0174544
41.25 -7.43534e-17 -0.0174549
41.5 -7.43534e-17 -0.0174552
41.75 -7.43534e-17 -0.0174557
42 -7.43534e-17 -0.017456
42.25 -7.43534e-17 -0.0174564
42.5 -7.43534e-17 -0.0174567
42.75 -7.43534e-17 -0.0174571
43 -7.43534e-17 -0.0174574
43.25 -7.43534e-17 -0.0174578
43.5 -7.43534e-17 -0.017458
43.75 -7.43534e-17 -0.0174584
44 -7.43534e-17 -0.0174586
44.25 -7.43534e-17 -0.0174589
44.5 -7.43534e-17 -0.0174591
44.75 -7.43534e-17 -0.0174594
45 -7.43534e-17 -0.0174596
45.25 -7.43534e-17 -0.0174599
45.5 -7.43534e-17 -0.01746
45.75 -7.43534e-17 -0.0174603
46 -7.43534e-17 -0.0174604
46.25 -7.43534e-17 -0.0174607
46.5 -7.43534e-17 -0.0174608
46.75 -7.43534e-17 -0.0174611
47 -7.43534e-17 -0.0174612
47.25 -7.43534e-17 -0.0174614
47.5 -7.43534e-17 -0.0174615
47.75 -7.43534e-17 -0.0174617
48 -7.43534e-17 -0.0174618
48.25 -7.43534e-17 -0.017462
48.5 -7.43534e-17 -0.0174621
48.75 -7.43534e-17 -0.0174623
49 -7.43534e-17 -0.0174623
49.25 -7.43534e-17 -0.0174625
49.5 -7.43534e-17 -0.0174626
49.75 -7.43533e-17 -0.0174628
50 -7.43534e-17 -0.0174628
50.25 -7.43533e-17 -0.017463
50.5 -7.43534e-17 -0.017463
50.75 -7.43533e-17 -0.0174632
51 -7.43533e-17 -0.0174632
51.25 -7.43533e-17 -0.0174634
51.5 -7.43533e-17 -0.0174634
51.75 -7.43533e-17 -0.0174635
52 -7.43533e-17 -0.0174636
52.25 -7.43533e-17 -0.0174637
52.5 -7.43533e-17 -0.0174637
52.75 -7.43533e-17 -0.0174638
53 -7.43533e-17 -0.0174638
53.25 -7.43533e-17 -0.017464
53.5 -7.43533e-17 -0.017464
53.75 -7.43533e-17 -0.0174641
54 -7.43533e-17 -0.0174641
54.25 -7.43533e-17 -0.0174642
54.5 -7.43533e-17 -0.0174642
54.75 -7.43533e-17 -0.0174643
55 -7.43533e-17 -0.0174643
55.25 -7.43532e-17 -0.0174644
55.5 -7.43532e-17 -0.0174644
55.75 -7.43532e-17 -0.0174645
56 -7.43532e-17 -0.0174645
56.25 -7.43532e-17 -0.0174646
56.5 -7.43532e-17 -0.0174646
56.75 -7.43532e-17 -0.0174646
57 -7.43532e-17 -0.0174646
57.25 -7.43532e-17 -0.0174647
57.5 -7.43532e-17 -0.0174647
57.75 -7.43532e-17 -0.0174648
58 -7.43532e-17 -0.0174648
58.25 -7.43532e-17 -0.0174648
58.5 -7.43532e-17 -0.0174648
58.75 -7.43531e-17 -0.0174649
59 -7.43531e-17 -0.0174649
59.25 -7.43531e-17 -0.0174649
59.5 -7.43531e-17 -0.0174649
59.75 -7.43531e-17 -0.017465
60 -7.43531e-17 -0.017465
60.25 -7.43531e-17 -0.017465
60.5 -7.43531e-17 -0.017465
60.75 -7.43531e-17 -0.0174651
61 -7.43531e-17 -0.017465
61.25 -7.43531e-17 -0.0174651
61.5 -7.43531e-17 -0.0174651
61.75 -7.43531e-17 -0.0174651
62 -7.43531e-17 -0.0174651
62.25 -7.4353e-17 -0.0174652
62.5 -7.4353e-17 -0.0174651
62.75 -7.4353e-17 -0.0174652
63 -7.4353e-17 -0.0174652
63.25 -7.4353e-17 -0.0174652
63.5 -7.4353e-17 -0.0174652
63.75 -7.4353e-17 -0.0174652
64 -7.4353e-17 -0.0174652
64.25 -7.4353e-17 -0.0174653
64.5 -7.4353e-17 -0.0174653
64.75 -7.43529e-17 -0.0174653
65 -7.4353e-17 -0.0174653
65.25 -7.43529e-17 -0.0174653
65.5 -7.43529e-17 -0.0174653
65.75 -7.43529e-17 -0.0174653
66 -7.43529e-17 -0.0174653
66.25 -7.43529e-17 -0.0174654
66.5 -7.43529e-17 -0.0174653
66.75 -7.43529e-17 -0.0174654
67 -7.43529e-17 -0.0174654
67.25 -7.43529e-17 -0.0174654
67.5 -7.43529e-17 -0.0174654
67.75 -7.43528e-17 -0.0174654
68 -7.43528e-17 -0.0174654
68.25 -7.43528e-17 -0.0174654
68.5 -7.43528e-17 -0.0174654
68.75 -7.43528e-17 -0.0174654
69 -7.43528e-17 -0.0174654
69.25 -7.43528e-17 -0.0174654
69.5 -7.43528e-17 -0.0174654
69.75 -7.43528e-17 -0.0174655
70 -7.43528e-17 -0.0174654
70.25 -7.43527e-17 -0.0174655
70.5 -7.43527e-17 -0.0174654
70.75 -7.43527e-17 -0.0174655
71 -7.43527e-17 -0.0174655
71.25 -7.43527e-17 -0.0174655
71.5 -7.43527e-17 -0.0174655
71.75 -7.43527e-17 -0.0174655
72 -7.43527e-17 -0.0174655
72.25 -7.43527e-17 -0.0174655
72.5 -7.43527e-17 -0.0174655
72.75 -7.43526e-17 -0.0174655
73 -7.43526e-17 -0.0174655
73.25 -7.43526e-17 -0.0174655
73.5 -7.43526e-17 -0.0174655
73.75 -7.43526e-17 -0.0174655
74 -7.43526e-17 -0.0174655
74.25 -7.43526e-17 -0.0174655
74.5 -7.43526e-17 -0.0174655
74.75 -7.43526e-17 -0.0174655
75 -7.43526e-17 -0.0174655
75.25 -7.43525e-17 -0.0174655
75.5 -7.43525e-17 -0.0174655
75.75 -7.43525e-17 -0.0174655
76 -7.43525e-17 -0.0174655
76.25 -7.43525e-17 -0.0174655
76.5 -7.43525e-17 -0.0174655
76.75 -7.43525e-17 -0.0174655
77 -7.43525e-17 -0.0174655
77.25 -7.43525e-17 -0.0174655
77.5 -7.43525e-17 -0.0174655
77.75 -7.43524e-17 -0.0174655
78 -7.43524e-17 -0.0174655
78.25 -7.43524e-17 -0.0174656
78.5 -7.43524e-17 -0.0174655
78.75 -7.43524e-17 -0.0174656
79 -7.43524e-17 -0.0174655
79.25 -7.43524e-17 -0.0174656
79.5 -7.43524e-17 -0.0174655
79.75 -7.43523e-17 -0.0174656
80 -7.43524e-17 -0.0174656
80.25 -7.43523e-17 -0.0174656
80.5 -7.43523e-17 -0.0174656
80.75 -7.43523e-17 -0.0174656
81 -7.43523e-17 -0.0174656
81.25 -7.43523e-17 -0.0174656
81.5 -7.43523e-17 -0.0174656
81.75 -7.43523e-17 -0.0174656
82 -7.43523e-17 -0.0174656
82.25 -7.43522e-17 -0.0174656
82.5 -7.43522e-17 -0.0174656
82.75 -7.43522e-17 -0.0174656
83 -7.43522e-17 -0.0174656
83.25 -7.43522e-17 -0.0174656
83.5 -7.43522e-17 -0.0174656
83.75 -7.43522e-17 -0.0174656
84 -7.43522e-17 -0.0174656
84.25 -7.43522e-17 -0.0174656
84.5 -7.43522e-17 -0.0174656
84.75 -7.43521e-17 -0.0174656
85 -7.43521e-17 -0.0174656
85.25 -7.43521e-17 -0.0174656
85.5 -7.43521e-17 -0.0174656
85.75 -7.43521e-17 -0.0174656
86 -7.43521e-17 -0.0174656
86.25 -7.43521e-17 -0.0174656
86.5 -7.43521e-17 -0.0174656
86.75 -7.4352e-17 -0.0174656
87 -7.43521e-17 -0.0174656
87.25 -7.4352e-17 -0.0174656
87.5 -7.4352e-17 -0.0174656
87.75 -7.4352e-17 -0.0174656
88 -7.4352e-17 -0.0174656
88.25 -7.4352e-17 -0.0174656
88.5 -7.4352e-17 -0.0174656
88.75 -7.4352e-17 -0.0174656
89 -7.4352e-17 -0.0174656
89.25 -7.43519e-17 -0.0174656
89.5 -7.43519e-17 -0.0174656
89.75 -7.43519e-17 -0.0174656
90 -7.43519e-17 -0.0174656
90.25 -7.43519e-17 -0.0174656
90.5 -7.43519e-17 -0.0174656
90.75 -7.43519e-17 -0.0174656
91 -7.43519e-17 -0.0174656
91.25 -7.43519e-17 -0.0174656
91.5 -7.43519e-17 -0.0174656
91.75 -7.43518e-17 -0.0174656
92 -7.43518e-17 -0.0174656
92.25 -7.43518e-17 -0.0174656
92.5 -7.43518e-17 -0.0174656
92.75 -7.43518e-17 -0.0174656
93 -7.43518e-17 -0.0174656
93.25 -7.43518e-17 -0.0174656
93.5 -7.43518e-17 -0.0174656
93.75 -7.43517e-17 -0.0174656
94 -7.43517e-17 -0.0174656
94.25 -7.43517e-17 -0.0174656
94.5 -7.43517e-17 -0.0174656
94.75 -7.43517e-17 -0.0174656
95 -7.43517e-17 -0.0174656
95.25 -7.43517e-17 -0.0174656
95.5 -7.43517e-17 -0.0174656
95.75 -7.43517e-17 -0.0174656
96 -7.43517e-17 -0.0174656
96.25 -7.43516e-17 -0.0174656
96.5 -7.43516e-17 -0.0174656
96.75 -7.43516e-17 -0.0174656
97 -7.43516e-17 -0.0174656
97.25 -7.43516e-17 -0.0174656
97.5 -7.43516e-17 -0.0174656
97.75 -7.43516e-17 -0.0174656
98 -7.43516e-17 -0.0174656
98.25 -7.43515e-17 -0.0174656
98.5 -7.43515e-17 -0.0174656
98.75 -7.43515e-17 -0.0174656
99 -7.43515e-17 -0.0174656
99.25 -7.43515e-17 -0.0174656
99.5 -7.43515e-17 -0.0174656
99.75 -7.43515e-17 -0.0174656
100 -7.43515e-17 -0.0174656
100.25 -7.43514e-17 -0.0174656
100.5 -7.43515e-17 -0.0174656
100.75 -7.43514e-17 -0.0174656
101 -7.43514e-17 -0.0174656
101.25 -7.43514e-17 -0.0174656
101.5 -7.43514e-17 -0.0174656
101.75 -7.43514e-17 -0.0174656
102 -7.43514e-17 -0.0174656
102.25 -7.43514e-17 -0.0174656
102.5 -7.43514e-17 -0.0174656
102.75 -7.43513e-17 -0.0174656
103 -7.43513e-17 -0.0174656
103.25 -7.43513e-17 -0.0174656
103.5 -7.43513e-17 -0.0174656
103.75 -7.43513e-17 -0.0174656
104 -7.43513e-17 -0.0174656
104.25 -7.43513e-17 -0.0174656
104.5 -7.43513e-17 -0.0174656
104.75 -7.43512e-17 -0.0174656
105 -7.43512e-17 -0.0174656
105.25 -7.43512e-17 -0.0174656
105.5 -7.43512e-17 -0.0174656
105.75 -7.43512e-17 -0.0174656
106 -7.43512e-17 -0.0174656
106.25 -7.43512e-17 -0.0174656
106.5 -7.43512e-17 -0.0174656
106.75 -7.43512e-17 -0.0174656
107 -7.43512e-17 -0.0174656
107.25 -7.43511e-17 -0.0174656
107.5 -7.43511e-17 -0.0174656
107.75 -7.43511e-17 -0.0174656
108 -7.43511e-17 -0.0174656
108.25 -7.43511e-17 -0.0174656
108.5 -7.43511e-17 -0.0174656
108.75 -7.43511e-17 -0.0174656
109 -7.43511e-17 -0.0174656
109.25 -7.4351e-17 -0.0174656
109.5 -7.4351e-17 -0.0174656
109.75 -7.4351e-17 -0.0174656
110 -7.4351e-17 -0.0174656
110.25 -7.4351e-17 -0.0174656
110.5 -7.4351e-17 -0.0174656
110.75 -7.4351e-17 -0.0174656
111 -7.4351e-17 -0.0174656
111.25 -7.43509e-17 -0.0174656
111.5 -7.43509e-17 -0.0174656
111.75 -7.43509e-17 -0.0174656
112 -7.43509e-17 -0.0174656
112.25 -7.43509e-17 -0.0174656
112.5 -7.43509e-17 -0.0174656
112.75 -7.43509e-17 -0.0174656
113 -7.43509e-17 -0.0174656
113.25 -7.43509e-17 -0.0174656
113.5 -7.43509e-17 -0.0174656
113.75 -7.43508e-17 -0.0174656
114 -7.43508e-17 -0.0174656
114.25 -7.43508e-17 -0.0174656
114.5 -7.43508e-17 -0.0174656
114.75 -7.43508e-17 -0.0174656
115 -7.43508e-17 -0.0174656
115.25 -7.43508e-17 -0.0174656
115.5 -7.43508e-17 -0.0174656
115.75 -7.43507e-17 -0.0174656
116 -7.43507e-17 -0.0174656
116.25 -7.43507e-17 -0.0174656
116.5 -7.43507e-17 -0.0174656
116.75 -7.43507e-17 -0.0174656
117 -7.43507e-17 -0.0174656
117.25 -7.43507e-17 -0.0174656
117.5 -7.43507e-17 -0.0174656
117.75 -7.43507e-17 -0.0174656
118 -7.43507e-17 -0.0174656
118.25 -7.43507e-17 -0.0174656
118.5 -7.43507e-17 -0.0174656
118.75 -7.43506e-17 -0.0174656
119 -7.43506e-17 -0.0174656
119.25 -7.43506e-17 -0.0174656
119.5 -7.43506e-17 -0.0174656
119.75 -7.43506e-17 -0.0174656
120 -7.43506e-17 -0.0174656
120.25 -7.43506e-17 -0.0174656
120.5 -7.43506e-17 -0.0174656
120.75 -7.43506e-17 -0.0174656
121 -7.43506e-17 -0.0174656
121.25 -7.43506e-17 -0.0174656
121.5 -7.43506e-17 -0.0174656
121.75 -7.43506e-17 -0.0174656
122 -7.43506e-17 -0.0174656
122.25 -7.43506e-17 -0.0174656
122.5 -7.43506e-17 -0.0174656
122.75 -7.43505e-17 -0.0174656
123 -7.43505e-17 -0.0174656
123.25 -7.43505e-17 -0.0174656
123.5 -7.43505e-17 -0.0174656
123.75 -7.43505e-17 -0.0174656
124 -7.43505e-17 -0.0174656
124.25 -7.43505e-17 -0.0174656
124.5 -7.43505e-17 -0.0174656
124.75 -7.43505e-17 -0.0174656
125 -7.43505e-17 -0.0174656
125.25 -7.43505e-17 -0.0174656
125.5 -7.43505e-17 -0.0174656
125.75 -7.43505e-17 -0.0174656
126 -7.43505e-17 -0.0174656
126.25 -7.43505e-17 -0.0174656
126.5 -7.43505e-17 -0.0174656
126.75 -7.43504e-17 -0.0174656
127 -7.43505e-17 -0.0174656
127.25 -7.43504e-17 -0.0174656
127.5 -7.43505e-17 -0.0174656
127.75 -7.43504e-17 -0.0174656
128 -7.43504e-17 -0.0174656
128.25 -7.43504e-17 -0.0174656
128.5 -7.43504e-17 -0.0174656
128.75 -7.43504e-17 -0.0174656
129 -7.43504e-17 -0.0174656
129.25 -7.43504e-17 -0.0174656
129.5 -7.43504e-17 -0.0174656
129.75 -7.43504e-17 -0.0174656
130 -7.43504e-17 -0.0174656
130.25 -7.43504e-17 -0.0174656
130.5 -7.43504e-17 -0.0174656
130.75 -7.43504e-17 -0.0174656
131 -7.43504e-17 -0.0174656
131.25 -7.43504e-17 -0.0174656
131.5 -7.43504e-17 -0.0174656
131.75 -7.43503e-17 -0.0174656
132 -7.43503e-17 -0.0174656
132.25 -7.43503e-17 -0.0174656
132.5 -7.43503e-17 -0.0174656
132.75 -7.43503e-17 -0.0174656
133 -7.43503e-17 -0.0174656
133.25 -7.43503e-17 -0.0174656
133.5 -7.43503e-17 -0.0174656
133.75 -7.43503e-17 -0.0174656
134 -7.43503e-17 -0.0174656
134.25 -7.43503e-17 -0.0174656
134.5 -7.43503e-17 -0.0174656
134.75 -7.43503e-17 -0.0174656
135 -7.43503e-17 -0.0174656
135.25 -7.43503e-17 -0.0174656
135.5 -7.43503e-17 -0.0174656
135.75 -7.43502e-17 -0.0174656
136 -7.43502e-17 -0.0174656
136.25 -7.43502e-17 -0.0174656
136.5 -7.43502e-17 -0.0174656
136.75 -7.43502e-17 -0.0174656
137 -7.43502e-17 -0.0174656
137.25 -7.43502e-17 -0.0174656
137.5 -7.43502e-17 -0.0174656
137.75 -7.43502e-17 -0.0174656
138 -7.43502e-17 -0.0174656
138.25 -7.43502e-17 -0.0174656
138.5 -7.43502e-17 -0.0174656
138.75 -7.43502e-17 -0.0174656
139 -7.43502e-17 -0.0174656
139.25 -7.43501e-17 -0.0174656
139.5 -7.43501e-17 -0.0174656
139.75 -7.43501e-17 -0.0174656
140 -7.43501e-17 -0.0174656
140.25 -7.43501e-17 -0.0174656
140.5 -7.43501e-17 -0.0174656
140.75 -7.43501e-17 -0.0174656
141 -7.43501e-17 -0.0174656
141.25 -7.43501e-17 -0.0174656
141.5 -7.43501e-17 -0.0174656
141.75 -7.43501e-17 -0.0174656
142 -7.43501e-17 -0.0174656
142.25 -7.43501e-17 -0.0174656
142.5 -7.43501e-17 -0.0174656
142.75 -7.43501e-17 -0.0174656
143 -7.43501e-17 -0.0174656
143.25 -7.43501e-17 -0.0174656
143.5 -7.43501e-17 -0.0174656
143.75 -7.43501e-17 -0.0174656
144 -7.43501e-17 -0.0174656
144.25 -7.43501e-17 -0.0174656
144.5 -7.43501e-17 -0.0174656
144.75 -7.43501e-17 -0.0174656
145 -7.43501e-17 -0.0174656
145.25 -7.43501e-17 -0.0174656
145.5 -7.43501e-17 -0.0174656
145.75 -7.43501e-17 -0.0174656
146 -7.43501e-17 -0.0174656
146.25 -7.43501e-17 -0.0174656
146.5 -7.43501e-17 -0.0174656
146.75 -7.43501e-17 -0.0174656
147 -7.43501e-17 -0.0174656
147.25 -7.43501e-17 -0.0174656
147.5 -7.43501e-17 -0.0174656
147.75 -7.43501e-17 -0.0174656
148 -7.43501e-17 -0.0174656
148.25 -7.43501e-17 -0.0174656
148.5 -7.43501e-17 -0.0174656
148.75 -7.43501e-17 -0.0174656
149 -7.43501e-17 -0.0174656
149.25 -7.43501e-17 -0.0174656
149.5 -7.43501e-17 -0.0174656
149.75 -7.43501e-17 -0.0174656
150 -7.43501e-17 -0.0174656
150.25 -7.43501e-17 -0.0174656
150.5 -7.43501e-17 -0.0174656
150.75 -7.43501e-17 -0.0174656
151 -7.43501e-17 -0.0174656
151.25 -7.43501e-17 -0.0174656
151.5 -7.43501e-17 -0.0174656
151.75 -7.43501e-17 -0.0174656
152 -7.43501e-17 -0.0174656
152.25 -7.43501e-17 -0.0174656
152.5 -7.43501e-17 -0.0174656
152.75 -7.43501e-17 -0.0174656
153 -7.43501e-17 -0.0174656
153.25 -7.43501e-17 -0.0174656
153.5 -7.43501e-17 -0.0174656
153.75 -7.43501e-17 -0.0174656
154 -7.43501e-17 -0.0174656
154.25 -7.43501e-17 -0.0174656
154.5 -7.43501e-17 -0.0174656
154.75 -7.43501e-17 -0.0174656
155 -7.43501e-17 -0.0174656
155.25 -7.43501e-17 -0.0174656
155.5 -7.43501e-17 -0.0174656
155.75 -7.43501e-17 -0.0174656
156 -7.43501e-17 -0.0174656
156.25 -7.43501e-17 -0.0174656
156.5 -7.43501e-17 -0.0174656
156.75 -7.43501e-17 -0.0174656
157 -7.43501e-17 -0.0174656
157.25 -7.43501e-17 -0.0174656
157.5 -7.43501e-17 -0.0174656
157.75 -7.43501e-17 -0.0174656
158 -7.43501e-17 -0.0174656
158.25 -7.43501e-17 -0.0174656
158.5 -7.43501e-17 -0.0174656
158.75 -7.43501e-17 -0.0174656
159 -7.43501e-17 -0.0174656
159.25 -7.43501e-17 -0.0174656
159.5 -7.43501e-17 -0.0174656
159.75 -7.43501e-17 -0.0174656
160 -7.43501e-17 -0.0174656
160.25 -7.43501e-17 -0.0174656
160.5 -7.43501e-17 -0.0174656
160.75 -7.43501e-17 -0.0174656
161 -7.43501e-17 -0.0174656
161.25 -7.43501e-17 -0.0174656
161.5 -7.43501e-17 -0.0174656
161.75 -7.43501e-17 -0.0174656
162 -7.43501e-17 -0.0174656
162.25 -7.43501e-17 -0.0174656
162.5 -7.43501e-17 -0.0174656
162.75 -7.43501e-17 -0.0174656
163 -7.43501e-17 -0.0174656
163.25 -7.43501e-17 -0.0174656
163.5 -7.43501e-17 -0.0174656
163.75 -7.43501e-17 -0.0174656
164 -7.43501e-17 -0.0174656
164.25 -7.43501e-17 -0.0174656
164.5 -7.43501e-17 -0.0174656
164.75 -7.43501e-17 -0.0174656
165 -7.43501e-17 -0.0174656
165.25 -7.43501e-17 -0.0174656
165.5 -7.43501e-17 -0.0174656
165.75 -7.43501e-17 -0.0174656
166 -7.43501e-17 -0.0174656
166.25 -7.43501e-17 -0.0174656
166.5 -7.43501e-17 -0.0174656
166.75 -7.43501e-17 -0.0174656
167 -7.43501e-17 -0.0174656
167.25 -7.43501e-17 -0.0174656
167.5 -7.43501e-17 -0.0174656
167.75 -7.43501e-17 -0.0174656
168 -7.43501e-17 -0.0174656
168.25 -7.43501e-17 -0.0174656
168.5 -7.43501e-17 -0.0174656
168.75 -7.43501e-17 -0.0174656
169 -7.43501e-17 -0.0174656
169.25 -7.43501e-17 -0.0174656
169.5 -7.43501e-17 -0.0174656
169.75 -7.43501e-17 -0.0174656
170 -7.43501e-17 -0.0174656
170.25 -7.43501e-17 -0.0174656
170.5 -7.43501e-17 -0.0174656
170.75 -7.43501e-17 -0.0174656
171 -7.43501e-17 -0.0174656
171.25 -7.43501e-17 -0.0174656
171.5 -7.43501e-17 -0.0174656
171.75 -7.43501e-17 -0.0174656
172 -7.43501e-17 -0.0174656
172.25 -7.43501e-17 -0.0174656
172.5 -7.43501e-17 -0.0174656
172.75 -7.43501e-17 -0.0174656
173 -7.43501e-17 -0.0174656
173.25 -7.43501e-17 -0.0174656
173.5 -7.43501e-17 -0.0174656
173.75 -7.43501e-17 -0.0174656
174 -7.43501e-17 -0.0174656
174.25 -7.43501e-17 -0.0174656
174.5 -7.43501e-17 -0.0174656
174.75 -7.43501e-17 -0.0174656
175 -7.43501e-17 -0.0174656
175.25 -7.43501e-17 -0.0174656
175.5 -7.43501e-17 -0.0174656
175.75 -7.43501e-17 -0.0174656
176 -7.43501e-17 -0.0174656
176.25 -7.43501e-17 -0.0174656
176.5 -7.43501e-17 -0.0174656
176.75 -7.43501e-17 -0.0174656
177 -7.43501e-17 -0.0174656
177.25 -7.43501e-17 -0.0174656
177.5 -7.43501e-17 -0.0174656
177.75 -7.43501e-17 -0.0174656
178 -7.43501e-17 -0.0174656
178.25 -7.43501e-17 -0.0174656
178.5 -7.43501e-17 -0.0174656
178.75 -7.43501e-17 -0.0174656
179 -7.43501e-17 -0.0174656
179.25 -7.43501e-17 -0.0174656
179.5 -7.43501e-17 -0.0174656
179.75 -7.43501e-17 -0.0174656
180 -7.43501e-17 -0.0174656
180.25 -7.43501e-17 -0.0174656
180.5 -7.43501e-17 -0.0174656
180.75 -7.43501e-17 -0.0174656
181 -7.43501e-17 -0.0174656
181.25 -7.43501e-17 -0.0174656
181.5 -7.43501e-17 -0.0174656
181.75 -7.43501e-17 -0.0174656
182 -7.43501e-17 -0.0174656
182.25 -7.43501e-17 -0.0174656
182.5 -7.43501e-17 -0.0174656
182.75 -7.43501e-17 -0.0174656
183 -7.43501e-17 -0.0174656
183.25 -7.43501e-17 -0.0174656
183.5 -7.43501e-17 -0.0174656
183.75 -7.43501e-17 -0.0174656
184 -7.43501e-17 -0.0174656
184.25 -7.43501e-17 -0.0174656
184.5 -7.43501e-17 -0.0174656
184.75 -7.43501e-17 -0.0174656
185 -7.43501e-17 -0.0174656
185.25 -7.43501e-17 -0.0174656
185.5 -7.43501e-17 -0.0174656
185.75 -7.43501e-17 -0.0174656
186 -7.43501e-17 -0.0174656
186.25 -7.43501e-17 -0.0174656
186.5 -7.43501e-17 -0.0174656
186.75 -7.43501e-17 -0.0174656
187 -7.43501e-17 -0.0174656
187.25 -7.43501e-17 -0.0174656
187.5 -7.43501e-17 -0.0174656
187.75 -7.43501e-17 -0.0174656
188 -7.43501e-17 -0.0174656
188.25 -7.43501e-17 -0.0174656
188.5 -7.43501e-17 -0.0174656
188.75 -7.43501e-17 -0.0174656
189 -7.43501e-17 -0.0174656
189.25 -7.43501e-17 -0.0174656
189.5 -7.43501e-17 -0.0174656
189.75 -7.43501e-17 -0.0174656
190 -7.43501e-17 -0.0174656
190.25 -7.43501e-17 -0.0174656
190.5 -7.43501e-17 -0.0174656
190.75 -7.43501e-17 -0.0174656
191 -7.43501e-17 -0.0174656
191.25 -7.43501e-17 -0.0174656
191.5 -7.43501e-17 -0.0174656
191.75 -7.43501e-17 -0.0174656
192 -7.43501e-17 -0.0174656
192.25 -7.43501e-17 -0.0174656
192.5 -7.43501e-17 -0.0174656
192.75 -7.43501e-17 -0.0174656
193 -7.43501e-17 -0.0174656
193.25 -7.43501e-17 -0.0174656
193.5 -7.43501e-17 -0.0174656
193.75 -7.43501e-17 -0.0174656
194 -7.43501e-17 -0.0174656
194.25 -7.43501e-17 -0.0174656
194.5 -7.43501e-17 -0.0174656
194.75 -7.43501e-17 -0.0174656
195 -7.43501e-17 -0.0174656
195.25 -7.43501e-17 -0.0174656
195.5 -7.43501e-17 -0.0174656
195.75 -7.43501e-17 -0.0174656
196 -7.43501e-17 -0.0174656
196.25 -7.43501e-17 -0.0174656
196.5 -7.43501e-17 -0.0174656
196.75 -7.43501e-17 -0.0174656
197 -7.43501e-17 -0.0174656
197.25 -7.43501e-17 -0.0174656
197.5 -7.43501e-17 -0.0174656
197.75 -7.43501e-17 -0.0174656
198 -7.43501e-17 -0.0174656
198.25 -7.43501e-17 -0.0174656
198.5 -7.43501e-17 -0.0174656
198.75 -7.43501e-17 -0.0174656
199 -7.43501e-17 -0.0174656
199.25 -7.43501e-17 -0.0174656
199.5 -7.43501e-17 -0.0174656
199.75 -7.43501e-17 -0.0174656
200 -7.43501e-17 -0.0174656
