  -4.0049593e-05	
  -3.1484979e-05	
  -3.3644649e-05	
  -3.2617695e-05	
  -4.1473544e-05	
  -4.3413630e-05	
  -4.6217145e-05	
  -3.8708921e-05	
  -3.9576759e-05	
  -3.6694052e-05	
  -5.3382872e-05	
  -7.8656823e-05	
  -1.1967474e-04	
  -1.3208623e-04	
  -1.4257631e-04	
  -1.4499125e-04	
  -1.6409017e-04	
  -1.9696454e-04	
  -2.6905593e-04	
  -3.4945237e-04	
  -4.0393229e-04	
  -4.2700706e-04	
  -4.7602501e-04	
  -5.3304273e-04	
  -5.8931336e-04	
  -5.9215628e-04	
  -5.3392200e-04	
  -4.1613279e-04	
  -3.6393425e-04	
  -4.1096640e-04	
  -4.7775944e-04	
  -5.1564564e-04	
  -5.1309189e-04	
  -4.1301326e-04	
  -2.4974596e-04	
  -9.5033558e-05	
  -9.8797512e-05	
  -9.3019717e-05	
  -1.0377967e-04	
  -2.0373348e-04	
  -4.6095563e-04	
  -7.6581873e-04	
  -8.0465872e-04	
  -6.8083111e-04	
  -4.9117649e-04	
  -2.7460498e-04	
  -2.0858881e-04	
   1.2116500e-04	
   9.5601506e-04	
   2.1152947e-03	
   3.4116423e-03	
   4.6567883e-03	
   5.9291577e-03	
   6.6393206e-03	
   6.1717758e-03	
   4.7736183e-03	
   2.7519163e-03	
   3.3986552e-04	
  -1.9189678e-03	
  -3.3891613e-03	
  -3.5949391e-03	
  -2.8145814e-03	
  -2.0441952e-03	
  -1.7437503e-03	
  -1.8879056e-03	
  -2.8452562e-03	
  -3.9381851e-03	
  -4.6972729e-03	
  -5.3511556e-03	
  -5.0196719e-03	
  -4.2206592e-03	
  -3.3780022e-03	
  -3.2410438e-03	
  -3.3758297e-03	
  -4.1608403e-03	
  -4.5082738e-03	
  -4.6635649e-03	
  -4.9452000e-03	
  -4.9029145e-03	
  -3.8548188e-03	
  -1.3190078e-03	
   1.9532805e-03	
   4.6704702e-03	
   6.4591789e-03	
   7.1443311e-03	
   6.3928229e-03	
   4.8681714e-03	
   2.3125368e-03	
  -1.0773421e-03	
  -3.3314851e-03	
  -3.6827765e-03	
  -3.2600597e-03	
  -2.7462072e-03	
  -2.0030205e-03	
  -1.3650781e-03	
  -1.0654447e-03	
   4.5150398e-04	
   3.1616954e-03	
   5.7593404e-03	
   8.5080370e-03	
   1.0958545e-02	
   9.9358570e-03	
   8.0365384e-03	
   7.1989317e-03	
   9.2591636e-03	
   1.2902792e-02	
   1.6165848e-02	
   1.8290258e-02	
   1.5576742e-02	
   9.7329200e-03	
   4.3178597e-03	
  -7.7479163e-04	
  -4.4378728e-03	
  -5.3923048e-03	
  -5.3111777e-03	
  -5.1110009e-03	
  -3.8700637e-03	
  -1.1328522e-03	
   1.3465138e-03	
   2.2743530e-03	
   2.2592814e-03	
   1.3279892e-03	
  -1.4206841e-03	
  -5.3179988e-03	
  -7.1956351e-03	
  -5.1894648e-03	
  -1.4226392e-03	
   2.8092873e-03	
   5.9873570e-03	
   7.9346141e-03	
   9.3010654e-03	
   1.0177526e-02	
   9.1363043e-03	
   7.9818848e-03	
   8.3707458e-03	
   1.0815291e-02	
   1.1571755e-02	
   8.4024080e-03	
   4.2305729e-03	
   1.6524223e-03	
   2.8749134e-04	
  -2.0450442e-03	
  -4.9466008e-03	
  -1.0437396e-02	
  -1.7157748e-02	
  -2.4338814e-02	
  -3.0059083e-02	
  -3.1052737e-02	
  -3.0207530e-02	
  -2.5420220e-02	
  -1.8930651e-02	
  -1.2714196e-02	
  -7.3954451e-03	
  -5.5284141e-05	
   5.3481876e-03	
   7.2383054e-03	
   5.7464932e-03	
   2.2286124e-03	
  -3.9460647e-04	
  -1.7239437e-03	
  -6.1453288e-04	
   2.3236891e-03	
   4.7292149e-03	
   7.9388223e-03	
   1.2546218e-02	
   1.4696492e-02	
   1.4124754e-02	
   1.4083775e-02	
   1.4835760e-02	
   1.5534835e-02	
   1.5056897e-02	
   1.2677478e-02	
   8.3980673e-03	
   4.3287792e-03	
   2.9636641e-03	
   3.5154386e-03	
   3.4702402e-03	
   2.7957860e-03	
   2.0734739e-03	
   1.9493008e-03	
   3.4703234e-03	
   7.4586741e-03	
   1.2706612e-02	
   1.5995702e-02	
   1.6141129e-02	
   1.5475115e-02	
   1.2667753e-02	
   6.4268012e-03	
  -6.4104083e-04	
  -2.0741338e-03	
  -1.0801766e-03	
   3.4757050e-03	
   7.2194162e-03	
   9.6418077e-03	
   8.7575663e-03	
   4.9700734e-03	
  -4.2348807e-04	
  -5.9011260e-03	
  -1.1097871e-02	
  -1.1680299e-02	
  -1.0867793e-02	
  -1.0966188e-02	
  -1.1263205e-02	
  -1.1624204e-02	
  -1.1808220e-02	
  -1.2113685e-02	
  -1.2516909e-02	
  -1.2842112e-02	
  -1.2149095e-02	
  -9.4328393e-03	
  -4.4919392e-03	
   1.2336603e-04	
   1.7982301e-03	
   1.7751560e-03	
   1.8059156e-03	
   8.4233006e-04	
  -2.7419799e-03	
  -9.2773426e-03	
  -1.5756768e-02	
  -2.0758473e-02	
  -2.5299211e-02	
  -2.5865521e-02	
  -2.2188567e-02	
  -1.6856040e-02	
  -1.2870822e-02	
  -1.3444229e-02	
  -1.7336994e-02	
  -2.0522999e-02	
  -1.8893419e-02	
  -1.3544770e-02	
  -1.1534469e-02	
  -6.7283500e-03	
   1.4699847e-03	
   8.5024084e-03	
   1.2297145e-02	
   1.0257233e-02	
   3.3852022e-03	
  -1.6009747e-03	
   3.6892553e-05	
   3.1004030e-03	
   6.3267690e-03	
   8.2249799e-03	
   6.4871576e-03	
   3.2162239e-03	
  -5.0903654e-04	
  -3.9784810e-03	
  -8.3680746e-03	
  -8.8887042e-03	
  -8.1815623e-04	
   8.9974761e-03	
   2.0277519e-02	
   3.2342826e-02	
   4.0190033e-02	
   4.2312147e-02	
   3.9223440e-02	
   3.0845189e-02	
   1.6532248e-02	
   3.4687928e-03	
  -5.9607245e-03	
  -1.0980725e-02	
  -1.1833882e-02	
  -6.7550355e-03	
   2.1145113e-03	
   1.0457377e-02	
   1.6905956e-02	
   2.5343672e-02	
   2.7999078e-02	
   2.5364279e-02	
   2.0930712e-02	
   1.5492441e-02	
   1.3615477e-02	
   1.4961715e-02	
   1.5557244e-02	
   1.5244220e-02	
   1.4795273e-02	
   1.4342531e-02	
   1.4249903e-02	
   1.4462184e-02	
   1.4996610e-02	
   1.5234659e-02	
   1.4311155e-02	
   1.0996133e-02	
   5.5407896e-03	
   6.4859492e-04	
  -3.6345359e-03	
  -9.0520608e-03	
  -1.1471739e-02	
  -8.8670219e-03	
  -5.1419079e-03	
  -3.9594471e-03	
  -3.7806071e-03	
  -4.3454037e-03	
  -7.3833134e-03	
  -1.3074178e-02	
  -1.2685730e-02	
  -7.7344490e-03	
  -1.6761049e-03	
   1.6803041e-03	
   1.3879778e-03	
   7.3728989e-04	
   6.3389802e-04	
   6.2709017e-04	
   4.4360761e-04	
   4.7380659e-04	
   1.7823757e-03	
   5.4879115e-03	
   1.1021684e-02	
   1.4601463e-02	
   1.5226529e-02	
   1.4834112e-02	
   1.2387595e-02	
   5.6873664e-03	
  -4.9934162e-03	
  -1.8241392e-02	
  -3.0460229e-02	
  -3.7870360e-02	
  -3.9434242e-02	
  -3.9165998e-02	
  -3.9333595e-02	
  -3.7925957e-02	
  -3.3037184e-02	
  -2.5160096e-02	
  -1.4525763e-02	
  -2.0381865e-03	
   7.6755978e-03	
   1.1170497e-02	
   1.0759525e-02	
   1.1252615e-02	
   1.5201381e-02	
   2.1713406e-02	
   2.7078569e-02	
   2.8752701e-02	
   2.7018849e-02	
   2.0607969e-02	
   8.2578346e-03	
  -5.9218967e-03	
  -1.8088269e-02	
  -2.7248667e-02	
  -3.3371794e-02	
  -3.8386904e-02	
  -3.9193675e-02	
  -3.5969669e-02	
  -3.2598228e-02	
  -3.2077476e-02	
  -2.9814032e-02	
  -2.4183900e-02	
  -1.7122079e-02	
  -1.1619068e-02	
  -7.0304023e-03	
  -3.3847618e-03	
  -2.4407009e-03	
  -2.3539706e-03	
  -1.7134958e-03	
  -1.4182683e-03	
  -3.1345806e-03	
  -7.7701339e-03	
  -1.3695120e-02	
  -1.5746173e-02	
  -1.4885919e-02	
  -1.4669123e-02	
  -1.5505155e-02	
  -1.6642975e-02	
  -1.6527027e-02	
  -1.2882111e-02	
  -4.0355589e-03	
   7.4616050e-03	
   1.6869598e-02	
   2.2859467e-02	
   2.4166967e-02	
   2.3364716e-02	
   2.3486319e-02	
   2.4294580e-02	
   2.5296105e-02	
   2.6044089e-02	
   2.5832279e-02	
   2.3688498e-02	
   1.9086106e-02	
   1.3425700e-02	
   1.1214069e-02	
   1.1058821e-02	
   9.9766882e-03	
   9.2646014e-03	
   1.1904754e-02	
   1.9633649e-02	
   2.5281079e-02	
   2.4203038e-02	
   1.8943207e-02	
   1.2124301e-02	
   7.6189249e-03	
   3.9339648e-03	
   5.5616557e-04	
   3.5987562e-03	
   1.0716033e-02	
   1.3042346e-02	
   1.0625668e-02	
   6.1730054e-03	
   4.4152180e-04	
  -3.5311356e-03	
  -3.8362280e-03	
  -2.3468654e-03	
  -2.4128499e-04	
   2.4011682e-03	
   4.2047767e-03	
   6.4723547e-03	
   9.8731580e-03	
   1.0925208e-02	
   8.5752516e-03	
   3.1898151e-03	
  -3.3141986e-03	
  -5.2315865e-03	
  -2.8184674e-03	
   1.5536526e-03	
   6.7036626e-03	
   8.2286634e-03	
   3.8597965e-03	
  -2.0695180e-03	
  -3.4464071e-03	
  -3.5284750e-03	
  -8.0767495e-03	
  -1.7149549e-02	
  -2.4898033e-02	
  -2.4002852e-02	
  -1.5144082e-02	
  -7.4660358e-03	
  -3.9401721e-03	
  -1.2652298e-03	
   4.0587193e-03	
   1.1501233e-02	
   1.8586443e-02	
   2.3408362e-02	
   2.4364450e-02	
   2.2006639e-02	
   1.7006571e-02	
   1.1095497e-02	
   9.5248685e-03	
   1.1512649e-02	
   1.3654734e-02	
   1.4592151e-02	
   1.2207819e-02	
   8.0674162e-03	
   5.6685408e-04	
  -1.0858995e-02	
  -2.4958903e-02	
  -3.7229018e-02	
  -4.3600938e-02	
  -4.2747553e-02	
  -3.7912585e-02	
  -3.0335075e-02	
  -2.2094264e-02	
  -1.5066909e-02	
  -5.7937215e-03	
   3.9561908e-04	
   2.6281094e-03	
   7.6421230e-03	
   1.0595712e-02	
   1.4202654e-02	
   1.9980507e-02	
   2.3504996e-02	
   2.3626075e-02	
   2.3229529e-02	
   2.3683840e-02	
   2.4457682e-02	
   2.4833913e-02	
   2.3411356e-02	
   1.9363497e-02	
   1.3563400e-02	
   1.0000570e-02	
   9.5304759e-03	
   9.9301330e-03	
   1.0532950e-02	
   1.1985335e-02	
   1.3767518e-02	
   1.3423750e-02	
   7.5804734e-03	
   8.8349463e-04	
  -7.5175836e-03	
  -1.2775168e-02	
  -1.7855843e-02	
  -1.7933112e-02	
  -1.8025936e-02	
  -1.8824503e-02	
  -1.7636799e-02	
  -1.3866549e-02	
  -8.3049834e-03	
  -5.6249907e-03	
  -5.9583554e-03	
  -5.7094144e-03	
  -5.5276774e-03	
  -6.6610082e-03	
  -9.5935141e-03	
  -1.4032280e-02	
  -1.5650375e-02	
  -8.8300756e-03	
  -4.3540963e-03	
  -4.4790962e-03	
  -6.4353978e-03	
  -1.2186195e-02	
  -2.1787267e-02	
  -3.0601082e-02	
  -3.4099543e-02	
  -2.8636478e-02	
  -2.1601788e-02	
  -1.8744309e-02	
  -1.9785350e-02	
  -2.1929990e-02	
  -2.5684272e-02	
  -3.1921428e-02	
  -3.6617467e-02	
  -3.4758969e-02	
  -3.0227336e-02	
  -2.4433079e-02	
  -2.0254019e-02	
  -2.1713183e-02	
  -2.3262018e-02	
  -2.3504297e-02	
  -2.1889700e-02	
  -1.7671106e-02	
  -1.1469862e-02	
  -7.3985562e-03	
  -9.1006936e-03	
  -1.0130998e-02	
  -7.2757923e-03	
   2.5105231e-04	
   1.0670882e-02	
   1.7373654e-02	
   1.6994063e-02	
   1.3520692e-02	
   1.0732887e-02	
   6.6681579e-03	
   5.5310694e-03	
   6.4357423e-03	
   6.7423579e-03	
   6.5412388e-03	
   6.2992620e-03	
   6.1785492e-03	
   6.1677319e-03	
   5.9801437e-03	
   5.5247571e-03	
   5.0422530e-03	
   5.5609826e-03	
   8.3502507e-03	
   1.3836774e-02	
   1.9350475e-02	
   2.1399995e-02	
   1.9731778e-02	
   1.4539410e-02	
   4.8697518e-03	
  -6.0937598e-03	
  -1.6001140e-02	
  -2.4782551e-02	
  -3.2148358e-02	
  -3.7024189e-02	
  -4.1498730e-02	
  -4.5437531e-02	
  -4.7722832e-02	
  -5.1383293e-02	
  -5.7776784e-02	
  -6.2734987e-02	
  -6.2501628e-02	
  -5.6967209e-02	
  -4.7177987e-02	
  -3.6244967e-02	
  -2.4648710e-02	
  -1.3007117e-02	
  -3.5429318e-03	
   3.3950125e-03	
   5.4222074e-03	
   3.7229362e-03	
   4.7220164e-05	
  -4.9422908e-03	
  -7.6210502e-03	
  -7.0158591e-03	
  -6.1278070e-03	
  -6.5399403e-03	
  -8.8011959e-03	
  -1.2472013e-02	
  -1.5044935e-02	
  -1.1599474e-02	
  -3.2365282e-03	
   6.5059885e-03	
   1.6178531e-02	
   2.3252239e-02	
   2.8991074e-02	
   3.3441855e-02	
   3.5140823e-02	
   3.3781522e-02	
   2.7267906e-02	
   2.1409270e-02	
   1.9155350e-02	
   1.9994277e-02	
   2.0583663e-02	
   2.0867637e-02	
   2.1251044e-02	
   2.0980644e-02	
   1.8400990e-02	
   1.2006392e-02	
   3.5668311e-03	
  -7.0396402e-04	
  -4.4304566e-03	
  -2.6996377e-03	
   5.3565139e-03	
   1.2641809e-02	
   1.7614025e-02	
   1.9757011e-02	
   1.9317997e-02	
   1.9098025e-02	
   1.7946855e-02	
   1.3980605e-02	
   7.3673127e-03	
   1.3089823e-04	
  -8.1983898e-03	
  -1.7612594e-02	
  -2.5619845e-02	
  -2.9345750e-02	
  -2.8897672e-02	
  -2.0989733e-02	
  -1.2089284e-02	
  -3.7896092e-03	
   3.1161059e-03	
   7.3755966e-03	
   1.3684314e-02	
   2.2608989e-02	
   2.9346778e-02	
   3.3769093e-02	
   3.0972914e-02	
   2.3812656e-02	
   1.4827953e-02	
   7.3891169e-03	
   5.7084180e-03	
   9.6634476e-03	
   1.5177854e-02	
   1.9371447e-02	
   2.0271027e-02	
   1.9485858e-02	
   1.9383144e-02	
   1.9086031e-02	
   1.7372605e-02	
   1.3865425e-02	
   1.0336834e-02	
   7.8614317e-03	
   6.1135447e-03	
   4.0279205e-03	
   8.7182138e-05	
  -3.8012676e-03	
  -6.9697597e-03	
  -8.0387591e-03	
  -6.2252528e-03	
  -1.8206915e-03	
   4.3269465e-03	
   7.9073562e-03	
   9.5871594e-03	
   9.7624834e-03	
   3.9209903e-03	
  -7.4935375e-03	
  -2.1486491e-02	
  -3.4228121e-02	
  -4.1429411e-02	
  -4.3751177e-02	
  -4.5995976e-02	
  -4.6981203e-02	
  -4.7663833e-02	
  -4.8783527e-02	
  -4.9424927e-02	
  -4.8665019e-02	
  -4.5237747e-02	
  -3.9365379e-02	
  -3.3760300e-02	
  -2.8538730e-02	
  -2.2128936e-02	
  -1.8614040e-02	
  -1.5004920e-02	
  -1.1930560e-02	
  -9.1467029e-03	
  -7.8020134e-03	
  -3.8506408e-03	
   3.6823218e-03	
   1.0874195e-02	
   1.6616878e-02	
   2.0577054e-02	
   2.3625503e-02	
   2.8036311e-02	
   3.0643079e-02	
   3.3301294e-02	
   4.1648667e-02	
   5.3633986e-02	
   6.0023136e-02	
   5.9685579e-02	
   5.1237458e-02	
   3.7928268e-02	
   2.6389071e-02	
   1.5819530e-02	
   7.6783273e-03	
   1.3507644e-03	
  -5.7952479e-03	
  -1.2979954e-02	
  -1.8397731e-02	
  -2.0937115e-02	
  -2.1380269e-02	
  -2.2208240e-02	
  -2.2206173e-02	
  -1.8917126e-02	
  -1.0874789e-02	
  -6.1110219e-04	
   6.6847522e-03	
   1.2324906e-02	
   1.6160469e-02	
   1.8550117e-02	
   2.1891576e-02	
   2.7124499e-02	
   2.9951233e-02	
   2.5677398e-02	
   1.6535406e-02	
   6.9036051e-03	
  -1.5859566e-03	
  -9.9915547e-03	
  -2.0615606e-02	
  -3.1193256e-02	
  -3.8151096e-02	
  -3.9250639e-02	
  -3.4228169e-02	
  -2.8068010e-02	
  -2.0945218e-02	
  -1.5458245e-02	
  -1.2903799e-02	
  -1.5337585e-02	
  -1.9606157e-02	
  -2.2225502e-02	
  -2.1563230e-02	
  -1.7118014e-02	
  -1.0363784e-02	
  -3.7098611e-03	
   6.1503426e-03	
   1.9942713e-02	
   3.2886489e-02	
   4.1921452e-02	
   4.6222832e-02	
   4.8586944e-02	
   5.1427002e-02	
   5.2369046e-02	
   5.2569651e-02	
   5.3034927e-02	
   5.3805017e-02	
   5.4760130e-02	
   5.5130229e-02	
   5.3791131e-02	
   4.9265122e-02	
   4.1438008e-02	
   3.3510087e-02	
   2.6021341e-02	
   1.7873900e-02	
   3.1357349e-03	
  -1.0796423e-02	
  -1.9372019e-02	
  -2.0984354e-02	
  -1.6677515e-02	
  -9.0228737e-03	
  -4.5796664e-05	
   6.0452012e-03	
   1.1530638e-02	
   1.5898505e-02	
   1.7921648e-02	
   1.8713357e-02	
   2.1056683e-02	
   2.4173549e-02	
   2.4842838e-02	
   2.0978285e-02	
   1.7385352e-02	
   1.7609027e-02	
   1.9741408e-02	
   2.4295809e-02	
   3.0446815e-02	
   3.3508524e-02	
   3.1757361e-02	
   2.9340901e-02	
   2.7746777e-02	
   2.9356748e-02	
   3.4154006e-02	
   4.0394061e-02	
   4.9145384e-02	
   5.8626692e-02	
   6.9668129e-02	
   8.1055126e-02	
   8.6822003e-02	
   8.8123100e-02	
   8.7762435e-02	
   8.9977782e-02	
   9.4226474e-02	
   9.9749180e-02	
   1.0648553e-01	
   1.1290002e-01	
   1.1385661e-01	
   1.0853112e-01	
   9.9686004e-02	
   9.1373961e-02	
   8.8077785e-02	
   8.6370231e-02	
   8.6772872e-02	
   8.7616420e-02	
   8.7093734e-02	
   8.4463026e-02	
   7.9174474e-02	
   7.3628024e-02	
   7.4092569e-02	
   8.3073525e-02	
   9.5045377e-02	
   1.0529346e-01	
   1.0896137e-01	
   1.0919235e-01	
   1.0805529e-01	
   1.1050670e-01	
   1.1861691e-01	
   1.2893814e-01	
   1.3321327e-01	
   1.3175381e-01	
   1.1766763e-01	
   9.2965551e-02	
   6.9211163e-02	
   5.0534413e-02	
   4.1702896e-02	
   3.9925276e-02	
   4.4209272e-02	
   4.6570241e-02	
   4.3040993e-02	
   3.4789295e-02	
   2.1651009e-02	
   6.9208195e-03	
  -6.2417252e-03	
  -1.7071618e-02	
  -2.4174556e-02	
  -2.6534323e-02	
  -2.5969677e-02	
  -2.2509646e-02	
  -1.3926460e-02	
   7.7210559e-04	
   2.1555121e-02	
   4.2370585e-02	
   5.6516709e-02	
   6.3170912e-02	
   5.7324641e-02	
   4.2119174e-02	
   2.0009143e-02	
  -9.6349389e-03	
  -4.5252163e-02	
  -8.5796135e-02	
  -1.3067850e-01	
  -1.7513696e-01	
  -2.1410839e-01	
  -2.4211481e-01	
  -2.5250896e-01	
  -2.4555245e-01	
  -2.2900044e-01	
  -2.1051250e-01	
  -1.9425109e-01	
  -1.8128592e-01	
  -1.7188403e-01	
  -1.6799161e-01	
  -1.6573179e-01	
  -1.6241850e-01	
  -1.6156976e-01	
  -1.6251528e-01	
  -1.6097038e-01	
  -1.5292297e-01	
  -1.4115299e-01	
  -1.2615648e-01	
  -1.0688028e-01	
  -8.5621023e-02	
  -6.3310355e-02	
  -4.0646362e-02	
  -1.9921317e-02	
  -2.3213952e-04	
   2.0204151e-02	
   4.1888873e-02	
   6.5031106e-02	
   8.8386139e-02	
   1.0813399e-01	
   1.2265218e-01	
   1.3606144e-01	
   1.4071701e-01	
   1.3251373e-01	
   1.0928298e-01	
   7.1710484e-02	
   2.5202920e-02	
  -2.9448708e-02	
  -9.1449963e-02	
  -1.6241940e-01	
  -2.4508658e-01	
  -3.3793341e-01	
  -4.2666399e-01	
  -5.0874122e-01	
  -5.7899055e-01	
  -6.3068781e-01	
  -6.5249996e-01	
  -6.4043345e-01	
  -5.9604118e-01	
  -5.3001749e-01	
  -4.5994725e-01	
  -3.9936332e-01	
  -3.6003266e-01	
  -3.4422138e-01	
  -3.4701930e-01	
  -3.6572942e-01	
  -3.9509226e-01	
  -4.2666717e-01	
  -4.4956280e-01	
  -4.6677105e-01	
  -4.8028213e-01	
  -4.8310830e-01	
  -4.6989620e-01	
  -4.3844557e-01	
  -3.8932788e-01	
  -3.2538603e-01	
  -2.4861653e-01	
  -1.7162407e-01	
  -9.9265767e-02	
  -3.6226655e-02	
   1.6933415e-02	
   6.2389215e-02	
   1.0020328e-01	
   1.3481297e-01	
   1.7455190e-01	
   2.2459736e-01	
   2.8716492e-01	
   3.6052450e-01	
   4.4307968e-01	
   5.2627278e-01	
   5.9938336e-01	
   6.6026446e-01	
   6.9949029e-01	
   7.1384746e-01	
   7.0244557e-01	
   6.6791077e-01	
   6.1584993e-01	
   5.5075798e-01	
   4.7180520e-01	
   3.8792444e-01	
   3.1636272e-01	
   2.6150253e-01	
   2.2193893e-01	
   1.8679521e-01	
   1.5408377e-01	
   1.2272108e-01	
   9.2145164e-02	
   6.7249474e-02	
   5.3212053e-02	
   4.8447448e-02	
   3.9447237e-02	
   2.1888115e-02	
  -4.0205673e-03	
  -3.8566150e-02	
  -7.1559911e-02	
  -9.3633987e-02	
  -1.0115039e-01	
  -9.8037492e-02	
  -8.2823312e-02	
  -6.4600428e-02	
  -4.3653116e-02	
  -2.4754180e-02	
  -2.1122196e-02	
  -3.1676256e-02	
  -4.2504675e-02	
  -4.1192575e-02	
  -1.7749403e-02	
   2.3140372e-02	
   7.4897374e-02	
   1.3290492e-01	
   1.9040462e-01	
   2.4167936e-01	
   2.8264317e-01	
   3.0478689e-01	
   3.0618179e-01	
   2.8449446e-01	
   2.4075732e-01	
   1.8373293e-01	
   1.1411971e-01	
   3.1459401e-02	
  -3.7552164e-02	
  -8.7233071e-02	
  -1.1311408e-01	
  -1.1638731e-01	
  -1.0776940e-01	
  -1.0235768e-01	
  -9.1715652e-02	
  -6.8819546e-02	
  -3.8212894e-02	
  -1.5563254e-03	
   3.9807251e-02	
   8.3536056e-02	
   1.2474801e-01	
   1.4953860e-01	
   1.5608129e-01	
   1.4287544e-01	
   1.1249875e-01	
   7.4188499e-02	
   3.1646819e-02	
  -8.9329910e-03	
  -3.9090956e-02	
  -5.4531223e-02	
  -5.2394279e-02	
  -4.2832252e-02	
  -3.8340454e-02	
  -4.4685159e-02	
  -5.8101568e-02	
  -7.3055677e-02	
  -8.4397836e-02	
  -8.2317533e-02	
  -6.8209410e-02	
  -4.8940613e-02	
  -3.0440084e-02	
  -1.6962443e-02	
  -2.6159316e-03	
   1.6535931e-02	
   3.8076557e-02	
   6.1496006e-02	
   8.5030974e-02	
   1.0443920e-01	
   1.1748171e-01	
   1.1394475e-01	
   8.8024732e-02	
   4.2608184e-02	
  -1.4611331e-02	
  -7.2429535e-02	
  -1.2229702e-01	
  -1.5505288e-01	
  -1.6534516e-01	
  -1.5301397e-01	
  -1.2114173e-01	
  -7.3796193e-02	
  -1.7376363e-02	
   3.5545791e-02	
   7.2794493e-02	
   8.4978557e-02	
   6.8593713e-02	
   3.6695027e-02	
   2.4461196e-03	
  -2.8148830e-02	
  -5.1287787e-02	
  -6.5985053e-02	
  -7.0615398e-02	
  -6.4990985e-02	
  -5.2279338e-02	
  -3.5062102e-02	
  -1.4906552e-02	
   6.8691286e-03	
   2.7586415e-02	
   4.0635789e-02	
   3.7650887e-02	
   1.7541256e-02	
  -1.1271722e-02	
  -4.0577632e-02	
  -6.5814234e-02	
  -8.4427781e-02	
  -9.6047395e-02	
  -9.6306512e-02	
  -8.8350894e-02	
  -7.1846376e-02	
  -4.8188766e-02	
  -2.3248874e-02	
  -7.2993190e-04	
   1.6146296e-02	
   1.9483139e-02	
   6.5960779e-03	
  -2.1974526e-02	
  -5.7552382e-02	
  -9.0868659e-02	
  -1.1803042e-01	
  -1.3168444e-01	
  -1.1856301e-01	
  -8.4215251e-02	
  -3.8302067e-02	
   1.2517031e-02	
   5.7763163e-02	
   9.6240156e-02	
   1.2377381e-01	
   1.3900501e-01	
   1.4779214e-01	
   1.5704854e-01	
   1.6255921e-01	
   1.6565733e-01	
   1.6104029e-01	
   1.4768996e-01	
   1.2994763e-01	
   1.0687084e-01	
   7.9139176e-02	
   4.8755675e-02	
   1.8036123e-02	
  -8.3563510e-03	
  -2.8204045e-02	
  -3.8942858e-02	
  -4.1419760e-02	
  -3.7129198e-02	
  -2.7353512e-02	
  -1.6506686e-02	
  -1.0260540e-02	
  -1.1305780e-02	
  -1.8320319e-02	
  -3.0094958e-02	
  -4.2975861e-02	
  -5.5070445e-02	
  -6.7862207e-02	
  -8.3038121e-02	
  -1.0082105e-01	
  -1.1958883e-01	
  -1.3832523e-01	
  -1.5325756e-01	
  -1.5916690e-01	
  -1.5215855e-01	
  -1.3383947e-01	
  -1.1213311e-01	
  -8.9976298e-02	
  -6.7113900e-02	
  -4.4353898e-02	
  -2.2101906e-02	
  -3.0006581e-04	
   2.0917224e-02	
   4.4202604e-02	
   7.0094885e-02	
   1.0029084e-01	
   1.3509154e-01	
   1.6764944e-01	
   1.9275835e-01	
   2.0910551e-01	
   2.1287052e-01	
   2.0489482e-01	
   1.8707898e-01	
   1.6399594e-01	
   1.3827196e-01	
   1.1666206e-01	
   1.0107116e-01	
   8.8357360e-02	
   7.1407854e-02	
   4.9320406e-02	
   2.6419090e-02	
   8.6438283e-03	
  -3.6193414e-03	
  -5.2177514e-03	
   2.0538968e-03	
   1.0644695e-02	
   1.4988209e-02	
   1.0374427e-02	
  -6.4135247e-03	
  -3.1062394e-02	
  -5.6241215e-02	
  -7.0311443e-02	
  -7.1618423e-02	
  -7.0605487e-02	
  -7.0082271e-02	
  -7.6773309e-02	
  -9.6148095e-02	
  -1.2756989e-01	
  -1.6482873e-01	
  -1.9931334e-01	
  -2.2663256e-01	
  -2.4045718e-01	
  -2.3772965e-01	
  -2.2239690e-01	
  -2.0159923e-01	
  -1.7113122e-01	
  -1.3292267e-01	
  -9.5612530e-02	
  -6.3129519e-02	
  -3.6023559e-02	
  -1.6727828e-02	
  -4.7264207e-03	
  -9.0948106e-04	
  -9.8754635e-04	
   1.0581885e-03	
   8.7565169e-03	
   2.4023236e-02	
   4.3940790e-02	
   6.8215081e-02	
   9.2674846e-02	
   1.1202589e-01	
   1.2251226e-01	
   1.2025117e-01	
   1.0147216e-01	
   6.8973087e-02	
   3.0009035e-02	
  -1.1650195e-02	
  -4.9877648e-02	
  -7.4165762e-02	
  -7.9827063e-02	
  -6.6154017e-02	
  -3.9076492e-02	
  -4.7991500e-03	
   3.1434629e-02	
   6.3494848e-02	
   9.3699707e-02	
   1.2116038e-01	
   1.3841215e-01	
   1.4424411e-01	
   1.4142562e-01	
   1.2906491e-01	
   1.0845024e-01	
   8.3767242e-02	
   5.8743557e-02	
   3.6044107e-02	
   1.5957251e-02	
  -1.2419787e-04	
  -1.1993624e-02	
  -2.3178866e-02	
  -3.4829120e-02	
  -4.8814314e-02	
  -6.4650513e-02	
  -7.4980637e-02	
  -7.0627694e-02	
  -4.7980185e-02	
  -1.3670094e-02	
   2.4482014e-02	
   6.0583346e-02	
   9.5577285e-02	
   1.2667827e-01	
   1.5187855e-01	
   1.6868072e-01	
   1.7827101e-01	
   1.8434502e-01	
   1.8594016e-01	
   1.8019205e-01	
   1.6772634e-01	
   1.5138448e-01	
   1.2515637e-01	
   8.3749010e-02	
   3.6750030e-02	
  -1.5851198e-02	
  -6.3665985e-02	
  -1.0254037e-01	
  -1.3449799e-01	
  -1.5328803e-01	
  -1.5749878e-01	
  -1.4822796e-01	
  -1.3522441e-01	
  -1.1922249e-01	
  -1.0489050e-01	
  -9.0635618e-02	
  -7.8394738e-02	
  -6.4121679e-02	
  -4.5706755e-02	
  -2.3881948e-02	
  -2.0738905e-03	
   1.8065416e-02	
   3.4000480e-02	
   4.2655720e-02	
   4.4405324e-02	
   3.9528794e-02	
   2.7832107e-02	
   1.0274776e-02	
  -1.0209867e-02	
  -2.9440837e-02	
  -4.5764679e-02	
  -5.7519840e-02	
  -6.5420020e-02	
  -7.1852948e-02	
  -7.4674138e-02	
  -7.0292628e-02	
  -6.0482540e-02	
  -4.9287350e-02	
  -3.3844067e-02	
  -1.4998989e-02	
   3.9020296e-03	
   2.1995472e-02	
   3.3956077e-02	
   4.1924855e-02	
   4.3405071e-02	
   4.3844753e-02	
   4.4943401e-02	
   4.3770617e-02	
   3.7581012e-02	
   2.5625574e-02	
   7.1997161e-03	
  -1.4465990e-02	
  -3.2373529e-02	
  -4.1125382e-02	
  -3.8347609e-02	
  -3.0609339e-02	
  -2.0691449e-02	
  -6.8025235e-03	
   9.3081409e-03	
   2.4846988e-02	
   3.7421736e-02	
   4.2988888e-02	
   4.3156972e-02	
   4.2656451e-02	
   4.2826645e-02	
   4.3331189e-02	
   4.4792303e-02	
   4.8483361e-02	
   5.4461952e-02	
   5.9238312e-02	
   5.9667294e-02	
   5.5345144e-02	
   4.5727504e-02	
   3.2328876e-02	
   1.9857605e-02	
   1.1376211e-02	
   7.1945645e-03	
   5.2940121e-03	
   7.6369502e-03	
   1.5967644e-02	
   2.7170047e-02	
   3.7113006e-02	
   4.4931736e-02	
   5.1363408e-02	
   5.5274442e-02	
   5.3138966e-02	
   4.3797801e-02	
   3.0676278e-02	
   1.6192274e-02	
   1.9457291e-03	
  -9.5338255e-03	
  -2.0146561e-02	
  -3.0190220e-02	
  -3.6882446e-02	
  -3.6595652e-02	
  -3.0690869e-02	
  -2.2002865e-02	
  -1.1721814e-02	
  -1.0079037e-03	
   8.1466512e-03	
   1.3083606e-02	
   1.0399050e-02	
   1.1917930e-03	
  -1.4280251e-02	
  -3.3786286e-02	
  -5.0922601e-02	
  -6.5078276e-02	
  -7.4008087e-02	
  -7.5016306e-02	
  -6.9704063e-02	
  -6.1060240e-02	
  -5.4656515e-02	
  -5.3775337e-02	
  -5.7442460e-02	
  -6.0759995e-02	
  -6.0751144e-02	
  -5.6956556e-02	
  -5.2120836e-02	
  -4.5553712e-02	
  -3.4942783e-02	
  -2.2146977e-02	
  -7.5662482e-03	
   6.6649885e-03	
   1.6227423e-02	
   2.1255777e-02	
   1.9224669e-02	
   9.8054770e-03	
  -2.7629918e-03	
  -1.8425492e-02	
  -3.5417271e-02	
  -5.0119249e-02	
  -5.8909977e-02	
  -5.9973899e-02	
  -5.3513623e-02	
  -4.2185488e-02	
  -2.6963082e-02	
  -1.1009992e-02	
   1.4487815e-03	
   9.5342866e-03	
   1.4589003e-02	
   2.0668908e-02	
   2.4803820e-02	
   2.3641837e-02	
   2.0152921e-02	
   1.5310815e-02	
   8.8529292e-03	
   1.8528175e-03	
   2.7577776e-04	
   8.7254006e-03	
   2.5934681e-02	
   4.5417449e-02	
   6.3680295e-02	
   7.8982296e-02	
   8.8829802e-02	
   9.1009162e-02	
   8.0975838e-02	
   6.1058809e-02	
   3.3546424e-02	
   1.8267600e-03	
  -3.0592013e-02	
  -6.0873627e-02	
  -8.6567868e-02	
  -1.0270674e-01	
  -1.0563843e-01	
  -9.7503517e-02	
  -7.9891352e-02	
  -5.7620275e-02	
  -3.4891792e-02	
  -1.4108854e-02	
   2.3521294e-03	
   1.3919803e-02	
   2.0501979e-02	
   2.5519500e-02	
   3.2631252e-02	
   4.1061342e-02	
   4.9534637e-02	
   5.8250392e-02	
   6.4187876e-02	
   6.4526281e-02	
   5.6047712e-02	
   4.2643307e-02	
   2.8807790e-02	
   1.7893955e-02	
   1.2401295e-02	
   1.2824065e-02	
   1.7884818e-02	
   2.6414834e-02	
   3.5790672e-02	
   4.3711755e-02	
   5.1710452e-02	
   6.0993725e-02	
   7.3814531e-02	
   8.6981215e-02	
   9.4599382e-02	
   9.3574786e-02	
   8.2150159e-02	
   5.9036912e-02	
   2.7647630e-02	
  -3.5645277e-03	
  -2.8706326e-02	
  -4.7974376e-02	
  -6.3017053e-02	
  -7.3152879e-02	
  -7.4645889e-02	
  -6.5624812e-02	
  -5.1852142e-02	
  -3.6781200e-02	
  -1.7922496e-02	
  -1.2163277e-03	
   9.5604262e-03	
   1.5712846e-02	
   1.6066038e-02	
   1.0961116e-02	
   8.3245722e-04	
  -1.1074451e-02	
  -1.9751976e-02	
  -2.4930129e-02	
  -2.6243671e-02	
  -2.1595619e-02	
  -1.3414994e-02	
  -6.9894598e-03	
  -4.3308807e-03	
  -2.8099079e-03	
   1.9364785e-03	
   6.7655719e-03	
   6.9467842e-03	
   2.9410543e-03	
  -1.9875239e-03	
  -7.3668198e-03	
  -1.3100847e-02	
  -1.5614107e-02	
  -1.4406216e-02	
  -8.6338749e-03	
  -7.7238225e-04	
   1.0605252e-02	
   2.5708466e-02	
   4.1286730e-02	
   5.4694039e-02	
   6.3558130e-02	
   6.7333903e-02	
   6.3045037e-02	
   4.7755099e-02	
   2.3329694e-02	
  -2.0119913e-03	
  -2.2543100e-02	
  -3.8064441e-02	
  -4.7396750e-02	
  -4.9765940e-02	
  -4.7957077e-02	
  -4.7436235e-02	
  -4.8779811e-02	
  -5.0151006e-02	
  -5.1873093e-02	
  -5.4829454e-02	
  -5.8633423e-02	
  -6.0381045e-02	
  -6.0314742e-02	
  -6.4293823e-02	
  -7.2543273e-02	
  -8.2790399e-02	
  -9.4011612e-02	
  -1.0235196e-01	
  -1.0555708e-01	
  -1.0154238e-01	
  -8.9685169e-02	
  -7.3236301e-02	
  -5.8170998e-02	
  -4.6790244e-02	
  -3.9944245e-02	
  -3.8797124e-02	
  -3.9833835e-02	
  -4.0107358e-02	
  -3.8931404e-02	
  -3.4489549e-02	
  -2.4986283e-02	
  -1.1917077e-02	
   1.2351306e-03	
   1.3566776e-02	
   2.6292420e-02	
   4.1740998e-02	
   6.2213414e-02	
   8.7068135e-02	
   1.1380717e-01	
   1.3774249e-01	
   1.5406952e-01	
   1.6114851e-01	
   1.5582032e-01	
   1.4166969e-01	
   1.2399758e-01	
   1.0334746e-01	
   8.3638399e-02	
   7.1569186e-02	
   6.6983944e-02	
   6.6845985e-02	
   6.9519040e-02	
   6.9294055e-02	
   6.2387572e-02	
   4.8412384e-02	
   3.0298574e-02	
   1.1436351e-02	
  -4.5539307e-03	
  -1.5030752e-02	
  -2.2526161e-02	
  -3.1543544e-02	
  -4.2387211e-02	
  -5.1706122e-02	
  -5.8735289e-02	
  -6.3156549e-02	
  -6.3428492e-02	
  -5.9987308e-02	
  -5.3753872e-02	
  -4.6952748e-02	
  -4.1707184e-02	
  -3.8689772e-02	
  -3.7331954e-02	
  -3.4599635e-02	
  -2.9600770e-02	
  -2.5619262e-02	
  -2.3480140e-02	
  -1.8950987e-02	
  -1.0208807e-02	
  -1.3465673e-03	
   7.3138092e-03	
   1.7126976e-02	
   2.6006496e-02	
   3.4139070e-02	
   4.1004547e-02	
   4.3380134e-02	
   4.3477861e-02	
   4.3752624e-02	
   4.2890573e-02	
   3.9485276e-02	
   3.3854174e-02	
   2.9731966e-02	
   2.9512456e-02	
   3.0940525e-02	
   3.1584269e-02	
   2.9855250e-02	
   2.3886591e-02	
   1.3787303e-02	
   4.4261291e-03	
  -2.4012519e-03	
  -6.6997300e-03	
  -6.4319846e-03	
  -1.7849504e-03	
   1.1087181e-03	
  -1.7966422e-03	
  -7.3033205e-03	
  -1.0147984e-02	
  -8.5218806e-03	
  -2.0054469e-03	
   5.5915318e-03	
   1.4534927e-02	
   2.4468054e-02	
   3.4045647e-02	
   4.1655302e-02	
   4.4056849e-02	
   3.9164058e-02	
   2.7526917e-02	
   1.2083131e-02	
  -4.2951714e-03	
  -1.7207574e-02	
  -2.7431623e-02	
  -3.4783757e-02	
  -3.7319913e-02	
  -3.4644356e-02	
  -2.7875043e-02	
  -1.9140081e-02	
  -7.5704935e-03	
   5.1226684e-03	
   1.4891659e-02	
   1.9637544e-02	
   1.6654317e-02	
   7.0682920e-03	
  -3.1591503e-03	
  -1.2641629e-02	
  -2.1440848e-02	
  -2.9278445e-02	
  -3.4567851e-02	
  -3.7767281e-02	
  -3.8672065e-02	
  -3.5964782e-02	
  -3.0271745e-02	
  -2.5175472e-02	
  -2.0259706e-02	
  -1.6492434e-02	
  -1.4608750e-02	
  -1.1022468e-02	
  -8.4101672e-03	
  -9.7044166e-03	
  -1.4751914e-02	
  -2.3106034e-02	
  -2.9995700e-02	
  -3.1135338e-02	
  -2.8978089e-02	
  -2.4810190e-02	
  -1.8475487e-02	
  -1.2938381e-02	
  -9.1944665e-03	
  -4.5896187e-03	
   4.0282878e-05	
   5.8866464e-03	
   1.2289894e-02	
   1.8529102e-02	
   2.6795645e-02	
   3.3638671e-02	
   3.4988607e-02	
   2.7885288e-02	
   1.4382170e-02	
   1.4077606e-03	
  -6.9877214e-03	
  -1.0696677e-02	
  -1.3718838e-02	
  -1.9009303e-02	
  -2.5754359e-02	
  -3.6021026e-02	
  -4.8933792e-02	
  -6.0179857e-02	
  -7.0559377e-02	
  -7.9081035e-02	
  -8.1603093e-02	
  -7.5762016e-02	
  -6.0983496e-02	
  -3.9454944e-02	
  -1.2755319e-02	
   1.6412075e-02	
   4.3969542e-02	
   6.4892087e-02	
   7.6371781e-02	
   8.0530426e-02	
   7.8271884e-02	
   7.1702004e-02	
   6.4673621e-02	
   5.7552753e-02	
   4.5993002e-02	
   2.9707300e-02	
   1.1628285e-02	
  -3.9387485e-03	
  -1.1460413e-02	
  -1.0515158e-02	
  -2.2432589e-03	
   9.1400991e-03	
   1.7991571e-02	
   2.3162998e-02	
   2.3559332e-02	
   2.2076710e-02	
   2.2342325e-02	
   2.5244149e-02	
   3.1032730e-02	
   3.7647808e-02	
   3.9262230e-02	
   3.5819880e-02	
   3.0234984e-02	
   2.4401062e-02	
   1.9208944e-02	
   1.8272890e-02	
   2.1131869e-02	
   2.4753152e-02	
   2.7940731e-02	
   3.2222929e-02	
   3.6985239e-02	
   4.0912391e-02	
   4.5577536e-02	
   4.9428266e-02	
   5.1038979e-02	
   5.3439953e-02	
   5.8421158e-02	
   6.3393353e-02	
   6.6539327e-02	
   6.8822461e-02	
   6.7642628e-02	
   5.6598329e-02	
   3.6782170e-02	
   1.5305960e-02	
  -4.0364371e-03	
  -2.0258720e-02	
  -3.2085431e-02	
  -3.9813584e-02	
  -4.4024593e-02	
  -4.2547584e-02	
  -3.4573575e-02	
  -2.2686894e-02	
  -1.0089954e-02	
   2.3091909e-03	
   1.3979057e-02	
   1.8973613e-02	
   1.5935245e-02	
   9.1904385e-03	
   2.4527255e-03	
  -3.1023455e-03	
  -7.8119191e-03	
  -1.2012556e-02	
  -1.6998748e-02	
  -2.5340636e-02	
  -3.5552543e-02	
  -4.3586543e-02	
  -5.0322811e-02	
  -5.7878173e-02	
  -6.5894211e-02	
  -7.2760467e-02	
  -7.5475339e-02	
  -7.2100405e-02	
  -6.6509488e-02	
  -6.3624698e-02	
  -6.3371411e-02	
  -6.1995955e-02	
  -5.8608937e-02	
  -5.4792089e-02	
  -4.7874306e-02	
  -3.8138731e-02	
  -2.6147460e-02	
  -1.3651427e-02	
  -8.5667822e-04	
   7.5564697e-03	
   1.3243296e-02	
   1.5775095e-02	
   1.2575273e-02	
   5.7484648e-03	
  -1.2146248e-03	
  -6.6780636e-03	
  -9.5370426e-03	
  -8.7509095e-03	
  -5.2693655e-03	
   1.1664415e-03	
   8.9869397e-03	
   1.7921711e-02	
   2.6824413e-02	
   3.2245836e-02	
   3.5430606e-02	
   3.6913737e-02	
   3.1751325e-02	
   2.1078598e-02	
   1.1199048e-02	
   6.6150148e-03	
   5.4771525e-03	
   6.6268497e-03	
   6.0365622e-03	
   1.8895830e-03	
  -6.0404047e-03	
  -1.5963192e-02	
  -2.8820356e-02	
  -4.3060830e-02	
  -5.2384691e-02	
  -6.0260258e-02	
  -6.3264987e-02	
  -6.3167997e-02	
  -6.2923932e-02	
  -6.0698833e-02	
  -5.5671147e-02	
  -5.0511523e-02	
  -5.1175226e-02	
  -5.0019720e-02	
  -4.4207406e-02	
  -3.5710642e-02	
  -2.9081688e-02	
  -1.8865043e-02	
  -8.1239725e-03	
  -1.0728700e-03	
   2.6034989e-03	
   2.7215044e-03	
   5.3881337e-03	
   1.0595691e-02	
   1.4266969e-02	
   1.1683119e-02	
   5.4270463e-03	
   2.8327451e-03	
   3.8282313e-03	
   4.9356319e-03	
   5.1014869e-03	
   3.5933110e-03	
  -2.8926642e-05	
  -4.4231113e-03	
  -7.8453727e-03	
  -1.1486192e-02	
  -1.3589454e-02	
  -1.4792167e-02	
  -1.4571205e-02	
  -1.6815760e-02	
  -2.3260327e-02	
  -3.1570181e-02	
  -3.6341162e-02	
  -3.4110487e-02	
  -2.5355894e-02	
  -1.5128002e-02	
  -9.4742482e-03	
  -9.8427996e-03	
  -1.1902327e-02	
  -1.1784036e-02	
  -8.3654988e-03	
  -8.9496966e-04	
   8.7024251e-03	
   1.6935000e-02	
   2.4149100e-02	
   3.0030208e-02	
   3.0896000e-02	
   2.9646000e-02	
   2.9117188e-02	
   3.0001657e-02	
   3.3413866e-02	
   4.0387028e-02	
   4.9110478e-02	
   5.5896980e-02	
   6.1120395e-02	
   6.5124174e-02	
   6.2155432e-02	
   5.0149745e-02	
   3.3193296e-02	
   1.6231579e-02	
   2.5340063e-03	
  -5.2108174e-03	
  -7.2712502e-03	
  -6.4489976e-03	
  -6.5812644e-03	
  -7.4512806e-03	
  -8.4767776e-03	
  -1.0076127e-02	
  -1.2567715e-02	
  -1.5300983e-02	
  -1.5929717e-02	
  -1.3768133e-02	
  -1.2137530e-02	
  -1.3760931e-02	
  -1.7981019e-02	
  -2.2495590e-02	
  -2.7956832e-02	
  -3.3430974e-02	
  -3.6455663e-02	
  -3.5719239e-02	
  -3.5265898e-02	
  -3.5755326e-02	
  -3.6592440e-02	
  -3.7377381e-02	
  -3.7082362e-02	
  -3.4510849e-02	
  -2.9006471e-02	
  -2.2324331e-02	
  -1.6676625e-02	
  -1.1794625e-02	
  -6.2003534e-03	
   2.3147861e-03	
   1.2461355e-02	
   2.0739085e-02	
   2.7251195e-02	
   3.0025740e-02	
   3.0778102e-02	
   3.4917963e-02	
   4.1367910e-02	
   4.4138882e-02	
   4.0780198e-02	
   3.5133456e-02	
   2.5605238e-02	
   9.6029799e-03	
  -1.2121413e-02	
  -4.0205837e-02	
  -7.1323955e-02	
  -9.9841400e-02	
  -1.2250680e-01	
  -1.3826205e-01	
  -1.4629479e-01	
  -1.4715106e-01	
  -1.4241805e-01	
  -1.3639031e-01	
  -1.3037920e-01	
  -1.2315165e-01	
  -1.1447041e-01	
  -1.0555554e-01	
  -9.6208515e-02	
  -8.4432816e-02	
  -7.2617791e-02	
  -6.4099631e-02	
  -5.8120330e-02	
  -5.2953037e-02	
  -4.8918428e-02	
  -4.5662362e-02	
  -4.4038495e-02	
  -4.5665865e-02	
  -4.8998081e-02	
  -5.2706295e-02	
  -5.7011888e-02	
  -6.2655063e-02	
  -6.8342652e-02	
  -7.4663803e-02	
  -7.9701029e-02	
  -8.1082209e-02	
  -8.0851818e-02	
  -7.9777455e-02	
  -7.8436290e-02	
  -7.6704833e-02	
  -7.7736425e-02	
  -8.0927608e-02	
  -8.5789934e-02	
  -9.0135510e-02	
  -9.1567941e-02	
  -9.2554907e-02	
  -9.5969962e-02	
  -1.0072904e-01	
  -1.0579993e-01	
  -1.1050627e-01	
  -1.1167853e-01	
  -1.0965483e-01	
  -1.0640889e-01	
  -1.0262697e-01	
  -9.7568601e-02	
  -9.0291277e-02	
  -8.3302485e-02	
  -7.8744114e-02	
  -7.8574196e-02	
  -8.2498899e-02	
  -8.7724222e-02	
  -9.0379469e-02	
  -8.6772395e-02	
  -7.9538690e-02	
  -7.5985994e-02	
  -7.7628835e-02	
  -7.9181841e-02	
  -7.9088773e-02	
  -7.6763239e-02	
  -7.1348918e-02	
  -6.3686178e-02	
  -5.4619945e-02	
  -4.3205611e-02	
  -3.0066338e-02	
  -1.6422034e-02	
  -1.2657492e-03	
   1.5742760e-02	
   3.3219886e-02	
   5.0053677e-02	
   6.5672194e-02	
   7.8651258e-02	
   8.9496966e-02	
   9.7223412e-02	
   1.0260763e-01	
   1.0802460e-01	
   1.1147357e-01	
   1.1240606e-01	
   1.1642616e-01	
   1.2402784e-01	
   1.3120680e-01	
   1.3627498e-01	
   1.4021309e-01	
   1.4392145e-01	
   1.5163708e-01	
   1.6051161e-01	
   1.6752823e-01	
   1.7570671e-01	
   1.8610945e-01	
   1.9699003e-01	
   2.0700337e-01	
   2.1611614e-01	
   2.2368194e-01	
   2.3130530e-01	
   2.4176236e-01	
   2.5601507e-01	
   2.6902927e-01	
   2.7915731e-01	
   2.8583282e-01	
   2.8641248e-01	
   2.8062588e-01	
   2.7362845e-01	
   2.6755433e-01	
   2.6156894e-01	
   2.5527699e-01	
   2.4866233e-01	
   2.4200362e-01	
   2.3529604e-01	
   2.2807273e-01	
   2.1899245e-01	
   2.0683637e-01	
   1.9281962e-01	
   1.7920344e-01	
   1.6586111e-01	
   1.5245842e-01	
   1.3909188e-01	
   1.2656988e-01	
   1.1602930e-01	
   1.0778838e-01	
   1.0305394e-01	
   1.0221214e-01	
   1.0314007e-01	
   1.0477008e-01	
   1.0484227e-01	
   1.0428185e-01	
   1.0169815e-01	
   9.4673794e-02	
   8.2613697e-02	
   6.6066408e-02	
   4.8502664e-02	
   3.0646047e-02	
   1.3107891e-02	
  -3.1271341e-03	
  -2.0065726e-02	
  -3.7686312e-02	
  -5.5696375e-02	
  -7.2390527e-02	
  -8.6378499e-02	
  -9.6330839e-02	
  -1.0452501e-01	
  -1.1224207e-01	
  -1.1660572e-01	
  -1.1919196e-01	
  -1.2126273e-01	
  -1.2458524e-01	
  -1.3098171e-01	
  -1.3822252e-01	
  -1.4492458e-01	
  -1.5174260e-01	
  -1.5919833e-01	
  -1.6697062e-01	
  -1.7324661e-01	
  -1.7583773e-01	
  -1.7550685e-01	
  -1.7621784e-01	
  -1.8033573e-01	
  -1.8795014e-01	
  -1.9667987e-01	
  -2.0531135e-01	
  -2.1222758e-01	
  -2.1482776e-01	
  -2.1686466e-01	
  -2.1790855e-01	
  -2.1897989e-01	
  -2.2005918e-01	
  -2.1925639e-01	
  -2.1378679e-01	
  -2.0284266e-01	
  -1.8993181e-01	
  -1.7375721e-01	
  -1.5663440e-01	
  -1.3872146e-01	
  -1.1472984e-01	
  -8.7187544e-02	
  -6.0177207e-02	
  -3.3750188e-02	
  -6.9365287e-03	
   2.0605250e-02	
   4.8438990e-02	
   7.5559874e-02	
   9.9608995e-02	
   1.1891186e-01	
   1.3440312e-01	
   1.4457902e-01	
   1.5203485e-01	
   1.5891891e-01	
   1.6469077e-01	
   1.7657782e-01	
   1.9181066e-01	
   2.0518664e-01	
   2.1580990e-01	
   2.2352241e-01	
   2.2881738e-01	
   2.2867597e-01	
   2.2891617e-01	
   2.2973401e-01	
   2.2895592e-01	
   2.2525620e-01	
   2.1850570e-01	
   2.1007727e-01	
   1.9833676e-01	
   1.8293215e-01	
   1.6646007e-01	
   1.5100113e-01	
   1.3785544e-01	
   1.2363432e-01	
   1.0711629e-01	
   8.9002953e-02	
   6.9870377e-02	
   4.8424754e-02	
   2.6846424e-02	
   6.6386740e-03	
  -8.3776941e-03	
  -1.9487771e-02	
  -2.7994764e-02	
  -3.3917779e-02	
  -3.8490725e-02	
  -4.2371073e-02	
  -4.8639536e-02	
  -5.9084983e-02	
  -7.1862806e-02	
  -8.3828192e-02	
  -9.1578435e-02	
  -9.5203317e-02	
  -9.6321299e-02	
  -9.6117620e-02	
  -9.6365501e-02	
  -9.6890519e-02	
  -9.7314731e-02	
  -9.7794381e-02	
  -9.8337525e-02	
  -9.8031238e-02	
  -9.5448760e-02	
  -8.9452181e-02	
  -8.1249583e-02	
  -7.2035056e-02	
  -6.3044189e-02	
  -5.7244134e-02	
  -5.4246613e-02	
  -5.1536866e-02	
  -5.1077891e-02	
  -5.3573672e-02	
  -5.7396350e-02	
  -6.0404524e-02	
  -6.3982024e-02	
  -6.7079397e-02	
  -7.0250758e-02	
  -7.1094253e-02	
  -6.9367513e-02	
  -6.4332195e-02	
  -5.6307942e-02	
  -4.9936642e-02	
  -4.4019420e-02	
  -4.3730841e-02	
  -5.2917431e-02	
  -6.8009494e-02	
  -8.2018772e-02	
  -9.3832631e-02	
  -1.0240883e-01	
  -1.0726824e-01	
  -1.1017121e-01	
  -1.1051687e-01	
  -1.0998820e-01	
  -1.0701272e-01	
  -1.0055059e-01	
  -9.2284872e-02	
  -7.9466027e-02	
  -6.0653518e-02	
  -3.8967513e-02	
  -1.7328806e-02	
   2.9035229e-03	
   1.8963448e-02	
   2.9296783e-02	
   3.7697347e-02	
   4.0930660e-02	
   4.3447603e-02	
   4.3605077e-02	
   4.2299539e-02	
   4.0349414e-02	
   3.8695931e-02	
   3.6939797e-02	
   3.1812052e-02	
   2.4418091e-02	
   1.7064511e-02	
   1.0301568e-02	
   5.1289637e-03	
   3.0860140e-03	
   4.0505663e-03	
   6.9163145e-03	
   6.4305430e-03	
  -1.9230546e-04	
  -6.6820015e-03	
  -1.1932457e-02	
  -1.5982166e-02	
  -1.6568155e-02	
  -1.4569583e-02	
  -1.0285180e-02	
  -3.9665152e-03	
   1.2937660e-03	
   7.5801766e-03	
   1.6415340e-02	
   2.6918647e-02	
   3.7750930e-02	
   5.1112214e-02	
   6.5050080e-02	
   7.7456479e-02	
   8.7424666e-02	
   9.4007372e-02	
   9.8958367e-02	
   1.0105150e-01	
   9.3631549e-02	
   8.1872916e-02	
   6.9258015e-02	
   5.8880721e-02	
   5.1626531e-02	
   4.5874155e-02	
   4.4402038e-02	
   4.1890347e-02	
   4.0614679e-02	
   4.5706267e-02	
   5.2061820e-02	
   5.3945414e-02	
   5.8846907e-02	
   6.5732084e-02	
   7.0665854e-02	
   7.6566132e-02	
   7.9299395e-02	
   7.6782213e-02	
   6.9740209e-02	
   5.8217214e-02	
   4.5968766e-02	
   3.5590459e-02	
   2.5763443e-02	
   1.5571426e-02	
   8.6314369e-03	
   5.2316952e-03	
   5.8821414e-03	
   8.5071360e-03	
   7.5375116e-03	
   1.2163415e-03	
  -6.8446214e-03	
  -1.4635457e-02	
  -2.2880317e-02	
  -3.1013618e-02	
  -3.6773647e-02	
  -4.1546615e-02	
  -4.5442772e-02	
  -4.6296078e-02	
  -4.6175826e-02	
  -4.7819653e-02	
  -5.2120714e-02	
  -5.8204494e-02	
  -6.1696346e-02	
  -5.9034580e-02	
  -5.1335699e-02	
  -4.1740362e-02	
  -3.1362830e-02	
  -2.1088732e-02	
  -8.9319787e-03	
   2.5909728e-03	
   1.0754299e-02	
   1.4567018e-02	
   1.1248333e-02	
   5.4771737e-03	
  -3.5607006e-03	
  -1.3612928e-02	
  -2.0305535e-02	
  -2.7030276e-02	
  -3.3020436e-02	
  -3.6028064e-02	
  -3.4846779e-02	
  -3.1208345e-02	
  -2.5110149e-02	
  -1.8448372e-02	
  -1.0302479e-02	
   1.5716466e-03	
   1.6011024e-02	
   3.0726867e-02	
   4.4332194e-02	
   5.4126409e-02	
   5.6473832e-02	
   5.1588721e-02	
   4.4754949e-02	
   3.7917191e-02	
   2.9959644e-02	
   2.1051367e-02	
   1.4002632e-02	
   1.1896507e-02	
   1.1277870e-02	
   9.5440174e-03	
   7.6759423e-03	
   3.9771995e-03	
  -2.4330927e-03	
  -7.3752945e-03	
  -1.1196727e-02	
  -1.6706750e-02	
  -2.4332984e-02	
  -3.0983413e-02	
  -3.5648224e-02	
  -3.9271198e-02	
  -4.3739390e-02	
  -4.8191305e-02	
  -5.2091606e-02	
  -5.8755323e-02	
  -6.8347740e-02	
  -7.8133766e-02	
  -8.4690820e-02	
  -8.8177425e-02	
  -9.0044774e-02	
  -8.7154737e-02	
  -7.9927286e-02	
  -7.1042048e-02	
  -6.0942315e-02	
  -5.0543768e-02	
  -3.7480068e-02	
  -2.3533240e-02	
  -1.0640561e-02	
  -1.5789590e-04	
   7.8907884e-03	
   1.5613111e-02	
   2.3848866e-02	
   3.0587005e-02	
   3.3818420e-02	
   3.9717585e-02	
   4.5893214e-02	
   4.4283148e-02	
   4.0299610e-02	
   3.7272690e-02	
   3.8229478e-02	
   3.9658427e-02	
   3.9882034e-02	
   3.8218666e-02	
   3.3629698e-02	
   2.7451620e-02	
   2.1764927e-02	
   1.4881843e-02	
   6.9120480e-03	
   3.0277421e-03	
   4.7967199e-04	
  -1.8976009e-03	
  -1.1958258e-03	
   9.5350869e-04	
   3.7002968e-03	
   5.0571625e-03	
   4.1806294e-03	
   3.4582436e-03	
   3.6059541e-03	
   5.0861577e-03	
   8.0136053e-03	
   1.0899461e-02	
   9.9465736e-03	
   3.5912217e-03	
  -4.0434029e-03	
  -9.1580396e-03	
  -1.0449316e-02	
  -8.0097151e-03	
  -2.1862898e-03	
   7.0168714e-03	
   1.4763367e-02	
   1.8492145e-02	
   1.8327819e-02	
   1.4415772e-02	
   6.4714325e-03	
  -4.1278986e-03	
  -1.4758958e-02	
  -2.5906962e-02	
  -3.6068355e-02	
  -4.2888480e-02	
  -4.7940843e-02	
  -5.2966716e-02	
  -5.8307685e-02	
  -5.9847441e-02	
  -5.4044312e-02	
  -4.5444908e-02	
  -3.5412888e-02	
  -2.4400368e-02	
  -1.6126909e-02	
  -1.2078499e-02	
  -1.4593306e-02	
  -1.7763586e-02	
  -1.6184960e-02	
  -1.2232941e-02	
  -8.4408330e-03	
  -8.0892204e-03	
  -9.0834527e-03	
  -9.6567325e-03	
  -9.5189696e-03	
  -8.7896896e-03	
  -7.9850542e-03	
  -7.8652742e-03	
  -9.1028242e-03	
  -1.2384759e-02	
  -1.6954138e-02	
  -1.9867585e-02	
  -2.2766383e-02	
  -2.2933243e-02	
  -2.2522573e-02	
  -2.2118034e-02	
  -2.0933251e-02	
  -1.9411600e-02	
  -1.9341343e-02	
  -2.2853430e-02	
  -2.3170333e-02	
  -2.2368851e-02	
  -2.1220103e-02	
  -1.9143627e-02	
  -1.7267024e-02	
  -1.6338405e-02	
  -1.2852214e-02	
  -9.4921145e-03	
  -1.4854861e-02	
  -2.3529064e-02	
  -3.0808354e-02	
  -3.5361881e-02	
  -3.5295345e-02	
  -3.0237094e-02	
  -2.2774524e-02	
  -1.5285682e-02	
  -7.3425935e-03	
   2.1177104e-04	
   4.3002631e-03	
   3.7825459e-03	
   2.7037340e-03	
   6.1719613e-04	
  -3.4752731e-03	
  -7.4495369e-03	
  -9.3537580e-03	
  -1.1611166e-02	
  -1.6656999e-02	
  -2.1668705e-02	
  -2.3302600e-02	
  -2.2824196e-02	
  -2.2678149e-02	
  -2.2902402e-02	
  -2.3192524e-02	
  -2.3375417e-02	
  -2.3396410e-02	
  -2.3303104e-02	
  -2.3246388e-02	
  -2.3372375e-02	
  -2.3717166e-02	
  -2.3956578e-02	
  -2.3318664e-02	
  -2.0768638e-02	
  -1.6110373e-02	
  -1.1299833e-02	
  -6.9755261e-03	
  -1.4482738e-03	
   2.9259986e-03	
   2.7974455e-03	
  -1.1567494e-03	
  -7.0620327e-03	
  -1.1424267e-02	
  -1.1490633e-02	
  -8.0968259e-03	
  -2.3263449e-03	
   4.4307507e-03	
   1.0424856e-02	
   1.5729780e-02	
   2.0836733e-02	
   2.6211887e-02	
   2.9583694e-02	
   2.9401575e-02	
   2.9475001e-02	
   3.0116190e-02	
   3.0418221e-02	
   2.9721653e-02	
   2.7615051e-02	
   2.5037947e-02	
   2.4665755e-02	
   2.7009081e-02	
   2.8502393e-02	
   2.9346217e-02	
   2.9435119e-02	
   2.5767964e-02	
   2.1263600e-02	
   1.6834411e-02	
   1.2132601e-02	
   9.5869421e-03	
   1.1581931e-02	
   1.6540791e-02	
   1.7813756e-02	
   1.7453223e-02	
   1.9623133e-02	
   2.4501985e-02	
   2.9288998e-02	
   3.0850887e-02	
   3.0689608e-02	
   3.1339451e-02	
   3.2163331e-02	
   3.1520022e-02	
   2.7338794e-02	
   1.8881499e-02	
   9.5975951e-03	
   2.6871880e-03	
  -3.0780556e-03	
  -7.3018259e-03	
  -9.0429236e-03	
  -9.1204679e-03	
  -8.2253350e-03	
  -5.0724371e-03	
   4.4714923e-04	
   5.0964858e-03	
   8.5486403e-03	
   1.4216248e-02	
   1.8105023e-02	
   1.7521911e-02	
   1.5459082e-02	
   1.1985436e-02	
   8.3548723e-03	
   5.5029635e-03	
   3.6352000e-03	
   4.0793676e-03	
   6.4650672e-03	
   1.1676684e-02	
   1.8600058e-02	
   2.4578496e-02	
   2.9235924e-02	
   3.2638905e-02	
   3.5603635e-02	
   3.7615584e-02	
   3.7198686e-02	
   3.5475009e-02	
   3.2565378e-02	
   2.8911145e-02	
   2.4232644e-02	
   1.7378499e-02	
   9.9196655e-03	
   2.5975867e-03	
  -3.2371679e-03	
  -7.3117634e-03	
  -1.0054805e-02	
  -1.3894008e-02	
  -2.0174657e-02	
  -2.4536636e-02	
  -2.5010377e-02	
  -2.4928529e-02	
  -2.2901666e-02	
  -1.6528993e-02	
  -6.3327421e-03	
   3.1128803e-03	
   9.0609701e-03	
   1.3018395e-02	
   1.4566387e-02	
   1.4446263e-02	
   1.5267567e-02	
   1.6696357e-02	
   1.7299094e-02	
   1.5033074e-02	
   8.0619678e-03	
  -2.2758491e-03	
  -9.5969750e-03	
  -1.6125594e-02	
  -2.1853363e-02	
  -2.4575750e-02	
  -2.3365050e-02	
  -1.9918873e-02	
  -1.4080929e-02	
  -7.2546877e-03	
   2.3607393e-03	
   1.5678020e-02	
   2.8610396e-02	
   3.8871557e-02	
   4.6227395e-02	
   5.2448413e-02	
   5.5903128e-02	
   5.4270940e-02	
   4.8579111e-02	
   4.0718284e-02	
   3.5255950e-02	
   2.8977167e-02	
   1.8169349e-02	
   2.3137950e-03	
  -1.4837249e-02	
  -2.6937891e-02	
  -3.3129399e-02	
  -3.5924137e-02	
  -3.6887470e-02	
  -3.8664481e-02	
  -4.3219952e-02	
  -4.9309896e-02	
  -5.3137588e-02	
  -5.5777836e-02	
  -6.1000085e-02	
  -6.5937883e-02	
  -6.6227104e-02	
  -6.1804201e-02	
  -5.4782602e-02	
  -4.4974501e-02	
  -3.3968585e-02	
  -2.6532372e-02	
  -2.1473130e-02	
  -1.5523371e-02	
  -8.2263738e-03	
  -4.2819882e-04	
   6.6009486e-03	
   1.1531629e-02	
   1.3366637e-02	
   1.3059142e-02	
   1.3097636e-02	
   1.3449868e-02	
   1.3582029e-02	
   1.3464862e-02	
   1.3347149e-02	
   1.3758493e-02	
   1.4380543e-02	
   1.4504431e-02	
   1.2853136e-02	
   8.3185991e-03	
   1.9883676e-03	
  -1.3256159e-03	
  -9.6237983e-04	
   8.6363712e-04	
   4.7184670e-03	
   1.0247428e-02	
   1.3562594e-02	
   1.3120717e-02	
   1.1959047e-02	
   1.1465644e-02	
   1.1664993e-02	
   1.3227454e-02	
   1.7004064e-02	
   2.2405050e-02	
   2.5897750e-02	
   2.6067006e-02	
   2.5506950e-02	
   2.6561051e-02	
   2.9393127e-02	
   3.2096742e-02	
   3.1308838e-02	
   2.7515496e-02	
   2.3572010e-02	
   1.8707050e-02	
   1.3280205e-02	
   8.0868566e-03	
   2.5021814e-03	
  -1.0300471e-03	
  -4.6379940e-04	
   1.2906798e-03	
   4.2164267e-03	
   7.8104457e-03	
   1.2409123e-02	
   1.9084102e-02	
   2.6010174e-02	
   3.2581315e-02	
   3.7191812e-02	
   3.6662861e-02	
   3.0806637e-02	
   2.4079400e-02	
   1.8662307e-02	
   1.0097714e-02	
   2.3899407e-03	
   7.5152675e-04	
   6.7801416e-03	
   1.2859390e-02	
   1.3171311e-02	
   7.3845748e-03	
  -1.1601679e-03	
  -8.1368992e-03	
  -1.2773578e-02	
  -1.4601664e-02	
  -1.3870031e-02	
  -1.3976487e-02	
  -1.5021578e-02	
  -1.5788170e-02	
  -1.5100516e-02	
  -1.2162716e-02	
  -7.3320306e-03	
  -1.7407140e-03	
   7.3206144e-03	
   1.5966727e-02	
   2.4976690e-02	
   3.4751135e-02	
   4.1959570e-02	
   4.7941722e-02	
   5.2198211e-02	
   5.3664938e-02	
   5.3492317e-02	
   5.0086977e-02	
   4.1019027e-02	
   2.8021540e-02	
   1.5307979e-02	
   5.1904887e-03	
  -2.9553950e-03	
  -1.1738599e-02	
  -2.1458322e-02	
  -2.7917612e-02	
  -3.0366663e-02	
  -3.0848729e-02	
  -2.8871527e-02	
  -2.6937223e-02	
  -2.6179355e-02	
  -2.6001986e-02	
  -2.8144585e-02	
  -3.0759546e-02	
  -3.0170891e-02	
  -2.7003935e-02	
  -2.0883039e-02	
  -1.2941296e-02	
  -6.4587867e-03	
  -3.2403331e-03	
  -4.6931166e-03	
  -9.4527991e-03	
  -1.3814455e-02	
  -1.5720457e-02	
  -1.7173351e-02	
  -2.1588490e-02	
  -2.7033673e-02	
  -2.8827988e-02	
  -2.7784047e-02	
  -2.7913319e-02	
  -3.1148545e-02	
  -3.7923487e-02	
  -4.5867716e-02	
  -5.1276636e-02	
  -5.6202949e-02	
  -5.5585128e-02	
  -5.5010714e-02	
  -5.5804601e-02	
  -5.6580945e-02	
  -5.6376577e-02	
  -5.3560740e-02	
  -4.7868832e-02	
  -4.0684756e-02	
  -3.0326531e-02	
  -2.2638182e-02	
  -1.5748325e-02	
  -4.8255721e-03	
   4.6512938e-03	
   9.8830584e-03	
   8.0306448e-03	
   3.8578244e-03	
   1.2700242e-03	
  -2.2599497e-03	
  -6.3388265e-03	
  -1.1642208e-02	
  -1.4388239e-02	
  -1.2093222e-02	
  -6.5726042e-03	
  -1.3898773e-03	
   2.4785906e-03	
   6.9678729e-03	
   1.0268411e-02	
   1.0384454e-02	
   1.0060534e-02	
   1.2301072e-02	
   1.7622564e-02	
   2.4167565e-02	
   2.6785304e-02	
   2.6244953e-02	
   2.5102480e-02	
   2.2315586e-02	
   1.7329898e-02	
   1.2275611e-02	
   8.1586716e-03	
   3.3873985e-03	
  -3.3231334e-04	
  -1.0503948e-03	
  -6.7708030e-04	
  -8.2182065e-04	
  -1.4672631e-03	
  -2.3747275e-03	
  -2.9546625e-03	
  -2.3700386e-03	
   4.3580718e-04	
   5.6796867e-03	
   1.0526865e-02	
   1.1919875e-02	
   1.1268553e-02	
   1.0892321e-02	
   1.0970311e-02	
   1.1363529e-02	
   1.1762110e-02	
   1.1934344e-02	
   1.1786188e-02	
   1.1252048e-02	
   1.0682828e-02	
   1.0976915e-02	
   1.3585432e-02	
   1.9306374e-02	
   2.6504134e-02	
   3.2504423e-02	
   3.6891911e-02	
   4.0287282e-02	
   4.4626615e-02	
   4.9792360e-02	
   5.2391173e-02	
   5.2168011e-02	
   5.2066633e-02	
   5.2515479e-02	
   5.2880750e-02	
   5.3089570e-02	
   5.3039803e-02	
   5.2612273e-02	
   5.2085050e-02	
   5.1959144e-02	
   5.2774024e-02	
   5.5213651e-02	
   5.9501669e-02	
   6.2996118e-02	
   6.1679439e-02	
   5.7304130e-02	
   5.4865017e-02	
   5.2822429e-02	
   5.1097189e-02	
   4.6912309e-02	
   4.1365626e-02	
   3.8705714e-02	
   3.9050018e-02	
   4.0117619e-02	
   4.2266355e-02	
   4.5414799e-02	
   4.6249925e-02	
   4.0643649e-02	
   3.9107741e-02	
   3.3506770e-02	
   1.9050410e-02	
   1.7538903e-03	
  -1.1916377e-02	
  -2.3692839e-02	
  -3.3345443e-02	
  -3.8867047e-02	
  -4.1657878e-02	
  -4.0651737e-02	
  -3.7808377e-02	
  -3.3791645e-02	
  -3.1124653e-02	
  -2.7931705e-02	
  -2.7710960e-02	
  -3.0596847e-02	
  -3.8650186e-02	
  -5.1633278e-02	
  -6.1980426e-02	
  -6.8968052e-02	
  -7.5402093e-02	
  -7.9382817e-02	
  -7.6965116e-02	
  -6.8113851e-02	
  -6.0934259e-02	
  -5.7616512e-02	
  -5.1332694e-02	
  -4.5634908e-02	
  -4.3213714e-02	
  -4.3719658e-02	
  -4.3780443e-02	
  -4.2722643e-02	
  -4.1240386e-02	
  -4.0411392e-02	
  -4.2649625e-02	
  -5.0303879e-02	
  -6.2818886e-02	
  -7.3252307e-02	
  -7.9656244e-02	
  -8.4935680e-02	
  -9.0211883e-02	
  -9.6196802e-02	
  -1.0405357e-01	
  -1.1409352e-01	
  -1.1909826e-01	
  -1.1696278e-01	
  -1.0882092e-01	
  -9.4860195e-02	
  -8.0083424e-02	
  -6.6882714e-02	
  -5.6493071e-02	
  -4.4558398e-02	
  -3.3522611e-02	
  -2.6349597e-02	
  -2.2216270e-02	
  -2.2478026e-02	
  -2.6126445e-02	
  -2.7368273e-02	
  -3.2227403e-02	
  -3.9095985e-02	
  -4.5817938e-02	
  -5.3529523e-02	
  -6.1959067e-02	
  -6.9693251e-02	
  -7.4366208e-02	
  -7.9667586e-02	
  -8.3715143e-02	
  -8.4752777e-02	
  -8.4533463e-02	
  -8.2212540e-02	
  -7.6193065e-02	
  -6.7807246e-02	
  -5.7333015e-02	
  -4.5951376e-02	
  -3.8746466e-02	
  -3.6711309e-02	
  -3.4698061e-02	
  -3.3002104e-02	
  -2.9493567e-02	
  -2.3861236e-02	
  -1.9317398e-02	
  -1.4974302e-02	
  -7.4542009e-03	
   9.5424327e-04	
   7.5812101e-03	
   1.6279549e-02	
   2.3851124e-02	
   3.0563372e-02	
   3.7281944e-02	
   4.3062839e-02	
   4.6210546e-02	
   4.6359137e-02	
   4.6617014e-02	
   4.7486044e-02	
   4.7816478e-02	
   4.6125858e-02	
   4.1289332e-02	
   3.4679453e-02	
   3.0942656e-02	
   2.6023747e-02	
   2.0049508e-02	
   1.9868523e-02	
   2.2768466e-02	
   2.6304133e-02	
   2.9021703e-02	
   3.1716880e-02	
   3.4973953e-02	
   3.9591774e-02	
   4.5125027e-02	
   5.1351223e-02	
   6.0433621e-02	
   6.9828772e-02	
   7.8045468e-02	
   8.5632153e-02	
   9.5445262e-02	
   1.0541944e-01	
   1.1307386e-01	
   1.2178176e-01	
   1.2933537e-01	
   1.3320941e-01	
   1.3397902e-01	
   1.3320426e-01	
   1.3183565e-01	
   1.2986447e-01	
   1.2835641e-01	
   1.2550267e-01	
   1.2001405e-01	
   1.1528242e-01	
   1.1402971e-01	
   1.1545923e-01	
   1.1912100e-01	
   1.2460533e-01	
   1.2886473e-01	
   1.2934724e-01	
   1.2700787e-01	
   1.2245788e-01	
   1.1665300e-01	
   1.1369194e-01	
   1.1235814e-01	
   1.1076470e-01	
   1.1194310e-01	
   1.1491147e-01	
   1.1572799e-01	
   1.1509342e-01	
   1.1509284e-01	
   1.1568124e-01	
   1.1603497e-01	
   1.1458351e-01	
   1.0972426e-01	
   1.0184109e-01	
   9.4596255e-02	
   8.4566694e-02	
   7.4700214e-02	
   6.6275758e-02	
   6.1416559e-02	
   5.7960429e-02	
   5.2788371e-02	
   4.9076288e-02	
   4.7741462e-02	
   4.4681502e-02	
   3.8873104e-02	
   3.3173559e-02	
   2.7043859e-02	
   1.8303423e-02	
   1.0886592e-02	
   3.2686372e-03	
  -6.0926521e-03	
  -1.5494492e-02	
  -2.1740250e-02	
  -2.6716579e-02	
  -3.2022971e-02	
  -3.2834703e-02	
  -3.3430079e-02	
  -3.6587501e-02	
  -4.1273676e-02	
  -4.4753730e-02	
  -4.7584052e-02	
  -4.8120083e-02	
  -4.7860601e-02	
  -4.8112303e-02	
  -4.8265865e-02	
  -4.7196728e-02	
  -4.3987223e-02	
  -3.9913346e-02	
  -3.8444212e-02	
  -3.9475418e-02	
  -4.2994257e-02	
  -4.2918525e-02	
  -3.8715164e-02	
  -3.7284657e-02	
  -3.2911129e-02	
  -2.6957782e-02	
  -2.1106959e-02	
  -1.9931546e-02	
  -2.0489297e-02	
  -2.1381689e-02	
  -2.4491390e-02	
  -3.0054355e-02	
  -3.5615486e-02	
  -4.1205889e-02	
  -4.7399898e-02	
  -4.8470853e-02	
  -4.6570496e-02	
  -4.2696434e-02	
  -3.7015359e-02	
  -3.3464878e-02	
  -3.3494574e-02	
  -3.5286059e-02	
  -3.9202324e-02	
  -4.5990665e-02	
  -5.2725121e-02	
  -5.7649319e-02	
  -6.0136662e-02	
  -6.1100891e-02	
  -6.3838235e-02	
  -6.8494179e-02	
  -7.2004952e-02	
  -7.4857465e-02	
  -7.5334677e-02	
  -7.5601850e-02	
  -7.6342525e-02	
  -7.5976984e-02	
  -7.2910722e-02	
  -6.7065193e-02	
  -6.1456309e-02	
  -6.2438452e-02	
  -6.3485043e-02	
  -6.3091783e-02	
  -6.2753219e-02	
  -6.2800389e-02	
  -6.3108213e-02	
  -6.3379414e-02	
  -6.3017053e-02	
  -6.0887195e-02	
  -5.6377213e-02	
  -5.2126682e-02	
  -5.4088779e-02	
  -6.0923500e-02	
  -6.3840143e-02	
  -6.2333353e-02	
  -6.1393398e-02	
  -6.2602010e-02	
  -6.6796430e-02	
  -7.3135283e-02	
  -7.7868236e-02	
  -8.1685614e-02	
  -8.7222895e-02	
  -8.9963101e-02	
  -8.9355085e-02	
  -8.9169797e-02	
  -8.9737639e-02	
  -9.0497394e-02	
  -9.0827849e-02	
  -8.9631798e-02	
  -8.5415595e-02	
  -7.9213058e-02	
  -7.5103279e-02	
  -7.1849450e-02	
  -6.6752599e-02	
  -6.3458119e-02	
  -6.1304676e-02	
  -5.5881345e-02	
  -4.9425362e-02	
  -4.7858958e-02	
  -4.4370874e-02	
  -3.8752418e-02	
  -3.6194490e-02	
  -3.5565798e-02	
  -3.1745468e-02	
  -2.4175902e-02	
  -1.6718696e-02	
  -1.0348838e-02	
  -5.3177974e-03	
  -1.4262464e-03	
   2.9037205e-03	
   1.0439675e-02	
   1.6680547e-02	
   1.9320424e-02	
   1.8784562e-02	
   1.8512365e-02	
   1.8908884e-02	
   1.9409612e-02	
   1.9799305e-02	
   1.9770532e-02	
   1.9260423e-02	
   1.8479457e-02	
   1.8307318e-02	
   2.0099847e-02	
   2.4445588e-02	
   3.0004037e-02	
   3.2507916e-02	
   3.3302741e-02	
   3.6779684e-02	
   4.1569861e-02	
   4.2967630e-02	
   4.1245644e-02	
   3.4980265e-02	
   3.1578577e-02	
   3.2183105e-02	
   3.2812401e-02	
   3.4138938e-02	
   3.7178408e-02	
   4.1430323e-02	
   4.3901856e-02	
   4.6336130e-02	
   4.6186060e-02	
   4.6224485e-02	
   4.6905276e-02	
   4.7051063e-02	
   4.5613093e-02	
   4.1700787e-02	
   3.6455006e-02	
   3.3750517e-02	
   3.2086126e-02	
   2.6215713e-02	
   1.8367134e-02	
   1.5340511e-02	
   1.2759686e-02	
   1.2970218e-02	
   1.4449968e-02	
   1.6975974e-02	
   2.0237197e-02	
   2.1233146e-02	
   2.2877784e-02	
   2.3365379e-02	
   1.9181776e-02	
   1.4802518e-02	
   7.6598462e-03	
   1.5439642e-04	
  -5.7856072e-03	
  -8.7348611e-03	
  -7.0872130e-03	
  -2.5008151e-03	
   5.1524167e-03	
   1.2464657e-02	
   1.7762558e-02	
   1.8943997e-02	
   1.4232530e-02	
   7.3490436e-03	
   2.1551194e-03	
  -2.1665133e-03	
  -6.5410109e-03	
  -5.5191550e-03	
  -5.5469111e-03	
  -9.2693025e-03	
  -1.5910425e-02	
  -2.2114653e-02	
  -2.1313383e-02	
  -2.0301952e-02	
  -2.0315716e-02	
  -2.0628215e-02	
  -2.1106111e-02	
  -2.1407315e-02	
  -2.1382055e-02	
  -2.0933929e-02	
  -2.0300850e-02	
  -2.0226761e-02	
  -2.1926985e-02	
  -2.6371560e-02	
  -3.2360978e-02	
  -3.5234331e-02	
  -3.4904247e-02	
  -3.5011583e-02	
  -3.4925951e-02	
  -3.2270062e-02	
  -2.6437052e-02	
  -2.0464832e-02	
  -2.0890756e-02	
  -2.1667280e-02	
  -2.1538315e-02	
  -2.1860698e-02	
  -2.2853213e-02	
  -2.4435639e-02	
  -2.4463872e-02	
  -2.1033829e-02	
  -2.0228139e-02	
  -2.0757031e-02	
  -2.2529738e-02	
  -2.7058053e-02	
  -3.2877872e-02	
  -3.5717394e-02	
  -3.5315962e-02	
  -3.5028182e-02	
  -3.4584530e-02	
  -3.3054515e-02	
  -3.0310896e-02	
  -2.7975472e-02	
  -2.2613923e-02	
  -2.2780296e-02	
  -2.2376022e-02	
  -1.8492437e-02	
  -1.2624828e-02	
  -8.5746633e-03	
  -5.3490250e-03	
   1.2423507e-03	
   7.9083208e-03	
   1.4115914e-02	
   1.9736283e-02	
   2.5003995e-02	
   2.9802075e-02	
   2.6917402e-02	
   2.2773570e-02	
   2.1297547e-02	
   1.8338159e-02	
   1.5012822e-02	
   1.5921226e-02	
   1.9168415e-02	
   2.4436026e-02	
   2.9497378e-02	
   2.8684082e-02	
   2.9317008e-02	
   3.3650384e-02	
   3.9624242e-02	
   4.2537853e-02	
   4.2354664e-02	
   4.2631260e-02	
   4.2283564e-02	
   3.9468565e-02	
   3.3434610e-02	
   2.7262326e-02	
   2.7691069e-02	
   2.8876986e-02	
   2.9449556e-02	
   2.9515446e-02	
   2.7866759e-02	
   2.3943110e-02	
   1.8188535e-02	
   1.5302086e-02	
   2.1708249e-02	
   2.8129957e-02	
   2.6986492e-02	
   2.6974276e-02	
   3.1203337e-02	
   3.8895290e-02	
   4.5407904e-02	
   4.8111762e-02	
   4.6502285e-02	
   4.3103617e-02	
   3.8530984e-02	
   3.4612482e-02	
   2.9383884e-02	
   2.6878224e-02	
   2.7720351e-02	
   2.7986364e-02	
   2.7345769e-02	
   2.6262608e-02	
   2.5512181e-02	
   2.6549772e-02	
   3.0999737e-02	
   3.8834531e-02	
   4.6250026e-02	
   5.1355214e-02	
   5.3097520e-02	
   5.3041393e-02	
   5.4002654e-02	
   5.4759441e-02	
   5.2496034e-02	
   4.4840025e-02	
   3.3176436e-02	
   2.4854891e-02	
   1.7683074e-02	
   1.3586523e-02	
   1.4336145e-02	
   1.4547880e-02	
   1.3934728e-02	
   1.3374794e-02	
   1.3093422e-02	
   1.3114887e-02	
   1.3101923e-02	
   1.2790108e-02	
   1.2151962e-02	
   1.1873738e-02	
   1.3178095e-02	
   1.7222318e-02	
   2.3179243e-02	
   2.6226075e-02	
   2.1398103e-02	
   1.4751236e-02	
   9.2652480e-03	
   2.4496960e-03	
  -6.4721427e-03	
  -1.3154457e-02	
  -1.9338094e-02	
  -2.4793008e-02	
  -2.8632338e-02	
  -3.2257761e-02	
  -3.6648795e-02	
  -3.8972591e-02	
  -3.8093808e-02	
  -3.2398354e-02	
  -2.7135438e-02	
  -2.5809410e-02	
  -2.2156751e-02	
  -1.7043745e-02	
  -1.4780645e-02	
  -1.5117471e-02	
  -1.5089943e-02	
  -1.4540736e-02	
  -1.4060131e-02	
  -1.4008520e-02	
  -1.4300195e-02	
  -1.4676813e-02	
  -1.4791733e-02	
  -1.4257896e-02	
  -1.2369543e-02	
  -9.7708521e-03	
  -8.9197357e-03	
  -1.1729849e-02	
  -1.4228301e-02	
  -1.4931462e-02	
  -1.7999950e-02	
  -2.3691758e-02	
  -2.8071609e-02	
  -2.7405017e-02	
  -2.7597487e-02	
  -3.0226621e-02	
  -3.3977733e-02	
  -3.5801087e-02	
  -3.2115975e-02	
  -2.7337564e-02	
  -2.8256166e-02	
  -2.8767950e-02	
  -2.5782762e-02	
  -1.9338370e-02	
  -1.2393446e-02	
  -8.6901450e-03	
  -4.1149650e-03	
  -1.5095333e-04	
   4.5403934e-03	
   1.2152227e-02	
   1.9287654e-02	
   2.4336778e-02	
   2.6558014e-02	
   2.6697695e-02	
   2.6991151e-02	
   2.6317606e-02	
   2.2958121e-02	
   1.7042691e-02	
   1.2461773e-02	
   1.3312683e-02	
   1.3963921e-02	
   1.3563802e-02	
   1.3028640e-02	
   1.2597040e-02	
   1.2390525e-02	
   1.2418573e-02	
   1.2831825e-02	
   1.3356694e-02	
   1.3319886e-02	
   1.1449781e-02	
   6.8318325e-03	
   5.3993538e-04	
  -4.3309618e-03	
  -8.1709888e-03	
  -1.1339753e-02	
  -9.3614112e-03	
  -3.2234361e-03	
   1.1403300e-03	
   4.7484846e-03	
   9.2461786e-03	
   1.1121329e-02	
   1.0412216e-02	
   1.0166826e-02	
   1.0557160e-02	
   1.0919320e-02	
   1.0988622e-02	
   1.0741621e-02	
   1.0264976e-02	
   9.6255897e-03	
   9.5939911e-03	
   1.1511377e-02	
   1.6116669e-02	
   2.1482628e-02	
   2.3838478e-02	
   2.3408791e-02	
   2.2625642e-02	
   2.0588073e-02	
   1.5957929e-02	
   1.0335122e-02	
   7.6117805e-03	
   7.7094436e-03	
   8.3138291e-03	
   1.0567050e-02	
   1.5067768e-02	
   1.9804165e-02	
   2.1032541e-02	
   1.9931954e-02	
   2.0760275e-02	
   2.4582921e-02	
   2.9966391e-02	
   3.2662368e-02	
   2.9461831e-02	
   2.8109133e-02	
   3.1684550e-02	
   3.4906166e-02	
   3.4596211e-02	
   3.2231738e-02	
   2.7794981e-02	
   2.2394572e-02	
   1.8742989e-02	
   1.4987202e-02	
   8.8435429e-03	
   2.8536196e-03	
  -2.7634847e-03	
  -7.1781133e-03	
  -6.7482091e-03	
  -6.2814911e-03	
  -6.6603192e-03	
  -7.1816431e-03	
  -7.6614733e-03	
  -7.6822599e-03	
  -7.0474259e-03	
  -5.7442248e-03	
  -4.5480837e-03	
  -5.1612317e-03	
  -7.7588820e-03	
  -8.2982842e-03	
  -8.1917595e-03	
  -7.2412363e-03	
  -4.0634755e-03	
   1.3311740e-03	
   6.1640007e-03	
   7.7233190e-03	
   1.1985325e-02	
   1.7610660e-02	
   1.9873288e-02	
   1.9625206e-02	
   1.9881731e-02	
   2.0538788e-02	
   2.0374366e-02	
   1.8222698e-02	
   1.3642836e-02	
   8.7383909e-03	
   7.0919141e-03	
   7.2339117e-03	
   4.8769360e-03	
  -3.1664818e-04	
  -5.4151796e-03	
  -6.5027555e-03	
  -5.7630451e-03	
  -6.5049338e-03	
  -9.5103942e-03	
  -1.4441313e-02	
  -1.8862541e-02	
  -2.0605971e-02	
  -2.2028708e-02	
  -2.5608492e-02	
  -2.9601767e-02	
  -3.2467583e-02	
  -3.3988184e-02	
  -3.3775252e-02	
  -3.3669421e-02	
  -3.3832465e-02	
  -3.4230447e-02	
  -3.4876592e-02	
  -3.5278358e-02	
  -3.4582304e-02	
  -3.1695828e-02	
  -2.6658655e-02	
  -2.2136378e-02	
  -2.0972036e-02	
  -2.1638898e-02	
  -2.1858127e-02	
  -2.1601650e-02	
  -2.1213955e-02	
  -2.0857805e-02	
  -2.0709496e-02	
  -2.0651169e-02	
  -2.0649855e-02	
  -2.1085605e-02	
  -2.1842047e-02	
  -2.2126000e-02	
  -2.1053688e-02	
  -1.7630588e-02	
  -1.2397516e-02	
  -9.1020663e-03	
  -1.1685753e-02	
  -1.7963947e-02	
  -2.1808398e-02	
  -2.3109139e-02	
  -2.7578937e-02	
  -3.4706186e-02	
  -4.1975894e-02	
  -4.9025901e-02	
  -5.5335604e-02	
  -5.9675880e-02	
  -6.1054357e-02	
  -6.0840078e-02	
  -6.1154103e-02	
  -6.1818882e-02	
  -6.2253959e-02	
  -6.2268163e-02	
  -6.2075190e-02	
  -6.1919688e-02	
  -6.1868543e-02	
  -6.1759363e-02	
  -6.1642074e-02	
  -6.1696452e-02	
  -6.2122095e-02	
  -6.2858318e-02	
  -6.3286240e-02	
  -6.2355507e-02	
  -5.9169094e-02	
  -5.3894905e-02	
  -4.9328414e-02	
  -4.8207613e-02	
  -4.8840019e-02	
  -4.8390129e-02	
  -4.6567162e-02	
  -4.4114365e-02	
  -4.2753187e-02	
  -4.1728501e-02	
  -3.7559743e-02	
  -3.3790261e-02	
  -3.4440216e-02	
  -3.5434168e-02	
  -3.5504318e-02	
  -3.4084920e-02	
  -3.0242086e-02	
  -2.4597660e-02	
  -2.0524817e-02	
  -1.8353937e-02	
  -1.3900050e-02	
  -9.3569592e-03	
  -7.9821180e-03	
  -7.8173940e-03	
  -5.6057464e-03	
  -7.2453597e-04	
   4.9542730e-03	
   9.3858866e-03	
   1.4014822e-02	
   1.8660240e-02	
   2.0259520e-02	
   1.9746645e-02	
   1.9249754e-02	
   1.8969537e-02	
   1.9519174e-02	
   2.2438976e-02	
   2.8911712e-02	
   3.7546477e-02	
   4.5229246e-02	
   5.3041022e-02	
   6.1711398e-02	
   6.8010713e-02	
   7.2479302e-02	
   7.5099463e-02	
   7.6925154e-02	
   7.9258426e-02	
   8.2853840e-02	
   8.6605180e-02	
   8.4799735e-02	
   7.9209613e-02	
   7.6218611e-02	
   7.8967668e-02	
   8.4104958e-02	
   8.5031027e-02	
   8.0239350e-02	
   7.5519011e-02	
   7.4633540e-02	
   7.5200693e-02	
   7.5034008e-02	
   7.4418943e-02	
   7.4512806e-02	
   7.6797053e-02	
   8.1813715e-02	
   8.7024039e-02	
   8.6084296e-02	
   8.0086657e-02	
   7.4911207e-02	
   7.1550636e-02	
   6.7194884e-02	
   6.2326410e-02	
   5.8118475e-02	
   5.3241468e-02	
   4.9579438e-02	
   4.8950599e-02	
   4.8301195e-02	
   4.5121126e-02	
   3.9629420e-02	
   3.4654421e-02	
   3.1622837e-02	
   2.8570297e-02	
   2.6419000e-02	
   2.9858605e-02	
   3.4414744e-02	
   3.4432542e-02	
   3.1272618e-02	
   2.7112261e-02	
   2.4332782e-02	
   2.3034526e-02	
   2.2689030e-02	
   2.1151478e-02	
   2.0717891e-02	
   2.3221770e-02	
   2.6419281e-02	
   2.7447693e-02	
   2.6403158e-02	
   2.4379889e-02	
   2.1148712e-02	
   1.7067060e-02	
   1.0271421e-02	
   1.2565616e-03	
  -6.9231780e-03	
  -1.1548843e-02	
  -1.6486085e-02	
  -2.0091468e-02	
  -2.0724065e-02	
  -2.0919222e-02	
  -2.1248336e-02	
  -2.1555789e-02	
  -2.1815314e-02	
  -2.2006400e-02	
  -2.2211494e-02	
  -2.2368062e-02	
  -2.2357843e-02	
  -2.2371242e-02	
  -2.2604140e-02	
  -2.2931526e-02	
  -2.3127695e-02	
  -2.3145720e-02	
  -2.2940218e-02	
  -2.2381068e-02	
  -2.1877298e-02	
  -2.2362788e-02	
  -2.5189840e-02	
  -3.0827535e-02	
  -3.7094143e-02	
  -3.8007567e-02	
  -3.7022546e-02	
  -3.6733261e-02	
  -3.7000259e-02	
  -3.7702997e-02	
  -3.8598697e-02	
  -3.9217403e-02	
  -3.9007104e-02	
  -3.6926102e-02	
  -3.2066357e-02	
  -2.5820021e-02	
  -2.2491202e-02	
  -1.7967111e-02	
  -1.1363009e-02	
  -3.3163785e-03	
   5.8346905e-04	
   1.6771235e-03	
   5.1525445e-03	
   1.0917338e-02	
   1.4681843e-02	
   1.4768158e-02	
   1.4186876e-02	
   1.4183881e-02	
   1.4422418e-02	
   1.4589310e-02	
   1.4642745e-02	
   1.4664618e-02	
   1.4790201e-02	
   1.4611798e-02	
   1.4214298e-02	
   1.3886652e-02	
   1.3598517e-02	
   1.3604157e-02	
   1.3931861e-02	
   1.4531927e-02	
   1.5056532e-02	
   1.5051041e-02	
   1.3529326e-02	
   9.5864439e-03	
   4.0848192e-03	
   1.0006055e-03	
   8.6122562e-04	
  -5.9782675e-04	
  -4.9729566e-03	
  -9.8738417e-03	
  -9.7521378e-03	
  -4.9330089e-03	
  -2.2293056e-03	
  -2.3565544e-05	
   9.5870057e-05	
  -3.0319858e-04	
  -2.6765832e-04	
  -4.4057935e-04	
  -9.2660907e-04	
  -1.2814971e-03	
   3.4313186e-06	
   4.6457235e-03	
   1.2590897e-02	
   1.9783299e-02	
   2.4622846e-02	
   2.6282504e-02	
   2.5611529e-02	
   2.7215240e-02	
   3.2132209e-02	
   3.8493476e-02	
   4.1420534e-02	
   4.0917023e-02	
   4.0543882e-02	
   4.0397427e-02	
   4.0432158e-02	
   4.0767240e-02	
   4.0945070e-02	
   4.0916906e-02	
   4.0738121e-02	
   4.0614833e-02	
   4.0712348e-02	
   4.1172154e-02	
   4.1686222e-02	
   4.1486927e-02	
   3.9353767e-02	
   3.4672722e-02	
   2.8581692e-02	
   2.6139150e-02	
   2.7508638e-02	
   2.8383625e-02	
   2.7142201e-02	
   2.2749116e-02	
   1.5112680e-02	
   7.3972842e-03	
  -4.9606717e-04	
  -8.7103009e-03	
  -1.6249609e-02	
  -2.1457167e-02	
  -2.9407326e-02	
  -3.6001888e-02	
  -4.4766975e-02	
  -5.1038788e-02	
  -5.6723515e-02	
  -5.6673589e-02	
  -5.6161556e-02	
  -5.6881402e-02	
  -5.7252084e-02	
  -5.7802277e-02	
  -5.8103264e-02	
  -5.8400329e-02	
  -5.8334556e-02	
  -5.8521169e-02	
  -5.8835406e-02	
  -5.9315056e-02	
  -5.9758825e-02	
  -5.9838007e-02	
  -5.9070196e-02	
  -5.7281605e-02	
  -5.4933069e-02	
  -5.4582156e-02	
  -5.8218009e-02	
  -6.1308492e-02	
  -6.0981800e-02	
  -5.9141269e-02	
  -5.5548611e-02	
  -5.1455029e-02	
  -4.8821697e-02	
  -4.7240819e-02	
  -4.8205461e-02	
  -4.9103732e-02	
  -4.8394957e-02	
  -4.5421662e-02	
  -4.0184012e-02	
  -3.5414944e-02	
  -3.4510160e-02	
  -3.4827599e-02	
  -3.2394671e-02	
  -2.7133149e-02	
  -2.1977038e-02	
  -2.0423948e-02	
  -2.1058967e-02	
  -2.1481695e-02	
  -2.1474614e-02	
  -2.1267999e-02	
  -2.0934539e-02	
  -2.0879064e-02	
  -2.0857514e-02	
  -2.0682799e-02	
  -2.0554985e-02	
  -2.0627462e-02	
  -2.0649961e-02	
  -2.0660889e-02	
  -2.0591666e-02	
  -2.0511588e-02	
  -2.0414508e-02	
  -2.0477446e-02	
  -2.0742732e-02	
  -2.1185091e-02	
  -2.1263234e-02	
  -2.0135511e-02	
  -1.6871617e-02	
  -1.1993683e-02	
  -8.4554027e-03	
  -6.9402016e-03	
  -3.8006210e-03	
   2.1487212e-03	
   6.9596844e-03	
   7.3006652e-03	
   4.3120752e-03	
  -3.7832730e-04	
  -3.9629043e-03	
  -8.9445874e-04	
   6.0559443e-03	
   8.4112643e-03	
   7.1459370e-03	
   6.0195545e-03	
   5.9089594e-03	
   7.3558488e-03	
   1.1279375e-02	
   1.7109063e-02	
   2.1141303e-02	
   2.1068375e-02	
   2.0335867e-02	
   2.0485454e-02	
   2.0898483e-02	
   2.1315768e-02	
   2.1626109e-02	
   2.1599063e-02	
   2.1159969e-02	
   2.0433641e-02	
   2.0169929e-02	
   2.1600182e-02	
   2.5878564e-02	
   3.1637979e-02	
   3.4745639e-02	
   3.4203243e-02	
   3.3068380e-02	
   3.2868862e-02	
   3.4557680e-02	
   3.8971637e-02	
   4.5260129e-02	
   4.9067241e-02	
   4.8793427e-02	
   4.6558444e-02	
   4.2737048e-02	
   3.7955998e-02	
   3.5585975e-02	
   3.3493827e-02	
   2.6189473e-02	
   1.5570303e-02	
   1.0060868e-02	
   8.5954658e-03	
   8.7715106e-03	
   6.0697190e-03	
  -2.8585751e-04	
  -6.5955426e-03	
  -6.4180456e-03	
  -5.5985914e-03	
  -5.7144547e-03	
  -5.8459000e-03	
  -5.9956621e-03	
  -5.9344471e-03	
  -6.4210136e-03	
  -8.6031190e-03	
  -1.3054796e-02	
  -1.7758827e-02	
  -1.9344046e-02	
  -1.8996445e-02	
  -2.1095314e-02	
  -2.6219095e-02	
  -3.1894563e-02	
  -3.3897634e-02	
  -3.3225822e-02	
  -3.3034746e-02	
  -3.3550606e-02	
  -3.4097174e-02	
  -3.3860110e-02	
  -3.1860182e-02	
  -2.8079739e-02	
  -2.4336264e-02	
  -2.1935401e-02	
  -2.0783288e-02	
  -2.1240545e-02	
  -2.1330247e-02	
  -2.0683764e-02	
  -1.9626133e-02	
  -1.8914025e-02	
  -1.9955926e-02	
  -2.3852099e-02	
  -2.9833917e-02	
  -3.3797061e-02	
  -3.2613168e-02	
  -2.7786432e-02	
  -2.2261569e-02	
  -1.9896931e-02	
  -1.7880080e-02	
  -1.2328394e-02	
  -5.3499101e-03	
   9.0242093e-04	
   6.4451286e-03	
   1.2278409e-02	
   1.9565983e-02	
   2.4782699e-02	
   2.9836488e-02	
   3.3143518e-02	
   3.3417767e-02	
   3.3277322e-02	
   3.3446138e-02	
   3.3679878e-02	
   3.3894592e-02	
   3.4202326e-02	
   3.4691049e-02	
   3.5090595e-02	
   3.4574317e-02	
   3.1965657e-02	
   2.6707400e-02	
   2.1143216e-02	
   2.0338411e-02	
   1.6935567e-02	
   9.9543699e-03	
   4.2164161e-03	
  -6.4861824e-04	
  -5.4948068e-03	
  -5.2618930e-03	
  -6.7133086e-03	
  -1.2000970e-02	
  -1.8127934e-02	
  -1.9290118e-02	
  -1.3878177e-02	
  -8.0508113e-03	
  -6.5708181e-03	
  -7.3821103e-03	
  -5.6791090e-03	
  -7.9258267e-04	
   4.9691915e-03	
   7.3563205e-03	
   6.9084228e-03	
   6.6092060e-03	
   6.5876297e-03	
   6.3442802e-03	
   6.0990757e-03	
   6.5781162e-03	
   9.0727732e-03	
   1.4013264e-02	
   1.9349001e-02	
   2.1002888e-02	
   1.9844938e-02	
   1.9713435e-02	
   2.2205118e-02	
   2.8199307e-02	
   3.6145825e-02	
   4.2765652e-02	
   4.6844135e-02	
   4.7887408e-02	
   4.7430278e-02	
   4.7491832e-02	
   4.7895469e-02	
   4.8153383e-02	
   4.8286456e-02	
   4.8456914e-02	
   4.8940248e-02	
   4.9493764e-02	
   4.9200759e-02	
   4.6388022e-02	
   4.0021344e-02	
   3.1653450e-02	
   2.4283084e-02	
   1.9021695e-02	
   1.3880594e-02	
   6.4273577e-03	
  -4.7936979e-04	
  -5.0519966e-03	
  -6.5370094e-03	
  -6.2793287e-03	
  -6.4163231e-03	
  -6.8242058e-03	
  -7.0901916e-03	
  -7.2006383e-03	
  -7.4634441e-03	
  -8.7973481e-03	
  -1.2431526e-02	
  -1.8155484e-02	
  -2.2469763e-02	
  -2.5026844e-02	
  -2.9948901e-02	
  -3.4602539e-02	
  -3.5724989e-02	
  -3.5581566e-02	
  -3.5642913e-02	
  -3.5856472e-02	
  -3.6640357e-02	
  -3.6976754e-02	
  -3.7270681e-02	
  -3.7393837e-02	
  -3.6978773e-02	
  -3.5744705e-02	
  -3.3810248e-02	
  -3.2554312e-02	
  -3.4260854e-02	
  -3.6603565e-02	
  -3.4344541e-02	
  -2.8452244e-02	
  -2.4148454e-02	
  -2.3492674e-02	
  -2.3846051e-02	
  -2.3409464e-02	
  -2.2810405e-02	
  -2.3582573e-02	
  -2.7089620e-02	
  -3.2946607e-02	
  -3.7099067e-02	
  -3.6410889e-02	
  -3.2054283e-02	
  -2.6395155e-02	
  -2.2609535e-02	
  -2.2308659e-02	
  -2.2996605e-02	
  -2.2908715e-02	
  -2.2221442e-02	
  -2.1532342e-02	
  -2.1323156e-02	
  -2.1638888e-02	
  -2.1891973e-02	
  -2.1237217e-02	
  -1.8615725e-02	
  -1.3479458e-02	
  -7.9473394e-03	
  -7.3026845e-03	
  -6.9525294e-03	
  -4.0549055e-03	
   5.0280750e-04	
   3.9507636e-03	
   6.5711308e-03	
   6.7510658e-03	
   6.4398127e-03	
   7.9334269e-03	
   1.1770251e-02	
   1.6993888e-02	
   1.9898500e-02	
   2.0716168e-02	
   2.4003875e-02	
   3.1021483e-02	
   3.8260817e-02	
   4.3851898e-02	
   4.6429712e-02	
   4.6194026e-02	
   4.5775194e-02	
   4.5864292e-02	
   4.6044063e-02	
   4.6117335e-02	
   4.6068633e-02	
   4.6034994e-02	
   4.6068400e-02	
   4.6016609e-02	
   4.5503918e-02	
   4.4560370e-02	
   4.3807760e-02	
   4.4406156e-02	
   4.7351276e-02	
   5.2248937e-02	
   5.5973406e-02	
   5.6557095e-02	
   5.5621910e-02	
   5.3561959e-02	
   4.9361460e-02	
   4.3725249e-02	
   4.0487983e-02	
   3.8035816e-02	
   3.3543769e-02	
   2.9556377e-02	
   2.7362718e-02	
   2.4162514e-02	
   1.8880264e-02	
   1.4893440e-02	
   1.4257763e-02	
   1.4711030e-02	
   1.4004683e-02	
   1.1493951e-02	
   7.4820683e-03	
   3.9205282e-03	
   1.5299282e-03	
   6.5459611e-04	
   9.0969094e-04	
   2.8477536e-04	
  -1.7252634e-03	
  -4.5998780e-03	
  -6.7522954e-03	
  -8.1601556e-03	
  -1.1147728e-02	
  -1.5115600e-02	
  -1.9280510e-02	
  -2.3129677e-02	
  -2.4191129e-02	
  -2.3354052e-02	
  -2.2970476e-02	
  -2.3656873e-02	
  -2.5946351e-02	
  -2.9830652e-02	
  -3.3561577e-02	
  -3.5758210e-02	
  -3.8722531e-02	
  -4.3727761e-02	
  -4.6625075e-02	
  -4.5186623e-02	
  -4.2216228e-02	
  -3.8085413e-02	
  -3.4460139e-02	
  -3.3422849e-02	
  -3.3349736e-02	
  -3.2695202e-02	
  -3.2292503e-02	
  -3.3562960e-02	
  -3.7247849e-02	
  -4.1672994e-02	
  -4.2883583e-02	
  -4.0501566e-02	
  -3.6672693e-02	
  -3.2874554e-02	
  -3.1491280e-02	
  -3.2644862e-02	
  -3.7152179e-02	
  -4.0419321e-02	
  -3.9741398e-02	
  -4.0047526e-02	
  -4.1772549e-02	
  -4.2467273e-02	
  -4.0001570e-02	
  -3.6729090e-02	
  -3.3731972e-02	
  -2.8713794e-02	
  -2.2496645e-02	
  -1.6554258e-02	
  -1.5206458e-02	
  -1.6124847e-02	
  -1.6011989e-02	
  -1.4223430e-02	
  -1.0351594e-02	
  -5.5133992e-03	
  -3.4797622e-03	
  -4.1188780e-03	
  -3.8910019e-03	
  -1.8582203e-03	
   1.5945585e-03	
   4.7973660e-03	
   9.7864076e-03	
   1.4646889e-02	
   1.8914152e-02	
   2.3419799e-02	
   2.7462983e-02	
   3.0547525e-02	
   3.2560746e-02	
   3.3970350e-02	
   3.1474320e-02	
   2.6409842e-02	
   2.1315153e-02	
   2.0273427e-02	
   2.0462192e-02	
   2.2346888e-02	
   2.2347757e-02	
   2.1486666e-02	
   2.1281217e-02	
   2.1321057e-02	
   2.1116642e-02	
   1.9390612e-02	
   1.5467345e-02	
   1.0368046e-02	
   7.8606208e-03	
   6.3072756e-03	
   5.9467007e-03	
   5.7907906e-03	
   5.5604420e-03	
   5.9717803e-03	
   7.4360166e-03	
   9.3109605e-03	
   9.6916118e-03	
   9.3586923e-03	
   8.4443734e-03	
   6.2048213e-03	
   2.7400931e-03	
   4.7582944e-06	
  -4.7292515e-04	
   4.6474640e-04	
   2.4021471e-03	
   5.1763547e-03	
   7.1261150e-03	
   7.1957040e-03	
   6.8109717e-03	
   6.9107919e-03	
   6.9114385e-03	
   5.8048091e-03	
   3.0698125e-03	
  -3.7245856e-04	
  -1.6131101e-03	
  -1.3667031e-03	
  -1.4506768e-03	
  -1.8057603e-03	
  -1.8033303e-03	
  -6.4602495e-04	
   2.1079520e-03	
   5.5308468e-03	
   8.2193460e-03	
   1.0028305e-02	
   1.1629366e-02	
   1.2595927e-02	
   1.1806291e-02	
   1.0853791e-02	
   1.0707574e-02	
   9.3542456e-03	
   6.0120709e-03	
   1.6024720e-03	
  -2.1166000e-03	
  -4.1441405e-03	
  -5.4834860e-03	
  -7.9971170e-03	
  -1.0012574e-02	
  -1.1050267e-02	
  -1.3098542e-02	
  -1.5270784e-02	
  -1.5986215e-02	
  -1.5431029e-02	
  -1.4955148e-02	
  -1.4727730e-02	
  -1.4568508e-02	
  -1.4468343e-02	
  -1.4295356e-02	
  -1.3948577e-02	
  -1.3303943e-02	
  -1.2665792e-02	
  -1.2499297e-02	
  -1.3517560e-02	
  -1.6004336e-02	
  -1.8896943e-02	
  -2.0510920e-02	
  -2.1595173e-02	
  -2.0963445e-02	
  -2.0246291e-02	
  -1.9268616e-02	
  -1.7151765e-02	
  -1.4203491e-02	
  -1.1757228e-02	
  -9.3949125e-03	
  -6.5873912e-03	
  -3.1891356e-03	
  -2.0439969e-03	
  -2.2403747e-03	
  -2.0365870e-03	
  -1.6653755e-03	
  -1.3231450e-03	
  -1.1683304e-03	
  -1.1236763e-03	
  -9.7041198e-04	
  -2.9169854e-04	
   1.1820240e-03	
   3.0858190e-03	
   3.8666611e-03	
   3.6646898e-03	
   3.9086731e-03	
   4.8879329e-03	
   6.1679068e-03	
   6.8901007e-03	
   7.5680025e-03	
   7.4839604e-03	
   7.3138993e-03	
   7.1238148e-03	
   6.3733984e-03	
   4.9881597e-03	
   3.6228505e-03	
   3.6795064e-03	
   3.2289619e-03	
   1.8518338e-03	
   5.1404668e-04	
   7.2104327e-04	
   1.0126259e-03	
   1.0240305e-03	
   1.0403529e-03	
   1.1388719e-03	
   1.6942431e-03	
   2.7649353e-03	
   3.9626287e-03	
   4.3809614e-03	
   5.1222947e-03	
   6.6228217e-03	
   7.9542029e-03	
   8.4002244e-03	
   8.6449360e-03	
   8.5944005e-03	
   8.4503783e-03	
   8.2600447e-03	
   7.8078699e-03	
   7.0622818e-03	
   6.2726507e-03	
   6.2408613e-03	
   6.9616507e-03	
   7.3424080e-03	
   7.0996203e-03	
   6.7675276e-03	
   6.5560788e-03	
   6.4187770e-03	
   6.3004863e-03	
   6.1707370e-03	
   6.0086630e-03	
   5.8553658e-03	
   5.6862852e-03	
   5.5138391e-03	
   5.3118826e-03	
   5.1273032e-03	
   5.0578981e-03	
   5.1849990e-03	
   5.4197482e-03	
   5.5292674e-03	
   5.5340321e-03	
   5.3491310e-03	
   5.1135990e-03	
   4.9248019e-03	
   4.7509921e-03	
   4.5681219e-03	
   4.3570542e-03	
   4.1307013e-03	
   3.9311764e-03	
   3.8340915e-03	
   3.8945343e-03	
   4.0576562e-03	
   4.0941080e-03	
   3.8995529e-03	
   3.6353034e-03	
   3.4166397e-03	
   3.2351232e-03	
   3.0703345e-03	
   2.8931804e-03	
   2.6629537e-03	
   2.3369014e-03	
   1.9267583e-03	
   1.5523303e-03	
   1.2547877e-03	
   9.4839896e-04	
   7.0476644e-04	
   6.0490172e-04	
   5.5829988e-04	
   4.8700730e-04	
   3.7292438e-04	
   2.0164210e-04	
  -4.9995764e-06	
  -1.5514950e-04	
  -2.2625106e-04	
  -3.1854632e-04	
  -4.6121194e-04	
  -5.5573998e-04	
  -5.5689750e-04	
  -5.3568955e-04	
  -5.5072936e-04	
  -6.1484664e-04	
  -7.0722882e-04	
  -7.5770814e-04	
  -7.3741497e-04	
  -6.9946856e-04	
  -6.7591748e-04	
  -6.5600379e-04	
  -6.2060297e-04	
  -5.5563928e-04	
  -4.6953569e-04	
  -4.0765321e-04	
  -3.9151280e-04	
  -3.9376472e-04	
  -4.0263040e-04	
  -4.2817502e-04	
  -4.6650674e-04	
  -4.8702447e-04	
  -4.7650514e-04	
  -4.5800729e-04	
  -4.4555886e-04	
  -4.3687402e-04	
  -4.2921600e-04	
  -4.2136124e-04	
  -4.1286618e-04	
  -4.0360210e-04	
  -3.9410440e-04	
  -3.8774689e-04	
  -3.8881001e-04	
  -3.9853122e-04	
  -4.0983692e-04	
  -4.0708786e-04	
  -3.9750991e-04	
  -3.9175655e-04	
  -3.8639931e-04	
  -3.7640038e-04	
  -3.6875079e-04	
  -3.6529063e-04	
  -3.6239921e-04	
  -3.5983216e-04	
  -3.5777650e-04	
  -3.5640820e-04	
  -3.5584709e-04	
  -3.5634577e-04	
  -3.5774051e-04	
  -3.5979792e-04	
  -3.6224684e-04	
  -3.6497157e-04	
  -3.6775036e-04	
  -3.7039569e-04	
  -3.7322860e-04	
  -3.7720243e-04	
  -3.8211595e-04	
  -3.8795756e-04	
  -3.9427712e-04	
  -4.0055444e-04	
  -4.0675491e-04	
  -4.1290206e-04	
  -4.1897947e-04	
  -4.2508030e-04	
  -4.3147841e-04	
  -4.3813690e-04	
  -4.4474261e-04	
  -4.5117273e-04	
  -4.5745763e-04	
  -4.6361421e-04	
  -4.6964238e-04	
  -4.7553142e-04	
  -4.8127233e-04	
  -4.8685763e-04	
  -4.9228446e-04	
  -4.9755006e-04	
  -5.0265327e-04	
  -5.0759176e-04	
  -5.1236404e-04	
  -5.1696836e-04	
  -5.2140377e-04	
  -5.2566937e-04	
  -5.2976489e-04	
  -5.3369039e-04	
