   4.8609479e-04	
   5.0013963e-04	
   4.8844941e-04	
   4.6599127e-04	
   4.4212768e-04	
   4.3178417e-04	
   5.8411190e-04	
   7.3026425e-04	
   9.7748192e-04	
   5.9694306e-04	
   3.3761734e-04	
   7.4799371e-04	
   1.1907341e-03	
   1.4077894e-03	
   5.0917922e-04	
   1.4312131e-03	
   3.3441645e-03	
   1.6091285e-03	
   2.9765965e-03	
   2.5099750e-04	
  -1.6061254e-03	
   1.3719213e-03	
  -1.5785457e-03	
  -7.0026302e-04	
   4.5213937e-03	
  -1.2899119e-03	
  -5.5852776e-03	
   2.0031512e-03	
   1.2400052e-03	
   4.3543182e-03	
   4.2629421e-03	
  -3.9993518e-03	
  -4.7483674e-03	
  -4.0660847e-03	
  -1.7184503e-03	
  -2.7912854e-03	
   6.4152130e-05	
   5.7665943e-04	
   2.8843910e-03	
   4.7396849e-03	
  -2.5683324e-04	
   6.8609758e-04	
  -8.0952106e-03	
  -1.0055716e-02	
   1.8657413e-03	
   2.9062318e-03	
  -4.4815795e-03	
  -3.9596077e-03	
  -6.0529100e-03	
  -1.1280253e-02	
  -1.2210617e-02	
  -1.5557417e-02	
  -5.8525867e-03	
   1.8112497e-03	
  -2.9958209e-03	
  -1.0568900e-02	
  -2.1682739e-02	
  -1.3299198e-02	
  -8.0067676e-03	
  -1.5310110e-02	
   1.1239743e-02	
   1.1900914e-02	
  -6.9007627e-03	
  -4.1969327e-03	
   3.2687903e-04	
   1.1325078e-02	
   1.1205402e-02	
  -3.9934157e-03	
  -1.5867080e-02	
  -3.1359461e-02	
   3.2810656e-03	
   2.5816996e-02	
  -9.6191609e-03	
  -1.1364246e-02	
  -4.7864622e-03	
   1.9812163e-02	
   4.0648516e-02	
   2.6353925e-02	
   1.9467058e-02	
   1.6656124e-02	
  -6.0037326e-03	
  -2.2973484e-02	
  -1.1922897e-03	
   2.7954773e-02	
   3.1992531e-02	
   3.7187906e-02	
   3.1874041e-02	
   2.3639810e-02	
   2.1365806e-02	
   1.5629604e-02	
  -2.3953033e-03	
  -1.1785747e-02	
  -3.7748004e-02	
  -1.2294893e-02	
   1.1159776e-02	
  -1.0456126e-02	
   1.2160720e-02	
   4.1094077e-02	
   2.2720444e-02	
  -1.1486563e-02	
  -2.1793064e-02	
  -7.5388706e-03	
   3.7640531e-02	
   3.2302225e-02	
  -1.8531116e-02	
  -4.5700926e-02	
  -1.1643556e-02	
   4.5314143e-03	
  -1.0591793e-02	
  -1.2407143e-02	
   2.3191573e-03	
   2.5941745e-02	
   7.4183234e-03	
   2.5073014e-02	
   1.4937604e-02	
   1.5292687e-02	
   4.6605001e-02	
   1.3650613e-02	
  -7.4661042e-04	
   6.2229303e-03	
   1.0208924e-02	
   1.4155099e-02	
  -3.4754481e-03	
  -2.4864048e-02	
   2.2143599e-03	
   1.2707871e-02	
  -2.3662629e-02	
  -3.2326577e-02	
  -4.4898341e-02	
  -1.4129328e-03	
   3.8830902e-02	
  -1.5458109e-02	
  -3.8719247e-02	
  -1.7270981e-02	
  -1.0741729e-02	
   1.4269679e-02	
  -4.0971386e-02	
  -7.3886349e-02	
   7.0907698e-03	
  -5.5400252e-03	
  -3.4260642e-02	
  -3.5448703e-02	
  -4.1584761e-02	
  -3.0829125e-03	
   3.8982351e-02	
   2.7541721e-02	
   2.0469604e-02	
   1.0723279e-02	
  -1.2565268e-02	
   7.8750988e-03	
   2.8359570e-02	
   3.5738332e-04	
  -1.7154029e-02	
  -3.7546284e-02	
  -2.2355348e-02	
   2.3705279e-02	
   4.9748938e-02	
   2.7797578e-02	
   4.5560341e-02	
  -3.0960032e-02	
  -1.2040032e-01	
  -1.1374621e-02	
   6.6856808e-03	
  -3.5033083e-02	
  -4.1414729e-02	
  -7.3785598e-02	
   1.0171078e-02	
   6.0688473e-02	
   2.4274872e-02	
   2.9360273e-02	
   1.0349473e-02	
  -1.4335541e-02	
  -4.8094871e-02	
  -7.4141377e-02	
  -6.2898849e-03	
   3.6327481e-02	
   3.3648142e-02	
   3.5333193e-02	
   3.5145699e-02	
  -1.1191390e-02	
  -4.9926750e-02	
  -1.2583555e-02	
   3.3596199e-02	
   4.6970972e-02	
   2.1897355e-02	
   5.3332911e-02	
   6.0839250e-02	
   1.8390730e-02	
  -2.1728941e-02	
  -2.1492623e-02	
   6.7559147e-02	
   1.0437251e-01	
   6.2416373e-02	
   2.5771954e-02	
   5.6501978e-03	
   1.1174395e-03	
   3.0053471e-02	
   4.5701276e-02	
   4.4375292e-02	
  -7.9569600e-03	
  -7.0994601e-02	
  -4.8042473e-02	
   5.9065760e-03	
  -5.2611239e-04	
  -1.2593315e-02	
   2.2862106e-02	
  -2.0641332e-02	
  -4.4882159e-02	
  -8.3517250e-03	
   4.9394714e-03	
   4.3554346e-03	
  -1.6928735e-02	
  -5.5663294e-02	
  -5.7029695e-02	
   1.5576046e-02	
   7.2750741e-03	
  -8.4461197e-02	
  -1.1214605e-01	
  -1.0487039e-01	
  -8.8453076e-02	
  -3.2639018e-02	
  -3.0425176e-02	
  -1.0184619e-01	
  -1.3797499e-01	
  -1.5076057e-01	
  -1.7702009e-01	
  -1.3908166e-01	
  -7.1697329e-02	
  -5.2779714e-02	
  -5.7422507e-02	
  -8.2587462e-02	
  -8.0279719e-02	
   2.6773691e-02	
   1.4001083e-01	
   1.2671457e-01	
   9.6308931e-02	
   1.0061306e-01	
   1.1158352e-01	
   8.7978379e-02	
   6.8102852e-02	
   1.6088083e-01	
   2.0647116e-01	
   5.2774619e-02	
  -2.8975910e-02	
   8.6441441e-02	
   2.3820660e-01	
   6.9489171e-02	
  -6.0549795e-02	
   2.3324872e-02	
  -9.6815565e-02	
  -3.0698394e-01	
  -2.9781813e-01	
  -1.8026291e-01	
  -3.1298084e-03	
   2.6664063e-01	
   2.8782900e-01	
   2.2046773e-01	
   2.1516033e-01	
   2.0063815e-01	
   1.9124162e-01	
   3.8477927e-02	
  -1.6949216e-01	
  -9.4097272e-02	
   2.6336623e-02	
  -1.0773662e-02	
  -1.4555264e-01	
  -3.9463116e-01	
  -5.6488518e-01	
  -2.7688118e-01	
   2.8088270e-02	
   3.7786542e-02	
  -1.7797555e-01	
  -1.6442797e-01	
   1.0929484e-01	
   1.3215664e-01	
   1.4624202e-01	
   2.8516162e-01	
   3.6352602e-01	
   3.4599193e-01	
   4.2055179e-01	
   4.4733522e-01	
   3.9932367e-01	
   3.7234843e-01	
   7.0621861e-02	
  -4.7601035e-01	
  -3.8788361e-01	
  -1.3461007e-01	
  -3.6281587e-01	
  -5.4926567e-01	
  -2.7707851e-01	
   5.0115220e-03	
  -1.1729548e-01	
  -4.4901181e-02	
   1.4685882e-01	
   2.5161621e-01	
   2.6292588e-01	
   1.8833501e-01	
   1.3939126e-01	
   1.9888749e-01	
   3.4049489e-01	
   2.6437872e-01	
   2.2512990e-02	
  -1.6642595e-01	
  -3.0101699e-01	
  -8.6551878e-02	
   1.5205734e-01	
  -2.6190919e-02	
  -2.3301376e-01	
  -2.0991121e-01	
  -1.3311424e-01	
  -3.0088142e-01	
  -3.1566097e-01	
   1.1517072e-02	
   3.1749585e-01	
   3.7197884e-01	
   3.1354715e-01	
   1.4629290e-01	
   5.4294792e-02	
  -2.0499059e-02	
   1.4487776e-02	
   1.6770833e-01	
   2.2600725e-01	
   2.5975891e-02	
  -2.1700579e-01	
  -1.8010622e-01	
  -1.9672364e-01	
  -2.7052546e-01	
  -2.7186428e-01	
  -2.7967789e-01	
  -1.5823232e-01	
   1.1812829e-01	
   1.6802524e-01	
   2.2116856e-03	
  -1.5615997e-01	
  -1.9514885e-01	
  -1.7508937e-01	
   5.5085434e-02	
   1.3192729e-01	
   4.8960124e-02	
   1.2103093e-01	
   2.5380947e-01	
   2.9992059e-01	
   1.0463559e-01	
  -2.0248955e-01	
  -2.1407413e-01	
  -1.1537915e-01	
  -8.6319645e-02	
  -9.1473545e-02	
  -2.0275131e-01	
  -2.4012180e-01	
   1.1270618e-02	
   3.0656168e-01	
   1.4777651e-01	
   7.2108658e-02	
   1.9570174e-01	
   2.0046426e-01	
  -6.7269848e-02	
  -2.2487701e-01	
  -1.3806742e-01	
   6.8162642e-02	
   1.2727668e-01	
  -1.1806644e-02	
  -5.7218127e-02	
  -9.9094871e-02	
  -1.1218865e-01	
  -1.7404292e-01	
  -2.3301746e-01	
  -1.5957091e-01	
  -1.8495223e-01	
  -3.5288147e-01	
  -4.2514238e-01	
  -1.1533033e-01	
   1.1019670e-01	
   6.1671243e-02	
   1.3853119e-01	
   1.4540536e-01	
  -3.2296219e-02	
  -1.6915385e-02	
   1.8807345e-01	
   1.3514949e-01	
  -5.7923384e-02	
  -1.1460061e-01	
  -1.9529395e-01	
  -2.5937326e-01	
  -1.1979955e-01	
  -2.4619818e-03	
   2.3661139e-02	
   7.7707185e-02	
   4.7567153e-02	
   1.4192883e-01	
   3.6525653e-01	
   3.0593232e-01	
   1.4300655e-01	
   8.9571412e-02	
   6.8358892e-02	
   1.4751191e-01	
   3.5031029e-01	
   3.8918088e-01	
   9.7255874e-02	
  -1.1005981e-01	
  -3.0705295e-02	
   3.3506009e-02	
  -4.0993481e-02	
  -7.1331941e-02	
  -5.6120330e-02	
  -1.2316479e-02	
   1.3406259e-01	
   2.1611389e-01	
   2.8735193e-01	
   2.8213835e-01	
   3.2318093e-01	
   3.9353496e-01	
   4.3324953e-01	
   4.4130494e-01	
   3.4819413e-01	
   3.3727591e-01	
   2.9984964e-01	
   8.4020110e-02	
  -2.2009850e-01	
  -3.9333113e-01	
  -4.5136915e-01	
  -4.2097697e-01	
  -4.4160875e-01	
  -5.1870544e-01	
  -5.8631753e-01	
  -5.8742929e-01	
  -4.6141313e-01	
  -4.4613788e-01	
  -3.1976216e-01	
  -1.2655356e-01	
   3.2772702e-02	
   1.6546982e-01	
   2.0880295e-01	
   2.2904666e-01	
   3.0877606e-01	
   3.3633769e-01	
   4.3189892e-01	
   4.5983495e-01	
   1.5827029e-01	
  -2.3334916e-01	
  -4.4264077e-01	
  -3.9919530e-01	
  -3.7833315e-01	
  -4.7708477e-01	
  -5.2791618e-01	
  -2.6158344e-01	
   2.4431215e-02	
   9.6862439e-02	
   5.2188824e-02	
   1.8572451e-01	
   4.0487392e-01	
   5.0307931e-01	
   5.4259976e-01	
   4.7090356e-01	
   1.6941160e-01	
   3.3825981e-02	
   2.3369171e-01	
   3.2987289e-01	
   9.6188614e-02	
  -2.6737013e-01	
  -4.5387042e-01	
  -5.2858604e-01	
  -4.2050628e-01	
  -2.0782897e-01	
  -7.3803764e-02	
  -1.4689710e-01	
  -2.3141629e-01	
  -1.8273213e-01	
  -1.2914835e-01	
   1.5195931e-02	
   2.2461973e-01	
   3.5855585e-01	
   2.9871913e-01	
   2.1981110e-01	
   2.6196046e-01	
   4.0265623e-01	
   3.6787800e-01	
   9.4481176e-02	
  -4.8630563e-02	
  -2.4567423e-02	
  -2.7641546e-03	
  -6.1172740e-03	
   3.9981109e-02	
  -4.7795107e-04	
  -1.5125790e-01	
  -2.3052035e-01	
  -1.0202451e-01	
   2.7576307e-02	
   6.1906938e-02	
  -2.4451252e-02	
  -1.8261982e-01	
  -1.8738289e-01	
  -1.4424213e-01	
   7.2084190e-03	
   8.2562527e-02	
  -1.8513973e-03	
  -1.1131947e-01	
  -5.1097484e-02	
   6.3544589e-02	
   6.3497793e-02	
   7.0295062e-02	
   8.4024000e-02	
   3.4098347e-02	
  -8.4309098e-02	
  -1.5227094e-01	
  -4.7681130e-02	
   1.0031828e-01	
   1.3218131e-01	
   9.4711269e-02	
  -5.0388415e-03	
  -1.0249590e-01	
  -1.5439721e-01	
  -1.2203642e-01	
  -1.0651310e-01	
  -1.2029350e-01	
  -1.1616291e-01	
  -5.0801766e-02	
   6.1713527e-02	
   1.2290544e-01	
   4.7799659e-02	
  -5.4601207e-02	
  -5.8081084e-02	
  -6.0231126e-02	
  -1.9932625e-01	
  -3.5817397e-01	
  -2.6384442e-01	
  -2.2440356e-02	
   5.5444987e-02	
   6.2857071e-02	
   4.3431111e-02	
  -1.0174038e-02	
   5.1092777e-02	
   1.2245382e-01	
   1.3457996e-01	
   9.8366586e-02	
  -1.8314423e-02	
  -5.0767690e-02	
  -1.6978247e-03	
  -1.0605980e-02	
   8.2962458e-02	
   2.1864181e-01	
   2.4949663e-01	
   1.6453545e-01	
   5.1354068e-02	
  -1.2312698e-03	
  -2.5927072e-02	
  -7.0540871e-02	
  -1.0532299e-01	
  -8.6607155e-02	
  -3.3244123e-02	
  -1.2883552e-04	
  -2.2631954e-03	
  -3.1672610e-02	
   1.1373885e-02	
   9.2995663e-02	
   9.3666921e-02	
   7.6863638e-02	
   4.5962606e-02	
   3.1238237e-02	
   2.4151948e-02	
  -9.0622140e-03	
  -3.2396904e-02	
  -6.0584144e-02	
  -7.5277218e-02	
  -3.1350016e-02	
   1.9826774e-02	
   6.1881537e-02	
   7.3900625e-02	
   1.0648046e-01	
   1.2846266e-01	
   5.7939761e-02	
   1.1607569e-02	
  -1.6884833e-02	
  -4.9079741e-02	
  -6.0197594e-02	
  -6.3745274e-02	
  -6.1503467e-02	
  -6.1070744e-02	
   1.3420527e-02	
   3.9084697e-02	
   6.0149786e-02	
   1.0577980e-01	
   1.1239871e-01	
   5.3743423e-02	
  -7.5340586e-02	
  -1.9095882e-01	
  -1.5107601e-01	
   8.8273553e-02	
   1.9228321e-01	
   7.9400618e-02	
  -1.4671174e-01	
  -2.2179275e-01	
  -5.0832964e-02	
   7.4554573e-02	
   4.2745732e-02	
  -9.8360790e-02	
  -1.7365851e-01	
  -1.3395332e-01	
  -1.7420081e-02	
   1.2204513e-01	
   1.7272670e-01	
   1.8428583e-01	
   4.4751299e-02	
  -2.9447518e-02	
   1.8066813e-02	
   3.7406205e-02	
   1.0723536e-02	
  -6.4474688e-02	
  -3.6232522e-02	
   2.1535114e-02	
   4.4814317e-02	
   3.1570205e-02	
   3.3732501e-02	
   1.0764890e-01	
   1.3228599e-01	
   6.5774649e-02	
  -3.9593976e-02	
  -7.9205185e-02	
  -6.7480297e-02	
  -6.5151509e-02	
  -2.0343113e-02	
   1.5252472e-02	
  -1.5615927e-02	
  -1.2589720e-01	
  -1.9582641e-01	
  -1.7219015e-01	
  -1.4944715e-01	
  -1.2917177e-01	
  -8.1701514e-02	
  -2.9619670e-02	
  -2.6096396e-02	
   9.9979769e-04	
   6.9686471e-02	
   9.7358842e-02	
   7.6540301e-02	
   2.8566079e-02	
  -1.0128105e-02	
   5.5681343e-04	
   8.7562461e-02	
   1.1072025e-01	
   9.6928647e-02	
   1.0051912e-01	
   8.4001516e-02	
   4.1637432e-02	
   2.4159534e-03	
  -1.1927693e-02	
  -9.5271351e-03	
  -1.1245181e-02	
  -1.3931319e-02	
  -7.1581718e-03	
   1.2065948e-02	
   7.2651352e-03	
   1.9525684e-02	
   2.3442311e-02	
  -3.0448306e-02	
  -1.5620898e-02	
   4.6118167e-02	
   6.0692364e-02	
   2.0443284e-02	
   2.1554331e-02	
   3.4505545e-02	
   6.7153459e-03	
  -1.2183383e-02	
   1.7900481e-02	
   3.4942730e-02	
  -2.7105349e-02	
  -1.0431498e-01	
  -9.4348760e-02	
  -1.2894346e-02	
   9.6371482e-02	
   1.2651190e-01	
   8.6216054e-02	
  -3.2313409e-02	
  -1.5461357e-01	
  -1.6960454e-01	
  -7.5183392e-02	
   2.1301877e-02	
   4.5756164e-02	
   2.7088252e-02	
  -1.2823731e-02	
  -3.4126748e-02	
  -5.9294531e-02	
  -3.6642520e-02	
  -1.7081181e-02	
   1.6613381e-02	
   5.6438882e-02	
   1.2127285e-02	
  -4.7322472e-02	
  -9.3737875e-02	
  -1.2662327e-01	
  -8.1192858e-02	
   1.4177350e-02	
   7.7813304e-02	
   1.1567475e-01	
   8.6778431e-02	
  -3.1489437e-02	
  -1.1365903e-01	
  -9.8542219e-02	
  -3.6446476e-02	
  -3.5953967e-02	
  -6.8871088e-02	
  -2.9982895e-02	
   4.4504362e-02	
   9.2444605e-02	
   9.7301970e-02	
   4.0117998e-02	
  -2.3430248e-02	
  -1.8510654e-02	
   3.5645813e-02	
   5.3937612e-02	
   5.8262747e-02	
   4.8466716e-02	
   9.2730909e-03	
   7.8245211e-03	
   5.3930532e-02	
   2.7585040e-02	
  -5.4655317e-02	
  -7.9557813e-02	
  -3.2000112e-02	
   9.5709599e-03	
   9.1030863e-03	
  -7.3633032e-03	
   2.1750651e-03	
   5.7161060e-02	
   7.2116399e-02	
   4.3723172e-02	
   8.2313528e-03	
  -1.6008315e-02	
   1.7566956e-02	
   4.7821871e-02	
   2.3075068e-02	
  -1.5289622e-02	
  -1.7254476e-02	
   6.8576810e-02	
   1.3515311e-01	
   1.5385098e-01	
   9.9548834e-02	
  -5.4515977e-03	
  -4.5585937e-02	
  -4.4876402e-02	
  -2.4684170e-02	
  -4.2260804e-03	
  -2.8488244e-03	
  -1.4022178e-02	
  -2.6548472e-02	
  -2.5532917e-02	
  -9.4952099e-03	
   4.1181757e-02	
   3.9369290e-02	
   1.2130308e-02	
   7.6587954e-03	
  -1.0740049e-02	
  -5.4311052e-03	
   2.8557186e-02	
   1.9892165e-02	
  -1.4476907e-02	
  -8.5012721e-03	
  -5.3508778e-03	
  -2.0396554e-02	
  -4.0957888e-02	
  -4.8286259e-02	
  -4.8286259e-02	
  -6.6077718e-02	
  -7.1788044e-02	
  -3.2681318e-02	
   5.1798384e-03	
  -2.4002031e-02	
  -1.2053573e-01	
  -1.5293376e-01	
  -9.3376299e-02	
  -4.7889751e-02	
  -3.2982388e-02	
  -4.1170360e-03	
   6.2800316e-02	
   1.1096178e-01	
   7.8343200e-02	
   4.7703887e-02	
   5.8781946e-02	
   5.7353810e-02	
   2.0497351e-02	
  -8.5228772e-03	
  -2.3029212e-02	
  -3.4353407e-02	
  -3.9321248e-02	
  -3.4797913e-02	
   3.1820472e-03	
   1.1895461e-02	
   6.7931459e-03	
  -7.3518977e-03	
  -2.9516102e-02	
  -2.8095898e-02	
  -7.1808077e-04	
   3.7261820e-02	
   3.2540465e-02	
   7.4204240e-03	
  -6.7686156e-03	
  -1.0744129e-02	
  -1.3830712e-02	
  -3.4129852e-02	
  -5.5758793e-02	
  -3.9621751e-02	
  -8.5983588e-04	
   7.0084457e-03	
  -1.8853570e-02	
  -1.4270683e-02	
  -1.6139287e-02	
  -3.0609869e-02	
  -3.6315729e-02	
  -3.7819685e-02	
  -1.4568322e-02	
   2.7022251e-02	
   4.2905805e-02	
   2.2813224e-02	
  -2.4617612e-02	
  -9.6938644e-02	
  -1.2544025e-01	
  -9.4019666e-02	
  -3.0173540e-02	
  -7.9213120e-04	
   1.1020483e-02	
   4.2515560e-03	
  -5.9139553e-03	
   2.0538846e-02	
   8.3631421e-02	
   1.1307328e-01	
   8.2827086e-02	
   4.6144853e-02	
   2.5734314e-02	
   2.6202643e-02	
   1.5767605e-02	
  -2.3275228e-02	
  -6.1688087e-02	
  -3.7973060e-02	
  -1.1213948e-04	
   3.1126018e-02	
   7.4081821e-02	
   1.0434851e-01	
   1.0644382e-01	
   7.8090388e-02	
   3.5520135e-02	
  -1.7676071e-02	
  -2.2771052e-02	
   2.5461408e-02	
   2.8080292e-02	
   2.5152160e-02	
   1.5649571e-02	
  -1.7901780e-02	
  -4.5974121e-02	
  -6.4872830e-02	
  -6.9035208e-02	
  -6.0754720e-02	
  -3.6451910e-02	
  -2.4874002e-02	
   2.2021660e-03	
   2.9564140e-02	
   9.6501097e-03	
   1.1467261e-02	
   5.3668891e-02	
   5.5173115e-02	
   2.6382980e-02	
   1.4527221e-02	
   1.0702588e-02	
  -2.8772887e-02	
  -4.6069348e-02	
   6.7295211e-03	
   8.2935578e-02	
   9.2931050e-02	
   5.5947458e-02	
   1.4817387e-02	
  -1.5492660e-02	
  -9.1997489e-03	
  -6.8230133e-03	
  -2.2551501e-02	
  -3.4720954e-02	
  -3.0983718e-02	
   2.4997665e-02	
   1.1082544e-01	
   1.1650822e-01	
   8.1758892e-02	
   3.7744281e-02	
   1.5889471e-02	
   2.7610142e-02	
   3.5958787e-02	
   3.2046882e-02	
   1.8762905e-02	
  -1.3082673e-02	
  -5.6589814e-02	
  -6.2391554e-02	
  -2.9760624e-02	
   7.0489601e-03	
   1.1398062e-02	
  -1.1365277e-02	
  -1.8919964e-02	
  -6.2823850e-03	
  -2.9211803e-02	
  -7.1219559e-02	
  -6.8081380e-02	
  -3.1053555e-02	
   5.1407712e-04	
   2.7852521e-02	
   3.0209623e-02	
   1.2981731e-02	
  -6.5793593e-03	
  -4.3630862e-02	
  -7.8369107e-02	
  -9.0792328e-02	
  -8.6876304e-02	
  -9.0915641e-02	
  -8.3551910e-02	
  -3.3026236e-02	
   2.1836418e-02	
   2.9594276e-02	
   4.8870654e-03	
  -1.3182451e-02	
   9.6643510e-04	
   3.0145874e-02	
   4.7060870e-02	
   4.1724490e-02	
   2.1921333e-02	
   3.0742277e-03	
   1.5900772e-03	
   6.8474036e-03	
  -2.4491327e-03	
  -2.9293983e-03	
   9.8349236e-03	
   2.3162783e-02	
   2.3567616e-02	
   4.0024327e-03	
   3.1650028e-03	
   1.3683623e-02	
   2.5739368e-03	
  -1.1606795e-02	
  -2.5974102e-02	
  -3.4028681e-02	
  -4.5995671e-02	
  -4.7555289e-02	
  -2.7724446e-02	
   5.0934687e-03	
   2.5809520e-02	
   3.3531298e-02	
   2.1846427e-02	
   1.6899914e-03	
   8.9825624e-03	
   1.8041108e-02	
   1.6727797e-02	
   1.2660767e-02	
   2.9750020e-02	
   3.2198487e-02	
  -4.0483580e-04	
  -1.0586748e-02	
  -3.5600646e-03	
  -7.1112195e-03	
  -9.3369064e-03	
  -1.3399747e-02	
  -6.6268601e-03	
   3.1261647e-03	
  -1.7228106e-02	
  -5.6521078e-02	
  -6.0418196e-02	
  -2.5954333e-02	
  -8.1432015e-04	
   3.4467606e-02	
   5.4326651e-02	
   2.2398056e-02	
  -2.4291194e-02	
  -2.6569245e-02	
  -2.3355408e-02	
  -3.6794312e-02	
  -2.9565116e-02	
  -9.7975874e-03	
  -8.6550555e-03	
  -1.0004154e-02	
   5.5775481e-03	
  -1.2340609e-02	
  -2.2776102e-02	
   1.2196115e-02	
   3.6304693e-02	
   2.9337291e-02	
   1.2117226e-02	
   3.4396613e-03	
   9.7524673e-03	
   1.7283546e-02	
  -1.8332018e-03	
  -2.3715980e-02	
  -2.1565798e-02	
  -6.0596786e-03	
   6.3715244e-03	
   1.6499077e-03	
  -1.6423634e-02	
  -2.7664762e-02	
   9.4180829e-03	
   2.2310041e-02	
   9.2761913e-04	
   1.0306423e-03	
   2.0623547e-02	
   2.9801309e-02	
   1.5904810e-03	
  -2.3347165e-02	
  -1.8165526e-02	
   1.5735287e-02	
   3.3673898e-02	
   1.7814714e-02	
  -5.5119588e-03	
   1.5783543e-03	
   1.5307228e-02	
   2.3088827e-03	
  -1.9895008e-02	
  -3.3377997e-02	
  -3.1231452e-02	
  -3.1786851e-02	
  -2.6934426e-02	
  -2.8731711e-02	
  -3.9036267e-02	
  -4.0135814e-02	
   2.5160656e-04	
   5.2488276e-02	
   5.8655093e-02	
   2.4917360e-02	
  -1.9168916e-02	
  -3.8976672e-02	
  -3.6159989e-02	
  -1.3015897e-02	
   1.8792294e-03	
   5.5421141e-04	
   2.5571156e-02	
   5.7765839e-02	
   7.0220763e-02	
   5.0393783e-02	
   1.1342812e-02	
  -9.4128469e-03	
  -2.7200475e-02	
  -3.7651862e-02	
  -2.7264275e-02	
  -9.2663068e-03	
   7.0373445e-03	
   6.1748382e-04	
  -1.0778136e-02	
   3.6051248e-03	
   2.2547362e-02	
   1.9230433e-02	
   2.5616778e-03	
   2.8988615e-03	
   1.3088107e-02	
   1.8785926e-02	
   2.2892603e-02	
   2.7562677e-02	
   2.9792596e-02	
   1.4449152e-02	
  -1.3864007e-03	
   1.3718890e-02	
   3.1871637e-02	
   1.5425184e-02	
  -7.1912679e-03	
  -2.1900004e-02	
  -1.3655180e-02	
   7.5805130e-03	
   3.7040483e-03	
   9.3422201e-03	
   2.8816159e-02	
   3.1292148e-02	
   1.8035853e-02	
  -5.2947801e-04	
  -2.5486910e-02	
  -4.1532985e-02	
  -2.4916010e-02	
  -1.0354110e-02	
  -8.0370279e-03	
   5.0923951e-03	
   8.2111637e-03	
  -2.8947225e-03	
  -3.5553783e-04	
   2.0316781e-02	
   1.6523705e-02	
   1.0837734e-02	
   2.0757219e-02	
   8.9610273e-03	
   5.0724783e-03	
   1.3583308e-02	
   2.0316571e-02	
   2.2939427e-02	
   1.7682162e-02	
   1.9162062e-02	
   2.3284603e-02	
   1.7531347e-02	
   5.0963357e-03	
  -1.8235783e-03	
  -7.3825042e-03	
  -9.7276335e-03	
  -4.7916903e-03	
  -4.6964865e-03	
  -1.1533220e-03	
   1.0884504e-03	
   4.1786808e-04	
   1.0162722e-02	
   1.4574336e-03	
  -2.0782193e-02	
  -1.1707959e-02	
   9.8571161e-03	
   3.9054628e-03	
  -1.4691686e-02	
  -2.2647222e-02	
  -2.1619593e-02	
  -1.9504849e-02	
  -7.1570554e-03	
   1.2627197e-03	
   1.7308835e-03	
  -6.6411364e-03	
  -1.2402440e-02	
  -9.6130302e-03	
  -1.2342919e-02	
  -2.6238171e-02	
  -4.2681002e-02	
  -3.5896274e-02	
  -2.3000835e-02	
  -2.5353888e-02	
  -1.8862734e-02	
   3.3607682e-03	
   1.8799670e-02	
   3.1202985e-02	
   3.3115757e-02	
   2.2013922e-02	
   3.0080530e-03	
   2.1588792e-03	
  -3.0151818e-03	
  -1.9005443e-02	
  -1.7081134e-02	
  -5.3722806e-03	
   4.5353004e-03	
   1.2796178e-02	
   2.8496829e-02	
   2.1358846e-02	
   1.5169090e-02	
   6.6105999e-03	
  -7.4582387e-04	
   6.6539850e-03	
   1.6141049e-02	
   1.8478227e-02	
   5.6899925e-03	
  -5.5706200e-03	
  -1.5589346e-02	
  -1.7894751e-02	
  -8.7412346e-03	
   2.2930772e-03	
   4.1580210e-03	
   1.2337964e-03	
   2.5946996e-03	
   1.1621321e-02	
   2.2187595e-02	
   2.3513124e-02	
  -5.9903510e-04	
  -2.2414219e-02	
  -1.4181361e-02	
  -5.8964892e-03	
  -8.6342673e-03	
  -1.0094472e-02	
   3.9237224e-04	
   1.7176871e-03	
  -1.5133520e-02	
  -3.1357932e-02	
  -3.3754744e-02	
  -2.1696662e-02	
  -1.6931256e-02	
  -2.0668967e-02	
  -1.1864477e-02	
   3.5901102e-03	
   3.1672571e-04	
  -2.2188634e-02	
  -3.3100267e-02	
  -2.4347343e-02	
  -2.9743469e-02	
  -4.0881216e-02	
  -4.0341712e-02	
  -1.6499427e-02	
   4.6332078e-03	
   1.2953537e-02	
   3.0451679e-02	
   4.1696521e-02	
   2.8900417e-02	
   7.1648432e-03	
  -1.3819404e-03	
  -1.2074735e-03	
   1.5135850e-02	
   1.8230757e-02	
   7.2399318e-03	
  -2.0765396e-04	
  -4.5207363e-03	
   9.9048658e-04	
  -1.5646864e-03	
  -1.0555682e-02	
  -1.4896463e-02	
  -1.4083189e-02	
  -3.2035578e-03	
   1.3619898e-02	
   1.6397509e-02	
   1.1449624e-02	
   2.2980047e-02	
   3.3356007e-02	
   2.4884871e-02	
   1.1144379e-02	
  -3.0921711e-03	
  -7.9726639e-03	
  -4.1874877e-03	
   9.6282946e-03	
   1.8528218e-02	
   1.9905643e-03	
  -1.8515264e-02	
  -1.6785692e-02	
  -5.0688100e-03	
  -5.9256954e-03	
  -1.0278321e-02	
  -4.7672845e-03	
   1.1103884e-02	
   2.0079215e-02	
   1.6635484e-02	
   4.9145171e-03	
   1.2782583e-02	
   2.7475350e-02	
   3.6478191e-02	
   4.0799215e-02	
   3.6208462e-02	
   2.8919688e-02	
   1.6016250e-02	
   3.8152105e-03	
  -2.8904205e-03	
  -8.8816908e-03	
  -1.8769553e-02	
  -1.7761919e-02	
  -4.4937241e-03	
  -6.4972803e-03	
  -1.7864961e-02	
  -2.8212976e-02	
  -2.1828957e-02	
   5.6559200e-03	
   2.5197401e-02	
   2.1801163e-02	
   8.6716814e-04	
  -9.7467568e-03	
  -8.1954131e-03	
  -2.6127753e-03	
  -9.0526174e-03	
  -8.3702025e-03	
  -5.8307988e-03	
  -7.8346312e-03	
  -6.9459101e-03	
  -1.2165349e-03	
   1.0567947e-02	
  -7.2025062e-04	
  -1.0913714e-02	
  -4.9938420e-03	
  -4.2282627e-04	
  -8.6400751e-03	
  -1.5552154e-02	
  -1.2826326e-02	
  -5.4262660e-03	
   2.7197040e-03	
  -2.8748407e-03	
  -4.3231826e-03	
  -9.9416574e-03	
  -8.0967627e-03	
   3.4218097e-03	
   1.2325578e-02	
   2.0074738e-02	
   1.9420090e-02	
   1.2083717e-02	
   5.3980791e-03	
   8.6285996e-04	
  -6.4538290e-03	
  -3.0058361e-03	
   8.7587746e-03	
   1.8468619e-03	
  -1.5591828e-02	
  -1.2013036e-02	
   6.0642494e-03	
   2.6201021e-02	
   1.3968698e-02	
  -2.8161460e-02	
  -3.7283794e-02	
  -1.5857659e-02	
  -1.1735157e-02	
  -1.0715526e-02	
   1.8584701e-03	
   2.1164821e-03	
  -2.1563320e-02	
  -3.1792464e-02	
  -2.0190765e-02	
   7.4609305e-03	
   1.5968069e-02	
  -1.0683679e-02	
  -1.9655038e-02	
  -1.9348732e-03	
   2.0646416e-03	
   7.3159736e-04	
   1.0782185e-02	
   1.6309342e-02	
   2.1499112e-02	
   2.0916009e-02	
   1.3028244e-02	
   4.2950501e-03	
  -5.9300794e-03	
   1.0806031e-02	
   3.6481774e-02	
   2.0535287e-02	
  -9.2589080e-03	
  -1.6151187e-02	
  -6.4381601e-03	
   8.2306760e-03	
   1.9443690e-02	
   1.9733768e-03	
   5.1476565e-03	
   9.7466790e-03	
   3.4775001e-03	
   3.7855617e-04	
  -1.1488983e-03	
   1.0564248e-02	
   7.4137176e-03	
   7.7866169e-03	
   2.2665960e-02	
   3.6283574e-02	
   2.6015013e-02	
   9.1438534e-03	
   3.7516304e-03	
   6.4497328e-03	
   6.3585707e-03	
  -4.3039271e-04	
  -1.0135722e-02	
  -2.4527030e-02	
  -2.5538951e-02	
  -7.8544313e-03	
   6.6323061e-03	
   7.8900987e-03	
  -3.4340161e-03	
  -1.5638971e-02	
  -1.2401269e-02	
   1.7264368e-04	
   4.7316715e-03	
   5.2198315e-04	
   1.0723298e-02	
   1.9452455e-02	
   1.4179233e-02	
   5.5174360e-03	
   1.6885969e-03	
  -1.2468337e-02	
  -2.7367504e-02	
  -3.1839389e-02	
  -2.8097824e-02	
  -1.5845261e-02	
   6.1297686e-04	
   1.7833429e-02	
   2.2364773e-02	
   1.6111590e-02	
   2.5853434e-03	
   1.2124951e-03	
   4.1051559e-03	
   3.1887559e-03	
   8.5412924e-03	
   5.7717136e-03	
  -1.3782892e-03	
  -1.9853090e-03	
  -7.9924212e-03	
  -7.9248597e-03	
  -1.8371925e-02	
  -2.3677026e-02	
  -2.1038443e-02	
  -1.2138624e-02	
  -8.4365970e-03	
  -1.7463354e-02	
  -2.9362953e-02	
  -3.1835052e-02	
  -2.3819972e-02	
  -2.2546242e-02	
  -1.1130994e-02	
  -8.7939090e-03	
  -1.3023561e-02	
  -1.2416370e-02	
  -3.2070413e-03	
   3.7207729e-03	
   2.0463571e-03	
  -9.2934979e-03	
  -9.2182341e-03	
  -5.8893511e-03	
  -1.0119030e-02	
  -8.2975839e-03	
  -8.8211780e-03	
  -8.3133268e-03	
  -4.3416757e-03	
  -5.0280273e-03	
  -9.1386292e-03	
  -1.1753355e-02	
  -9.6108402e-03	
   2.7170849e-03	
   1.0224173e-02	
   1.5207893e-02	
   1.7783201e-02	
   1.0022235e-02	
   2.6185360e-03	
  -3.3964699e-03	
  -5.1424127e-03	
   1.5558658e-05	
   4.8403815e-03	
   1.5669963e-03	
  -2.4799940e-03	
  -1.6029966e-02	
  -1.3736878e-02	
   3.7610041e-03	
   5.6221625e-03	
  -1.5435143e-03	
  -2.0791929e-03	
  -4.5272170e-03	
  -9.4432162e-03	
  -3.0311919e-03	
   2.0515156e-03	
   6.5391406e-03	
   2.1150198e-03	
   5.2060415e-03	
   1.7581493e-02	
   2.2664206e-02	
   2.9786496e-02	
   2.6858427e-02	
   1.3395861e-02	
   1.5480730e-03	
  -8.2864197e-04	
   4.8847664e-03	
   8.2097205e-03	
   3.3930066e-03	
   2.7741305e-03	
   6.8688998e-03	
   7.0553980e-03	
   1.0574977e-02	
   1.1836827e-02	
   6.1986761e-03	
   6.8572181e-03	
   2.1240524e-02	
   2.7505801e-02	
   2.9065143e-02	
   2.6101293e-02	
   2.2050232e-02	
   2.0149776e-02	
   1.0750042e-02	
   2.4967856e-05	
  -7.7956728e-03	
  -8.8829901e-03	
  -6.3198613e-03	
  -9.7717695e-03	
  -1.2231697e-02	
  -9.1088629e-03	
  -5.7599230e-03	
  -2.4427166e-03	
  -7.4896154e-03	
  -1.4111815e-02	
  -1.1976964e-02	
  -1.0865910e-02	
  -6.2870141e-03	
  -4.0450710e-03	
  -2.6840249e-03	
  -8.4691641e-04	
  -2.3229244e-03	
  -1.9261514e-03	
  -9.1673257e-03	
  -1.0865602e-02	
  -1.4345390e-02	
  -1.4885163e-02	
  -2.8074717e-03	
   4.5327486e-03	
   1.4974656e-03	
   1.1885467e-02	
   2.3384432e-02	
   2.2920386e-02	
   1.4227099e-02	
   4.1174444e-03	
  -6.1112678e-03	
  -7.8452898e-03	
  -8.4617964e-04	
   1.5187097e-03	
  -2.0715464e-05	
  -7.1429969e-03	
  -1.3182152e-02	
  -1.4162335e-02	
  -1.2111153e-02	
  -1.1373302e-02	
  -2.8740989e-03	
   1.2882505e-03	
   1.1798880e-02	
   1.2862102e-02	
   1.6107821e-02	
   1.9369640e-02	
   1.5671888e-02	
   1.7148287e-02	
   1.2621268e-02	
   6.7529700e-03	
  -5.4442145e-03	
  -9.2651475e-03	
  -9.1778326e-03	
  -9.6975327e-03	
   1.4599291e-03	
   1.1923021e-02	
   1.1649290e-02	
   3.6819278e-03	
   1.1186831e-03	
   6.6695956e-03	
   1.1415077e-02	
   1.3783877e-02	
   4.2970263e-03	
  -9.7409762e-03	
  -1.0983014e-02	
  -8.8761009e-03	
  -8.9672552e-03	
  -9.1378473e-03	
  -7.1580590e-03	
   6.0695242e-04	
   1.9999330e-03	
   8.3009644e-03	
   1.2241130e-02	
   5.1387873e-03	
   1.1946645e-03	
  -6.8915629e-03	
  -7.5462343e-03	
  -7.6917904e-04	
   2.0599437e-03	
   2.4130024e-03	
  -2.5586339e-03	
  -8.8990985e-03	
  -3.6893157e-03	
   2.6659002e-04	
   9.9279413e-04	
   2.2506505e-03	
   1.9014055e-03	
   7.0298680e-04	
  -8.5232856e-04	
   2.2744472e-03	
   3.2030136e-03	
   1.7824933e-03	
   2.9212542e-03	
   9.7716255e-04	
   1.6200457e-03	
   2.6079466e-03	
   3.8538989e-03	
   7.9249959e-03	
   3.4890056e-03	
   2.1281027e-03	
   1.9655096e-03	
   4.7271630e-03	
   5.7429704e-03	
   2.1361488e-03	
   5.3658349e-03	
   1.2131008e-02	
   1.6848808e-02	
   4.4732977e-03	
  -6.1842909e-03	
  -6.8744897e-03	
  -8.3526858e-04	
   3.6722534e-03	
  -1.8851313e-04	
  -4.8030375e-03	
  -7.3662907e-03	
  -5.9775063e-03	
  -1.1127633e-02	
  -1.1718855e-02	
  -9.4414501e-03	
  -8.6638625e-03	
  -6.0371672e-03	
  -7.4019465e-03	
   1.5676863e-04	
   2.3510647e-03	
  -7.1993669e-03	
  -8.8500379e-03	
  -5.0013574e-03	
  -2.8866247e-03	
  -9.9850154e-03	
  -1.7400810e-02	
  -1.5758102e-02	
  -6.7234410e-03	
   4.9806860e-04	
   1.7440776e-03	
   1.3394620e-03	
  -2.7632592e-03	
  -3.2275489e-03	
   2.9582863e-03	
   2.0775518e-03	
   5.1605090e-03	
   7.2475757e-03	
   3.2480819e-03	
  -7.4570600e-03	
  -1.2599438e-02	
  -4.6718394e-03	
  -3.5488369e-03	
  -2.1720317e-03	
   9.2234856e-03	
   1.2286833e-02	
   6.4225417e-03	
   1.2524816e-03	
  -5.1913061e-03	
  -6.2547504e-03	
  -3.7192648e-03	
  -3.6875916e-03	
  -3.7273844e-03	
  -5.6398776e-03	
  -5.6557060e-03	
  -1.0079702e-02	
  -7.9927247e-03	
  -4.6240158e-03	
  -3.9653260e-03	
  -1.3861980e-03	
  -1.6411210e-04	
  -6.3578899e-03	
  -1.1107374e-02	
  -6.2627755e-03	
  -2.7752213e-03	
  -3.6799326e-03	
  -4.4179547e-03	
  -1.8982438e-03	
  -2.7749665e-03	
  -1.7433377e-03	
  -2.2832055e-03	
  -2.9221559e-03	
  -2.8110980e-03	
   3.1646784e-03	
   1.0985352e-02	
   1.7135306e-02	
   1.5397324e-02	
   1.0608205e-02	
   9.1203967e-03	
   4.9662113e-03	
  -1.3584872e-03	
  -1.1642264e-03	
   6.0055298e-03	
   8.4455557e-03	
   9.4255011e-03	
   8.3463607e-03	
   6.8267283e-03	
   7.4338094e-03	
   6.5171660e-03	
   3.6365591e-03	
  -1.3469615e-03	
  -5.1878051e-03	
  -1.0163520e-02	
  -7.1362789e-03	
   5.1004007e-03	
   8.4850392e-03	
   8.2944953e-03	
   8.9927231e-03	
   9.4529762e-03	
   3.3822414e-03	
   1.0134426e-03	
   7.1476455e-03	
   4.2353309e-03	
  -1.2442955e-03	
  -4.2639729e-03	
  -3.9585496e-03	
  -4.5853025e-03	
  -6.0057593e-03	
  -1.1961423e-02	
  -1.4203226e-02	
  -1.1640063e-02	
  -1.0937929e-02	
  -1.1215889e-02	
  -1.2069013e-02	
  -8.5179252e-03	
  -5.1652159e-03	
  -1.7928232e-03	
   1.2543818e-03	
   5.5276744e-03	
   1.1550896e-02	
   2.0149056e-02	
   1.9081796e-02	
   2.0553877e-02	
   1.4494852e-02	
   1.1249094e-02	
   4.9243004e-03	
  -8.2907220e-04	
   2.8189009e-04	
  -1.9838595e-03	
   2.0512172e-03	
   8.5186993e-03	
   1.0780334e-02	
   1.0962806e-02	
   8.0384866e-03	
   4.0269941e-03	
   7.4145656e-04	
  -1.6870074e-03	
   2.0562863e-04	
   3.5345913e-03	
   8.0140574e-03	
   4.7921688e-03	
  -4.2425546e-03	
  -1.5590544e-02	
  -1.4828921e-02	
  -8.3377249e-03	
  -1.1674754e-02	
  -1.0020395e-02	
  -6.0606706e-03	
  -8.7429967e-03	
  -6.2235060e-03	
  -3.7159085e-03	
  -3.8271613e-03	
  -2.3236728e-03	
   2.2668166e-03	
   5.0898705e-04	
  -6.7442136e-03	
  -1.8651562e-02	
  -1.8901638e-02	
  -1.5715616e-02	
  -1.6068917e-02	
  -9.0381738e-03	
  -4.2650466e-03	
  -6.9014046e-04	
  -5.8641322e-03	
  -5.4357537e-03	
  -5.7492761e-03	
  -4.9598900e-03	
   1.4916170e-03	
   6.4590182e-03	
   1.3779566e-02	
   9.5974819e-03	
   5.6652910e-03	
  -6.1976491e-04	
  -4.1988932e-03	
  -3.9690215e-03	
   1.0260147e-03	
   5.7869974e-03	
   1.0215591e-03	
  -1.1961058e-02	
  -9.4773626e-03	
   3.5844261e-03	
   5.7507037e-03	
   1.9575242e-03	
  -4.7599324e-03	
  -2.5779466e-03	
   2.7108974e-03	
   4.1748063e-03	
   4.5316166e-03	
   3.5315489e-03	
   2.6346484e-03	
   5.2452254e-03	
   6.0146246e-03	
   1.1962088e-02	
   8.8829589e-03	
   7.7440797e-03	
   6.6805187e-03	
   5.5969903e-03	
  -8.5237408e-05	
  -1.8016224e-05	
   7.1200537e-03	
   8.8896420e-03	
   9.0244888e-03	
   4.0129512e-03	
   5.3021284e-03	
   4.4250967e-03	
   7.9443525e-03	
   3.4209135e-03	
  -3.3087601e-03	
  -7.1102704e-03	
  -6.5789197e-03	
  -6.7735053e-03	
  -5.9763043e-03	
  -7.8811128e-03	
  -1.3091173e-02	
  -7.5206381e-03	
  -5.6440866e-03	
  -3.6049595e-03	
  -1.7880436e-03	
  -2.0026790e-03	
  -3.4590693e-03	
  -2.0031127e-03	
  -2.3763500e-03	
  -6.5745357e-03	
  -3.9440632e-03	
  -2.8086111e-05	
   5.8757322e-03	
   7.6768605e-03	
   5.5418768e-03	
   2.3198217e-03	
  -4.3067007e-03	
  -3.1207097e-03	
   3.6678409e-03	
   8.2582016e-03	
   9.1983485e-03	
   7.0675232e-03	
  -4.6576682e-03	
  -4.1503071e-03	
   4.6302242e-03	
   4.5346897e-03	
   1.3275275e-02	
   1.6937111e-02	
   1.5778373e-02	
   8.5211345e-03	
   4.9774728e-03	
   6.4015279e-03	
   4.9847549e-03	
   2.2785877e-03	
  -6.0223735e-03	
  -8.1219154e-03	
  -3.6268209e-03	
   1.4517881e-03	
   2.0545350e-03	
   1.8931183e-04	
  -2.5409888e-05	
   1.1486948e-03	
   3.9055483e-04	
  -5.0219200e-03	
  -9.2045764e-03	
  -5.1011710e-03	
   1.2160354e-03	
   6.5486049e-03	
   5.2930763e-03	
   1.6957288e-03	
   1.6628058e-03	
   1.8554829e-03	
   1.0773398e-03	
  -3.5414478e-03	
  -2.7670243e-03	
  -2.5774428e-03	
  -4.1002117e-03	
  -1.4823110e-03	
  -4.2838508e-04	
   2.3718190e-03	
  -1.2101619e-03	
  -4.6585473e-03	
  -3.0565056e-03	
  -2.6379825e-03	
  -5.1167543e-03	
  -4.3661127e-03	
   1.1582494e-03	
  -2.0035931e-03	
  -3.1450444e-03	
  -2.3535873e-03	
  -2.2271627e-03	
  -5.8190860e-03	
  -7.7435507e-03	
  -4.2088789e-03	
  -2.7255904e-03	
  -3.8414349e-03	
  -4.8153610e-03	
  -5.1925276e-03	
  -4.9918581e-03	
  -3.2287362e-03	
   1.6460730e-03	
   3.1609611e-03	
   2.2397885e-03	
   2.7582944e-03	
   2.1716232e-03	
  -1.8102609e-03	
  -2.5868757e-03	
  -1.3278986e-03	
  -3.4826660e-03	
  -1.9081738e-03	
  -3.9630270e-03	
  -4.6453719e-03	
  -5.1912672e-03	
  -3.7210289e-03	
  -1.6015819e-03	
   4.0906190e-03	
   6.3667085e-03	
  -3.7480107e-04	
  -8.7568023e-03	
  -1.1685498e-02	
  -4.5169746e-03	
  -1.5742698e-05	
   8.3175202e-04	
  -2.6282820e-03	
  -5.3351350e-03	
  -1.4074078e-03	
   1.1427972e-03	
  -2.2458176e-03	
  -8.5225815e-03	
  -6.3453524e-03	
   2.8018507e-03	
   5.3558298e-03	
   3.4948036e-03	
   2.6308451e-03	
   1.5385868e-03	
   3.4907413e-03	
   3.9784430e-03	
   4.6535214e-03	
   6.1563451e-03	
   8.0006992e-03	
   8.3891662e-03	
   7.7470789e-03	
   8.3679035e-03	
   8.0887415e-03	
   6.7815265e-03	
   5.0222273e-03	
   5.3082979e-03	
   4.8326559e-03	
   3.4369912e-03	
   1.4991733e-03	
   2.8848022e-03	
   4.2649843e-03	
   3.5199976e-03	
   1.8768877e-03	
   8.1713846e-04	
   8.7627501e-04	
   1.4093027e-03	
   6.5770408e-04	
  -3.9011215e-04	
   5.7894403e-04	
   1.3353767e-03	
   1.4841828e-03	
  -1.8025182e-04	
  -2.0321959e-03	
  -1.4418036e-03	
  -5.0259383e-04	
  -1.0574121e-04	
  -3.6570905e-04	
  -1.0643410e-03	
  -1.8618267e-03	
  -2.6035222e-03	
  -2.0438931e-03	
  -1.7895081e-03	
  -1.1158842e-03	
  -5.8543061e-04	
   3.2632451e-04	
   4.4494053e-04	
  -7.5520538e-04	
  -2.2010982e-03	
  -2.2607921e-03	
  -1.2036368e-03	
  -8.6345746e-04	
   1.8130267e-04	
   6.0142590e-04	
   3.3768538e-04	
  -3.2171350e-04	
  -4.3645372e-04	
  -2.1489336e-04	
  -7.1253402e-05	
  -1.2030012e-04	
  -3.0193001e-04	
  -3.6231561e-04	
  -1.4159351e-04	
   2.1969347e-04	
   1.1545882e-04	
   1.5241533e-06	
   4.0015263e-05	
  -3.3181859e-05	
  -7.0188709e-05	
  -1.4647258e-04	
  -3.1150544e-04	
  -2.4529811e-04	
  -3.8302220e-04	
  -5.4856702e-04	
  -5.1521261e-04	
  -4.9656978e-04	
  -3.8792313e-04	
  -4.0100921e-04	
  -3.6562806e-04	
  -3.1217417e-04	
  -3.7618852e-04	
  -4.1304098e-04	
  -3.5841561e-04	
  -3.0392119e-04	
  -2.7855948e-04	
  -2.2439928e-04	
  -2.2079994e-04	
  -2.0329152e-04	
  -1.9190210e-04	
  -2.0004481e-04	
  -1.9869132e-04	
  -2.1776932e-04	
  -2.3253747e-04	
  -2.2682337e-04	
  -2.0287424e-04	
  -1.9236385e-04	
  -1.9179497e-04	
  -1.8661322e-04	
  -1.7688526e-04	
  -1.5994280e-04	
  -1.4677729e-04	
  -1.3608364e-04	
  -1.3661692e-04	
  -1.3767881e-04	
  -1.3455300e-04	
  -1.2908934e-04	
  -1.2002579e-04	
  -1.1228003e-04	
  -1.0335928e-04	
  -9.4889704e-05	
  -8.8971613e-05	
  -8.2192199e-05	
  -7.5790543e-05	
  -6.9920844e-05	
  -6.4673389e-05	
  -5.9388008e-05	
  -5.3830015e-05	
  -4.8531212e-05	
  -4.3445348e-05	
  -3.8589473e-05	
  -3.3964815e-05	
  -2.9576180e-05	
  -2.5462081e-05	
  -2.1575060e-05	
  -1.7905810e-05	
  -1.4460223e-05	
  -1.1230811e-05	
  -8.2077522e-06	
  -5.3807997e-06	
  -2.7398067e-06	
  -2.7539341e-07	
   2.0206796e-06	
   4.1566401e-06	
   6.1406684e-06	
   7.9809107e-06	
